#!ascii label  , from subject FREESURFER vox2ras=TkReg 
1045
50672  25.821  -7.144  7.557 0.0000000000
50675  25.952  -7.122  6.505 0.0000000000
50682  27.082  -7.674  5.954 0.0000000000
50683  25.992  -6.953  5.372 0.0000000000
50693  27.816  -7.545  4.729 0.0000000000
50694  26.719  -7.142  4.441 0.0000000000
50695  25.881  -6.686  4.468 0.0000000000
50711  27.619  -7.187  3.716 0.0000000000
50712  26.860  -6.933  3.319 0.0000000000
50726  27.582  -6.926  2.799 0.0000000000
50727  26.971  -6.801  2.628 0.0000000000
50738  27.847  -6.821  2.169 0.0000000000
51658  25.571  -6.460  8.960 0.0000000000
51663  25.516  -6.446  8.075 0.0000000000
51668  25.496  -6.403  7.090 0.0000000000
51670  25.407  -6.340  6.021 0.0000000000
51672  25.371  -6.238  4.955 0.0000000000
51687  26.123  -6.667  3.655 0.0000000000
51688  25.463  -6.160  3.972 0.0000000000
51709  26.409  -6.591  2.799 0.0000000000
51710  25.723  -6.141  3.020 0.0000000000
51723  27.343  -6.745  2.232 0.0000000000
51724  26.834  -6.558  2.090 0.0000000000
51725  26.187  -6.146  2.170 0.0000000000
51736  27.573  -6.586  1.526 0.0000000000
51737  26.717  -6.124  1.320 0.0000000000
51738  26.132  -5.694  1.618 0.0000000000
51747  28.381  -6.434  0.749 0.0000000000
51748  27.431  -6.108  0.479 0.0000000000
51749  26.778  -5.724  0.602 0.0000000000
51763  29.171  -6.176  0.034 0.0000000000
51764  28.225  -6.022  -0.259 0.0000000000
51765  27.525  -5.686  -0.273 0.0000000000
51780  28.885  -5.935  -0.662 0.0000000000
51781  28.448  -5.677  -0.972 0.0000000000
52664  25.608  -5.756  9.405 0.0000000000
52669  25.492  -5.677  8.626 0.0000000000
52673  25.414  -5.612  7.697 0.0000000000
52675  25.272  -5.513  6.681 0.0000000000
52677  25.077  -5.365  5.526 0.0000000000
52678  24.935  -4.902  4.863 0.0000000000
52690  25.064  -5.447  4.421 0.0000000000
52691  24.877  -4.800  4.298 0.0000000000
52714  25.155  -5.335  3.407 0.0000000000
52715  24.927  -5.074  3.928 0.0000000000
52738  25.579  -5.425  2.286 0.0000000000
52753  26.360  -5.497  1.000 0.0000000000
52754  25.899  -5.144  1.339 0.0000000000
52765  26.997  -5.522  0.014 0.0000000000
52766  26.460  -5.102  0.321 0.0000000000
52767  26.158  -5.077  0.814 0.0000000000
52783  29.360  -5.953  -0.621 0.0000000000
52784  27.824  -5.482  -0.842 0.0000000000
52785  27.153  -5.077  -0.642 0.0000000000
52786  26.762  -5.077  -0.189 0.0000000000
52794  30.410  -5.514  -1.603 0.0000000000
52795  29.237  -5.695  -1.400 0.0000000000
52796  28.058  -5.151  -1.639 0.0000000000
52797  27.550  -5.057  -1.144 0.0000000000
52811  31.583  -5.102  -2.728 0.0000000000
52812  30.741  -5.338  -2.629 0.0000000000
52813  29.815  -5.357  -2.461 0.0000000000
52814  28.892  -5.082  -2.441 0.0000000000
52840  31.937  -4.915  -3.465 0.0000000000
52841  31.146  -5.143  -3.527 0.0000000000
52842  30.200  -5.144  -3.499 0.0000000000
52843  29.451  -5.018  -3.133 0.0000000000
52858  32.363  -4.718  -4.060 0.0000000000
52859  31.640  -4.867  -4.282 0.0000000000
52860  30.763  -4.923  -4.460 0.0000000000
52861  30.020  -4.837  -4.319 0.0000000000
52866  32.837  -4.615  -4.476 0.0000000000
52867  32.248  -4.737  -4.949 0.0000000000
52868  31.406  -4.785  -5.219 0.0000000000
52869  30.745  -4.696  -5.278 0.0000000000
52875  31.955  -4.719  -5.614 0.0000000000
52876  31.557  -4.651  -5.933 0.0000000000
53678  25.739  -5.290  9.711 0.0000000000
53682  25.918  -4.495  9.529 0.0000000000
53683  25.717  -4.868  9.225 0.0000000000
53689  25.585  -4.830  8.300 0.0000000000
53693  25.459  -4.667  7.355 0.0000000000
53695  25.227  -4.517  6.325 0.0000000000
53697  25.051  -4.317  5.329 0.0000000000
53698  24.921  -4.458  4.697 0.0000000000
53706  24.991  -3.982  4.719 0.0000000000
53707  24.875  -4.227  4.242 0.0000000000
53726  24.965  -4.888  3.270 0.0000000000
53727  24.877  -4.576  3.607 0.0000000000
53752  25.049  -4.671  2.824 0.0000000000
53753  24.869  -4.111  3.095 0.0000000000
53775  25.406  -4.526  1.769 0.0000000000
53797  26.289  -4.710  0.184 0.0000000000
53798  25.935  -4.507  0.613 0.0000000000
53819  26.953  -4.660  -0.796 0.0000000000
53820  26.507  -4.475  -0.348 0.0000000000
53821  25.991  -4.091  0.065 0.0000000000
53828  27.748  -4.560  -1.879 0.0000000000
53829  27.225  -4.384  -1.346 0.0000000000
53830  26.661  -4.031  -0.915 0.0000000000
53836  28.090  -4.397  -2.463 0.0000000000
53837  27.665  -4.258  -2.011 0.0000000000
53856  29.539  -4.717  -3.837 0.0000000000
53857  28.880  -4.457  -3.353 0.0000000000
53874  30.214  -4.590  -5.004 0.0000000000
53875  29.545  -4.277  -4.625 0.0000000000
53876  29.215  -4.297  -4.036 0.0000000000
53885  33.121  -4.468  -5.341 0.0000000000
53886  32.375  -4.627  -5.563 0.0000000000
53887  30.970  -4.602  -5.899 0.0000000000
53888  30.407  -4.410  -5.728 0.0000000000
53889  29.896  -4.163  -5.511 0.0000000000
53898  32.211  -4.550  -6.302 0.0000000000
53899  31.296  -4.462  -6.527 0.0000000000
53900  30.554  -4.190  -6.512 0.0000000000
53901  30.124  -4.141  -6.064 0.0000000000
53911  31.610  -4.209  -7.313 0.0000000000
53912  31.009  -4.234  -7.001 0.0000000000
54707  26.148  -3.854  9.227 0.0000000000
54708  25.790  -4.329  8.729 0.0000000000
54714  26.261  -3.315  8.480 0.0000000000
54715  25.864  -3.808  8.080 0.0000000000
54718  25.626  -3.679  6.946 0.0000000000
54720  25.430  -3.538  5.963 0.0000000000
54723  25.294  -3.437  5.078 0.0000000000
54729  25.086  -3.501  4.177 0.0000000000
54730  24.853  -4.040  3.898 0.0000000000
54742  25.109  -3.317  3.347 0.0000000000
54743  24.889  -3.876  3.537 0.0000000000
54757  25.107  -3.640  2.498 0.0000000000
54758  24.943  -3.737  3.110 0.0000000000
54774  25.443  -3.592  1.249 0.0000000000
54797  25.777  -3.620  0.377 0.0000000000
54818  26.385  -3.713  -0.649 0.0000000000
54819  26.072  -3.666  -0.193 0.0000000000
54833  27.102  -3.609  -1.667 0.0000000000
54834  26.687  -3.489  -1.166 0.0000000000
54840  27.935  -3.971  -2.671 0.0000000000
54841  27.600  -3.699  -2.343 0.0000000000
54850  28.201  -3.796  -3.162 0.0000000000
54851  27.840  -3.234  -3.157 0.0000000000
54866  29.278  -3.940  -4.715 0.0000000000
54867  28.897  -3.746  -4.336 0.0000000000
54877  29.412  -3.823  -5.164 0.0000000000
54878  29.049  -3.262  -5.405 0.0000000000
54887  30.356  -3.879  -6.786 0.0000000000
54888  29.829  -3.640  -6.347 0.0000000000
54889  29.149  -3.185  -5.947 0.0000000000
54898  31.399  -3.890  -7.639 0.0000000000
54899  30.807  -3.724  -7.387 0.0000000000
54900  30.123  -3.120  -7.218 0.0000000000
54909  31.853  -3.704  -8.175 0.0000000000
54910  31.268  -3.036  -8.418 0.0000000000
54921  31.493  -2.588  -9.083 0.0000000000
55751  26.978  -2.987  9.588 0.0000000000
55758  27.539  -2.384  8.976 0.0000000000
55759  26.814  -2.666  8.488 0.0000000000
55760  26.282  -2.993  8.036 0.0000000000
55764  26.682  -2.486  7.552 0.0000000000
55765  26.094  -2.952  7.365 0.0000000000
55769  26.519  -2.370  6.890 0.0000000000
55770  25.991  -2.698  6.422 0.0000000000
55774  25.725  -2.682  5.525 0.0000000000
55777  25.509  -2.610  4.692 0.0000000000
55784  25.362  -2.568  3.837 0.0000000000
55789  25.352  -2.577  2.925 0.0000000000
55793  25.478  -2.596  1.865 0.0000000000
55807  26.165  -2.133  0.260 0.0000000000
55808  25.784  -2.655  0.663 0.0000000000
55824  26.234  -2.875  -0.433 0.0000000000
55825  25.898  -3.193  0.069 0.0000000000
55841  26.957  -2.899  -1.750 0.0000000000
55842  26.583  -2.919  -1.120 0.0000000000
55853  27.522  -2.814  -2.781 0.0000000000
55859  28.218  -3.150  -3.823 0.0000000000
55860  27.892  -2.738  -3.573 0.0000000000
55873  28.480  -2.748  -4.645 0.0000000000
55874  28.157  -2.736  -4.021 0.0000000000
55885  28.899  -2.597  -5.585 0.0000000000
55894  29.579  -2.707  -6.701 0.0000000000
55895  29.199  -2.466  -6.112 0.0000000000
55902  30.639  -2.855  -7.892 0.0000000000
55903  30.096  -2.564  -7.456 0.0000000000
55912  31.045  -2.408  -8.768 0.0000000000
55913  30.503  -2.417  -8.094 0.0000000000
55924  31.459  -2.243  -9.632 0.0000000000
55938  31.497  -1.868  -10.252 0.0000000000
56823  28.247  -2.062  8.878 0.0000000000
56830  29.690  -1.627  8.748 0.0000000000
56831  29.039  -1.707  8.164 0.0000000000
56832  27.957  -2.055  8.038 0.0000000000
56833  27.321  -2.158  7.578 0.0000000000
56835  28.597  -1.529  7.383 0.0000000000
56836  27.967  -1.712  7.003 0.0000000000
56837  27.189  -1.913  6.768 0.0000000000
56839  26.638  -1.790  6.233 0.0000000000
56840  26.170  -2.074  5.784 0.0000000000
56842  26.344  -1.371  5.644 0.0000000000
56843  25.913  -1.754  5.119 0.0000000000
56847  25.665  -1.768  4.341 0.0000000000
56854  25.598  -1.711  3.495 0.0000000000
56858  25.674  -1.690  2.535 0.0000000000
56861  26.272  -1.251  1.196 0.0000000000
56862  26.002  -1.547  1.466 0.0000000000
56865  26.308  -1.492  0.747 0.0000000000
56866  26.064  -1.939  0.777 0.0000000000
56873  26.723  -1.798  -0.906 0.0000000000
56874  26.531  -1.854  -0.387 0.0000000000
56884  26.795  -2.069  -1.328 0.0000000000
56885  26.598  -2.490  -1.019 0.0000000000
56897  27.206  -2.280  -2.293 0.0000000000
56906  28.024  -1.952  -4.104 0.0000000000
56907  27.776  -2.211  -3.519 0.0000000000
56915  28.261  -2.064  -4.478 0.0000000000
56916  28.090  -2.451  -4.052 0.0000000000
56927  28.676  -2.178  -5.275 0.0000000000
56937  29.300  -2.145  -6.298 0.0000000000
56938  29.005  -2.205  -5.815 0.0000000000
56946  29.719  -2.230  -7.012 0.0000000000
56956  30.715  -2.178  -8.578 0.0000000000
56957  30.111  -2.252  -7.700 0.0000000000
56967  31.190  -1.862  -9.783 0.0000000000
56968  30.190  -1.282  -8.893 0.0000000000
56980  31.415  -1.406  -10.677 0.0000000000
57834  32.509  0.055  8.298 0.0000000000
57835  32.111  -0.196  8.276 0.0000000000
57836  31.338  -0.610  8.186 0.0000000000
57837  30.248  -1.148  7.957 0.0000000000
57838  29.227  -0.905  7.350 0.0000000000
57840  28.425  -0.764  6.910 0.0000000000
57841  27.541  -0.710  6.494 0.0000000000
57842  27.043  -1.256  6.372 0.0000000000
57844  27.210  -0.117  6.184 0.0000000000
57845  26.813  -0.639  5.940 0.0000000000
57847  26.224  -0.676  5.011 0.0000000000
57848  25.878  -1.235  4.675 0.0000000000
57853  26.128  -0.314  4.459 0.0000000000
57854  25.854  -0.846  4.130 0.0000000000
57860  26.169  -0.250  2.944 0.0000000000
57861  25.865  -0.934  3.178 0.0000000000
57865  26.383  -0.284  2.175 0.0000000000
57866  26.021  -0.905  2.343 0.0000000000
57869  26.434  -0.749  1.380 0.0000000000
57870  26.203  -0.855  1.829 0.0000000000
57872  27.143  -0.107  0.103 0.0000000000
57873  26.553  -1.111  0.546 0.0000000000
57876  26.840  -1.615  -1.035 0.0000000000
57877  26.650  -1.488  -0.283 0.0000000000
57885  27.021  -1.941  -1.796 0.0000000000
57896  28.339  -0.286  -3.016 0.0000000000
57897  27.326  -2.072  -2.533 0.0000000000
57906  28.147  -1.876  -4.264 0.0000000000
57907  28.164  -0.748  -3.120 0.0000000000
57912  28.376  -1.844  -4.655 0.0000000000
57923  29.278  -0.307  -5.556 0.0000000000
57924  28.667  -1.901  -5.238 0.0000000000
57939  29.118  -1.924  -5.984 0.0000000000
57940  28.940  -1.974  -5.740 0.0000000000
57961  29.558  -1.765  -6.775 0.0000000000
57982  29.767  -2.050  -7.185 0.0000000000
58000  30.405  -0.524  -9.558 0.0000000000
58001  30.187  -0.593  -8.884 0.0000000000
58013  31.301  -1.189  -10.769 0.0000000000
58022  31.542  -0.841  -11.384 0.0000000000
58822  33.137  0.615  8.491 0.0000000000
58823  32.781  0.386  8.342 0.0000000000
58824  32.282  0.404  8.133 0.0000000000
58825  31.617  0.291  7.951 0.0000000000
58826  30.727  0.155  7.778 0.0000000000
58827  29.725  0.120  7.550 0.0000000000
58829  28.783  0.196  7.253 0.0000000000
58830  28.015  0.308  6.846 0.0000000000
58832  27.450  0.446  6.357 0.0000000000
58833  27.059  0.377  5.895 0.0000000000
58835  26.684  0.267  5.361 0.0000000000
58840  26.340  0.316  4.565 0.0000000000
58841  26.060  -0.118  4.098 0.0000000000
58846  26.258  0.389  3.631 0.0000000000
58847  26.023  -0.330  3.608 0.0000000000
58850  26.520  0.478  2.727 0.0000000000
58852  27.247  0.890  1.715 0.0000000000
58853  26.913  0.540  1.888 0.0000000000
58855  27.242  0.748  1.509 0.0000000000
58856  26.784  -0.122  1.305 0.0000000000
58860  28.080  1.002  -0.758 0.0000000000
58861  27.755  0.678  -0.414 0.0000000000
58868  28.210  0.881  -1.183 0.0000000000
58869  27.897  0.116  -1.390 0.0000000000
58880  29.124  0.838  -3.159 0.0000000000
58881  28.522  0.522  -2.306 0.0000000000
58882  28.006  -0.152  -1.983 0.0000000000
58893  29.900  1.168  -4.298 0.0000000000
58894  29.349  0.685  -3.907 0.0000000000
58895  28.764  0.094  -3.504 0.0000000000
58902  30.046  0.976  -5.123 0.0000000000
58903  29.528  0.514  -4.675 0.0000000000
58904  29.090  0.060  -4.381 0.0000000000
58911  30.144  0.796  -6.046 0.0000000000
58912  29.543  0.133  -5.495 0.0000000000
58913  29.279  0.046  -4.917 0.0000000000
58924  30.253  0.744  -6.992 0.0000000000
58925  29.799  0.098  -6.502 0.0000000000
58937  30.337  0.744  -7.908 0.0000000000
58938  29.981  0.068  -7.445 0.0000000000
58946  30.390  0.675  -8.735 0.0000000000
58947  30.136  0.073  -8.312 0.0000000000
58958  30.455  0.285  -9.540 0.0000000000
58959  30.248  0.125  -8.890 0.0000000000
58972  31.396  -0.763  -11.217 0.0000000000
58979  31.569  -0.467  -11.636 0.0000000000
58990  31.670  -0.334  -11.894 0.0000000000
59754  33.198  1.265  8.609 0.0000000000
59755  32.276  1.537  8.727 0.0000000000
59756  31.412  1.717  8.754 0.0000000000
59757  30.634  1.931  8.674 0.0000000000
59758  30.176  2.153  8.633 0.0000000000
59769  32.961  0.807  8.320 0.0000000000
59770  32.610  0.937  8.231 0.0000000000
59771  31.913  1.053  8.143 0.0000000000
59772  31.075  1.130  8.101 0.0000000000
59773  30.029  1.436  8.165 0.0000000000
59774  29.050  1.239  7.735 0.0000000000
59779  28.292  1.260  7.274 0.0000000000
59780  27.691  1.331  6.725 0.0000000000
59782  27.188  1.380  5.935 0.0000000000
59783  26.904  0.847  5.591 0.0000000000
59785  26.978  1.840  5.485 0.0000000000
59786  26.705  1.285  5.121 0.0000000000
59791  26.498  1.204  4.147 0.0000000000
59797  26.648  1.171  3.292 0.0000000000
59800  27.421  1.767  2.350 0.0000000000
59801  26.940  1.184  2.535 0.0000000000
59803  27.517  1.407  1.833 0.0000000000
59804  27.217  1.208  2.124 0.0000000000
59807  28.130  1.870  0.057 0.0000000000
59808  27.657  1.494  1.626 0.0000000000
59812  28.286  1.463  -0.667 0.0000000000
59813  27.969  1.332  -0.163 0.0000000000
59815  29.209  1.791  -2.035 0.0000000000
59816  28.760  1.508  -1.547 0.0000000000
59826  29.297  1.444  -2.632 0.0000000000
59827  28.939  1.320  -2.124 0.0000000000
59839  30.159  1.633  -4.033 0.0000000000
59840  29.734  1.417  -3.518 0.0000000000
59854  30.882  2.091  -4.947 0.0000000000
59855  30.544  1.801  -4.686 0.0000000000
59870  30.930  2.048  -5.349 0.0000000000
59871  30.570  1.482  -5.645 0.0000000000
59880  31.007  1.982  -6.202 0.0000000000
59881  30.625  1.378  -6.570 0.0000000000
59893  31.026  1.965  -7.102 0.0000000000
59894  30.660  1.376  -7.484 0.0000000000
59903  30.990  1.963  -7.900 0.0000000000
59904  30.706  1.471  -8.438 0.0000000000
59912  30.644  1.250  -9.240 0.0000000000
59924  30.730  1.231  -10.081 0.0000000000
59933  30.892  1.312  -10.974 0.0000000000
59941  31.793  -0.176  -12.172 0.0000000000
60791  33.121  2.822  9.892 0.0000000000
60792  32.298  2.823  9.950 0.0000000000
60815  33.692  2.137  9.247 0.0000000000
60816  32.724  2.125  9.327 0.0000000000
60817  31.731  2.381  9.493 0.0000000000
60818  30.931  2.479  9.287 0.0000000000
60819  30.309  2.660  9.021 0.0000000000
60834  29.802  2.538  8.622 0.0000000000
60835  29.199  2.293  8.188 0.0000000000
60843  28.513  2.197  7.696 0.0000000000
60844  27.909  2.180  7.180 0.0000000000
60846  27.517  2.279  6.510 0.0000000000
60848  27.212  2.482  5.691 0.0000000000
60849  26.905  2.128  5.131 0.0000000000
60854  27.239  2.847  4.750 0.0000000000
60855  26.857  1.995  4.443 0.0000000000
60861  27.332  2.566  3.680 0.0000000000
60862  26.850  1.774  3.725 0.0000000000
60864  27.690  2.593  2.708 0.0000000000
60865  27.117  1.851  3.030 0.0000000000
60868  28.650  3.278  1.715 0.0000000000
60869  27.989  2.460  2.041 0.0000000000
60874  28.859  3.483  1.440 0.0000000000
60875  28.172  2.374  1.679 0.0000000000
60880  29.105  2.899  -0.724 0.0000000000
60881  28.583  2.342  -0.340 0.0000000000
60884  30.150  3.017  -2.101 0.0000000000
60885  29.371  2.461  -1.553 0.0000000000
60886  28.820  2.127  -0.967 0.0000000000
60894  30.320  2.593  -2.898 0.0000000000
60895  29.703  2.215  -2.358 0.0000000000
60909  30.414  2.152  -3.752 0.0000000000
60910  29.892  1.970  -3.011 0.0000000000
60927  31.086  2.465  -4.872 0.0000000000
60928  30.760  2.258  -4.348 0.0000000000
60944  31.339  2.555  -5.827 0.0000000000
60952  31.406  2.570  -6.759 0.0000000000
60962  31.366  2.589  -7.700 0.0000000000
60971  31.160  2.415  -8.767 0.0000000000
60972  30.837  1.787  -9.009 0.0000000000
60980  31.196  2.711  -9.877 0.0000000000
60981  30.903  1.926  -9.579 0.0000000000
60994  31.198  2.840  -10.880 0.0000000000
60995  30.971  2.033  -10.468 0.0000000000
61002  31.243  2.738  -11.828 0.0000000000
61003  31.076  2.069  -11.346 0.0000000000
61008  31.427  2.123  -12.556 0.0000000000
61009  31.188  2.077  -11.928 0.0000000000
61825  32.529  3.624  10.297 0.0000000000
61826  31.525  3.519  10.014 0.0000000000
61827  30.984  4.010  9.893 0.0000000000
61851  31.167  2.952  9.669 0.0000000000
61852  30.652  3.489  9.558 0.0000000000
61853  29.948  3.450  8.962 0.0000000000
61874  29.372  3.281  8.448 0.0000000000
61875  28.777  3.148  7.946 0.0000000000
61884  28.236  3.018  7.400 0.0000000000
61885  27.811  2.877  6.923 0.0000000000
61890  28.138  3.478  6.914 0.0000000000
61891  27.686  3.269  6.310 0.0000000000
61893  27.546  3.406  5.445 0.0000000000
61898  27.692  3.620  4.755 0.0000000000
61904  27.753  3.478  4.017 0.0000000000
61908  27.984  3.413  3.104 0.0000000000
61911  28.892  3.892  1.795 0.0000000000
61912  28.449  3.520  2.254 0.0000000000
61915  29.721  4.512  0.979 0.0000000000
61916  29.318  4.303  1.393 0.0000000000
61918  29.696  4.709  1.140 0.0000000000
61919  29.259  4.127  1.250 0.0000000000
61922  31.691  4.223  -2.269 0.0000000000
61923  31.462  4.165  -2.220 0.0000000000
61924  30.784  3.886  -1.985 0.0000000000
61925  29.860  3.709  -1.177 0.0000000000
61928  31.711  4.221  -2.498 0.0000000000
61929  31.377  3.853  -2.625 0.0000000000
61930  30.841  3.291  -2.734 0.0000000000
61941  31.809  4.188  -3.116 0.0000000000
61942  31.417  3.571  -3.378 0.0000000000
61943  30.908  2.907  -3.530 0.0000000000
61957  31.947  4.071  -4.001 0.0000000000
61958  31.457  3.234  -4.332 0.0000000000
61959  30.937  2.606  -4.156 0.0000000000
61974  32.079  3.903  -4.992 0.0000000000
61975  31.677  3.177  -5.401 0.0000000000
61983  32.171  3.803  -5.966 0.0000000000
61984  31.785  3.176  -6.372 0.0000000000
61995  32.187  3.804  -6.884 0.0000000000
61996  31.790  3.231  -7.305 0.0000000000
62006  32.131  3.890  -7.695 0.0000000000
62007  31.749  3.427  -8.321 0.0000000000
62015  31.546  3.376  -9.285 0.0000000000
62028  31.459  3.612  -10.261 0.0000000000
62034  31.344  3.838  -11.456 0.0000000000
62812  31.961  4.536  10.347 0.0000000000
62813  31.257  4.517  9.971 0.0000000000
62830  30.738  4.503  9.650 0.0000000000
62831  30.217  4.386  9.200 0.0000000000
62850  29.659  4.316  8.578 0.0000000000
62851  29.125  3.909  8.084 0.0000000000
62856  29.321  4.655  7.913 0.0000000000
62857  28.720  4.073  7.364 0.0000000000
62862  28.363  4.144  6.473 0.0000000000
62863  27.963  3.912  5.839 0.0000000000
62865  28.495  4.556  5.675 0.0000000000
62866  28.049  4.086  5.165 0.0000000000
62871  28.704  4.768  4.847 0.0000000000
62872  28.232  4.157  4.375 0.0000000000
62879  29.048  4.798  3.994 0.0000000000
62880  28.426  4.136  3.515 0.0000000000
62885  29.243  4.782  3.089 0.0000000000
62886  28.638  4.074  2.689 0.0000000000
62889  29.214  4.580  2.133 0.0000000000
62890  28.759  4.021  2.314 0.0000000000
62893  30.061  4.853  1.181 0.0000000000
62894  29.733  5.270  1.465 0.0000000000
62897  30.124  4.955  -0.930 0.0000000000
62898  29.793  5.618  0.920 0.0000000000
62901  31.662  4.458  -2.279 0.0000000000
62902  31.211  4.608  -1.944 0.0000000000
62903  30.410  4.728  -1.291 0.0000000000
62904  30.026  4.356  -1.010 0.0000000000
62907  31.893  4.713  -2.746 0.0000000000
62910  32.212  4.899  -3.584 0.0000000000
62920  32.814  5.122  -5.357 0.0000000000
62921  32.480  4.774  -4.631 0.0000000000
62934  32.874  5.036  -6.100 0.0000000000
62935  32.543  4.479  -5.589 0.0000000000
62940  32.860  4.990  -6.911 0.0000000000
62941  32.568  4.399  -6.480 0.0000000000
62951  32.773  5.059  -7.669 0.0000000000
62952  32.509  4.438  -7.372 0.0000000000
62964  32.717  5.240  -8.107 0.0000000000
62965  32.289  4.630  -8.487 0.0000000000
62966  31.867  3.898  -8.918 0.0000000000
62974  32.027  5.006  -9.600 0.0000000000
62975  31.821  4.197  -9.523 0.0000000000
62987  31.892  5.259  -10.087 0.0000000000
62988  31.642  4.745  -10.506 0.0000000000
62998  31.351  4.840  -11.497 0.0000000000
63806  31.474  5.480  9.956 0.0000000000
63807  30.996  5.014  9.732 0.0000000000
63823  31.211  6.006  9.564 0.0000000000
63824  30.632  5.523  9.227 0.0000000000
63825  30.073  4.939  8.851 0.0000000000
63845  30.428  5.980  8.580 0.0000000000
63846  29.973  5.469  8.263 0.0000000000
63852  29.464  5.362  7.081 0.0000000000
63853  28.799  4.689  6.825 0.0000000000
63855  29.702  5.858  6.006 0.0000000000
63856  28.924  5.049  6.268 0.0000000000
63858  30.103  5.947  5.123 0.0000000000
63859  29.208  5.327  5.405 0.0000000000
63863  30.203  6.123  4.317 0.0000000000
63864  29.538  5.492  4.534 0.0000000000
63871  30.191  6.145  3.995 0.0000000000
63872  29.926  5.749  3.640 0.0000000000
63878  29.963  5.628  2.673 0.0000000000
63882  30.224  6.248  1.659 0.0000000000
63883  29.992  5.741  2.014 0.0000000000
63885  29.952  5.968  1.323 0.0000000000
63886  30.030  5.872  1.624 0.0000000000
63888  29.975  6.302  0.636 0.0000000000
63889  29.910  6.146  0.908 0.0000000000
63891  31.615  5.069  -2.299 0.0000000000
63892  31.059  5.502  -1.839 0.0000000000
63893  30.555  5.487  -1.371 0.0000000000
63896  31.967  5.641  -2.918 0.0000000000
63897  31.547  5.619  -2.316 0.0000000000
63899  32.421  5.684  -3.657 0.0000000000
63906  32.837  5.724  -4.801 0.0000000000
63907  32.584  5.393  -4.140 0.0000000000
63919  33.033  5.733  -5.720 0.0000000000
63924  33.072  5.650  -6.561 0.0000000000
63932  33.011  5.515  -7.231 0.0000000000
63945  32.915  5.685  -7.777 0.0000000000
63946  32.656  5.671  -8.377 0.0000000000
63954  32.318  5.645  -9.080 0.0000000000
63963  32.037  5.703  -9.779 0.0000000000
63964  31.753  5.707  -10.357 0.0000000000
63972  31.385  5.687  -11.153 0.0000000000
64795  31.569  6.456  9.817 0.0000000000
64796  31.128  6.572  9.312 0.0000000000
64815  30.712  6.645  8.663 0.0000000000
64816  30.384  6.304  8.189 0.0000000000
64823  30.547  6.945  8.007 0.0000000000
64824  30.284  6.490  7.430 0.0000000000
64826  30.154  6.538  6.448 0.0000000000
64829  30.170  6.674  5.595 0.0000000000
64833  30.351  6.691  4.736 0.0000000000
64838  30.359  6.634  3.973 0.0000000000
64839  30.293  6.379  3.623 0.0000000000
64844  30.305  6.705  3.454 0.0000000000
64845  30.314  6.466  3.064 0.0000000000
64849  30.348  6.467  1.648 0.0000000000
64850  30.383  6.484  2.152 0.0000000000
64852  30.251  6.482  1.414 0.0000000000
64854  30.211  6.374  0.689 0.0000000000
64855  30.051  6.481  0.854 0.0000000000
64857  31.005  6.016  -1.871 0.0000000000
64858  30.010  6.513  0.596 0.0000000000
64859  30.166  6.703  0.576 0.0000000000
64862  31.901  6.368  -2.968 0.0000000000
64863  31.326  6.292  -2.354 0.0000000000
64864  30.775  6.986  -2.187 0.0000000000
64866  32.656  6.883  -4.073 0.0000000000
64867  32.358  6.569  -3.653 0.0000000000
64874  32.790  6.637  -4.440 0.0000000000
64875  32.667  5.991  -4.112 0.0000000000
64887  33.039  6.522  -5.342 0.0000000000
64895  33.141  6.435  -6.240 0.0000000000
64903  33.080  6.282  -7.162 0.0000000000
64914  32.863  6.415  -7.966 0.0000000000
64915  32.523  6.481  -8.671 0.0000000000
64922  32.157  6.483  -9.408 0.0000000000
64923  31.895  6.828  -9.826 0.0000000000
64930  31.901  6.269  -9.994 0.0000000000
64931  31.541  6.740  -10.487 0.0000000000
65776  31.078  7.483  9.043 0.0000000000
65793  30.759  7.730  8.332 0.0000000000
65803  30.426  7.608  7.528 0.0000000000
65804  30.106  7.524  6.738 0.0000000000
65807  29.429  7.612  5.981 0.0000000000
65808  28.781  8.162  5.780 0.0000000000
65811  29.728  7.350  5.076 0.0000000000
65812  28.839  7.957  5.312 0.0000000000
65815  29.966  7.278  4.244 0.0000000000
65816  29.028  7.824  4.490 0.0000000000
65819  30.098  7.134  3.523 0.0000000000
65820  29.292  7.691  3.627 0.0000000000
65823  30.087  6.995  3.080 0.0000000000
65824  29.751  7.309  2.768 0.0000000000
65826  30.359  6.826  1.539 0.0000000000
65827  29.943  7.463  1.834 0.0000000000
65829  30.218  7.022  1.062 0.0000000000
65830  30.028  7.463  1.321 0.0000000000
65833  30.146  6.827  0.721 0.0000000000
65836  30.322  7.288  -1.876 0.0000000000
65837  29.949  7.800  -1.647 0.0000000000
65840  31.718  6.969  -3.071 0.0000000000
65841  31.127  7.283  -2.708 0.0000000000
65842  30.562  7.847  -2.519 0.0000000000
65843  30.192  7.848  -2.094 0.0000000000
65845  32.554  7.424  -4.269 0.0000000000
65846  31.988  7.533  -3.651 0.0000000000
65847  31.372  7.761  -3.213 0.0000000000
65848  30.959  7.873  -2.929 0.0000000000
65855  32.900  7.337  -5.070 0.0000000000
65865  33.067  7.245  -5.927 0.0000000000
65874  33.094  7.135  -6.760 0.0000000000
65883  32.970  7.105  -7.496 0.0000000000
65895  32.681  7.223  -8.145 0.0000000000
65896  32.217  7.456  -8.897 0.0000000000
65897  31.933  8.084  -9.099 0.0000000000
65907  32.024  7.091  -9.469 0.0000000000
65908  31.759  7.643  -9.687 0.0000000000
65915  31.367  7.745  -10.368 0.0000000000
66738  30.417  8.564  7.822 0.0000000000
66739  30.068  8.419  7.083 0.0000000000
66748  29.459  8.376  6.544 0.0000000000
66749  28.824  8.527  6.121 0.0000000000
66755  28.535  8.667  5.552 0.0000000000
66759  28.480  8.653  4.776 0.0000000000
66762  28.544  8.557  3.871 0.0000000000
66765  28.773  8.428  2.952 0.0000000000
66768  29.073  8.347  2.058 0.0000000000
66770  29.835  7.743  1.033 0.0000000000
66771  29.451  8.259  1.325 0.0000000000
66774  29.826  7.768  0.781 0.0000000000
66775  29.559  8.242  0.963 0.0000000000
66777  29.606  8.543  -1.394 0.0000000000
66779  30.403  8.429  -2.743 0.0000000000
66780  30.080  8.523  -2.282 0.0000000000
66782  32.446  8.121  -4.486 0.0000000000
66783  32.115  8.169  -4.150 0.0000000000
66784  31.555  8.296  -3.703 0.0000000000
66785  30.823  8.646  -3.239 0.0000000000
66786  30.333  8.776  -2.823 0.0000000000
66793  32.643  8.085  -4.932 0.0000000000
66794  32.210  8.767  -4.767 0.0000000000
66795  31.692  8.860  -4.207 0.0000000000
66796  31.288  8.845  -3.812 0.0000000000
66803  32.846  8.019  -5.702 0.0000000000
66804  32.506  8.746  -5.517 0.0000000000
66813  32.934  7.882  -6.526 0.0000000000
66814  32.632  8.657  -6.363 0.0000000000
66823  32.947  7.678  -7.152 0.0000000000
66824  32.659  8.337  -7.239 0.0000000000
66825  32.308  8.788  -7.779 0.0000000000
66838  32.790  7.716  -7.641 0.0000000000
66839  32.472  8.043  -8.054 0.0000000000
66840  32.055  8.592  -8.542 0.0000000000
66852  31.702  8.671  -9.258 0.0000000000
66859  31.324  8.629  -9.994 0.0000000000
67665  30.151  9.347  7.314 0.0000000000
67678  29.716  9.132  6.824 0.0000000000
67679  29.195  9.271  6.414 0.0000000000
67691  28.701  9.399  5.896 0.0000000000
67704  28.539  9.545  5.131 0.0000000000
67715  28.332  9.671  4.185 0.0000000000
67716  28.158  10.233  3.501 0.0000000000
67721  28.296  9.428  3.265 0.0000000000
67722  28.035  10.271  2.840 0.0000000000
67725  28.327  9.493  2.309 0.0000000000
67726  27.961  10.454  2.210 0.0000000000
67728  28.687  9.320  1.486 0.0000000000
67731  29.112  9.102  -0.569 0.0000000000
67732  28.998  9.093  0.947 0.0000000000
67734  29.259  9.356  -1.007 0.0000000000
67735  29.088  10.127  -0.837 0.0000000000
67737  29.686  9.483  -1.946 0.0000000000
67739  30.657  9.562  -3.508 0.0000000000
67740  30.229  9.583  -2.906 0.0000000000
67744  32.071  9.221  -4.938 0.0000000000
67745  31.797  9.490  -4.801 0.0000000000
67746  31.145  9.627  -4.093 0.0000000000
67752  32.125  9.407  -5.332 0.0000000000
67753  31.828  10.051  -5.368 0.0000000000
67760  32.296  9.434  -6.144 0.0000000000
67767  32.293  9.343  -7.086 0.0000000000
67768  32.018  9.511  -7.964 0.0000000000
67779  31.732  9.549  -8.745 0.0000000000
67791  31.403  9.582  -9.465 0.0000000000
68588  29.820  10.311  6.777 0.0000000000
68589  29.187  10.025  6.150 0.0000000000
68607  29.368  10.785  6.158 0.0000000000
68608  28.925  10.454  5.563 0.0000000000
68625  28.557  10.569  4.729 0.0000000000
68645  28.197  10.796  3.985 0.0000000000
68646  27.954  10.994  3.262 0.0000000000
68665  27.850  11.072  2.551 0.0000000000
68679  28.191  10.366  1.629 0.0000000000
68680  27.924  11.149  1.884 0.0000000000
68688  28.503  10.417  1.018 0.0000000000
68694  28.589  10.733  0.610 0.0000000000
68698  29.375  10.326  -1.515 0.0000000000
68699  29.148  10.926  -1.049 0.0000000000
68701  29.811  10.645  -2.410 0.0000000000
68703  30.608  10.458  -3.714 0.0000000000
68704  30.187  10.696  -3.132 0.0000000000
68708  31.450  10.526  -5.027 0.0000000000
68709  31.024  10.729  -4.421 0.0000000000
68716  32.001  10.102  -5.943 0.0000000000
68717  31.727  10.732  -5.833 0.0000000000
68725  32.049  10.227  -6.705 0.0000000000
68726  31.881  10.697  -6.380 0.0000000000
68735  31.968  10.269  -7.445 0.0000000000
68736  31.740  10.434  -8.236 0.0000000000
68746  31.464  10.501  -9.042 0.0000000000
68757  31.120  10.535  -9.690 0.0000000000
69476  29.864  11.477  6.280 0.0000000000
69498  29.409  11.462  5.719 0.0000000000
69499  28.989  11.438  5.073 0.0000000000
69515  28.617  11.559  4.374 0.0000000000
69529  28.246  11.770  3.636 0.0000000000
69530  27.918  11.866  2.911 0.0000000000
69546  27.890  11.748  2.255 0.0000000000
69564  28.330  11.476  1.255 0.0000000000
69565  28.095  11.821  1.753 0.0000000000
69574  28.607  11.569  0.609 0.0000000000
69580  29.295  11.900  -1.151 0.0000000000
69581  28.808  11.912  0.227 0.0000000000
69587  29.493  11.483  -1.697 0.0000000000
69588  29.207  11.460  -1.145 0.0000000000
69590  30.193  11.938  -3.101 0.0000000000
69591  29.911  11.729  -2.551 0.0000000000
69593  30.426  11.560  -3.558 0.0000000000
69594  30.071  11.303  -2.968 0.0000000000
69596  31.196  11.552  -4.993 0.0000000000
69597  30.837  11.541  -4.282 0.0000000000
69599  31.483  11.542  -5.760 0.0000000000
69601  31.868  10.890  -6.876 0.0000000000
69602  31.683  11.446  -6.617 0.0000000000
69608  31.919  10.692  -7.144 0.0000000000
69609  31.720  11.266  -7.595 0.0000000000
69617  31.485  11.427  -8.660 0.0000000000
69628  31.183  11.469  -9.440 0.0000000000
70312  29.959  12.062  5.761 0.0000000000
70335  30.582  12.390  5.204 0.0000000000
70336  29.701  12.266  5.152 0.0000000000
70337  29.134  12.167  4.658 0.0000000000
70357  31.356  12.791  4.562 0.0000000000
70358  30.540  12.872  4.622 0.0000000000
70359  29.719  12.859  4.473 0.0000000000
70360  28.855  12.623  4.042 0.0000000000
70377  28.294  12.762  3.077 0.0000000000
70378  28.006  12.324  2.861 0.0000000000
70387  28.262  12.794  2.197 0.0000000000
70388  28.015  12.300  2.551 0.0000000000
70403  28.395  12.504  1.495 0.0000000000
70404  28.069  12.243  2.021 0.0000000000
70418  29.222  12.971  0.119 0.0000000000
70419  28.754  12.536  0.677 0.0000000000
70426  29.410  12.988  -0.258 0.0000000000
70427  28.941  12.374  0.225 0.0000000000
70434  29.877  13.503  -0.808 0.0000000000
70436  30.201  12.571  -2.866 0.0000000000
70437  29.876  12.463  -2.171 0.0000000000
70439  30.485  12.541  -3.488 0.0000000000
70441  31.097  12.496  -4.849 0.0000000000
70442  30.787  12.484  -4.123 0.0000000000
70444  31.338  12.505  -5.640 0.0000000000
70446  31.488  12.481  -6.499 0.0000000000
70451  31.531  12.416  -7.423 0.0000000000
70457  31.439  12.387  -8.365 0.0000000000
70461  31.207  12.423  -9.218 0.0000000000
71159  32.180  13.576  4.563 0.0000000000
71160  31.338  13.628  4.446 0.0000000000
71161  30.519  13.617  4.259 0.0000000000
71162  29.665  13.572  3.950 0.0000000000
71163  28.962  13.371  3.583 0.0000000000
71180  29.436  13.849  3.476 0.0000000000
71181  29.008  13.782  3.019 0.0000000000
71194  28.667  13.475  2.385 0.0000000000
71201  28.649  13.311  1.708 0.0000000000
71213  29.351  13.530  0.376 0.0000000000
71214  28.862  13.355  1.057 0.0000000000
71225  29.683  13.619  -0.250 0.0000000000
71234  30.611  14.203  -1.315 0.0000000000
71235  30.046  13.815  -0.818 0.0000000000
71241  30.869  14.316  -1.693 0.0000000000
71242  30.318  13.872  -1.204 0.0000000000
71244  30.571  13.320  -3.286 0.0000000000
71246  31.114  13.412  -4.591 0.0000000000
71247  30.827  13.322  -3.886 0.0000000000
71249  31.320  13.460  -5.425 0.0000000000
71251  31.411  13.472  -6.296 0.0000000000
71255  31.410  13.446  -7.218 0.0000000000
71260  31.342  13.371  -8.144 0.0000000000
71263  31.192  13.319  -8.984 0.0000000000
71267  30.898  13.420  -9.726 0.0000000000
71911  32.705  14.484  4.877 0.0000000000
71919  32.060  14.457  4.616 0.0000000000
71920  31.344  14.484  4.253 0.0000000000
71921  30.530  14.351  3.824 0.0000000000
71922  29.918  14.133  3.577 0.0000000000
71931  30.312  14.488  3.384 0.0000000000
71932  29.806  14.288  3.070 0.0000000000
71933  29.423  14.126  2.776 0.0000000000
71948  29.748  14.388  2.546 0.0000000000
71949  29.241  14.030  2.423 0.0000000000
71963  29.698  14.498  1.947 0.0000000000
71964  29.099  13.908  1.812 0.0000000000
71972  29.671  14.305  1.031 0.0000000000
71973  29.026  13.720  1.394 0.0000000000
71980  30.984  14.757  -0.432 0.0000000000
71981  30.286  14.430  -0.086 0.0000000000
71988  30.831  14.549  -0.939 0.0000000000
71989  30.130  14.113  -0.567 0.0000000000
71997  31.371  14.533  -1.751 0.0000000000
72003  31.185  14.559  -3.575 0.0000000000
72004  31.766  14.486  -2.204 0.0000000000
72008  31.200  14.245  -4.061 0.0000000000
72009  30.852  13.796  -3.636 0.0000000000
72011  31.446  14.367  -5.091 0.0000000000
72013  31.465  14.439  -5.995 0.0000000000
72015  31.368  14.439  -6.906 0.0000000000
72017  31.232  14.420  -7.895 0.0000000000
72018  31.042  14.859  -8.544 0.0000000000
72020  31.125  14.158  -8.744 0.0000000000
72021  30.874  14.851  -9.198 0.0000000000
72024  30.958  14.091  -9.407 0.0000000000
72653  32.533  15.008  4.867 0.0000000000
72660  32.363  15.418  4.448 0.0000000000
72661  31.419  15.291  3.642 0.0000000000
72662  30.712  14.763  3.459 0.0000000000
72669  31.557  15.631  2.769 0.0000000000
72670  30.625  14.971  2.962 0.0000000000
72671  30.119  14.598  2.722 0.0000000000
72679  31.709  15.683  2.355 0.0000000000
72680  31.209  15.517  2.178 0.0000000000
72681  30.287  14.879  2.325 0.0000000000
72691  31.378  15.493  1.674 0.0000000000
72692  30.629  15.147  1.551 0.0000000000
72702  34.368  15.764  -0.013 0.0000000000
72703  34.207  15.846  0.123 0.0000000000
72704  33.753  15.689  0.141 0.0000000000
72705  32.845  15.407  0.259 0.0000000000
72706  31.383  15.147  0.579 0.0000000000
72713  34.375  15.895  -0.176 0.0000000000
72714  33.992  15.735  -0.364 0.0000000000
72715  33.219  15.429  -0.493 0.0000000000
72716  31.944  14.913  -0.506 0.0000000000
72717  31.116  14.823  -0.124 0.0000000000
72722  34.322  15.956  -0.845 0.0000000000
72723  33.746  15.671  -1.204 0.0000000000
72724  32.978  15.180  -1.452 0.0000000000
72725  32.117  14.730  -1.620 0.0000000000
72731  34.118  16.020  -1.866 0.0000000000
72732  33.697  15.485  -2.306 0.0000000000
72733  33.192  14.932  -2.517 0.0000000000
72734  32.427  14.632  -2.460 0.0000000000
72741  33.957  15.923  -3.150 0.0000000000
72742  33.953  15.314  -3.486 0.0000000000
72743  33.581  14.906  -3.569 0.0000000000
72744  32.603  14.600  -2.783 0.0000000000
72750  34.132  15.869  -4.385 0.0000000000
72751  34.232  15.525  -4.714 0.0000000000
72752  34.177  15.622  -5.159 0.0000000000
72756  34.346  15.938  -5.376 0.0000000000
72757  34.463  15.976  -5.799 0.0000000000
72758  34.279  15.950  -6.174 0.0000000000
72760  35.008  15.868  -5.859 0.0000000000
72761  34.736  15.862  -6.119 0.0000000000
72762  31.430  15.390  -6.510 0.0000000000
72764  31.195  15.383  -7.406 0.0000000000
72765  31.011  15.767  -7.914 0.0000000000
72767  31.071  15.218  -8.092 0.0000000000
72768  30.871  15.638  -8.615 0.0000000000
72770  30.605  15.679  -9.537 0.0000000000
73377  32.515  15.960  3.753 0.0000000000
73385  32.434  15.972  3.048 0.0000000000
73393  33.278  16.539  2.490 0.0000000000
73394  32.346  15.905  2.347 0.0000000000
73395  31.859  15.741  2.135 0.0000000000
73401  33.483  16.760  2.073 0.0000000000
73402  33.149  16.334  1.968 0.0000000000
73403  32.315  15.769  1.674 0.0000000000
73404  31.520  15.435  1.308 0.0000000000
73411  34.468  15.966  0.066 0.0000000000
73412  34.252  16.008  0.358 0.0000000000
73413  33.692  15.864  0.631 0.0000000000
73414  32.823  15.686  0.997 0.0000000000
73415  32.031  15.485  1.149 0.0000000000
73422  34.476  16.220  -0.387 0.0000000000
73423  34.442  16.219  0.022 0.0000000000
73428  34.344  16.433  -1.235 0.0000000000
73434  33.959  16.682  -2.502 0.0000000000
73435  33.286  17.330  -2.730 0.0000000000
73436  32.559  17.633  -2.681 0.0000000000
73437  32.175  17.816  -2.601 0.0000000000
73443  33.887  16.439  -4.046 0.0000000000
73444  33.614  17.008  -3.791 0.0000000000
73445  33.111  17.363  -3.564 0.0000000000
73446  32.526  17.511  -3.115 0.0000000000
73453  34.113  16.578  -4.849 0.0000000000
73454  33.841  16.914  -4.857 0.0000000000
73455  33.618  17.270  -4.585 0.0000000000
73456  33.254  17.336  -4.176 0.0000000000
73463  34.677  16.236  -5.572 0.0000000000
73464  34.105  16.439  -6.145 0.0000000000
73465  33.834  16.262  -5.525 0.0000000000
73467  34.758  16.199  -6.029 0.0000000000
73468  34.561  16.279  -6.007 0.0000000000
73469  31.199  16.347  -6.948 0.0000000000
73470  31.001  16.969  -7.253 0.0000000000
73472  31.063  16.021  -7.537 0.0000000000
73473  30.893  16.545  -7.925 0.0000000000
73477  30.613  16.550  -9.004 0.0000000000
74199  33.774  17.406  2.685 0.0000000000
74206  33.594  17.301  2.193 0.0000000000
74207  33.629  16.996  1.743 0.0000000000
74208  33.344  16.257  1.587 0.0000000000
74214  34.044  16.233  0.567 0.0000000000
74215  33.688  16.675  1.016 0.0000000000
74216  33.204  15.963  1.393 0.0000000000
74222  34.432  16.418  -0.205 0.0000000000
74223  34.125  16.583  0.070 0.0000000000
74224  33.119  17.429  -0.083 0.0000000000
74230  34.376  16.675  -0.631 0.0000000000
74231  33.801  17.216  -0.795 0.0000000000
74232  32.837  17.973  -1.058 0.0000000000
74233  32.176  18.368  -1.476 0.0000000000
74238  34.244  16.992  -1.388 0.0000000000
74239  33.550  17.376  -1.746 0.0000000000
74240  32.702  17.824  -1.973 0.0000000000
74241  31.981  18.214  -2.057 0.0000000000
74247  32.005  17.972  -2.495 0.0000000000
74252  33.989  17.069  -5.305 0.0000000000
74253  34.026  17.156  -5.429 0.0000000000
74254  33.797  17.222  -5.124 0.0000000000
74255  31.068  17.838  -4.409 0.0000000000
74263  34.406  16.648  -5.792 0.0000000000
74264  34.241  17.187  -5.660 0.0000000000
74265  34.169  17.158  -5.933 0.0000000000
74266  31.193  17.739  -5.496 0.0000000000
74273  34.882  16.553  -5.836 0.0000000000
74274  34.904  16.799  -5.911 0.0000000000
74275  31.384  16.739  -6.319 0.0000000000
74276  31.138  17.391  -6.582 0.0000000000
74279  30.869  17.540  -7.617 0.0000000000
74978  33.590  18.244  2.386 0.0000000000
74985  33.221  18.087  1.989 0.0000000000
74986  32.857  17.957  1.413 0.0000000000
74993  32.440  18.239  0.544 0.0000000000
74994  31.702  18.881  0.067 0.0000000000
75000  32.228  18.373  -0.320 0.0000000000
75001  31.492  18.950  -0.476 0.0000000000
75007  32.036  18.607  -0.929 0.0000000000
75008  31.394  18.820  -1.140 0.0000000000
75009  30.910  19.115  -1.073 0.0000000000
75014  31.419  18.568  -1.621 0.0000000000
75015  30.123  19.212  -2.299 0.0000000000
75021  31.717  18.244  -2.103 0.0000000000
75022  30.069  19.411  -2.852 0.0000000000
75027  30.601  18.675  -4.054 0.0000000000
75033  30.885  18.908  -5.712 0.0000000000
75034  30.839  18.737  -5.297 0.0000000000
75040  30.909  18.920  -5.993 0.0000000000
75041  30.988  18.355  -6.205 0.0000000000
75046  30.937  18.942  -6.587 0.0000000000
75047  30.921  18.449  -7.189 0.0000000000
75742  33.269  19.151  2.211 0.0000000000
75749  32.770  19.129  1.736 0.0000000000
75750  32.212  19.189  1.122 0.0000000000
75757  31.694  19.389  0.502 0.0000000000
75758  31.161  19.630  0.010 0.0000000000
75759  30.734  20.147  -0.225 0.0000000000
75766  30.936  19.503  -0.534 0.0000000000
75767  30.576  20.170  -0.568 0.0000000000
75772  30.791  19.482  -0.832 0.0000000000
75773  30.559  19.945  -0.799 0.0000000000
75779  29.903  19.892  -2.348 0.0000000000
75785  30.194  19.510  -3.573 0.0000000000
75786  29.938  19.955  -2.982 0.0000000000
75792  30.432  19.514  -4.492 0.0000000000
75799  30.847  19.150  -5.757 0.0000000000
75800  30.640  19.761  -5.409 0.0000000000
76532  32.891  20.137  2.143 0.0000000000
76541  32.347  20.234  1.532 0.0000000000
76542  31.730  20.375  0.836 0.0000000000
76543  31.254  20.763  0.451 0.0000000000
76552  31.311  20.149  0.398 0.0000000000
76553  30.889  20.620  0.139 0.0000000000
76554  30.479  20.927  -0.279 0.0000000000
76562  30.233  21.067  -0.640 0.0000000000
76568  29.793  20.634  -1.810 0.0000000000
76575  29.787  20.602  -2.617 0.0000000000
76580  30.175  20.007  -4.032 0.0000000000
76581  29.945  20.542  -3.521 0.0000000000
76588  30.211  20.567  -4.524 0.0000000000
76589  29.952  21.044  -3.968 0.0000000000
77255  32.657  21.145  1.949 0.0000000000
77270  32.082  21.326  1.258 0.0000000000
77271  31.356  21.535  0.545 0.0000000000
77272  31.019  21.147  0.315 0.0000000000
77286  30.953  22.111  0.252 0.0000000000
77287  30.642  21.703  0.064 0.0000000000
77288  30.048  21.953  -0.463 0.0000000000
77299  29.727  22.452  -1.014 0.0000000000
77306  29.565  23.114  -1.554 0.0000000000
77313  29.733  21.277  -2.952 0.0000000000
77318  29.802  21.528  -3.591 0.0000000000
78040  32.741  22.187  1.551 0.0000000000
78041  31.921  22.271  0.785 0.0000000000
78058  31.215  22.539  0.329 0.0000000000
78059  30.594  22.680  0.102 0.0000000000
78060  30.045  22.760  -0.226 0.0000000000
78079  29.686  23.037  -0.851 0.0000000000
78097  29.539  23.389  -1.523 0.0000000000
78111  29.485  23.727  -1.989 0.0000000000
78768  33.197  22.874  0.730 0.0000000000
78769  32.427  22.735  0.661 0.0000000000
78787  32.576  23.345  0.118 0.0000000000
78788  31.693  23.200  0.189 0.0000000000
78789  30.789  23.430  0.092 0.0000000000
78790  30.106  23.559  -0.015 0.0000000000
78810  29.700  23.774  -0.561 0.0000000000
78829  29.475  24.160  -1.416 0.0000000000
78846  29.422  24.246  -2.124 0.0000000000
79422  32.686  23.948  -0.337 0.0000000000
79423  31.968  23.952  -0.261 0.0000000000
79424  31.090  24.334  -0.172 0.0000000000
79425  30.300  24.270  -0.031 0.0000000000
79426  29.843  24.450  -0.291 0.0000000000
79438  32.237  24.615  -0.460 0.0000000000
79439  31.674  24.546  -0.368 0.0000000000
79440  29.543  24.781  -0.961 0.0000000000
79450  29.374  25.127  -1.655 0.0000000000
79459  29.314  25.048  -2.210 0.0000000000
79986  30.861  25.058  -0.314 0.0000000000
79987  30.409  24.934  -0.228 0.0000000000
79988  30.028  24.805  -0.160 0.0000000000
79998  31.495  25.321  -0.500 0.0000000000
79999  30.686  25.601  -0.567 0.0000000000
80000  29.965  25.431  -0.692 0.0000000000
80006  29.524  25.739  -1.548 0.0000000000
80007  29.454  25.953  -1.801 0.0000000000
80014  29.400  25.971  -2.180 0.0000000000
80015  29.302  26.143  -1.975 0.0000000000
80457  31.183  26.468  -0.710 0.0000000000
80458  30.544  26.465  -1.031 0.0000000000
80466  29.932  26.473  -1.561 0.0000000000
80467  29.598  26.085  -1.669 0.0000000000
80476  29.847  26.777  -2.248 0.0000000000
80477  29.553  26.184  -1.891 0.0000000000
80951  30.576  27.489  -1.514 0.0000000000
