#!ascii label  , from subject FREESURFER vox2ras=TkReg 
1727
15195  15.191  -49.144  -3.160 0.0000000000
15939  15.850  -47.775  -1.443 0.0000000000
15945  16.057  -47.029  -1.604 0.0000000000
15946  15.590  -47.369  -1.774 0.0000000000
15947  13.629  -47.255  -2.757 0.0000000000
15948  13.120  -47.043  -2.579 0.0000000000
15949  12.795  -46.789  -2.638 0.0000000000
15955  13.314  -48.356  -3.452 0.0000000000
15956  12.967  -48.006  -3.224 0.0000000000
16647  18.584  -48.041  -1.365 0.0000000000
16653  18.917  -46.541  -1.376 0.0000000000
16654  18.702  -46.973  -1.511 0.0000000000
16655  16.403  -46.574  -1.480 0.0000000000
16656  14.593  -45.500  -2.342 0.0000000000
16657  14.364  -45.664  -2.338 0.0000000000
16663  15.914  -46.717  -1.769 0.0000000000
16664  14.338  -45.935  -2.279 0.0000000000
16665  14.074  -46.138  -2.239 0.0000000000
16666  13.669  -46.290  -2.346 0.0000000000
16667  13.136  -46.247  -2.505 0.0000000000
16674  12.513  -46.352  -2.857 0.0000000000
16675  11.628  -46.566  -3.215 0.0000000000
16684  15.784  -45.910  -4.894 0.0000000000
16685  15.007  -45.960  -4.831 0.0000000000
16686  14.241  -45.900  -4.995 0.0000000000
16687  13.827  -45.765  -5.169 0.0000000000
16709  18.227  -46.391  -5.512 0.0000000000
16710  17.301  -46.382  -5.472 0.0000000000
16711  16.408  -46.326  -5.324 0.0000000000
17337  19.697  -45.558  -0.545 0.0000000000
17338  19.562  -45.992  -0.708 0.0000000000
17343  19.492  -45.070  -1.154 0.0000000000
17344  19.397  -45.381  -1.212 0.0000000000
17345  18.519  -45.651  -1.655 0.0000000000
17346  16.490  -45.608  -1.625 0.0000000000
17347  14.929  -45.104  -2.267 0.0000000000
17348  14.645  -45.214  -2.347 0.0000000000
17354  16.039  -46.233  -1.777 0.0000000000
17355  15.913  -45.913  -1.851 0.0000000000
17356  14.182  -45.490  -2.300 0.0000000000
17357  13.614  -45.486  -2.447 0.0000000000
17358  12.954  -45.505  -2.759 0.0000000000
17360  8.729  -44.265  -2.378 0.0000000000
17366  12.214  -45.451  -3.324 0.0000000000
17367  11.078  -45.561  -3.705 0.0000000000
17368  10.061  -45.662  -3.600 0.0000000000
17369  9.220  -45.069  -3.141 0.0000000000
17370  8.860  -44.521  -2.635 0.0000000000
17379  17.159  -44.985  -4.722 0.0000000000
17380  16.555  -45.361  -4.734 0.0000000000
17381  15.498  -45.245  -4.566 0.0000000000
17382  14.614  -45.225  -4.698 0.0000000000
17383  13.975  -45.294  -5.015 0.0000000000
17384  10.369  -45.069  -4.032 0.0000000000
17385  9.674  -44.976  -3.922 0.0000000000
17386  9.289  -44.782  -3.724 0.0000000000
17405  18.660  -45.493  -5.471 0.0000000000
17406  17.556  -45.455  -5.158 0.0000000000
17407  16.951  -45.867  -5.192 0.0000000000
17408  13.535  -45.453  -5.371 0.0000000000
17409  12.989  -45.700  -5.790 0.0000000000
18068  19.873  -44.956  -0.154 0.0000000000
18070  19.583  -44.695  -1.037 0.0000000000
18072  19.164  -44.502  -1.538 0.0000000000
18073  18.363  -44.236  -1.754 0.0000000000
18074  17.063  -43.928  -1.854 0.0000000000
18075  15.893  -44.264  -2.181 0.0000000000
18076  15.168  -44.529  -2.318 0.0000000000
18077  14.616  -44.885  -2.345 0.0000000000
18084  14.812  -44.335  -2.395 0.0000000000
18085  14.182  -44.668  -2.472 0.0000000000
18086  13.420  -44.654  -2.801 0.0000000000
18087  12.821  -44.874  -3.084 0.0000000000
18095  12.992  -44.294  -3.214 0.0000000000
18096  12.483  -44.479  -3.453 0.0000000000
18097  11.823  -44.615  -3.794 0.0000000000
18098  9.015  -44.550  -3.586 0.0000000000
18099  8.570  -44.116  -3.023 0.0000000000
18109  17.723  -43.986  -4.682 0.0000000000
18110  16.944  -44.356  -4.488 0.0000000000
18111  15.986  -44.434  -4.375 0.0000000000
18112  15.050  -44.420  -4.542 0.0000000000
18113  14.133  -44.444  -5.107 0.0000000000
18114  13.700  -44.942  -5.273 0.0000000000
18115  10.993  -44.474  -4.209 0.0000000000
18116  10.073  -44.398  -4.389 0.0000000000
18117  9.251  -44.374  -4.102 0.0000000000
18118  8.819  -44.198  -3.760 0.0000000000
18130  19.109  -44.513  -5.635 0.0000000000
18131  18.167  -44.611  -5.144 0.0000000000
18132  17.517  -44.688  -4.796 0.0000000000
18133  13.814  -44.116  -5.600 0.0000000000
18134  13.316  -44.624  -5.867 0.0000000000
18135  12.820  -45.291  -6.177 0.0000000000
18149  12.990  -44.194  -6.987 0.0000000000
18150  12.650  -44.976  -6.721 0.0000000000
18162  12.907  -44.082  -7.559 0.0000000000
18163  12.584  -44.543  -7.754 0.0000000000
18175  12.487  -44.477  -8.746 0.0000000000
18188  12.214  -44.730  -9.530 0.0000000000
18202  12.442  -44.355  -10.308 0.0000000000
18216  12.327  -44.352  -11.322 0.0000000000
18768  19.814  -42.869  0.505 0.0000000000
18769  19.930  -44.675  0.400 0.0000000000
18774  19.749  -43.038  -0.000 0.0000000000
18775  19.729  -44.233  -0.880 0.0000000000
18780  19.230  -43.820  -1.516 0.0000000000
18781  18.468  -43.598  -1.711 0.0000000000
18782  17.521  -43.523  -1.813 0.0000000000
18783  16.457  -43.549  -2.068 0.0000000000
18784  15.754  -44.023  -2.239 0.0000000000
18790  16.095  -43.127  -2.251 0.0000000000
18791  15.430  -43.623  -2.366 0.0000000000
18792  14.562  -43.785  -2.569 0.0000000000
18793  13.920  -43.868  -2.793 0.0000000000
18794  8.066  -43.226  -2.373 0.0000000000
18800  13.373  -43.860  -3.111 0.0000000000
18801  12.719  -43.584  -3.485 0.0000000000
18802  12.245  -44.056  -3.736 0.0000000000
18803  8.076  -43.343  -3.171 0.0000000000
18804  7.556  -42.846  -2.816 0.0000000000
18814  17.848  -43.220  -4.666 0.0000000000
18815  17.184  -43.383  -4.501 0.0000000000
18816  16.347  -43.497  -4.448 0.0000000000
18817  15.519  -43.608  -4.562 0.0000000000
18818  14.797  -43.617  -4.902 0.0000000000
18819  12.383  -43.056  -3.731 0.0000000000
18820  11.861  -43.536  -4.059 0.0000000000
18821  10.671  -43.325  -4.627 0.0000000000
18822  9.562  -43.678  -4.665 0.0000000000
18823  8.495  -43.599  -4.186 0.0000000000
18824  7.763  -43.139  -3.663 0.0000000000
18830  18.498  -43.561  -5.104 0.0000000000
18831  14.159  -43.505  -5.677 0.0000000000
18832  13.690  -43.929  -5.876 0.0000000000
18833  10.405  -42.620  -4.924 0.0000000000
18834  9.869  -42.876  -5.049 0.0000000000
18835  9.057  -43.104  -5.019 0.0000000000
18842  14.055  -43.148  -6.253 0.0000000000
18843  13.616  -43.577  -6.531 0.0000000000
18849  13.235  -43.651  -7.740 0.0000000000
18850  12.878  -44.041  -7.839 0.0000000000
18863  13.200  -43.559  -8.712 0.0000000000
18864  12.833  -43.989  -8.369 0.0000000000
18878  13.415  -43.339  -9.376 0.0000000000
18879  12.813  -43.903  -9.507 0.0000000000
18880  11.259  -42.710  -10.107 0.0000000000
18894  13.387  -43.337  -10.308 0.0000000000
18895  12.855  -43.817  -10.806 0.0000000000
18910  13.354  -43.259  -11.487 0.0000000000
18911  12.800  -43.769  -12.030 0.0000000000
18927  13.384  -43.306  -12.701 0.0000000000
18928  12.849  -43.866  -13.324 0.0000000000
18943  13.528  -43.483  -13.899 0.0000000000
18944  12.990  -44.104  -14.531 0.0000000000
18957  13.388  -43.369  -15.219 0.0000000000
18967  13.004  -42.983  -15.949 0.0000000000
19489  19.942  -42.141  0.621 0.0000000000
19496  19.875  -42.251  -0.169 0.0000000000
19497  19.696  -42.829  -0.357 0.0000000000
19503  19.798  -41.874  -0.707 0.0000000000
19504  19.139  -43.137  -1.520 0.0000000000
19505  18.552  -42.780  -1.561 0.0000000000
19506  17.603  -42.658  -1.701 0.0000000000
19507  17.053  -43.085  -1.800 0.0000000000
19512  17.173  -42.185  -2.009 0.0000000000
19513  16.669  -42.601  -2.144 0.0000000000
19514  15.733  -42.643  -2.460 0.0000000000
19515  14.726  -42.801  -2.738 0.0000000000
19516  14.229  -43.333  -2.796 0.0000000000
19517  6.806  -42.420  -2.155 0.0000000000
19521  14.274  -42.363  -3.049 0.0000000000
19522  13.691  -42.891  -3.128 0.0000000000
19523  12.774  -42.625  -3.536 0.0000000000
19524  6.886  -42.537  -2.611 0.0000000000
19525  6.349  -42.428  -2.497 0.0000000000
19534  18.250  -42.574  -4.843 0.0000000000
19535  17.498  -42.577  -4.641 0.0000000000
19536  16.721  -42.637  -4.603 0.0000000000
19537  15.786  -42.618  -4.826 0.0000000000
19538  15.260  -43.151  -4.854 0.0000000000
19539  12.193  -42.560  -3.895 0.0000000000
19540  11.556  -42.519  -4.348 0.0000000000
19541  10.893  -42.240  -4.773 0.0000000000
19542  7.731  -42.969  -4.364 0.0000000000
19543  7.125  -42.738  -3.720 0.0000000000
19544  6.327  -42.420  -3.542 0.0000000000
19545  5.656  -42.209  -3.128 0.0000000000
19553  19.025  -42.565  -5.344 0.0000000000
19554  15.450  -42.223  -5.385 0.0000000000
19555  14.977  -42.799  -5.343 0.0000000000
19556  10.211  -41.987  -5.198 0.0000000000
19557  9.257  -42.272  -5.336 0.0000000000
19558  8.211  -42.614  -5.115 0.0000000000
19559  7.224  -42.412  -4.685 0.0000000000
19560  6.680  -42.415  -4.247 0.0000000000
19569  14.453  -42.647  -6.199 0.0000000000
19570  14.019  -42.914  -6.675 0.0000000000
19571  6.338  -41.785  -6.969 0.0000000000
19572  5.977  -41.947  -6.915 0.0000000000
19582  14.296  -42.394  -7.063 0.0000000000
19583  13.792  -42.926  -7.424 0.0000000000
19584  9.375  -42.600  -8.188 0.0000000000
19585  8.653  -42.602  -7.828 0.0000000000
19586  7.805  -42.529  -7.498 0.0000000000
19587  6.694  -42.334  -7.167 0.0000000000
19599  14.262  -42.359  -8.046 0.0000000000
19600  13.706  -42.984  -8.602 0.0000000000
19601  11.139  -42.043  -9.184 0.0000000000
19602  10.771  -42.420  -9.065 0.0000000000
19603  10.105  -42.508  -8.539 0.0000000000
19612  14.300  -42.341  -9.174 0.0000000000
19613  13.849  -42.846  -9.787 0.0000000000
19614  11.242  -42.361  -9.604 0.0000000000
19615  10.908  -42.670  -9.424 0.0000000000
19625  14.323  -42.254  -10.355 0.0000000000
19626  13.837  -42.733  -10.949 0.0000000000
19627  12.079  -41.812  -11.088 0.0000000000
19628  11.672  -42.220  -10.584 0.0000000000
19639  14.407  -42.214  -11.595 0.0000000000
19640  13.895  -42.737  -12.177 0.0000000000
19641  11.843  -42.088  -11.647 0.0000000000
19642  11.463  -42.547  -11.458 0.0000000000
19652  14.681  -42.349  -13.025 0.0000000000
19653  13.923  -42.934  -13.219 0.0000000000
19654  11.895  -41.847  -12.351 0.0000000000
19663  14.393  -42.110  -14.350 0.0000000000
19664  14.045  -42.868  -14.162 0.0000000000
19673  13.956  -41.857  -15.307 0.0000000000
19674  13.901  -42.556  -15.051 0.0000000000
19683  13.643  -41.616  -15.796 0.0000000000
19684  13.394  -42.224  -15.873 0.0000000000
19685  12.572  -42.404  -16.039 0.0000000000
20256  20.082  -41.292  0.146 0.0000000000
20264  19.976  -41.309  -0.602 0.0000000000
20271  19.625  -41.408  -1.117 0.0000000000
20272  18.399  -41.800  -1.474 0.0000000000
20273  17.902  -41.667  -1.663 0.0000000000
20274  17.432  -41.866  -1.950 0.0000000000
20280  17.477  -41.244  -2.207 0.0000000000
20281  16.905  -41.613  -2.341 0.0000000000
20282  16.111  -41.845  -2.550 0.0000000000
20283  15.290  -41.827  -2.816 0.0000000000
20284  14.613  -42.022  -3.005 0.0000000000
20289  14.739  -41.423  -3.214 0.0000000000
20290  14.032  -41.770  -3.302 0.0000000000
20291  13.202  -41.937  -3.468 0.0000000000
20292  12.560  -41.866  -3.726 0.0000000000
20300  18.628  -41.756  -5.090 0.0000000000
20301  17.861  -41.794  -4.835 0.0000000000
20302  17.141  -41.906  -4.781 0.0000000000
20303  16.469  -41.948  -4.903 0.0000000000
20304  12.029  -41.869  -4.042 0.0000000000
20305  11.524  -41.582  -4.413 0.0000000000
20306  10.870  -41.337  -4.859 0.0000000000
20307  5.795  -42.135  -3.944 0.0000000000
20308  5.153  -41.736  -4.051 0.0000000000
20318  19.519  -41.612  -5.408 0.0000000000
20319  17.498  -41.395  -5.028 0.0000000000
20320  16.925  -41.299  -5.178 0.0000000000
20321  15.941  -41.485  -5.529 0.0000000000
20322  15.129  -42.017  -5.942 0.0000000000
20323  10.311  -41.089  -5.198 0.0000000000
20324  9.585  -41.289  -5.447 0.0000000000
20325  8.579  -41.501  -5.548 0.0000000000
20326  7.479  -41.622  -5.315 0.0000000000
20327  6.286  -41.700  -4.639 0.0000000000
20328  5.476  -41.042  -4.657 0.0000000000
20338  15.334  -41.108  -6.705 0.0000000000
20339  14.758  -41.960  -6.658 0.0000000000
20340  6.048  -41.401  -6.789 0.0000000000
20341  5.195  -41.547  -6.884 0.0000000000
20352  15.196  -41.069  -7.978 0.0000000000
20353  14.719  -41.741  -7.486 0.0000000000
20354  8.969  -41.986  -8.004 0.0000000000
20355  8.350  -41.708  -7.788 0.0000000000
20356  7.457  -41.571  -7.410 0.0000000000
20357  6.669  -41.432  -7.061 0.0000000000
20370  15.092  -41.006  -9.099 0.0000000000
20371  14.699  -41.701  -8.572 0.0000000000
20372  10.978  -41.713  -8.992 0.0000000000
20373  10.400  -41.730  -8.699 0.0000000000
20374  9.526  -41.681  -8.387 0.0000000000
20375  8.841  -41.436  -8.200 0.0000000000
20386  15.041  -40.916  -10.272 0.0000000000
20387  14.674  -41.642  -9.722 0.0000000000
20388  11.817  -41.264  -9.666 0.0000000000
20389  11.359  -41.603  -9.363 0.0000000000
20401  15.224  -40.962  -11.452 0.0000000000
20402  14.705  -41.578  -10.925 0.0000000000
20403  12.194  -41.319  -10.463 0.0000000000
20404  11.691  -41.767  -9.886 0.0000000000
20415  15.476  -41.083  -12.454 0.0000000000
20416  14.962  -41.641  -12.077 0.0000000000
20417  12.292  -41.419  -11.792 0.0000000000
20421  15.485  -41.135  -13.171 0.0000000000
20422  15.283  -41.638  -12.884 0.0000000000
20423  11.971  -41.348  -13.288 0.0000000000
20424  11.382  -41.868  -13.603 0.0000000000
20430  15.303  -41.097  -13.422 0.0000000000
20431  14.969  -41.382  -13.660 0.0000000000
20432  11.794  -40.780  -14.467 0.0000000000
20433  11.364  -41.497  -14.393 0.0000000000
20438  14.349  -41.249  -14.781 0.0000000000
20439  11.505  -40.898  -15.028 0.0000000000
20440  11.488  -41.442  -15.337 0.0000000000
20445  13.867  -41.107  -15.643 0.0000000000
20446  13.424  -41.187  -16.134 0.0000000000
20447  12.830  -41.411  -16.248 0.0000000000
20448  12.104  -41.544  -15.940 0.0000000000
21064  20.209  -40.254  0.473 0.0000000000
21072  20.208  -40.378  -0.474 0.0000000000
21080  19.890  -40.528  -1.186 0.0000000000
21081  18.285  -40.520  -2.068 0.0000000000
21082  18.138  -41.093  -1.775 0.0000000000
21088  18.240  -39.951  -2.428 0.0000000000
21089  17.883  -40.547  -2.300 0.0000000000
21090  17.058  -40.488  -2.760 0.0000000000
21091  16.241  -41.045  -2.790 0.0000000000
21092  15.756  -41.368  -2.817 0.0000000000
21098  16.731  -39.867  -3.250 0.0000000000
21099  16.222  -40.245  -3.253 0.0000000000
21100  15.392  -40.844  -3.254 0.0000000000
21101  14.334  -40.693  -3.669 0.0000000000
21102  13.371  -41.157  -3.645 0.0000000000
21103  12.874  -41.446  -3.683 0.0000000000
21112  18.208  -41.257  -5.066 0.0000000000
21113  17.828  -41.281  -5.043 0.0000000000
21114  14.063  -40.127  -4.110 0.0000000000
21115  13.459  -40.351  -4.013 0.0000000000
21116  12.412  -40.912  -4.020 0.0000000000
21117  11.447  -40.679  -4.560 0.0000000000
21118  10.750  -40.476  -4.943 0.0000000000
21119  5.299  -39.789  -4.690 0.0000000000
21120  4.721  -40.466  -4.554 0.0000000000
21131  20.055  -40.699  -5.467 0.0000000000
21132  18.972  -40.791  -5.197 0.0000000000
21133  17.824  -40.715  -5.265 0.0000000000
21134  16.821  -40.472  -5.723 0.0000000000
21135  16.071  -40.625  -6.168 0.0000000000
21136  9.993  -40.378  -5.303 0.0000000000
21137  9.030  -40.441  -5.580 0.0000000000
21138  7.916  -40.531  -5.644 0.0000000000
21139  6.819  -40.604  -5.342 0.0000000000
21140  5.804  -40.414  -4.835 0.0000000000
21141  5.373  -40.663  -4.709 0.0000000000
21152  16.501  -40.069  -6.324 0.0000000000
21153  16.010  -40.181  -6.793 0.0000000000
21154  6.389  -40.855  -6.861 0.0000000000
21155  5.693  -40.706  -6.612 0.0000000000
21156  4.741  -40.527  -6.561 0.0000000000
21166  15.634  -40.337  -7.548 0.0000000000
21167  8.526  -41.153  -8.149 0.0000000000
21168  8.037  -40.830  -7.966 0.0000000000
21169  7.109  -40.613  -7.332 0.0000000000
21181  15.502  -40.337  -8.536 0.0000000000
21182  11.140  -41.312  -9.153 0.0000000000
21183  10.785  -41.152  -8.998 0.0000000000
21184  10.005  -40.979  -8.856 0.0000000000
21185  8.929  -40.694  -8.637 0.0000000000
21186  8.236  -40.172  -8.495 0.0000000000
21196  15.450  -40.271  -9.630 0.0000000000
21197  12.111  -40.778  -9.721 0.0000000000
21198  11.453  -40.783  -9.302 0.0000000000
21199  10.650  -40.398  -9.198 0.0000000000
21200  9.756  -40.172  -9.232 0.0000000000
21201  9.061  -39.886  -9.242 0.0000000000
21211  15.499  -40.135  -10.861 0.0000000000
21212  12.897  -39.935  -10.785 0.0000000000
21213  12.491  -40.379  -10.231 0.0000000000
21221  15.731  -40.361  -12.033 0.0000000000
21222  13.075  -39.774  -11.799 0.0000000000
21223  12.671  -40.590  -11.232 0.0000000000
21229  15.901  -40.521  -13.021 0.0000000000
21230  13.041  -39.376  -13.287 0.0000000000
21231  12.673  -40.477  -12.585 0.0000000000
21236  15.323  -40.615  -13.618 0.0000000000
21237  14.720  -40.517  -14.375 0.0000000000
21238  12.729  -39.264  -14.138 0.0000000000
21239  12.435  -39.978  -14.142 0.0000000000
21246  14.158  -40.334  -15.324 0.0000000000
21247  12.018  -40.300  -15.331 0.0000000000
21248  11.682  -40.874  -15.369 0.0000000000
21255  13.636  -40.302  -16.069 0.0000000000
21256  13.040  -40.418  -16.336 0.0000000000
21257  12.398  -40.684  -16.048 0.0000000000
21258  11.878  -40.935  -15.679 0.0000000000
21936  20.775  -38.769  -0.864 0.0000000000
21937  20.529  -39.400  -0.210 0.0000000000
21946  20.657  -38.783  -1.399 0.0000000000
21947  20.221  -39.363  -1.429 0.0000000000
21948  19.736  -40.025  -1.649 0.0000000000
21956  19.235  -38.637  -2.935 0.0000000000
21957  18.598  -39.345  -2.673 0.0000000000
21958  18.078  -39.464  -2.879 0.0000000000
21959  17.594  -39.975  -2.783 0.0000000000
21966  17.821  -38.958  -3.333 0.0000000000
21967  17.263  -39.427  -3.283 0.0000000000
21968  16.352  -39.370  -3.783 0.0000000000
21969  15.530  -39.950  -3.772 0.0000000000
21970  14.988  -40.308  -3.753 0.0000000000
21979  16.040  -38.902  -4.321 0.0000000000
21980  15.538  -39.239  -4.318 0.0000000000
21981  14.665  -39.756  -4.231 0.0000000000
21982  13.777  -39.708  -4.414 0.0000000000
21983  12.862  -39.702  -4.448 0.0000000000
21984  11.913  -39.936  -4.507 0.0000000000
21985  11.232  -39.960  -4.759 0.0000000000
21986  6.565  -39.009  -4.966 0.0000000000
21987  5.798  -39.169  -4.635 0.0000000000
21988  4.753  -39.100  -4.475 0.0000000000
21989  3.674  -39.138  -4.447 0.0000000000
22002  20.687  -39.933  -5.579 0.0000000000
22003  19.786  -39.898  -5.463 0.0000000000
22004  18.768  -39.795  -5.453 0.0000000000
22005  17.753  -39.629  -5.794 0.0000000000
22006  16.997  -39.721  -6.170 0.0000000000
22007  12.207  -39.269  -4.772 0.0000000000
22008  11.488  -39.317  -4.879 0.0000000000
22009  10.609  -39.544  -5.085 0.0000000000
22010  9.564  -39.507  -5.395 0.0000000000
22011  8.429  -39.476  -5.507 0.0000000000
22012  7.247  -39.469  -5.372 0.0000000000
22013  6.440  -39.715  -5.111 0.0000000000
22014  5.181  -39.011  -6.232 0.0000000000
22015  4.697  -39.076  -6.113 0.0000000000
22016  3.939  -38.922  -5.986 0.0000000000
22029  17.409  -39.211  -6.388 0.0000000000
22030  16.707  -39.385  -6.855 0.0000000000
22031  16.090  -39.733  -7.365 0.0000000000
22032  6.372  -40.092  -6.826 0.0000000000
22033  5.393  -39.636  -6.370 0.0000000000
22034  4.284  -39.643  -6.311 0.0000000000
22046  16.398  -39.174  -7.701 0.0000000000
22047  15.886  -39.678  -8.087 0.0000000000
22048  7.711  -39.966  -7.997 0.0000000000
22049  7.045  -39.608  -7.469 0.0000000000
22061  16.233  -39.023  -8.545 0.0000000000
22062  15.795  -39.610  -9.045 0.0000000000
22063  8.570  -39.882  -8.964 0.0000000000
22064  7.958  -39.535  -8.897 0.0000000000
22074  16.205  -38.919  -9.566 0.0000000000
22075  15.813  -39.546  -10.121 0.0000000000
22076  12.139  -40.055  -9.545 0.0000000000
22077  11.373  -39.757  -9.390 0.0000000000
22078  10.454  -39.505  -9.454 0.0000000000
22079  9.514  -39.336  -9.619 0.0000000000
22080  8.583  -39.317  -9.651 0.0000000000
22081  7.866  -39.023  -9.664 0.0000000000
22089  16.380  -38.944  -10.878 0.0000000000
22090  15.874  -39.534  -10.866 0.0000000000
22091  13.212  -39.205  -10.914 0.0000000000
22092  12.679  -39.558  -10.101 0.0000000000
22100  16.710  -39.122  -12.192 0.0000000000
22101  16.069  -39.648  -11.593 0.0000000000
22102  13.484  -38.753  -12.209 0.0000000000
22108  16.397  -38.937  -13.208 0.0000000000
22109  16.289  -39.786  -12.687 0.0000000000
22110  13.422  -38.472  -13.522 0.0000000000
22115  15.891  -38.637  -13.625 0.0000000000
22116  15.487  -39.316  -13.824 0.0000000000
22117  15.016  -39.984  -14.137 0.0000000000
22118  12.964  -38.633  -14.530 0.0000000000
22119  12.636  -39.192  -14.552 0.0000000000
22126  14.750  -38.749  -14.611 0.0000000000
22127  14.473  -39.400  -14.861 0.0000000000
22128  12.864  -38.487  -15.325 0.0000000000
22129  12.606  -39.091  -15.294 0.0000000000
22137  13.880  -39.454  -15.811 0.0000000000
22138  13.282  -39.461  -16.242 0.0000000000
22139  12.648  -39.690  -16.058 0.0000000000
22805  21.204  -38.029  -0.450 0.0000000000
22806  20.875  -38.678  -0.120 0.0000000000
22817  20.881  -38.179  -1.557 0.0000000000
22818  20.541  -38.685  -1.703 0.0000000000
22829  20.764  -37.472  -2.936 0.0000000000
22830  19.930  -37.917  -3.214 0.0000000000
22831  19.036  -38.584  -3.086 0.0000000000
22832  18.559  -38.978  -2.976 0.0000000000
22843  19.775  -37.651  -3.434 0.0000000000
22844  19.286  -37.968  -3.447 0.0000000000
22845  18.410  -38.488  -3.388 0.0000000000
22846  17.459  -38.440  -3.844 0.0000000000
22847  16.908  -38.917  -3.785 0.0000000000
22856  17.074  -38.026  -4.358 0.0000000000
22857  16.558  -38.481  -4.318 0.0000000000
22858  15.668  -38.476  -4.747 0.0000000000
22859  14.894  -38.891  -4.777 0.0000000000
22860  14.142  -39.126  -4.771 0.0000000000
22861  13.476  -39.204  -4.758 0.0000000000
22862  6.941  -38.706  -5.101 0.0000000000
22863  6.347  -38.110  -4.588 0.0000000000
22864  5.025  -38.069  -4.205 0.0000000000
22865  3.876  -38.020  -4.143 0.0000000000
22866  2.945  -38.019  -4.296 0.0000000000
22879  21.118  -39.436  -5.700 0.0000000000
22880  20.576  -39.245  -5.689 0.0000000000
22881  19.666  -39.050  -5.683 0.0000000000
22882  18.712  -38.913  -5.865 0.0000000000
22883  18.005  -38.859  -6.242 0.0000000000
22884  15.003  -38.268  -5.203 0.0000000000
22885  14.329  -38.498  -5.227 0.0000000000
22886  13.700  -38.763  -5.107 0.0000000000
22887  12.922  -38.839  -5.078 0.0000000000
22888  11.996  -38.684  -5.178 0.0000000000
22889  11.107  -38.664  -5.230 0.0000000000
22890  10.160  -38.702  -5.416 0.0000000000
22891  9.071  -38.649  -5.575 0.0000000000
22892  7.691  -38.375  -5.288 0.0000000000
22893  6.982  -37.518  -4.930 0.0000000000
22894  4.970  -38.659  -6.160 0.0000000000
22895  4.347  -38.403  -5.924 0.0000000000
22896  3.224  -38.123  -5.584 0.0000000000
22911  21.579  -38.843  -5.971 0.0000000000
22912  20.581  -38.443  -6.038 0.0000000000
22913  19.597  -38.238  -6.149 0.0000000000
22914  18.638  -38.194  -6.442 0.0000000000
22915  17.649  -38.456  -6.949 0.0000000000
22916  16.937  -38.746  -7.449 0.0000000000
22917  6.341  -39.138  -6.916 0.0000000000
22918  5.560  -38.627  -6.461 0.0000000000
22935  17.332  -38.208  -7.794 0.0000000000
22936  16.744  -38.573  -8.112 0.0000000000
22937  7.449  -39.315  -8.242 0.0000000000
22938  6.922  -38.679  -7.901 0.0000000000
22951  17.141  -38.102  -8.445 0.0000000000
22952  16.690  -38.340  -8.988 0.0000000000
22953  7.450  -38.850  -8.985 0.0000000000
22954  7.010  -38.062  -8.946 0.0000000000
22962  16.732  -38.277  -9.979 0.0000000000
22963  12.117  -39.089  -9.647 0.0000000000
22964  11.215  -38.737  -9.554 0.0000000000
22965  10.152  -38.553  -9.709 0.0000000000
22966  9.110  -38.443  -10.275 0.0000000000
22967  8.130  -38.640  -10.347 0.0000000000
22968  7.388  -38.350  -10.009 0.0000000000
22969  6.838  -37.690  -9.854 0.0000000000
22979  17.570  -38.009  -11.374 0.0000000000
22980  16.981  -38.297  -10.897 0.0000000000
22981  13.663  -38.271  -10.971 0.0000000000
22982  12.927  -38.653  -10.095 0.0000000000
22983  8.372  -38.052  -10.779 0.0000000000
22984  7.609  -37.958  -10.988 0.0000000000
22985  6.951  -37.720  -10.721 0.0000000000
22986  6.645  -37.459  -10.298 0.0000000000
22995  17.551  -37.937  -12.296 0.0000000000
22996  17.127  -38.507  -11.770 0.0000000000
22997  14.333  -37.446  -12.685 0.0000000000
22998  13.920  -38.024  -12.076 0.0000000000
22999  7.311  -37.644  -11.278 0.0000000000
23000  7.161  -37.758  -11.112 0.0000000000
23008  17.238  -37.668  -12.751 0.0000000000
23009  16.948  -38.192  -12.896 0.0000000000
23010  14.165  -37.250  -13.755 0.0000000000
23011  13.853  -37.941  -13.117 0.0000000000
23017  16.096  -38.075  -13.585 0.0000000000
23018  15.478  -38.155  -14.016 0.0000000000
23019  14.023  -37.173  -14.309 0.0000000000
23020  13.676  -37.690  -14.330 0.0000000000
23027  14.940  -38.216  -14.503 0.0000000000
23028  14.250  -38.253  -15.239 0.0000000000
23029  13.347  -38.233  -15.354 0.0000000000
23030  12.858  -38.494  -15.636 0.0000000000
23039  14.071  -38.862  -15.619 0.0000000000
23040  13.586  -38.733  -15.854 0.0000000000
23041  12.926  -38.719  -16.046 0.0000000000
23719  22.766  -36.162  -0.889 0.0000000000
23720  22.606  -36.350  -0.896 0.0000000000
23740  22.618  -36.394  -1.498 0.0000000000
23741  22.364  -36.634  -1.666 0.0000000000
23759  21.487  -37.046  -2.581 0.0000000000
23760  20.796  -37.244  -3.058 0.0000000000
23771  20.195  -37.272  -3.376 0.0000000000
23772  19.563  -37.251  -3.636 0.0000000000
23773  18.796  -37.609  -3.756 0.0000000000
23774  18.103  -37.815  -3.923 0.0000000000
23781  19.031  -36.939  -3.987 0.0000000000
23782  18.353  -37.103  -4.205 0.0000000000
23783  17.488  -37.397  -4.482 0.0000000000
23784  16.738  -37.710  -4.716 0.0000000000
23785  16.154  -37.935  -4.887 0.0000000000
23786  6.178  -36.949  -4.420 0.0000000000
23787  5.213  -37.056  -4.037 0.0000000000
23788  4.069  -37.004  -3.783 0.0000000000
23789  2.963  -37.018  -3.950 0.0000000000
23790  2.709  -37.510  -4.526 0.0000000000
23799  16.885  -37.089  -5.027 0.0000000000
23800  16.278  -37.296  -5.216 0.0000000000
23801  15.509  -37.666  -5.347 0.0000000000
23802  14.556  -37.735  -5.671 0.0000000000
23803  13.644  -38.167  -5.590 0.0000000000
23804  12.667  -38.107  -5.628 0.0000000000
23805  11.734  -38.019  -5.647 0.0000000000
23806  10.789  -37.980  -5.688 0.0000000000
23807  9.800  -37.996  -5.808 0.0000000000
23808  8.743  -37.821  -5.778 0.0000000000
23809  7.758  -37.292  -5.570 0.0000000000
23810  6.863  -36.749  -5.077 0.0000000000
23811  4.944  -38.141  -6.179 0.0000000000
23812  4.220  -37.472  -5.741 0.0000000000
23813  2.837  -37.089  -4.806 0.0000000000
23826  22.501  -38.067  -6.528 0.0000000000
23827  21.529  -37.847  -6.493 0.0000000000
23828  20.530  -37.633  -6.588 0.0000000000
23829  19.535  -37.532  -6.808 0.0000000000
23830  18.599  -37.606  -7.203 0.0000000000
23831  17.926  -37.750  -7.637 0.0000000000
23832  13.974  -37.577  -5.959 0.0000000000
23833  13.367  -37.488  -6.075 0.0000000000
23834  12.456  -37.459  -6.178 0.0000000000
23835  11.522  -37.408  -6.299 0.0000000000
23836  10.506  -37.418  -6.332 0.0000000000
23837  9.525  -37.397  -6.266 0.0000000000
23838  8.651  -37.120  -6.200 0.0000000000
23839  7.979  -36.718  -6.120 0.0000000000
23840  6.220  -38.308  -7.100 0.0000000000
23841  5.489  -37.543  -6.665 0.0000000000
23842  4.649  -36.827  -6.265 0.0000000000
23856  23.429  -37.391  -6.964 0.0000000000
23857  22.479  -37.199  -6.988 0.0000000000
23858  21.505  -37.087  -7.142 0.0000000000
23859  20.500  -37.021  -7.356 0.0000000000
23860  19.518  -37.009  -7.650 0.0000000000
23861  18.619  -37.159  -8.186 0.0000000000
23862  17.717  -37.635  -8.367 0.0000000000
23863  11.172  -37.095  -6.780 0.0000000000
23864  10.695  -36.968  -6.959 0.0000000000
23865  6.345  -37.699  -7.901 0.0000000000
23866  5.805  -37.024  -7.549 0.0000000000
23876  18.300  -37.180  -9.307 0.0000000000
23877  17.323  -37.766  -9.139 0.0000000000
23878  16.940  -38.047  -9.430 0.0000000000
23879  6.495  -37.348  -8.995 0.0000000000
23890  18.421  -37.269  -10.353 0.0000000000
23891  17.693  -37.542  -9.961 0.0000000000
23892  17.156  -37.876  -9.762 0.0000000000
23893  13.014  -37.208  -10.041 0.0000000000
23894  12.194  -37.802  -9.700 0.0000000000
23895  10.893  -37.710  -9.646 0.0000000000
23896  9.804  -37.576  -10.117 0.0000000000
23897  9.283  -37.884  -10.411 0.0000000000
23898  6.330  -37.166  -9.814 0.0000000000
23908  19.187  -37.049  -11.285 0.0000000000
23909  18.655  -37.362  -11.146 0.0000000000
23910  17.983  -37.627  -10.860 0.0000000000
23911  17.318  -37.917  -10.457 0.0000000000
23912  14.469  -36.936  -11.124 0.0000000000
23913  13.751  -37.282  -10.558 0.0000000000
23914  13.143  -37.856  -10.169 0.0000000000
23915  9.485  -36.988  -10.546 0.0000000000
23916  8.969  -37.517  -10.766 0.0000000000
23917  8.216  -37.474  -11.342 0.0000000000
23918  6.744  -37.459  -10.978 0.0000000000
23919  6.448  -37.114  -10.555 0.0000000000
23925  19.016  -36.710  -11.534 0.0000000000
23926  18.686  -36.980  -11.642 0.0000000000
23927  18.185  -37.431  -11.940 0.0000000000
23928  15.199  -36.447  -12.614 0.0000000000
23929  14.755  -37.014  -12.138 0.0000000000
23930  14.176  -37.540  -11.548 0.0000000000
23931  7.578  -37.319  -11.570 0.0000000000
23932  6.966  -37.398  -11.334 0.0000000000
23933  6.658  -37.241  -11.055 0.0000000000
23941  17.424  -37.148  -12.668 0.0000000000
23942  16.845  -37.220  -13.095 0.0000000000
23943  15.174  -36.263  -13.268 0.0000000000
23944  14.781  -36.675  -13.336 0.0000000000
23951  16.251  -37.302  -13.485 0.0000000000
23952  15.367  -37.221  -14.091 0.0000000000
23953  14.466  -37.046  -14.243 0.0000000000
23954  13.985  -37.195  -14.560 0.0000000000
23962  15.096  -37.689  -14.394 0.0000000000
23963  14.629  -37.558  -14.604 0.0000000000
23964  14.007  -37.448  -14.903 0.0000000000
24636  22.909  -35.574  0.112 0.0000000000
24656  23.195  -35.608  -0.564 0.0000000000
24669  22.948  -36.081  -1.696 0.0000000000
24670  22.503  -36.499  -1.823 0.0000000000
24686  22.620  -35.898  -2.744 0.0000000000
24687  22.079  -36.593  -2.516 0.0000000000
24688  21.336  -36.903  -2.873 0.0000000000
24701  22.306  -35.757  -3.219 0.0000000000
24702  21.892  -36.097  -3.153 0.0000000000
24703  20.902  -36.447  -3.321 0.0000000000
24704  20.087  -36.841  -3.547 0.0000000000
24705  4.600  -35.400  -3.554 0.0000000000
24706  3.824  -35.352  -3.455 0.0000000000
24707  3.374  -35.180  -3.516 0.0000000000
24721  20.435  -35.788  -3.722 0.0000000000
24722  19.709  -36.276  -3.899 0.0000000000
24723  18.726  -36.335  -4.364 0.0000000000
24724  17.987  -36.427  -4.676 0.0000000000
24725  6.104  -36.032  -4.569 0.0000000000
24726  5.353  -36.110  -3.860 0.0000000000
24727  4.360  -36.132  -3.554 0.0000000000
24728  3.233  -35.775  -3.666 0.0000000000
24738  17.313  -36.473  -5.098 0.0000000000
24739  16.575  -36.461  -5.486 0.0000000000
24740  15.785  -36.830  -5.670 0.0000000000
24741  15.092  -37.089  -5.847 0.0000000000
24742  7.372  -36.573  -5.735 0.0000000000
24743  6.680  -35.931  -5.487 0.0000000000
24744  3.796  -36.317  -5.482 0.0000000000
24745  2.792  -36.033  -4.430 0.0000000000
24754  16.014  -36.128  -5.933 0.0000000000
24755  15.298  -36.360  -6.148 0.0000000000
24756  14.293  -36.841  -6.252 0.0000000000
24757  13.188  -36.699  -6.593 0.0000000000
24758  12.327  -36.908  -6.694 0.0000000000
24759  11.747  -36.906  -6.880 0.0000000000
24760  10.082  -37.066  -6.771 0.0000000000
24761  9.391  -36.863  -6.816 0.0000000000
24762  8.525  -36.544  -6.737 0.0000000000
24763  7.501  -36.043  -6.490 0.0000000000
24764  6.799  -35.562  -6.044 0.0000000000
24765  5.217  -36.511  -6.961 0.0000000000
24766  4.513  -36.221  -6.391 0.0000000000
24778  23.391  -36.451  -7.373 0.0000000000
24779  22.490  -36.435  -7.617 0.0000000000
24780  21.551  -36.435  -7.990 0.0000000000
24781  20.473  -36.572  -8.213 0.0000000000
24782  19.609  -36.683  -8.566 0.0000000000
24783  19.021  -36.789  -8.990 0.0000000000
24784  12.748  -36.432  -6.917 0.0000000000
24785  12.272  -36.375  -7.123 0.0000000000
24786  11.394  -36.478  -7.279 0.0000000000
24787  10.321  -36.463  -7.465 0.0000000000
24788  9.260  -36.367  -7.452 0.0000000000
24789  8.339  -36.037  -7.431 0.0000000000
24790  7.691  -35.756  -7.225 0.0000000000
24791  6.055  -37.032  -8.318 0.0000000000
24792  5.399  -36.530  -8.126 0.0000000000
24793  4.796  -36.036  -8.370 0.0000000000
24803  21.289  -36.127  -8.811 0.0000000000
24804  20.495  -36.413  -9.169 0.0000000000
24805  19.745  -36.679  -9.470 0.0000000000
24806  19.109  -36.832  -9.630 0.0000000000
24807  9.854  -35.989  -7.978 0.0000000000
24808  9.111  -35.880  -8.161 0.0000000000
24809  8.367  -35.674  -8.195 0.0000000000
24810  5.886  -36.764  -9.044 0.0000000000
24811  5.119  -36.323  -9.010 0.0000000000
24812  4.519  -35.774  -8.854 0.0000000000
24822  21.286  -35.933  -9.813 0.0000000000
24823  20.520  -36.520  -10.175 0.0000000000
24824  19.689  -36.882  -10.349 0.0000000000
24825  18.905  -36.978  -10.091 0.0000000000
24826  13.427  -36.475  -10.168 0.0000000000
24827  12.561  -36.612  -9.885 0.0000000000
24828  11.417  -36.593  -9.785 0.0000000000
24829  10.556  -37.051  -9.813 0.0000000000
24830  5.644  -36.526  -9.783 0.0000000000
24831  4.877  -35.918  -9.463 0.0000000000
24832  4.385  -35.424  -9.329 0.0000000000
24841  21.098  -36.073  -10.880 0.0000000000
24842  20.396  -36.776  -11.022 0.0000000000
24843  19.715  -37.090  -11.048 0.0000000000
24844  19.135  -37.147  -10.730 0.0000000000
24845  15.262  -36.117  -11.139 0.0000000000
24846  14.727  -36.375  -10.840 0.0000000000
24847  14.147  -36.470  -10.513 0.0000000000
24848  10.990  -35.951  -10.130 0.0000000000
24849  10.231  -36.455  -10.341 0.0000000000
24850  9.164  -36.479  -11.259 0.0000000000
24851  8.611  -37.025  -11.376 0.0000000000
24852  5.880  -36.329  -10.365 0.0000000000
24853  5.128  -35.868  -9.920 0.0000000000
24854  4.618  -35.444  -9.641 0.0000000000
24861  20.863  -35.670  -11.219 0.0000000000
24862  20.473  -36.004  -11.346 0.0000000000
24863  19.557  -36.405  -11.471 0.0000000000
24864  18.562  -36.243  -11.899 0.0000000000
24865  18.340  -36.774  -12.027 0.0000000000
24866  15.580  -36.112  -11.923 0.0000000000
24867  15.041  -36.562  -11.584 0.0000000000
24868  8.784  -36.063  -11.866 0.0000000000
24869  8.243  -36.492  -11.979 0.0000000000
24870  7.281  -36.441  -11.882 0.0000000000
24871  6.531  -36.679  -11.094 0.0000000000
24879  18.049  -35.779  -12.238 0.0000000000
24880  17.737  -36.276  -12.399 0.0000000000
24881  16.622  -36.289  -13.024 0.0000000000
24882  15.606  -36.025  -13.060 0.0000000000
24883  15.137  -36.238  -13.506 0.0000000000
24884  8.036  -35.984  -12.418 0.0000000000
24885  7.812  -36.166  -12.261 0.0000000000
24894  16.358  -36.775  -13.343 0.0000000000
24895  15.831  -36.576  -13.533 0.0000000000
24896  15.136  -36.458  -13.750 0.0000000000
25607  23.491  -34.615  0.012 0.0000000000
25608  23.182  -34.971  0.361 0.0000000000
25625  23.722  -34.636  -0.666 0.0000000000
25626  23.448  -35.048  -0.368 0.0000000000
25639  23.836  -34.582  -1.589 0.0000000000
25640  23.544  -35.268  -1.188 0.0000000000
25651  23.951  -34.635  -1.962 0.0000000000
25652  23.530  -35.164  -2.391 0.0000000000
25660  22.781  -35.253  -3.392 0.0000000000
25661  21.967  -35.603  -3.551 0.0000000000
25662  21.454  -35.859  -3.415 0.0000000000
25663  4.637  -34.957  -3.628 0.0000000000
25664  4.095  -34.805  -3.479 0.0000000000
25665  3.539  -34.840  -3.476 0.0000000000
25676  22.703  -34.777  -3.850 0.0000000000
25677  22.206  -34.955  -3.943 0.0000000000
25678  21.202  -35.293  -3.834 0.0000000000
25679  20.117  -35.183  -4.118 0.0000000000
25680  19.006  -35.328  -4.668 0.0000000000
25681  18.359  -35.869  -4.734 0.0000000000
25682  6.000  -35.350  -4.891 0.0000000000
25683  5.253  -35.019  -4.124 0.0000000000
25684  4.519  -34.627  -3.757 0.0000000000
25685  3.098  -34.802  -3.614 0.0000000000
25693  18.570  -34.756  -5.183 0.0000000000
25694  17.844  -35.399  -5.303 0.0000000000
25695  17.097  -35.944  -5.458 0.0000000000
25696  6.116  -34.928  -5.600 0.0000000000
25697  5.639  -34.779  -4.857 0.0000000000
25698  3.188  -35.412  -5.131 0.0000000000
25699  2.546  -34.744  -4.363 0.0000000000
25706  17.370  -34.868  -5.827 0.0000000000
25707  16.710  -35.407  -5.902 0.0000000000
25708  15.721  -35.532  -6.320 0.0000000000
25709  14.852  -35.669  -6.611 0.0000000000
25710  13.945  -36.047  -6.751 0.0000000000
25711  7.343  -35.618  -6.957 0.0000000000
25712  6.777  -35.279  -6.648 0.0000000000
25713  4.678  -36.032  -6.822 0.0000000000
25714  3.975  -35.399  -6.487 0.0000000000
25715  3.083  -34.696  -5.544 0.0000000000
25725  24.187  -35.493  -7.454 0.0000000000
25726  23.285  -35.484  -7.620 0.0000000000
25727  22.509  -35.511  -8.071 0.0000000000
25728  21.922  -35.763  -8.528 0.0000000000
25729  14.196  -35.301  -7.000 0.0000000000
25730  13.166  -35.722  -7.177 0.0000000000
25731  12.155  -35.630  -7.494 0.0000000000
25732  11.287  -35.522  -7.761 0.0000000000
25733  10.465  -35.632  -7.950 0.0000000000
25734  7.854  -35.693  -7.820 0.0000000000
25735  7.240  -35.363  -7.566 0.0000000000
25736  6.569  -34.739  -7.412 0.0000000000
25737  4.778  -35.971  -7.481 0.0000000000
25738  4.308  -35.281  -8.028 0.0000000000
25751  22.238  -35.149  -8.551 0.0000000000
25752  21.802  -35.315  -9.101 0.0000000000
25753  10.821  -34.953  -8.102 0.0000000000
25754  9.919  -35.135  -8.381 0.0000000000
25755  8.826  -35.116  -8.714 0.0000000000
25756  7.752  -35.088  -8.494 0.0000000000
25757  6.881  -34.673  -8.205 0.0000000000
25758  6.465  -34.405  -7.940 0.0000000000
25759  3.931  -35.006  -8.883 0.0000000000
25760  3.550  -34.559  -9.170 0.0000000000
25770  21.616  -35.071  -9.792 0.0000000000
25771  15.689  -35.001  -10.441 0.0000000000
25772  15.152  -35.183  -10.336 0.0000000000
25773  14.152  -35.619  -10.214 0.0000000000
25774  13.027  -35.650  -9.998 0.0000000000
25775  12.232  -35.922  -9.916 0.0000000000
25776  4.053  -34.885  -9.534 0.0000000000
25777  3.662  -34.474  -9.419 0.0000000000
25789  21.366  -35.192  -10.465 0.0000000000
25790  16.452  -35.088  -11.312 0.0000000000
25791  15.930  -35.452  -11.052 0.0000000000
25792  14.943  -35.833  -10.616 0.0000000000
25793  14.468  -36.082  -10.501 0.0000000000
25794  12.434  -35.304  -10.069 0.0000000000
25795  11.657  -35.466  -10.205 0.0000000000
25796  10.737  -35.438  -10.670 0.0000000000
25797  9.911  -35.754  -11.088 0.0000000000
25798  6.071  -35.889  -10.688 0.0000000000
25799  5.370  -35.508  -10.269 0.0000000000
25800  4.635  -35.118  -9.977 0.0000000000
25810  21.047  -35.069  -11.115 0.0000000000
25811  20.484  -35.147  -11.390 0.0000000000
25812  19.722  -35.294  -11.620 0.0000000000
25813  18.868  -35.421  -11.842 0.0000000000
25814  17.240  -34.906  -12.199 0.0000000000
25815  16.614  -35.141  -11.916 0.0000000000
25816  16.043  -35.666  -12.177 0.0000000000
25817  10.260  -35.066  -11.389 0.0000000000
25818  9.277  -35.387  -11.970 0.0000000000
25819  8.637  -35.860  -12.126 0.0000000000
25820  7.139  -35.431  -11.897 0.0000000000
25821  6.635  -35.703  -11.252 0.0000000000
25830  18.228  -35.385  -12.150 0.0000000000
25831  17.682  -35.239  -12.306 0.0000000000
25832  17.002  -35.434  -12.605 0.0000000000
25833  16.351  -35.652  -12.626 0.0000000000
25834  9.045  -34.929  -12.672 0.0000000000
25835  8.445  -35.432  -12.503 0.0000000000
25836  7.711  -35.583  -12.403 0.0000000000
26523  23.602  -34.174  -0.100 0.0000000000
26524  23.339  -34.423  0.551 0.0000000000
26538  23.850  -34.020  -1.079 0.0000000000
26552  24.174  -34.034  -2.081 0.0000000000
26566  23.955  -34.243  -2.848 0.0000000000
26567  23.491  -34.725  -3.237 0.0000000000
26576  23.667  -34.182  -3.600 0.0000000000
26577  23.153  -34.591  -3.771 0.0000000000
26578  3.701  -34.514  -3.513 0.0000000000
26579  3.389  -34.406  -3.522 0.0000000000
26589  23.510  -34.040  -3.954 0.0000000000
26590  22.580  -34.547  -4.372 0.0000000000
26591  21.904  -34.353  -4.451 0.0000000000
26592  20.879  -34.314  -4.396 0.0000000000
26593  19.782  -34.266  -4.595 0.0000000000
26594  19.059  -34.455  -4.978 0.0000000000
26595  4.700  -34.349  -4.089 0.0000000000
26596  3.919  -34.035  -3.801 0.0000000000
26597  2.916  -33.946  -3.675 0.0000000000
26605  19.295  -33.878  -4.992 0.0000000000
26606  18.736  -34.061  -5.342 0.0000000000
26607  18.263  -34.520  -5.476 0.0000000000
26608  5.734  -34.346  -5.643 0.0000000000
26609  5.066  -33.810  -4.957 0.0000000000
26610  4.044  -33.488  -4.298 0.0000000000
26611  2.450  -33.507  -4.442 0.0000000000
26618  18.337  -34.083  -5.617 0.0000000000
26619  17.878  -34.305  -5.811 0.0000000000
26620  17.098  -34.349  -6.237 0.0000000000
26621  16.057  -34.520  -6.543 0.0000000000
26622  15.418  -35.058  -6.623 0.0000000000
26623  5.896  -34.299  -6.449 0.0000000000
26624  5.231  -33.455  -6.345 0.0000000000
26625  3.101  -34.452  -6.401 0.0000000000
26626  2.508  -33.620  -5.614 0.0000000000
26627  1.985  -32.769  -5.829 0.0000000000
26635  24.768  -34.472  -7.616 0.0000000000
26636  23.906  -34.504  -7.542 0.0000000000
26637  23.139  -34.537  -7.788 0.0000000000
26638  22.609  -34.536  -8.235 0.0000000000
26639  15.736  -34.040  -6.807 0.0000000000
26640  15.076  -34.492  -6.947 0.0000000000
26641  13.913  -34.545  -7.357 0.0000000000
26642  12.759  -34.591  -7.718 0.0000000000
26643  11.990  -35.020  -7.756 0.0000000000
26644  6.064  -34.093  -7.649 0.0000000000
26645  5.399  -33.501  -7.380 0.0000000000
26646  3.452  -34.663  -7.443 0.0000000000
26647  2.512  -33.925  -6.998 0.0000000000
26648  2.008  -32.941  -6.571 0.0000000000
26661  22.205  -34.490  -8.753 0.0000000000
26662  21.870  -34.398  -9.377 0.0000000000
26663  12.484  -33.987  -8.019 0.0000000000
26664  11.745  -34.352  -8.087 0.0000000000
26665  10.651  -34.159  -8.526 0.0000000000
26666  9.477  -34.003  -9.070 0.0000000000
26667  8.261  -34.200  -9.079 0.0000000000
26668  7.195  -33.899  -8.910 0.0000000000
26669  6.400  -33.833  -8.412 0.0000000000
26670  5.700  -33.401  -8.196 0.0000000000
26671  3.710  -34.764  -8.249 0.0000000000
26672  3.014  -34.262  -8.352 0.0000000000
26673  2.244  -33.186  -7.675 0.0000000000
26683  21.609  -34.325  -10.133 0.0000000000
26684  16.370  -34.223  -10.342 0.0000000000
26685  15.593  -34.426  -10.160 0.0000000000
26686  14.619  -34.558  -10.084 0.0000000000
26687  13.482  -34.579  -10.158 0.0000000000
26688  12.838  -35.007  -10.097 0.0000000000
26689  9.183  -33.266  -9.276 0.0000000000
26690  8.609  -33.310  -9.286 0.0000000000
26691  7.780  -33.294  -9.280 0.0000000000
26692  3.755  -34.362  -9.622 0.0000000000
26693  3.162  -33.967  -9.276 0.0000000000
26694  2.564  -33.372  -8.561 0.0000000000
26704  21.326  -34.315  -10.854 0.0000000000
26705  17.444  -34.229  -11.460 0.0000000000
26706  16.789  -34.640  -11.024 0.0000000000
26707  16.084  -34.789  -10.522 0.0000000000
26708  13.021  -33.980  -10.461 0.0000000000
26709  12.415  -34.534  -10.456 0.0000000000
26710  11.366  -34.625  -10.860 0.0000000000
26711  10.792  -34.857  -11.094 0.0000000000
26712  5.904  -34.785  -10.493 0.0000000000
26713  4.827  -34.545  -10.142 0.0000000000
26714  4.036  -34.423  -9.911 0.0000000000
26715  3.615  -34.011  -9.661 0.0000000000
26726  21.049  -34.300  -11.212 0.0000000000
26727  20.670  -34.274  -11.458 0.0000000000
26728  19.930  -34.285  -11.753 0.0000000000
26729  18.922  -34.366  -11.970 0.0000000000
26730  17.861  -34.271  -12.079 0.0000000000
26731  17.180  -34.617  -11.803 0.0000000000
26732  11.378  -34.066  -11.331 0.0000000000
26733  10.775  -34.281  -11.579 0.0000000000
26734  9.989  -34.579  -11.943 0.0000000000
26735  7.356  -34.570  -12.171 0.0000000000
26736  6.804  -34.508  -11.185 0.0000000000
26745  18.319  -34.829  -12.084 0.0000000000
26746  17.972  -34.890  -12.211 0.0000000000
26747  10.296  -34.045  -12.276 0.0000000000
26748  9.587  -34.292  -12.687 0.0000000000
26749  8.828  -34.335  -13.017 0.0000000000
26750  8.006  -34.596  -12.824 0.0000000000
26758  9.293  -33.922  -13.142 0.0000000000
26759  9.066  -33.855  -13.246 0.0000000000
27409  23.495  -34.117  0.410 0.0000000000
27416  23.666  -33.739  -0.087 0.0000000000
27417  21.898  -34.445  -0.244 0.0000000000
27427  24.342  -33.487  -1.972 0.0000000000
27428  21.976  -33.374  -1.200 0.0000000000
27429  20.966  -33.858  -1.355 0.0000000000
27441  24.288  -33.760  -2.841 0.0000000000
27449  24.100  -33.682  -3.494 0.0000000000
27456  23.653  -33.885  -4.090 0.0000000000
27457  23.175  -33.903  -4.369 0.0000000000
27458  22.605  -33.765  -4.647 0.0000000000
27459  21.714  -33.580  -4.775 0.0000000000
27460  20.627  -33.480  -4.573 0.0000000000
27461  3.573  -33.379  -4.047 0.0000000000
27462  3.315  -33.568  -3.794 0.0000000000
27472  19.761  -33.356  -4.706 0.0000000000
27473  19.155  -33.282  -5.160 0.0000000000
27474  4.271  -32.880  -5.261 0.0000000000
27475  3.750  -32.900  -4.663 0.0000000000
27476  2.991  -33.100  -4.074 0.0000000000
27487  18.487  -33.452  -5.708 0.0000000000
27488  17.749  -33.432  -6.273 0.0000000000
27489  16.730  -33.433  -6.677 0.0000000000
27490  16.076  -33.836  -6.774 0.0000000000
27491  4.598  -32.860  -6.001 0.0000000000
27492  3.689  -32.212  -5.741 0.0000000000
27493  2.623  -32.508  -5.323 0.0000000000
27494  1.875  -32.157  -6.313 0.0000000000
27504  25.135  -33.486  -7.809 0.0000000000
27505  24.394  -33.552  -7.622 0.0000000000
27506  23.620  -33.596  -7.653 0.0000000000
27507  22.922  -33.675  -7.926 0.0000000000
27508  16.493  -32.922  -6.943 0.0000000000
27509  15.858  -33.365  -7.090 0.0000000000
27510  14.674  -33.435  -7.492 0.0000000000
27511  13.619  -33.715  -7.736 0.0000000000
27512  12.945  -33.722  -7.971 0.0000000000
27513  4.832  -32.946  -7.040 0.0000000000
27514  4.202  -32.322  -6.986 0.0000000000
27515  1.835  -32.250  -7.281 0.0000000000
27528  22.499  -33.839  -8.392 0.0000000000
27529  22.142  -33.617  -8.873 0.0000000000
27530  14.098  -33.002  -7.894 0.0000000000
27531  13.388  -33.029  -8.070 0.0000000000
27532  12.457  -33.267  -8.231 0.0000000000
27533  11.415  -33.274  -8.530 0.0000000000
27534  10.390  -33.152  -8.984 0.0000000000
27535  9.596  -33.107  -9.237 0.0000000000
27536  6.606  -33.279  -8.949 0.0000000000
27537  6.046  -32.955  -8.870 0.0000000000
27538  4.919  -32.427  -8.343 0.0000000000
27539  4.027  -31.914  -7.736 0.0000000000
27540  2.206  -32.456  -8.275 0.0000000000
27553  21.848  -33.464  -9.660 0.0000000000
27554  17.834  -33.237  -10.591 0.0000000000
27555  17.205  -33.599  -10.437 0.0000000000
27556  16.193  -33.522  -9.982 0.0000000000
27557  15.132  -33.557  -9.977 0.0000000000
27558  14.246  -33.867  -10.103 0.0000000000
27559  9.805  -32.477  -9.321 0.0000000000
27560  8.961  -32.542  -9.344 0.0000000000
27561  7.989  -32.408  -9.444 0.0000000000
27562  6.996  -32.684  -9.600 0.0000000000
27563  6.006  -32.652  -9.445 0.0000000000
27564  5.039  -32.395  -9.532 0.0000000000
27565  4.225  -32.613  -9.692 0.0000000000
27566  3.462  -33.119  -9.512 0.0000000000
27567  2.672  -32.884  -8.984 0.0000000000
27574  21.580  -33.362  -10.578 0.0000000000
27575  18.507  -33.114  -11.473 0.0000000000
27576  17.992  -33.556  -11.236 0.0000000000
27577  17.389  -34.046  -10.985 0.0000000000
27578  14.446  -33.175  -10.225 0.0000000000
27579  13.592  -33.389  -10.495 0.0000000000
27580  12.641  -33.446  -10.914 0.0000000000
27581  11.884  -33.878  -11.106 0.0000000000
27582  6.938  -32.560  -10.171 0.0000000000
27583  6.277  -33.455  -10.272 0.0000000000
27584  5.061  -33.502  -10.115 0.0000000000
27585  4.183  -33.666  -9.980 0.0000000000
27586  3.793  -33.851  -9.810 0.0000000000
27597  21.093  -33.442  -11.367 0.0000000000
27598  20.306  -33.333  -11.799 0.0000000000
27599  19.452  -33.376  -11.957 0.0000000000
27600  18.557  -33.422  -11.871 0.0000000000
27601  18.083  -33.683  -11.855 0.0000000000
27602  12.089  -33.182  -11.437 0.0000000000
27603  11.403  -33.398  -11.780 0.0000000000
27604  10.747  -33.627  -12.173 0.0000000000
27605  7.220  -33.422  -11.246 0.0000000000
27606  6.832  -33.825  -10.862 0.0000000000
27617  10.963  -33.051  -12.414 0.0000000000
27618  10.353  -33.335  -12.860 0.0000000000
27619  9.703  -33.610  -13.146 0.0000000000
27620  8.372  -33.642  -13.074 0.0000000000
27621  7.730  -33.590  -12.496 0.0000000000
27630  9.957  -32.939  -13.392 0.0000000000
27631  9.311  -33.368  -13.332 0.0000000000
27632  8.870  -33.666  -13.271 0.0000000000
28288  23.982  -33.946  -3.238 0.0000000000
28289  23.128  -33.563  -2.901 0.0000000000
28290  21.407  -33.721  -2.676 0.0000000000
28291  20.839  -32.721  -1.638 0.0000000000
28302  23.927  -33.884  -3.525 0.0000000000
28303  23.063  -33.641  -3.280 0.0000000000
28304  22.189  -33.363  -3.278 0.0000000000
28305  21.625  -32.876  -2.609 0.0000000000
28311  23.744  -33.750  -3.965 0.0000000000
28312  23.069  -33.907  -3.967 0.0000000000
28313  22.115  -33.935  -4.015 0.0000000000
28314  21.278  -33.267  -3.802 0.0000000000
28317  23.566  -33.426  -4.383 0.0000000000
28318  23.165  -33.651  -4.387 0.0000000000
28319  22.580  -33.285  -4.712 0.0000000000
28320  21.448  -32.825  -4.893 0.0000000000
28321  20.336  -32.879  -4.625 0.0000000000
28327  20.412  -32.390  -4.765 0.0000000000
28328  19.726  -32.544  -4.843 0.0000000000
28329  19.054  -32.494  -5.407 0.0000000000
28338  18.433  -32.502  -6.066 0.0000000000
28339  17.608  -32.423  -6.557 0.0000000000
28340  16.902  -32.611  -6.838 0.0000000000
28341  2.968  -31.711  -5.936 0.0000000000
28342  2.428  -31.643  -6.435 0.0000000000
28343  1.925  -31.611  -7.059 0.0000000000
28354  25.327  -32.690  -8.038 0.0000000000
28355  24.783  -32.653  -7.728 0.0000000000
28356  24.049  -32.656  -7.579 0.0000000000
28357  23.280  -32.727  -7.735 0.0000000000
28358  17.185  -32.018  -6.862 0.0000000000
28359  16.514  -32.299  -7.170 0.0000000000
28360  15.559  -32.361  -7.615 0.0000000000
28361  14.701  -32.579  -7.876 0.0000000000
28362  3.300  -31.808  -6.995 0.0000000000
28363  2.594  -31.436  -7.580 0.0000000000
28364  2.000  -31.640  -7.952 0.0000000000
28374  25.741  -32.180  -8.362 0.0000000000
28375  22.578  -32.872  -8.263 0.0000000000
28376  22.081  -32.617  -9.042 0.0000000000
28377  15.068  -31.843  -8.088 0.0000000000
28378  14.140  -32.209  -8.266 0.0000000000
28379  13.148  -32.301  -8.483 0.0000000000
28380  12.158  -32.311  -8.815 0.0000000000
28381  11.162  -32.536  -9.045 0.0000000000
28382  10.478  -32.435  -9.282 0.0000000000
28383  4.608  -31.580  -9.061 0.0000000000
28384  3.724  -31.557  -8.449 0.0000000000
28385  2.716  -31.565  -8.584 0.0000000000
28386  2.340  -31.930  -8.573 0.0000000000
28401  21.816  -32.415  -10.011 0.0000000000
28402  18.481  -32.285  -10.467 0.0000000000
28403  17.963  -32.635  -10.296 0.0000000000
28404  16.966  -32.622  -9.907 0.0000000000
28405  15.889  -32.508  -9.913 0.0000000000
28406  14.994  -32.692  -10.147 0.0000000000
28407  11.615  -31.956  -9.353 0.0000000000
28408  10.882  -32.017  -9.541 0.0000000000
28409  10.074  -31.839  -9.508 0.0000000000
28410  9.224  -31.705  -9.502 0.0000000000
28411  8.342  -31.543  -9.548 0.0000000000
28412  7.570  -31.407  -9.728 0.0000000000
28413  4.210  -31.759  -9.362 0.0000000000
28414  3.454  -31.900  -9.314 0.0000000000
28415  2.740  -32.170  -9.088 0.0000000000
28416  2.452  -32.297  -8.751 0.0000000000
28428  21.451  -32.148  -11.090 0.0000000000
28429  19.141  -32.375  -11.471 0.0000000000
28430  18.618  -32.671  -10.910 0.0000000000
28431  18.135  -33.061  -10.679 0.0000000000
28432  15.283  -31.879  -10.338 0.0000000000
28433  14.305  -32.317  -10.647 0.0000000000
28434  13.100  -32.378  -11.329 0.0000000000
28435  12.466  -32.836  -11.412 0.0000000000
28436  7.262  -31.498  -10.198 0.0000000000
28443  20.715  -32.324  -11.762 0.0000000000
28444  19.930  -32.488  -11.990 0.0000000000
28445  19.249  -32.712  -11.840 0.0000000000
28446  18.800  -32.833  -11.612 0.0000000000
28447  12.716  -31.919  -11.925 0.0000000000
28448  12.029  -32.306  -12.051 0.0000000000
28449  11.366  -32.744  -12.312 0.0000000000
28450  7.573  -32.045  -11.019 0.0000000000
28458  11.753  -31.852  -12.823 0.0000000000
28459  11.134  -32.221  -13.087 0.0000000000
28460  10.436  -32.638  -13.304 0.0000000000
28461  8.167  -32.478  -12.859 0.0000000000
28462  7.706  -32.630  -11.984 0.0000000000
28474  11.056  -31.662  -14.016 0.0000000000
28475  10.403  -32.053  -13.782 0.0000000000
28476  9.522  -32.431  -13.578 0.0000000000
28477  8.813  -32.940  -13.375 0.0000000000
29136  20.825  -31.978  -1.945 0.0000000000
29137  19.951  -31.784  -1.484 0.0000000000
29138  19.136  -31.509  -1.242 0.0000000000
29149  21.697  -32.042  -3.591 0.0000000000
29154  21.495  -32.168  -4.773 0.0000000000
29157  20.755  -31.884  -4.939 0.0000000000
29158  20.207  -31.529  -4.923 0.0000000000
29161  20.078  -31.965  -4.763 0.0000000000
29162  19.661  -31.661  -5.088 0.0000000000
29163  18.947  -31.613  -5.632 0.0000000000
29169  18.368  -31.555  -6.231 0.0000000000
29170  17.754  -31.427  -6.666 0.0000000000
29179  25.194  -31.854  -7.918 0.0000000000
29180  24.476  -31.719  -7.645 0.0000000000
29181  23.660  -31.753  -7.625 0.0000000000
29182  22.943  -31.874  -7.919 0.0000000000
29183  17.169  -31.384  -7.138 0.0000000000
29184  16.392  -31.400  -7.582 0.0000000000
29185  15.712  -31.530  -7.876 0.0000000000
29195  26.169  -31.583  -8.599 0.0000000000
29196  25.695  -31.199  -8.214 0.0000000000
29197  22.455  -31.800  -8.498 0.0000000000
29198  21.987  -31.556  -9.288 0.0000000000
29199  16.061  -30.996  -7.940 0.0000000000
29200  15.490  -31.030  -8.168 0.0000000000
29201  14.698  -31.186  -8.407 0.0000000000
29202  13.801  -31.322  -8.710 0.0000000000
29203  12.978  -31.653  -8.953 0.0000000000
29214  21.694  -31.351  -10.283 0.0000000000
29215  19.013  -31.464  -10.432 0.0000000000
29216  18.595  -31.708  -10.290 0.0000000000
29217  17.703  -31.678  -9.949 0.0000000000
29218  16.731  -31.567  -9.935 0.0000000000
29219  15.976  -31.604  -10.124 0.0000000000
29220  13.348  -30.957  -9.282 0.0000000000
29221  12.412  -31.302  -9.596 0.0000000000
29222  11.399  -31.483  -9.886 0.0000000000
29223  10.485  -31.399  -9.964 0.0000000000
29224  9.533  -31.024  -9.878 0.0000000000
29225  8.683  -30.871  -9.737 0.0000000000
29226  7.959  -30.567  -9.774 0.0000000000
29241  21.454  -31.058  -11.050 0.0000000000
29242  19.274  -31.677  -10.872 0.0000000000
29243  18.746  -32.093  -10.585 0.0000000000
29244  16.310  -31.052  -10.226 0.0000000000
29245  15.721  -31.006  -10.476 0.0000000000
29246  14.844  -31.095  -10.918 0.0000000000
29247  13.918  -31.557  -11.306 0.0000000000
29248  11.894  -30.977  -10.311 0.0000000000
29249  11.031  -31.044  -10.735 0.0000000000
29250  10.015  -30.793  -10.485 0.0000000000
29251  9.548  -30.637  -10.177 0.0000000000
29252  7.582  -30.435  -10.267 0.0000000000
29261  21.024  -31.192  -11.659 0.0000000000
29262  20.301  -31.587  -11.914 0.0000000000
29263  19.614  -31.950  -11.771 0.0000000000
29264  14.171  -30.683  -11.600 0.0000000000
29265  13.161  -31.242  -12.164 0.0000000000
29266  12.545  -31.704  -12.258 0.0000000000
29267  10.712  -30.703  -11.169 0.0000000000
29268  10.459  -30.803  -10.917 0.0000000000
29269  7.640  -30.756  -11.065 0.0000000000
29276  12.802  -30.959  -12.848 0.0000000000
29277  12.287  -31.347  -13.002 0.0000000000
29278  11.703  -31.648  -13.256 0.0000000000
29279  8.280  -31.062  -12.877 0.0000000000
29280  7.817  -31.491  -12.026 0.0000000000
29293  12.152  -31.046  -13.755 0.0000000000
29294  11.708  -31.188  -14.024 0.0000000000
29295  10.938  -30.947  -14.567 0.0000000000
29296  9.781  -31.344  -13.936 0.0000000000
29297  8.870  -31.829  -13.474 0.0000000000
29310  11.807  -30.657  -14.473 0.0000000000
29311  11.563  -30.769  -14.502 0.0000000000
29939  18.686  -30.924  -1.148 0.0000000000
29945  21.119  -31.496  -3.231 0.0000000000
29946  20.173  -30.876  -1.686 0.0000000000
29947  19.427  -31.002  -1.491 0.0000000000
29957  21.380  -31.371  -3.853 0.0000000000
29958  21.251  -30.688  -3.257 0.0000000000
29960  20.996  -31.263  -4.877 0.0000000000
29961  21.081  -30.381  -4.954 0.0000000000
29964  20.562  -31.345  -5.033 0.0000000000
29965  20.301  -30.778  -4.979 0.0000000000
29970  19.422  -30.801  -5.282 0.0000000000
29971  18.815  -30.772  -5.745 0.0000000000
29975  18.318  -30.657  -6.276 0.0000000000
29976  17.772  -30.573  -6.817 0.0000000000
29983  25.010  -30.710  -7.753 0.0000000000
29984  24.044  -30.744  -7.568 0.0000000000
29985  23.137  -30.875  -7.838 0.0000000000
29986  22.723  -31.285  -8.147 0.0000000000
29987  17.171  -30.526  -7.466 0.0000000000
29988  16.528  -30.678  -7.826 0.0000000000
29998  26.249  -30.692  -8.572 0.0000000000
29999  25.736  -30.187  -8.128 0.0000000000
30000  22.925  -30.185  -8.103 0.0000000000
30001  22.422  -30.643  -8.593 0.0000000000
30002  21.833  -30.562  -9.633 0.0000000000
30003  16.827  -30.162  -7.926 0.0000000000
30004  16.138  -30.307  -8.230 0.0000000000
30005  15.261  -30.309  -8.519 0.0000000000
30006  14.457  -30.414  -8.789 0.0000000000
30007  13.884  -30.560  -9.035 0.0000000000
30016  26.719  -30.234  -9.031 0.0000000000
30017  21.564  -30.435  -10.471 0.0000000000
30018  19.143  -30.987  -10.285 0.0000000000
30019  18.413  -30.773  -9.913 0.0000000000
30020  17.462  -30.627  -9.944 0.0000000000
30021  16.759  -30.747  -10.122 0.0000000000
30022  14.192  -30.057  -9.162 0.0000000000
30023  13.708  -30.104  -9.528 0.0000000000
30024  13.101  -30.539  -9.779 0.0000000000
30025  9.343  -30.542  -10.066 0.0000000000
30026  8.967  -30.353  -9.945 0.0000000000
30027  8.361  -30.130  -9.872 0.0000000000
30042  21.228  -30.308  -11.203 0.0000000000
30043  20.804  -30.092  -11.401 0.0000000000
30044  20.004  -30.364  -10.936 0.0000000000
30045  16.947  -30.172  -10.166 0.0000000000
30046  16.321  -30.253  -10.373 0.0000000000
30047  15.525  -30.041  -10.720 0.0000000000
30048  14.829  -29.976  -11.231 0.0000000000
30049  13.294  -29.919  -10.041 0.0000000000
30050  12.639  -30.233  -10.439 0.0000000000
30051  11.833  -30.519  -10.890 0.0000000000
30052  9.799  -30.465  -10.691 0.0000000000
30053  9.380  -30.133  -10.438 0.0000000000
30054  8.603  -29.629  -10.182 0.0000000000
30055  7.926  -29.563  -10.254 0.0000000000
30069  20.949  -30.536  -11.638 0.0000000000
30070  20.545  -30.773  -11.665 0.0000000000
30071  19.912  -31.183  -11.627 0.0000000000
30072  14.375  -29.873  -11.768 0.0000000000
30073  13.815  -30.171  -12.301 0.0000000000
30074  12.179  -29.747  -11.259 0.0000000000
30075  11.245  -30.216  -11.577 0.0000000000
30076  10.082  -30.308  -11.238 0.0000000000
30077  9.342  -29.338  -11.064 0.0000000000
30078  7.680  -29.425  -11.145 0.0000000000
30085  13.075  -30.331  -13.106 0.0000000000
30086  12.676  -30.862  -13.169 0.0000000000
30087  10.558  -29.678  -12.025 0.0000000000
30088  9.764  -29.304  -11.829 0.0000000000
30089  9.303  -28.804  -11.463 0.0000000000
30090  8.282  -29.977  -13.008 0.0000000000
30091  7.753  -30.037  -12.178 0.0000000000
30105  12.459  -30.679  -13.674 0.0000000000
30106  12.139  -30.854  -14.047 0.0000000000
30107  11.291  -29.341  -14.731 0.0000000000
30108  10.017  -30.025  -14.112 0.0000000000
30109  9.002  -30.577  -13.500 0.0000000000
30122  12.762  -29.824  -14.021 0.0000000000
30123  12.217  -30.320  -14.375 0.0000000000
30124  11.808  -30.173  -14.683 0.0000000000
30734  18.261  -30.036  -0.732 0.0000000000
30735  17.942  -29.633  -1.056 0.0000000000
30740  20.014  -30.057  -1.908 0.0000000000
30741  19.039  -30.002  -1.707 0.0000000000
30742  18.154  -29.840  -1.338 0.0000000000
30751  20.823  -29.654  -3.269 0.0000000000
30752  19.697  -29.507  -2.015 0.0000000000
30756  20.377  -29.560  -4.778 0.0000000000
30758  19.680  -29.944  -4.994 0.0000000000
30764  19.148  -30.182  -5.362 0.0000000000
30765  18.717  -29.962  -5.701 0.0000000000
30768  18.254  -29.777  -6.255 0.0000000000
30769  17.767  -29.720  -6.942 0.0000000000
30771  25.231  -29.586  -7.798 0.0000000000
30772  24.442  -29.726  -7.620 0.0000000000
30773  23.468  -29.760  -7.783 0.0000000000
30774  17.292  -29.653  -7.618 0.0000000000
30781  26.772  -29.098  -8.903 0.0000000000
30782  26.317  -29.570  -8.544 0.0000000000
30783  25.744  -29.369  -8.114 0.0000000000
30784  22.729  -29.527  -8.427 0.0000000000
30785  22.062  -29.497  -9.434 0.0000000000
30786  21.679  -29.971  -9.970 0.0000000000
30787  16.710  -29.556  -8.210 0.0000000000
30788  15.857  -29.314  -8.783 0.0000000000
30789  14.962  -29.681  -8.998 0.0000000000
30790  14.506  -29.873  -9.095 0.0000000000
30801  26.762  -29.604  -8.970 0.0000000000
30802  21.811  -28.954  -9.930 0.0000000000
30803  21.514  -29.475  -10.384 0.0000000000
30804  19.230  -29.772  -9.966 0.0000000000
30805  18.196  -29.710  -9.850 0.0000000000
30806  17.387  -29.597  -10.085 0.0000000000
30807  15.691  -28.622  -9.233 0.0000000000
30808  15.224  -28.842  -9.359 0.0000000000
30809  14.388  -29.293  -9.527 0.0000000000
30810  13.700  -29.298  -10.022 0.0000000000
30822  21.096  -29.598  -10.967 0.0000000000
30823  20.645  -29.420  -10.846 0.0000000000
30824  20.050  -29.200  -10.390 0.0000000000
30825  16.797  -29.584  -10.356 0.0000000000
30826  16.263  -29.144  -10.702 0.0000000000
30827  15.552  -28.965  -11.315 0.0000000000
30828  14.808  -29.299  -11.644 0.0000000000
30829  13.255  -29.292  -10.466 0.0000000000
30830  12.781  -29.083  -10.956 0.0000000000
30831  8.911  -29.181  -10.556 0.0000000000
30832  8.341  -28.842  -10.587 0.0000000000
30833  7.861  -28.741  -10.858 0.0000000000
30850  15.130  -28.581  -11.996 0.0000000000
30851  14.315  -29.168  -12.302 0.0000000000
30852  13.650  -29.498  -12.897 0.0000000000
30853  12.459  -28.683  -11.620 0.0000000000
30854  11.883  -29.311  -11.818 0.0000000000
30855  8.911  -28.487  -11.090 0.0000000000
30856  8.221  -28.211  -11.201 0.0000000000
30857  7.781  -28.382  -11.537 0.0000000000
30865  14.711  -28.246  -12.751 0.0000000000
30866  12.041  -28.542  -12.127 0.0000000000
30867  11.321  -29.037  -12.272 0.0000000000
30868  10.427  -28.781  -12.342 0.0000000000
30869  9.453  -28.388  -12.017 0.0000000000
30870  8.149  -29.203  -12.645 0.0000000000
30871  7.737  -28.713  -12.107 0.0000000000
30886  11.849  -27.482  -14.691 0.0000000000
30887  10.323  -28.506  -14.068 0.0000000000
30888  8.959  -29.157  -13.295 0.0000000000
30901  12.985  -28.440  -14.946 0.0000000000
31536  18.277  -29.574  -0.052 0.0000000000
31537  17.948  -29.083  -0.412 0.0000000000
31541  18.562  -29.338  -1.926 0.0000000000
31542  17.912  -29.390  -1.610 0.0000000000
31547  19.841  -29.528  -3.390 0.0000000000
31548  18.963  -28.871  -2.257 0.0000000000
31549  18.233  -29.081  -2.076 0.0000000000
31553  19.754  -28.841  -4.075 0.0000000000
31554  19.739  -29.003  -3.314 0.0000000000
31557  19.430  -28.963  -4.603 0.0000000000
31558  18.881  -28.497  -4.809 0.0000000000
31565  19.129  -29.577  -5.180 0.0000000000
31566  18.658  -28.982  -5.418 0.0000000000
31569  18.157  -28.921  -6.300 0.0000000000
31570  17.724  -28.966  -7.095 0.0000000000
31573  25.455  -28.701  -7.878 0.0000000000
31574  24.804  -28.853  -7.661 0.0000000000
31575  23.987  -28.779  -7.640 0.0000000000
31576  17.215  -29.027  -7.880 0.0000000000
31580  26.451  -28.529  -8.511 0.0000000000
31581  25.948  -28.804  -8.205 0.0000000000
31582  23.144  -28.633  -8.070 0.0000000000
31583  22.520  -28.564  -8.888 0.0000000000
31584  16.578  -28.841  -8.525 0.0000000000
31585  16.041  -28.360  -9.138 0.0000000000
31589  22.114  -28.459  -9.668 0.0000000000
31590  21.655  -28.492  -10.150 0.0000000000
31591  20.293  -28.108  -10.133 0.0000000000
31592  19.644  -28.495  -9.934 0.0000000000
31593  18.744  -28.685  -9.778 0.0000000000
31594  17.869  -28.709  -9.972 0.0000000000
31595  15.453  -27.953  -9.571 0.0000000000
31596  14.753  -28.093  -9.913 0.0000000000
31597  13.991  -28.328  -10.327 0.0000000000
31598  13.576  -28.795  -10.397 0.0000000000
31609  21.146  -28.738  -10.572 0.0000000000
31610  20.559  -28.648  -10.449 0.0000000000
31611  20.141  -28.600  -10.214 0.0000000000
31612  17.075  -28.716  -10.472 0.0000000000
31613  16.586  -27.471  -11.423 0.0000000000
31614  15.855  -28.280  -11.886 0.0000000000
31615  13.747  -27.913  -10.732 0.0000000000
31616  13.362  -28.242  -10.880 0.0000000000
31617  12.902  -28.309  -11.339 0.0000000000
31636  16.179  -27.118  -12.265 0.0000000000
31637  15.684  -27.657  -12.498 0.0000000000
31638  8.776  -27.957  -11.661 0.0000000000
31639  8.199  -27.852  -11.926 0.0000000000
31640  7.737  -28.113  -12.107 0.0000000000
31652  11.035  -28.325  -12.547 0.0000000000
31653  10.594  -27.692  -12.687 0.0000000000
31654  9.331  -27.875  -12.518 0.0000000000
31655  8.364  -28.382  -12.557 0.0000000000
31656  7.860  -28.279  -12.292 0.0000000000
31672  11.057  -26.820  -13.790 0.0000000000
31673  9.346  -28.175  -13.214 0.0000000000
31674  8.741  -28.517  -13.086 0.0000000000
32251  17.508  -27.999  0.060 0.0000000000
32252  16.843  -27.483  -0.610 0.0000000000
32258  17.331  -28.442  -1.147 0.0000000000
32259  16.426  -28.069  -1.681 0.0000000000
32264  18.633  -28.182  -2.668 0.0000000000
32265  17.559  -28.524  -2.322 0.0000000000
32266  16.303  -28.077  -2.473 0.0000000000
32271  19.913  -28.533  -3.702 0.0000000000
32272  19.107  -28.122  -3.410 0.0000000000
32278  19.701  -28.255  -4.154 0.0000000000
32279  18.917  -27.981  -4.315 0.0000000000
32280  18.429  -27.463  -4.697 0.0000000000
32288  18.585  -28.068  -5.056 0.0000000000
32289  18.126  -27.461  -5.290 0.0000000000
32292  18.306  -28.259  -5.678 0.0000000000
32293  17.980  -28.044  -6.256 0.0000000000
32295  25.467  -28.254  -7.814 0.0000000000
32296  25.140  -28.210  -7.684 0.0000000000
32297  24.471  -28.176  -7.613 0.0000000000
32298  17.513  -28.627  -7.367 0.0000000000
32302  26.704  -27.550  -8.494 0.0000000000
32303  25.755  -27.854  -7.936 0.0000000000
32304  24.724  -27.474  -7.721 0.0000000000
32305  23.703  -27.673  -7.877 0.0000000000
32306  22.871  -27.716  -8.574 0.0000000000
32307  16.984  -28.646  -8.178 0.0000000000
32308  16.402  -28.232  -8.859 0.0000000000
32313  22.455  -27.701  -9.303 0.0000000000
32314  22.023  -27.658  -9.913 0.0000000000
32315  20.543  -27.554  -10.049 0.0000000000
32316  19.994  -27.554  -9.766 0.0000000000
32317  19.177  -27.648  -9.626 0.0000000000
32318  18.338  -27.757  -9.806 0.0000000000
32319  15.894  -27.174  -9.634 0.0000000000
32320  15.075  -26.759  -10.485 0.0000000000
32321  14.393  -27.467  -10.497 0.0000000000
32327  21.428  -27.818  -10.248 0.0000000000
32328  20.860  -27.904  -10.376 0.0000000000
32329  17.557  -27.734  -10.320 0.0000000000
32330  14.244  -26.748  -11.209 0.0000000000
32331  13.937  -27.505  -10.805 0.0000000000
32332  13.640  -27.619  -11.022 0.0000000000
32348  14.591  -27.316  -13.961 0.0000000000
32364  11.859  -27.742  -12.559 0.0000000000
32365  11.589  -26.814  -13.148 0.0000000000
32977  16.087  -26.980  -1.188 0.0000000000
32997  18.253  -27.435  -2.892 0.0000000000
32998  16.980  -27.376  -2.765 0.0000000000
32999  15.768  -27.577  -2.958 0.0000000000
33005  18.575  -27.141  -3.743 0.0000000000
33006  17.490  -26.450  -3.459 0.0000000000
33007  16.301  -26.670  -3.105 0.0000000000
33015  18.509  -27.270  -4.297 0.0000000000
33016  17.887  -26.748  -4.491 0.0000000000
33023  17.403  -26.490  -5.386 0.0000000000
33024  16.925  -25.958  -5.497 0.0000000000
33027  17.132  -26.898  -6.738 0.0000000000
33028  16.753  -25.845  -5.672 0.0000000000
33031  16.952  -27.071  -7.577 0.0000000000
33032  16.766  -26.315  -7.223 0.0000000000
33035  27.232  -26.570  -8.691 0.0000000000
33036  26.251  -26.602  -8.173 0.0000000000
33037  25.199  -26.585  -7.948 0.0000000000
33038  24.139  -26.609  -8.165 0.0000000000
33039  23.212  -26.814  -8.741 0.0000000000
33040  22.733  -27.208  -9.041 0.0000000000
33041  16.824  -27.241  -8.054 0.0000000000
33042  16.568  -26.592  -8.240 0.0000000000
33047  23.093  -26.239  -9.213 0.0000000000
33048  22.544  -26.730  -9.482 0.0000000000
33049  21.635  -26.857  -9.909 0.0000000000
33050  20.682  -26.875  -9.791 0.0000000000
33051  19.682  -26.709  -9.516 0.0000000000
33052  18.729  -26.716  -9.633 0.0000000000
33053  18.023  -27.041  -9.953 0.0000000000
33054  16.148  -25.820  -9.558 0.0000000000
33055  15.847  -25.880  -10.073 0.0000000000
33060  21.112  -27.354  -10.178 0.0000000000
33061  20.823  -27.408  -10.144 0.0000000000
33062  18.179  -26.402  -10.021 0.0000000000
33063  13.700  -27.134  -11.409 0.0000000000
33070  13.422  -27.405  -11.508 0.0000000000
33774  17.088  -26.043  -3.764 0.0000000000
33775  16.560  -25.894  -3.647 0.0000000000
33790  17.092  -25.968  -4.249 0.0000000000
33791  16.448  -25.460  -4.369 0.0000000000
33795  17.255  -26.162  -4.872 0.0000000000
33796  16.592  -25.599  -5.311 0.0000000000
33799  16.123  -25.326  -6.343 0.0000000000
33802  15.920  -24.965  -7.548 0.0000000000
33806  27.386  -25.474  -8.617 0.0000000000
33807  26.718  -25.500  -8.354 0.0000000000
33808  25.676  -25.575  -8.198 0.0000000000
33809  24.639  -25.624  -8.365 0.0000000000
33810  23.626  -25.765  -8.850 0.0000000000
33811  16.135  -24.994  -8.778 0.0000000000
33815  27.205  -25.265  -8.489 0.0000000000
33816  27.029  -25.400  -8.416 0.0000000000
33817  22.948  -25.690  -9.440 0.0000000000
33818  22.170  -25.782  -9.657 0.0000000000
33819  21.250  -25.814  -9.548 0.0000000000
33820  20.253  -25.780  -9.344 0.0000000000
33821  19.311  -25.768  -9.506 0.0000000000
33822  18.564  -25.775  -9.865 0.0000000000
33823  16.089  -25.184  -9.555 0.0000000000
33829  18.018  -25.874  -10.301 0.0000000000
33879  15.593  -25.542  -14.509 0.0000000000
33891  14.415  -25.800  -15.288 0.0000000000
34551  16.002  -24.957  -4.809 0.0000000000
34562  15.892  -24.960  -5.565 0.0000000000
34568  15.912  -25.099  -6.101 0.0000000000
34572  27.479  -24.244  -8.575 0.0000000000
34573  27.284  -24.359  -8.475 0.0000000000
34574  15.653  -24.888  -6.950 0.0000000000
34580  27.604  -24.616  -8.657 0.0000000000
34581  26.987  -24.639  -8.361 0.0000000000
34582  26.143  -24.599  -8.162 0.0000000000
34583  25.126  -24.597  -8.373 0.0000000000
34584  24.173  -24.720  -8.770 0.0000000000
34585  15.742  -24.544  -8.061 0.0000000000
34591  27.250  -25.020  -8.489 0.0000000000
34592  27.015  -25.146  -8.389 0.0000000000
34593  23.404  -24.814  -9.214 0.0000000000
34594  22.642  -24.808  -9.457 0.0000000000
34595  21.767  -24.813  -9.511 0.0000000000
34596  20.802  -24.758  -9.398 0.0000000000
34597  19.775  -24.786  -9.435 0.0000000000
34598  18.911  -24.947  -9.723 0.0000000000
34599  16.024  -24.506  -9.119 0.0000000000
34605  18.307  -25.054  -10.267 0.0000000000
34606  17.477  -25.547  -10.955 0.0000000000
34607  15.816  -24.687  -10.178 0.0000000000
34608  15.613  -24.031  -10.740 0.0000000000
34614  17.210  -25.132  -11.788 0.0000000000
34620  16.996  -24.899  -12.590 0.0000000000
34629  16.936  -24.460  -13.306 0.0000000000
34630  16.440  -24.863  -13.847 0.0000000000
34631  15.068  -24.142  -12.807 0.0000000000
34647  16.073  -24.628  -14.643 0.0000000000
34648  15.693  -24.869  -14.975 0.0000000000
34660  15.763  -24.391  -15.181 0.0000000000
34661  15.251  -24.840  -15.446 0.0000000000
34676  12.671  -25.216  -15.737 0.0000000000
34677  11.967  -25.692  -15.269 0.0000000000
34678  11.703  -25.181  -14.838 0.0000000000
35348  27.341  -24.056  -8.494 0.0000000000
35349  27.144  -24.147  -8.396 0.0000000000
35355  28.092  -24.028  -8.958 0.0000000000
35356  27.490  -23.856  -8.569 0.0000000000
35357  26.745  -23.760  -8.281 0.0000000000
35358  25.689  -23.618  -8.334 0.0000000000
35359  24.655  -23.582  -8.914 0.0000000000
35360  23.857  -24.072  -9.131 0.0000000000
35361  15.697  -24.003  -8.648 0.0000000000
35368  23.961  -23.444  -9.376 0.0000000000
35369  23.195  -23.844  -9.377 0.0000000000
35370  22.248  -23.888  -9.387 0.0000000000
35371  21.357  -23.887  -9.533 0.0000000000
35372  20.374  -23.650  -9.783 0.0000000000
35373  19.159  -24.063  -9.847 0.0000000000
35374  18.625  -24.444  -10.093 0.0000000000
35375  15.765  -23.786  -9.525 0.0000000000
35384  19.524  -23.256  -10.276 0.0000000000
35385  18.300  -23.865  -10.789 0.0000000000
35386  17.641  -24.680  -11.330 0.0000000000
35387  15.761  -23.962  -10.205 0.0000000000
35388  15.578  -23.353  -10.402 0.0000000000
35395  18.067  -23.237  -12.044 0.0000000000
35396  17.614  -24.231  -11.889 0.0000000000
35397  15.527  -23.559  -11.265 0.0000000000
35403  17.603  -23.672  -12.915 0.0000000000
35404  15.336  -23.637  -12.291 0.0000000000
35409  17.005  -23.718  -13.995 0.0000000000
35410  16.452  -24.236  -14.327 0.0000000000
35411  15.041  -23.449  -13.405 0.0000000000
35412  14.306  -24.691  -13.201 0.0000000000
35421  16.816  -23.164  -14.523 0.0000000000
35422  16.243  -23.660  -14.880 0.0000000000
35423  14.830  -23.019  -14.078 0.0000000000
35424  14.543  -23.480  -14.010 0.0000000000
35428  15.363  -23.813  -15.767 0.0000000000
35429  14.272  -24.373  -16.260 0.0000000000
35430  13.906  -24.654  -16.233 0.0000000000
35431  12.504  -24.874  -13.811 0.0000000000
35440  13.707  -23.769  -16.489 0.0000000000
35441  13.398  -24.611  -16.082 0.0000000000
35442  12.447  -24.654  -15.622 0.0000000000
35443  12.014  -24.897  -15.315 0.0000000000
36153  28.030  -23.210  -8.856 0.0000000000
36154  27.403  -22.824  -8.534 0.0000000000
36203  15.507  -22.729  -11.080 0.0000000000
36211  15.489  -22.622  -11.981 0.0000000000
36220  15.386  -22.556  -13.113 0.0000000000
36234  15.019  -22.489  -14.086 0.0000000000
36235  14.336  -22.640  -14.658 0.0000000000
36236  13.790  -23.521  -14.441 0.0000000000
36244  15.657  -22.665  -15.676 0.0000000000
36245  14.663  -22.867  -16.413 0.0000000000
36246  13.463  -22.592  -15.181 0.0000000000
36247  12.680  -23.336  -14.971 0.0000000000
36248  11.933  -24.508  -14.740 0.0000000000
36252  13.848  -23.070  -16.690 0.0000000000
36253  13.330  -23.262  -16.487 0.0000000000
36254  12.668  -23.520  -15.775 0.0000000000
36255  12.090  -24.461  -15.302 0.0000000000
37022  15.437  -21.642  -12.825 0.0000000000
37030  15.179  -21.616  -14.073 0.0000000000
37044  14.554  -21.730  -14.930 0.0000000000
37045  13.847  -21.851  -15.461 0.0000000000
37054  15.057  -21.697  -16.382 0.0000000000
37055  13.806  -21.939  -16.709 0.0000000000
37056  13.063  -22.143  -15.927 0.0000000000
37057  12.725  -22.774  -15.789 0.0000000000
37062  13.494  -22.613  -16.653 0.0000000000
37063  13.116  -22.560  -16.387 0.0000000000
37064  12.779  -22.615  -16.071 0.0000000000
38004  14.587  -20.843  -15.346 0.0000000000
38005  14.181  -21.341  -15.554 0.0000000000
38015  14.541  -20.964  -16.289 0.0000000000
38016  13.780  -21.242  -16.005 0.0000000000
103010  13.312  -29.205  -13.735 0.0000000000
103011  13.583  -28.337  -13.937 0.0000000000
103012  13.932  -28.578  -13.196 0.0000000000
103013  13.926  -26.780  -15.034 0.0000000000
103014  12.912  -27.419  -12.039 0.0000000000
103015  12.787  -27.940  -11.734 0.0000000000
103016  13.666  -26.263  -15.466 0.0000000000
103017  13.874  -25.192  -15.911 0.0000000000
103018  12.549  -27.725  -12.167 0.0000000000
103019  13.106  -27.618  -11.672 0.0000000000
103020  12.541  -27.299  -12.466 0.0000000000
103021  16.258  -26.177  -12.864 0.0000000000
103022  14.020  -26.239  -15.276 0.0000000000
103023  11.693  -25.623  -13.696 0.0000000000
103024  14.753  -25.669  -11.768 0.0000000000
103025  13.166  -26.445  -12.682 0.0000000000
103026  13.479  -25.502  -15.817 0.0000000000
103027  17.576  -26.659  -10.434 0.0000000000
103028  15.229  -24.940  -11.782 0.0000000000
103029  15.286  -24.702  -11.761 0.0000000000
103030  15.127  -24.648  -12.164 0.0000000000
103031  12.960  -25.352  -13.492 0.0000000000
103032  14.126  -25.618  -12.575 0.0000000000
103033  14.667  -26.354  -11.088 0.0000000000
103034  16.754  -25.932  -11.795 0.0000000000
103035  16.785  -25.529  -12.248 0.0000000000
103036  16.605  -25.086  -13.142 0.0000000000
103037  12.848  -25.558  -13.412 0.0000000000
103038  15.430  -24.560  -11.386 0.0000000000
103039  15.461  -25.536  -10.802 0.0000000000
103040  15.525  -24.053  -11.113 0.0000000000
103041  13.344  -25.135  -13.444 0.0000000000
103042  13.907  -24.861  -16.149 0.0000000000
103043  12.844  -26.169  -15.661 0.0000000000
103044  12.961  -24.881  -13.700 0.0000000000
103045  13.243  -24.393  -14.008 0.0000000000
103046  11.518  -25.435  -14.337 0.0000000000
