#!ascii label  , from subject FREESURFER vox2ras=TkReg 
1655
68697  43.709  10.574  -1.961 0.0000000000
69578  43.116  10.806  -1.706 0.0000000000
69579  42.748  11.293  -1.216 0.0000000000
69583  45.179  11.600  -2.061 0.0000000000
69584  44.540  11.087  -2.145 0.0000000000
69585  43.639  11.340  -2.095 0.0000000000
69586  43.176  11.494  -1.719 0.0000000000
70266  43.191  11.863  10.349 0.0000000000
70267  42.636  12.363  10.753 0.0000000000
70274  44.181  12.057  9.157 0.0000000000
70275  43.378  12.403  9.632 0.0000000000
70276  42.635  12.863  10.227 0.0000000000
70288  44.387  12.659  8.778 0.0000000000
70289  43.602  13.049  8.988 0.0000000000
70300  45.952  13.609  7.857 0.0000000000
70347  47.783  13.389  4.626 0.0000000000
70370  48.900  13.246  3.603 0.0000000000
70398  43.343  12.667  0.390 0.0000000000
70399  42.705  12.467  0.770 0.0000000000
70415  43.602  12.574  -0.349 0.0000000000
70416  42.808  11.984  -0.343 0.0000000000
70424  43.883  12.454  -1.222 0.0000000000
70425  43.170  12.034  -1.240 0.0000000000
70429  46.548  12.753  -1.714 0.0000000000
70430  45.831  12.219  -1.743 0.0000000000
70431  45.003  12.125  -2.243 0.0000000000
70432  44.211  12.142  -2.035 0.0000000000
70433  43.497  11.976  -1.852 0.0000000000
71101  42.324  13.391  10.757 0.0000000000
71105  43.152  13.562  9.251 0.0000000000
71106  42.626  13.463  9.941 0.0000000000
71109  45.590  13.701  8.068 0.0000000000
71110  44.873  13.918  8.275 0.0000000000
71111  43.804  13.700  8.694 0.0000000000
71116  46.343  13.702  7.138 0.0000000000
71117  45.683  14.256  7.528 0.0000000000
71118  45.097  14.496  7.931 0.0000000000
71123  46.944  13.480  6.115 0.0000000000
71124  46.337  14.167  6.311 0.0000000000
71125  45.835  14.558  6.797 0.0000000000
71133  47.151  13.725  5.351 0.0000000000
71134  46.717  14.313  5.351 0.0000000000
71151  48.219  13.437  4.040 0.0000000000
71152  47.497  14.094  4.414 0.0000000000
71153  46.868  14.568  4.860 0.0000000000
71173  49.672  13.588  3.074 0.0000000000
71174  48.502  13.798  3.345 0.0000000000
71175  47.800  14.250  3.653 0.0000000000
71176  42.719  13.327  2.462 0.0000000000
71189  50.638  14.237  2.540 0.0000000000
71190  49.546  14.097  2.554 0.0000000000
71191  48.714  14.215  2.659 0.0000000000
71192  42.892  13.103  1.931 0.0000000000
71199  43.946  13.239  0.559 0.0000000000
71200  43.493  13.195  1.172 0.0000000000
71211  44.806  13.565  -0.510 0.0000000000
71212  44.355  13.225  -0.219 0.0000000000
71219  51.196  14.520  -1.163 0.0000000000
71220  49.962  13.839  -1.082 0.0000000000
71221  48.536  13.226  -0.708 0.0000000000
71222  47.645  12.991  -0.915 0.0000000000
71223  45.122  13.444  -1.170 0.0000000000
71224  44.551  12.916  -1.198 0.0000000000
71227  50.850  14.808  -1.647 0.0000000000
71228  50.284  14.512  -1.733 0.0000000000
71229  48.888  14.182  -1.963 0.0000000000
71230  47.341  13.298  -1.782 0.0000000000
71231  46.258  13.022  -2.280 0.0000000000
71232  45.539  13.139  -2.038 0.0000000000
71233  44.906  12.680  -1.793 0.0000000000
71237  48.454  14.396  -2.767 0.0000000000
71238  47.658  14.066  -2.784 0.0000000000
71239  46.651  13.677  -2.818 0.0000000000
71240  46.027  13.577  -2.615 0.0000000000
71873  42.219  14.273  11.683 0.0000000000
71879  42.467  14.321  10.603 0.0000000000
71883  43.253  14.465  9.008 0.0000000000
71884  42.767  14.361  9.709 0.0000000000
71888  44.616  14.836  8.070 0.0000000000
71889  43.952  14.645  8.464 0.0000000000
71891  45.468  14.940  7.045 0.0000000000
71892  45.082  14.923  7.628 0.0000000000
71894  46.288  14.566  5.807 0.0000000000
71895  45.849  14.922  6.215 0.0000000000
71896  36.344  15.072  5.787 0.0000000000
71897  36.053  15.016  5.790 0.0000000000
71901  46.367  14.976  5.340 0.0000000000
71902  46.004  15.306  5.810 0.0000000000
71915  47.445  14.503  3.954 0.0000000000
71916  46.942  14.949  4.283 0.0000000000
71925  48.099  14.265  3.066 0.0000000000
71926  47.468  14.703  3.305 0.0000000000
71927  46.996  15.410  3.413 0.0000000000
71928  42.957  13.879  2.697 0.0000000000
71929  42.361  13.967  3.500 0.0000000000
71930  41.765  14.291  4.074 0.0000000000
71941  50.430  14.756  1.974 0.0000000000
71942  49.325  14.613  2.070 0.0000000000
71943  48.230  14.702  2.370 0.0000000000
71944  47.367  15.381  2.502 0.0000000000
71945  47.012  15.717  2.987 0.0000000000
71946  44.046  14.821  1.455 0.0000000000
71947  43.641  14.201  1.763 0.0000000000
71955  51.303  15.341  1.188 0.0000000000
71956  50.097  15.147  1.379 0.0000000000
71957  48.990  15.079  1.536 0.0000000000
71958  48.077  15.321  1.736 0.0000000000
71959  47.668  15.663  1.902 0.0000000000
71960  44.761  14.795  0.443 0.0000000000
71961  44.390  14.292  0.765 0.0000000000
71962  43.889  13.763  1.107 0.0000000000
71970  45.011  14.379  -0.193 0.0000000000
71971  44.690  13.881  0.017 0.0000000000
71978  51.808  15.021  -1.254 0.0000000000
71979  45.480  14.280  -1.306 0.0000000000
71984  51.139  15.003  -1.545 0.0000000000
71985  50.609  14.984  -2.014 0.0000000000
71986  49.907  14.697  -2.275 0.0000000000
71987  45.780  14.188  -2.307 0.0000000000
71992  50.215  15.060  -2.631 0.0000000000
71993  49.265  14.716  -2.884 0.0000000000
71994  48.167  14.532  -3.414 0.0000000000
71995  46.964  14.317  -3.762 0.0000000000
71996  46.235  14.235  -3.016 0.0000000000
71999  49.932  15.104  -3.237 0.0000000000
72000  49.104  14.913  -3.806 0.0000000000
72001  47.830  14.790  -4.314 0.0000000000
72002  47.133  14.746  -4.312 0.0000000000
72006  48.660  15.077  -4.414 0.0000000000
72007  48.194  15.096  -4.700 0.0000000000
72596  45.481  15.526  14.053 0.0000000000
72597  44.790  15.140  14.174 0.0000000000
72604  45.355  15.779  13.761 0.0000000000
72605  44.899  15.553  13.688 0.0000000000
72606  43.959  15.223  13.283 0.0000000000
72612  43.330  15.537  12.172 0.0000000000
72613  43.007  14.810  12.474 0.0000000000
72616  43.153  15.655  11.566 0.0000000000
72617  42.777  15.165  11.371 0.0000000000
72621  43.202  15.636  9.769 0.0000000000
72622  42.863  15.196  10.317 0.0000000000
72626  43.465  15.458  8.983 0.0000000000
72627  43.039  15.045  9.527 0.0000000000
72632  44.666  15.572  7.876 0.0000000000
72633  44.130  15.522  8.358 0.0000000000
72635  45.496  15.584  6.769 0.0000000000
72636  45.129  15.588  7.382 0.0000000000
72638  45.801  15.673  6.146 0.0000000000
72639  36.804  15.523  5.831 0.0000000000
72640  36.408  15.461  5.811 0.0000000000
72641  35.868  15.461  5.737 0.0000000000
72643  46.489  15.673  4.895 0.0000000000
72644  46.134  15.687  5.578 0.0000000000
72645  39.939  15.286  5.656 0.0000000000
72646  39.030  15.302  5.652 0.0000000000
72647  38.015  15.290  5.611 0.0000000000
72648  37.110  15.269  5.750 0.0000000000
72649  36.596  15.192  5.791 0.0000000000
72650  35.122  15.408  5.494 0.0000000000
72651  34.219  15.365  5.263 0.0000000000
72652  33.281  15.442  4.948 0.0000000000
72656  46.722  15.836  4.089 0.0000000000
72657  41.194  15.290  4.888 0.0000000000
72658  40.611  15.302  5.329 0.0000000000
72659  33.186  15.876  4.529 0.0000000000
72665  46.863  16.052  3.367 0.0000000000
72666  42.828  14.714  3.250 0.0000000000
72667  42.365  15.123  3.766 0.0000000000
72668  41.796  15.221  4.404 0.0000000000
72674  47.432  16.075  2.051 0.0000000000
72675  47.090  16.107  2.727 0.0000000000
72676  43.822  15.302  1.891 0.0000000000
72677  43.314  15.128  2.654 0.0000000000
72678  42.787  15.418  3.202 0.0000000000
72685  50.847  15.522  0.544 0.0000000000
72686  49.724  15.527  0.777 0.0000000000
72687  48.700  15.600  1.005 0.0000000000
72688  47.874  15.927  1.277 0.0000000000
72689  44.622  15.144  0.752 0.0000000000
72690  44.252  15.414  1.258 0.0000000000
72696  51.489  15.491  -0.327 0.0000000000
72697  50.458  15.707  -0.148 0.0000000000
72698  49.347  15.975  0.164 0.0000000000
72699  48.470  16.047  0.576 0.0000000000
72700  44.874  15.301  0.260 0.0000000000
72701  44.537  15.842  0.725 0.0000000000
72708  51.918  15.230  -0.869 0.0000000000
72709  51.146  15.335  -1.038 0.0000000000
72710  50.033  15.846  -0.983 0.0000000000
72711  49.258  16.197  -0.402 0.0000000000
72712  45.310  15.449  -0.538 0.0000000000
72719  50.760  15.336  -1.621 0.0000000000
72720  50.376  15.561  -2.087 0.0000000000
72721  45.719  15.216  -1.622 0.0000000000
72728  50.369  15.558  -2.930 0.0000000000
72729  46.364  15.053  -3.472 0.0000000000
72730  45.985  15.080  -2.612 0.0000000000
72737  50.097  15.497  -3.761 0.0000000000
72738  49.378  15.246  -4.296 0.0000000000
72739  47.256  14.941  -4.564 0.0000000000
72740  46.791  15.175  -4.375 0.0000000000
72746  49.836  15.626  -4.486 0.0000000000
72747  48.850  15.403  -4.888 0.0000000000
72748  47.572  15.349  -5.002 0.0000000000
72749  46.895  15.561  -4.843 0.0000000000
72754  48.322  15.626  -5.318 0.0000000000
72755  47.909  15.768  -5.452 0.0000000000
73285  30.149  17.390  17.118 0.0000000000
73299  29.826  17.400  16.909 0.0000000000
73321  46.158  16.029  14.414 0.0000000000
73323  45.739  16.134  13.854 0.0000000000
73324  45.140  16.253  13.475 0.0000000000
73325  44.499  15.930  13.240 0.0000000000
73328  44.578  16.581  13.037 0.0000000000
73329  43.954  16.279  12.563 0.0000000000
73333  43.383  16.230  11.578 0.0000000000
73334  43.108  15.746  11.169 0.0000000000
73338  43.281  16.101  10.528 0.0000000000
73339  42.991  15.558  10.837 0.0000000000
73342  43.544  16.268  9.535 0.0000000000
73347  44.399  16.195  8.226 0.0000000000
73348  43.982  16.337  8.777 0.0000000000
73350  45.277  16.162  7.215 0.0000000000
73351  44.888  16.354  7.793 0.0000000000
73353  45.629  16.239  6.670 0.0000000000
73354  37.081  15.717  5.814 0.0000000000
73355  36.837  15.894  5.836 0.0000000000
73356  36.364  15.951  5.800 0.0000000000
73358  46.280  16.186  5.351 0.0000000000
73359  45.984  16.291  5.955 0.0000000000
73360  40.258  15.753  5.272 0.0000000000
73361  39.723  16.107  5.226 0.0000000000
73362  38.663  16.137  5.353 0.0000000000
73363  37.555  16.115  5.604 0.0000000000
73364  36.805  16.471  5.644 0.0000000000
73365  35.936  16.364  5.620 0.0000000000
73366  35.093  16.337  5.138 0.0000000000
73367  34.300  15.990  4.861 0.0000000000
73370  46.558  16.387  4.718 0.0000000000
73371  41.483  15.946  4.520 0.0000000000
73372  40.706  16.187  4.809 0.0000000000
73373  40.124  16.867  4.753 0.0000000000
73374  34.739  16.638  4.704 0.0000000000
73375  34.004  16.349  4.387 0.0000000000
73376  33.188  16.218  4.097 0.0000000000
73380  46.765  16.554  3.886 0.0000000000
73381  42.521  15.894  3.401 0.0000000000
73382  42.020  16.132  3.889 0.0000000000
73383  33.869  16.696  3.820 0.0000000000
73384  33.445  16.623  3.281 0.0000000000
73388  47.222  16.736  2.382 0.0000000000
73389  46.957  16.718  3.156 0.0000000000
73390  43.891  15.984  1.667 0.0000000000
73391  43.392  16.155  2.139 0.0000000000
73392  42.838  16.057  2.798 0.0000000000
73398  47.563  16.701  1.517 0.0000000000
73399  44.085  16.385  1.172 0.0000000000
73400  43.652  16.525  1.620 0.0000000000
73407  48.721  16.357  -0.007 0.0000000000
73408  48.054  16.653  0.562 0.0000000000
73409  44.781  16.096  0.113 0.0000000000
73410  44.362  16.569  0.554 0.0000000000
73417  49.777  16.132  -1.663 0.0000000000
73418  48.975  16.498  -0.852 0.0000000000
73419  48.414  16.784  -0.186 0.0000000000
73420  44.964  16.494  -0.474 0.0000000000
73421  44.566  16.792  0.012 0.0000000000
73425  50.106  16.128  -2.443 0.0000000000
73426  49.224  16.656  -1.852 0.0000000000
73427  45.426  16.240  -1.115 0.0000000000
73430  50.403  16.151  -3.257 0.0000000000
73431  49.604  16.699  -2.788 0.0000000000
73432  46.126  15.979  -2.944 0.0000000000
73433  45.791  16.140  -2.028 0.0000000000
73440  50.416  16.258  -4.169 0.0000000000
73441  50.068  16.718  -3.512 0.0000000000
73442  46.378  15.981  -3.742 0.0000000000
73449  49.723  16.058  -5.220 0.0000000000
73450  48.882  15.741  -5.323 0.0000000000
73451  46.972  15.871  -5.113 0.0000000000
73452  46.651  16.149  -4.557 0.0000000000
73459  49.326  16.415  -5.808 0.0000000000
73460  48.513  16.118  -5.731 0.0000000000
73461  47.438  16.196  -5.537 0.0000000000
73462  46.870  16.456  -5.148 0.0000000000
74025  34.978  17.939  18.921 0.0000000000
74026  34.160  17.651  19.039 0.0000000000
74027  33.285  17.473  19.152 0.0000000000
74051  35.209  17.963  18.186 0.0000000000
74052  34.455  17.692  18.250 0.0000000000
74053  33.634  17.469  18.311 0.0000000000
74054  32.805  17.333  18.424 0.0000000000
74055  31.994  17.254  18.803 0.0000000000
74074  35.358  18.033  17.579 0.0000000000
74075  34.735  17.815  17.539 0.0000000000
74076  33.960  17.600  17.512 0.0000000000
74077  33.152  17.457  17.496 0.0000000000
74078  32.450  17.408  17.504 0.0000000000
74079  30.620  17.491  17.669 0.0000000000
74087  35.086  17.970  16.922 0.0000000000
74088  34.314  17.779  16.825 0.0000000000
74089  33.500  17.650  16.709 0.0000000000
74090  32.650  17.604  16.587 0.0000000000
74091  31.737  17.660  16.254 0.0000000000
74092  30.485  17.791  15.852 0.0000000000
74093  29.207  17.545  15.877 0.0000000000
74104  34.684  17.973  16.308 0.0000000000
74105  33.948  17.907  16.086 0.0000000000
74106  33.054  17.930  15.931 0.0000000000
74107  32.096  18.034  15.852 0.0000000000
74108  31.054  18.152  15.771 0.0000000000
74109  29.930  18.105  15.677 0.0000000000
74110  28.819  17.925  15.648 0.0000000000
74123  46.929  16.713  14.320 0.0000000000
74124  46.300  16.586  13.980 0.0000000000
74126  47.436  17.282  14.178 0.0000000000
74127  46.742  17.267  13.890 0.0000000000
74128  45.801  17.088  13.531 0.0000000000
74129  45.015  17.004  13.168 0.0000000000
74131  45.286  17.541  12.965 0.0000000000
74132  44.543  17.350  12.456 0.0000000000
74133  43.786  17.005  11.877 0.0000000000
74136  44.183  17.628  11.440 0.0000000000
74137  43.636  17.013  11.002 0.0000000000
74141  44.095  17.684  10.483 0.0000000000
74142  43.719  16.969  10.036 0.0000000000
74146  44.257  17.501  9.528 0.0000000000
74147  43.998  16.853  9.194 0.0000000000
74152  45.108  17.339  8.261 0.0000000000
74153  44.601  17.000  8.504 0.0000000000
74154  44.179  16.756  8.837 0.0000000000
74157  45.777  17.297  7.408 0.0000000000
74158  45.398  16.949  7.560 0.0000000000
74159  44.971  16.791  7.960 0.0000000000
74161  46.020  17.124  6.776 0.0000000000
74162  45.921  16.681  6.436 0.0000000000
74164  46.334  16.821  5.626 0.0000000000
74165  46.074  16.612  6.003 0.0000000000
74166  39.307  17.008  4.827 0.0000000000
74167  38.358  16.890  5.045 0.0000000000
74168  37.522  17.070  5.232 0.0000000000
74169  36.671  17.306  5.398 0.0000000000
74170  35.808  17.375  5.342 0.0000000000
74171  35.235  17.340  4.924 0.0000000000
74174  47.142  17.527  4.272 0.0000000000
74175  46.812  17.141  4.423 0.0000000000
74176  41.424  16.633  4.233 0.0000000000
74177  40.848  17.401  4.198 0.0000000000
74178  40.038  17.515  4.549 0.0000000000
74179  34.777  17.341  4.434 0.0000000000
74180  34.346  17.064  3.983 0.0000000000
74183  47.201  17.541  3.819 0.0000000000
74184  46.926  17.086  3.575 0.0000000000
74185  42.407  16.524  3.178 0.0000000000
74186  41.842  17.261  3.438 0.0000000000
74187  41.279  17.868  3.589 0.0000000000
74188  34.601  17.712  3.984 0.0000000000
74189  34.205  17.448  3.457 0.0000000000
74190  33.882  17.289  3.082 0.0000000000
74193  47.210  17.380  2.975 0.0000000000
74194  46.988  17.066  3.232 0.0000000000
74195  43.342  16.784  1.841 0.0000000000
74196  42.767  17.138  2.331 0.0000000000
74197  42.095  17.926  2.667 0.0000000000
74198  34.067  17.759  2.984 0.0000000000
74202  47.392  17.448  1.918 0.0000000000
74203  44.043  16.893  0.853 0.0000000000
74204  43.547  17.240  1.258 0.0000000000
74205  42.928  17.920  1.567 0.0000000000
74211  47.677  17.438  0.944 0.0000000000
74212  44.107  17.271  0.372 0.0000000000
74213  43.613  17.862  0.509 0.0000000000
74218  48.420  16.988  -0.559 0.0000000000
74219  48.115  17.438  -0.107 0.0000000000
74220  45.054  16.832  -0.888 0.0000000000
74221  44.584  17.384  -0.577 0.0000000000
74226  48.464  17.279  -1.068 0.0000000000
74227  48.125  17.850  -0.703 0.0000000000
74228  45.215  17.092  -1.482 0.0000000000
74229  44.718  17.893  -1.326 0.0000000000
74235  48.769  17.415  -2.125 0.0000000000
74236  46.101  16.554  -3.261 0.0000000000
74237  45.664  17.109  -2.657 0.0000000000
74243  50.163  17.241  -4.010 0.0000000000
74244  49.291  17.530  -3.180 0.0000000000
74245  46.173  17.126  -3.745 0.0000000000
74246  45.642  17.736  -3.211 0.0000000000
74249  50.722  17.402  -5.633 0.0000000000
74250  50.678  16.967  -4.951 0.0000000000
74251  46.629  17.124  -4.719 0.0000000000
74258  50.726  17.595  -6.203 0.0000000000
74259  49.989  16.956  -5.925 0.0000000000
74260  48.843  16.796  -6.254 0.0000000000
74261  47.735  16.963  -6.377 0.0000000000
74262  46.980  17.133  -5.572 0.0000000000
74269  50.704  17.826  -6.571 0.0000000000
74270  50.084  17.610  -6.596 0.0000000000
74271  49.148  17.396  -6.620 0.0000000000
74272  48.389  17.332  -6.699 0.0000000000
74828  35.746  18.255  18.796 0.0000000000
74843  36.602  18.349  17.822 0.0000000000
74844  35.891  18.200  18.040 0.0000000000
74853  37.485  18.569  16.716 0.0000000000
74854  36.594  18.367  16.910 0.0000000000
74855  35.851  18.187  17.232 0.0000000000
74863  38.552  19.093  15.618 0.0000000000
74864  37.608  18.723  15.782 0.0000000000
74865  36.667  18.467  15.941 0.0000000000
74866  35.560  18.192  16.145 0.0000000000
74867  34.522  18.262  15.714 0.0000000000
74868  33.624  18.566  15.500 0.0000000000
74869  32.580  18.671  15.517 0.0000000000
74870  31.574  18.766  15.520 0.0000000000
74871  30.535  18.811  15.526 0.0000000000
74872  29.456  18.779  15.494 0.0000000000
74873  28.348  18.714  15.407 0.0000000000
74887  48.059  17.599  14.292 0.0000000000
74888  38.329  19.246  14.955 0.0000000000
74889  37.704  19.096  14.953 0.0000000000
74890  36.786  18.944  15.068 0.0000000000
74891  35.873  18.725  15.222 0.0000000000
74892  35.004  18.642  15.287 0.0000000000
74893  34.322  18.767  15.312 0.0000000000
74897  48.596  18.224  14.121 0.0000000000
74898  47.443  18.119  13.851 0.0000000000
74899  46.493  17.930  13.438 0.0000000000
74900  45.833  17.886  13.062 0.0000000000
74902  46.952  18.498  13.237 0.0000000000
74903  46.342  18.414  12.708 0.0000000000
74904  45.428  18.116  12.372 0.0000000000
74905  44.793  18.052  11.761 0.0000000000
74908  46.022  18.549  12.022 0.0000000000
74909  45.449  18.518  11.454 0.0000000000
74910  44.676  18.219  10.955 0.0000000000
74914  45.268  18.637  10.598 0.0000000000
74915  44.648  18.244  10.004 0.0000000000
74920  45.978  18.896  9.715 0.0000000000
74921  45.459  18.582  9.662 0.0000000000
74922  44.851  17.847  9.079 0.0000000000
74927  47.039  18.971  8.363 0.0000000000
74928  45.856  18.476  9.066 0.0000000000
74929  45.403  17.769  8.417 0.0000000000
74930  44.990  17.525  8.560 0.0000000000
74934  47.087  18.833  7.788 0.0000000000
74935  45.910  17.595  7.567 0.0000000000
74936  45.644  17.435  7.729 0.0000000000
74939  47.247  18.652  6.740 0.0000000000
74940  46.538  17.357  5.989 0.0000000000
74943  47.990  18.941  5.416 0.0000000000
74944  47.290  17.788  4.900 0.0000000000
74945  46.945  17.418  4.975 0.0000000000
74946  38.917  17.470  4.895 0.0000000000
74947  38.387  17.705  4.920 0.0000000000
74948  37.512  17.982  4.998 0.0000000000
74949  36.559  18.397  5.109 0.0000000000
74950  35.625  18.239  5.148 0.0000000000
74951  35.152  18.008  4.809 0.0000000000
74954  47.958  18.563  4.229 0.0000000000
74955  47.458  17.886  4.261 0.0000000000
74956  47.096  17.503  4.513 0.0000000000
74957  40.315  17.953  4.204 0.0000000000
74958  39.551  18.245  4.478 0.0000000000
74959  38.451  18.533  4.687 0.0000000000
74960  37.593  18.853  4.703 0.0000000000
74961  37.011  19.071  4.703 0.0000000000
74962  35.382  18.556  4.796 0.0000000000
74963  34.986  18.356  4.351 0.0000000000
74965  47.997  18.642  3.837 0.0000000000
74966  47.654  18.260  3.339 0.0000000000
74967  41.560  18.114  3.114 0.0000000000
74968  40.765  18.548  3.481 0.0000000000
74969  40.118  18.907  3.882 0.0000000000
74970  34.660  18.366  3.697 0.0000000000
74971  34.332  18.385  3.165 0.0000000000
74973  47.555  18.194  2.363 0.0000000000
74974  42.424  18.135  2.020 0.0000000000
74975  41.692  18.760  2.280 0.0000000000
74976  41.082  19.086  2.681 0.0000000000
74977  33.974  18.366  2.750 0.0000000000
74981  47.568  18.214  1.397 0.0000000000
74982  43.199  18.115  0.929 0.0000000000
74983  42.475  18.717  1.135 0.0000000000
74984  41.915  19.092  1.504 0.0000000000
74989  47.789  18.183  0.455 0.0000000000
74990  43.937  17.960  -0.086 0.0000000000
74991  43.272  18.656  0.087 0.0000000000
74992  42.686  19.012  0.403 0.0000000000
74996  48.193  18.558  -0.606 0.0000000000
74997  48.054  18.227  -0.395 0.0000000000
74998  44.039  18.508  -0.866 0.0000000000
74999  43.568  18.987  -0.573 0.0000000000
75003  48.245  18.229  -1.159 0.0000000000
75004  48.101  18.104  -0.753 0.0000000000
75005  45.064  17.801  -1.990 0.0000000000
75006  44.657  18.550  -1.789 0.0000000000
75011  48.647  18.346  -2.374 0.0000000000
75012  45.236  18.324  -2.688 0.0000000000
75013  44.823  19.169  -2.312 0.0000000000
75017  49.552  18.105  -3.740 0.0000000000
75018  49.076  18.564  -3.126 0.0000000000
75019  46.279  17.866  -4.324 0.0000000000
75020  45.766  18.391  -3.701 0.0000000000
75024  50.814  17.766  -5.264 0.0000000000
75025  50.200  18.153  -4.566 0.0000000000
75026  46.649  18.037  -5.050 0.0000000000
75029  51.186  18.020  -5.843 0.0000000000
75030  48.401  18.209  -7.136 0.0000000000
75031  48.036  17.927  -7.098 0.0000000000
75032  47.275  18.276  -6.069 0.0000000000
75036  51.262  18.247  -6.545 0.0000000000
75037  50.542  18.138  -6.913 0.0000000000
75038  49.133  18.252  -7.133 0.0000000000
75039  48.583  17.697  -6.907 0.0000000000
75043  51.312  18.610  -7.080 0.0000000000
75044  50.485  18.869  -7.360 0.0000000000
75045  49.589  19.267  -7.608 0.0000000000
75614  33.951  19.351  15.153 0.0000000000
75615  33.100  19.491  15.307 0.0000000000
75616  32.118  19.588  15.396 0.0000000000
75617  31.119  19.653  15.446 0.0000000000
75618  30.088  19.687  15.476 0.0000000000
75619  29.002  19.720  15.382 0.0000000000
75620  27.787  19.792  15.203 0.0000000000
75641  39.009  19.468  14.946 0.0000000000
75642  38.016  19.727  14.597 0.0000000000
75643  36.938  19.936  14.610 0.0000000000
75644  35.961  19.647  14.779 0.0000000000
75645  35.159  19.374  14.898 0.0000000000
75646  34.570  19.175  15.062 0.0000000000
75647  27.559  20.546  15.080 0.0000000000
75648  26.925  20.174  14.913 0.0000000000
75657  52.178  20.155  13.414 0.0000000000
75658  51.097  19.500  13.686 0.0000000000
75659  49.650  18.870  13.811 0.0000000000
75660  48.152  18.792  13.438 0.0000000000
75661  47.427  18.661  13.323 0.0000000000
75663  51.707  20.356  12.801 0.0000000000
75664  51.137  19.942  12.877 0.0000000000
75665  50.074  19.529  12.918 0.0000000000
75666  48.695  19.437  12.600 0.0000000000
75667  47.216  18.991  12.624 0.0000000000
75668  46.487  18.741  12.197 0.0000000000
75670  48.415  19.696  11.929 0.0000000000
75671  47.646  19.535  11.652 0.0000000000
75672  46.358  18.981  11.527 0.0000000000
75673  45.703  18.853  11.033 0.0000000000
75676  48.474  19.900  10.954 0.0000000000
75677  47.501  19.599  10.854 0.0000000000
75678  46.631  19.322  10.780 0.0000000000
75679  45.871  19.003  10.597 0.0000000000
75683  49.122  20.056  9.472 0.0000000000
75684  48.667  19.865  9.405 0.0000000000
75685  47.497  19.570  10.585 0.0000000000
75686  46.558  19.245  10.131 0.0000000000
75687  46.067  19.092  10.132 0.0000000000
75692  49.138  20.001  8.965 0.0000000000
75693  48.473  19.679  8.628 0.0000000000
75694  47.586  19.244  8.375 0.0000000000
75695  47.020  19.037  8.682 0.0000000000
75700  49.142  19.907  8.112 0.0000000000
75701  48.435  19.534  7.661 0.0000000000
75702  47.789  19.127  7.219 0.0000000000
75705  49.162  19.831  7.136 0.0000000000
75706  48.482  19.428  6.622 0.0000000000
75707  47.910  19.018  6.215 0.0000000000
75709  49.174  19.775  6.104 0.0000000000
75710  48.557  19.138  4.126 0.0000000000
75711  47.970  18.969  5.674 0.0000000000
75712  36.045  18.736  5.070 0.0000000000
75713  35.755  18.837  4.914 0.0000000000
75715  49.135  19.659  3.986 0.0000000000
75716  48.568  19.160  3.885 0.0000000000
75717  39.070  18.933  4.390 0.0000000000
75718  38.473  19.252  4.198 0.0000000000
75719  37.504  19.649  4.133 0.0000000000
75720  36.418  19.248  4.651 0.0000000000
75721  35.539  19.207  4.511 0.0000000000
75722  35.002  19.151  3.970 0.0000000000
75724  49.238  19.770  3.674 0.0000000000
75725  48.454  19.164  3.306 0.0000000000
75726  48.002  18.837  2.676 0.0000000000
75727  40.291  19.151  3.452 0.0000000000
75728  39.552  19.318  3.693 0.0000000000
75729  38.522  19.912  3.297 0.0000000000
75730  37.829  20.124  3.533 0.0000000000
75731  34.549  19.186  3.498 0.0000000000
75732  34.116  19.220  3.048 0.0000000000
75734  49.166  19.812  3.095 0.0000000000
75735  48.608  19.561  2.411 0.0000000000
75736  47.915  18.926  1.874 0.0000000000
75737  41.198  19.276  2.263 0.0000000000
75738  40.515  19.557  2.581 0.0000000000
75739  39.476  19.886  2.757 0.0000000000
75740  38.922  20.142  2.608 0.0000000000
75741  33.695  19.185  2.624 0.0000000000
75744  48.359  19.600  1.422 0.0000000000
75745  47.827  18.948  0.928 0.0000000000
75746  41.996  19.221  1.114 0.0000000000
75747  41.409  19.577  1.474 0.0000000000
75748  40.809  19.894  1.797 0.0000000000
75752  48.369  19.480  0.481 0.0000000000
75753  48.048  18.784  0.090 0.0000000000
75754  42.828  19.191  0.052 0.0000000000
75755  42.247  19.582  0.427 0.0000000000
75756  41.635  19.914  0.751 0.0000000000
75761  48.410  19.112  -0.519 0.0000000000
75762  48.150  18.671  -0.359 0.0000000000
75763  43.717  19.160  -0.922 0.0000000000
75764  43.212  19.648  -0.601 0.0000000000
75765  42.550  20.080  -0.266 0.0000000000
75769  48.626  19.143  -1.622 0.0000000000
75770  44.085  19.557  -1.615 0.0000000000
75771  43.612  20.091  -1.316 0.0000000000
75775  49.310  19.662  -2.853 0.0000000000
75776  48.974  19.219  -2.653 0.0000000000
75777  45.289  19.508  -3.169 0.0000000000
75778  44.721  19.884  -2.475 0.0000000000
75781  49.499  19.196  -3.524 0.0000000000
75782  49.111  19.000  -3.102 0.0000000000
75783  46.218  18.623  -4.479 0.0000000000
75784  45.892  19.561  -4.278 0.0000000000
75788  50.907  18.759  -5.307 0.0000000000
75789  50.367  19.394  -4.512 0.0000000000
75790  46.589  19.249  -5.140 0.0000000000
75791  46.276  19.995  -4.835 0.0000000000
75794  52.577  19.669  -6.327 0.0000000000
75795  51.971  19.201  -6.066 0.0000000000
75796  48.353  18.528  -7.190 0.0000000000
75797  47.883  19.167  -6.926 0.0000000000
75798  47.330  19.782  -5.979 0.0000000000
75802  52.779  19.520  -6.667 0.0000000000
75803  52.074  18.982  -6.894 0.0000000000
75804  48.667  19.339  -7.540 0.0000000000
75805  48.178  20.069  -7.398 0.0000000000
75809  52.804  19.578  -7.174 0.0000000000
75810  51.780  19.478  -7.398 0.0000000000
75811  50.491  19.841  -7.808 0.0000000000
75812  49.380  20.087  -8.061 0.0000000000
76355  34.480  20.642  15.089 0.0000000000
76356  33.744  20.404  15.270 0.0000000000
76357  32.699  20.505  15.460 0.0000000000
76358  31.728  20.566  15.452 0.0000000000
76359  30.741  20.579  15.402 0.0000000000
76360  29.723  20.606  15.358 0.0000000000
76361  28.647  20.782  15.254 0.0000000000
76362  27.979  20.586  15.185 0.0000000000
76377  39.491  20.177  14.384 0.0000000000
76378  38.552  20.300  14.368 0.0000000000
76379  37.583  20.761  14.339 0.0000000000
76380  36.684  20.964  14.483 0.0000000000
76381  35.975  20.683  14.633 0.0000000000
76382  35.122  20.397  14.810 0.0000000000
76383  34.482  19.883  14.967 0.0000000000
76384  28.467  21.310  15.084 0.0000000000
76385  27.967  21.123  15.076 0.0000000000
76386  27.210  20.954  14.845 0.0000000000
76397  52.545  20.832  13.454 0.0000000000
76406  39.820  20.965  14.040 0.0000000000
76407  38.965  20.958  14.113 0.0000000000
76408  38.266  21.058  14.167 0.0000000000
76410  52.088  20.839  12.537 0.0000000000
76411  51.176  20.395  12.317 0.0000000000
76412  50.227  19.918  12.312 0.0000000000
76413  49.516  19.681  12.399 0.0000000000
76415  51.978  21.196  11.941 0.0000000000
76416  51.473  20.903  11.655 0.0000000000
76417  50.295  20.318  11.749 0.0000000000
76418  49.127  19.855  11.880 0.0000000000
76419  48.362  19.727  11.656 0.0000000000
76422  52.135  21.222  10.150 0.0000000000
76423  51.577  21.111  10.786 0.0000000000
76424  50.506  20.675  11.180 0.0000000000
76425  49.393  20.137  11.299 0.0000000000
76426  48.383  19.804  11.337 0.0000000000
76430  52.252  21.166  9.404 0.0000000000
76431  51.801  20.982  9.961 0.0000000000
76432  50.873  20.797  10.688 0.0000000000
76433  49.765  20.382  10.981 0.0000000000
76434  41.668  21.001  8.690 0.0000000000
76435  40.980  20.973  8.741 0.0000000000
76436  40.200  20.999  8.786 0.0000000000
76437  39.726  21.028  8.782 0.0000000000
76442  52.668  21.324  7.804 0.0000000000
76443  52.461  21.186  8.407 0.0000000000
76444  52.156  21.039  8.869 0.0000000000
76445  49.799  20.262  8.672 0.0000000000
76446  43.645  20.854  7.796 0.0000000000
76447  42.974  20.725  7.941 0.0000000000
76448  42.141  20.743  8.201 0.0000000000
76449  41.223  20.741  8.124 0.0000000000
76450  40.414  20.790  8.157 0.0000000000
76451  39.586  20.918  8.276 0.0000000000
76452  39.048  20.982  7.996 0.0000000000
76458  52.612  21.273  7.403 0.0000000000
76459  52.349  21.135  7.237 0.0000000000
76460  52.225  21.005  7.767 0.0000000000
76461  49.858  20.207  7.734 0.0000000000
76462  44.076  20.866  7.219 0.0000000000
76463  43.225  20.602  7.177 0.0000000000
76464  42.345  20.594  7.268 0.0000000000
76465  41.461  20.705  7.356 0.0000000000
76466  40.658  20.834  7.448 0.0000000000
76467  39.870  20.966  7.454 0.0000000000
76468  39.272  21.007  7.668 0.0000000000
76472  51.953  21.215  6.144 0.0000000000
76473  51.952  21.048  6.615 0.0000000000
76474  49.887  20.176  6.738 0.0000000000
76475  45.420  21.135  6.209 0.0000000000
76476  44.640  20.915  6.435 0.0000000000
76477  43.618  20.594  6.360 0.0000000000
76478  42.607  20.586  6.369 0.0000000000
76479  41.698  20.783  6.510 0.0000000000
76480  40.742  21.042  6.546 0.0000000000
76481  40.251  21.042  7.005 0.0000000000
76483  51.592  21.223  5.228 0.0000000000
76484  51.317  21.043  5.372 0.0000000000
76485  49.902  20.191  5.703 0.0000000000
76486  45.621  21.145  5.615 0.0000000000
76487  44.996  20.929  5.527 0.0000000000
76488  44.068  20.683  5.483 0.0000000000
76489  43.008  20.655  5.433 0.0000000000
76490  41.848  20.944  5.475 0.0000000000
76491  41.249  21.059  6.009 0.0000000000
76493  51.429  21.217  4.839 0.0000000000
76494  51.082  21.077  4.637 0.0000000000
76495  50.164  20.509  4.184 0.0000000000
76496  46.150  21.153  4.460 0.0000000000
76497  45.615  21.027  4.798 0.0000000000
76498  44.567  20.749  4.610 0.0000000000
76499  43.539  20.814  4.538 0.0000000000
76500  42.489  21.135  4.482 0.0000000000
76501  41.850  21.239  4.764 0.0000000000
76502  36.846  19.888  4.157 0.0000000000
76503  36.223  19.972  4.201 0.0000000000
76504  35.383  19.930  4.099 0.0000000000
76505  34.794  19.804  3.828 0.0000000000
76507  50.577  20.871  3.880 0.0000000000
76508  49.867  20.332  3.421 0.0000000000
76509  45.928  20.897  3.892 0.0000000000
76510  45.087  20.715  3.818 0.0000000000
76511  44.064  20.897  3.526 0.0000000000
76512  43.115  21.192  3.767 0.0000000000
76513  42.635  21.395  3.847 0.0000000000
76514  38.010  20.335  3.195 0.0000000000
76515  37.227  20.604  3.525 0.0000000000
76516  35.944  20.659  3.832 0.0000000000
76517  35.025  20.522  3.773 0.0000000000
76518  34.261  20.098  3.520 0.0000000000
76519  33.706  19.963  3.046 0.0000000000
76521  50.406  20.841  3.052 0.0000000000
76522  49.599  20.267  2.506 0.0000000000
76523  49.013  20.050  1.790 0.0000000000
76524  45.489  20.897  3.195 0.0000000000
76525  44.760  20.903  3.000 0.0000000000
76526  44.279  21.064  2.902 0.0000000000
76527  39.924  20.020  2.285 0.0000000000
76528  39.354  20.237  2.133 0.0000000000
76529  38.382  20.698  2.447 0.0000000000
76530  37.672  21.142  2.833 0.0000000000
76531  33.328  20.004  2.628 0.0000000000
76534  50.387  20.889  2.088 0.0000000000
76535  49.706  20.431  1.529 0.0000000000
76536  48.919  20.175  0.979 0.0000000000
76537  40.924  20.061  1.411 0.0000000000
76538  40.250  20.205  1.624 0.0000000000
76539  39.241  20.733  1.335 0.0000000000
76540  38.632  21.005  1.617 0.0000000000
76545  50.541  20.737  1.144 0.0000000000
76546  49.762  20.437  0.607 0.0000000000
76547  48.977  20.029  0.022 0.0000000000
76548  41.752  20.108  0.436 0.0000000000
76549  41.077  20.402  0.648 0.0000000000
76550  40.042  20.662  0.805 0.0000000000
76551  39.548  20.919  0.725 0.0000000000
76556  50.550  20.733  0.317 0.0000000000
76557  49.869  20.524  -0.395 0.0000000000
76558  49.032  19.901  -0.980 0.0000000000
76559  42.780  20.634  -0.706 0.0000000000
76560  41.995  20.568  -0.103 0.0000000000
76561  41.383  20.847  -0.063 0.0000000000
76564  49.666  20.456  -1.414 0.0000000000
76565  49.124  19.862  -1.984 0.0000000000
76566  43.855  20.617  -1.751 0.0000000000
76567  43.357  20.643  -1.225 0.0000000000
76570  50.715  20.855  -2.806 0.0000000000
76571  49.841  20.361  -2.681 0.0000000000
76572  49.257  19.780  -2.529 0.0000000000
76573  44.887  20.605  -3.110 0.0000000000
76574  44.389  20.595  -2.329 0.0000000000
76577  50.869  20.741  -3.544 0.0000000000
76578  50.307  20.005  -3.967 0.0000000000
76579  45.448  20.567  -3.942 0.0000000000
76583  52.249  20.936  -5.125 0.0000000000
76584  51.360  20.221  -4.928 0.0000000000
76585  50.602  19.880  -4.460 0.0000000000
76586  46.655  20.539  -5.372 0.0000000000
76587  46.052  20.642  -4.679 0.0000000000
76591  53.898  21.593  -6.353 0.0000000000
76592  52.856  20.563  -6.028 0.0000000000
76593  52.054  19.953  -5.692 0.0000000000
76594  47.599  20.598  -6.919 0.0000000000
76595  47.063  20.851  -6.176 0.0000000000
76598  54.276  21.084  -6.764 0.0000000000
76599  53.650  20.072  -7.022 0.0000000000
76600  48.639  20.306  -7.881 0.0000000000
76601  48.245  21.015  -7.704 0.0000000000
76605  54.252  20.888  -7.395 0.0000000000
76606  53.171  20.454  -7.576 0.0000000000
76607  51.643  20.605  -7.868 0.0000000000
76608  50.237  20.847  -8.148 0.0000000000
76609  49.039  21.088  -8.279 0.0000000000
76610  48.609  21.504  -8.001 0.0000000000
77054  34.792  22.066  15.233 0.0000000000
77055  34.299  21.505  15.329 0.0000000000
77056  33.260  21.426  15.572 0.0000000000
77057  32.347  21.433  15.521 0.0000000000
77058  31.452  21.471  15.248 0.0000000000
77059  30.433  21.292  15.146 0.0000000000
77060  29.519  21.347  15.102 0.0000000000
77061  28.862  21.446  15.042 0.0000000000
77072  36.923  21.823  14.372 0.0000000000
77073  36.064  21.677  14.637 0.0000000000
77074  35.208  21.532  14.918 0.0000000000
77075  34.763  21.025  15.018 0.0000000000
77076  31.040  21.661  14.743 0.0000000000
77077  30.252  21.679  14.491 0.0000000000
77078  29.292  21.656  14.585 0.0000000000
77079  28.462  21.633  14.701 0.0000000000
77080  27.641  21.573  14.648 0.0000000000
77081  26.855  21.432  14.499 0.0000000000
77103  41.036  21.948  13.812 0.0000000000
77104  40.100  21.917  14.102 0.0000000000
77105  39.221  21.825  14.215 0.0000000000
77106  38.482  21.699  14.210 0.0000000000
77107  37.801  21.732  14.227 0.0000000000
77108  29.763  21.789  13.975 0.0000000000
77109  28.987  21.888  14.018 0.0000000000
77110  28.102  21.952  14.113 0.0000000000
77111  27.339  21.932  14.258 0.0000000000
77112  26.610  21.969  14.103 0.0000000000
77122  52.256  21.543  12.974 0.0000000000
77124  52.190  21.641  11.935 0.0000000000
77125  52.021  21.376  11.516 0.0000000000
77127  52.794  21.921  10.336 0.0000000000
77128  52.474  21.658  10.761 0.0000000000
77129  51.894  21.309  11.200 0.0000000000
77130  42.017  21.704  9.440 0.0000000000
77131  41.488  21.870  9.618 0.0000000000
77132  40.544  21.971  9.809 0.0000000000
77133  39.527  22.096  10.019 0.0000000000
77134  38.591  22.423  10.134 0.0000000000
77135  38.006  22.830  10.157 0.0000000000
77138  52.880  21.903  9.749 0.0000000000
77139  52.471  21.443  9.867 0.0000000000
77140  46.647  21.756  8.699 0.0000000000
77141  45.862  21.666  8.829 0.0000000000
77142  44.955  21.527  8.921 0.0000000000
77143  44.041  21.370  9.025 0.0000000000
77144  43.223  21.350  9.053 0.0000000000
77145  42.385  21.344  9.098 0.0000000000
77146  41.559  21.358  9.167 0.0000000000
77147  40.755  21.363  9.279 0.0000000000
77148  39.696  21.301  9.279 0.0000000000
77149  38.625  21.660  9.522 0.0000000000
77150  37.661  22.330  9.611 0.0000000000
77151  37.059  22.523  9.302 0.0000000000
77155  53.538  22.271  7.953 0.0000000000
77156  53.014  21.787  8.565 0.0000000000
77157  52.583  21.468  9.206 0.0000000000
77158  47.630  21.710  7.663 0.0000000000
77159  47.049  21.652  8.033 0.0000000000
77160  46.172  21.516  8.079 0.0000000000
77161  45.336  21.363  8.133 0.0000000000
77162  44.368  21.132  8.144 0.0000000000
77163  43.524  21.057  8.437 0.0000000000
77164  42.857  21.025  8.568 0.0000000000
77165  39.447  21.081  8.731 0.0000000000
77166  38.795  21.191  8.537 0.0000000000
77167  37.801  21.661  8.833 0.0000000000
77168  37.094  22.144  8.895 0.0000000000
77173  53.698  22.377  7.114 0.0000000000
77174  53.015  21.586  7.384 0.0000000000
77175  52.588  21.272  7.155 0.0000000000
77176  47.800  21.668  7.007 0.0000000000
77177  47.102  21.562  7.176 0.0000000000
77178  46.410  21.463  7.342 0.0000000000
77179  45.680  21.338  7.416 0.0000000000
77180  44.906  21.154  7.363 0.0000000000
77181  39.236  21.186  7.138 0.0000000000
77182  38.657  21.233  7.526 0.0000000000
77183  37.775  21.579  7.864 0.0000000000
77184  37.262  21.922  8.307 0.0000000000
77188  53.803  22.437  6.538 0.0000000000
77189  53.185  21.878  6.299 0.0000000000
77190  52.533  21.355  6.658 0.0000000000
77191  47.836  21.646  6.167 0.0000000000
77192  47.180  21.518  6.403 0.0000000000
77193  46.535  21.425  6.603 0.0000000000
77194  45.900  21.319  6.748 0.0000000000
77195  45.312  21.196  6.834 0.0000000000
77196  40.238  21.355  6.046 0.0000000000
77197  39.736  21.307  6.532 0.0000000000
77198  38.701  21.606  6.576 0.0000000000
77199  38.049  21.753  7.089 0.0000000000
77201  52.795  21.798  5.166 0.0000000000
77202  52.254  21.459  5.696 0.0000000000
77203  47.880  21.667  5.380 0.0000000000
77204  47.199  21.519  5.596 0.0000000000
77205  46.583  21.383  5.861 0.0000000000
77206  46.023  21.279  6.085 0.0000000000
77207  41.421  21.395  4.908 0.0000000000
77208  40.722  21.482  5.433 0.0000000000
77209  39.838  21.743  5.729 0.0000000000
77210  39.156  21.826  5.912 0.0000000000
77212  52.773  21.842  4.047 0.0000000000
77213  51.746  21.355  4.555 0.0000000000
77214  51.085  21.126  4.203 0.0000000000
77215  47.974  21.730  4.562 0.0000000000
77216  47.221  21.545  4.757 0.0000000000
77217  46.475  21.360  5.008 0.0000000000
77218  46.061  21.261  5.470 0.0000000000
77219  42.305  21.570  3.887 0.0000000000
77220  41.725  21.707  4.253 0.0000000000
77221  41.088  21.851  4.685 0.0000000000
77223  52.948  22.003  2.877 0.0000000000
77224  51.930  21.533  3.350 0.0000000000
77225  51.097  21.197  3.638 0.0000000000
77226  48.062  21.858  3.674 0.0000000000
77227  47.249  21.562  3.829 0.0000000000
77228  46.566  21.289  4.155 0.0000000000
77229  43.935  21.263  2.795 0.0000000000
77230  43.398  21.447  3.033 0.0000000000
77231  42.644  21.766  3.289 0.0000000000
77232  42.071  21.962  3.627 0.0000000000
77233  36.345  21.275  3.364 0.0000000000
77234  35.459  21.259  3.435 0.0000000000
77235  34.575  21.058  3.345 0.0000000000
77236  33.868  20.732  3.081 0.0000000000
77237  33.533  20.460  2.844 0.0000000000
77239  53.138  22.168  1.732 0.0000000000
77240  52.085  21.633  2.243 0.0000000000
77241  51.120  21.334  2.673 0.0000000000
77242  48.138  22.071  2.807 0.0000000000
77243  47.333  21.702  2.837 0.0000000000
77244  46.298  21.243  2.987 0.0000000000
77245  45.246  21.205  2.464 0.0000000000
77246  44.394  21.380  2.387 0.0000000000
77247  43.648  21.793  2.297 0.0000000000
77248  43.056  21.944  2.632 0.0000000000
77249  37.838  21.444  2.413 0.0000000000
77250  37.071  21.733  2.812 0.0000000000
77251  35.938  21.942  2.990 0.0000000000
77252  34.939  21.872  3.007 0.0000000000
77253  34.050  21.577  2.869 0.0000000000
77254  33.283  21.019  2.587 0.0000000000
77258  53.319  22.123  0.685 0.0000000000
77259  52.277  21.571  1.176 0.0000000000
77260  51.264  21.259  1.642 0.0000000000
77261  48.239  22.223  2.228 0.0000000000
77262  47.541  22.075  1.847 0.0000000000
77263  46.570  21.660  1.932 0.0000000000
77264  45.672  21.528  1.874 0.0000000000
77265  44.824  21.714  1.631 0.0000000000
77266  44.117  21.859  1.756 0.0000000000
77267  38.751  21.238  1.196 0.0000000000
77268  38.260  21.600  1.702 0.0000000000
77269  37.656  21.997  2.182 0.0000000000
77275  53.591  21.821  -0.168 0.0000000000
77276  52.470  21.444  0.172 0.0000000000
77277  51.405  21.051  0.665 0.0000000000
77278  47.247  22.193  1.003 0.0000000000
77279  46.626  22.015  1.088 0.0000000000
77280  45.810  21.893  1.170 0.0000000000
77281  45.286  21.847  1.310 0.0000000000
77282  40.373  20.914  0.303 0.0000000000
77283  39.799  21.061  0.369 0.0000000000
77284  39.190  21.453  0.564 0.0000000000
77285  38.612  21.721  1.032 0.0000000000
77290  53.694  21.792  -0.665 0.0000000000
77291  52.811  21.694  -0.879 0.0000000000
77292  51.120  21.125  -0.501 0.0000000000
77293  50.216  20.805  -0.943 0.0000000000
77294  42.380  21.540  -0.907 0.0000000000
77295  41.581  21.368  -0.518 0.0000000000
77296  40.834  21.199  -0.193 0.0000000000
77297  40.079  21.354  -0.063 0.0000000000
77298  39.656  21.420  0.149 0.0000000000
77301  52.577  21.974  -2.082 0.0000000000
77302  51.488  21.408  -1.650 0.0000000000
77303  50.444  20.917  -1.563 0.0000000000
77304  43.588  21.579  -1.759 0.0000000000
77305  43.070  21.375  -1.186 0.0000000000
77308  52.686  22.001  -3.239 0.0000000000
77309  51.555  21.341  -2.786 0.0000000000
77310  50.752  21.003  -2.283 0.0000000000
77311  44.577  21.633  -2.897 0.0000000000
77312  44.120  21.361  -2.215 0.0000000000
77315  52.728  22.039  -3.996 0.0000000000
77316  51.912  21.431  -4.042 0.0000000000
77317  45.119  21.568  -3.773 0.0000000000
77320  52.664  21.916  -4.906 0.0000000000
77321  52.079  21.093  -4.714 0.0000000000
77322  46.444  21.610  -5.183 0.0000000000
77323  45.736  21.599  -4.595 0.0000000000
77327  55.060  22.907  -6.946 0.0000000000
77328  54.580  22.357  -6.669 0.0000000000
77329  53.651  22.234  -5.802 0.0000000000
77330  47.363  21.716  -6.614 0.0000000000
77331  46.943  21.655  -5.830 0.0000000000
77334  55.278  22.608  -7.237 0.0000000000
77335  54.922  21.738  -7.319 0.0000000000
77336  47.832  21.689  -7.319 0.0000000000
77340  55.211  22.256  -7.764 0.0000000000
77341  54.343  21.626  -7.857 0.0000000000
77342  52.869  21.474  -7.932 0.0000000000
77343  51.315  21.543  -7.993 0.0000000000
77344  49.940  21.710  -8.075 0.0000000000
77345  48.935  21.966  -8.169 0.0000000000
77346  48.344  21.840  -7.763 0.0000000000
77793  35.583  23.079  15.262 0.0000000000
77794  35.219  22.591  15.136 0.0000000000
77795  34.437  22.523  15.267 0.0000000000
77796  33.660  22.263  15.485 0.0000000000
77797  32.879  22.194  15.472 0.0000000000
77798  32.224  22.077  15.239 0.0000000000
77809  39.029  23.616  14.978 0.0000000000
77810  38.533  23.381  14.876 0.0000000000
77811  37.560  22.842  14.656 0.0000000000
77812  36.142  22.776  14.953 0.0000000000
77813  35.627  22.184  14.862 0.0000000000
77814  33.870  22.744  15.148 0.0000000000
77815  33.292  22.671  15.179 0.0000000000
77816  32.722  22.685  14.963 0.0000000000
77817  31.825  22.242  14.632 0.0000000000
77818  31.125  21.895  14.189 0.0000000000
77823  52.010  21.986  13.255 0.0000000000
77824  51.428  22.415  13.365 0.0000000000
77825  50.162  22.978  13.238 0.0000000000
77826  48.807  22.961  13.405 0.0000000000
77830  44.521  23.098  13.510 0.0000000000
77831  43.448  23.123  13.614 0.0000000000
77832  42.378  23.094  13.722 0.0000000000
77833  41.337  23.012  13.915 0.0000000000
77834  40.407  22.897  14.259 0.0000000000
77835  39.405  22.970  14.589 0.0000000000
77836  38.550  22.494  14.468 0.0000000000
77837  38.092  22.203  14.309 0.0000000000
77838  33.608  23.053  13.690 0.0000000000
77839  32.859  22.831  13.957 0.0000000000
77840  31.760  22.278  13.597 0.0000000000
77841  30.662  21.938  13.490 0.0000000000
77842  29.668  21.949  13.254 0.0000000000
77843  28.680  22.087  13.288 0.0000000000
77844  27.540  22.220  13.486 0.0000000000
77845  26.444  22.369  13.373 0.0000000000
77856  51.750  22.610  12.537 0.0000000000
77857  50.984  23.280  13.053 0.0000000000
77858  50.476  23.584  13.136 0.0000000000
77859  34.347  23.293  12.427 0.0000000000
77860  33.711  23.022  12.871 0.0000000000
77861  32.623  22.473  12.724 0.0000000000
77862  31.545  22.170  12.551 0.0000000000
77863  30.489  22.112  12.437 0.0000000000
77864  29.456  22.258  12.403 0.0000000000
77865  28.386  22.476  12.474 0.0000000000
77873  52.658  23.032  10.729 0.0000000000
77874  52.404  22.620  11.259 0.0000000000
77875  34.169  23.152  11.819 0.0000000000
77876  33.363  22.673  11.775 0.0000000000
77877  32.371  22.324  11.623 0.0000000000
77878  31.304  22.171  11.526 0.0000000000
77879  30.242  22.259  11.479 0.0000000000
77886  52.859  22.449  10.400 0.0000000000
77887  52.711  22.159  10.843 0.0000000000
77888  48.808  23.204  9.946 0.0000000000
77889  48.181  22.985  9.977 0.0000000000
77890  47.106  22.790  10.045 0.0000000000
77891  46.085  22.839  10.113 0.0000000000
77892  45.054  22.805  10.139 0.0000000000
77893  43.942  22.632  10.036 0.0000000000
77894  42.604  22.256  9.850 0.0000000000
77895  41.406  22.661  10.115 0.0000000000
77896  40.355  22.861  10.258 0.0000000000
77897  39.376  23.035  10.409 0.0000000000
77898  38.543  23.267  10.425 0.0000000000
77899  37.879  23.437  10.346 0.0000000000
77900  37.361  23.503  10.185 0.0000000000
77901  33.914  22.998  11.068 0.0000000000
77902  33.178  22.626  10.659 0.0000000000
77903  32.072  22.328  10.639 0.0000000000
77904  31.010  22.273  10.573 0.0000000000
77910  53.565  23.136  9.094 0.0000000000
77911  53.279  22.753  9.475 0.0000000000
77912  51.147  23.773  8.979 0.0000000000
77913  50.408  23.422  9.052 0.0000000000
77914  49.066  22.799  9.303 0.0000000000
77915  47.617  22.106  9.021 0.0000000000
77916  46.483  22.107  9.448 0.0000000000
77917  45.500  22.088  9.561 0.0000000000
77918  44.514  21.984  9.594 0.0000000000
77919  43.549  21.842  9.538 0.0000000000
77920  42.944  21.676  9.419 0.0000000000
77921  37.557  23.031  9.977 0.0000000000
77922  36.963  23.107  9.682 0.0000000000
77923  36.266  23.155  9.432 0.0000000000
77924  32.649  22.595  9.881 0.0000000000
77932  53.583  22.760  8.710 0.0000000000
77933  53.196  22.269  9.142 0.0000000000
77934  51.984  23.578  7.869 0.0000000000
77935  51.174  23.367  8.258 0.0000000000
77936  49.798  22.731  8.139 0.0000000000
77937  48.444  22.066  7.898 0.0000000000
77938  47.702  21.816  8.175 0.0000000000
77939  36.562  22.600  9.098 0.0000000000
77940  35.902  22.910  8.883 0.0000000000
77945  54.037  23.018  7.806 0.0000000000
77946  51.568  23.173  7.206 0.0000000000
77947  50.430  22.739  7.184 0.0000000000
77948  49.317  22.337  7.023 0.0000000000
77949  48.471  21.926  6.683 0.0000000000
77950  37.178  22.015  7.835 0.0000000000
77951  36.506  22.330  8.129 0.0000000000
77952  35.534  22.892  8.006 0.0000000000
77957  54.565  23.565  5.895 0.0000000000
77958  54.293  23.217  6.467 0.0000000000
77959  53.810  22.442  6.101 0.0000000000
77960  50.899  22.850  6.208 0.0000000000
77961  49.845  22.496  6.165 0.0000000000
77962  48.973  22.163  6.056 0.0000000000
77963  48.368  21.841  5.915 0.0000000000
77964  37.975  22.158  6.478 0.0000000000
77965  37.212  22.325  7.083 0.0000000000
77966  35.963  22.864  7.032 0.0000000000
77971  54.669  23.473  5.254 0.0000000000
77972  54.164  22.641  5.450 0.0000000000
77973  53.463  22.200  5.570 0.0000000000
77974  51.208  23.074  5.237 0.0000000000
77975  50.229  22.674  5.238 0.0000000000
77976  49.304  22.325  5.263 0.0000000000
77977  48.547  21.974  5.276 0.0000000000
77978  40.035  22.229  5.255 0.0000000000
77984  54.888  23.520  3.871 0.0000000000
77985  54.450  22.763  4.337 0.0000000000
77986  53.574  22.228  4.705 0.0000000000
77987  51.423  23.179  4.592 0.0000000000
77988  50.686  22.893  4.142 0.0000000000
77989  49.560  22.467  4.346 0.0000000000
77990  48.711  22.111  4.455 0.0000000000
77991  41.208  22.309  4.285 0.0000000000
77992  40.538  22.562  4.684 0.0000000000
77995  55.136  23.705  2.659 0.0000000000
77996  54.743  22.938  3.075 0.0000000000
77997  53.809  22.324  3.558 0.0000000000
77998  51.155  23.051  2.574 0.0000000000
77999  50.629  22.773  2.946 0.0000000000
78000  49.695  22.498  3.336 0.0000000000
78001  48.829  22.226  3.557 0.0000000000
78002  42.188  22.337  3.219 0.0000000000
78003  41.619  22.584  3.650 0.0000000000
78004  41.070  22.882  4.143 0.0000000000
78006  55.319  24.041  1.748 0.0000000000
78007  54.997  23.273  1.925 0.0000000000
78008  54.100  22.545  2.342 0.0000000000
78009  51.479  23.197  2.249 0.0000000000
78010  50.857  22.954  1.870 0.0000000000
78011  49.690  22.518  2.269 0.0000000000
78012  48.836  22.312  2.642 0.0000000000
78013  43.198  22.352  2.199 0.0000000000
78014  42.606  22.595  2.599 0.0000000000
78015  42.054  22.851  3.040 0.0000000000
78016  37.146  22.436  2.185 0.0000000000
78017  36.359  22.549  2.383 0.0000000000
78018  35.341  22.567  2.446 0.0000000000
78019  34.347  22.371  2.407 0.0000000000
78020  33.472  22.012  2.308 0.0000000000
78021  33.005  21.655  2.163 0.0000000000
78024  55.137  24.380  1.401 0.0000000000
78025  54.931  23.916  1.186 0.0000000000
78026  54.392  22.886  1.157 0.0000000000
78027  50.624  23.140  0.777 0.0000000000
78028  49.646  22.739  1.179 0.0000000000
78029  48.481  22.401  1.555 0.0000000000
78030  47.719  22.279  1.245 0.0000000000
78031  44.320  22.242  1.295 0.0000000000
78032  43.685  22.585  1.565 0.0000000000
78033  43.065  22.871  1.974 0.0000000000
78034  38.261  22.159  1.166 0.0000000000
78035  37.682  22.553  1.514 0.0000000000
78036  36.783  23.067  1.716 0.0000000000
78037  35.759  23.143  1.725 0.0000000000
78038  34.735  22.919  1.646 0.0000000000
78039  33.749  22.626  1.606 0.0000000000
78044  55.529  22.868  -0.383 0.0000000000
78045  55.195  22.681  -0.061 0.0000000000
78046  54.411  22.598  0.382 0.0000000000
78047  50.652  23.357  -0.136 0.0000000000
78048  49.688  23.001  0.095 0.0000000000
78049  48.649  22.717  0.374 0.0000000000
78050  47.634  22.458  0.515 0.0000000000
78051  46.685  22.364  0.335 0.0000000000
78052  45.847  22.376  0.449 0.0000000000
78053  44.913  22.450  0.747 0.0000000000
78054  44.202  22.744  0.942 0.0000000000
78055  39.056  22.112  0.132 0.0000000000
78056  38.633  22.318  0.631 0.0000000000
78057  38.094  22.669  0.948 0.0000000000
78062  55.739  23.393  -0.733 0.0000000000
78063  55.697  23.087  -0.798 0.0000000000
78064  55.259  22.570  -0.999 0.0000000000
78065  54.389  22.044  -0.740 0.0000000000
78066  53.723  21.809  -0.937 0.0000000000
78067  50.773  23.551  -0.702 0.0000000000
78068  49.927  23.383  -1.008 0.0000000000
78069  48.763  23.040  -0.723 0.0000000000
78070  47.784  22.864  -0.508 0.0000000000
78071  46.880  22.761  -0.413 0.0000000000
78072  45.931  22.923  -0.406 0.0000000000
78073  45.285  22.919  -0.007 0.0000000000
78074  42.272  22.285  -1.340 0.0000000000
78075  41.703  22.133  -1.138 0.0000000000
78076  40.981  21.839  -0.961 0.0000000000
78077  40.274  21.815  -0.657 0.0000000000
78078  39.544  21.917  -0.221 0.0000000000
78081  55.899  23.681  -1.052 0.0000000000
78082  55.747  23.625  -1.087 0.0000000000
78083  55.141  23.417  -1.467 0.0000000000
78084  54.243  22.932  -1.931 0.0000000000
78085  53.640  22.088  -1.521 0.0000000000
78086  49.537  23.523  -1.982 0.0000000000
78087  48.830  23.295  -1.758 0.0000000000
78088  47.831  23.212  -1.675 0.0000000000
78089  47.022  23.177  -1.247 0.0000000000
78090  46.313  23.217  -1.076 0.0000000000
78091  43.502  22.254  -2.015 0.0000000000
78092  42.932  22.355  -1.664 0.0000000000
78093  41.860  22.777  -2.062 0.0000000000
78094  41.061  22.432  -1.726 0.0000000000
78095  40.433  22.394  -1.341 0.0000000000
78096  39.791  22.462  -0.973 0.0000000000
78099  53.792  23.357  -3.273 0.0000000000
78100  53.555  22.425  -2.684 0.0000000000
78101  49.458  23.566  -2.488 0.0000000000
78102  48.907  23.475  -2.647 0.0000000000
78103  48.170  23.383  -2.650 0.0000000000
78104  44.477  22.368  -2.994 0.0000000000
78105  44.019  22.439  -2.460 0.0000000000
78106  43.379  22.697  -2.215 0.0000000000
78107  41.429  23.029  -2.848 0.0000000000
78108  41.024  22.842  -2.561 0.0000000000
78109  40.373  22.843  -2.144 0.0000000000
78110  39.858  22.845  -1.674 0.0000000000
78113  53.774  23.734  -4.256 0.0000000000
78114  53.474  22.596  -3.955 0.0000000000
78115  48.681  23.510  -3.160 0.0000000000
78116  48.432  23.485  -3.190 0.0000000000
78117  44.850  22.564  -3.562 0.0000000000
78118  44.400  22.877  -3.135 0.0000000000
78121  53.534  24.149  -4.679 0.0000000000
78122  53.013  23.393  -5.059 0.0000000000
78123  51.496  23.414  -5.334 0.0000000000
78124  50.673  23.283  -5.388 0.0000000000
78125  48.111  23.303  -5.549 0.0000000000
78126  47.271  23.267  -5.586 0.0000000000
78127  46.381  22.734  -5.137 0.0000000000
78128  45.455  22.543  -4.426 0.0000000000
78132  55.108  22.996  -7.289 0.0000000000
78133  54.534  22.944  -7.075 0.0000000000
78134  53.547  23.230  -6.477 0.0000000000
78135  51.941  23.474  -6.260 0.0000000000
78136  50.351  23.202  -6.007 0.0000000000
78137  48.851  23.114  -6.038 0.0000000000
78138  47.559  22.696  -6.099 0.0000000000
78139  46.909  22.431  -5.577 0.0000000000
78143  55.272  22.819  -7.692 0.0000000000
78144  54.664  22.875  -7.619 0.0000000000
78145  53.613  22.800  -7.358 0.0000000000
78146  52.221  22.875  -7.136 0.0000000000
78147  50.699  22.795  -6.962 0.0000000000
78148  49.301  22.941  -7.021 0.0000000000
78149  48.073  22.600  -7.011 0.0000000000
78152  54.856  22.479  -8.001 0.0000000000
78153  53.904  22.299  -7.810 0.0000000000
78154  52.489  22.258  -7.762 0.0000000000
78155  50.990  22.229  -7.639 0.0000000000
78156  49.656  22.369  -7.657 0.0000000000
78157  48.663  22.437  -7.635 0.0000000000
78158  48.134  22.202  -7.499 0.0000000000
78551  35.808  23.448  15.199 0.0000000000
78552  35.237  23.238  15.108 0.0000000000
78553  34.827  22.946  15.173 0.0000000000
78563  39.916  24.184  14.874 0.0000000000
78564  39.430  23.908  15.029 0.0000000000
78565  38.774  24.020  15.256 0.0000000000
78566  37.912  23.951  15.336 0.0000000000
78567  36.664  23.885  15.308 0.0000000000
78568  35.603  23.815  14.680 0.0000000000
78569  34.491  23.144  14.876 0.0000000000
78570  33.617  22.893  14.861 0.0000000000
78571  33.185  22.828  14.941 0.0000000000
78580  50.143  24.105  13.305 0.0000000000
78581  49.276  24.110  13.411 0.0000000000
78582  48.100  24.124  13.550 0.0000000000
78583  46.996  24.172  13.612 0.0000000000
78584  45.957  24.235  13.670 0.0000000000
78585  44.920  24.302  13.771 0.0000000000
78586  43.846  24.346  13.924 0.0000000000
78587  42.740  24.336  13.946 0.0000000000
78588  41.654  24.202  14.079 0.0000000000
78589  40.599  24.011  14.474 0.0000000000
78590  39.960  23.599  14.696 0.0000000000
78591  35.986  24.106  13.065 0.0000000000
78592  35.525  23.857  13.581 0.0000000000
78593  34.709  23.415  14.039 0.0000000000
78594  33.795  23.066  14.274 0.0000000000
78595  33.217  22.891  14.649 0.0000000000
78604  51.675  23.987  11.974 0.0000000000
78605  51.143  24.091  12.778 0.0000000000
78606  50.635  24.121  13.120 0.0000000000
78607  36.856  24.385  11.963 0.0000000000
78608  36.275  24.145  12.330 0.0000000000
78609  35.491  23.834  12.600 0.0000000000
78610  34.658  23.495  13.023 0.0000000000
78611  34.099  23.207  13.592 0.0000000000
78618  52.787  23.316  10.362 0.0000000000
78619  52.299  23.913  10.888 0.0000000000
78620  44.993  24.544  10.999 0.0000000000
78621  44.042  24.420  11.046 0.0000000000
78622  42.975  24.433  11.015 0.0000000000
78623  41.906  24.554  11.067 0.0000000000
78624  40.850  24.780  11.072 0.0000000000
78625  39.799  24.941  11.116 0.0000000000
78626  38.803  24.873  11.135 0.0000000000
78627  37.994  24.608  11.148 0.0000000000
78628  37.270  24.405  11.334 0.0000000000
78629  36.464  24.097  11.356 0.0000000000
78630  35.648  23.803  11.612 0.0000000000
78631  34.853  23.520  12.039 0.0000000000
78640  53.102  23.242  9.899 0.0000000000
78641  52.783  24.017  10.015 0.0000000000
78642  50.855  25.109  10.269 0.0000000000
78643  50.083  24.682  10.290 0.0000000000
78644  48.826  23.987  10.252 0.0000000000
78645  47.548  23.866  10.315 0.0000000000
78646  46.626  23.641  10.341 0.0000000000
78647  45.746  24.031  10.575 0.0000000000
78648  44.531  23.598  10.574 0.0000000000
78649  43.393  23.447  10.487 0.0000000000
78650  42.248  23.471  10.535 0.0000000000
78651  41.153  23.676  10.621 0.0000000000
78652  40.115  23.873  10.683 0.0000000000
78653  39.152  24.027  10.688 0.0000000000
78654  38.317  24.075  10.667 0.0000000000
78655  37.601  24.016  10.639 0.0000000000
78656  36.837  23.835  10.482 0.0000000000
78657  35.928  23.770  10.621 0.0000000000
78658  34.815  23.462  10.841 0.0000000000
78659  34.010  23.111  10.335 0.0000000000
78666  53.688  23.301  8.906 0.0000000000
78667  53.421  23.649  9.246 0.0000000000
78668  52.640  24.512  9.463 0.0000000000
78669  51.383  24.523  9.609 0.0000000000
78670  49.838  23.722  9.808 0.0000000000
78671  49.138  23.362  9.895 0.0000000000
78672  36.307  23.522  9.945 0.0000000000
78673  35.552  23.418  9.719 0.0000000000
78674  34.556  23.263  9.649 0.0000000000
78675  33.516  23.023  9.507 0.0000000000
78683  53.843  23.517  8.511 0.0000000000
78684  53.480  24.185  8.528 0.0000000000
78685  52.360  24.175  8.452 0.0000000000
78686  51.570  23.942  8.874 0.0000000000
78687  35.093  23.155  8.818 0.0000000000
78688  34.221  23.248  8.641 0.0000000000
78697  54.145  23.885  7.641 0.0000000000
78698  53.442  24.342  7.523 0.0000000000
78699  52.582  23.820  7.342 0.0000000000
78708  54.604  23.872  5.855 0.0000000000
78709  54.220  24.225  6.449 0.0000000000
78710  53.281  24.194  6.489 0.0000000000
78711  52.152  23.419  6.161 0.0000000000
78720  54.796  23.965  5.301 0.0000000000
78721  53.893  24.478  5.677 0.0000000000
78722  53.048  24.056  5.446 0.0000000000
78723  52.096  23.454  4.977 0.0000000000
78731  54.927  23.959  4.554 0.0000000000
78732  53.764  24.373  4.695 0.0000000000
78733  52.922  23.889  4.336 0.0000000000
78734  51.847  23.363  3.930 0.0000000000
78735  51.195  23.086  3.363 0.0000000000
78740  55.055  24.046  3.443 0.0000000000
78741  53.757  24.264  3.593 0.0000000000
78742  52.931  23.844  3.203 0.0000000000
78743  51.864  23.376  2.767 0.0000000000
78744  51.164  23.060  2.931 0.0000000000
78745  41.269  23.463  3.797 0.0000000000
78748  55.131  24.214  2.402 0.0000000000
78749  53.920  24.352  2.532 0.0000000000
78750  53.220  23.970  2.115 0.0000000000
78751  52.188  23.511  1.715 0.0000000000
78752  51.548  23.362  1.121 0.0000000000
78753  42.274  23.426  2.719 0.0000000000
78754  41.766  23.427  3.244 0.0000000000
78756  55.066  24.429  1.777 0.0000000000
78757  54.496  24.412  1.665 0.0000000000
78758  53.725  24.112  1.201 0.0000000000
78759  52.652  23.703  0.790 0.0000000000
78760  51.573  23.583  0.366 0.0000000000
78762  42.764  23.446  2.159 0.0000000000
78763  37.770  22.971  0.967 0.0000000000
78764  37.242  23.256  0.953 0.0000000000
78765  36.243  23.443  0.880 0.0000000000
78766  35.193  23.279  0.766 0.0000000000
78767  34.185  23.005  0.681 0.0000000000
78772  55.693  23.758  0.171 0.0000000000
78773  55.577  23.446  0.165 0.0000000000
78774  55.036  23.684  0.736 0.0000000000
78775  53.986  24.212  0.661 0.0000000000
78776  52.667  24.070  -0.020 0.0000000000
78777  51.522  23.757  -0.449 0.0000000000
78780  39.218  22.365  -0.127 0.0000000000
78781  38.926  22.799  0.058 0.0000000000
78782  38.014  23.247  0.336 0.0000000000
78783  36.839  23.583  0.049 0.0000000000
78793  55.845  23.434  -0.274 0.0000000000
78794  55.518  22.822  -0.019 0.0000000000
78795  54.740  24.494  0.089 0.0000000000
78796  53.790  24.371  -0.485 0.0000000000
78797  52.550  24.096  -0.995 0.0000000000
78798  51.177  23.747  -1.298 0.0000000000
78799  50.304  23.628  -1.764 0.0000000000
78803  39.300  22.752  -0.505 0.0000000000
78804  38.586  23.382  -0.647 0.0000000000
78805  37.537  23.729  -0.746 0.0000000000
78812  56.096  23.506  -0.850 0.0000000000
78813  55.338  23.676  -0.529 0.0000000000
78814  55.073  24.430  -0.932 0.0000000000
78815  53.857  24.121  -1.628 0.0000000000
78816  52.354  24.038  -2.010 0.0000000000
78817  51.051  23.808  -2.237 0.0000000000
78818  50.038  23.660  -2.401 0.0000000000
78819  47.023  23.482  -2.108 0.0000000000
78820  46.405  23.635  -1.824 0.0000000000
78823  43.036  22.909  -2.238 0.0000000000
78824  42.571  23.004  -2.397 0.0000000000
78825  39.238  23.190  -1.336 0.0000000000
78826  38.205  23.732  -1.790 0.0000000000
78831  53.455  24.230  -2.808 0.0000000000
78832  51.937  24.107  -2.954 0.0000000000
78833  50.620  23.770  -3.039 0.0000000000
78834  49.490  23.582  -3.027 0.0000000000
78835  48.927  23.523  -3.125 0.0000000000
78836  47.397  23.553  -2.894 0.0000000000
78837  46.595  23.962  -3.002 0.0000000000
78839  43.988  23.268  -3.080 0.0000000000
78840  43.128  23.480  -2.887 0.0000000000
78841  41.859  23.367  -3.365 0.0000000000
78842  41.025  23.081  -3.388 0.0000000000
78843  40.331  23.279  -2.999 0.0000000000
78844  39.373  23.423  -2.436 0.0000000000
78845  38.554  23.828  -2.695 0.0000000000
78848  53.602  24.300  -3.818 0.0000000000
78849  52.674  24.259  -3.743 0.0000000000
78850  51.361  23.800  -3.801 0.0000000000
78851  49.960  23.551  -3.880 0.0000000000
78852  48.760  23.522  -3.751 0.0000000000
78853  47.819  23.617  -3.829 0.0000000000
78854  47.102  23.907  -4.100 0.0000000000
78855  45.123  23.223  -4.225 0.0000000000
78856  44.386  23.653  -3.878 0.0000000000
78857  43.713  23.715  -3.434 0.0000000000
78858  41.543  23.667  -4.838 0.0000000000
78859  41.035  23.312  -4.308 0.0000000000
78860  40.408  23.483  -3.871 0.0000000000
78861  39.524  23.834  -3.571 0.0000000000
78862  38.972  23.804  -3.047 0.0000000000
78865  53.684  24.396  -4.362 0.0000000000
78866  53.177  24.220  -4.370 0.0000000000
78867  52.140  23.755  -4.457 0.0000000000
78868  50.598  23.363  -4.801 0.0000000000
78869  49.098  23.375  -4.920 0.0000000000
78870  47.985  23.576  -4.880 0.0000000000
78871  47.058  23.844  -5.177 0.0000000000
78872  45.841  23.613  -4.777 0.0000000000
78873  45.043  23.738  -4.475 0.0000000000
78874  41.384  23.788  -5.609 0.0000000000
78875  40.981  23.671  -5.232 0.0000000000
78876  40.436  23.801  -4.617 0.0000000000
78877  40.009  23.856  -4.163 0.0000000000
78881  50.318  23.190  -5.402 0.0000000000
78882  49.789  23.190  -5.431 0.0000000000
79270  39.625  24.398  15.007 0.0000000000
79271  39.220  24.513  15.049 0.0000000000
79272  38.490  24.614  15.030 0.0000000000
79273  37.577  24.602  14.826 0.0000000000
79274  36.625  24.435  14.435 0.0000000000
79275  36.064  24.206  13.972 0.0000000000
79284  51.415  26.130  13.699 0.0000000000
79285  51.057  25.885  14.016 0.0000000000
79286  49.975  25.283  13.773 0.0000000000
79287  48.565  25.298  13.650 0.0000000000
79288  47.396  25.343  13.780 0.0000000000
79289  46.360  25.378  13.956 0.0000000000
79290  45.371  25.430  14.133 0.0000000000
79291  44.319  25.531  14.298 0.0000000000
79292  43.160  25.606  14.296 0.0000000000
79293  42.005  25.448  14.219 0.0000000000
79294  40.950  25.146  14.381 0.0000000000
79295  39.922  24.915  14.786 0.0000000000
79296  39.089  25.089  14.716 0.0000000000
79297  38.445  25.188  14.291 0.0000000000
79298  37.517  24.927  13.787 0.0000000000
79299  36.584  24.449  13.285 0.0000000000
79300  36.044  24.174  13.505 0.0000000000
79307  51.493  25.451  13.121 0.0000000000
79308  50.841  24.956  13.497 0.0000000000
79309  50.417  24.618  13.513 0.0000000000
79310  39.349  25.940  12.805 0.0000000000
79311  38.605  25.515  13.054 0.0000000000
79312  37.452  24.802  12.413 0.0000000000
79313  36.797  24.448  12.493 0.0000000000
79319  51.871  25.242  11.859 0.0000000000
79320  50.191  25.950  11.444 0.0000000000
79321  49.601  25.877  11.487 0.0000000000
79322  48.540  25.923  11.459 0.0000000000
79323  47.314  25.941  11.356 0.0000000000
79324  45.934  25.453  11.177 0.0000000000
79325  44.690  25.482  11.435 0.0000000000
79326  43.628  25.403  11.544 0.0000000000
79327  42.600  25.449  11.590 0.0000000000
79328  41.587  25.610  11.617 0.0000000000
79329  40.558  25.769  11.687 0.0000000000
79330  39.401  25.801  12.009 0.0000000000
79331  38.305  25.166  11.833 0.0000000000
79332  37.752  24.778  11.645 0.0000000000
79339  52.219  25.228  10.532 0.0000000000
79340  51.478  25.505  10.412 0.0000000000
79341  50.401  25.584  10.872 0.0000000000
79342  49.200  25.212  10.810 0.0000000000
79343  47.989  24.996  10.759 0.0000000000
79344  46.730  24.702  10.699 0.0000000000
79345  46.120  24.735  10.782 0.0000000000
79354  52.213  25.151  9.770 0.0000000000
79355  51.959  25.443  9.926 0.0000000000
79376  54.649  24.123  5.576 0.0000000000
79377  54.519  24.164  5.873 0.0000000000
79386  54.711  24.184  5.074 0.0000000000
79387  54.440  24.293  5.627 0.0000000000
79396  54.774  24.213  4.194 0.0000000000
79397  54.393  24.395  4.920 0.0000000000
79402  54.843  24.274  3.139 0.0000000000
79403  54.403  24.364  3.921 0.0000000000
79407  54.889  24.434  2.267 0.0000000000
79408  54.461  24.377  2.883 0.0000000000
79412  54.837  24.506  1.865 0.0000000000
79413  54.590  24.462  2.151 0.0000000000
79418  55.696  24.002  0.082 0.0000000000
79419  55.716  24.065  0.359 0.0000000000
79420  55.609  23.968  0.790 0.0000000000
79429  55.875  24.044  -0.369 0.0000000000
79430  55.616  24.298  0.037 0.0000000000
79431  55.410  24.427  0.445 0.0000000000
79442  56.034  23.873  -0.284 0.0000000000
79443  55.415  24.286  -0.363 0.0000000000
79444  55.352  24.644  -0.169 0.0000000000
79455  42.728  23.964  -3.623 0.0000000000
79456  42.418  23.746  -3.445 0.0000000000
79461  46.714  24.260  -4.306 0.0000000000
79463  43.896  24.303  -4.584 0.0000000000
79464  43.151  24.193  -4.179 0.0000000000
79465  42.264  23.799  -4.268 0.0000000000
79466  39.131  24.553  -3.867 0.0000000000
79470  46.956  24.177  -4.917 0.0000000000
79471  46.366  24.284  -5.549 0.0000000000
79472  44.743  24.374  -5.062 0.0000000000
79473  43.259  24.504  -5.536 0.0000000000
79474  42.027  23.980  -5.944 0.0000000000
79475  41.112  23.909  -6.045 0.0000000000
79476  40.464  24.315  -5.427 0.0000000000
79477  39.733  24.367  -4.482 0.0000000000
79482  44.908  24.750  -6.368 0.0000000000
79483  43.901  24.713  -6.050 0.0000000000
79484  41.728  24.059  -7.125 0.0000000000
79485  41.183  24.065  -6.838 0.0000000000
79486  40.814  24.378  -6.281 0.0000000000
79864  51.448  26.356  13.431 0.0000000000
79865  51.217  26.466  13.641 0.0000000000
79866  50.358  26.534  13.536 0.0000000000
79867  48.945  26.253  13.452 0.0000000000
79868  47.724  26.325  13.603 0.0000000000
79869  46.643  26.490  13.961 0.0000000000
79870  45.802  26.384  14.254 0.0000000000
79871  44.870  26.524  14.373 0.0000000000
79872  43.768  26.663  14.260 0.0000000000
79873  42.453  26.700  13.863 0.0000000000
79874  41.248  25.990  13.791 0.0000000000
79875  40.252  25.717  14.061 0.0000000000
79876  39.464  25.509  14.252 0.0000000000
79877  39.000  25.385  14.310 0.0000000000
79885  51.720  26.211  12.775 0.0000000000
79886  50.783  26.700  12.575 0.0000000000
79887  50.221  26.701  12.847 0.0000000000
79888  49.125  26.691  12.953 0.0000000000
79889  47.924  26.888  13.053 0.0000000000
79890  46.909  27.097  13.377 0.0000000000
79891  44.714  27.358  12.591 0.0000000000
79892  43.714  27.198  12.608 0.0000000000
79893  42.896  27.077  12.725 0.0000000000
79894  42.282  26.937  13.009 0.0000000000
79895  41.362  26.504  13.165 0.0000000000
79896  40.428  26.210  13.312 0.0000000000
79897  39.536  25.941  13.470 0.0000000000
79898  38.985  25.624  13.907 0.0000000000
79903  51.671  26.160  11.774 0.0000000000
79904  50.993  26.450  11.866 0.0000000000
79905  50.234  26.315  12.022 0.0000000000
79906  49.264  26.361  12.243 0.0000000000
79907  48.124  26.680  12.226 0.0000000000
79908  46.709  27.040  12.276 0.0000000000
79909  45.319  26.677  11.928 0.0000000000
79910  44.207  26.495  11.960 0.0000000000
79911  43.214  26.372  12.109 0.0000000000
79912  42.308  26.338  12.274 0.0000000000
79913  41.394  26.316  12.398 0.0000000000
79914  40.465  26.259  12.544 0.0000000000
79915  39.798  26.214  12.802 0.0000000000
79921  51.798  25.959  10.855 0.0000000000
79922  51.222  26.055  11.145 0.0000000000
79923  50.613  26.103  11.434 0.0000000000
80024  43.062  24.675  -6.334 0.0000000000
80025  42.604  24.394  -6.274 0.0000000000
80026  40.327  25.086  -5.868 0.0000000000
80027  39.712  24.933  -5.132 0.0000000000
80035  42.343  24.673  -6.773 0.0000000000
80036  41.369  24.695  -7.092 0.0000000000
80037  40.876  24.682  -6.647 0.0000000000
80340  51.297  26.584  13.443 0.0000000000
80341  51.091  26.697  13.363 0.0000000000
80342  50.784  26.804  13.148 0.0000000000
80343  46.018  26.930  14.126 0.0000000000
80344  45.449  27.184  14.155 0.0000000000
80345  44.480  27.374  14.032 0.0000000000
80346  43.464  27.323  13.709 0.0000000000
80347  42.849  27.278  13.364 0.0000000000
80353  51.339  26.610  13.185 0.0000000000
80354  51.078  26.819  12.941 0.0000000000
80355  50.776  26.820  12.923 0.0000000000
80356  46.139  27.359  13.831 0.0000000000
80357  45.266  27.707  13.446 0.0000000000
80358  44.130  27.580  13.293 0.0000000000
80359  43.261  27.439  13.161 0.0000000000
80360  42.802  27.319  13.101 0.0000000000
80364  51.413  26.550  12.695 0.0000000000
80365  51.212  26.596  12.434 0.0000000000
80366  46.221  27.663  13.146 0.0000000000
80367  45.657  27.466  12.643 0.0000000000
