#!ascii label  , from subject FREESURFER vox2ras=TkReg 
2166
11865  2.005  -52.940  11.809 0.0000000000
11876  2.327  -53.327  11.130 0.0000000000
12496  0.766  -52.157  13.165 0.0000000000
12509  1.812  -52.525  11.720 0.0000000000
12510  1.500  -52.427  12.265 0.0000000000
12519  2.065  -52.417  11.163 0.0000000000
12520  1.697  -52.276  11.642 0.0000000000
13090  -2.552  -51.366  14.805 0.0000000000
13091  -3.235  -50.945  14.713 0.0000000000
13092  -3.305  -50.657  14.296 0.0000000000
13101  0.362  -51.697  12.888 0.0000000000
13102  -0.268  -51.768  13.473 0.0000000000
13103  -1.776  -51.620  13.710 0.0000000000
13104  -2.969  -51.439  13.828 0.0000000000
13105  -3.362  -50.927  13.851 0.0000000000
13106  -3.367  -50.502  13.843 0.0000000000
13117  0.746  -51.695  12.339 0.0000000000
13118  -0.022  -51.381  12.489 0.0000000000
13119  -1.060  -51.533  12.469 0.0000000000
13120  -2.500  -51.626  12.739 0.0000000000
13121  -3.277  -51.208  12.940 0.0000000000
13122  -3.422  -50.578  13.180 0.0000000000
13132  1.846  -51.904  10.842 0.0000000000
13133  1.358  -51.747  11.396 0.0000000000
13134  0.084  -51.292  11.649 0.0000000000
13135  -0.999  -51.521  11.458 0.0000000000
13136  -2.152  -51.745  11.614 0.0000000000
13137  -3.158  -51.507  11.844 0.0000000000
13138  -3.591  -50.648  12.122 0.0000000000
13149  2.222  -52.013  10.331 0.0000000000
13150  1.565  -51.598  10.386 0.0000000000
13151  0.623  -51.341  10.515 0.0000000000
13152  -0.553  -51.419  10.529 0.0000000000
13692  -3.105  -50.592  15.387 0.0000000000
13700  -3.174  -50.520  14.661 0.0000000000
13701  -3.260  -50.256  14.141 0.0000000000
13709  -3.356  -50.121  13.482 0.0000000000
13719  -0.040  -51.272  12.138 0.0000000000
13720  -0.327  -51.370  12.195 0.0000000000
13721  -3.477  -50.051  12.689 0.0000000000
13731  -0.204  -51.290  11.951 0.0000000000
13732  -0.483  -51.376  11.949 0.0000000000
13733  -3.616  -49.911  11.938 0.0000000000
14275  2.268  -49.047  16.676 0.0000000000
14276  1.475  -49.496  16.360 0.0000000000
14277  -0.088  -49.838  16.050 0.0000000000
14287  1.535  -49.125  15.319 0.0000000000
14288  0.507  -49.524  15.298 0.0000000000
14289  -0.788  -49.732  15.280 0.0000000000
14290  -2.059  -49.906  15.455 0.0000000000
14291  -2.894  -50.204  15.836 0.0000000000
14299  1.583  -49.077  14.689 0.0000000000
14300  0.852  -49.382  14.624 0.0000000000
14301  -0.202  -49.536  14.473 0.0000000000
14302  -1.469  -49.625  14.438 0.0000000000
14303  -2.805  -49.921  14.545 0.0000000000
14304  -3.148  -49.878  13.749 0.0000000000
14312  1.147  -49.284  14.039 0.0000000000
14313  0.333  -49.416  13.912 0.0000000000
14314  -0.718  -49.327  13.515 0.0000000000
14315  -1.994  -49.367  13.465 0.0000000000
14316  -2.819  -49.553  13.396 0.0000000000
14317  -3.213  -49.703  13.048 0.0000000000
14331  0.741  -49.333  13.585 0.0000000000
14332  0.235  -49.238  13.248 0.0000000000
14333  -0.381  -49.072  12.935 0.0000000000
14334  -2.471  -49.292  12.976 0.0000000000
14335  -2.863  -49.337  12.596 0.0000000000
14336  -3.318  -49.625  12.249 0.0000000000
14346  -3.166  -49.324  11.891 0.0000000000
14917  6.727  -48.046  18.305 0.0000000000
14918  5.565  -48.127  18.498 0.0000000000
14919  5.252  -48.108  18.505 0.0000000000
14920  4.008  -48.447  18.250 0.0000000000
14928  8.065  -48.189  16.882 0.0000000000
14929  7.032  -48.398  17.265 0.0000000000
14930  5.876  -48.403  17.598 0.0000000000
14931  4.814  -48.279  17.929 0.0000000000
14932  4.192  -48.370  17.693 0.0000000000
14933  3.771  -48.464  17.670 0.0000000000
14941  8.226  -48.255  15.809 0.0000000000
14942  7.349  -48.502  16.188 0.0000000000
14943  6.286  -48.555  16.489 0.0000000000
14944  5.178  -48.427  16.743 0.0000000000
14945  4.291  -48.317  16.848 0.0000000000
14946  3.649  -48.386  16.804 0.0000000000
14947  2.857  -48.654  16.808 0.0000000000
14948  2.260  -48.925  16.352 0.0000000000
14956  8.297  -48.230  14.925 0.0000000000
14957  7.622  -48.471  15.221 0.0000000000
14958  6.712  -48.586  15.446 0.0000000000
14959  5.663  -48.511  15.659 0.0000000000
14960  4.651  -48.357  15.836 0.0000000000
14961  3.792  -48.306  15.930 0.0000000000
14962  2.986  -48.401  15.944 0.0000000000
14963  2.238  -48.768  15.945 0.0000000000
14970  8.315  -48.245  14.432 0.0000000000
14971  7.902  -48.442  14.483 0.0000000000
14972  7.141  -48.570  14.542 0.0000000000
14973  6.188  -48.515  14.659 0.0000000000
14974  5.193  -48.307  14.836 0.0000000000
14975  4.260  -48.237  14.961 0.0000000000
14976  3.351  -48.385  15.045 0.0000000000
14977  2.331  -48.641  15.067 0.0000000000
14983  8.277  -48.298  13.991 0.0000000000
14984  7.632  -48.492  13.849 0.0000000000
14985  6.741  -48.445  13.714 0.0000000000
14986  5.769  -48.206  13.931 0.0000000000
14987  4.901  -47.891  14.084 0.0000000000
14988  3.965  -48.068  14.010 0.0000000000
14989  2.991  -48.543  14.129 0.0000000000
14990  2.027  -48.953  14.067 0.0000000000
14991  -0.800  -49.082  12.943 0.0000000000
14992  -1.267  -49.110  12.956 0.0000000000
15002  8.123  -48.275  13.406 0.0000000000
15003  7.509  -48.293  13.134 0.0000000000
15004  6.828  -48.137  12.968 0.0000000000
15005  3.453  -48.065  13.377 0.0000000000
15006  2.635  -48.416  13.088 0.0000000000
15007  1.333  -49.131  13.056 0.0000000000
15008  0.265  -48.925  12.579 0.0000000000
15009  -0.728  -48.877  12.488 0.0000000000
15010  -1.913  -49.074  12.451 0.0000000000
15011  -2.667  -49.125  11.948 0.0000000000
15019  2.138  -48.499  12.209 0.0000000000
15020  1.145  -48.630  12.023 0.0000000000
15021  0.143  -48.601  11.801 0.0000000000
15022  -0.934  -48.685  11.639 0.0000000000
15034  2.002  -48.354  11.406 0.0000000000
15035  1.108  -48.387  11.147 0.0000000000
15659  12.546  -47.128  21.412 0.0000000000
15670  12.360  -47.367  20.821 0.0000000000
15671  11.935  -47.373  20.260 0.0000000000
15672  8.734  -47.287  20.190 0.0000000000
15673  8.210  -47.407  20.295 0.0000000000
15674  7.323  -47.666  20.391 0.0000000000
15683  11.233  -47.132  19.837 0.0000000000
15684  10.377  -47.021  19.691 0.0000000000
15685  9.375  -47.223  19.931 0.0000000000
15686  8.525  -46.943  20.034 0.0000000000
15687  7.895  -46.984  19.951 0.0000000000
15688  6.908  -47.536  19.832 0.0000000000
15689  5.829  -47.934  19.747 0.0000000000
15695  9.673  -46.495  18.169 0.0000000000
15696  9.124  -46.810  18.458 0.0000000000
15697  7.871  -47.297  18.976 0.0000000000
15698  6.325  -47.837  19.137 0.0000000000
15699  5.272  -48.045  18.957 0.0000000000
15700  4.694  -48.277  18.795 0.0000000000
15707  9.644  -46.876  17.701 0.0000000000
15708  8.769  -47.486  17.608 0.0000000000
15709  7.714  -47.903  17.847 0.0000000000
15710  4.812  -48.234  18.550 0.0000000000
15711  4.461  -48.368  18.358 0.0000000000
15720  10.255  -46.938  16.451 0.0000000000
15721  9.795  -47.154  16.716 0.0000000000
15722  8.914  -47.789  16.342 0.0000000000
15730  10.214  -47.027  15.993 0.0000000000
15731  9.568  -47.436  15.682 0.0000000000
15732  8.870  -47.863  15.296 0.0000000000
15738  10.079  -47.089  15.074 0.0000000000
15739  9.448  -47.486  14.724 0.0000000000
15740  8.754  -47.921  14.367 0.0000000000
15743  9.907  -47.032  14.291 0.0000000000
15744  9.388  -47.354  13.758 0.0000000000
15745  8.675  -47.892  13.526 0.0000000000
15746  6.230  -48.060  13.260 0.0000000000
15747  5.563  -47.716  13.292 0.0000000000
15748  4.756  -47.563  13.302 0.0000000000
15749  4.073  -47.674  13.149 0.0000000000
15752  9.057  -47.401  12.957 0.0000000000
15753  8.291  -47.879  12.768 0.0000000000
15754  7.373  -47.837  12.486 0.0000000000
15755  6.384  -47.576  12.642 0.0000000000
15756  5.476  -47.227  12.674 0.0000000000
15757  4.612  -47.283  12.548 0.0000000000
15758  3.634  -47.702  12.505 0.0000000000
15759  2.875  -48.011  12.214 0.0000000000
15764  8.772  -47.270  12.374 0.0000000000
15765  8.094  -47.378  12.064 0.0000000000
15766  7.141  -47.190  12.025 0.0000000000
15767  6.217  -46.888  12.119 0.0000000000
15768  5.341  -46.827  12.015 0.0000000000
15769  4.411  -47.055  11.594 0.0000000000
15770  3.390  -47.667  11.593 0.0000000000
15771  2.656  -48.077  11.664 0.0000000000
16383  12.432  -46.260  23.359 0.0000000000
16395  12.605  -46.327  22.646 0.0000000000
16405  12.738  -46.368  21.778 0.0000000000
16418  12.600  -46.432  20.801 0.0000000000
16419  12.243  -46.912  20.444 0.0000000000
16427  12.412  -45.884  20.329 0.0000000000
16428  11.892  -46.300  20.004 0.0000000000
16429  10.792  -46.149  19.503 0.0000000000
16430  9.750  -46.270  19.324 0.0000000000
16431  8.817  -46.811  19.621 0.0000000000
16432  8.379  -46.870  19.831 0.0000000000
16439  9.760  -46.118  18.587 0.0000000000
16440  8.900  -46.589  19.164 0.0000000000
16441  8.385  -46.874  19.582 0.0000000000
16451  10.721  -46.077  17.413 0.0000000000
16452  10.205  -46.264  17.750 0.0000000000
16460  11.382  -46.122  16.267 0.0000000000
16461  10.720  -46.524  16.651 0.0000000000
16462  10.123  -46.761  17.230 0.0000000000
16467  11.328  -46.278  15.683 0.0000000000
16468  10.715  -46.701  15.419 0.0000000000
16471  11.227  -46.293  14.747 0.0000000000
16472  10.528  -46.677  14.452 0.0000000000
16475  11.031  -46.245  13.797 0.0000000000
16476  10.184  -46.680  13.533 0.0000000000
16477  9.600  -46.921  13.056 0.0000000000
16479  10.803  -46.165  12.875 0.0000000000
16480  10.087  -46.507  12.637 0.0000000000
16481  9.407  -46.868  12.419 0.0000000000
16483  10.519  -46.055  12.238 0.0000000000
16484  9.908  -46.258  11.868 0.0000000000
16485  8.918  -46.771  11.735 0.0000000000
16486  7.890  -46.811  11.480 0.0000000000
16487  6.905  -46.590  11.527 0.0000000000
16488  6.033  -46.397  11.573 0.0000000000
16495  9.417  -46.095  11.274 0.0000000000
16496  8.582  -46.260  11.038 0.0000000000
16497  7.578  -46.235  10.948 0.0000000000
17050  12.263  -45.575  24.080 0.0000000000
17070  12.640  -45.493  23.178 0.0000000000
17087  13.243  -44.632  22.111 0.0000000000
17088  12.960  -45.301  22.291 0.0000000000
17098  13.238  -44.802  21.621 0.0000000000
17099  12.983  -45.587  21.338 0.0000000000
17112  13.191  -44.920  20.959 0.0000000000
17113  12.769  -45.438  20.607 0.0000000000
17126  12.228  -45.217  20.013 0.0000000000
17127  11.282  -45.069  19.438 0.0000000000
17128  10.457  -45.378  19.111 0.0000000000
17129  10.096  -45.588  18.824 0.0000000000
17137  10.772  -44.655  18.946 0.0000000000
17138  10.580  -45.075  18.520 0.0000000000
17139  10.270  -45.565  18.423 0.0000000000
17146  11.202  -45.427  17.310 0.0000000000
17147  10.730  -45.432  17.795 0.0000000000
17148  10.229  -45.806  18.173 0.0000000000
17153  12.108  -45.362  16.264 0.0000000000
17154  11.505  -45.658  16.744 0.0000000000
17155  11.037  -45.873  17.235 0.0000000000
17158  12.365  -45.389  15.540 0.0000000000
17159  11.805  -45.825  15.939 0.0000000000
17161  12.910  -45.161  14.014 0.0000000000
17162  12.486  -45.412  14.552 0.0000000000
17163  11.881  -45.894  15.093 0.0000000000
17165  13.019  -45.139  13.300 0.0000000000
17166  12.371  -45.465  13.632 0.0000000000
17167  11.768  -45.836  14.150 0.0000000000
17169  13.046  -45.048  12.394 0.0000000000
17170  12.334  -45.402  12.666 0.0000000000
17171  11.617  -45.804  13.172 0.0000000000
17173  13.119  -44.911  11.839 0.0000000000
17174  12.505  -45.125  11.541 0.0000000000
17175  11.294  -45.664  12.018 0.0000000000
17176  10.519  -45.857  11.805 0.0000000000
17179  12.324  -44.966  10.550 0.0000000000
17180  11.565  -45.245  10.866 0.0000000000
17181  10.348  -45.605  11.072 0.0000000000
17182  9.214  -45.659  10.614 0.0000000000
17193  12.340  -44.778  10.039 0.0000000000
17194  11.855  -44.898  10.036 0.0000000000
17195  10.915  -45.011  10.091 0.0000000000
17196  9.819  -45.095  10.028 0.0000000000
17777  10.891  -44.249  25.330 0.0000000000
17791  12.184  -44.241  24.294 0.0000000000
17792  11.656  -44.834  24.861 0.0000000000
17805  12.953  -44.104  23.241 0.0000000000
17806  12.629  -44.623  23.624 0.0000000000
17826  13.216  -44.241  22.582 0.0000000000
17827  12.900  -44.772  23.004 0.0000000000
17828  -1.438  -45.258  21.473 0.0000000000
17829  -2.164  -45.481  21.852 0.0000000000
17843  13.443  -44.086  21.881 0.0000000000
17844  -1.515  -45.252  20.724 0.0000000000
17845  -2.186  -45.600  20.952 0.0000000000
17846  -2.646  -45.045  21.434 0.0000000000
17860  13.401  -44.129  21.102 0.0000000000
17861  12.837  -44.350  20.342 0.0000000000
17862  -1.612  -45.071  20.357 0.0000000000
17863  -2.045  -45.299  20.315 0.0000000000
17864  -2.684  -44.948  20.422 0.0000000000
17882  12.001  -44.168  19.571 0.0000000000
17883  11.231  -43.955  19.048 0.0000000000
17884  -2.325  -44.873  19.922 0.0000000000
17885  -2.723  -44.395  19.722 0.0000000000
17895  11.075  -44.373  18.342 0.0000000000
17896  10.912  -44.865  17.954 0.0000000000
17901  12.351  -44.292  17.111 0.0000000000
17902  11.566  -44.766  17.442 0.0000000000
17903  11.032  -44.997  17.739 0.0000000000
17906  13.278  -44.126  15.902 0.0000000000
17907  12.651  -44.635  16.302 0.0000000000
17908  12.006  -45.144  16.725 0.0000000000
17910  13.301  -44.393  15.285 0.0000000000
17911  12.919  -44.935  15.048 0.0000000000
17913  14.089  -44.061  13.903 0.0000000000
17914  13.522  -44.595  14.169 0.0000000000
17915  12.978  -45.037  14.440 0.0000000000
17917  14.085  -44.228  13.269 0.0000000000
17918  13.605  -44.750  12.938 0.0000000000
17920  13.980  -44.297  12.373 0.0000000000
17921  13.498  -44.686  12.110 0.0000000000
17923  13.788  -44.372  11.744 0.0000000000
17924  13.347  -44.653  11.319 0.0000000000
17925  12.848  -44.831  10.780 0.0000000000
17928  13.242  -44.498  10.419 0.0000000000
17929  12.720  -44.700  10.152 0.0000000000
17935  13.018  -44.411  9.804 0.0000000000
17936  12.401  -44.442  9.522 0.0000000000
17937  11.433  -44.539  9.400 0.0000000000
17954  11.914  -44.121  8.902 0.0000000000
18461  10.789  -43.439  25.197 0.0000000000
18462  10.160  -43.571  25.542 0.0000000000
18475  12.105  -43.261  24.378 0.0000000000
18476  11.473  -43.634  24.817 0.0000000000
18487  13.181  -43.322  23.059 0.0000000000
18488  12.676  -43.484  23.784 0.0000000000
18489  -0.016  -43.595  22.905 0.0000000000
18505  13.488  -43.296  22.295 0.0000000000
18506  0.014  -43.490  22.395 0.0000000000
18507  -0.511  -44.248  22.069 0.0000000000
18508  -2.185  -43.132  22.379 0.0000000000
18509  -2.480  -44.059  22.148 0.0000000000
18524  13.589  -43.238  21.463 0.0000000000
18525  -0.859  -44.715  21.127 0.0000000000
18526  -2.349  -43.337  21.775 0.0000000000
18527  -2.727  -44.024  21.050 0.0000000000
18543  13.268  -43.145  20.540 0.0000000000
18544  12.528  -43.281  19.828 0.0000000000
18545  -1.128  -44.509  20.487 0.0000000000
18546  -1.767  -44.794  20.011 0.0000000000
18547  -3.126  -43.907  19.953 0.0000000000
18563  11.878  -43.216  19.168 0.0000000000
18564  11.555  -43.462  18.826 0.0000000000
18565  -1.393  -44.107  19.941 0.0000000000
18566  -2.161  -44.113  19.384 0.0000000000
18567  -3.127  -43.681  18.925 0.0000000000
18568  -3.264  -43.059  18.375 0.0000000000
18578  11.923  -43.182  18.519 0.0000000000
18579  11.540  -43.723  18.415 0.0000000000
18580  -2.637  -43.513  18.689 0.0000000000
18581  -3.080  -43.201  18.326 0.0000000000
18582  -3.115  -43.055  18.027 0.0000000000
18589  13.009  -43.135  17.236 0.0000000000
18590  12.327  -43.604  17.621 0.0000000000
18591  11.533  -44.044  17.939 0.0000000000
18597  13.930  -42.880  16.185 0.0000000000
18598  13.338  -43.501  16.531 0.0000000000
18599  12.717  -44.040  16.927 0.0000000000
18601  14.060  -43.203  15.622 0.0000000000
18602  13.674  -43.870  15.470 0.0000000000
18605  14.147  -43.672  14.586 0.0000000000
18606  13.675  -44.141  14.867 0.0000000000
18609  14.382  -43.581  13.567 0.0000000000
18612  14.438  -43.697  12.615 0.0000000000
18614  14.230  -43.870  11.510 0.0000000000
18615  13.799  -44.285  11.351 0.0000000000
18619  14.160  -43.715  10.519 0.0000000000
18620  13.763  -44.191  10.807 0.0000000000
18625  14.301  -43.349  9.832 0.0000000000
18626  13.591  -43.981  9.774 0.0000000000
18627  12.994  -44.176  9.402 0.0000000000
18640  14.462  -43.071  9.275 0.0000000000
18641  13.972  -43.387  9.027 0.0000000000
18642  12.856  -43.683  8.713 0.0000000000
18662  12.795  -43.155  8.188 0.0000000000
19172  10.959  -42.920  24.972 0.0000000000
19173  10.334  -42.837  25.237 0.0000000000
19174  9.498  -42.682  25.473 0.0000000000
19188  12.346  -42.455  24.100 0.0000000000
19189  11.484  -42.474  24.570 0.0000000000
19190  10.533  -42.250  24.855 0.0000000000
19191  9.902  -42.264  25.100 0.0000000000
19204  13.356  -42.400  22.688 0.0000000000
19205  12.913  -42.313  23.468 0.0000000000
19206  0.419  -43.021  23.385 0.0000000000
19220  13.582  -42.376  21.914 0.0000000000
19221  0.393  -42.856  22.582 0.0000000000
19222  0.028  -43.352  22.003 0.0000000000
19223  -1.821  -42.552  22.076 0.0000000000
19239  13.589  -42.264  21.074 0.0000000000
19240  0.258  -42.689  21.800 0.0000000000
19241  -0.327  -43.513  21.177 0.0000000000
19242  -2.223  -42.767  21.208 0.0000000000
19243  -2.775  -43.288  20.541 0.0000000000
19258  13.184  -42.071  20.354 0.0000000000
19259  12.816  -42.537  20.001 0.0000000000
19260  -0.731  -43.514  20.299 0.0000000000
19261  -2.504  -42.538  20.540 0.0000000000
19262  -3.037  -42.859  19.995 0.0000000000
19277  12.771  -41.915  19.820 0.0000000000
19278  12.416  -42.346  19.399 0.0000000000
19279  -1.234  -43.284  19.589 0.0000000000
19280  -1.874  -43.156  18.830 0.0000000000
19281  -3.366  -43.040  19.234 0.0000000000
19282  -3.425  -42.891  18.516 0.0000000000
19294  12.676  -42.124  18.268 0.0000000000
19295  12.218  -42.519  18.738 0.0000000000
19296  -2.562  -42.863  18.234 0.0000000000
19297  -3.173  -42.748  17.840 0.0000000000
19298  -3.388  -42.761  18.099 0.0000000000
19307  13.504  -42.245  17.319 0.0000000000
19308  12.938  -42.623  17.656 0.0000000000
19309  12.384  -42.786  18.177 0.0000000000
19310  -3.303  -42.436  17.598 0.0000000000
19311  -3.435  -42.524  17.811 0.0000000000
19320  13.890  -42.435  16.709 0.0000000000
19321  13.362  -42.796  17.100 0.0000000000
19329  14.843  -42.032  15.281 0.0000000000
19330  14.406  -42.368  15.889 0.0000000000
19333  15.081  -42.049  14.515 0.0000000000
19334  14.580  -42.726  14.996 0.0000000000
19336  15.230  -42.135  13.488 0.0000000000
19337  14.657  -42.826  14.019 0.0000000000
19340  15.274  -42.288  12.410 0.0000000000
19341  14.734  -42.893  12.999 0.0000000000
19344  15.294  -42.404  11.326 0.0000000000
19345  14.811  -43.055  11.934 0.0000000000
19350  15.255  -42.379  10.287 0.0000000000
19351  14.747  -43.115  10.722 0.0000000000
19355  15.198  -42.276  9.374 0.0000000000
19356  14.777  -42.799  9.686 0.0000000000
19359  15.175  -42.118  8.824 0.0000000000
19360  14.613  -42.570  8.628 0.0000000000
19361  13.594  -43.019  8.345 0.0000000000
19362  13.058  -43.137  8.245 0.0000000000
19376  14.484  -42.276  7.961 0.0000000000
19377  13.996  -42.479  7.850 0.0000000000
19921  9.446  -42.060  25.095 0.0000000000
19922  8.784  -41.743  25.114 0.0000000000
19934  12.493  -41.843  23.830 0.0000000000
19935  11.869  -41.385  24.049 0.0000000000
19936  10.783  -41.443  24.493 0.0000000000
19937  9.682  -41.537  24.756 0.0000000000
19938  8.975  -41.201  24.677 0.0000000000
19951  13.154  -41.439  22.914 0.0000000000
19952  12.598  -41.234  23.500 0.0000000000
19953  12.163  -40.815  23.663 0.0000000000
19955  0.806  -42.153  23.387 0.0000000000
19965  13.418  -41.609  22.291 0.0000000000
19966  1.084  -41.308  22.986 0.0000000000
19967  0.701  -41.720  22.222 0.0000000000
19968  -1.534  -41.722  22.435 0.0000000000
19981  13.516  -41.397  21.580 0.0000000000
19982  0.191  -42.046  21.040 0.0000000000
19983  -0.296  -42.893  20.661 0.0000000000
19984  -1.579  -41.714  21.671 0.0000000000
19994  13.416  -41.305  20.719 0.0000000000
19995  -0.024  -41.522  20.070 0.0000000000
19996  -0.443  -42.545  20.109 0.0000000000
19997  -1.936  -41.762  20.798 0.0000000000
19998  -2.582  -41.910  20.134 0.0000000000
20011  13.002  -41.271  19.961 0.0000000000
20012  12.657  -41.460  19.349 0.0000000000
20013  -0.213  -41.211  19.658 0.0000000000
20014  -0.975  -41.927  19.136 0.0000000000
20015  -1.859  -42.536  18.485 0.0000000000
20016  -3.204  -42.116  19.499 0.0000000000
20017  -3.599  -42.038  18.890 0.0000000000
20028  12.908  -41.509  18.363 0.0000000000
20029  12.521  -41.715  18.795 0.0000000000
20030  -1.333  -41.356  18.540 0.0000000000
20031  -2.106  -41.924  17.967 0.0000000000
20032  -2.757  -42.530  17.714 0.0000000000
20033  -3.696  -42.320  18.035 0.0000000000
20043  13.937  -41.623  17.264 0.0000000000
20044  13.290  -41.719  17.829 0.0000000000
20045  -2.620  -41.649  17.224 0.0000000000
20046  -3.015  -42.198  17.205 0.0000000000
20047  -3.488  -42.131  17.508 0.0000000000
20056  15.115  -41.046  16.074 0.0000000000
20057  14.534  -41.523  16.557 0.0000000000
20068  15.363  -41.363  15.218 0.0000000000
20069  14.838  -41.660  15.801 0.0000000000
20070  4.882  -41.575  15.064 0.0000000000
20071  4.408  -41.476  14.961 0.0000000000
20072  3.804  -41.215  14.749 0.0000000000
20081  16.415  -40.637  13.861 0.0000000000
20082  15.885  -41.237  14.097 0.0000000000
20083  4.899  -41.480  14.840 0.0000000000
20084  4.342  -41.288  14.698 0.0000000000
20085  3.722  -41.091  14.545 0.0000000000
20088  16.369  -40.850  13.226 0.0000000000
20089  15.829  -41.562  12.883 0.0000000000
20092  16.308  -41.056  12.239 0.0000000000
20093  15.782  -41.712  11.811 0.0000000000
20097  16.214  -41.191  11.219 0.0000000000
20098  15.741  -41.804  10.780 0.0000000000
20102  16.135  -41.310  10.210 0.0000000000
20103  15.676  -41.843  9.819 0.0000000000
20106  15.955  -41.363  9.258 0.0000000000
20107  15.521  -41.800  9.029 0.0000000000
20110  15.708  -41.414  8.629 0.0000000000
20111  15.270  -41.745  8.308 0.0000000000
20112  14.787  -42.024  7.971 0.0000000000
20122  14.980  -41.497  7.573 0.0000000000
20692  8.060  -41.171  25.013 0.0000000000
20704  10.990  -40.406  24.119 0.0000000000
20705  10.019  -40.643  24.361 0.0000000000
20706  9.150  -40.683  24.377 0.0000000000
20707  8.471  -40.792  24.619 0.0000000000
20708  8.027  -40.673  24.890 0.0000000000
20721  12.897  -40.681  23.009 0.0000000000
20722  12.357  -40.155  23.343 0.0000000000
20723  11.756  -40.452  23.756 0.0000000000
20724  1.427  -40.556  23.211 0.0000000000
20725  -1.049  -39.721  23.011 0.0000000000
20737  13.270  -40.398  22.277 0.0000000000
20738  12.844  -40.187  22.859 0.0000000000
20739  1.124  -40.820  22.307 0.0000000000
20740  0.854  -41.128  22.055 0.0000000000
20741  -0.921  -39.810  22.223 0.0000000000
20742  -1.218  -40.702  22.361 0.0000000000
20752  13.507  -40.401  21.133 0.0000000000
20753  1.298  -40.336  21.756 0.0000000000
20754  0.779  -40.937  21.624 0.0000000000
20755  -1.071  -40.102  21.749 0.0000000000
20756  -1.400  -40.675  21.251 0.0000000000
20766  13.269  -40.435  20.199 0.0000000000
20767  1.148  -40.300  21.207 0.0000000000
20768  0.623  -40.708  20.675 0.0000000000
20769  -2.049  -40.823  20.236 0.0000000000
20770  -2.793  -41.324  19.706 0.0000000000
20785  12.940  -40.571  19.269 0.0000000000
20786  12.730  -41.108  18.839 0.0000000000
20787  0.276  -40.694  19.916 0.0000000000
20788  -0.243  -40.742  19.432 0.0000000000
20789  -2.725  -40.609  19.588 0.0000000000
20790  -3.434  -41.172  19.173 0.0000000000
20791  -3.748  -41.424  18.338 0.0000000000
20802  13.933  -40.443  17.899 0.0000000000
20803  13.392  -40.799  18.274 0.0000000000
20804  12.840  -41.267  18.588 0.0000000000
20805  -0.824  -40.745  18.844 0.0000000000
20806  -1.470  -40.830  18.162 0.0000000000
20807  -3.775  -41.607  17.663 0.0000000000
20819  15.021  -40.192  17.001 0.0000000000
20820  14.448  -40.558  17.354 0.0000000000
20821  13.760  -41.171  17.678 0.0000000000
20822  -2.145  -41.017  17.381 0.0000000000
20823  -2.720  -41.364  16.576 0.0000000000
20824  -3.474  -41.335  16.857 0.0000000000
20834  15.860  -40.165  15.881 0.0000000000
20835  15.359  -40.237  16.488 0.0000000000
20836  14.883  -40.847  16.635 0.0000000000
20837  -3.096  -41.254  15.911 0.0000000000
20838  -3.434  -40.770  16.070 0.0000000000
20846  16.221  -40.149  15.374 0.0000000000
20847  15.650  -40.616  15.675 0.0000000000
20848  8.213  -40.574  13.917 0.0000000000
20849  7.590  -40.648  14.381 0.0000000000
20850  6.583  -41.055  14.795 0.0000000000
20851  5.498  -41.396  15.092 0.0000000000
20852  4.693  -41.378  15.219 0.0000000000
20853  3.503  -41.235  14.971 0.0000000000
20854  2.430  -40.991  14.981 0.0000000000
20855  1.879  -40.803  14.996 0.0000000000
20868  16.507  -40.284  14.489 0.0000000000
20869  15.960  -40.753  14.988 0.0000000000
20870  8.161  -40.316  13.607 0.0000000000
20871  7.508  -40.411  13.860 0.0000000000
20872  6.543  -40.578  14.281 0.0000000000
20873  5.201  -41.022  14.507 0.0000000000
20874  3.837  -40.868  14.305 0.0000000000
20875  2.896  -40.979  14.255 0.0000000000
20876  2.298  -41.095  14.398 0.0000000000
20877  1.664  -40.960  14.591 0.0000000000
20888  16.810  -40.129  13.611 0.0000000000
20889  8.042  -40.091  13.448 0.0000000000
20890  7.786  -40.164  13.587 0.0000000000
20891  2.275  -41.058  13.810 0.0000000000
20892  2.033  -41.145  13.859 0.0000000000
20893  1.558  -41.195  14.020 0.0000000000
20895  16.726  -40.340  12.639 0.0000000000
20899  16.617  -40.542  11.656 0.0000000000
20902  16.492  -40.716  10.646 0.0000000000
20905  16.350  -40.851  9.588 0.0000000000
20910  16.025  -40.895  8.360 0.0000000000
20911  15.657  -41.295  8.239 0.0000000000
20920  15.775  -40.483  7.205 0.0000000000
20921  15.498  -41.123  7.723 0.0000000000
20933  15.641  -40.302  6.670 0.0000000000
21532  7.839  -39.259  25.200 0.0000000000
21543  10.736  -39.740  23.913 0.0000000000
21544  10.170  -39.890  24.024 0.0000000000
21545  9.382  -40.014  24.010 0.0000000000
21546  8.631  -39.814  24.014 0.0000000000
21547  8.119  -40.043  24.693 0.0000000000
21558  12.143  -38.994  23.159 0.0000000000
21559  11.348  -39.457  23.645 0.0000000000
21560  10.373  -39.233  23.747 0.0000000000
21561  9.541  -39.363  23.715 0.0000000000
21562  9.027  -39.568  23.717 0.0000000000
21565  -1.241  -38.742  23.252 0.0000000000
21577  13.105  -39.049  22.173 0.0000000000
21578  12.742  -39.510  22.751 0.0000000000
21579  1.654  -39.866  22.378 0.0000000000
21580  -0.788  -39.082  22.414 0.0000000000
21587  13.399  -39.379  21.444 0.0000000000
21588  1.553  -39.754  21.432 0.0000000000
21589  -0.855  -39.390  21.554 0.0000000000
21590  -1.158  -39.942  21.332 0.0000000000
21596  13.430  -39.535  20.522 0.0000000000
21597  1.273  -39.848  20.728 0.0000000000
21598  0.812  -39.940  20.104 0.0000000000
21599  -0.904  -39.133  21.033 0.0000000000
21600  -1.338  -39.659  20.725 0.0000000000
21614  13.299  -39.610  19.612 0.0000000000
21615  0.333  -40.055  19.627 0.0000000000
21616  -0.173  -39.889  19.175 0.0000000000
21617  -2.183  -39.796  19.790 0.0000000000
21618  -3.174  -40.004  19.159 0.0000000000
21619  -3.651  -40.603  18.649 0.0000000000
21630  14.016  -40.010  18.083 0.0000000000
21631  13.455  -39.751  18.754 0.0000000000
21632  -0.831  -39.830  18.410 0.0000000000
21633  -1.492  -40.260  17.670 0.0000000000
21634  -3.594  -40.027  18.601 0.0000000000
21635  -3.831  -40.436  17.910 0.0000000000
21646  15.136  -39.761  17.084 0.0000000000
21647  14.652  -39.437  17.666 0.0000000000
21648  -1.094  -39.567  17.620 0.0000000000
21649  -1.831  -40.256  16.705 0.0000000000
21650  -2.476  -41.024  15.814 0.0000000000
21651  -3.641  -40.126  16.919 0.0000000000
21664  16.120  -39.651  15.929 0.0000000000
21665  15.723  -39.259  16.576 0.0000000000
21666  -1.929  -40.424  15.588 0.0000000000
21667  -2.828  -40.610  15.320 0.0000000000
21668  -3.359  -39.836  16.178 0.0000000000
21679  17.197  -38.932  14.757 0.0000000000
21680  16.877  -39.272  15.093 0.0000000000
21681  9.312  -40.091  14.110 0.0000000000
21682  8.724  -40.292  14.324 0.0000000000
21683  7.673  -40.535  15.064 0.0000000000
21684  6.531  -40.726  15.325 0.0000000000
21685  5.443  -40.805  15.467 0.0000000000
21686  4.341  -40.756  15.535 0.0000000000
21687  3.238  -40.603  15.491 0.0000000000
21688  2.288  -40.410  15.345 0.0000000000
21689  1.365  -40.309  15.080 0.0000000000
21690  0.327  -39.832  14.958 0.0000000000
21691  -0.666  -39.801  14.807 0.0000000000
21692  -1.672  -40.267  14.760 0.0000000000
21693  -2.645  -39.901  14.576 0.0000000000
21703  17.331  -38.987  14.353 0.0000000000
21704  17.025  -39.649  14.278 0.0000000000
21705  9.435  -39.967  13.712 0.0000000000
21706  8.749  -40.268  13.649 0.0000000000
21707  7.376  -39.970  13.668 0.0000000000
21708  6.623  -39.788  13.835 0.0000000000
21709  5.456  -40.018  13.982 0.0000000000
21710  4.166  -40.195  13.960 0.0000000000
21711  2.752  -40.431  13.744 0.0000000000
21712  1.630  -40.312  13.587 0.0000000000
21713  0.851  -40.335  14.138 0.0000000000
21714  -0.456  -39.547  14.409 0.0000000000
21715  -1.334  -39.982  14.037 0.0000000000
21716  -2.194  -39.946  13.797 0.0000000000
21717  -2.755  -39.473  13.968 0.0000000000
21732  17.489  -38.856  13.485 0.0000000000
21733  17.235  -39.462  13.752 0.0000000000
21734  9.150  -39.846  13.289 0.0000000000
21735  8.425  -39.894  13.345 0.0000000000
21736  7.742  -39.726  13.492 0.0000000000
21737  7.153  -39.479  13.681 0.0000000000
21738  2.433  -40.885  13.780 0.0000000000
21739  2.075  -40.885  13.629 0.0000000000
21740  1.591  -40.918  13.689 0.0000000000
21741  -2.313  -39.523  13.628 0.0000000000
21742  -2.515  -39.588  13.738 0.0000000000
21752  17.371  -39.209  12.633 0.0000000000
21753  17.158  -39.642  13.028 0.0000000000
21757  17.134  -39.599  11.796 0.0000000000
21758  17.012  -39.898  12.126 0.0000000000
21761  16.842  -40.050  10.719 0.0000000000
21762  16.831  -40.170  11.151 0.0000000000
21764  16.664  -40.248  9.935 0.0000000000
21765  16.637  -40.377  10.149 0.0000000000
21769  16.884  -38.884  8.684 0.0000000000
21770  16.460  -40.475  9.051 0.0000000000
21777  16.207  -40.078  7.409 0.0000000000
21788  16.000  -39.783  6.357 0.0000000000
21800  15.981  -39.449  5.783 0.0000000000
21891  20.101  -39.641  0.991 0.0000000000
21921  20.422  -39.354  0.548 0.0000000000
22434  7.784  -38.358  24.864 0.0000000000
22446  8.464  -39.140  23.755 0.0000000000
22447  8.139  -38.981  24.135 0.0000000000
22456  12.066  -38.409  22.995 0.0000000000
22457  11.539  -38.288  23.217 0.0000000000
22458  10.692  -38.532  23.500 0.0000000000
22459  9.751  -38.524  23.368 0.0000000000
22460  8.769  -38.908  23.342 0.0000000000
22461  8.337  -38.828  23.580 0.0000000000
22464  -1.425  -37.752  23.354 0.0000000000
22475  12.992  -38.456  22.130 0.0000000000
22476  12.533  -38.309  22.534 0.0000000000
22477  12.004  -38.109  22.907 0.0000000000
22478  9.437  -38.208  22.980 0.0000000000
22479  9.185  -38.497  23.041 0.0000000000
22482  -0.784  -38.202  22.571 0.0000000000
22485  13.207  -38.336  21.623 0.0000000000
22486  12.938  -38.169  22.068 0.0000000000
22487  1.922  -39.157  21.810 0.0000000000
22488  -0.627  -38.520  21.779 0.0000000000
22494  13.428  -38.623  20.779 0.0000000000
22495  1.738  -38.988  20.942 0.0000000000
22496  1.214  -39.277  20.313 0.0000000000
22497  -0.750  -38.726  21.216 0.0000000000
22498  -0.978  -38.721  20.693 0.0000000000
22506  13.388  -38.836  19.995 0.0000000000
22507  1.347  -38.574  20.294 0.0000000000
22508  0.628  -38.967  19.595 0.0000000000
22509  -0.116  -39.145  18.854 0.0000000000
22510  -1.622  -38.812  20.050 0.0000000000
22511  -2.555  -38.905  19.400 0.0000000000
22521  14.086  -39.030  18.320 0.0000000000
22522  13.508  -38.624  19.120 0.0000000000
22523  0.171  -38.417  18.838 0.0000000000
22524  -0.405  -38.778  18.133 0.0000000000
22525  -3.436  -39.154  18.644 0.0000000000
22526  -3.714  -39.115  17.727 0.0000000000
22538  15.301  -38.848  17.218 0.0000000000
22539  14.751  -38.434  17.809 0.0000000000
22540  -0.809  -39.010  17.093 0.0000000000
22541  -1.310  -39.633  16.211 0.0000000000
22542  -3.583  -39.071  16.951 0.0000000000
22555  16.377  -38.760  15.998 0.0000000000
22556  15.852  -38.320  16.660 0.0000000000
22557  8.433  -38.763  15.881 0.0000000000
22558  8.012  -38.799  16.129 0.0000000000
22559  6.995  -38.744  16.222 0.0000000000
22560  5.880  -38.644  16.034 0.0000000000
22561  4.760  -38.619  16.074 0.0000000000
22562  3.710  -38.611  16.210 0.0000000000
22563  2.734  -38.580  16.209 0.0000000000
22564  1.915  -38.557  16.131 0.0000000000
22565  0.059  -38.592  16.292 0.0000000000
22566  -0.414  -38.912  16.314 0.0000000000
22567  -1.297  -39.798  15.496 0.0000000000
22568  -3.146  -39.398  15.519 0.0000000000
22569  -3.366  -38.826  16.385 0.0000000000
22582  17.225  -38.531  14.782 0.0000000000
22583  16.879  -38.210  15.396 0.0000000000
22584  9.496  -39.578  14.335 0.0000000000
22585  8.615  -39.319  15.434 0.0000000000
22586  7.387  -39.734  15.682 0.0000000000
22587  6.260  -39.770  15.642 0.0000000000
22588  5.123  -39.750  15.679 0.0000000000
22589  4.023  -39.724  15.841 0.0000000000
22590  3.002  -39.602  15.803 0.0000000000
22591  2.060  -39.441  15.677 0.0000000000
22592  1.116  -39.132  15.730 0.0000000000
22593  0.159  -38.979  15.820 0.0000000000
22594  -0.886  -39.622  15.339 0.0000000000
22595  -1.301  -39.946  15.136 0.0000000000
22596  -3.005  -38.895  14.764 0.0000000000
22607  17.496  -38.094  14.177 0.0000000000
22608  10.509  -38.727  13.319 0.0000000000
22609  10.003  -39.361  13.637 0.0000000000
22610  7.393  -38.417  13.696 0.0000000000
22611  6.634  -38.743  13.809 0.0000000000
22612  5.603  -38.918  13.877 0.0000000000
22613  4.471  -39.086  14.006 0.0000000000
22614  3.210  -39.244  14.047 0.0000000000
22615  1.967  -39.329  13.857 0.0000000000
22616  0.883  -39.321  13.905 0.0000000000
22617  -0.220  -39.188  13.988 0.0000000000
22618  -1.340  -39.291  13.756 0.0000000000
22619  -1.768  -39.713  13.703 0.0000000000
22620  -2.981  -38.648  13.955 0.0000000000
22632  17.585  -38.137  13.542 0.0000000000
22633  10.507  -38.627  13.072 0.0000000000
22634  9.871  -39.223  13.105 0.0000000000
22635  8.875  -39.240  13.154 0.0000000000
22636  8.013  -39.149  13.388 0.0000000000
22637  7.378  -39.099  13.596 0.0000000000
22638  -1.758  -38.969  13.485 0.0000000000
22639  -2.084  -39.263  13.512 0.0000000000
22640  -2.566  -39.208  13.670 0.0000000000
22655  17.564  -38.515  13.028 0.0000000000
22662  17.474  -38.877  12.535 0.0000000000
22665  17.207  -38.283  10.393 0.0000000000
22668  17.129  -38.284  9.457 0.0000000000
22670  16.989  -38.327  8.558 0.0000000000
22671  16.843  -38.779  8.401 0.0000000000
22675  16.943  -37.986  8.045 0.0000000000
22676  16.725  -38.439  7.810 0.0000000000
22685  16.429  -38.813  6.164 0.0000000000
22695  16.263  -38.933  5.717 0.0000000000
22714  16.156  -38.516  5.206 0.0000000000
22760  20.864  -38.075  0.952 0.0000000000
22761  20.382  -38.549  1.031 0.0000000000
22762  17.639  -37.904  1.077 0.0000000000
22783  20.975  -38.187  0.508 0.0000000000
22784  20.677  -38.855  0.369 0.0000000000
23364  7.825  -37.812  24.113 0.0000000000
23376  11.296  -37.681  23.055 0.0000000000
23377  10.799  -37.832  23.242 0.0000000000
23378  10.294  -38.083  23.294 0.0000000000
23379  8.403  -38.368  22.775 0.0000000000
23380  8.014  -38.371  23.070 0.0000000000
23383  -1.486  -36.709  23.411 0.0000000000
23384  -2.527  -37.270  23.987 0.0000000000
23393  12.352  -37.396  22.196 0.0000000000
23394  11.803  -37.534  22.686 0.0000000000
23395  11.011  -37.197  22.881 0.0000000000
23396  9.966  -37.578  22.897 0.0000000000
23397  8.939  -38.207  22.593 0.0000000000
23398  8.163  -38.146  22.048 0.0000000000
23400  2.341  -38.036  22.566 0.0000000000
23401  -0.718  -37.248  22.625 0.0000000000
23404  13.110  -37.608  21.348 0.0000000000
23405  12.815  -37.647  21.846 0.0000000000
23406  9.313  -37.439  22.244 0.0000000000
23407  8.625  -37.760  21.836 0.0000000000
23408  8.176  -37.952  21.480 0.0000000000
23409  2.453  -37.367  22.224 0.0000000000
23410  2.122  -38.221  21.759 0.0000000000
23411  -0.494  -37.760  21.924 0.0000000000
23419  13.334  -37.874  20.946 0.0000000000
23420  2.294  -37.348  21.420 0.0000000000
23421  1.815  -37.808  20.741 0.0000000000
23422  -0.591  -37.859  21.010 0.0000000000
23423  -1.119  -38.108  20.271 0.0000000000
23430  13.390  -37.873  20.056 0.0000000000
23431  1.232  -37.797  19.896 0.0000000000
23432  0.644  -37.706  19.166 0.0000000000
23433  -0.904  -37.412  20.166 0.0000000000
23434  -1.735  -37.754  19.510 0.0000000000
23435  -2.715  -38.168  18.939 0.0000000000
23441  14.142  -37.983  18.403 0.0000000000
23442  13.603  -37.438  19.032 0.0000000000
23443  0.284  -37.752  18.270 0.0000000000
23444  -0.141  -38.252  17.605 0.0000000000
23445  -2.407  -37.371  18.842 0.0000000000
23446  -3.187  -37.821  18.230 0.0000000000
23447  -3.514  -38.346  17.472 0.0000000000
23456  15.340  -37.909  17.277 0.0000000000
23457  14.736  -37.475  17.765 0.0000000000
23458  7.579  -37.340  17.175 0.0000000000
23459  7.244  -37.291  17.143 0.0000000000
23460  0.351  -37.694  17.462 0.0000000000
23461  -0.135  -38.298  16.983 0.0000000000
23462  -3.245  -37.620  17.330 0.0000000000
23463  -3.410  -38.343  16.849 0.0000000000
23475  16.337  -37.789  16.058 0.0000000000
23476  15.734  -37.402  16.674 0.0000000000
23477  9.325  -37.617  15.661 0.0000000000
23478  8.673  -38.109  15.977 0.0000000000
23479  7.714  -37.705  16.831 0.0000000000
23480  6.568  -37.600  16.651 0.0000000000
23481  5.440  -37.565  16.402 0.0000000000
23482  4.387  -37.504  16.455 0.0000000000
23483  3.358  -37.552  16.527 0.0000000000
23484  2.371  -37.678  16.496 0.0000000000
23485  1.320  -38.031  16.394 0.0000000000
23486  0.445  -38.062  16.687 0.0000000000
23487  -0.055  -38.377  16.682 0.0000000000
23488  -3.188  -38.034  16.148 0.0000000000
23489  -3.342  -38.371  16.503 0.0000000000
23503  17.155  -37.698  14.814 0.0000000000
23504  16.651  -37.212  15.313 0.0000000000
23505  10.595  -37.867  14.447 0.0000000000
23506  9.518  -38.418  15.129 0.0000000000
23507  8.954  -38.649  15.564 0.0000000000
23508  0.850  -38.619  16.065 0.0000000000
23509  0.708  -38.394  16.266 0.0000000000
23510  -2.942  -37.637  14.777 0.0000000000
23524  17.216  -37.109  14.352 0.0000000000
23525  16.951  -37.115  14.759 0.0000000000
23526  11.884  -37.688  13.232 0.0000000000
23527  11.081  -38.164  13.590 0.0000000000
23528  10.337  -38.820  14.071 0.0000000000
23529  7.486  -37.527  13.813 0.0000000000
23530  6.651  -37.703  14.110 0.0000000000
23531  5.754  -37.875  14.261 0.0000000000
23532  4.745  -37.984  14.381 0.0000000000
23533  3.597  -38.010  14.448 0.0000000000
23534  2.358  -38.078  14.351 0.0000000000
23535  1.162  -38.179  14.086 0.0000000000
23536  0.000  -38.219  13.862 0.0000000000
23537  -1.152  -38.335  13.617 0.0000000000
23538  -1.634  -37.886  13.464 0.0000000000
23539  -2.913  -37.864  13.829 0.0000000000
23553  17.483  -37.476  13.830 0.0000000000
23554  11.803  -37.530  12.859 0.0000000000
23555  11.150  -38.084  12.915 0.0000000000
23556  10.192  -38.241  12.976 0.0000000000
23557  9.224  -38.371  13.200 0.0000000000
23558  8.248  -38.367  13.455 0.0000000000
23559  -1.574  -38.775  13.527 0.0000000000
23560  -1.930  -38.339  13.424 0.0000000000
23561  -2.544  -38.510  13.594 0.0000000000
23575  17.593  -37.908  13.351 0.0000000000
23586  17.591  -38.332  12.869 0.0000000000
23592  17.326  -37.504  10.625 0.0000000000
23595  17.263  -37.496  9.722 0.0000000000
23597  17.147  -37.537  8.854 0.0000000000
23599  17.033  -37.636  8.243 0.0000000000
23600  16.888  -37.511  7.744 0.0000000000
23606  16.497  -37.375  5.913 0.0000000000
23613  16.417  -37.779  5.540 0.0000000000
23626  16.213  -37.695  4.713 0.0000000000
23644  16.091  -37.279  3.930 0.0000000000
23662  21.223  -36.982  1.514 0.0000000000
23663  21.014  -36.917  1.535 0.0000000000
23680  21.600  -37.062  0.929 0.0000000000
23681  21.108  -37.415  1.167 0.0000000000
23682  20.247  -37.206  1.394 0.0000000000
23683  18.083  -37.104  0.701 0.0000000000
23684  17.444  -37.077  0.346 0.0000000000
23699  22.738  -35.948  -0.219 0.0000000000
23700  21.441  -37.523  0.404 0.0000000000
23701  17.361  -36.547  0.049 0.0000000000
23702  16.963  -36.716  -0.181 0.0000000000
23703  16.246  -36.836  -0.019 0.0000000000
24314  7.296  -36.812  24.318 0.0000000000
24315  6.442  -36.072  24.393 0.0000000000
24319  -0.814  -35.923  25.095 0.0000000000
24320  -1.803  -36.182  25.178 0.0000000000
24321  -3.225  -35.934  24.970 0.0000000000
24322  -3.364  -35.504  24.692 0.0000000000
24330  7.549  -37.074  23.182 0.0000000000
24331  7.049  -36.242  23.665 0.0000000000
24335  -1.475  -35.758  23.427 0.0000000000
24336  -2.853  -36.062  23.878 0.0000000000
24337  -3.310  -35.581  24.432 0.0000000000
24344  12.041  -36.993  22.181 0.0000000000
24345  11.525  -36.533  22.168 0.0000000000
24346  10.637  -36.619  22.434 0.0000000000
24347  9.869  -36.701  22.240 0.0000000000
24348  7.677  -37.651  22.044 0.0000000000
24350  3.011  -36.591  22.722 0.0000000000
24351  -0.051  -35.673  22.066 0.0000000000
24352  -0.503  -36.076  22.617 0.0000000000
24356  12.882  -37.217  21.398 0.0000000000
24357  12.390  -36.637  21.516 0.0000000000
24358  11.815  -36.122  21.631 0.0000000000
24359  9.229  -36.939  21.602 0.0000000000
24360  8.413  -37.505  21.201 0.0000000000
24361  7.904  -37.774  21.129 0.0000000000
24362  2.666  -36.632  21.722 0.0000000000
24363  -0.100  -36.046  21.800 0.0000000000
24364  -0.321  -36.847  21.671 0.0000000000
24372  13.113  -37.031  20.802 0.0000000000
24373  12.705  -36.347  20.789 0.0000000000
24374  8.907  -36.769  20.841 0.0000000000
24375  8.289  -37.316  20.479 0.0000000000
24376  7.741  -37.317  20.224 0.0000000000
24377  2.368  -36.728  20.734 0.0000000000
24378  1.770  -37.080  20.107 0.0000000000
24379  -0.135  -36.112  21.203 0.0000000000
24380  -0.467  -36.618  20.573 0.0000000000
24385  13.308  -36.798  19.739 0.0000000000
24386  8.807  -36.709  20.188 0.0000000000
24387  8.371  -37.001  19.652 0.0000000000
24388  7.687  -36.992  19.394 0.0000000000
24389  2.187  -36.396  19.795 0.0000000000
24390  1.384  -36.839  19.337 0.0000000000
24391  0.850  -37.014  18.645 0.0000000000
24392  -1.034  -36.670  19.667 0.0000000000
24393  -1.803  -36.640  19.063 0.0000000000
24396  14.140  -36.982  18.274 0.0000000000
24397  13.543  -36.434  18.775 0.0000000000
24398  8.238  -36.864  18.852 0.0000000000
24399  7.577  -36.817  18.546 0.0000000000
24400  7.051  -36.588  18.083 0.0000000000
24401  2.017  -36.174  19.075 0.0000000000
24402  1.568  -36.427  18.424 0.0000000000
24403  0.829  -36.951  17.920 0.0000000000
24404  -2.490  -36.626  18.487 0.0000000000
24405  -2.928  -36.693  17.867 0.0000000000
24412  15.223  -37.125  17.216 0.0000000000
24413  14.640  -36.555  17.473 0.0000000000
24414  8.253  -36.747  18.035 0.0000000000
24415  7.643  -37.129  17.568 0.0000000000
24416  6.604  -36.658  17.395 0.0000000000
24417  5.765  -36.283  17.190 0.0000000000
24418  3.954  -35.865  17.372 0.0000000000
24419  3.458  -35.990  17.361 0.0000000000
24420  2.558  -36.255  17.364 0.0000000000
24421  1.662  -36.516  17.561 0.0000000000
24422  0.867  -37.242  17.241 0.0000000000
24423  -2.909  -36.756  17.063 0.0000000000
24433  16.052  -36.899  16.045 0.0000000000
24434  15.296  -36.497  16.616 0.0000000000
24435  14.734  -36.099  16.958 0.0000000000
24436  9.220  -36.896  16.096 0.0000000000
24437  8.536  -36.910  17.071 0.0000000000
24438  8.021  -37.344  17.264 0.0000000000
24439  5.920  -36.836  16.783 0.0000000000
24440  5.051  -36.501  16.796 0.0000000000
24441  3.985  -36.423  16.934 0.0000000000
24442  2.941  -36.703  16.819 0.0000000000
24443  1.968  -36.920  16.788 0.0000000000
24444  1.163  -37.269  16.900 0.0000000000
24445  0.830  -37.455  16.951 0.0000000000
24446  -2.650  -36.703  16.057 0.0000000000
24458  16.111  -36.422  15.370 0.0000000000
24459  15.660  -36.327  15.917 0.0000000000
24460  10.895  -36.987  14.738 0.0000000000
24461  9.961  -37.109  15.353 0.0000000000
24462  6.119  -36.091  14.918 0.0000000000
24463  5.250  -36.146  15.005 0.0000000000
24464  4.373  -36.136  15.041 0.0000000000
24465  3.510  -36.015  15.069 0.0000000000
24466  2.966  -35.809  15.050 0.0000000000
24467  -2.662  -36.352  15.061 0.0000000000
24481  16.998  -36.598  14.266 0.0000000000
24482  16.594  -36.475  14.584 0.0000000000
24483  12.795  -36.463  13.452 0.0000000000
24484  12.271  -37.015  13.663 0.0000000000
24485  11.580  -37.527  14.049 0.0000000000
24486  8.480  -36.430  13.633 0.0000000000
24487  7.627  -36.639  14.046 0.0000000000
24488  6.777  -36.794  14.353 0.0000000000
24489  5.921  -36.935  14.593 0.0000000000
24490  5.007  -37.005  14.716 0.0000000000
24491  4.002  -36.930  14.710 0.0000000000
24492  2.769  -36.594  14.752 0.0000000000
24493  1.511  -36.918  14.478 0.0000000000
24494  0.354  -37.043  14.166 0.0000000000
24495  -0.953  -37.108  13.800 0.0000000000
24496  -1.431  -37.634  13.548 0.0000000000
24497  -2.766  -36.918  14.028 0.0000000000
24509  17.116  -36.557  14.027 0.0000000000
24510  16.806  -36.326  14.177 0.0000000000
24511  12.748  -36.333  13.033 0.0000000000
24512  12.291  -36.909  12.909 0.0000000000
24513  11.390  -37.073  12.751 0.0000000000
24514  10.400  -37.213  12.929 0.0000000000
24515  9.378  -37.338  13.201 0.0000000000
24516  8.388  -37.429  13.483 0.0000000000
24517  -1.599  -36.539  13.415 0.0000000000
24518  -1.876  -37.159  13.424 0.0000000000
24519  -2.479  -37.528  13.566 0.0000000000
24530  17.449  -37.267  13.693 0.0000000000
24541  17.293  -36.574  11.538 0.0000000000
24552  17.345  -36.815  10.834 0.0000000000
24555  17.303  -36.690  10.035 0.0000000000
24557  17.199  -36.673  9.131 0.0000000000
24560  17.030  -36.807  8.230 0.0000000000
24561  16.505  -36.397  6.037 0.0000000000
24564  16.492  -36.495  5.807 0.0000000000
24570  16.458  -36.585  5.216 0.0000000000
24578  16.431  -36.505  4.370 0.0000000000
24588  16.350  -36.466  3.279 0.0000000000
24589  15.805  -36.499  2.500 0.0000000000
24600  21.725  -36.305  1.496 0.0000000000
24601  21.424  -36.553  1.524 0.0000000000
24602  20.909  -36.354  1.621 0.0000000000
24603  16.256  -35.910  2.200 0.0000000000
24604  15.651  -35.921  1.696 0.0000000000
24617  22.720  -35.414  0.632 0.0000000000
24618  21.541  -36.887  1.274 0.0000000000
24619  20.302  -35.346  0.871 0.0000000000
24620  19.333  -35.938  0.449 0.0000000000
24621  18.297  -36.485  0.421 0.0000000000
24622  16.129  -35.551  1.110 0.0000000000
24623  15.564  -35.692  0.898 0.0000000000
24637  18.610  -35.966  0.289 0.0000000000
24638  17.848  -36.221  0.171 0.0000000000
24639  17.255  -36.127  -0.007 0.0000000000
24640  16.602  -35.986  0.208 0.0000000000
24641  15.988  -36.105  0.481 0.0000000000
25254  2.351  -35.551  26.500 0.0000000000
25255  1.925  -35.951  26.190 0.0000000000
25267  2.383  -35.343  25.867 0.0000000000
25268  1.539  -35.691  25.511 0.0000000000
25269  0.723  -36.028  25.303 0.0000000000
25277  6.064  -35.578  23.901 0.0000000000
25278  5.599  -35.737  24.183 0.0000000000
25280  0.963  -35.217  24.858 0.0000000000
25281  0.048  -35.542  24.903 0.0000000000
25282  -1.494  -35.387  24.965 0.0000000000
25283  -2.570  -35.409  25.054 0.0000000000
25284  -3.194  -35.326  24.858 0.0000000000
25292  7.136  -36.117  22.915 0.0000000000
25293  6.495  -35.572  23.338 0.0000000000
25294  5.596  -35.414  23.475 0.0000000000
25297  -1.991  -34.931  23.774 0.0000000000
25298  -3.000  -35.197  24.188 0.0000000000
25299  -3.288  -35.312  24.563 0.0000000000
25305  11.009  -36.054  22.122 0.0000000000
25306  10.475  -36.013  21.972 0.0000000000
25307  9.861  -36.204  21.720 0.0000000000
25308  7.366  -36.643  22.236 0.0000000000
25309  6.855  -35.466  22.013 0.0000000000
25310  5.891  -34.933  22.696 0.0000000000
25311  4.880  -35.242  22.733 0.0000000000
25312  3.873  -35.776  22.779 0.0000000000
25313  3.192  -36.028  22.022 0.0000000000
25314  -0.152  -35.079  22.330 0.0000000000
25315  -0.896  -34.965  23.110 0.0000000000
25319  11.995  -35.893  21.317 0.0000000000
25320  11.292  -35.591  21.392 0.0000000000
25321  10.263  -35.644  21.331 0.0000000000
25322  9.593  -36.154  21.151 0.0000000000
25323  7.432  -36.835  21.123 0.0000000000
25324  6.910  -35.615  20.641 0.0000000000
25325  4.289  -35.213  22.155 0.0000000000
25326  3.691  -35.447  21.647 0.0000000000
25327  2.986  -35.984  21.196 0.0000000000
25328  0.069  -35.353  21.469 0.0000000000
25334  12.913  -36.293  20.266 0.0000000000
25335  12.289  -35.564  20.466 0.0000000000
25336  11.579  -35.200  20.639 0.0000000000
25337  9.916  -35.647  20.848 0.0000000000
25338  9.444  -36.046  20.433 0.0000000000
25339  7.232  -36.614  20.005 0.0000000000
25340  6.767  -35.724  19.662 0.0000000000
25341  3.442  -35.449  20.778 0.0000000000
25342  2.807  -35.884  20.293 0.0000000000
25343  -0.167  -35.593  20.586 0.0000000000
25344  -0.600  -35.763  19.858 0.0000000000
25347  13.023  -35.899  19.436 0.0000000000
25348  12.606  -35.167  19.069 0.0000000000
25349  9.167  -36.195  19.669 0.0000000000
25350  8.756  -36.479  19.094 0.0000000000
25351  7.106  -36.470  19.187 0.0000000000
25352  6.633  -35.790  18.926 0.0000000000
25353  3.420  -35.345  19.917 0.0000000000
25354  2.688  -35.729  19.387 0.0000000000
25355  -1.261  -35.791  19.256 0.0000000000
25356  -1.916  -35.806  18.753 0.0000000000
25359  13.997  -36.183  18.031 0.0000000000
25360  13.341  -35.423  18.207 0.0000000000
25361  12.757  -34.946  18.423 0.0000000000
25362  9.233  -35.773  18.922 0.0000000000
25363  8.747  -36.271  18.432 0.0000000000
25364  6.932  -36.365  18.606 0.0000000000
25365  6.410  -35.825  18.192 0.0000000000
25366  5.733  -35.442  17.900 0.0000000000
25367  4.224  -34.984  18.611 0.0000000000
25368  3.537  -35.254  18.850 0.0000000000
25369  2.429  -35.857  18.480 0.0000000000
25370  1.958  -36.123  18.023 0.0000000000
25371  -2.498  -35.693  18.131 0.0000000000
25372  -2.777  -36.005  17.598 0.0000000000
25375  14.179  -35.747  17.337 0.0000000000
25376  13.685  -35.286  17.416 0.0000000000
25377  9.234  -35.472  18.036 0.0000000000
25378  8.838  -36.194  17.600 0.0000000000
25379  5.972  -35.923  17.607 0.0000000000
25380  5.232  -35.711  17.453 0.0000000000
25381  4.277  -35.348  17.862 0.0000000000
25382  3.060  -35.681  17.919 0.0000000000
25383  2.268  -36.047  17.841 0.0000000000
25384  1.974  -36.205  17.790 0.0000000000
25385  -2.588  -35.483  17.616 0.0000000000
25386  -2.669  -35.695  16.999 0.0000000000
25393  15.286  -36.081  16.078 0.0000000000
25394  14.693  -35.775  16.324 0.0000000000
25395  10.360  -35.340  16.278 0.0000000000
25396  9.569  -35.678  16.807 0.0000000000
25397  8.969  -36.250  17.181 0.0000000000
25398  4.548  -35.916  17.257 0.0000000000
25399  4.200  -35.850  17.350 0.0000000000
25400  -2.439  -35.649  16.055 0.0000000000
25411  15.945  -36.030  14.818 0.0000000000
25412  15.331  -35.907  15.334 0.0000000000
25413  14.393  -35.583  15.234 0.0000000000
25414  13.624  -35.571  14.887 0.0000000000
25415  12.813  -35.632  14.915 0.0000000000
25416  11.864  -35.704  15.097 0.0000000000
25417  10.615  -35.906  15.563 0.0000000000
25418  9.758  -36.307  15.905 0.0000000000
25419  7.928  -35.165  14.966 0.0000000000
25420  7.194  -35.230  15.139 0.0000000000
25421  6.341  -35.283  15.276 0.0000000000
25422  5.466  -35.326  15.309 0.0000000000
25423  4.635  -35.367  15.259 0.0000000000
25424  3.866  -35.369  15.198 0.0000000000
25425  3.157  -35.291  15.128 0.0000000000
25426  -2.523  -35.458  15.272 0.0000000000
25439  16.069  -35.808  14.376 0.0000000000
25440  15.512  -35.621  14.397 0.0000000000
25441  14.869  -35.497  14.464 0.0000000000
25442  14.052  -35.577  14.038 0.0000000000
25443  13.281  -36.007  14.088 0.0000000000
25444  12.557  -36.325  14.266 0.0000000000
25445  11.678  -36.584  14.504 0.0000000000
25446  9.572  -35.400  13.611 0.0000000000
25447  8.671  -35.475  14.226 0.0000000000
25448  7.814  -35.830  14.484 0.0000000000
25449  6.974  -35.986  14.723 0.0000000000
25450  2.502  -35.421  14.950 0.0000000000
25451  1.708  -35.752  14.730 0.0000000000
25452  0.740  -35.967  14.490 0.0000000000
25453  -0.276  -36.010  14.156 0.0000000000
25454  -2.663  -35.799  14.312 0.0000000000
25470  16.607  -35.871  13.880 0.0000000000
25471  16.304  -35.702  13.955 0.0000000000
25472  15.765  -35.465  14.025 0.0000000000
25473  13.654  -35.174  13.542 0.0000000000
25474  13.147  -35.684  13.329 0.0000000000
25475  12.317  -35.892  12.924 0.0000000000
25476  11.533  -36.160  12.830 0.0000000000
25477  10.507  -36.055  12.986 0.0000000000
25478  9.442  -36.265  13.238 0.0000000000
25479  -1.180  -35.942  13.527 0.0000000000
25480  -1.893  -35.897  12.796 0.0000000000
25481  -2.541  -36.179  13.204 0.0000000000
25499  16.912  -35.356  12.458 0.0000000000
25500  16.250  -35.402  13.734 0.0000000000
25501  -2.031  -35.357  12.221 0.0000000000
25502  -2.202  -35.467  12.496 0.0000000000
25518  17.128  -35.582  11.567 0.0000000000
25531  17.232  -35.879  10.550 0.0000000000
25542  17.186  -35.859  9.519 0.0000000000
25545  17.038  -35.747  8.659 0.0000000000
25546  16.861  -35.233  8.037 0.0000000000
25549  16.909  -35.978  7.866 0.0000000000
25550  16.633  -35.332  6.187 0.0000000000
25553  16.651  -35.479  5.709 0.0000000000
25556  16.728  -35.561  4.963 0.0000000000
25562  17.510  -34.842  3.719 0.0000000000
25563  17.048  -35.467  3.950 0.0000000000
25572  17.524  -35.120  3.112 0.0000000000
25573  16.959  -35.701  2.787 0.0000000000
25581  22.607  -34.993  1.298 0.0000000000
25582  21.376  -35.706  1.657 0.0000000000
25583  20.422  -34.829  1.708 0.0000000000
25584  17.324  -35.257  2.328 0.0000000000
25585  16.794  -35.472  1.800 0.0000000000
25593  22.723  -35.009  1.017 0.0000000000
25594  20.342  -35.108  0.874 0.0000000000
25595  19.799  -35.459  0.340 0.0000000000
25596  17.302  -35.092  1.619 0.0000000000
25597  16.896  -35.277  0.856 0.0000000000
25609  20.078  -35.095  0.107 0.0000000000
25610  19.144  -35.451  0.205 0.0000000000
25611  18.292  -35.601  0.181 0.0000000000
25612  17.682  -35.618  0.198 0.0000000000
25613  17.177  -35.608  0.289 0.0000000000
25627  19.725  -34.775  -0.183 0.0000000000
25628  19.223  -34.906  -0.101 0.0000000000
25629  18.533  -35.097  0.055 0.0000000000
25630  18.073  -35.243  0.155 0.0000000000
26186  3.195  -34.222  27.338 0.0000000000
26187  2.885  -34.828  27.032 0.0000000000
26199  3.356  -34.355  26.507 0.0000000000
26200  2.797  -35.019  26.338 0.0000000000
26213  3.526  -34.247  25.603 0.0000000000
26214  2.779  -34.875  25.627 0.0000000000
26215  2.144  -35.213  25.431 0.0000000000
26223  3.486  -34.179  25.030 0.0000000000
26224  2.895  -34.443  24.922 0.0000000000
26225  1.764  -34.825  24.828 0.0000000000
26226  0.383  -34.618  24.532 0.0000000000
26227  -1.131  -34.521  24.472 0.0000000000
26228  -2.296  -34.993  24.778 0.0000000000
26229  -2.845  -35.119  24.918 0.0000000000
26237  -1.600  -34.030  23.944 0.0000000000
26238  -2.283  -34.729  24.310 0.0000000000
26239  -2.931  -35.088  24.632 0.0000000000
26241  6.044  -34.532  21.889 0.0000000000
26242  5.194  -34.676  22.069 0.0000000000
26243  4.680  -34.942  22.118 0.0000000000
26244  -0.531  -34.023  22.652 0.0000000000
26245  -1.224  -33.935  23.373 0.0000000000
26248  10.599  -35.305  20.912 0.0000000000
26249  10.251  -35.455  20.863 0.0000000000
26250  6.335  -34.649  21.030 0.0000000000
26251  5.377  -34.456  21.228 0.0000000000
26252  4.433  -34.849  21.442 0.0000000000
26253  3.864  -35.156  21.109 0.0000000000
26254  0.180  -34.255  21.816 0.0000000000
26259  11.660  -34.939  20.134 0.0000000000
26260  11.008  -34.942  20.434 0.0000000000
26261  10.130  -35.350  20.339 0.0000000000
26262  9.608  -35.700  20.000 0.0000000000
26263  6.326  -34.899  20.026 0.0000000000
26264  5.536  -34.520  20.300 0.0000000000
26265  4.682  -34.619  20.488 0.0000000000
26266  3.970  -35.008  20.573 0.0000000000
26267  0.122  -34.521  20.499 0.0000000000
26268  -0.302  -35.154  20.014 0.0000000000
26271  12.014  -34.756  19.447 0.0000000000
26272  11.276  -34.634  19.505 0.0000000000
26273  10.464  -34.867  19.538 0.0000000000
26274  9.729  -35.414  19.543 0.0000000000
26275  6.246  -35.174  19.195 0.0000000000
26276  5.593  -34.717  19.381 0.0000000000
26277  4.822  -34.612  19.610 0.0000000000
26278  4.104  -34.893  19.742 0.0000000000
26279  -0.005  -33.995  19.700 0.0000000000
26280  -0.738  -34.767  19.223 0.0000000000
26281  -1.428  -35.329  18.922 0.0000000000
26284  12.819  -34.752  17.991 0.0000000000
26285  12.242  -34.589  18.438 0.0000000000
26286  11.622  -34.464  18.764 0.0000000000
26287  10.795  -34.459  18.535 0.0000000000
26288  9.845  -34.991  18.745 0.0000000000
26289  6.250  -35.406  18.707 0.0000000000
26290  5.687  -35.062  18.502 0.0000000000
26291  4.832  -34.764  18.715 0.0000000000
26292  4.288  -34.830  19.089 0.0000000000
26293  -1.409  -34.439  18.155 0.0000000000
26294  -1.737  -35.089  18.477 0.0000000000
26297  13.920  -35.302  16.809 0.0000000000
26298  13.245  -34.857  17.268 0.0000000000
26299  12.256  -34.465  17.509 0.0000000000
26300  11.377  -34.397  17.349 0.0000000000
26301  10.686  -34.509  17.572 0.0000000000
26302  9.970  -34.821  17.794 0.0000000000
26303  5.201  -35.170  17.924 0.0000000000
26304  5.003  -34.924  18.197 0.0000000000
26305  -1.680  -34.337  17.663 0.0000000000
26306  -2.209  -34.756  17.520 0.0000000000
26307  -2.492  -35.002  16.699 0.0000000000
26310  14.077  -35.400  16.078 0.0000000000
26311  13.488  -35.097  16.329 0.0000000000
26312  12.701  -34.750  16.490 0.0000000000
26313  11.742  -34.591  16.564 0.0000000000
26314  10.678  -34.813  16.670 0.0000000000
26315  10.182  -34.850  17.189 0.0000000000
26316  -2.266  -34.526  16.679 0.0000000000
26317  -2.354  -34.809  15.979 0.0000000000
26323  13.761  -35.394  15.640 0.0000000000
26324  13.118  -35.232  15.665 0.0000000000
26325  12.246  -35.078  15.747 0.0000000000
26326  11.271  -35.093  15.901 0.0000000000
26327  10.702  -35.215  16.091 0.0000000000
26328  8.286  -34.548  15.003 0.0000000000
26329  7.413  -34.412  15.232 0.0000000000
26330  6.554  -34.394  15.311 0.0000000000
26331  5.676  -34.438  15.297 0.0000000000
26332  4.806  -34.505  15.203 0.0000000000
26333  4.097  -34.700  15.137 0.0000000000
26334  3.483  -34.780  15.077 0.0000000000
26335  -2.511  -34.848  14.939 0.0000000000
26344  15.460  -35.304  13.936 0.0000000000
26345  15.112  -35.196  13.918 0.0000000000
26346  14.597  -35.163  13.847 0.0000000000
26347  11.581  -34.057  13.669 0.0000000000
26348  11.162  -34.321  13.696 0.0000000000
26349  10.309  -34.840  13.732 0.0000000000
26350  9.185  -34.692  14.503 0.0000000000
26351  4.245  -34.130  14.912 0.0000000000
26352  3.617  -34.196  14.779 0.0000000000
26353  2.769  -34.544  14.816 0.0000000000
26354  1.798  -34.744  14.656 0.0000000000
26355  1.005  -35.069  14.512 0.0000000000
26356  0.273  -35.269  14.262 0.0000000000
26357  -2.632  -35.027  13.799 0.0000000000
26370  15.778  -34.623  13.459 0.0000000000
26371  15.445  -34.777  13.649 0.0000000000
26372  14.738  -34.457  13.666 0.0000000000
26373  13.997  -34.600  13.685 0.0000000000
26374  13.173  -34.566  13.428 0.0000000000
26375  12.165  -34.643  13.299 0.0000000000
26376  11.416  -35.240  13.140 0.0000000000
26377  10.941  -35.571  13.061 0.0000000000
26378  1.192  -34.493  14.278 0.0000000000
26379  0.513  -34.588  13.946 0.0000000000
26380  -0.395  -35.085  13.590 0.0000000000
26381  -1.224  -35.257  12.884 0.0000000000
26382  -2.491  -35.077  12.740 0.0000000000
26399  16.868  -34.828  12.166 0.0000000000
26400  16.646  -34.522  12.303 0.0000000000
26401  0.095  -34.497  13.260 0.0000000000
26402  -0.473  -34.599  12.511 0.0000000000
26403  -1.587  -34.981  12.076 0.0000000000
26404  -2.102  -34.898  11.977 0.0000000000
26419  16.880  -34.650  11.733 0.0000000000
26420  16.744  -34.316  11.903 0.0000000000
26421  0.354  -34.258  10.806 0.0000000000
26422  -0.519  -34.456  11.285 0.0000000000
26423  -1.707  -34.537  11.243 0.0000000000
26424  -2.050  -34.701  11.541 0.0000000000
26442  17.009  -34.712  10.729 0.0000000000
26443  16.894  -34.168  10.510 0.0000000000
26444  0.543  -34.209  10.319 0.0000000000
26445  0.018  -34.303  10.378 0.0000000000
26446  -0.754  -34.270  10.170 0.0000000000
26463  17.068  -35.060  9.783 0.0000000000
26464  16.879  -34.252  10.008 0.0000000000
26467  17.066  -35.276  9.176 0.0000000000
26468  16.863  -34.572  8.895 0.0000000000
26471  16.591  -33.878  6.881 0.0000000000
26475  16.729  -34.336  6.273 0.0000000000
26478  17.299  -34.156  4.996 0.0000000000
26479  16.984  -34.508  5.531 0.0000000000
26483  17.507  -34.394  4.279 0.0000000000
26484  17.120  -34.838  4.790 0.0000000000
26491  18.228  -33.927  2.740 0.0000000000
26492  17.882  -34.302  3.408 0.0000000000
26500  22.407  -34.653  1.946 0.0000000000
26501  21.163  -34.558  2.354 0.0000000000
26502  20.480  -34.398  1.813 0.0000000000
26503  18.309  -33.865  1.799 0.0000000000
26504  17.820  -34.659  2.289 0.0000000000
26511  22.840  -34.593  1.214 0.0000000000
26512  20.429  -34.551  1.035 0.0000000000
26513  18.193  -33.903  0.860 0.0000000000
26514  17.629  -34.600  0.985 0.0000000000
26515  17.380  -35.195  0.511 0.0000000000
26525  20.426  -34.486  0.497 0.0000000000
26526  18.166  -34.210  0.303 0.0000000000
26527  17.860  -34.979  0.253 0.0000000000
26528  17.521  -35.405  0.356 0.0000000000
26539  20.115  -34.590  -0.246 0.0000000000
26540  19.413  -34.373  -0.360 0.0000000000
26541  18.550  -34.465  -0.110 0.0000000000
26542  18.209  -34.942  0.109 0.0000000000
27124  3.627  -33.609  27.093 0.0000000000
27139  4.578  -32.856  25.705 0.0000000000
27140  4.159  -33.382  26.151 0.0000000000
27155  4.493  -33.178  25.215 0.0000000000
27156  3.957  -33.814  25.165 0.0000000000
27168  4.073  -33.424  24.427 0.0000000000
27169  3.282  -33.907  24.442 0.0000000000
27170  2.169  -34.048  24.230 0.0000000000
27171  0.939  -33.927  24.160 0.0000000000
27172  -0.304  -33.660  24.204 0.0000000000
27173  -1.130  -33.478  24.123 0.0000000000
27180  3.404  -33.361  23.855 0.0000000000
27181  2.512  -33.412  23.782 0.0000000000
27182  1.387  -33.219  23.776 0.0000000000
27183  0.219  -32.957  23.864 0.0000000000
27184  -0.733  -32.802  23.912 0.0000000000
27185  -1.146  -33.004  23.563 0.0000000000
27188  -0.114  -33.074  22.286 0.0000000000
27189  -0.985  -32.931  22.926 0.0000000000
27193  0.357  -33.347  21.272 0.0000000000
27197  0.381  -33.453  20.286 0.0000000000
27199  0.378  -33.433  19.473 0.0000000000
27200  -0.177  -33.832  19.076 0.0000000000
27202  12.071  -34.472  18.295 0.0000000000
27203  11.836  -34.413  18.294 0.0000000000
27204  11.448  -34.372  18.288 0.0000000000
27205  1.022  -33.113  18.180 0.0000000000
27206  0.405  -33.382  18.518 0.0000000000
27207  -0.621  -33.936  18.359 0.0000000000
27209  12.028  -34.394  18.067 0.0000000000
27210  11.704  -34.352  17.911 0.0000000000
27211  11.209  -34.334  17.934 0.0000000000
27212  0.707  -33.242  17.406 0.0000000000
27213  -0.289  -33.621  17.487 0.0000000000
27214  -1.247  -34.020  17.488 0.0000000000
27215  -1.764  -34.276  17.361 0.0000000000
27218  0.587  -33.073  16.303 0.0000000000
27219  -0.097  -33.368  16.543 0.0000000000
27220  -1.021  -33.589  16.569 0.0000000000
27221  -1.883  -34.071  16.666 0.0000000000
27222  -2.190  -34.341  16.290 0.0000000000
27225  7.653  -33.516  15.177 0.0000000000
27226  6.805  -33.618  15.205 0.0000000000
27227  5.920  -33.464  15.071 0.0000000000
27228  5.034  -33.779  14.986 0.0000000000
27229  4.558  -33.935  14.907 0.0000000000
27230  0.291  -32.878  15.707 0.0000000000
27231  -0.051  -33.059  15.876 0.0000000000
27232  -0.813  -33.098  15.757 0.0000000000
27233  -1.819  -33.419  15.412 0.0000000000
27234  -2.246  -34.180  15.683 0.0000000000
27237  11.747  -33.166  14.065 0.0000000000
27238  11.194  -33.478  14.175 0.0000000000
27239  10.330  -33.644  14.433 0.0000000000
27240  9.372  -33.734  14.738 0.0000000000
27241  8.563  -33.823  15.015 0.0000000000
27242  5.660  -32.915  14.689 0.0000000000
27243  5.191  -33.189  14.573 0.0000000000
27244  4.224  -33.476  14.309 0.0000000000
27245  2.982  -33.790  14.243 0.0000000000
27246  2.057  -34.099  14.260 0.0000000000
27247  1.550  -34.301  14.266 0.0000000000
27248  -2.262  -33.385  14.220 0.0000000000
27249  -2.440  -34.088  14.598 0.0000000000
27253  15.428  -33.826  13.345 0.0000000000
27254  14.949  -33.467  13.500 0.0000000000
27255  14.165  -33.484  13.634 0.0000000000
27256  13.363  -33.573  13.639 0.0000000000
27257  12.454  -33.561  13.674 0.0000000000
27258  11.816  -33.766  13.692 0.0000000000
27259  4.067  -33.155  13.048 0.0000000000
27260  3.243  -33.421  13.315 0.0000000000
27261  2.207  -33.674  13.468 0.0000000000
27262  1.219  -34.108  13.646 0.0000000000
27263  0.551  -34.307  13.408 0.0000000000
27264  -2.253  -33.472  13.126 0.0000000000
27265  -2.461  -34.203  13.435 0.0000000000
27278  15.604  -33.219  13.060 0.0000000000
27279  15.340  -33.024  13.242 0.0000000000
27280  4.105  -33.144  12.424 0.0000000000
27281  3.578  -33.329  12.155 0.0000000000
27282  2.502  -33.532  12.422 0.0000000000
27283  1.412  -33.723  12.584 0.0000000000
27284  0.398  -34.182  12.692 0.0000000000
27285  -0.040  -34.356  12.405 0.0000000000
27286  -2.223  -33.567  11.936 0.0000000000
27287  -2.323  -34.320  12.376 0.0000000000
27303  16.839  -34.182  11.092 0.0000000000
27304  16.565  -33.856  11.670 0.0000000000
27305  3.484  -33.407  11.212 0.0000000000
27306  2.796  -33.587  11.420 0.0000000000
27307  1.792  -33.769  11.547 0.0000000000
27308  0.634  -34.079  11.637 0.0000000000
27309  -0.030  -34.303  12.079 0.0000000000
27310  -1.806  -33.736  10.421 0.0000000000
27311  -2.113  -34.401  11.512 0.0000000000
27323  16.888  -34.153  10.729 0.0000000000
27324  16.687  -33.703  10.646 0.0000000000
27325  3.703  -33.362  10.632 0.0000000000
27326  3.084  -33.592  10.598 0.0000000000
27327  2.232  -33.812  10.655 0.0000000000
27346  16.120  -32.196  9.167 0.0000000000
27347  3.504  -33.505  9.923 0.0000000000
27348  2.654  -33.741  9.873 0.0000000000
27349  1.763  -33.915  9.955 0.0000000000
27362  16.326  -32.582  8.002 0.0000000000
27363  3.155  -33.655  9.121 0.0000000000
27364  2.093  -33.986  9.150 0.0000000000
27365  0.688  -34.204  9.611 0.0000000000
27366  -1.624  -32.629  8.210 0.0000000000
27369  16.579  -33.197  6.891 0.0000000000
27370  2.673  -33.678  8.389 0.0000000000
27371  1.447  -34.042  8.120 0.0000000000
27372  -0.582  -34.175  8.527 0.0000000000
27373  -1.281  -33.450  7.646 0.0000000000
27374  -1.441  -32.729  7.117 0.0000000000
27375  -1.588  -32.399  7.700 0.0000000000
27378  16.855  -33.500  6.105 0.0000000000
27379  0.572  -33.944  7.257 0.0000000000
27380  -0.378  -33.742  6.893 0.0000000000
27381  -1.026  -33.257  6.517 0.0000000000
27382  -1.223  -32.835  6.328 0.0000000000
27385  17.529  -33.471  4.731 0.0000000000
27386  17.213  -33.504  5.429 0.0000000000
27389  17.839  -33.518  4.029 0.0000000000
27392  18.450  -33.194  2.654 0.0000000000
27393  18.157  -33.370  3.370 0.0000000000
27397  21.828  -34.591  1.518 0.0000000000
27398  21.764  -34.502  2.229 0.0000000000
27399  21.072  -34.117  2.165 0.0000000000
27400  18.615  -33.062  1.967 0.0000000000
27403  22.433  -34.346  1.814 0.0000000000
27404  21.668  -34.605  1.520 0.0000000000
27405  20.724  -33.981  1.268 0.0000000000
27406  18.498  -33.239  1.190 0.0000000000
27410  22.689  -34.826  0.675 0.0000000000
27411  21.344  -34.562  0.547 0.0000000000
27412  20.574  -34.196  0.209 0.0000000000
27413  18.434  -33.430  0.375 0.0000000000
27418  20.833  -34.021  -0.384 0.0000000000
27419  19.975  -33.955  -0.634 0.0000000000
27420  19.128  -33.466  -0.553 0.0000000000
27421  18.505  -33.682  -0.126 0.0000000000
27430  20.333  -33.336  -0.964 0.0000000000
27431  19.717  -33.339  -0.847 0.0000000000
27960  4.332  -32.133  26.552 0.0000000000
27961  4.032  -32.585  26.860 0.0000000000
27980  4.542  -32.441  26.166 0.0000000000
27981  4.291  -32.824  26.437 0.0000000000
27999  5.279  -31.901  24.533 0.0000000000
28000  4.943  -32.359  25.117 0.0000000000
28014  5.111  -32.318  23.936 0.0000000000
28015  4.686  -32.935  24.443 0.0000000000
28020  4.649  -32.104  22.978 0.0000000000
28021  4.054  -32.826  23.455 0.0000000000
28022  2.813  -32.822  23.345 0.0000000000
28023  1.790  -32.648  23.419 0.0000000000
28024  0.618  -32.144  23.460 0.0000000000
28025  -0.377  -32.192  23.621 0.0000000000
28026  -0.970  -32.167  23.545 0.0000000000
28029  4.287  -31.765  22.596 0.0000000000
28030  3.836  -32.025  22.671 0.0000000000
28031  2.946  -32.167  22.823 0.0000000000
28032  1.964  -32.073  23.068 0.0000000000
28033  1.321  -32.033  23.258 0.0000000000
28034  -0.656  -31.888  22.621 0.0000000000
28035  -1.260  -32.169  23.184 0.0000000000
28038  0.104  -32.170  21.765 0.0000000000
28041  0.946  -32.012  20.461 0.0000000000
28042  0.561  -32.553  20.855 0.0000000000
28044  1.743  -32.273  19.435 0.0000000000
28045  1.211  -32.481  19.707 0.0000000000
28046  0.727  -32.832  20.007 0.0000000000
28049  2.774  -32.233  18.304 0.0000000000
28050  2.161  -32.424  18.711 0.0000000000
28051  1.305  -32.831  18.835 0.0000000000
28052  0.843  -33.038  19.313 0.0000000000
28055  2.954  -32.213  17.580 0.0000000000
28056  2.254  -32.549  17.653 0.0000000000
28057  1.536  -32.892  17.945 0.0000000000
28061  3.041  -32.101  16.972 0.0000000000
28062  2.312  -32.325  16.513 0.0000000000
28063  1.443  -32.853  16.878 0.0000000000
28066  7.433  -32.804  15.095 0.0000000000
28067  6.912  -32.944  15.122 0.0000000000
28068  6.445  -33.127  15.077 0.0000000000
28069  1.913  -32.203  15.306 0.0000000000
28070  0.912  -32.669  15.513 0.0000000000
28071  -0.389  -32.686  15.154 0.0000000000
28072  -1.439  -32.791  14.866 0.0000000000
28073  -1.918  -33.023  14.631 0.0000000000
28075  12.699  -32.114  14.131 0.0000000000
28076  12.065  -32.462  14.230 0.0000000000
28077  11.174  -32.490  14.445 0.0000000000
28078  10.312  -32.570  14.557 0.0000000000
28079  9.342  -32.604  14.721 0.0000000000
28080  8.156  -32.656  14.986 0.0000000000
28081  7.040  -32.273  14.935 0.0000000000
28082  6.199  -32.618  14.763 0.0000000000
28083  5.435  -32.583  14.153 0.0000000000
28084  4.892  -33.017  14.175 0.0000000000
28085  2.015  -32.037  14.377 0.0000000000
28086  1.029  -32.383  14.264 0.0000000000
28087  -0.169  -32.500  14.127 0.0000000000
28088  -1.257  -32.576  13.994 0.0000000000
28089  -1.966  -32.859  13.980 0.0000000000
28092  14.981  -32.377  13.273 0.0000000000
28093  14.311  -32.426  13.581 0.0000000000
28094  13.441  -32.456  13.821 0.0000000000
28095  12.808  -32.811  13.859 0.0000000000
28096  5.329  -32.469  13.094 0.0000000000
28097  4.733  -32.885  13.566 0.0000000000
28098  2.251  -31.795  13.629 0.0000000000
28099  1.318  -32.157  13.349 0.0000000000
28100  0.034  -32.235  13.037 0.0000000000
28101  -1.201  -32.341  12.858 0.0000000000
28102  -1.956  -32.803  12.912 0.0000000000
28107  15.719  -32.377  12.297 0.0000000000
28108  15.441  -32.311  12.729 0.0000000000
28109  5.259  -32.411  12.252 0.0000000000
28110  4.578  -32.831  12.421 0.0000000000
28111  4.126  -33.124  12.078 0.0000000000
28112  2.484  -31.598  13.203 0.0000000000
28113  1.862  -31.817  12.696 0.0000000000
28114  0.580  -32.151  12.183 0.0000000000
28115  -1.059  -32.047  11.438 0.0000000000
28116  -2.003  -32.665  11.591 0.0000000000
28127  15.865  -32.036  11.378 0.0000000000
28128  15.699  -31.916  11.840 0.0000000000
28129  5.468  -32.179  11.725 0.0000000000
28130  4.922  -32.542  11.539 0.0000000000
28131  4.173  -33.057  11.341 0.0000000000
28132  1.301  -31.898  11.657 0.0000000000
28133  0.127  -31.924  10.994 0.0000000000
28146  15.955  -31.965  10.225 0.0000000000
28147  5.354  -32.195  10.948 0.0000000000
28148  4.776  -32.653  10.599 0.0000000000
28149  4.188  -33.141  10.208 0.0000000000
28150  1.086  -31.820  10.782 0.0000000000
28162  16.002  -31.944  9.212 0.0000000000
28163  5.363  -32.343  10.044 0.0000000000
28164  4.746  -32.739  9.630 0.0000000000
28165  4.037  -33.206  9.265 0.0000000000
28166  0.379  -31.785  9.747 0.0000000000
28186  16.117  -31.940  8.277 0.0000000000
28187  5.307  -32.352  9.234 0.0000000000
28188  4.716  -32.611  8.572 0.0000000000
28189  3.658  -33.202  8.322 0.0000000000
28190  -1.001  -31.656  8.526 0.0000000000
28191  -1.604  -32.135  8.240 0.0000000000
28208  16.348  -32.222  7.392 0.0000000000
28209  4.263  -32.536  7.393 0.0000000000
28210  2.890  -33.285  7.362 0.0000000000
28211  1.673  -33.503  6.974 0.0000000000
28212  -1.528  -31.904  7.455 0.0000000000
28213  -1.616  -32.272  7.926 0.0000000000
28228  16.685  -32.558  6.484 0.0000000000
28229  3.559  -32.549  6.593 0.0000000000
28230  2.535  -32.815  6.059 0.0000000000
28231  0.902  -33.329  6.111 0.0000000000
28232  -0.265  -33.173  5.744 0.0000000000
28233  -0.908  -32.798  5.743 0.0000000000
28234  -1.256  -32.249  6.081 0.0000000000
28244  17.376  -32.526  5.114 0.0000000000
28245  17.001  -32.814  5.814 0.0000000000
28246  2.339  -32.240  5.466 0.0000000000
28247  1.631  -32.549  5.405 0.0000000000
28248  0.593  -32.450  5.035 0.0000000000
28249  -0.215  -32.256  4.989 0.0000000000
28250  -0.741  -32.276  5.406 0.0000000000
28258  18.021  -32.248  3.957 0.0000000000
28259  17.761  -32.732  4.359 0.0000000000
28260  0.433  -32.077  4.446 0.0000000000
28261  0.175  -32.156  4.576 0.0000000000
28265  18.352  -32.433  3.334 0.0000000000
28266  18.017  -32.848  3.827 0.0000000000
28270  18.609  -32.408  2.473 0.0000000000
28273  18.683  -32.461  1.632 0.0000000000
28276  18.666  -32.573  0.715 0.0000000000
28280  19.058  -32.535  -0.743 0.0000000000
28281  18.694  -32.750  -0.185 0.0000000000
28292  19.691  -32.717  -1.080 0.0000000000
28835  5.413  -31.359  24.906 0.0000000000
28836  4.942  -31.688  25.679 0.0000000000
28852  5.534  -31.514  24.042 0.0000000000
28859  5.314  -31.568  23.122 0.0000000000
28860  0.199  -31.442  23.244 0.0000000000
28861  -0.293  -31.619  23.379 0.0000000000
28862  -0.714  -31.816  23.490 0.0000000000
28865  4.640  -31.392  22.483 0.0000000000
28866  3.822  -31.311  22.332 0.0000000000
28867  2.949  -31.316  22.453 0.0000000000
28868  1.977  -31.294  22.714 0.0000000000
28869  0.894  -31.318  23.057 0.0000000000
28870  -0.227  -30.963  22.947 0.0000000000
28871  -0.880  -31.600  23.254 0.0000000000
28874  -0.160  -31.052  21.987 0.0000000000
28877  1.689  -30.747  20.323 0.0000000000
28878  0.974  -31.006  20.723 0.0000000000
28879  0.488  -31.501  21.241 0.0000000000
28882  2.896  -31.317  19.367 0.0000000000
28883  2.217  -31.599  19.592 0.0000000000
28884  1.476  -31.683  20.059 0.0000000000
28887  4.007  -31.477  18.095 0.0000000000
28888  3.380  -31.681  18.566 0.0000000000
28889  2.762  -31.925  18.959 0.0000000000
28892  4.090  -31.464  17.227 0.0000000000
28893  3.509  -31.860  17.463 0.0000000000
28896  4.038  -31.302  16.203 0.0000000000
28897  3.207  -31.818  16.356 0.0000000000
28898  2.518  -32.026  15.871 0.0000000000
28900  4.049  -31.101  15.271 0.0000000000
28901  3.348  -31.468  15.350 0.0000000000
28902  2.616  -31.821  15.296 0.0000000000
28904  12.940  -31.459  14.146 0.0000000000
28905  12.158  -31.457  14.417 0.0000000000
28906  11.283  -31.559  14.494 0.0000000000
28907  10.377  -31.611  14.487 0.0000000000
28908  9.437  -31.602  14.540 0.0000000000
28909  8.442  -31.590  14.620 0.0000000000
28910  7.332  -31.446  14.367 0.0000000000
28911  6.448  -31.893  14.307 0.0000000000
28912  5.978  -32.232  14.251 0.0000000000
28914  3.480  -31.258  14.476 0.0000000000
28915  2.761  -31.602  14.476 0.0000000000
28918  15.066  -31.720  12.882 0.0000000000
28919  14.445  -31.408  13.289 0.0000000000
28920  13.675  -31.473  13.775 0.0000000000
28921  7.133  -31.185  13.660 0.0000000000
28922  6.618  -31.460  13.402 0.0000000000
28923  5.940  -32.059  13.637 0.0000000000
28926  2.927  -31.431  13.695 0.0000000000
28933  15.363  -31.518  12.209 0.0000000000
28934  14.827  -31.030  12.583 0.0000000000
28935  6.468  -31.465  12.633 0.0000000000
28936  5.919  -31.909  12.511 0.0000000000
28939  2.155  -31.606  12.033 0.0000000000
28950  15.838  -31.814  11.003 0.0000000000
28951  15.563  -31.403  11.167 0.0000000000
28952  6.419  -31.423  11.966 0.0000000000
28953  5.878  -31.792  11.418 0.0000000000
28967  15.773  -31.693  10.250 0.0000000000
28968  15.507  -31.277  10.203 0.0000000000
28969  6.412  -31.367  10.984 0.0000000000
28970  5.896  -31.862  10.459 0.0000000000
28981  15.719  -31.549  9.595 0.0000000000
28982  15.503  -31.166  9.430 0.0000000000
28983  6.466  -31.461  9.985 0.0000000000
28984  5.880  -31.941  9.520 0.0000000000
29000  15.801  -31.515  8.831 0.0000000000
29001  15.535  -30.964  8.588 0.0000000000
29002  6.404  -31.471  9.033 0.0000000000
29003  5.683  -31.931  8.542 0.0000000000
29004  5.139  -32.110  7.816 0.0000000000
29007  -0.593  -31.237  7.686 0.0000000000
29008  -1.167  -31.393  7.527 0.0000000000
29023  15.948  -31.360  7.814 0.0000000000
29024  15.653  -30.944  7.995 0.0000000000
29025  6.370  -31.385  8.247 0.0000000000
29026  5.835  -31.490  7.578 0.0000000000
29027  5.059  -31.847  7.128 0.0000000000
29030  -1.374  -31.308  7.027 0.0000000000
29047  16.433  -31.610  6.727 0.0000000000
29048  5.474  -31.244  6.757 0.0000000000
29049  4.373  -31.659  6.254 0.0000000000
29050  3.442  -32.193  6.043 0.0000000000
29053  -1.333  -31.176  6.108 0.0000000000
29069  17.309  -31.400  5.073 0.0000000000
29070  16.928  -31.960  5.851 0.0000000000
29071  4.067  -31.216  5.536 0.0000000000
29072  3.091  -31.617  5.341 0.0000000000
29073  1.944  -31.929  5.063 0.0000000000
29074  1.323  -32.198  4.930 0.0000000000
29075  -0.171  -31.874  4.394 0.0000000000
29076  -0.546  -31.585  4.858 0.0000000000
29089  18.193  -31.440  3.756 0.0000000000
29090  17.754  -31.832  4.416 0.0000000000
29091  2.729  -31.199  4.657 0.0000000000
29092  2.197  -31.460  4.642 0.0000000000
29093  1.129  -31.757  4.317 0.0000000000
29094  0.160  -31.919  4.168 0.0000000000
29095  -0.100  -31.517  3.945 0.0000000000
29105  18.554  -31.547  2.914 0.0000000000
29106  0.962  -31.352  3.802 0.0000000000
29107  0.475  -31.532  3.839 0.0000000000
29108  0.133  -31.605  3.865 0.0000000000
29114  18.699  -31.774  2.115 0.0000000000
29118  18.756  -31.689  1.287 0.0000000000
29123  18.751  -31.741  0.262 0.0000000000
29128  19.241  -32.057  -1.100 0.0000000000
29129  18.836  -31.765  -0.663 0.0000000000
29670  5.834  -30.862  24.230 0.0000000000
29677  6.394  -30.092  22.727 0.0000000000
29678  5.919  -30.891  23.358 0.0000000000
29683  6.101  -29.740  21.794 0.0000000000
29684  5.385  -30.628  22.110 0.0000000000
29685  4.043  -30.588  21.923 0.0000000000
29686  3.015  -30.491  22.105 0.0000000000
29687  2.059  -30.461  22.330 0.0000000000
29688  1.136  -30.587  22.567 0.0000000000
29689  0.489  -30.742  22.751 0.0000000000
29693  5.778  -29.307  21.509 0.0000000000
29694  5.258  -29.523  21.511 0.0000000000
29695  4.225  -29.641  21.518 0.0000000000
29696  3.143  -29.686  21.705 0.0000000000
29697  2.232  -29.761  21.934 0.0000000000
29698  1.291  -29.916  21.875 0.0000000000
29699  0.421  -30.516  22.286 0.0000000000
29703  1.984  -29.845  20.588 0.0000000000
29704  1.225  -30.078  20.999 0.0000000000
29705  0.597  -30.547  21.518 0.0000000000
29708  4.190  -30.184  19.225 0.0000000000
29709  3.357  -30.576  19.492 0.0000000000
29710  2.463  -30.586  19.928 0.0000000000
29712  5.370  -30.339  17.833 0.0000000000
29713  4.610  -30.874  18.227 0.0000000000
29714  4.003  -31.045  18.810 0.0000000000
29718  4.764  -30.965  17.035 0.0000000000
29722  4.704  -30.862  16.001 0.0000000000
29729  13.110  -30.794  13.977 0.0000000000
29730  12.353  -30.570  14.245 0.0000000000
29731  11.418  -30.644  14.432 0.0000000000
29732  10.507  -30.742  14.388 0.0000000000
29733  9.636  -30.805  14.352 0.0000000000
29734  8.610  -30.653  14.210 0.0000000000
29735  7.923  -31.002  14.306 0.0000000000
29740  14.271  -30.589  12.906 0.0000000000
29741  13.561  -30.417  13.401 0.0000000000
29742  12.787  -30.213  13.782 0.0000000000
29743  8.190  -30.210  13.199 0.0000000000
29744  7.548  -30.806  13.547 0.0000000000
29745  7.070  -31.130  13.317 0.0000000000
29755  15.087  -30.844  11.712 0.0000000000
29756  14.376  -30.259  12.124 0.0000000000
29757  13.836  -30.041  12.718 0.0000000000
29758  8.096  -30.098  12.607 0.0000000000
29759  7.599  -30.424  12.370 0.0000000000
29760  6.938  -31.074  12.690 0.0000000000
29772  15.200  -30.830  10.743 0.0000000000
29773  14.650  -30.342  11.150 0.0000000000
29774  7.412  -30.532  11.383 0.0000000000
29775  6.956  -30.944  11.644 0.0000000000
29788  15.250  -30.882  9.977 0.0000000000
29789  14.828  -30.379  10.130 0.0000000000
29790  7.588  -30.391  10.816 0.0000000000
29791  7.047  -30.885  10.588 0.0000000000
29798  15.190  -30.695  9.355 0.0000000000
29799  14.821  -30.228  9.253 0.0000000000
29800  7.544  -30.470  10.020 0.0000000000
29801  6.994  -30.985  9.515 0.0000000000
29808  15.150  -30.522  8.724 0.0000000000
29809  14.856  -30.135  8.531 0.0000000000
29810  7.522  -30.511  9.100 0.0000000000
29811  6.963  -31.007  8.604 0.0000000000
29822  15.756  -30.878  7.666 0.0000000000
29823  15.369  -30.509  7.873 0.0000000000
29824  14.864  -29.992  7.929 0.0000000000
29825  7.420  -30.506  8.329 0.0000000000
29826  6.791  -30.793  7.682 0.0000000000
29827  6.153  -30.920  7.071 0.0000000000
29840  15.961  -30.684  6.919 0.0000000000
29841  15.523  -30.215  7.092 0.0000000000
29842  6.550  -30.420  6.999 0.0000000000
29843  5.966  -30.485  6.521 0.0000000000
29844  5.228  -30.858  6.203 0.0000000000
29864  17.219  -30.574  5.054 0.0000000000
29865  16.768  -30.872  5.851 0.0000000000
29866  5.527  -30.310  5.977 0.0000000000
29867  4.719  -30.598  5.543 0.0000000000
29868  3.858  -30.895  5.130 0.0000000000
29885  18.144  -30.872  3.804 0.0000000000
29886  17.850  -30.693  4.213 0.0000000000
29887  4.082  -30.350  4.877 0.0000000000
29888  3.115  -30.692  4.420 0.0000000000
29889  2.351  -31.060  4.247 0.0000000000
29890  1.838  -31.304  4.203 0.0000000000
29906  18.257  -30.533  3.366 0.0000000000
29907  18.050  -30.298  3.742 0.0000000000
29908  0.777  -31.057  3.581 0.0000000000
29909  0.194  -31.178  3.678 0.0000000000
29920  18.597  -30.819  2.115 0.0000000000
29921  0.626  -30.641  3.273 0.0000000000
29929  18.702  -30.813  0.860 0.0000000000
29935  18.627  -30.868  -0.223 0.0000000000
30509  6.169  -28.957  21.518 0.0000000000
30510  5.367  -28.784  21.335 0.0000000000
30511  4.444  -28.724  21.301 0.0000000000
30512  3.333  -28.758  21.246 0.0000000000
30513  2.404  -29.341  21.436 0.0000000000
30514  1.879  -29.568  21.625 0.0000000000
30518  3.232  -28.912  20.516 0.0000000000
30519  2.451  -29.140  20.878 0.0000000000
30520  1.790  -29.523  21.250 0.0000000000
30523  5.084  -28.738  19.207 0.0000000000
30524  4.290  -29.095  19.533 0.0000000000
30525  3.538  -29.427  19.827 0.0000000000
30526  2.777  -29.658  20.212 0.0000000000
30530  5.715  -29.378  18.414 0.0000000000
30531  4.958  -29.827  18.848 0.0000000000
30546  12.219  -29.876  13.840 0.0000000000
30547  11.543  -29.885  14.115 0.0000000000
30548  10.626  -29.900  14.224 0.0000000000
30549  9.756  -30.090  14.177 0.0000000000
30550  9.221  -30.323  14.161 0.0000000000
30555  13.350  -29.668  12.871 0.0000000000
30556  12.621  -29.486  13.194 0.0000000000
30557  11.689  -29.435  13.482 0.0000000000
30558  10.836  -29.421  13.629 0.0000000000
30559  9.787  -29.461  13.378 0.0000000000
30560  8.971  -29.965  13.700 0.0000000000
30572  14.127  -29.847  11.430 0.0000000000
30573  13.467  -29.433  12.014 0.0000000000
30574  12.993  -29.327  12.647 0.0000000000
30575  9.320  -29.305  12.206 0.0000000000
30576  8.579  -29.742  12.575 0.0000000000
30577  8.041  -30.061  12.288 0.0000000000
30590  14.278  -29.846  10.640 0.0000000000
30591  13.742  -29.509  11.055 0.0000000000
30592  9.210  -29.284  11.613 0.0000000000
30593  8.688  -29.529  11.377 0.0000000000
30594  7.950  -30.052  11.619 0.0000000000
30606  14.409  -29.782  9.746 0.0000000000
30607  13.815  -29.334  10.213 0.0000000000
30608  8.484  -29.657  10.446 0.0000000000
30609  8.037  -30.001  10.632 0.0000000000
30621  14.524  -29.808  9.016 0.0000000000
30622  14.033  -29.252  9.148 0.0000000000
30623  8.637  -29.541  9.954 0.0000000000
30624  8.098  -29.962  9.702 0.0000000000
30637  14.480  -29.648  8.382 0.0000000000
30638  14.048  -29.115  8.176 0.0000000000
30639  8.513  -29.566  9.312 0.0000000000
30640  7.993  -29.903  8.688 0.0000000000
30653  15.141  -29.997  7.406 0.0000000000
30654  14.602  -29.518  7.465 0.0000000000
30655  14.101  -29.002  7.502 0.0000000000
30656  7.607  -30.009  7.798 0.0000000000
30657  7.032  -30.112  7.235 0.0000000000
30670  15.754  -30.135  6.596 0.0000000000
30671  15.305  -29.744  6.639 0.0000000000
30672  14.707  -29.342  6.708 0.0000000000
30673  7.466  -29.603  7.178 0.0000000000
30674  6.730  -29.697  6.623 0.0000000000
30675  6.028  -29.911  6.134 0.0000000000
30686  16.895  -30.233  5.372 0.0000000000
30687  16.225  -29.829  5.759 0.0000000000
30688  15.488  -29.451  5.920 0.0000000000
30689  6.262  -29.367  6.059 0.0000000000
30690  5.569  -29.653  5.607 0.0000000000
30691  4.676  -29.721  5.009 0.0000000000
30704  17.194  -29.760  4.787 0.0000000000
30705  16.663  -29.386  5.045 0.0000000000
30706  3.825  -29.818  4.395 0.0000000000
30713  18.160  -29.952  3.218 0.0000000000
30714  17.893  -29.737  3.565 0.0000000000
30720  18.174  -29.674  2.647 0.0000000000
30721  17.949  -29.382  3.000 0.0000000000
30726  18.480  -29.903  1.416 0.0000000000
30730  18.486  -30.042  0.315 0.0000000000
31290  5.747  -28.189  21.195 0.0000000000
31291  4.822  -28.026  21.052 0.0000000000
31292  4.044  -28.170  21.040 0.0000000000
31297  4.429  -27.952  20.555 0.0000000000
31298  3.832  -28.353  20.600 0.0000000000
31301  5.229  -27.922  19.418 0.0000000000
31302  4.460  -28.067  19.891 0.0000000000
31303  3.772  -28.651  20.067 0.0000000000
31325  12.314  -29.154  12.815 0.0000000000
31326  11.901  -29.077  12.874 0.0000000000
31327  10.967  -29.060  12.932 0.0000000000
31328  10.420  -29.229  13.174 0.0000000000
31342  12.826  -29.001  11.607 0.0000000000
31343  12.387  -28.975  12.261 0.0000000000
31344  11.301  -28.806  12.206 0.0000000000
31345  10.514  -28.891  12.175 0.0000000000
31346  10.104  -29.105  12.610 0.0000000000
31363  13.106  -29.024  10.855 0.0000000000
31364  12.290  -28.713  11.104 0.0000000000
31365  11.445  -28.612  11.314 0.0000000000
31366  10.539  -28.718  11.398 0.0000000000
31367  9.692  -29.050  11.580 0.0000000000
31368  9.158  -29.288  11.307 0.0000000000
31381  13.246  -28.754  9.684 0.0000000000
31382  12.420  -28.446  10.072 0.0000000000
31383  11.521  -28.343  10.271 0.0000000000
31384  10.590  -28.495  10.387 0.0000000000
31385  9.754  -28.845  10.555 0.0000000000
31386  9.061  -29.296  10.695 0.0000000000
31400  13.439  -28.648  8.677 0.0000000000
31401  12.543  -28.177  8.917 0.0000000000
31402  11.709  -28.093  9.321 0.0000000000
31403  10.648  -28.267  9.142 0.0000000000
31404  9.751  -28.726  9.460 0.0000000000
31405  9.086  -29.203  9.747 0.0000000000
31421  13.615  -28.613  7.818 0.0000000000
31422  13.035  -28.206  8.169 0.0000000000
31423  10.287  -28.427  8.411 0.0000000000
31424  9.775  -28.669  8.317 0.0000000000
31425  8.834  -29.246  8.594 0.0000000000
31426  8.154  -29.611  8.145 0.0000000000
31441  14.332  -29.094  6.995 0.0000000000
31442  13.887  -28.641  7.032 0.0000000000
31443  13.138  -28.095  7.281 0.0000000000
31444  9.601  -28.738  7.796 0.0000000000
31445  9.160  -28.891  7.678 0.0000000000
31446  8.246  -29.325  7.568 0.0000000000
31466  14.977  -29.339  6.188 0.0000000000
31467  14.357  -28.951  6.272 0.0000000000
31468  13.611  -28.262  6.282 0.0000000000
31469  12.963  -27.820  6.564 0.0000000000
31470  8.615  -28.783  7.131 0.0000000000
31471  7.723  -28.878  6.768 0.0000000000
31472  6.799  -28.787  6.232 0.0000000000
31492  15.779  -29.280  5.535 0.0000000000
31493  15.156  -28.986  5.545 0.0000000000
31494  14.315  -28.382  5.451 0.0000000000
31495  13.657  -27.984  5.563 0.0000000000
31496  6.121  -28.751  5.777 0.0000000000
31497  5.238  -28.731  5.165 0.0000000000
31498  4.385  -29.133  4.590 0.0000000000
31505  16.891  -29.158  4.764 0.0000000000
31506  16.216  -28.835  4.922 0.0000000000
31507  15.213  -28.242  4.923 0.0000000000
31508  14.565  -27.917  4.870 0.0000000000
31509  4.500  -28.441  4.562 0.0000000000
31514  17.182  -28.857  4.088 0.0000000000
31515  16.570  -28.167  4.065 0.0000000000
31521  17.982  -29.167  2.406 0.0000000000
31522  17.704  -28.804  2.756 0.0000000000
31526  18.085  -29.069  1.798 0.0000000000
31527  17.748  -28.387  1.761 0.0000000000
31531  18.290  -29.301  0.654 0.0000000000
31532  17.907  -28.543  0.847 0.0000000000
32058  5.387  -27.662  20.858 0.0000000000
32062  5.664  -27.202  20.451 0.0000000000
32063  4.990  -27.588  20.478 0.0000000000
32066  5.866  -27.001  19.510 0.0000000000
32067  5.388  -27.240  19.803 0.0000000000
32068  4.731  -27.648  20.189 0.0000000000
32073  5.634  -27.605  19.290 0.0000000000
32142  12.233  -27.954  8.530 0.0000000000
32143  11.885  -27.935  8.598 0.0000000000
32144  11.225  -28.051  8.657 0.0000000000
32156  12.266  -27.899  7.987 0.0000000000
32157  11.356  -27.975  7.994 0.0000000000
32158  10.597  -28.277  8.147 0.0000000000
32159  10.138  -28.537  8.070 0.0000000000
32165  12.371  -27.664  6.989 0.0000000000
32166  11.545  -27.702  7.242 0.0000000000
32167  10.696  -28.027  7.327 0.0000000000
32168  9.777  -28.464  7.498 0.0000000000
32169  9.100  -28.596  7.193 0.0000000000
32175  13.130  -27.737  5.939 0.0000000000
32176  12.527  -27.477  6.304 0.0000000000
32177  11.795  -27.261  6.430 0.0000000000
32178  10.913  -27.483  6.672 0.0000000000
32179  9.949  -27.713  6.776 0.0000000000
32180  8.743  -28.044  6.786 0.0000000000
32181  7.308  -27.790  6.234 0.0000000000
32182  6.587  -28.237  6.008 0.0000000000
32198  13.979  -27.839  5.062 0.0000000000
32199  13.421  -27.435  5.250 0.0000000000
32200  12.713  -27.268  5.752 0.0000000000
32201  12.233  -27.207  6.052 0.0000000000
32202  6.892  -27.235  5.772 0.0000000000
32203  6.178  -27.745  5.607 0.0000000000
32204  5.170  -27.757  4.850 0.0000000000
32219  15.924  -27.831  4.379 0.0000000000
32220  15.145  -27.460  4.388 0.0000000000
32221  14.320  -27.452  4.680 0.0000000000
32222  13.856  -27.440  4.906 0.0000000000
32223  4.246  -27.839  4.110 0.0000000000
32227  17.043  -28.092  3.321 0.0000000000
32228  16.263  -27.421  3.508 0.0000000000
32229  15.717  -27.389  3.987 0.0000000000
32237  17.295  -28.056  2.731 0.0000000000
32238  16.872  -27.559  2.674 0.0000000000
32243  17.425  -27.901  2.165 0.0000000000
32244  16.914  -27.254  1.749 0.0000000000
32247  17.507  -27.792  1.206 0.0000000000
32248  16.998  -27.189  0.599 0.0000000000
32777  5.701  -26.888  20.119 0.0000000000
32781  6.120  -26.648  19.612 0.0000000000
32782  5.795  -26.751  19.932 0.0000000000
32870  11.649  -27.023  6.094 0.0000000000
32871  11.240  -26.991  6.146 0.0000000000
32872  10.325  -27.023  6.225 0.0000000000
32873  9.280  -27.096  6.311 0.0000000000
32874  8.285  -27.162  6.248 0.0000000000
32882  13.362  -27.129  5.009 0.0000000000
32883  12.971  -26.997  5.164 0.0000000000
32884  11.956  -26.857  5.635 0.0000000000
32885  10.849  -26.625  5.526 0.0000000000
32886  9.780  -26.616  5.586 0.0000000000
32887  8.712  -26.636  5.646 0.0000000000
32888  7.560  -26.777  5.675 0.0000000000
32889  6.594  -26.857  5.331 0.0000000000
32890  5.816  -27.096  5.009 0.0000000000
32907  15.135  -27.098  4.119 0.0000000000
32908  14.726  -27.011  4.225 0.0000000000
32909  13.708  -26.904  4.619 0.0000000000
32910  12.652  -26.501  4.596 0.0000000000
32911  11.493  -26.318  4.559 0.0000000000
32912  10.312  -26.307  4.749 0.0000000000
32913  9.243  -26.300  4.849 0.0000000000
32914  8.181  -26.304  4.896 0.0000000000
32915  7.158  -26.368  4.809 0.0000000000
32928  15.987  -27.007  3.256 0.0000000000
32929  15.459  -26.915  3.658 0.0000000000
32930  14.451  -26.468  3.662 0.0000000000
32931  13.398  -26.153  3.656 0.0000000000
32932  12.345  -26.079  3.744 0.0000000000
32933  11.563  -26.036  3.617 0.0000000000
32944  16.093  -26.823  2.581 0.0000000000
32945  15.081  -26.297  2.784 0.0000000000
32946  14.141  -25.954  2.809 0.0000000000
32947  13.483  -25.894  2.918 0.0000000000
32957  16.318  -26.575  1.215 0.0000000000
32958  15.370  -26.107  1.669 0.0000000000
32959  14.729  -25.917  2.180 0.0000000000
32967  16.381  -26.601  -0.010 0.0000000000
32968  15.710  -26.068  0.597 0.0000000000
32978  15.631  -26.196  -0.508 0.0000000000
33606  10.759  -26.092  3.833 0.0000000000
33626  12.890  -25.877  2.944 0.0000000000
33627  12.040  -25.850  2.934 0.0000000000
33651  14.243  -25.664  2.064 0.0000000000
33652  13.511  -25.604  2.272 0.0000000000
33653  12.594  -25.538  2.192 0.0000000000
33680  15.099  -25.814  1.421 0.0000000000
33681  14.751  -25.692  1.525 0.0000000000
33682  14.027  -25.406  1.454 0.0000000000
33683  13.192  -25.282  1.405 0.0000000000
33708  15.146  -25.718  1.038 0.0000000000
33709  14.561  -25.501  0.764 0.0000000000
33710  13.810  -25.315  0.580 0.0000000000
33725  15.125  -25.708  0.148 0.0000000000
102927  1.158  -34.076  10.627 0.0000000000
102928  -1.860  -32.393  10.119 0.0000000000
102929  -1.530  -33.167  8.975 0.0000000000
102930  -1.574  -31.928  10.565 0.0000000000
102931  -1.129  -31.825  10.079 0.0000000000
102932  -1.556  -32.156  8.981 0.0000000000
102933  -1.687  -32.569  9.074 0.0000000000
102934  -1.524  -31.927  8.517 0.0000000000
102935  -1.500  -31.898  8.211 0.0000000000
102963  2.352  -30.429  3.700 0.0000000000
102964  2.386  -30.773  3.994 0.0000000000
102965  1.616  -30.909  3.730 0.0000000000
102966  2.932  -29.970  3.764 0.0000000000
102967  1.135  -30.601  3.304 0.0000000000
102968  1.677  -29.706  2.830 0.0000000000
102969  3.517  -28.965  3.909 0.0000000000
