#!ascii label  , from subject FREESURFER vox2ras=TkReg 
1766
59460  -0.988  1.572  38.317 0.0000000000
59472  0.381  2.203  37.032 0.0000000000
59473  -0.420  1.766  37.374 0.0000000000
59474  -1.303  1.194  37.649 0.0000000000
59487  0.838  1.973  36.341 0.0000000000
59488  0.000  1.733  36.636 0.0000000000
59489  -0.807  1.437  36.780 0.0000000000
59500  1.997  2.012  35.193 0.0000000000
59501  1.205  1.641  35.461 0.0000000000
59502  0.216  1.589  35.947 0.0000000000
59503  -0.362  1.491  36.287 0.0000000000
60483  -0.912  2.260  38.856 0.0000000000
60495  0.525  2.735  37.159 0.0000000000
60496  -0.038  2.582  37.821 0.0000000000
60510  0.966  2.721  36.658 0.0000000000
60523  2.074  2.588  35.142 0.0000000000
60524  1.568  2.635  35.746 0.0000000000
60535  2.580  2.402  34.533 0.0000000000
61548  -0.554  3.495  38.565 0.0000000000
61549  -1.285  3.526  39.268 0.0000000000
61561  0.653  3.468  37.148 0.0000000000
61562  0.134  3.479  37.793 0.0000000000
61573  1.318  3.492  36.239 0.0000000000
61584  2.059  3.352  35.032 0.0000000000
61585  1.669  3.450  35.614 0.0000000000
61597  2.658  3.432  34.087 0.0000000000
61605  2.816  3.702  33.505 0.0000000000
61617  3.661  3.973  31.985 0.0000000000
61649  7.822  4.004  26.664 0.0000000000
61668  8.904  3.547  24.561 0.0000000000
61678  8.973  3.682  23.668 0.0000000000
62535  -0.526  4.375  38.447 0.0000000000
62536  -1.431  4.447  39.264 0.0000000000
62537  -2.047  5.407  39.426 0.0000000000
62545  0.655  4.061  37.134 0.0000000000
62546  0.205  4.394  37.616 0.0000000000
62554  0.895  4.342  36.626 0.0000000000
62555  0.445  5.235  36.788 0.0000000000
62564  1.883  3.901  34.967 0.0000000000
62565  1.547  4.334  35.363 0.0000000000
62576  2.038  4.070  34.505 0.0000000000
62577  1.533  4.954  34.152 0.0000000000
62588  3.042  3.768  33.106 0.0000000000
62589  2.297  4.379  33.289 0.0000000000
62590  1.559  5.283  33.267 0.0000000000
62593  3.027  4.132  32.429 0.0000000000
62594  2.358  4.797  32.032 0.0000000000
62598  3.874  4.125  31.381 0.0000000000
62599  3.069  4.444  31.396 0.0000000000
62600  2.416  4.983  31.080 0.0000000000
62607  4.715  4.212  30.267 0.0000000000
62608  3.657  4.391  30.538 0.0000000000
62609  2.831  4.750  30.507 0.0000000000
62610  2.553  5.074  30.471 0.0000000000
62615  5.886  4.203  28.941 0.0000000000
62616  4.823  4.389  29.251 0.0000000000
62617  3.894  4.523  29.596 0.0000000000
62618  3.099  4.775  29.798 0.0000000000
62619  2.676  4.960  30.079 0.0000000000
62626  6.066  4.362  27.937 0.0000000000
62627  4.872  4.755  28.085 0.0000000000
62628  4.027  4.807  28.817 0.0000000000
62629  3.458  4.865  29.232 0.0000000000
62637  7.198  4.328  26.931 0.0000000000
62638  6.417  4.575  27.132 0.0000000000
62639  5.634  4.897  27.187 0.0000000000
62648  8.130  3.997  25.945 0.0000000000
62649  7.422  4.492  26.172 0.0000000000
62650  6.611  4.885  26.274 0.0000000000
62651  6.095  4.941  26.699 0.0000000000
62661  8.387  4.108  25.095 0.0000000000
62662  7.588  4.676  25.343 0.0000000000
62663  7.058  4.835  25.776 0.0000000000
62671  8.388  4.394  24.248 0.0000000000
62672  8.025  4.558  24.803 0.0000000000
62680  8.532  4.340  23.310 0.0000000000
63520  -0.604  5.170  38.326 0.0000000000
63521  -1.457  5.749  38.786 0.0000000000
63522  -2.107  5.978  39.239 0.0000000000
63531  -0.257  5.826  37.374 0.0000000000
63532  -0.851  6.052  38.106 0.0000000000
63540  0.839  5.361  35.955 0.0000000000
63541  0.167  6.199  36.300 0.0000000000
63548  0.992  5.931  34.914 0.0000000000
63549  0.581  6.068  35.633 0.0000000000
63558  1.149  5.960  33.709 0.0000000000
63572  1.797  5.308  32.528 0.0000000000
63573  1.375  5.935  32.814 0.0000000000
63585  2.032  5.708  31.696 0.0000000000
63586  1.646  5.860  32.296 0.0000000000
63591  2.508  5.513  30.800 0.0000000000
63598  2.648  5.302  30.162 0.0000000000
63604  3.106  5.274  29.352 0.0000000000
63605  2.798  5.129  29.786 0.0000000000
63613  4.482  5.352  27.779 0.0000000000
63614  4.040  5.503  28.233 0.0000000000
63615  3.557  5.197  28.874 0.0000000000
63627  4.863  5.587  27.239 0.0000000000
63628  4.388  5.689  27.655 0.0000000000
63638  6.376  5.246  25.966 0.0000000000
63639  5.866  5.483  26.268 0.0000000000
63649  7.278  4.969  25.054 0.0000000000
63650  6.684  5.320  25.343 0.0000000000
63651  6.059  5.777  25.592 0.0000000000
63660  8.040  4.721  24.181 0.0000000000
63661  7.615  4.934  24.499 0.0000000000
63662  6.928  5.609  24.177 0.0000000000
63677  8.061  4.790  23.817 0.0000000000
63678  7.503  5.274  23.568 0.0000000000
63679  6.991  5.652  23.576 0.0000000000
63692  8.072  4.878  23.129 0.0000000000
63693  7.610  5.218  22.653 0.0000000000
64381  -1.204  7.099  45.921 0.0000000000
64390  -1.049  7.048  45.074 0.0000000000
64398  -1.076  7.158  44.574 0.0000000000
64416  -1.376  6.967  41.860 0.0000000000
64428  -1.346  6.939  40.921 0.0000000000
64429  -2.140  6.662  41.199 0.0000000000
64437  -1.383  7.067  40.382 0.0000000000
64438  -1.996  6.844  40.246 0.0000000000
64446  -2.117  6.493  39.520 0.0000000000
64447  -2.597  6.351  40.065 0.0000000000
64456  -1.188  6.753  38.440 0.0000000000
64457  -1.704  6.366  39.011 0.0000000000
64465  -0.452  7.057  36.988 0.0000000000
64466  -0.748  6.717  37.686 0.0000000000
64475  -0.097  7.186  36.247 0.0000000000
64485  0.634  6.720  34.804 0.0000000000
64486  0.373  6.832  35.398 0.0000000000
64497  0.734  6.943  34.184 0.0000000000
64498  0.555  7.047  34.787 0.0000000000
64509  1.101  6.789  33.139 0.0000000000
64522  2.130  6.471  31.763 0.0000000000
64523  1.637  6.526  32.275 0.0000000000
64534  3.185  6.723  31.108 0.0000000000
64535  2.714  6.442  31.249 0.0000000000
64540  3.786  6.845  30.239 0.0000000000
64541  3.429  6.637  30.556 0.0000000000
64542  2.807  5.881  30.301 0.0000000000
64547  3.764  6.716  29.779 0.0000000000
64548  3.201  6.021  29.556 0.0000000000
64549  2.851  5.490  29.791 0.0000000000
64556  3.865  6.411  28.742 0.0000000000
64557  3.444  5.667  28.883 0.0000000000
64564  4.685  6.073  27.072 0.0000000000
64565  4.478  6.409  27.511 0.0000000000
64579  5.068  6.322  26.637 0.0000000000
64580  4.834  7.095  26.749 0.0000000000
64598  6.138  5.921  25.268 0.0000000000
64599  5.701  6.438  25.552 0.0000000000
64613  6.233  6.193  24.635 0.0000000000
64614  5.760  6.957  24.737 0.0000000000
64626  7.103  5.617  23.146 0.0000000000
64627  6.511  6.126  23.413 0.0000000000
64635  6.940  5.789  22.531 0.0000000000
64636  6.270  6.372  22.328 0.0000000000
65337  -1.657  7.948  47.575 0.0000000000
65343  -1.055  8.151  46.175 0.0000000000
65344  -1.468  7.391  46.834 0.0000000000
65351  -0.925  7.825  45.419 0.0000000000
65358  -0.765  7.823  44.683 0.0000000000
65359  -1.095  7.321  44.187 0.0000000000
65365  -0.699  7.899  43.838 0.0000000000
65366  -1.398  7.234  43.509 0.0000000000
65372  -0.123  8.124  42.387 0.0000000000
65373  -0.597  7.848  42.683 0.0000000000
65374  -1.657  7.067  42.678 0.0000000000
65380  -0.049  7.989  41.930 0.0000000000
65381  -0.613  7.366  41.485 0.0000000000
65386  0.009  7.748  40.986 0.0000000000
65387  -0.785  7.331  40.465 0.0000000000
65388  -1.355  7.214  40.000 0.0000000000
65395  -0.234  7.833  40.129 0.0000000000
65396  -0.899  7.656  39.563 0.0000000000
65397  -1.536  7.088  39.494 0.0000000000
65404  -1.212  7.587  38.751 0.0000000000
65405  -1.557  6.846  39.043 0.0000000000
65414  -0.673  7.634  37.096 0.0000000000
65415  -0.884  7.845  37.621 0.0000000000
65427  -0.525  7.938  36.776 0.0000000000
65428  -1.244  8.581  36.924 0.0000000000
65439  0.122  7.830  35.977 0.0000000000
65450  0.816  7.667  34.171 0.0000000000
65451  0.633  7.642  34.906 0.0000000000
65463  0.918  7.676  33.528 0.0000000000
65475  2.882  7.561  31.756 0.0000000000
65476  2.373  7.271  31.861 0.0000000000
65477  1.432  7.649  32.673 0.0000000000
65489  3.905  7.362  30.990 0.0000000000
65490  3.284  7.267  31.371 0.0000000000
65491  2.784  6.968  31.535 0.0000000000
65496  4.751  7.764  29.834 0.0000000000
65497  4.125  7.253  30.377 0.0000000000
65498  3.744  7.077  30.869 0.0000000000
65504  4.940  8.054  29.024 0.0000000000
65505  4.296  7.249  29.324 0.0000000000
65513  4.873  8.156  28.091 0.0000000000
65514  4.521  7.318  28.309 0.0000000000
65529  4.824  8.349  27.623 0.0000000000
65530  4.781  7.794  27.302 0.0000000000
65546  5.132  7.182  26.035 0.0000000000
65547  4.895  7.842  26.322 0.0000000000
65557  5.344  7.619  25.233 0.0000000000
65558  5.059  7.793  25.769 0.0000000000
65564  5.891  6.883  23.920 0.0000000000
65565  5.516  7.592  24.329 0.0000000000
65572  5.856  6.883  22.954 0.0000000000
65573  5.451  7.521  23.422 0.0000000000
66334  -1.294  9.227  47.134 0.0000000000
66335  -1.491  9.245  47.620 0.0000000000
66336  -0.902  9.266  46.637 0.0000000000
66337  -1.392  8.403  46.961 0.0000000000
66342  0.342  9.612  45.047 0.0000000000
66343  -0.273  8.961  45.341 0.0000000000
66351  0.837  9.917  44.323 0.0000000000
66352  -0.119  8.554  44.386 0.0000000000
66359  0.472  8.926  43.317 0.0000000000
66360  0.047  8.518  43.619 0.0000000000
66365  0.265  8.565  42.496 0.0000000000
66366  0.018  8.474  43.035 0.0000000000
66372  0.987  8.761  40.787 0.0000000000
66373  0.564  8.500  41.455 0.0000000000
66379  0.915  8.772  39.953 0.0000000000
66380  0.442  8.249  40.424 0.0000000000
66385  0.644  9.003  39.082 0.0000000000
66386  -0.127  8.366  39.310 0.0000000000
66387  -0.914  8.114  38.987 0.0000000000
66396  0.474  9.292  38.577 0.0000000000
66397  -0.153  9.094  38.506 0.0000000000
66398  -1.081  8.670  38.335 0.0000000000
66410  -1.666  8.889  37.454 0.0000000000
66422  -0.520  8.755  36.584 0.0000000000
66423  -1.454  9.177  36.851 0.0000000000
66432  1.060  8.399  35.296 0.0000000000
66433  0.529  8.220  35.777 0.0000000000
66440  1.485  8.984  33.747 0.0000000000
66441  1.046  8.247  34.260 0.0000000000
66442  0.898  8.109  35.037 0.0000000000
66450  3.674  8.917  32.712 0.0000000000
66451  2.635  8.889  32.792 0.0000000000
66452  1.736  8.868  32.941 0.0000000000
66453  1.206  8.392  33.237 0.0000000000
66462  4.978  8.766  31.851 0.0000000000
66463  4.057  8.446  32.027 0.0000000000
66464  3.049  8.117  32.039 0.0000000000
66465  2.073  8.230  32.473 0.0000000000
66466  1.512  8.354  32.747 0.0000000000
66477  5.227  8.583  30.930 0.0000000000
66478  4.264  7.971  31.204 0.0000000000
66479  3.665  7.967  31.659 0.0000000000
66490  5.346  8.474  29.949 0.0000000000
66491  4.786  7.990  30.468 0.0000000000
66497  5.512  8.731  29.180 0.0000000000
66504  5.308  8.729  28.471 0.0000000000
66513  4.985  8.791  27.828 0.0000000000
66514  4.741  8.736  27.290 0.0000000000
66519  4.690  8.679  26.583 0.0000000000
66522  5.174  8.128  25.162 0.0000000000
66523  4.877  8.510  25.504 0.0000000000
66527  5.193  8.195  24.759 0.0000000000
66528  4.738  8.889  24.479 0.0000000000
66532  5.147  8.221  23.929 0.0000000000
66533  4.512  8.726  23.624 0.0000000000
67237  -1.484  10.187  48.324 0.0000000000
67238  -1.253  10.301  47.681 0.0000000000
67250  1.272  9.993  42.348 0.0000000000
67251  0.958  9.435  42.977 0.0000000000
67257  1.241  9.816  41.557 0.0000000000
67258  0.872  9.264  42.046 0.0000000000
67264  1.329  9.504  40.652 0.0000000000
67265  1.067  9.145  41.337 0.0000000000
67270  1.373  9.423  39.636 0.0000000000
67277  1.679  9.920  38.494 0.0000000000
67278  1.113  9.434  38.790 0.0000000000
67287  1.532  9.871  37.605 0.0000000000
67288  0.411  9.529  37.983 0.0000000000
67289  -0.842  9.428  37.877 0.0000000000
67290  -1.465  9.297  37.808 0.0000000000
67302  1.545  9.744  36.793 0.0000000000
67303  0.525  9.521  37.116 0.0000000000
67304  -0.549  9.551  37.266 0.0000000000
67305  -1.343  9.463  37.316 0.0000000000
67316  1.772  9.400  36.074 0.0000000000
67317  0.870  9.220  36.490 0.0000000000
67318  -0.157  9.240  36.760 0.0000000000
67319  -1.006  9.420  36.844 0.0000000000
67329  2.769  9.645  34.960 0.0000000000
67330  2.028  9.148  35.232 0.0000000000
67331  1.317  8.845  35.705 0.0000000000
67332  0.502  8.731  36.212 0.0000000000
67345  4.695  10.361  34.049 0.0000000000
67346  3.807  10.056  34.072 0.0000000000
67347  2.863  9.769  34.101 0.0000000000
67348  2.097  9.306  34.314 0.0000000000
67349  1.519  8.773  34.700 0.0000000000
67362  5.175  10.155  33.447 0.0000000000
67363  4.422  9.615  33.321 0.0000000000
67364  3.248  9.478  33.383 0.0000000000
67365  2.255  9.363  33.462 0.0000000000
67381  6.122  10.280  32.296 0.0000000000
67382  5.487  9.743  32.595 0.0000000000
67383  4.581  9.026  32.563 0.0000000000
67398  6.174  9.935  31.871 0.0000000000
67399  5.760  9.300  31.494 0.0000000000
67419  6.409  9.846  31.094 0.0000000000
67420  5.892  9.193  30.539 0.0000000000
67440  6.464  9.806  30.142 0.0000000000
67441  5.935  9.212  29.641 0.0000000000
67460  6.377  9.827  29.245 0.0000000000
67461  5.869  9.270  28.802 0.0000000000
67476  6.211  9.842  28.452 0.0000000000
67477  5.558  9.482  27.888 0.0000000000
67478  4.909  9.287  27.478 0.0000000000
67491  5.052  9.814  27.319 0.0000000000
67492  4.506  9.571  26.963 0.0000000000
67496  4.411  9.558  26.118 0.0000000000
67500  4.427  9.731  25.133 0.0000000000
67505  4.057  9.760  24.080 0.0000000000
68178  -0.890  11.193  47.788 0.0000000000
68187  1.377  10.348  43.100 0.0000000000
68196  1.471  10.629  42.441 0.0000000000
68202  1.452  10.531  41.793 0.0000000000
68207  1.496  10.364  41.017 0.0000000000
68214  2.085  11.039  39.797 0.0000000000
68215  1.767  10.377  40.104 0.0000000000
68225  2.195  10.671  39.205 0.0000000000
68226  1.703  9.928  39.256 0.0000000000
68235  3.058  11.111  37.955 0.0000000000
68236  2.523  10.650  38.206 0.0000000000
68250  2.897  10.825  37.513 0.0000000000
68251  2.341  10.315  37.204 0.0000000000
68265  3.051  10.710  36.773 0.0000000000
68266  2.441  10.055  36.379 0.0000000000
68278  4.030  10.906  35.479 0.0000000000
68279  3.455  10.530  35.719 0.0000000000
68280  2.497  9.697  35.683 0.0000000000
68293  4.819  10.891  34.435 0.0000000000
68294  4.241  10.769  34.945 0.0000000000
68295  3.438  10.122  34.758 0.0000000000
68308  5.771  11.082  33.389 0.0000000000
68309  5.402  10.923  33.803 0.0000000000
68323  5.966  10.774  32.906 0.0000000000
68324  5.523  10.393  33.191 0.0000000000
68337  6.961  11.128  31.459 0.0000000000
68338  6.666  10.776  31.771 0.0000000000
68351  7.105  11.063  31.090 0.0000000000
68352  6.873  10.461  30.686 0.0000000000
68363  7.226  10.995  30.343 0.0000000000
68364  6.901  10.529  29.691 0.0000000000
68375  6.613  10.445  28.792 0.0000000000
68386  6.223  10.449  27.707 0.0000000000
68387  5.505  10.039  27.370 0.0000000000
68403  6.152  11.006  26.984 0.0000000000
68404  5.153  10.529  26.716 0.0000000000
68405  4.327  10.142  26.520 0.0000000000
68419  4.820  10.934  26.102 0.0000000000
68420  4.303  10.607  25.862 0.0000000000
68431  3.990  10.747  24.777 0.0000000000
69123  1.984  11.838  41.760 0.0000000000
69124  1.719  11.246  42.052 0.0000000000
69129  1.983  11.692  41.183 0.0000000000
69130  1.681  11.012  41.202 0.0000000000
69138  1.959  11.288  40.386 0.0000000000
69139  1.710  10.784  40.693 0.0000000000
69149  2.842  12.045  39.119 0.0000000000
69150  2.469  11.705  39.457 0.0000000000
69160  3.572  12.090  38.338 0.0000000000
69161  3.137  11.773  38.564 0.0000000000
69162  2.602  11.211  38.880 0.0000000000
69173  3.854  11.973  37.913 0.0000000000
69174  3.418  11.338  37.431 0.0000000000
69181  4.133  11.794  36.892 0.0000000000
69182  3.689  11.176  36.403 0.0000000000
69191  4.758  11.757  35.456 0.0000000000
69192  4.336  11.443  35.747 0.0000000000
69193  3.841  11.050  35.958 0.0000000000
69201  4.853  11.537  34.892 0.0000000000
69202  4.491  11.255  35.192 0.0000000000
69211  5.921  11.562  33.463 0.0000000000
69212  5.475  11.786  34.177 0.0000000000
69222  6.861  11.884  32.151 0.0000000000
69223  6.503  11.597  32.609 0.0000000000
69234  7.078  11.574  31.558 0.0000000000
69235  6.796  11.444  32.017 0.0000000000
69246  7.376  11.642  30.702 0.0000000000
69255  7.353  11.494  29.579 0.0000000000
69256  6.942  10.908  29.150 0.0000000000
69268  7.345  11.985  28.582 0.0000000000
69269  6.864  11.175  28.564 0.0000000000
69284  7.331  12.330  28.019 0.0000000000
69285  6.779  11.723  27.564 0.0000000000
69302  6.156  11.621  26.228 0.0000000000
69303  5.236  11.061  26.121 0.0000000000
69320  5.797  12.081  25.059 0.0000000000
69321  5.035  11.310  25.481 0.0000000000
69322  4.382  11.089  25.219 0.0000000000
69341  5.587  12.298  24.521 0.0000000000
69342  5.189  11.943  24.690 0.0000000000
69343  4.512  11.555  24.616 0.0000000000
69352  3.753  11.517  24.084 0.0000000000
69973  1.888  11.892  42.360 0.0000000000
69974  1.634  11.382  42.685 0.0000000000
69978  2.608  12.782  40.952 0.0000000000
69979  2.360  12.501  41.368 0.0000000000
69989  2.687  12.759  40.526 0.0000000000
69990  2.339  12.158  40.258 0.0000000000
69999  3.471  12.743  38.911 0.0000000000
70000  3.040  12.554  39.363 0.0000000000
70001  2.552  12.184  39.674 0.0000000000
70011  3.719  12.490  38.534 0.0000000000
70012  3.272  12.298  38.808 0.0000000000
70019  5.080  12.839  37.096 0.0000000000
70020  4.711  12.620  37.469 0.0000000000
70026  5.123  12.703  36.711 0.0000000000
70027  4.728  12.124  36.430 0.0000000000
70035  5.056  12.257  35.753 0.0000000000
70036  4.732  11.949  35.969 0.0000000000
70045  5.379  12.440  34.764 0.0000000000
70056  6.269  12.418  33.245 0.0000000000
70057  5.798  12.453  33.973 0.0000000000
70068  7.057  12.423  31.955 0.0000000000
70069  6.681  12.461  32.565 0.0000000000
70080  7.377  12.400  31.254 0.0000000000
70092  7.584  12.464  30.365 0.0000000000
70103  7.653  12.586  29.396 0.0000000000
70115  7.647  12.792  28.502 0.0000000000
70124  7.434  12.883  27.450 0.0000000000
70125  6.849  12.242  26.925 0.0000000000
70135  7.324  13.200  26.814 0.0000000000
70136  6.986  12.812  26.450 0.0000000000
70151  6.479  12.805  25.411 0.0000000000
70174  5.978  12.849  24.223 0.0000000000
70175  5.274  12.349  24.116 0.0000000000
70176  4.858  12.042  24.309 0.0000000000
70188  5.790  13.257  23.570 0.0000000000
70189  5.310  12.951  23.347 0.0000000000
70190  4.426  12.256  23.740 0.0000000000
70200  5.004  13.214  22.768 0.0000000000
70201  4.522  12.921  22.916 0.0000000000
70202  3.654  12.630  23.037 0.0000000000
70807  2.104  13.014  42.684 0.0000000000
70814  2.769  13.067  40.932 0.0000000000
70815  2.619  13.323  41.462 0.0000000000
70823  3.124  13.338  40.271 0.0000000000
70829  3.734  13.100  38.915 0.0000000000
70830  3.629  13.607  39.507 0.0000000000
70838  4.406  13.320  38.353 0.0000000000
70845  5.245  13.187  37.078 0.0000000000
70846  4.959  13.684  37.649 0.0000000000
70853  5.441  13.272  36.323 0.0000000000
70860  5.531  13.249  35.372 0.0000000000
70869  5.681  13.247  34.475 0.0000000000
70881  6.396  13.220  32.994 0.0000000000
70882  6.033  13.245  33.703 0.0000000000
70894  7.197  13.024  31.715 0.0000000000
70895  6.782  13.264  32.323 0.0000000000
70907  7.422  13.350  31.081 0.0000000000
70908  6.988  13.662  31.783 0.0000000000
70918  7.629  13.386  30.123 0.0000000000
70929  7.717  13.504  29.247 0.0000000000
70941  7.710  13.633  28.398 0.0000000000
70953  7.658  13.865  27.726 0.0000000000
70964  7.489  13.795  26.885 0.0000000000
70965  7.244  13.380  26.517 0.0000000000
70976  7.378  14.201  26.429 0.0000000000
70977  7.069  13.767  25.972 0.0000000000
71003  6.561  13.902  24.679 0.0000000000
71019  6.075  13.800  23.566 0.0000000000
71020  5.698  13.501  23.172 0.0000000000
71027  5.815  13.929  22.880 0.0000000000
71028  5.368  13.670  22.559 0.0000000000
71029  4.705  13.411  22.332 0.0000000000
71030  3.874  13.165  22.356 0.0000000000
71038  5.002  13.852  21.902 0.0000000000
71039  4.348  13.739  21.593 0.0000000000
71040  3.275  13.603  21.750 0.0000000000
71047  3.763  14.008  21.063 0.0000000000
71594  11.752  15.049  45.105 0.0000000000
71607  1.810  14.052  43.576 0.0000000000
71616  2.231  14.457  42.423 0.0000000000
71624  2.972  13.681  40.883 0.0000000000
71625  2.712  14.306  41.346 0.0000000000
71628  3.261  14.339  40.236 0.0000000000
71629  2.922  14.750  40.605 0.0000000000
71631  4.076  13.801  38.838 0.0000000000
71632  3.871  14.554  39.078 0.0000000000
71637  4.474  14.389  38.231 0.0000000000
71638  4.194  14.858  38.507 0.0000000000
71645  5.387  14.121  36.952 0.0000000000
71646  4.941  14.474  37.523 0.0000000000
71654  5.646  14.176  35.954 0.0000000000
71662  5.648  14.101  34.925 0.0000000000
71671  5.774  13.931  34.116 0.0000000000
71680  6.402  13.729  32.724 0.0000000000
71681  6.004  14.146  33.243 0.0000000000
71690  6.439  14.265  32.286 0.0000000000
71691  5.964  14.719  32.714 0.0000000000
71700  7.407  14.046  30.661 0.0000000000
71701  6.955  14.349  31.387 0.0000000000
71709  7.539  14.324  29.926 0.0000000000
71710  7.175  14.729  30.672 0.0000000000
71720  7.657  14.301  29.097 0.0000000000
71728  7.651  14.482  28.348 0.0000000000
71737  7.619  14.590  27.536 0.0000000000
71745  7.500  14.654  26.776 0.0000000000
71754  7.309  14.649  26.105 0.0000000000
71755  6.965  14.674  25.350 0.0000000000
71781  6.648  14.905  24.597 0.0000000000
71800  6.327  14.723  23.820 0.0000000000
71804  6.035  14.610  22.757 0.0000000000
71805  5.721  14.162  22.468 0.0000000000
71810  5.961  14.986  22.124 0.0000000000
71811  5.504  14.516  21.763 0.0000000000
71812  4.907  14.146  21.476 0.0000000000
71818  5.313  14.913  21.077 0.0000000000
71819  4.661  14.602  20.812 0.0000000000
71820  3.504  14.531  20.578 0.0000000000
71828  4.523  15.131  20.317 0.0000000000
71829  4.017  15.049  20.153 0.0000000000
72335  12.350  15.666  45.962 0.0000000000
72336  11.904  15.458  46.545 0.0000000000
72337  11.167  15.236  47.138 0.0000000000
72338  10.079  15.071  47.562 0.0000000000
72339  8.802  15.255  47.788 0.0000000000
72340  7.619  15.489  48.096 0.0000000000
72341  6.423  15.560  48.544 0.0000000000
72342  5.209  15.865  48.750 0.0000000000
72343  4.040  16.269  48.709 0.0000000000
72344  3.147  16.522  48.321 0.0000000000
72345  2.579  16.327  47.990 0.0000000000
72347  12.168  15.496  45.065 0.0000000000
72348  11.767  15.251  45.624 0.0000000000
72349  11.085  15.153  45.821 0.0000000000
72355  -0.673  14.930  44.967 0.0000000000
72356  -0.886  15.125  45.382 0.0000000000
72362  1.263  14.921  43.670 0.0000000000
72363  0.143  15.113  44.389 0.0000000000
72364  -0.940  15.639  44.715 0.0000000000
72365  -1.099  15.716  45.273 0.0000000000
72372  1.736  15.410  42.702 0.0000000000
72373  0.949  15.780  43.277 0.0000000000
72378  2.263  15.392  41.622 0.0000000000
72380  3.058  14.973  40.285 0.0000000000
72381  2.682  15.388  40.577 0.0000000000
72383  3.261  15.366  39.685 0.0000000000
72384  2.792  15.775  40.019 0.0000000000
72386  4.345  15.010  38.209 0.0000000000
72387  3.965  15.432  38.515 0.0000000000
72392  5.135  14.790  37.185 0.0000000000
72393  4.678  15.329  37.614 0.0000000000
72394  4.204  15.774  37.987 0.0000000000
72399  5.406  15.169  36.622 0.0000000000
72400  5.037  15.717  37.014 0.0000000000
72405  5.614  15.059  35.417 0.0000000000
72407  5.537  14.873  34.212 0.0000000000
72410  5.582  15.134  33.143 0.0000000000
72416  6.437  14.831  31.775 0.0000000000
72417  5.893  15.294  32.164 0.0000000000
72423  6.505  15.376  31.224 0.0000000000
72424  5.914  15.775  31.625 0.0000000000
72430  7.501  14.776  29.535 0.0000000000
72431  7.152  15.388  30.013 0.0000000000
72441  7.506  15.052  29.058 0.0000000000
72442  7.171  15.801  29.060 0.0000000000
72452  7.471  15.441  28.203 0.0000000000
72453  7.198  15.988  28.565 0.0000000000
72463  7.467  15.316  27.259 0.0000000000
72474  7.270  15.416  26.505 0.0000000000
72475  6.873  15.858  25.952 0.0000000000
72489  7.105  15.247  25.781 0.0000000000
72490  6.785  15.666  25.106 0.0000000000
72519  6.490  15.641  24.119 0.0000000000
72538  6.309  15.520  23.176 0.0000000000
72543  6.166  15.376  22.414 0.0000000000
72547  5.935  15.534  21.618 0.0000000000
72548  5.554  15.119  21.260 0.0000000000
72552  5.868  16.029  21.083 0.0000000000
72553  5.377  15.566  20.655 0.0000000000
72554  4.807  15.220  20.402 0.0000000000
72561  5.149  16.013  20.027 0.0000000000
72562  4.569  15.667  19.967 0.0000000000
73060  11.975  16.101  46.225 0.0000000000
73061  11.617  16.127  46.882 0.0000000000
73062  10.645  16.143  47.251 0.0000000000
73063  9.620  16.341  47.711 0.0000000000
73064  8.490  16.815  48.133 0.0000000000
73065  7.274  16.874  48.397 0.0000000000
73066  6.041  17.173  48.371 0.0000000000
73067  4.536  17.633  47.940 0.0000000000
73068  3.475  17.082  47.515 0.0000000000
73069  2.750  16.430  47.127 0.0000000000
73071  0.468  15.671  47.128 0.0000000000
73072  -0.369  15.292  46.854 0.0000000000
73073  12.465  16.369  45.516 0.0000000000
73074  12.132  16.815  46.326 0.0000000000
73075  11.177  16.888  46.641 0.0000000000
73076  10.266  17.187  47.131 0.0000000000
73077  9.300  17.412  47.469 0.0000000000
73078  4.221  18.047  46.618 0.0000000000
73079  3.755  17.637  46.373 0.0000000000
73080  2.970  17.083  46.011 0.0000000000
73081  1.873  16.757  45.944 0.0000000000
73082  0.572  16.524  45.913 0.0000000000
73083  -0.751  16.245  45.706 0.0000000000
73085  12.310  16.265  44.259 0.0000000000
73086  -0.402  16.383  43.605 0.0000000000
73087  -0.950  16.459  43.903 0.0000000000
73088  -1.236  16.375  44.623 0.0000000000
73091  1.201  16.579  42.499 0.0000000000
73092  0.169  16.615  43.133 0.0000000000
73093  -0.685  16.921  43.171 0.0000000000
73097  1.890  16.428  41.766 0.0000000000
73099  2.178  16.279  40.948 0.0000000000
73102  2.860  16.058  39.665 0.0000000000
73103  2.439  16.301  40.176 0.0000000000
73106  3.248  16.270  38.993 0.0000000000
73107  2.595  16.564  39.479 0.0000000000
73110  4.332  16.076  37.712 0.0000000000
73111  3.802  16.258  38.158 0.0000000000
73114  5.219  15.982  36.631 0.0000000000
73115  4.746  16.374  37.150 0.0000000000
73116  4.138  16.645  37.649 0.0000000000
73119  5.501  15.973  35.907 0.0000000000
73120  5.206  16.657  36.392 0.0000000000
73124  5.462  15.926  34.866 0.0000000000
73125  5.318  16.811  35.469 0.0000000000
73129  5.247  15.874  33.809 0.0000000000
73130  5.068  16.733  34.442 0.0000000000
73134  5.243  15.969  32.807 0.0000000000
73135  4.825  16.616  33.450 0.0000000000
73138  5.965  16.079  31.302 0.0000000000
73139  5.410  16.302  31.837 0.0000000000
73140  4.846  16.655  32.571 0.0000000000
73143  6.302  16.270  30.631 0.0000000000
73144  5.699  16.526  31.157 0.0000000000
73150  6.677  16.341  29.704 0.0000000000
73157  7.185  16.143  28.191 0.0000000000
73158  6.830  16.501  28.772 0.0000000000
73165  7.244  15.971  27.543 0.0000000000
73166  6.826  16.614  27.854 0.0000000000
73177  7.251  15.774  27.016 0.0000000000
73178  6.811  16.369  26.789 0.0000000000
73197  6.431  16.722  25.612 0.0000000000
73223  6.445  16.588  24.519 0.0000000000
73240  6.457  16.494  23.527 0.0000000000
73248  6.363  16.327  22.427 0.0000000000
73253  6.145  16.572  21.404 0.0000000000
73257  5.820  16.533  20.726 0.0000000000
73258  5.462  16.484  20.178 0.0000000000
73264  4.921  16.549  19.702 0.0000000000
73780  7.800  17.656  48.028 0.0000000000
73781  6.974  18.308  47.670 0.0000000000
73782  5.647  18.474  47.518 0.0000000000
73783  4.741  18.565  46.649 0.0000000000
73784  12.160  16.930  45.520 0.0000000000
73785  11.484  17.017  45.487 0.0000000000
73786  10.348  17.010  45.651 0.0000000000
73787  9.275  17.416  46.167 0.0000000000
73788  8.074  18.102  46.753 0.0000000000
73789  7.291  18.762  46.933 0.0000000000
73790  4.040  18.379  45.539 0.0000000000
73791  3.288  17.729  45.064 0.0000000000
73792  2.194  17.520  44.843 0.0000000000
73793  0.908  17.373  44.736 0.0000000000
73794  -0.339  17.193  44.629 0.0000000000
73795  -1.176  16.980  44.469 0.0000000000
73797  12.072  17.093  44.425 0.0000000000
73798  10.828  17.533  44.160 0.0000000000
73799  9.533  17.513  44.591 0.0000000000
73800  8.442  17.827  45.069 0.0000000000
73801  7.861  18.109  45.362 0.0000000000
73802  3.498  18.400  44.474 0.0000000000
73803  2.661  18.134  44.069 0.0000000000
73804  1.365  18.085  43.879 0.0000000000
73805  0.153  17.856  43.693 0.0000000000
73806  -0.893  17.505  43.482 0.0000000000
73807  -1.515  16.908  43.970 0.0000000000
73810  11.620  17.956  43.355 0.0000000000
73811  10.972  18.061  43.360 0.0000000000
73812  3.241  17.991  42.003 0.0000000000
73813  1.971  17.594  41.982 0.0000000000
73814  0.642  17.465  42.592 0.0000000000
73815  -0.344  17.505  42.821 0.0000000000
73820  3.928  18.576  40.424 0.0000000000
73821  3.622  17.880  41.054 0.0000000000
73822  2.177  17.243  41.093 0.0000000000
73827  3.478  18.349  40.385 0.0000000000
73828  2.806  17.769  40.698 0.0000000000
73829  2.038  17.083  40.589 0.0000000000
73830  1.111  17.165  40.166 0.0000000000
73831  0.170  17.171  39.905 0.0000000000
73832  -0.604  17.156  39.699 0.0000000000
73835  1.932  16.920  39.766 0.0000000000
73836  1.105  17.242  39.448 0.0000000000
73837  0.062  17.264  39.301 0.0000000000
73838  -0.874  17.192  39.187 0.0000000000
73839  -1.567  17.237  38.991 0.0000000000
73842  3.264  16.683  38.464 0.0000000000
73843  2.422  17.116  38.745 0.0000000000
73844  1.038  17.473  38.606 0.0000000000
73845  -0.130  17.393  38.614 0.0000000000
73846  -1.053  17.322  38.499 0.0000000000
73847  -1.750  17.444  38.394 0.0000000000
73851  3.457  16.983  37.969 0.0000000000
73852  2.867  17.608  37.689 0.0000000000
73853  0.547  17.583  38.037 0.0000000000
73854  -0.268  17.541  37.863 0.0000000000
73855  -1.183  17.533  37.753 0.0000000000
73856  -1.761  17.686  37.735 0.0000000000
73860  4.765  16.997  36.733 0.0000000000
73861  4.055  17.366  37.073 0.0000000000
73862  2.945  17.888  36.695 0.0000000000
73866  4.805  17.377  36.160 0.0000000000
73867  3.901  17.825  35.935 0.0000000000
73868  2.791  17.893  35.653 0.0000000000
73872  4.684  17.517  35.123 0.0000000000
73873  3.697  17.813  34.859 0.0000000000
73874  2.630  17.890  34.677 0.0000000000
73877  4.361  17.279  34.106 0.0000000000
73878  3.459  17.683  33.796 0.0000000000
73879  2.487  17.944  33.924 0.0000000000
73883  4.274  17.163  33.061 0.0000000000
73884  3.646  17.655  32.747 0.0000000000
73887  5.303  16.794  31.357 0.0000000000
73888  4.593  17.220  31.801 0.0000000000
73889  3.683  17.873  32.014 0.0000000000
73892  6.230  16.767  30.161 0.0000000000
73893  5.538  17.058  30.664 0.0000000000
73894  4.648  17.673  30.741 0.0000000000
73899  6.168  17.173  29.552 0.0000000000
73900  5.174  17.780  29.868 0.0000000000
73901  4.528  17.985  30.187 0.0000000000
73908  6.321  17.263  28.448 0.0000000000
73909  5.670  17.818  29.001 0.0000000000
73918  6.300  17.272  27.443 0.0000000000
73919  5.746  17.897  28.061 0.0000000000
73932  6.163  17.375  26.476 0.0000000000
73933  5.739  17.990  27.106 0.0000000000
73958  5.897  17.756  25.682 0.0000000000
73959  5.678  18.069  26.330 0.0000000000
73978  6.060  17.524  24.867 0.0000000000
73991  6.286  17.490  23.957 0.0000000000
73996  6.589  17.449  22.974 0.0000000000
74003  6.550  17.467  21.886 0.0000000000
74017  6.278  17.598  20.662 0.0000000000
74018  5.795  16.985  20.336 0.0000000000
74036  6.147  17.918  19.905 0.0000000000
74037  5.618  17.357  19.769 0.0000000000
74556  6.965  19.063  46.965 0.0000000000
74557  6.280  19.247  46.811 0.0000000000
74558  5.394  19.134  46.405 0.0000000000
74559  7.539  18.312  45.547 0.0000000000
74560  6.867  18.780  45.876 0.0000000000
74561  5.655  19.600  45.249 0.0000000000
74562  4.726  19.338  45.359 0.0000000000
74563  10.629  18.102  43.374 0.0000000000
74564  9.992  18.116  43.453 0.0000000000
74565  8.847  18.179  43.675 0.0000000000
74566  7.589  18.419  44.233 0.0000000000
74567  6.284  19.358  43.942 0.0000000000
74568  5.612  19.984  44.330 0.0000000000
74569  3.915  19.229  44.563 0.0000000000
74570  3.414  18.798  43.555 0.0000000000
74571  1.988  18.377  43.247 0.0000000000
74572  0.635  18.386  43.126 0.0000000000
74573  -0.316  18.309  43.059 0.0000000000
74577  10.803  18.745  42.682 0.0000000000
74578  9.486  18.785  42.620 0.0000000000
74579  8.381  18.854  42.629 0.0000000000
74580  7.241  19.182  42.471 0.0000000000
74581  6.478  19.447  42.873 0.0000000000
74582  2.937  18.398  42.701 0.0000000000
74583  1.175  17.909  42.835 0.0000000000
74584  -0.122  17.845  42.795 0.0000000000
74585  -0.567  17.986  42.794 0.0000000000
74587  9.989  19.460  41.926 0.0000000000
74588  9.026  19.379  41.575 0.0000000000
74589  8.179  19.325  41.519 0.0000000000
74590  7.662  19.484  41.207 0.0000000000
74591  3.447  19.550  41.850 0.0000000000
74595  8.505  19.646  40.883 0.0000000000
74596  8.150  19.557  40.636 0.0000000000
74597  7.790  19.559  40.408 0.0000000000
74598  2.943  18.702  40.362 0.0000000000
74599  2.584  17.738  41.109 0.0000000000
74600  1.407  17.565  40.761 0.0000000000
74601  0.296  17.429  40.383 0.0000000000
74602  -0.536  17.246  40.081 0.0000000000
74605  8.477  19.689  40.326 0.0000000000
74606  8.130  19.574  40.026 0.0000000000
74607  7.775  19.547  39.978 0.0000000000
74608  3.045  19.030  41.377 0.0000000000
74609  1.877  18.131  41.501 0.0000000000
74610  0.613  17.924  40.915 0.0000000000
74611  -0.610  17.715  40.326 0.0000000000
74612  -1.388  17.345  39.657 0.0000000000
74613  -2.091  17.474  38.987 0.0000000000
74616  1.957  17.640  38.067 0.0000000000
74617  1.285  17.662  37.847 0.0000000000
74618  -2.127  17.817  38.192 0.0000000000
74622  1.972  17.792  37.319 0.0000000000
74623  0.797  17.690  37.227 0.0000000000
74624  -0.391  17.653  36.996 0.0000000000
74625  -1.329  17.793  36.988 0.0000000000
74626  -1.919  18.057  37.278 0.0000000000
74629  1.803  17.789  36.403 0.0000000000
74630  0.579  17.651  36.192 0.0000000000
74631  -0.657  17.592  36.036 0.0000000000
74632  -1.610  18.085  36.108 0.0000000000
74633  -1.876  18.342  36.909 0.0000000000
74637  1.633  17.798  35.418 0.0000000000
74638  0.376  17.646  35.180 0.0000000000
74639  -0.895  17.470  34.927 0.0000000000
74640  -1.807  17.971  34.502 0.0000000000
74641  -2.099  18.180  33.801 0.0000000000
74645  1.543  17.918  34.458 0.0000000000
74646  0.293  17.854  34.125 0.0000000000
74647  -0.969  17.655  33.730 0.0000000000
74648  -1.863  17.800  33.377 0.0000000000
74649  -2.143  18.218  33.297 0.0000000000
74652  2.879  17.939  33.287 0.0000000000
74653  1.729  18.140  33.391 0.0000000000
74654  0.243  18.044  32.986 0.0000000000
74655  -1.045  17.770  32.593 0.0000000000
74656  -2.049  18.134  32.475 0.0000000000
74657  -2.107  18.418  33.097 0.0000000000
74660  2.821  18.095  32.555 0.0000000000
74661  1.611  18.255  32.253 0.0000000000
74662  0.150  18.095  31.817 0.0000000000
74663  -1.157  17.937  31.436 0.0000000000
74664  -1.825  18.545  31.355 0.0000000000
74666  4.037  17.888  31.358 0.0000000000
74667  3.019  18.317  31.531 0.0000000000
74668  1.561  18.515  31.203 0.0000000000
74669  -0.047  18.566  30.666 0.0000000000
74670  -1.336  18.515  30.661 0.0000000000
74671  -1.762  18.870  30.804 0.0000000000
74676  3.949  18.157  30.633 0.0000000000
74677  2.944  18.687  30.424 0.0000000000
74678  1.522  18.960  30.376 0.0000000000
74679  0.594  19.066  30.134 0.0000000000
74684  5.089  18.089  29.282 0.0000000000
74685  4.300  18.437  29.570 0.0000000000
74686  3.302  18.968  29.560 0.0000000000
74693  5.110  18.307  28.687 0.0000000000
74694  4.488  18.904  28.482 0.0000000000
74705  5.156  18.613  27.695 0.0000000000
74706  4.597  19.268  27.723 0.0000000000
74723  5.283  18.651  26.695 0.0000000000
74745  5.683  18.225  25.142 0.0000000000
74746  5.405  18.616  25.782 0.0000000000
74760  5.866  18.477  24.428 0.0000000000
74761  5.456  18.839  25.065 0.0000000000
74771  6.379  18.453  23.501 0.0000000000
74774  7.113  19.059  21.769 0.0000000000
74775  6.790  18.567  22.445 0.0000000000
74786  7.210  19.108  21.158 0.0000000000
74787  6.832  18.417  21.419 0.0000000000
74801  7.255  19.268  20.719 0.0000000000
74802  6.897  18.795  20.589 0.0000000000
74816  6.521  18.493  19.967 0.0000000000
74817  5.947  18.381  19.375 0.0000000000
75274  5.178  20.414  44.359 0.0000000000
75275  4.838  20.176  44.623 0.0000000000
75276  6.023  19.784  43.015 0.0000000000
75277  5.500  20.354  43.613 0.0000000000
75278  4.313  20.139  44.445 0.0000000000
75279  3.741  20.125  43.924 0.0000000000
75280  -0.662  20.184  44.095 0.0000000000
75281  -0.904  20.300  44.238 0.0000000000
75286  7.050  19.535  41.570 0.0000000000
75287  6.424  19.715  42.198 0.0000000000
75288  5.676  20.302  42.553 0.0000000000
75289  3.636  20.073  43.017 0.0000000000
75290  0.255  19.477  43.437 0.0000000000
75291  -0.490  19.768  43.768 0.0000000000
75292  -1.148  20.040  44.090 0.0000000000
75297  7.306  19.689  40.834 0.0000000000
75298  6.589  19.945  41.303 0.0000000000
75299  5.987  20.182  41.819 0.0000000000
75300  1.429  19.048  42.372 0.0000000000
75301  0.806  19.107  43.013 0.0000000000
75302  -0.600  19.121  43.167 0.0000000000
75303  -1.487  19.763  43.431 0.0000000000
75306  8.881  19.908  40.694 0.0000000000
75307  7.458  19.657  40.169 0.0000000000
75308  6.902  19.909  40.483 0.0000000000
75309  1.509  18.870  41.927 0.0000000000
75310  0.751  18.707  41.855 0.0000000000
75311  -0.645  19.254  41.967 0.0000000000
75312  -1.237  19.460  42.765 0.0000000000
75316  8.624  20.442  39.873 0.0000000000
75317  7.640  20.001  39.532 0.0000000000
75318  7.154  19.871  39.983 0.0000000000
75319  2.128  19.399  41.900 0.0000000000
75320  1.083  18.443  41.604 0.0000000000
75321  -0.280  18.811  40.489 0.0000000000
75322  -1.512  18.086  39.782 0.0000000000
75323  -2.007  17.710  39.420 0.0000000000
75327  8.190  20.519  38.986 0.0000000000
75328  4.935  21.022  40.405 0.0000000000
75329  -0.708  19.391  39.450 0.0000000000
75330  -1.339  19.050  39.179 0.0000000000
75331  -2.205  18.252  38.880 0.0000000000
75336  -2.005  19.205  38.176 0.0000000000
75337  -2.149  18.440  37.788 0.0000000000
75342  -1.798  18.924  36.983 0.0000000000
75343  -2.023  18.431  37.224 0.0000000000
75347  -1.112  19.761  35.221 0.0000000000
75348  -1.635  19.116  35.364 0.0000000000
75349  -2.036  18.587  34.278 0.0000000000
75354  -1.344  19.672  34.557 0.0000000000
75355  -1.931  19.141  34.161 0.0000000000
75356  -2.128  18.594  33.685 0.0000000000
75362  -1.634  19.634  33.834 0.0000000000
75363  -1.936  19.012  33.218 0.0000000000
75364  -2.128  18.536  33.335 0.0000000000
75373  -1.884  19.096  32.139 0.0000000000
75383  -0.943  18.798  30.237 0.0000000000
75384  -1.632  19.305  30.323 0.0000000000
75385  -1.882  19.321  31.233 0.0000000000
75395  2.451  19.165  29.846 0.0000000000
75396  1.303  19.551  29.674 0.0000000000
75397  -0.524  19.317  29.861 0.0000000000
75398  -1.553  19.737  29.765 0.0000000000
75406  3.810  19.158  29.004 0.0000000000
75407  2.824  19.690  29.093 0.0000000000
75408  1.969  19.884  29.227 0.0000000000
75419  3.839  19.729  28.213 0.0000000000
75420  3.172  19.941  28.458 0.0000000000
75436  4.882  19.177  27.086 0.0000000000
75437  4.493  19.908  27.119 0.0000000000
75453  4.935  19.529  26.265 0.0000000000
75454  4.685  20.069  26.482 0.0000000000
75473  5.242  19.394  25.454 0.0000000000
75486  6.039  19.278  23.928 0.0000000000
75487  5.554  19.628  24.695 0.0000000000
75494  6.568  19.492  23.203 0.0000000000
75503  7.318  19.579  21.521 0.0000000000
75504  7.084  19.756  22.256 0.0000000000
75523  7.453  19.679  20.935 0.0000000000
75539  7.283  19.542  20.204 0.0000000000
75540  6.879  19.038  20.023 0.0000000000
75553  7.280  19.855  19.670 0.0000000000
75554  6.709  19.358  19.348 0.0000000000
76024  4.681  20.721  44.228 0.0000000000
76025  4.485  20.580  44.306 0.0000000000
76026  4.838  20.998  43.797 0.0000000000
76027  4.187  20.935  43.934 0.0000000000
76028  3.794  20.730  43.564 0.0000000000
76029  -0.682  20.654  44.159 0.0000000000
76030  -1.187  20.584  44.297 0.0000000000
76034  5.056  20.999  42.942 0.0000000000
76035  0.428  20.297  43.596 0.0000000000
76036  -0.172  20.527  43.950 0.0000000000
76037  -1.817  20.486  44.029 0.0000000000
76043  6.018  20.301  41.419 0.0000000000
76044  5.294  20.751  41.759 0.0000000000
76045  1.107  20.080  43.185 0.0000000000
76046  -2.057  20.641  43.277 0.0000000000
76049  6.177  20.310  40.891 0.0000000000
76050  -1.059  20.539  41.276 0.0000000000
76051  -1.612  20.346  42.432 0.0000000000
76054  7.035  20.384  39.122 0.0000000000
76055  6.515  20.235  39.845 0.0000000000
76056  0.189  20.612  39.625 0.0000000000
76057  -0.341  20.219  40.414 0.0000000000
76059  7.513  20.970  38.590 0.0000000000
76060  6.463  20.737  38.866 0.0000000000
76061  5.326  20.881  39.688 0.0000000000
76062  0.325  20.601  38.770 0.0000000000
76063  -0.424  19.962  39.271 0.0000000000
76064  -0.989  19.664  39.095 0.0000000000
76068  0.153  20.824  37.722 0.0000000000
76069  -0.762  20.467  38.135 0.0000000000
76070  -1.318  19.858  38.553 0.0000000000
76074  0.124  20.915  36.707 0.0000000000
76075  -0.912  20.603  37.079 0.0000000000
76076  -1.643  20.027  37.563 0.0000000000
76079  1.324  20.794  35.255 0.0000000000
76080  0.506  20.641  35.719 0.0000000000
76081  -0.765  20.167  35.958 0.0000000000
76082  -1.382  19.791  36.608 0.0000000000
76085  1.552  20.960  34.536 0.0000000000
76086  0.540  20.514  34.638 0.0000000000
76087  -0.467  20.057  34.995 0.0000000000
76093  1.743  21.184  33.967 0.0000000000
76094  0.741  20.848  33.504 0.0000000000
76095  -0.807  20.154  33.799 0.0000000000
76096  -1.567  19.741  33.422 0.0000000000
76102  0.107  21.016  32.220 0.0000000000
76103  -0.835  20.456  32.614 0.0000000000
76104  -1.549  19.820  32.852 0.0000000000
76111  -0.769  20.880  30.928 0.0000000000
76112  -1.379  20.279  31.330 0.0000000000
76113  -1.589  19.849  31.997 0.0000000000
76122  -0.105  19.811  29.342 0.0000000000
76123  -1.453  20.446  29.586 0.0000000000
76124  -1.681  20.248  30.310 0.0000000000
76138  2.191  20.004  28.946 0.0000000000
76139  1.173  20.130  29.017 0.0000000000
76140  -0.764  20.123  28.964 0.0000000000
76141  -1.684  20.265  28.996 0.0000000000
76142  -2.170  20.501  28.950 0.0000000000
76156  3.279  20.098  28.108 0.0000000000
76157  2.440  20.265  28.360 0.0000000000
76158  0.711  20.802  28.210 0.0000000000
76159  -0.959  20.583  28.315 0.0000000000
76160  -1.801  20.660  28.547 0.0000000000
76161  -2.215  20.739  28.745 0.0000000000
76176  3.441  20.585  27.444 0.0000000000
76177  2.185  20.971  27.670 0.0000000000
76178  1.395  21.289  27.697 0.0000000000
76193  4.782  20.173  26.171 0.0000000000
76194  4.446  20.703  26.433 0.0000000000
76214  5.073  20.464  25.579 0.0000000000
76215  4.725  21.105  25.910 0.0000000000
76233  6.088  20.389  23.911 0.0000000000
76234  5.564  20.683  24.701 0.0000000000
76241  6.733  20.568  22.982 0.0000000000
76259  7.431  20.403  21.464 0.0000000000
76260  7.124  20.742  22.236 0.0000000000
76278  7.582  20.373  20.545 0.0000000000
76293  7.517  20.240  19.906 0.0000000000
76303  7.347  20.374  19.256 0.0000000000
76304  6.860  20.063  18.822 0.0000000000
76316  7.149  20.766  18.423 0.0000000000
76328  7.105  21.181  17.981 0.0000000000
76764  -0.937  21.086  44.208 0.0000000000
76765  -1.471  21.190  44.194 0.0000000000
76766  0.383  21.153  43.635 0.0000000000
76767  -0.343  21.382  43.899 0.0000000000
76768  -1.909  21.385  43.652 0.0000000000
76771  1.942  21.250  42.788 0.0000000000
76772  1.131  21.280  43.270 0.0000000000
76773  -2.030  21.598  42.729 0.0000000000
76776  0.285  21.815  40.186 0.0000000000
76777  -0.348  21.531  40.513 0.0000000000
76778  -1.521  21.766  41.630 0.0000000000
76780  0.575  21.443  39.655 0.0000000000
76781  0.105  20.951  40.029 0.0000000000
76782  6.716  21.364  38.237 0.0000000000
76783  5.879  21.373  38.500 0.0000000000
76784  5.036  21.807  38.936 0.0000000000
76785  1.127  21.258  38.463 0.0000000000
76789  6.369  21.938  37.792 0.0000000000
76790  5.674  22.036  38.094 0.0000000000
76791  1.623  21.679  36.912 0.0000000000
76792  1.140  21.319  37.369 0.0000000000
76798  1.826  21.654  36.301 0.0000000000
76799  1.171  21.123  36.525 0.0000000000
76807  2.049  21.410  35.395 0.0000000000
76808  1.478  21.009  35.890 0.0000000000
76815  2.596  21.927  34.128 0.0000000000
76816  2.275  21.572  34.444 0.0000000000
76827  2.684  22.085  33.808 0.0000000000
76828  2.033  21.583  33.388 0.0000000000
76829  1.071  21.234  32.927 0.0000000000
76842  1.819  21.785  32.468 0.0000000000
76843  1.220  21.437  32.539 0.0000000000
76857  1.766  22.017  31.989 0.0000000000
76858  0.877  21.497  31.621 0.0000000000
76870  -0.258  21.279  30.571 0.0000000000
76883  -0.998  21.335  29.985 0.0000000000
76884  -1.563  21.043  29.729 0.0000000000
76885  -2.150  20.895  29.421 0.0000000000
76895  -0.400  21.146  27.846 0.0000000000
76896  -1.286  21.284  28.053 0.0000000000
76897  -2.036  21.118  28.596 0.0000000000
76898  -2.462  20.990  29.009 0.0000000000
76905  2.844  21.377  27.179 0.0000000000
76906  1.938  21.768  27.350 0.0000000000
76907  0.536  21.667  27.546 0.0000000000
76908  -0.594  21.746  27.655 0.0000000000
76922  3.559  21.705  26.557 0.0000000000
76923  2.722  21.938  26.879 0.0000000000
76937  4.797  21.695  25.504 0.0000000000
76938  4.362  21.554  26.059 0.0000000000
76955  5.786  21.610  24.328 0.0000000000
76956  5.318  21.376  25.001 0.0000000000
76975  6.382  21.514  23.488 0.0000000000
76994  7.309  21.477  21.796 0.0000000000
76995  6.856  21.542  22.623 0.0000000000
77008  7.623  21.330  20.896 0.0000000000
77017  7.700  21.166  19.885 0.0000000000
77023  7.588  21.411  18.899 0.0000000000
77026  7.379  21.602  18.110 0.0000000000
77557  -0.995  21.572  44.033 0.0000000000
77558  -1.377  21.791  43.834 0.0000000000
77559  2.529  23.537  43.123 0.0000000000
77560  1.883  23.176  43.145 0.0000000000
77561  0.675  22.301  43.328 0.0000000000
77562  -0.709  22.241  43.622 0.0000000000
77563  -1.471  22.332  43.278 0.0000000000
77564  2.835  22.753  43.068 0.0000000000
77565  1.672  22.126  43.034 0.0000000000
77566  1.206  21.913  43.170 0.0000000000
77567  -0.821  23.156  41.971 0.0000000000
77568  -1.340  22.700  42.253 0.0000000000
77569  0.435  22.486  40.353 0.0000000000
77570  -0.696  22.686  41.489 0.0000000000
77571  -1.338  22.475  41.762 0.0000000000
77572  4.270  22.447  41.063 0.0000000000
77573  1.987  23.237  38.642 0.0000000000
77574  1.509  22.539  39.088 0.0000000000
77575  4.907  22.696  38.904 0.0000000000
77576  4.614  22.914  39.688 0.0000000000
77577  2.173  22.901  38.077 0.0000000000
77578  1.739  21.998  37.909 0.0000000000
77580  6.726  22.564  37.296 0.0000000000
77581  5.962  22.700  37.467 0.0000000000
77582  5.353  22.635  38.172 0.0000000000
77583  2.145  22.379  37.021 0.0000000000
77584  1.713  21.836  37.308 0.0000000000
77589  6.377  22.989  37.058 0.0000000000
77590  6.087  23.079  37.123 0.0000000000
77591  2.229  22.313  35.954 0.0000000000
77598  2.559  22.765  34.919 0.0000000000
77599  2.464  22.361  35.081 0.0000000000
77603  2.690  22.564  34.409 0.0000000000
77604  2.553  22.111  34.521 0.0000000000
77612  2.831  22.466  33.308 0.0000000000
77613  2.360  21.959  32.872 0.0000000000
77620  2.854  22.813  32.354 0.0000000000
77621  2.347  22.212  32.377 0.0000000000
77630  2.836  23.019  31.833 0.0000000000
77631  1.973  22.371  31.334 0.0000000000
77632  0.852  21.612  30.932 0.0000000000
77639  1.282  22.604  30.083 0.0000000000
77640  0.433  21.826  30.312 0.0000000000
77645  0.885  22.891  29.528 0.0000000000
77646  -0.502  22.230  29.336 0.0000000000
77647  -1.748  21.458  29.225 0.0000000000
77648  -2.168  21.245  29.191 0.0000000000
77655  -0.969  22.333  28.017 0.0000000000
77656  -1.559  21.664  28.681 0.0000000000
77657  -2.077  21.361  28.956 0.0000000000
77666  2.152  22.336  26.889 0.0000000000
77667  1.104  22.507  26.957 0.0000000000
77668  -0.240  22.473  27.220 0.0000000000
77681  3.449  22.424  26.225 0.0000000000
77682  2.750  22.608  26.452 0.0000000000
77683  1.847  22.818  26.611 0.0000000000
77696  4.627  22.378  25.306 0.0000000000
77697  3.997  22.515  25.783 0.0000000000
77698  3.234  22.878  26.056 0.0000000000
77721  5.608  22.340  24.296 0.0000000000
77722  5.097  22.431  24.768 0.0000000000
77723  4.445  22.850  25.154 0.0000000000
77743  5.956  22.506  23.826 0.0000000000
77744  5.436  22.786  24.204 0.0000000000
77758  7.007  22.517  22.193 0.0000000000
77759  6.515  22.445  23.034 0.0000000000
77768  7.478  22.353  21.303 0.0000000000
77773  7.711  22.270  20.360 0.0000000000
77776  7.788  22.307  19.386 0.0000000000
77779  7.765  22.376  18.421 0.0000000000
77782  7.443  22.403  17.378 0.0000000000
78303  2.886  24.027  42.934 0.0000000000
78304  2.144  24.055  43.002 0.0000000000
78305  1.022  23.947  42.867 0.0000000000
78306  -0.244  23.020  43.099 0.0000000000
78307  -0.902  22.715  43.277 0.0000000000
78308  4.049  24.049  42.039 0.0000000000
78309  3.506  23.781  42.671 0.0000000000
78310  0.631  24.286  42.103 0.0000000000
78311  -0.298  23.463  42.327 0.0000000000
78312  -0.928  22.935  42.896 0.0000000000
78313  4.352  23.895  41.112 0.0000000000
78314  0.282  23.724  41.289 0.0000000000
78315  -0.449  23.310  41.807 0.0000000000
78316  4.469  23.681  40.001 0.0000000000
78317  1.823  23.734  39.114 0.0000000000
78318  1.151  23.604  40.070 0.0000000000
78319  5.135  23.116  38.301 0.0000000000
78320  4.808  23.633  38.694 0.0000000000
78321  2.296  23.760  38.325 0.0000000000
78324  5.874  23.189  37.215 0.0000000000
78325  5.423  23.541  37.556 0.0000000000
78326  4.986  24.080  37.937 0.0000000000
78327  2.860  24.162  36.922 0.0000000000
78328  2.649  23.633  37.312 0.0000000000
78333  6.071  23.500  36.869 0.0000000000
78334  5.691  23.915  36.944 0.0000000000
78335  2.770  23.848  36.377 0.0000000000
78336  2.522  23.058  36.274 0.0000000000
78343  2.613  23.294  35.284 0.0000000000
78344  2.456  22.785  35.653 0.0000000000
78351  2.851  23.447  34.152 0.0000000000
78361  2.993  23.563  33.131 0.0000000000
78372  3.043  23.602  32.281 0.0000000000
78385  2.880  23.461  31.519 0.0000000000
78386  2.329  23.411  30.698 0.0000000000
78398  1.551  23.566  29.966 0.0000000000
78409  0.674  23.484  29.203 0.0000000000
78410  -0.257  23.380  28.379 0.0000000000
78422  -0.525  23.336  27.409 0.0000000000
78435  1.215  23.050  26.508 0.0000000000
78436  0.176  23.456  26.503 0.0000000000
78437  0.109  24.231  26.069 0.0000000000
78452  2.715  23.170  26.070 0.0000000000
78453  1.751  23.530  26.059 0.0000000000
78454  0.638  24.024  25.867 0.0000000000
78455  0.369  24.417  25.835 0.0000000000
78471  3.903  23.307  25.237 0.0000000000
78472  2.926  23.574  25.594 0.0000000000
78473  2.163  23.829  25.651 0.0000000000
78500  5.030  23.196  24.317 0.0000000000
78501  4.368  23.508  24.630 0.0000000000
78502  3.549  23.851  24.918 0.0000000000
78516  6.095  23.270  23.296 0.0000000000
78517  5.374  23.437  23.820 0.0000000000
78518  4.743  23.727  24.126 0.0000000000
78527  6.874  23.185  22.172 0.0000000000
78528  6.555  23.275  22.646 0.0000000000
78533  7.152  23.304  21.673 0.0000000000
78534  6.723  23.627  22.166 0.0000000000
78537  7.568  23.205  20.816 0.0000000000
78540  7.823  23.281  19.890 0.0000000000
78543  8.134  23.899  18.389 0.0000000000
78544  7.997  23.371  18.891 0.0000000000
78546  8.170  24.112  17.772 0.0000000000
78547  8.039  23.267  17.940 0.0000000000
78549  8.114  24.356  17.273 0.0000000000
78550  7.898  23.693  16.935 0.0000000000
79064  2.490  24.661  42.669 0.0000000000
79065  1.820  24.589  42.619 0.0000000000
79066  1.458  24.500  42.585 0.0000000000
79067  4.120  25.161  41.260 0.0000000000
79068  3.246  25.124  42.214 0.0000000000
79069  2.227  25.320  42.229 0.0000000000
79070  1.510  24.847  42.186 0.0000000000
79071  4.401  24.734  40.320 0.0000000000
79072  1.531  25.161  40.715 0.0000000000
79073  1.141  24.685  41.449 0.0000000000
79074  4.533  24.589  39.262 0.0000000000
79075  1.677  24.623  39.834 0.0000000000
79076  1.132  24.395  40.688 0.0000000000
79077  4.728  24.618  38.256 0.0000000000
79078  2.238  24.586  38.821 0.0000000000
79079  5.476  24.243  37.010 0.0000000000
79080  5.077  24.587  37.405 0.0000000000
79081  2.762  24.612  37.353 0.0000000000
79082  2.549  24.456  38.000 0.0000000000
79085  6.501  23.955  36.478 0.0000000000
79086  5.860  24.419  36.525 0.0000000000
79087  5.374  24.768  36.796 0.0000000000
79088  2.869  24.546  36.622 0.0000000000
79096  6.477  24.580  36.191 0.0000000000
79097  2.800  24.334  35.807 0.0000000000
79104  2.705  24.261  34.874 0.0000000000
79111  2.637  24.507  33.828 0.0000000000
79112  2.403  25.077  33.676 0.0000000000
79118  2.816  24.445  32.775 0.0000000000
79119  2.481  24.992  33.268 0.0000000000
79125  3.058  24.258  32.027 0.0000000000
79126  2.879  24.297  31.291 0.0000000000
79135  2.318  24.413  30.514 0.0000000000
79143  1.465  24.485  29.733 0.0000000000
79144  0.577  24.465  28.815 0.0000000000
79154  -0.168  24.451  27.691 0.0000000000
79155  -0.086  24.919  27.252 0.0000000000
79166  -0.532  23.939  26.966 0.0000000000
79167  -0.206  24.538  26.661 0.0000000000
79182  1.211  24.129  25.695 0.0000000000
79183  0.843  24.619  25.694 0.0000000000
79184  0.201  24.853  25.935 0.0000000000
79202  2.941  24.346  25.055 0.0000000000
79203  1.877  24.400  25.484 0.0000000000
79204  1.201  25.012  25.536 0.0000000000
79226  4.365  24.060  24.218 0.0000000000
79227  3.784  24.525  24.447 0.0000000000
79234  6.173  23.702  22.957 0.0000000000
79235  5.638  24.098  23.209 0.0000000000
79236  4.651  24.438  23.787 0.0000000000
79237  4.122  25.106  23.991 0.0000000000
79241  6.271  24.100  22.570 0.0000000000
79242  5.654  24.703  22.725 0.0000000000
79246  7.247  23.892  21.157 0.0000000000
79247  6.731  24.258  21.771 0.0000000000
79250  7.563  24.101  20.473 0.0000000000
79253  8.098  24.701  19.000 0.0000000000
79254  7.946  24.438  19.411 0.0000000000
79256  8.176  24.679  18.542 0.0000000000
79257  8.099  24.094  18.809 0.0000000000
79259  8.207  24.845  17.611 0.0000000000
79261  8.022  24.786  16.829 0.0000000000
79662  4.103  25.916  40.837 0.0000000000
79663  3.550  26.414  41.019 0.0000000000
79664  2.388  26.605  41.206 0.0000000000
79665  1.974  25.624  41.834 0.0000000000
79666  4.301  25.553  40.516 0.0000000000
79667  4.183  26.318  40.231 0.0000000000
79668  1.864  26.030  40.653 0.0000000000
79669  1.770  25.516  41.407 0.0000000000
79670  4.420  25.487  39.736 0.0000000000
79671  1.785  25.482  40.074 0.0000000000
79673  4.510  25.449  38.745 0.0000000000
79674  2.075  25.307  39.355 0.0000000000
79675  4.692  25.466  37.737 0.0000000000
79676  2.821  25.174  37.051 0.0000000000
79677  2.462  25.623  38.225 0.0000000000
79680  5.511  25.142  36.407 0.0000000000
79681  5.038  25.460  36.797 0.0000000000
79682  2.855  25.115  36.207 0.0000000000
79683  2.684  25.925  36.801 0.0000000000
79689  6.922  25.084  35.876 0.0000000000
79690  5.972  25.324  35.920 0.0000000000
79691  5.386  25.729  36.158 0.0000000000
79692  2.775  24.910  35.425 0.0000000000
79693  2.604  25.761  35.532 0.0000000000
79699  2.580  25.069  34.699 0.0000000000
79700  2.317  25.789  34.472 0.0000000000
79705  2.366  25.192  34.053 0.0000000000
79706  2.254  25.607  33.569 0.0000000000
79711  2.866  24.741  32.318 0.0000000000
79712  2.570  25.351  32.525 0.0000000000
79719  2.929  24.830  31.905 0.0000000000
79720  2.735  25.315  31.319 0.0000000000
79727  2.298  25.363  30.218 0.0000000000
79736  1.481  25.411  29.314 0.0000000000
79737  0.668  25.385  28.422 0.0000000000
79750  0.283  25.437  27.636 0.0000000000
79751  0.044  25.184  26.983 0.0000000000
79765  0.565  25.609  26.952 0.0000000000
79766  0.224  25.178  26.375 0.0000000000
79781  2.635  25.601  25.612 0.0000000000
79782  2.120  25.572  25.752 0.0000000000
79783  0.955  25.473  25.971 0.0000000000
79784  0.360  25.211  26.023 0.0000000000
79799  2.735  25.279  25.088 0.0000000000
79800  1.614  25.151  25.585 0.0000000000
79801  1.176  25.233  25.652 0.0000000000
79814  4.096  25.766  24.078 0.0000000000
79815  3.899  25.499  24.352 0.0000000000
79825  5.086  24.894  23.150 0.0000000000
79826  4.387  25.598  23.600 0.0000000000
79827  4.146  25.410  23.982 0.0000000000
79831  6.090  24.836  22.237 0.0000000000
79832  5.286  25.596  22.520 0.0000000000
79833  4.680  26.261  22.929 0.0000000000
79836  7.117  24.582  21.085 0.0000000000
79837  6.401  25.407  21.465 0.0000000000
79838  5.560  26.246  21.760 0.0000000000
79841  7.380  25.178  20.447 0.0000000000
79842  6.828  25.978  20.707 0.0000000000
79844  8.076  24.979  19.050 0.0000000000
79845  7.774  25.551  19.484 0.0000000000
79847  8.085  25.521  18.757 0.0000000000
79848  7.861  26.138  18.985 0.0000000000
79850  8.243  25.545  18.036 0.0000000000
79852  8.216  25.604  17.227 0.0000000000
80185  3.391  27.253  40.575 0.0000000000
80186  2.908  27.412  40.802 0.0000000000
80192  4.381  26.372  38.323 0.0000000000
80196  4.549  26.359  37.096 0.0000000000
80197  2.327  26.814  36.181 0.0000000000
80203  7.326  26.259  35.660 0.0000000000
80204  6.385  26.073  35.437 0.0000000000
80205  5.486  26.446  35.543 0.0000000000
80206  4.947  26.243  36.266 0.0000000000
80207  2.043  26.599  35.030 0.0000000000
80214  6.947  27.014  35.153 0.0000000000
80215  6.531  26.817  35.132 0.0000000000
80216  6.043  26.645  35.136 0.0000000000
80217  1.818  26.442  34.033 0.0000000000
80224  2.004  26.389  33.026 0.0000000000
80230  2.355  26.357  31.972 0.0000000000
80237  2.583  26.362  30.876 0.0000000000
80242  2.446  26.247  29.751 0.0000000000
80251  1.647  26.231  28.657 0.0000000000
80252  0.786  25.884  28.155 0.0000000000
80260  1.872  26.525  27.839 0.0000000000
80261  0.950  26.111  27.734 0.0000000000
80268  3.195  26.436  26.929 0.0000000000
80269  2.491  26.362  27.117 0.0000000000
80270  1.375  26.021  26.924 0.0000000000
80277  3.830  26.245  25.959 0.0000000000
80278  3.150  25.997  26.067 0.0000000000
80279  1.861  25.902  26.365 0.0000000000
80280  1.350  25.811  26.422 0.0000000000
80288  3.974  26.216  25.485 0.0000000000
80289  3.609  25.819  24.958 0.0000000000
80299  4.151  26.157  24.397 0.0000000000
80300  3.874  25.830  24.554 0.0000000000
80309  4.863  27.067  22.971 0.0000000000
80310  4.687  26.706  23.361 0.0000000000
80313  5.013  26.773  22.536 0.0000000000
80314  4.728  26.582  22.924 0.0000000000
80317  6.155  26.461  21.084 0.0000000000
80318  5.541  27.058  21.511 0.0000000000
80321  7.303  26.025  20.126 0.0000000000
80322  6.725  26.768  20.298 0.0000000000
80324  7.407  26.555  19.496 0.0000000000
80325  6.898  27.248  19.664 0.0000000000
80327  8.060  26.235  18.381 0.0000000000
80328  7.685  26.807  18.726 0.0000000000
80330  8.198  26.368  17.649 0.0000000000
80332  8.219  26.438  16.819 0.0000000000
80656  4.003  27.291  39.433 0.0000000000
80661  4.079  27.419  37.714 0.0000000000
80662  3.833  28.328  37.710 0.0000000000
80663  1.829  27.824  36.748 0.0000000000
80664  1.428  28.092  36.111 0.0000000000
80671  7.904  27.252  35.879 0.0000000000
80672  5.177  27.170  35.309 0.0000000000
80673  4.496  27.307  36.038 0.0000000000
80674  1.604  27.538  35.546 0.0000000000
80675  1.107  28.176  35.621 0.0000000000
80682  7.264  27.422  35.205 0.0000000000
80683  6.655  27.560  34.877 0.0000000000
80684  5.810  27.359  34.926 0.0000000000
80685  5.057  27.701  35.170 0.0000000000
80686  1.426  27.239  34.570 0.0000000000
80687  0.900  27.880  35.021 0.0000000000
80694  1.508  27.357  33.632 0.0000000000
80695  1.059  27.822  34.366 0.0000000000
80703  1.982  27.317  32.559 0.0000000000
80710  2.334  27.368  31.518 0.0000000000
80718  2.592  27.412  30.434 0.0000000000
80727  3.158  27.629  29.101 0.0000000000
80728  2.686  27.023  29.411 0.0000000000
80735  3.956  27.751  27.944 0.0000000000
80736  3.284  27.298  28.336 0.0000000000
80737  2.595  26.855  28.575 0.0000000000
80746  4.141  27.259  27.132 0.0000000000
80747  3.382  26.901  27.511 0.0000000000
80748  2.721  26.773  27.915 0.0000000000
80755  5.079  27.331  25.962 0.0000000000
80756  4.228  26.673  26.223 0.0000000000
80757  3.659  26.625  26.817 0.0000000000
80766  5.318  27.350  25.070 0.0000000000
80767  4.609  26.771  25.243 0.0000000000
80776  5.442  27.466  24.184 0.0000000000
80777  4.819  26.962  24.312 0.0000000000
80787  5.319  27.584  23.131 0.0000000000
80788  5.015  27.186  23.726 0.0000000000
80796  5.420  27.697  21.983 0.0000000000
80799  6.035  27.300  20.796 0.0000000000
80800  5.723  27.826  21.122 0.0000000000
80802  6.275  27.767  20.103 0.0000000000
80803  5.935  27.854  20.618 0.0000000000
80805  7.242  27.317  19.074 0.0000000000
80806  6.696  27.805  19.295 0.0000000000
80809  7.979  27.014  18.077 0.0000000000
80810  7.431  27.638  18.359 0.0000000000
80811  7.037  27.785  18.820 0.0000000000
80814  8.042  27.324  17.321 0.0000000000
80815  7.766  27.532  17.833 0.0000000000
81126  1.668  28.299  39.047 0.0000000000
81130  1.409  28.785  38.382 0.0000000000
81134  3.689  28.990  38.125 0.0000000000
81135  1.474  28.359  36.882 0.0000000000
81136  1.302  28.748  37.510 0.0000000000
81142  4.004  28.079  36.909 0.0000000000
81143  3.773  28.777  37.130 0.0000000000
81144  1.461  28.229  36.506 0.0000000000
81145  1.090  28.676  36.407 0.0000000000
81152  8.253  28.403  35.866 0.0000000000
81153  7.653  28.043  35.296 0.0000000000
81154  4.085  28.583  36.206 0.0000000000
81155  3.784  29.100  36.658 0.0000000000
81156  0.670  28.676  35.505 0.0000000000
81164  7.716  28.757  35.110 0.0000000000
81165  7.114  28.417  34.755 0.0000000000
81166  6.238  28.386  34.595 0.0000000000
81167  5.380  28.415  34.833 0.0000000000
81168  4.646  28.398  35.396 0.0000000000
81169  0.707  28.514  34.748 0.0000000000
81174  1.765  28.233  33.113 0.0000000000
81175  1.112  28.294  33.957 0.0000000000
81230  4.748  27.505  26.690 0.0000000000
81277  6.039  28.218  20.049 0.0000000000
81281  6.100  28.398  19.617 0.0000000000
81285  7.256  28.079  18.176 0.0000000000
81286  6.708  28.409  18.566 0.0000000000
81289  7.871  27.794  17.259 0.0000000000
81290  7.515  28.176  17.592 0.0000000000
81291  6.708  29.067  17.790 0.0000000000
81294  7.963  27.875  16.869 0.0000000000
81547  3.230  28.676  39.640 0.0000000000
81548  2.960  28.729  39.707 0.0000000000
81549  2.369  27.911  40.198 0.0000000000
81553  3.339  28.966  39.189 0.0000000000
81554  2.488  29.456  39.050 0.0000000000
81555  1.597  29.283  38.745 0.0000000000
81556  1.045  29.754  38.329 0.0000000000
81559  9.066  29.769  37.821 0.0000000000
81560  3.256  29.636  38.416 0.0000000000
81561  2.774  30.107  38.413 0.0000000000
81562  1.071  29.382  38.108 0.0000000000
81563  0.628  30.012  37.959 0.0000000000
81569  8.651  29.725  37.160 0.0000000000
81570  3.576  29.511  37.316 0.0000000000
81571  0.794  29.475  37.244 0.0000000000
81572  0.248  30.265  37.135 0.0000000000
81579  8.427  29.534  36.244 0.0000000000
81580  4.325  28.988  35.629 0.0000000000
81581  3.822  29.475  36.096 0.0000000000
81582  0.505  29.526  36.282 0.0000000000
81583  -0.015  30.372  36.298 0.0000000000
81592  8.037  29.501  35.318 0.0000000000
81593  7.431  29.486  34.685 0.0000000000
81594  6.627  29.423  34.350 0.0000000000
81595  5.755  29.233  34.370 0.0000000000
81596  4.690  29.474  34.976 0.0000000000
81597  3.917  30.037  35.534 0.0000000000
81598  0.343  29.622  35.382 0.0000000000
81599  -0.122  30.535  35.716 0.0000000000
81603  6.124  29.878  34.070 0.0000000000
81604  5.428  30.023  34.123 0.0000000000
81605  4.742  30.310  34.367 0.0000000000
81607  0.878  29.294  34.431 0.0000000000
81717  7.104  29.229  17.044 0.0000000000
81975  11.183  31.216  38.382 0.0000000000
81976  10.698  31.591  38.804 0.0000000000
81977  10.059  31.423  38.715 0.0000000000
81978  2.244  30.367  38.508 0.0000000000
81979  1.546  30.276  38.525 0.0000000000
81980  0.992  30.120  38.348 0.0000000000
81983  11.429  30.832  37.593 0.0000000000
81984  9.456  30.821  38.127 0.0000000000
81985  8.815  30.763  37.380 0.0000000000
81986  3.231  30.194  37.778 0.0000000000
81987  2.667  30.635  37.885 0.0000000000
81988  1.833  31.071  37.990 0.0000000000
81989  0.424  31.109  37.829 0.0000000000
81990  -0.303  31.813  37.572 0.0000000000
81995  11.429  30.622  36.477 0.0000000000
81997  8.443  30.587  36.586 0.0000000000
81998  3.441  30.119  36.871 0.0000000000
81999  3.102  30.589  37.232 0.0000000000
82000  -0.496  30.945  37.041 0.0000000000
82001  -0.514  31.583  37.324 0.0000000000
82006  11.395  31.197  35.837 0.0000000000
82007  10.942  30.635  35.432 0.0000000000
82008  8.185  30.506  35.675 0.0000000000
82009  3.553  30.170  36.135 0.0000000000
82010  3.307  30.590  36.577 0.0000000000
82011  -1.035  31.733  36.805 0.0000000000
82017  10.351  30.443  34.558 0.0000000000
82019  7.785  30.426  34.851 0.0000000000
82020  7.079  30.483  34.236 0.0000000000
82021  6.516  30.119  34.099 0.0000000000
82022  4.108  30.460  34.930 0.0000000000
82023  3.507  30.663  35.793 0.0000000000
82029  6.804  31.128  33.960 0.0000000000
82030  6.174  30.699  33.854 0.0000000000
82031  5.107  30.809  33.860 0.0000000000
82032  4.338  30.887  34.277 0.0000000000
82394  11.114  32.768  38.805 0.0000000000
82395  9.810  33.871  39.240 0.0000000000
82396  9.512  32.517  38.171 0.0000000000
82399  11.285  32.072  37.946 0.0000000000
82400  9.006  32.116  37.441 0.0000000000
82401  8.567  31.615  36.824 0.0000000000
82402  2.794  31.263  36.826 0.0000000000
82403  -0.106  32.307  37.692 0.0000000000
82404  -0.701  32.087  37.371 0.0000000000
82410  11.385  31.723  37.040 0.0000000000
82411  8.252  31.438  36.120 0.0000000000
82416  11.423  31.801  36.193 0.0000000000
82417  11.411  31.800  35.367 0.0000000000
82418  7.891  31.616  35.185 0.0000000000
82419  7.598  32.133  34.758 0.0000000000
82424  10.763  31.544  34.391 0.0000000000
82425  10.277  30.833  34.122 0.0000000000
82426  7.574  31.043  34.567 0.0000000000
82427  7.295  31.662  34.278 0.0000000000
82432  10.507  31.928  33.289 0.0000000000
82433  10.181  31.005  33.581 0.0000000000
82434  6.506  31.706  33.793 0.0000000000
82435  5.574  31.644  33.623 0.0000000000
82436  4.454  31.594  33.789 0.0000000000
82440  10.512  31.980  32.263 0.0000000000
82441  10.045  31.121  32.669 0.0000000000
82444  10.504  32.015  31.252 0.0000000000
82784  8.744  34.383  37.303 0.0000000000
82787  11.007  33.391  38.250 0.0000000000
82788  10.741  34.474  38.411 0.0000000000
82789  8.386  32.176  36.414 0.0000000000
82794  11.157  32.659  37.411 0.0000000000
82795  10.661  33.693  37.194 0.0000000000
82796  8.148  32.159  35.949 0.0000000000
82801  11.195  32.550  36.715 0.0000000000
82802  11.112  33.024  35.891 0.0000000000
82803  7.991  32.545  35.646 0.0000000000
82804  7.692  32.613  35.130 0.0000000000
82811  11.434  32.764  34.781 0.0000000000
82812  7.359  32.612  34.548 0.0000000000
82820  11.150  32.719  33.811 0.0000000000
82821  6.872  32.559  33.985 0.0000000000
82822  6.077  32.594  33.561 0.0000000000
82823  5.002  32.578  33.443 0.0000000000
82824  3.773  32.593  33.934 0.0000000000
82829  10.910  32.839  32.834 0.0000000000
82832  10.963  32.866  31.819 0.0000000000
82840  11.694  33.201  30.608 0.0000000000
82841  11.303  32.792  30.765 0.0000000000
82848  11.782  33.061  30.116 0.0000000000
83209  10.982  33.871  35.091 0.0000000000
83210  8.325  33.029  36.269 0.0000000000
83211  7.889  33.299  35.630 0.0000000000
83215  11.346  33.656  34.234 0.0000000000
83216  7.432  33.449  34.943 0.0000000000
83217  7.053  33.824  34.454 0.0000000000
83225  11.308  33.623  33.340 0.0000000000
83226  7.084  33.207  34.341 0.0000000000
83227  6.558  33.545  33.917 0.0000000000
83228  5.643  33.578  33.474 0.0000000000
83240  11.254  33.672  32.412 0.0000000000
83249  11.699  33.884  31.098 0.0000000000
83250  11.517  33.696  31.401 0.0000000000
83259  11.809  33.664  30.675 0.0000000000
83260  11.637  33.328  30.859 0.0000000000
83267  12.117  33.654  29.687 0.0000000000
83657  10.912  34.448  34.540 0.0000000000
83658  8.173  33.957  36.173 0.0000000000
83659  7.718  34.169  35.534 0.0000000000
83662  11.208  34.429  33.798 0.0000000000
83663  7.295  34.373  34.864 0.0000000000
83671  11.390  34.438  32.947 0.0000000000
83683  11.610  34.583  31.742 0.0000000000
83684  11.523  34.409  32.102 0.0000000000
83695  11.646  34.304  31.195 0.0000000000
83696  11.605  34.267  31.626 0.0000000000
83705  11.848  34.364  30.319 0.0000000000
84115  10.594  34.960  34.790 0.0000000000
84116  10.447  35.131  35.249 0.0000000000
84117  8.077  34.867  36.149 0.0000000000
84122  10.767  35.168  34.229 0.0000000000
84123  10.458  35.432  34.807 0.0000000000
84131  11.070  35.143  33.443 0.0000000000
84141  11.627  34.832  32.024 0.0000000000
84142  11.334  35.240  32.464 0.0000000000
84150  11.588  34.970  31.680 0.0000000000
84151  11.200  35.638  31.600 0.0000000000
84161  11.417  34.989  30.928 0.0000000000
84563  10.264  35.770  35.392 0.0000000000
84566  10.781  35.595  33.849 0.0000000000
84567  10.415  36.100  34.370 0.0000000000
84577  10.788  35.872  33.337 0.0000000000
84578  10.257  36.733  33.464 0.0000000000
84589  10.702  36.300  32.410 0.0000000000
85003  9.781  36.703  39.615 0.0000000000
85004  8.478  36.596  38.977 0.0000000000
85005  10.209  36.481  36.542 0.0000000000
85008  10.012  36.620  35.306 0.0000000000
85012  9.768  37.365  34.549 0.0000000000
85478  10.678  36.605  38.991 0.0000000000
85479  10.337  38.144  38.597 0.0000000000
85480  10.044  37.552  39.216 0.0000000000
85481  10.664  37.228  38.346 0.0000000000
104118  1.150  11.039  44.704 0.0000000000
104119  1.221  11.103  44.441 0.0000000000
104121  0.423  10.051  45.424 0.0000000000
104122  -0.181  9.619  45.944 0.0000000000
104123  -0.167  13.427  46.319 0.0000000000
104124  0.344  12.839  45.839 0.0000000000
104126  -1.222  9.460  47.116 0.0000000000
104127  -0.081  10.368  46.241 0.0000000000
104128  1.531  10.998  42.775 0.0000000000
104130  1.491  11.349  43.465 0.0000000000
104131  -0.967  10.085  47.070 0.0000000000
104132  -0.341  11.202  46.761 0.0000000000
104133  -0.111  12.636  46.565 0.0000000000
104136  -0.930  10.698  47.381 0.0000000000
104137  0.110  13.704  45.763 0.0000000000
104138  -0.460  14.559  45.606 0.0000000000
104139  1.019  12.186  45.079 0.0000000000
104140  -0.282  14.563  45.157 0.0000000000
104141  1.241  14.116  44.298 0.0000000000
104146  -0.358  13.914  46.466 0.0000000000
104147  -0.407  14.356  47.142 0.0000000000
104148  -0.614  14.749  45.864 0.0000000000
104152  -0.684  15.103  46.061 0.0000000000
104349  3.858  19.237  40.901 0.0000000000
104350  3.709  19.285  40.424 0.0000000000
104351  3.593  19.636  41.057 0.0000000000
104352  3.955  20.997  41.266 0.0000000000
104353  3.509  20.655  41.483 0.0000000000
104354  4.870  20.985  40.957 0.0000000000
104355  4.692  21.029  40.793 0.0000000000
104356  4.313  21.641  40.734 0.0000000000
104357  4.568  21.437  40.182 0.0000000000
104358  3.833  21.210  43.210 0.0000000000
104359  5.617  20.608  40.626 0.0000000000
104360  4.430  21.885  40.169 0.0000000000
104361  4.354  22.235  40.371 0.0000000000
104362  4.554  22.165  39.864 0.0000000000
104363  4.439  21.435  43.137 0.0000000000
104364  4.108  21.675  42.760 0.0000000000
104365  3.810  21.016  42.267 0.0000000000
104366  2.999  21.260  42.576 0.0000000000
104367  1.753  19.978  42.611 0.0000000000
104368  4.615  21.046  41.740 0.0000000000
104369  4.402  21.324  42.271 0.0000000000
104370  4.002  22.891  42.508 0.0000000000
104371  4.286  23.308  41.754 0.0000000000
104372  4.749  21.174  42.486 0.0000000000
104373  4.728  21.088  42.080 0.0000000000
104515  3.793  26.993  40.318 0.0000000000
104516  3.582  27.635  40.177 0.0000000000
104517  2.243  27.207  40.696 0.0000000000
104518  2.573  27.342  40.770 0.0000000000
104519  3.217  27.699  40.517 0.0000000000
104520  3.283  27.935  40.313 0.0000000000
104521  4.366  26.207  39.306 0.0000000000
104522  1.921  26.147  39.698 0.0000000000
104523  1.952  26.961  40.421 0.0000000000
104524  3.005  27.969  40.479 0.0000000000
104525  3.362  28.207  39.870 0.0000000000
104526  3.702  27.763  39.877 0.0000000000
104527  2.277  26.949  37.557 0.0000000000
104528  3.769  28.259  38.712 0.0000000000
104529  2.390  27.200  40.783 0.0000000000
104530  1.854  27.194  39.144 0.0000000000
104531  1.720  28.050  38.020 0.0000000000
104532  1.593  28.258  37.307 0.0000000000
104535  -0.629  30.962  36.264 0.0000000000
104536  -0.387  30.931  35.700 0.0000000000
104537  -0.741  31.473  35.841 0.0000000000
104541  -1.139  32.456  36.105 0.0000000000
104546  -0.794  32.888  37.054 0.0000000000
104555  -0.187  33.574  37.084 0.0000000000
104560  0.149  33.107  37.489 0.0000000000
104561  0.822  33.606  36.791 0.0000000000
104567  1.491  32.433  37.337 0.0000000000
104568  2.042  33.275  36.270 0.0000000000
104570  3.527  31.531  35.046 0.0000000000
104571  2.746  32.230  36.261 0.0000000000
104572  2.888  32.823  35.294 0.0000000000
104576  2.374  32.746  36.368 0.0000000000
104580  11.099  34.544  39.122 0.0000000000
104581  11.190  34.281  39.119 0.0000000000
104582  10.930  34.569  39.429 0.0000000000
104583  11.126  33.836  39.116 0.0000000000
104584  10.879  35.275  39.191 0.0000000000
104585  10.819  35.829  39.091 0.0000000000
104586  10.798  35.568  38.762 0.0000000000
104587  8.779  34.883  38.684 0.0000000000
104588  11.152  33.555  38.757 0.0000000000
104589  11.144  34.158  38.843 0.0000000000
104590  10.629  35.948  39.507 0.0000000000
104591  10.993  33.982  38.519 0.0000000000
104592  8.649  32.659  36.839 0.0000000000
104593  10.312  35.602  40.026 0.0000000000
104594  10.493  36.126  39.619 0.0000000000
104595  8.403  35.122  36.801 0.0000000000
104596  10.433  34.829  36.089 0.0000000000
104597  9.894  36.001  40.223 0.0000000000
104598  10.264  36.252  39.781 0.0000000000
104599  8.327  34.971  36.631 0.0000000000
104600  10.631  34.635  35.143 0.0000000000
104601  9.427  35.536  39.818 0.0000000000
104602  10.620  36.926  37.851 0.0000000000
104603  9.979  36.246  40.082 0.0000000000
104604  9.539  36.143  40.053 0.0000000000
104606  10.287  35.613  36.759 0.0000000000
104607  10.428  35.526  37.631 0.0000000000
104608  8.243  36.068  37.511 0.0000000000
104609  10.459  37.400  37.294 0.0000000000
104610  10.660  37.886  37.939 0.0000000000
104612  10.290  38.054  36.639 0.0000000000
104620  9.937  37.383  35.689 0.0000000000
104627  9.367  37.582  39.296 0.0000000000
