#!ascii label  , from subject FREESURFER vox2ras=TkReg 
255
80831  -6.113  25.254  5.657 0.0000000000
81313  -3.837  25.146  5.157 0.0000000000
81314  -5.827  25.912  5.472 0.0000000000
81315  -6.136  25.860  5.497 0.0000000000
81324  -3.592  25.767  4.791 0.0000000000
81325  -5.663  26.441  5.273 0.0000000000
81326  -5.798  26.204  5.394 0.0000000000
81776  -6.130  26.247  5.380 0.0000000000
81777  -6.521  26.262  5.381 0.0000000000
81785  -3.332  26.415  4.393 0.0000000000
81786  -5.522  27.052  4.911 0.0000000000
81787  -5.946  26.668  5.180 0.0000000000
81788  -6.684  26.991  5.087 0.0000000000
81789  -7.242  27.358  5.145 0.0000000000
82249  -7.748  27.496  5.384 0.0000000000
82250  -8.069  28.002  5.593 0.0000000000
82256  -3.063  27.054  3.981 0.0000000000
82257  -5.317  27.690  4.492 0.0000000000
82258  -5.616  27.497  4.642 0.0000000000
82259  -6.149  27.489  4.685 0.0000000000
82260  -6.742  27.911  4.652 0.0000000000
82261  -7.384  28.022  5.007 0.0000000000
82262  -7.749  28.062  5.276 0.0000000000
82276  -5.173  28.205  4.225 0.0000000000
82277  -5.402  28.150  4.266 0.0000000000
82278  -5.886  28.031  4.293 0.0000000000
82279  -6.283  27.984  4.405 0.0000000000
82767  -8.186  28.784  5.952 0.0000000000
82771  -6.767  28.331  4.369 0.0000000000
82772  -7.124  28.538  4.435 0.0000000000
82773  -7.744  28.768  5.097 0.0000000000
82780  -3.319  28.399  3.339 0.0000000000
82781  -5.271  28.783  3.856 0.0000000000
82782  -5.708  28.669  3.869 0.0000000000
82783  -6.484  28.554  4.057 0.0000000000
82784  -7.117  29.064  3.892 0.0000000000
83282  -8.054  29.698  5.565 0.0000000000
83285  -7.529  29.293  4.280 0.0000000000
83286  -7.925  29.779  4.699 0.0000000000
83292  -5.142  29.593  3.433 0.0000000000
83293  -5.482  29.393  3.492 0.0000000000
83294  -6.097  29.248  3.410 0.0000000000
83295  -6.782  29.373  3.491 0.0000000000
83296  -7.418  29.850  3.643 0.0000000000
83297  -7.769  29.838  4.143 0.0000000000
83306  -5.027  30.131  3.141 0.0000000000
83307  -5.282  30.108  3.163 0.0000000000
83308  -5.825  30.018  3.107 0.0000000000
83309  -6.484  29.960  3.183 0.0000000000
83310  -6.952  29.886  3.297 0.0000000000
83795  -7.817  30.613  6.142 0.0000000000
83797  -8.248  30.621  5.172 0.0000000000
83800  -7.559  30.712  3.513 0.0000000000
83801  -7.994  30.543  4.149 0.0000000000
83807  -5.184  30.598  2.621 0.0000000000
83808  -5.583  30.602  2.603 0.0000000000
83809  -6.328  30.716  2.561 0.0000000000
83810  -7.025  30.523  3.121 0.0000000000
83820  -5.129  31.127  2.104 0.0000000000
83821  -5.362  31.130  2.113 0.0000000000
83822  -5.874  31.111  2.086 0.0000000000
83823  -6.243  31.163  2.137 0.0000000000
84276  -6.951  32.001  6.445 0.0000000000
84277  -7.792  31.651  5.824 0.0000000000
84279  -8.365  31.595  4.704 0.0000000000
84281  -7.374  31.100  3.192 0.0000000000
84282  -7.934  31.610  3.524 0.0000000000
84284  -6.504  31.245  2.218 0.0000000000
84285  -7.123  31.535  2.531 0.0000000000
84286  -7.754  32.298  2.867 0.0000000000
84292  -3.262  31.430  1.460 0.0000000000
84293  -5.182  31.746  1.616 0.0000000000
84294  -5.583  31.721  1.681 0.0000000000
84295  -6.315  31.733  1.850 0.0000000000
84296  -6.915  32.302  1.886 0.0000000000
84721  -7.117  32.608  5.949 0.0000000000
84722  -7.963  32.581  5.297 0.0000000000
84724  -8.357  32.611  4.264 0.0000000000
84726  -8.161  32.698  3.364 0.0000000000
84728  -7.489  32.729  2.200 0.0000000000
84729  -7.975  32.933  2.764 0.0000000000
84734  -4.916  32.581  1.105 0.0000000000
84735  -5.234  32.409  1.254 0.0000000000
84736  -5.790  32.435  1.344 0.0000000000
84737  -6.464  32.762  1.427 0.0000000000
84738  -7.041  32.919  1.645 0.0000000000
84743  -4.648  33.211  0.715 0.0000000000
84744  -4.912  33.057  0.849 0.0000000000
84745  -5.386  33.048  0.945 0.0000000000
84746  -5.939  33.096  1.015 0.0000000000
85173  -7.041  33.953  6.874 0.0000000000
85182  -6.698  33.648  5.820 0.0000000000
85183  -7.288  33.102  5.541 0.0000000000
85186  -6.768  34.043  5.151 0.0000000000
85187  -7.561  33.525  4.845 0.0000000000
85189  -8.209  33.444  3.817 0.0000000000
85191  -7.790  33.714  2.525 0.0000000000
85192  -8.108  33.333  3.129 0.0000000000
85194  -6.863  33.313  1.309 0.0000000000
85195  -7.303  33.639  1.578 0.0000000000
85200  -4.440  33.681  0.435 0.0000000000
85201  -4.671  33.622  0.496 0.0000000000
85202  -5.071  33.572  0.561 0.0000000000
85203  -5.674  33.738  0.532 0.0000000000
85204  -6.471  33.587  0.864 0.0000000000
85205  -6.980  33.735  1.063 0.0000000000
85216  -4.563  34.184  0.128 0.0000000000
85217  -4.905  34.101  0.222 0.0000000000
85218  -5.247  33.968  0.340 0.0000000000
85681  -6.482  35.362  6.213 0.0000000000
85682  -6.655  35.134  6.445 0.0000000000
85693  -6.344  35.277  6.045 0.0000000000
85694  -6.412  34.683  6.081 0.0000000000
85700  -6.267  35.168  5.713 0.0000000000
85701  -6.399  34.777  5.251 0.0000000000
85702  -6.912  34.294  4.668 0.0000000000
85705  -6.766  35.026  4.223 0.0000000000
85706  -7.586  34.218  4.003 0.0000000000
85708  -7.448  34.814  3.121 0.0000000000
85709  -7.936  33.911  3.300 0.0000000000
85712  -7.503  34.711  1.895 0.0000000000
85715  -5.769  34.127  0.291 0.0000000000
85716  -6.158  34.182  0.322 0.0000000000
85717  -7.026  34.569  0.703 0.0000000000
85728  -4.517  34.698  -0.370 0.0000000000
85729  -4.780  34.734  -0.375 0.0000000000
85730  -5.527  34.471  -0.015 0.0000000000
85731  -6.352  34.913  -0.088 0.0000000000
85732  -6.756  35.385  0.038 0.0000000000
85743  -4.481  35.235  -0.849 0.0000000000
85744  -4.726  35.348  -0.921 0.0000000000
86208  -6.497  35.598  6.105 0.0000000000
86209  -7.036  35.771  6.377 0.0000000000
86221  -6.320  35.617  5.647 0.0000000000
86222  -6.585  36.217  5.654 0.0000000000
86223  -7.568  36.362  5.548 0.0000000000
86234  -6.256  35.391  5.393 0.0000000000
86235  -6.238  35.904  4.839 0.0000000000
86236  -7.562  36.920  4.808 0.0000000000
86237  -8.716  36.565  4.576 0.0000000000
86246  -6.695  35.974  3.558 0.0000000000
86247  -9.262  36.796  3.930 0.0000000000
86248  -9.940  36.366  4.079 0.0000000000
86253  -7.364  35.865  2.463 0.0000000000
86256  -7.331  35.748  1.334 0.0000000000
86258  -7.028  35.820  0.381 0.0000000000
86265  -5.210  35.240  -0.747 0.0000000000
86266  -5.866  35.345  -0.595 0.0000000000
86267  -6.419  35.869  -0.491 0.0000000000
86268  -6.766  35.920  -0.112 0.0000000000
86278  -4.513  35.762  -1.295 0.0000000000
86279  -4.956  35.837  -1.289 0.0000000000
86280  -5.581  35.893  -1.092 0.0000000000
86281  -6.024  35.902  -0.861 0.0000000000
86723  -6.867  36.655  5.374 0.0000000000
86724  -7.046  36.899  5.089 0.0000000000
86733  -6.590  36.752  4.953 0.0000000000
86734  -7.022  37.234  4.518 0.0000000000
86735  -7.790  37.221  4.262 0.0000000000
86744  -6.422  36.971  4.033 0.0000000000
86745  -7.350  37.403  3.668 0.0000000000
86746  -8.546  37.212  3.604 0.0000000000
86747  -9.652  36.844  3.399 0.0000000000
86748  -10.668  36.391  3.564 0.0000000000
86754  -7.032  36.898  2.960 0.0000000000
86755  -7.983  37.450  2.632 0.0000000000
86756  -9.164  37.334  2.649 0.0000000000
86757  -10.207  37.036  2.675 0.0000000000
86758  -10.935  36.706  3.149 0.0000000000
86759  -12.098  37.198  3.116 0.0000000000
86762  -7.694  36.824  1.901 0.0000000000
86763  -8.020  37.300  2.095 0.0000000000
86764  -9.826  37.295  2.181 0.0000000000
86765  -10.181  37.271  2.183 0.0000000000
86771  -7.273  36.741  0.843 0.0000000000
86777  -6.458  36.380  -0.648 0.0000000000
86778  -6.762  36.717  -0.259 0.0000000000
86787  -4.659  36.392  -1.712 0.0000000000
86788  -5.280  36.605  -1.695 0.0000000000
86789  -6.167  36.610  -1.133 0.0000000000
86790  -6.604  37.385  -1.016 0.0000000000
86804  -4.770  37.080  -2.182 0.0000000000
86805  -5.214  37.312  -2.214 0.0000000000
87247  -12.443  37.469  3.240 0.0000000000
87250  -8.245  37.375  2.167 0.0000000000
87251  -8.596  37.416  2.186 0.0000000000
87252  -10.418  37.286  2.180 0.0000000000
87253  -10.655  37.327  2.176 0.0000000000
87254  -12.038  37.747  2.501 0.0000000000
87256  -7.738  37.379  1.170 0.0000000000
87257  -8.330  37.490  1.683 0.0000000000
87258  -9.306  37.510  1.770 0.0000000000
87259  -10.203  37.528  1.693 0.0000000000
87260  -10.675  37.996  1.229 0.0000000000
87261  -12.050  38.336  1.814 0.0000000000
87267  -7.457  37.763  0.337 0.0000000000
87268  -8.227  37.930  0.877 0.0000000000
87269  -9.056  37.878  1.027 0.0000000000
87270  -9.872  37.892  1.043 0.0000000000
87271  -10.437  38.080  0.987 0.0000000000
87278  -6.961  37.954  -0.596 0.0000000000
87288  -5.727  37.340  -1.937 0.0000000000
87289  -6.291  37.740  -1.690 0.0000000000
87290  -6.695  38.024  -1.269 0.0000000000
87307  -4.892  37.771  -2.501 0.0000000000
87308  -5.456  37.971  -2.448 0.0000000000
87309  -5.941  37.957  -2.242 0.0000000000
87779  -12.719  38.149  2.985 0.0000000000
87782  -12.588  38.708  2.256 0.0000000000
87783  -12.918  38.730  2.800 0.0000000000
87785  -11.017  38.430  0.815 0.0000000000
87786  -12.210  38.861  1.480 0.0000000000
87791  -8.092  38.435  0.279 0.0000000000
87792  -8.825  38.413  0.422 0.0000000000
87793  -9.625  38.402  0.500 0.0000000000
87794  -10.302  38.462  0.548 0.0000000000
87795  -10.840  38.697  0.500 0.0000000000
87796  -11.069  38.800  0.500 0.0000000000
87802  -7.613  38.961  -0.426 0.0000000000
87803  -8.498  39.059  -0.131 0.0000000000
87804  -9.351  39.041  0.005 0.0000000000
87805  -10.070  39.024  0.069 0.0000000000
87806  -10.572  38.899  0.257 0.0000000000
87816  -6.585  38.379  -1.705 0.0000000000
87817  -6.930  38.807  -1.245 0.0000000000
87830  -5.810  38.327  -2.490 0.0000000000
87831  -6.273  38.648  -2.338 0.0000000000
87832  -6.687  38.837  -1.865 0.0000000000
88307  -12.809  39.169  2.197 0.0000000000
88308  -13.091  39.459  2.604 0.0000000000
88311  -12.671  39.393  1.750 0.0000000000
88312  -13.038  40.037  1.832 0.0000000000
88315  -10.946  39.106  0.206 0.0000000000
88316  -11.081  39.278  0.164 0.0000000000
88319  -7.668  39.988  -0.724 0.0000000000
88320  -8.065  39.965  -0.495 0.0000000000
88321  -8.956  39.898  -0.365 0.0000000000
88322  -9.914  39.758  -0.313 0.0000000000
88323  -10.788  39.516  -0.098 0.0000000000
88324  -11.215  40.074  -0.253 0.0000000000
88331  -7.303  39.934  -1.071 0.0000000000
88817  -12.750  40.142  1.164 0.0000000000
88821  -12.510  40.613  0.409 0.0000000000
88822  -12.914  40.692  0.880 0.0000000000
88827  -9.516  40.903  -0.579 0.0000000000
88828  -10.498  40.513  -0.506 0.0000000000
88829  -11.192  40.849  -0.477 0.0000000000
88830  -11.438  40.878  -0.392 0.0000000000
88838  -10.380  41.268  -0.649 0.0000000000
88839  -10.845  41.075  -0.598 0.0000000000
89415  -12.684  41.093  0.224 0.0000000000
89423  -11.389  41.466  -0.523 0.0000000000
89424  -11.759  41.807  -0.489 0.0000000000
89434  -11.104  41.830  -0.652 0.0000000000
89435  -11.801  42.481  -0.600 0.0000000000
