#!ascii label  , from subject FREESURFER vox2ras=TkReg 
481
11812  -28.355  -62.454  -14.639 0.0000000000
11813  -29.139  -62.342  -15.016 0.0000000000
11827  -29.643  -62.205  -15.858 0.0000000000
11841  -29.766  -62.255  -16.833 0.0000000000
11854  -29.643  -62.205  -17.697 0.0000000000
11876  -29.454  -62.172  -18.457 0.0000000000
11894  -29.478  -62.549  -19.009 0.0000000000
11910  -29.454  -62.644  -19.800 0.0000000000
11924  -29.028  -62.755  -21.478 0.0000000000
11925  -29.337  -62.821  -20.690 0.0000000000
11935  -28.652  -62.617  -22.435 0.0000000000
12338  -28.298  -60.770  -14.033 0.0000000000
12355  -28.602  -61.312  -14.417 0.0000000000
12356  -29.408  -61.345  -15.098 0.0000000000
12372  -29.707  -61.231  -15.768 0.0000000000
12385  -29.768  -61.552  -16.354 0.0000000000
12396  -29.678  -61.433  -17.104 0.0000000000
12412  -29.300  -61.464  -18.022 0.0000000000
12430  -28.719  -61.051  -19.427 0.0000000000
12431  -29.075  -61.645  -19.191 0.0000000000
12444  -28.766  -61.175  -20.081 0.0000000000
12445  -29.206  -61.977  -20.395 0.0000000000
12455  -28.746  -61.519  -21.462 0.0000000000
12456  -29.154  -62.253  -21.022 0.0000000000
12468  -28.443  -61.593  -22.934 0.0000000000
12476  -28.024  -61.594  -23.985 0.0000000000
12478  -26.844  -61.226  -25.774 0.0000000000
12479  -27.494  -61.450  -24.902 0.0000000000
12482  -26.534  -61.200  -26.614 0.0000000000
12873  -28.504  -60.351  -14.077 0.0000000000
12874  -29.098  -60.415  -14.616 0.0000000000
12887  -29.601  -60.397  -15.417 0.0000000000
12888  -29.785  -60.096  -15.839 0.0000000000
12897  -29.796  -60.570  -16.304 0.0000000000
12898  -29.843  -60.175  -16.061 0.0000000000
12907  -29.442  -60.550  -17.379 0.0000000000
12920  -28.445  -60.139  -18.649 0.0000000000
12921  -28.796  -60.628  -18.434 0.0000000000
12939  -28.332  -60.430  -19.355 0.0000000000
12940  -28.673  -60.971  -19.088 0.0000000000
12958  -27.514  -59.850  -21.146 0.0000000000
12959  -28.268  -60.500  -20.627 0.0000000000
12975  -27.534  -59.795  -22.205 0.0000000000
12976  -28.112  -60.426  -21.583 0.0000000000
12990  -27.530  -59.875  -23.258 0.0000000000
12991  -28.142  -60.632  -22.494 0.0000000000
12998  -27.417  -59.972  -24.267 0.0000000000
12999  -28.013  -60.706  -23.557 0.0000000000
13004  -27.141  -60.396  -25.117 0.0000000000
13005  -27.702  -60.807  -24.366 0.0000000000
13012  -26.177  -59.461  -25.950 0.0000000000
13013  -26.363  -59.936  -25.927 0.0000000000
13019  -26.292  -59.533  -26.154 0.0000000000
13020  -26.570  -60.207  -26.708 0.0000000000
13387  -28.720  -59.506  -14.174 0.0000000000
13388  -29.313  -59.521  -14.863 0.0000000000
13398  -29.658  -59.564  -15.690 0.0000000000
13399  -29.827  -59.889  -16.073 0.0000000000
13407  -29.668  -59.676  -16.583 0.0000000000
13408  -29.807  -60.053  -16.267 0.0000000000
13419  -28.578  -59.096  -17.835 0.0000000000
13420  -28.956  -59.610  -17.713 0.0000000000
13428  -27.300  -59.004  -18.656 0.0000000000
13429  -28.103  -59.494  -18.494 0.0000000000
13430  -28.591  -59.967  -18.332 0.0000000000
13444  -26.151  -59.053  -19.962 0.0000000000
13445  -27.138  -59.428  -19.443 0.0000000000
13446  -27.793  -59.838  -19.344 0.0000000000
13461  -25.983  -59.025  -20.962 0.0000000000
13462  -26.751  -59.470  -20.581 0.0000000000
13463  -27.657  -59.892  -20.095 0.0000000000
13475  -26.213  -58.801  -21.478 0.0000000000
13476  -26.647  -59.155  -21.792 0.0000000000
13487  -26.955  -59.104  -23.033 0.0000000000
13496  -26.956  -59.107  -24.085 0.0000000000
13501  -26.051  -59.000  -25.518 0.0000000000
13502  -26.495  -59.294  -25.101 0.0000000000
13509  -26.067  -59.109  -25.887 0.0000000000
13510  -26.187  -59.279  -25.654 0.0000000000
13516  -26.388  -59.217  -26.304 0.0000000000
13517  -27.075  -59.591  -26.846 0.0000000000
13882  -28.244  -58.519  -13.642 0.0000000000
13895  -28.910  -58.572  -14.418 0.0000000000
13896  -29.367  -58.690  -15.201 0.0000000000
13903  -29.574  -58.757  -16.037 0.0000000000
13908  -28.860  -58.176  -16.924 0.0000000000
13909  -29.196  -58.662  -16.963 0.0000000000
13919  -25.556  -57.429  -18.569 0.0000000000
13920  -25.860  -57.617  -18.532 0.0000000000
13921  -27.489  -57.847  -17.603 0.0000000000
13922  -28.284  -58.396  -17.551 0.0000000000
13923  -28.822  -58.914  -17.548 0.0000000000
13930  -25.436  -57.687  -18.959 0.0000000000
13931  -26.223  -58.062  -18.654 0.0000000000
13932  -27.116  -58.286  -18.202 0.0000000000
13933  -27.719  -58.796  -18.236 0.0000000000
13945  -25.514  -57.719  -19.696 0.0000000000
13946  -25.916  -58.300  -19.462 0.0000000000
13947  -26.559  -58.778  -19.032 0.0000000000
13959  -25.629  -57.623  -20.138 0.0000000000
13960  -25.859  -58.231  -20.381 0.0000000000
13966  -26.171  -58.358  -21.225 0.0000000000
13967  -26.576  -58.391  -21.927 0.0000000000
13973  -26.771  -58.424  -22.925 0.0000000000
13981  -25.948  -58.120  -24.724 0.0000000000
13982  -26.594  -58.346  -24.063 0.0000000000
13990  -25.896  -58.465  -25.335 0.0000000000
13991  -26.273  -58.618  -24.657 0.0000000000
14000  -26.055  -58.329  -25.992 0.0000000000
14001  -26.836  -57.965  -26.110 0.0000000000
14002  -28.050  -58.117  -26.038 0.0000000000
14012  -26.661  -58.745  -26.344 0.0000000000
14013  -27.500  -58.804  -26.464 0.0000000000
14420  -28.556  -57.554  -13.952 0.0000000000
14430  -29.054  -57.649  -14.839 0.0000000000
14431  -29.335  -58.110  -15.571 0.0000000000
14437  -29.153  -57.409  -15.675 0.0000000000
14438  -29.281  -58.068  -16.248 0.0000000000
14445  -28.765  -57.553  -16.558 0.0000000000
14446  -29.055  -58.115  -16.654 0.0000000000
14455  -24.904  -56.934  -18.654 0.0000000000
14456  -25.154  -57.121  -18.601 0.0000000000
14457  -25.851  -57.196  -18.208 0.0000000000
14458  -26.777  -57.387  -17.768 0.0000000000
14459  -27.824  -57.190  -17.092 0.0000000000
14465  -24.733  -56.899  -18.831 0.0000000000
14466  -24.874  -57.269  -18.979 0.0000000000
14467  -26.258  -57.642  -18.260 0.0000000000
14468  -26.585  -57.871  -18.194 0.0000000000
14475  -24.708  -56.725  -19.315 0.0000000000
14476  -25.059  -57.346  -19.369 0.0000000000
14485  -24.867  -56.466  -19.692 0.0000000000
14486  -25.210  -57.004  -19.936 0.0000000000
14487  -26.192  -57.262  -20.520 0.0000000000
14488  -26.844  -56.929  -20.908 0.0000000000
14494  -26.221  -57.869  -20.932 0.0000000000
14495  -27.019  -57.440  -21.497 0.0000000000
14496  -27.947  -56.988  -21.878 0.0000000000
14498  -27.125  -57.795  -22.743 0.0000000000
14499  -27.882  -57.212  -22.488 0.0000000000
14501  -26.175  -57.733  -24.597 0.0000000000
14502  -26.867  -57.683  -24.019 0.0000000000
14503  -27.713  -57.190  -23.600 0.0000000000
14508  -25.813  -57.696  -25.138 0.0000000000
14509  -26.366  -57.135  -24.930 0.0000000000
14510  -27.346  -56.858  -24.618 0.0000000000
14517  -25.808  -57.918  -25.569 0.0000000000
14518  -26.225  -57.558  -25.605 0.0000000000
14519  -27.457  -57.032  -25.539 0.0000000000
14520  -29.211  -57.630  -25.888 0.0000000000
14938  -28.355  -56.545  -13.466 0.0000000000
14949  -28.705  -56.619  -14.279 0.0000000000
14956  -29.001  -56.629  -15.072 0.0000000000
14962  -28.930  -56.556  -15.898 0.0000000000
14970  -28.453  -56.562  -16.473 0.0000000000
14977  -24.898  -56.676  -18.573 0.0000000000
14978  -25.359  -56.540  -18.196 0.0000000000
14979  -26.147  -56.463  -17.734 0.0000000000
14980  -27.144  -56.353  -17.328 0.0000000000
14981  -28.016  -56.053  -16.828 0.0000000000
14991  -24.598  -56.338  -18.839 0.0000000000
15003  -24.557  -55.984  -19.256 0.0000000000
15013  -24.744  -55.943  -19.634 0.0000000000
15014  -25.082  -55.988  -19.979 0.0000000000
15015  -25.823  -56.196  -20.279 0.0000000000
15016  -26.794  -56.269  -20.703 0.0000000000
15017  -27.539  -56.023  -21.070 0.0000000000
15022  -27.260  -56.612  -21.138 0.0000000000
15023  -28.064  -56.363  -21.543 0.0000000000
15024  -28.921  -56.026  -22.016 0.0000000000
15027  -28.500  -56.598  -22.274 0.0000000000
15028  -29.188  -56.000  -22.804 0.0000000000
15030  -28.538  -56.630  -23.218 0.0000000000
15031  -29.149  -55.900  -23.902 0.0000000000
15034  -28.332  -56.508  -24.290 0.0000000000
15035  -28.799  -55.758  -24.833 0.0000000000
15039  -28.065  -56.350  -25.013 0.0000000000
15040  -28.813  -56.236  -25.395 0.0000000000
15041  -29.772  -56.566  -25.671 0.0000000000
15042  -30.727  -56.656  -25.940 0.0000000000
15464  -28.316  -55.595  -12.986 0.0000000000
15471  -28.725  -55.583  -13.803 0.0000000000
15472  -29.105  -55.183  -14.250 0.0000000000
15478  -28.939  -55.813  -14.576 0.0000000000
15479  -29.291  -55.176  -14.795 0.0000000000
15487  -29.089  -55.777  -15.346 0.0000000000
15488  -29.404  -55.070  -15.504 0.0000000000
15496  -28.905  -55.420  -16.333 0.0000000000
15497  -29.447  -54.878  -16.019 0.0000000000
15505  -24.881  -56.029  -18.387 0.0000000000
15506  -25.543  -55.611  -17.992 0.0000000000
15507  -26.560  -55.557  -17.551 0.0000000000
15508  -27.612  -55.421  -17.201 0.0000000000
15509  -28.286  -55.379  -16.870 0.0000000000
15522  -24.635  -55.408  -18.901 0.0000000000
15523  -25.047  -55.476  -18.416 0.0000000000
15530  -24.577  -55.275  -19.639 0.0000000000
15533  -24.695  -55.083  -20.270 0.0000000000
15534  -25.297  -55.158  -20.545 0.0000000000
15535  -26.281  -55.374  -20.704 0.0000000000
15536  -27.250  -55.350  -20.959 0.0000000000
15537  -28.077  -55.424  -21.207 0.0000000000
15540  -24.730  -54.589  -20.634 0.0000000000
15541  -24.864  -54.792  -20.613 0.0000000000
15542  -28.775  -55.419  -21.643 0.0000000000
15543  -29.376  -55.286  -22.281 0.0000000000
15546  -29.807  -55.055  -23.349 0.0000000000
15547  -30.364  -54.701  -23.515 0.0000000000
15555  -29.598  -55.216  -24.563 0.0000000000
15556  -30.531  -54.778  -24.211 0.0000000000
15565  -29.395  -55.470  -25.278 0.0000000000
15566  -30.205  -55.096  -25.259 0.0000000000
15577  -29.447  -55.862  -25.505 0.0000000000
15578  -30.041  -55.798  -25.570 0.0000000000
16025  -28.740  -54.712  -13.315 0.0000000000
16033  -29.173  -54.691  -13.856 0.0000000000
16034  -29.417  -54.665  -14.348 0.0000000000
16041  -29.710  -54.505  -14.890 0.0000000000
16042  -29.988  -54.113  -15.234 0.0000000000
16049  -29.742  -54.515  -15.669 0.0000000000
16050  -30.085  -53.953  -15.811 0.0000000000
16057  -29.056  -54.829  -16.697 0.0000000000
16058  -29.562  -54.396  -16.514 0.0000000000
16059  -30.125  -53.668  -16.363 0.0000000000
16069  -25.626  -55.131  -18.121 0.0000000000
16070  -26.062  -54.973  -17.956 0.0000000000
16071  -27.187  -54.631  -17.759 0.0000000000
16072  -28.609  -54.622  -17.197 0.0000000000
16073  -29.421  -53.909  -17.193 0.0000000000
16085  -24.841  -54.681  -19.066 0.0000000000
16086  -25.409  -54.799  -18.526 0.0000000000
16087  -26.445  -54.291  -18.347 0.0000000000
16088  -27.200  -53.963  -18.285 0.0000000000
16092  -24.621  -54.594  -19.556 0.0000000000
16094  -24.506  -54.437  -20.205 0.0000000000
16095  -25.290  -54.749  -20.816 0.0000000000
16096  -25.698  -54.709  -20.924 0.0000000000
16097  -26.650  -54.480  -21.172 0.0000000000
16098  -27.867  -54.450  -21.119 0.0000000000
16099  -28.760  -54.142  -21.201 0.0000000000
16102  -24.616  -54.262  -20.716 0.0000000000
16103  -25.008  -54.403  -21.035 0.0000000000
16104  -25.749  -54.048  -21.376 0.0000000000
16105  -26.367  -53.738  -21.432 0.0000000000
16106  -28.599  -54.794  -21.334 0.0000000000
16107  -29.380  -54.499  -21.635 0.0000000000
16108  -30.168  -54.217  -21.956 0.0000000000
16109  -30.972  -54.065  -21.988 0.0000000000
16115  -29.840  -54.668  -22.418 0.0000000000
16116  -30.537  -54.503  -22.875 0.0000000000
16117  -31.501  -54.538  -22.607 0.0000000000
16125  -30.627  -54.649  -23.541 0.0000000000
16126  -31.141  -54.648  -23.500 0.0000000000
16581  -28.904  -53.617  -13.143 0.0000000000
16582  -29.460  -53.111  -13.517 0.0000000000
16590  -29.175  -54.202  -13.553 0.0000000000
16591  -29.744  -53.740  -14.083 0.0000000000
16592  -30.230  -53.169  -14.496 0.0000000000
16599  -29.973  -53.990  -14.790 0.0000000000
16600  -30.318  -53.506  -15.048 0.0000000000
16606  -30.450  -53.315  -15.964 0.0000000000
16613  -30.032  -53.370  -16.958 0.0000000000
16614  -30.324  -53.229  -16.456 0.0000000000
16620  -28.003  -53.685  -18.105 0.0000000000
16621  -28.999  -53.545  -17.619 0.0000000000
16622  -29.531  -53.380  -17.339 0.0000000000
16630  -25.118  -53.854  -19.384 0.0000000000
16631  -26.011  -53.737  -18.911 0.0000000000
16632  -26.898  -53.568  -18.642 0.0000000000
16633  -27.428  -53.555  -18.428 0.0000000000
16638  -24.583  -53.679  -20.085 0.0000000000
16640  -24.492  -53.527  -20.781 0.0000000000
16641  -27.127  -53.407  -21.239 0.0000000000
16642  -28.338  -53.452  -20.972 0.0000000000
16643  -29.537  -53.529  -20.977 0.0000000000
16644  -30.647  -53.153  -20.786 0.0000000000
16645  -31.610  -53.020  -20.687 0.0000000000
16650  -24.682  -53.417  -21.293 0.0000000000
16651  -25.160  -53.365  -21.571 0.0000000000
16652  -25.857  -53.290  -21.578 0.0000000000
16653  -26.408  -53.285  -21.456 0.0000000000
16654  -29.878  -53.976  -21.481 0.0000000000
16655  -30.424  -53.764  -21.373 0.0000000000
16656  -31.304  -53.645  -21.234 0.0000000000
17103  -29.273  -52.510  -13.251 0.0000000000
17110  -29.866  -52.592  -13.734 0.0000000000
17111  -30.218  -52.776  -14.213 0.0000000000
17125  -30.584  -52.608  -14.730 0.0000000000
17126  -30.939  -52.198  -15.119 0.0000000000
17139  -30.727  -52.733  -15.509 0.0000000000
17140  -31.097  -52.039  -15.714 0.0000000000
17147  -30.218  -52.699  -17.117 0.0000000000
17148  -30.641  -52.561  -16.488 0.0000000000
17149  -31.109  -51.748  -16.295 0.0000000000
17154  -28.124  -53.033  -18.369 0.0000000000
17155  -28.635  -52.895  -18.091 0.0000000000
17156  -29.571  -52.678  -17.554 0.0000000000
17164  -25.258  -53.266  -19.581 0.0000000000
17165  -25.686  -53.062  -19.439 0.0000000000
17166  -26.690  -52.808  -19.126 0.0000000000
17167  -27.587  -53.009  -18.616 0.0000000000
17173  -25.161  -52.826  -19.878 0.0000000000
17174  -25.672  -52.491  -19.615 0.0000000000
17177  -24.606  -52.674  -20.662 0.0000000000
17178  -27.102  -52.474  -21.229 0.0000000000
17179  -27.782  -52.590  -20.886 0.0000000000
17180  -28.780  -52.542  -20.592 0.0000000000
17181  -29.927  -52.440  -20.504 0.0000000000
17182  -30.989  -52.283  -20.499 0.0000000000
17183  -31.932  -52.237  -20.437 0.0000000000
17188  -24.559  -52.444  -21.466 0.0000000000
17189  -24.807  -52.396  -22.018 0.0000000000
17190  -25.400  -52.569  -21.934 0.0000000000
17191  -26.310  -52.622  -21.579 0.0000000000
17197  -24.619  -51.844  -22.153 0.0000000000
17198  -24.773  -51.933  -22.313 0.0000000000
17682  -29.766  -51.675  -13.448 0.0000000000
17683  -30.556  -51.719  -14.185 0.0000000000
17684  -31.049  -51.110  -14.513 0.0000000000
17703  -30.844  -52.013  -14.734 0.0000000000
17704  -31.232  -51.490  -14.982 0.0000000000
17720  -31.380  -51.272  -15.856 0.0000000000
17727  -30.352  -52.087  -17.251 0.0000000000
17728  -30.861  -51.589  -16.843 0.0000000000
17729  -31.220  -51.154  -16.473 0.0000000000
17736  -28.165  -52.524  -18.444 0.0000000000
17737  -28.813  -51.890  -18.250 0.0000000000
17738  -29.820  -51.538  -17.742 0.0000000000
17746  -26.101  -52.381  -19.442 0.0000000000
17747  -26.662  -51.876  -19.346 0.0000000000
17748  -27.652  -51.848  -18.870 0.0000000000
17749  -28.442  -51.046  -18.674 0.0000000000
17756  -25.019  -51.712  -20.383 0.0000000000
17757  -25.857  -51.703  -19.672 0.0000000000
17758  -26.539  -51.318  -19.464 0.0000000000
17759  -31.602  -51.068  -20.099 0.0000000000
17760  -31.824  -51.176  -20.146 0.0000000000
17763  -24.524  -51.641  -21.128 0.0000000000
17764  -27.417  -52.062  -21.045 0.0000000000
17765  -27.923  -51.546  -20.768 0.0000000000
17766  -29.188  -51.545  -20.328 0.0000000000
17767  -30.318  -51.493  -20.248 0.0000000000
17768  -31.407  -51.381  -20.218 0.0000000000
17769  -32.240  -51.452  -20.291 0.0000000000
17774  -24.468  -51.444  -21.849 0.0000000000
17775  -25.100  -52.095  -22.367 0.0000000000
17776  -25.735  -51.661  -22.289 0.0000000000
17777  -26.881  -51.640  -21.524 0.0000000000
17778  -27.401  -51.061  -21.352 0.0000000000
17785  -24.587  -51.219  -22.294 0.0000000000
17786  -24.874  -51.505  -22.518 0.0000000000
17787  -25.376  -51.048  -22.684 0.0000000000
18317  -30.166  -50.572  -13.456 0.0000000000
18318  -30.957  -50.541  -14.214 0.0000000000
18343  -31.317  -50.660  -14.744 0.0000000000
18368  -31.509  -50.521  -15.394 0.0000000000
18378  -30.491  -51.280  -17.332 0.0000000000
18379  -31.000  -50.579  -17.049 0.0000000000
18380  -31.443  -50.477  -16.231 0.0000000000
18390  -29.304  -50.713  -18.295 0.0000000000
18391  -30.248  -50.541  -17.697 0.0000000000
18392  -30.687  -50.104  -17.446 0.0000000000
18400  -27.062  -51.210  -19.323 0.0000000000
18401  -27.765  -50.490  -19.205 0.0000000000
18402  -28.639  -50.310  -18.749 0.0000000000
18409  -24.828  -50.724  -20.767 0.0000000000
18410  -25.553  -50.640  -20.119 0.0000000000
18411  -26.606  -50.524  -19.572 0.0000000000
18412  -27.246  -49.947  -19.466 0.0000000000
18413  -31.791  -50.934  -20.092 0.0000000000
18414  -32.034  -50.977  -20.125 0.0000000000
18417  -24.568  -50.707  -21.486 0.0000000000
18418  -28.647  -50.600  -20.602 0.0000000000
18419  -29.659  -50.635  -20.291 0.0000000000
18420  -30.674  -50.614  -20.152 0.0000000000
18421  -31.615  -50.637  -20.158 0.0000000000
18422  -32.446  -50.627  -20.363 0.0000000000
18426  -24.519  -50.573  -22.098 0.0000000000
18427  -26.407  -51.114  -22.197 0.0000000000
18428  -26.976  -50.591  -21.905 0.0000000000
18429  -27.801  -50.490  -21.231 0.0000000000
18435  -24.733  -50.518  -22.518 0.0000000000
18436  -25.179  -50.419  -22.760 0.0000000000
18437  -26.055  -50.453  -22.605 0.0000000000
18438  -26.816  -49.876  -22.323 0.0000000000
19045  -30.868  -49.563  -13.846 0.0000000000
19071  -31.475  -49.549  -14.752 0.0000000000
19097  -31.643  -49.534  -15.857 0.0000000000
19108  -30.949  -49.603  -17.274 0.0000000000
19109  -31.336  -49.638  -16.676 0.0000000000
19119  -29.179  -49.759  -18.566 0.0000000000
19120  -29.819  -49.857  -18.190 0.0000000000
19121  -30.442  -49.625  -17.749 0.0000000000
19128  -27.689  -49.397  -19.380 0.0000000000
19129  -28.483  -49.558  -19.003 0.0000000000
19134  -24.772  -50.019  -21.132 0.0000000000
19135  -25.284  -49.659  -20.627 0.0000000000
19136  -26.083  -49.591  -20.017 0.0000000000
19137  -26.888  -49.388  -19.606 0.0000000000
19140  -24.626  -49.669  -21.686 0.0000000000
19141  -24.870  -49.322  -21.140 0.0000000000
19142  -29.158  -49.854  -20.640 0.0000000000
19143  -30.039  -49.814  -20.413 0.0000000000
19144  -30.993  -49.765  -20.303 0.0000000000
19145  -31.919  -49.745  -20.392 0.0000000000
19146  -32.778  -49.690  -20.660 0.0000000000
19151  -24.646  -49.605  -22.291 0.0000000000
19152  -27.556  -49.537  -21.851 0.0000000000
19153  -28.425  -49.750  -21.101 0.0000000000
19160  -24.928  -49.485  -22.710 0.0000000000
19161  -25.625  -49.259  -22.775 0.0000000000
19162  -26.488  -49.393  -22.559 0.0000000000
19163  -27.002  -49.398  -22.325 0.0000000000
19173  -24.916  -48.873  -22.699 0.0000000000
19174  -25.135  -48.900  -22.783 0.0000000000
19798  -31.242  -48.684  -14.129 0.0000000000
19825  -31.535  -48.295  -14.652 0.0000000000
19846  -31.704  -48.404  -15.469 0.0000000000
19859  -31.192  -49.061  -17.051 0.0000000000
19860  -31.488  -48.437  -16.603 0.0000000000
19866  -29.569  -49.365  -18.429 0.0000000000
19867  -30.041  -49.080  -18.245 0.0000000000
19868  -30.815  -48.489  -17.634 0.0000000000
19869  -31.281  -47.890  -17.180 0.0000000000
19875  -28.306  -48.627  -19.267 0.0000000000
19876  -29.252  -48.769  -18.729 0.0000000000
19877  -30.086  -48.265  -18.368 0.0000000000
19878  -30.471  -47.931  -18.135 0.0000000000
19884  -25.775  -48.809  -20.394 0.0000000000
19885  -26.448  -48.567  -19.990 0.0000000000
19886  -27.380  -48.379  -19.590 0.0000000000
19890  -24.759  -48.773  -21.442 0.0000000000
19891  -25.167  -48.505  -20.896 0.0000000000
19892  -28.878  -49.362  -20.961 0.0000000000
19893  -29.429  -49.165  -20.817 0.0000000000
19894  -30.357  -49.009  -20.666 0.0000000000
19895  -31.326  -48.936  -20.651 0.0000000000
19896  -32.252  -48.918  -20.789 0.0000000000
19902  -24.548  -48.570  -21.936 0.0000000000
19903  -27.753  -48.677  -21.941 0.0000000000
19904  -28.575  -48.804  -21.387 0.0000000000
19905  -29.669  -48.380  -21.106 0.0000000000
19906  -30.694  -48.191  -21.039 0.0000000000
19915  -24.747  -48.644  -22.447 0.0000000000
19916  -25.811  -48.341  -22.729 0.0000000000
19917  -26.392  -48.553  -22.626 0.0000000000
19918  -27.141  -48.809  -22.344 0.0000000000
19926  -24.988  -48.399  -22.660 0.0000000000
19927  -25.355  -48.409  -22.718 0.0000000000
20581  -31.742  -47.351  -14.985 0.0000000000
20600  -31.810  -47.148  -16.016 0.0000000000
20601  -31.759  -46.537  -16.234 0.0000000000
20614  -31.491  -47.175  -16.896 0.0000000000
20615  -31.677  -46.662  -16.482 0.0000000000
20621  -30.708  -47.448  -18.033 0.0000000000
20622  -31.106  -47.392  -17.545 0.0000000000
20628  -28.090  -47.868  -19.470 0.0000000000
20629  -28.851  -47.755  -19.232 0.0000000000
20630  -29.579  -47.760  -18.805 0.0000000000
20631  -30.219  -47.478  -18.473 0.0000000000
20638  -25.811  -47.731  -20.465 0.0000000000
20639  -26.756  -47.537  -20.084 0.0000000000
20640  -27.609  -47.350  -19.793 0.0000000000
20641  -28.325  -47.238  -19.596 0.0000000000
20646  -24.762  -47.804  -21.467 0.0000000000
20647  -25.145  -47.474  -20.939 0.0000000000
20651  -24.543  -47.750  -21.858 0.0000000000
20652  -27.528  -48.310  -22.178 0.0000000000
20653  -28.075  -47.984  -21.931 0.0000000000
20654  -29.032  -47.815  -21.576 0.0000000000
20655  -30.016  -47.537  -21.429 0.0000000000
20661  -24.556  -47.751  -22.136 0.0000000000
20662  -25.558  -47.734  -22.658 0.0000000000
20663  -26.180  -47.709  -22.645 0.0000000000
20664  -27.161  -47.762  -22.389 0.0000000000
20665  -27.979  -47.240  -22.171 0.0000000000
20670  -24.798  -47.751  -22.436 0.0000000000
20671  -25.125  -47.751  -22.605 0.0000000000
21341  -29.335  -47.308  -19.164 0.0000000000
21359  -28.600  -47.308  -21.937 0.0000000000
21360  -29.355  -47.002  -21.831 0.0000000000
