#!ascii label  , from subject FREESURFER vox2ras=TkReg 
513
28297  -47.340  -38.089  -27.451 0.0000000000
28298  -47.868  -37.859  -27.637 0.0000000000
28299  -46.021  -38.073  -28.181 0.0000000000
28300  -46.937  -38.460  -28.115 0.0000000000
28301  -48.021  -38.168  -28.119 0.0000000000
28302  -48.286  -37.884  -28.555 0.0000000000
28303  -46.192  -37.687  -28.455 0.0000000000
28304  -46.633  -37.854  -28.576 0.0000000000
28305  -47.566  -38.075  -28.678 0.0000000000
28306  -48.141  -38.070  -28.613 0.0000000000
29067  -46.419  -37.157  -27.181 0.0000000000
29068  -46.795  -37.527  -27.075 0.0000000000
29069  -47.662  -37.457  -27.402 0.0000000000
29070  -46.171  -37.446  -27.586 0.0000000000
29071  -46.515  -38.086  -27.544 0.0000000000
29072  -48.184  -37.469  -27.967 0.0000000000
29073  -48.311  -37.579  -28.499 0.0000000000
29074  -46.019  -37.362  -28.273 0.0000000000
29075  -46.502  -37.264  -28.623 0.0000000000
29076  -47.332  -37.379  -28.796 0.0000000000
29077  -48.210  -37.656  -28.929 0.0000000000
29840  -46.221  -36.734  -27.296 0.0000000000
29841  -46.536  -36.730  -26.899 0.0000000000
29842  -47.335  -36.814  -26.901 0.0000000000
29847  -45.910  -36.568  -27.758 0.0000000000
29848  -47.477  -36.136  -28.550 0.0000000000
29849  -48.096  -36.456  -28.033 0.0000000000
29850  -48.282  -37.135  -28.466 0.0000000000
29855  -46.294  -36.546  -28.408 0.0000000000
29856  -47.154  -36.485  -28.597 0.0000000000
29857  -48.038  -36.956  -28.771 0.0000000000
29858  -48.359  -37.260  -28.726 0.0000000000
30612  -52.664  -35.483  -23.462 0.0000000000
30613  -53.497  -35.713  -23.545 0.0000000000
30614  -53.709  -35.056  -22.978 0.0000000000
30620  -52.874  -35.286  -24.240 0.0000000000
30621  -53.587  -35.652  -24.577 0.0000000000
30622  -54.182  -35.330  -23.952 0.0000000000
30624  -54.034  -35.776  -25.239 0.0000000000
30625  -54.435  -35.557  -24.979 0.0000000000
30629  -46.091  -35.320  -26.360 0.0000000000
30630  -46.458  -35.471  -26.194 0.0000000000
30631  -47.072  -35.585  -26.084 0.0000000000
30637  -45.787  -35.457  -27.047 0.0000000000
30638  -46.828  -36.159  -26.440 0.0000000000
30639  -47.690  -35.835  -26.856 0.0000000000
30644  -45.871  -35.406  -27.982 0.0000000000
30645  -47.119  -35.620  -28.373 0.0000000000
30646  -48.088  -35.442  -27.952 0.0000000000
30651  -46.752  -36.019  -28.475 0.0000000000
30652  -47.041  -36.047  -28.547 0.0000000000
31429  -50.367  -33.319  -21.533 0.0000000000
31431  -53.293  -33.047  -22.139 0.0000000000
31432  -53.436  -33.995  -22.102 0.0000000000
31444  -46.800  -34.027  -23.116 0.0000000000
31445  -47.370  -33.977  -22.677 0.0000000000
31447  -50.825  -33.079  -22.263 0.0000000000
31448  -51.622  -33.894  -22.598 0.0000000000
31449  -53.506  -32.945  -22.569 0.0000000000
31450  -53.916  -33.851  -23.071 0.0000000000
31457  -46.927  -34.355  -23.913 0.0000000000
31458  -47.400  -34.145  -23.489 0.0000000000
31459  -47.930  -33.768  -23.229 0.0000000000
31460  -52.389  -34.493  -23.868 0.0000000000
31461  -53.057  -34.805  -24.643 0.0000000000
31462  -54.652  -34.366  -24.472 0.0000000000
31463  -54.985  -33.855  -24.765 0.0000000000
31466  -46.275  -34.419  -25.157 0.0000000000
31467  -46.936  -34.788  -24.731 0.0000000000
31468  -47.586  -34.179  -24.454 0.0000000000
31469  -47.857  -33.948  -23.825 0.0000000000
31470  -53.979  -35.117  -25.576 0.0000000000
31471  -54.949  -35.015  -25.445 0.0000000000
31472  -55.231  -34.232  -25.236 0.0000000000
31478  -45.951  -34.858  -26.050 0.0000000000
31479  -46.721  -35.155  -25.542 0.0000000000
31480  -47.497  -34.828  -25.861 0.0000000000
31481  -54.332  -34.534  -26.109 0.0000000000
31482  -54.900  -34.743  -26.154 0.0000000000
31483  -55.355  -34.602  -25.767 0.0000000000
31488  -44.580  -34.395  -26.759 0.0000000000
31489  -45.416  -34.688  -26.539 0.0000000000
31490  -48.129  -34.897  -27.296 0.0000000000
31493  -45.760  -34.125  -28.118 0.0000000000
31494  -47.517  -34.600  -28.123 0.0000000000
31495  -48.263  -34.820  -28.024 0.0000000000
32198  -49.487  -32.850  -21.788 0.0000000000
32199  -52.918  -32.221  -21.553 0.0000000000
32216  -49.075  -32.682  -22.326 0.0000000000
32217  -50.121  -32.605  -22.396 0.0000000000
32218  -51.057  -32.865  -22.769 0.0000000000
32219  -53.119  -32.289  -22.302 0.0000000000
32220  -53.594  -32.610  -22.913 0.0000000000
32235  -46.342  -33.668  -23.808 0.0000000000
32236  -48.459  -33.027  -22.904 0.0000000000
32237  -49.384  -32.372  -23.345 0.0000000000
32238  -50.638  -32.345  -23.334 0.0000000000
32239  -51.681  -33.141  -23.695 0.0000000000
32240  -52.430  -33.905  -24.361 0.0000000000
32241  -54.247  -32.949  -23.615 0.0000000000
32242  -54.707  -33.416  -24.392 0.0000000000
32249  -45.641  -33.423  -24.779 0.0000000000
32250  -46.513  -34.168  -24.439 0.0000000000
32251  -47.988  -33.799  -24.644 0.0000000000
32252  -48.334  -33.201  -24.322 0.0000000000
32253  -49.329  -32.193  -24.436 0.0000000000
32254  -52.164  -33.169  -24.475 0.0000000000
32255  -52.987  -33.790  -25.054 0.0000000000
32256  -54.517  -32.608  -24.162 0.0000000000
32257  -55.015  -33.183  -24.905 0.0000000000
32264  -45.378  -33.856  -25.717 0.0000000000
32265  -47.946  -33.847  -25.309 0.0000000000
32266  -48.440  -33.107  -26.010 0.0000000000
32267  -53.866  -33.832  -25.782 0.0000000000
32268  -54.560  -33.827  -26.325 0.0000000000
32269  -55.480  -33.729  -25.940 0.0000000000
32275  -45.187  -34.193  -26.300 0.0000000000
32276  -48.138  -34.012  -26.728 0.0000000000
32277  -48.667  -33.335  -27.418 0.0000000000
32281  -46.791  -33.421  -27.831 0.0000000000
32282  -48.317  -33.961  -28.076 0.0000000000
32283  -48.893  -33.474  -28.285 0.0000000000
32288  -50.615  -33.506  -31.373 0.0000000000
32289  -51.438  -33.346  -31.369 0.0000000000
32290  -51.975  -33.001  -31.493 0.0000000000
32291  -50.605  -32.944  -31.713 0.0000000000
32292  -51.080  -33.177  -31.682 0.0000000000
32293  -51.697  -33.029  -31.729 0.0000000000
32294  -50.672  -32.624  -31.898 0.0000000000
32295  -50.982  -32.793  -31.960 0.0000000000
32296  -51.332  -32.931  -31.904 0.0000000000
33003  -52.753  -31.408  -21.851 0.0000000000
33011  -53.072  -31.514  -22.851 0.0000000000
33012  -53.657  -32.168  -23.237 0.0000000000
33022  -50.217  -31.898  -24.139 0.0000000000
33023  -51.237  -32.221  -24.155 0.0000000000
33024  -51.748  -32.701  -24.317 0.0000000000
33025  -53.162  -31.064  -23.299 0.0000000000
33026  -53.786  -31.665  -23.636 0.0000000000
33036  -49.005  -32.272  -25.457 0.0000000000
33037  -49.859  -31.651  -25.144 0.0000000000
33038  -50.968  -31.576  -24.920 0.0000000000
33039  -52.167  -32.441  -24.994 0.0000000000
33040  -53.140  -33.044  -25.486 0.0000000000
33041  -54.584  -31.878  -24.447 0.0000000000
33042  -55.209  -32.287  -25.317 0.0000000000
33050  -49.004  -32.472  -26.786 0.0000000000
33051  -49.568  -31.741  -26.252 0.0000000000
33052  -50.466  -31.295  -26.102 0.0000000000
33053  -51.722  -31.540  -25.820 0.0000000000
33054  -53.571  -32.162  -26.152 0.0000000000
33055  -55.158  -32.945  -26.641 0.0000000000
33056  -55.850  -32.566  -26.163 0.0000000000
33063  -49.235  -33.007  -27.965 0.0000000000
33064  -49.588  -32.010  -27.492 0.0000000000
33065  -49.940  -31.492  -26.748 0.0000000000
33066  -53.906  -31.562  -27.375 0.0000000000
33067  -54.845  -31.952  -27.294 0.0000000000
33068  -56.182  -32.327  -27.248 0.0000000000
33069  -57.032  -31.753  -27.539 0.0000000000
33070  -57.319  -31.443  -27.676 0.0000000000
33076  -47.384  -32.587  -27.907 0.0000000000
33077  -48.409  -32.854  -28.362 0.0000000000
33078  -49.091  -33.145  -28.853 0.0000000000
33079  -49.583  -32.847  -28.441 0.0000000000
33080  -53.761  -31.271  -27.920 0.0000000000
33081  -54.436  -31.408  -28.175 0.0000000000
33082  -55.573  -31.735  -28.559 0.0000000000
33083  -56.688  -31.927  -28.426 0.0000000000
33084  -57.379  -31.527  -28.267 0.0000000000
33085  -57.601  -31.069  -28.336 0.0000000000
33089  -56.418  -31.499  -29.201 0.0000000000
33090  -57.124  -31.439  -29.091 0.0000000000
33091  -57.517  -31.093  -28.763 0.0000000000
33092  -57.605  -30.893  -28.524 0.0000000000
33093  -50.296  -33.356  -31.004 0.0000000000
33094  -51.010  -33.475  -30.764 0.0000000000
33095  -52.130  -32.771  -31.077 0.0000000000
33096  -53.095  -32.213  -31.247 0.0000000000
33097  -50.190  -32.864  -31.439 0.0000000000
33098  -52.532  -32.605  -31.713 0.0000000000
33099  -53.164  -31.912  -31.618 0.0000000000
33100  -50.447  -32.405  -31.820 0.0000000000
33101  -50.837  -32.354  -32.025 0.0000000000
33102  -51.611  -32.408  -32.018 0.0000000000
33799  -52.641  -30.451  -22.250 0.0000000000
33806  -52.808  -30.396  -23.131 0.0000000000
33807  -53.275  -30.753  -23.580 0.0000000000
33817  -53.100  -30.125  -23.705 0.0000000000
33818  -53.849  -30.631  -24.166 0.0000000000
33819  -54.849  -31.002  -24.872 0.0000000000
33830  -50.608  -31.207  -26.620 0.0000000000
33831  -51.113  -31.135  -26.600 0.0000000000
33832  -52.178  -31.304  -26.639 0.0000000000
33833  -55.600  -31.281  -25.711 0.0000000000
33834  -56.181  -30.975  -26.227 0.0000000000
33843  -49.914  -31.823  -27.748 0.0000000000
33844  -50.400  -31.418  -27.286 0.0000000000
33845  -51.632  -31.098  -27.481 0.0000000000
33846  -53.017  -31.239  -27.489 0.0000000000
33847  -56.238  -31.787  -26.360 0.0000000000
33848  -56.760  -31.297  -26.781 0.0000000000
33849  -57.218  -31.071  -27.309 0.0000000000
33856  -47.588  -31.639  -28.142 0.0000000000
33857  -48.480  -31.925  -28.649 0.0000000000
33858  -49.178  -32.235  -28.604 0.0000000000
33859  -49.948  -32.306  -28.440 0.0000000000
33860  -51.122  -31.691  -28.401 0.0000000000
33861  -52.420  -31.179  -28.503 0.0000000000
33862  -53.703  -31.050  -28.614 0.0000000000
33863  -54.746  -31.024  -29.053 0.0000000000
33864  -55.909  -30.807  -29.330 0.0000000000
33865  -57.582  -31.019  -27.869 0.0000000000
33866  -57.650  -30.746  -28.225 0.0000000000
33870  -48.638  -31.421  -29.157 0.0000000000
33871  -49.154  -32.097  -29.738 0.0000000000
33872  -50.644  -32.779  -29.310 0.0000000000
33873  -52.059  -31.905  -29.343 0.0000000000
33874  -53.289  -31.137  -29.352 0.0000000000
33875  -53.751  -30.765  -29.098 0.0000000000
33876  -56.759  -30.874  -29.438 0.0000000000
33877  -57.359  -30.762  -29.176 0.0000000000
33878  -57.583  -30.686  -28.746 0.0000000000
33879  -57.628  -30.708  -28.467 0.0000000000
33880  -49.212  -31.396  -30.948 0.0000000000
33881  -50.119  -32.743  -30.627 0.0000000000
33882  -51.539  -32.733  -30.205 0.0000000000
33883  -53.008  -31.634  -30.436 0.0000000000
33884  -53.272  -31.587  -31.261 0.0000000000
33885  -49.461  -30.810  -31.352 0.0000000000
33886  -50.173  -31.555  -31.703 0.0000000000
33887  -51.498  -31.140  -31.889 0.0000000000
33888  -52.506  -31.587  -31.796 0.0000000000
33889  -53.166  -31.522  -31.569 0.0000000000
33890  -50.563  -32.039  -31.942 0.0000000000
33891  -51.029  -31.859  -32.038 0.0000000000
33892  -51.695  -31.730  -32.022 0.0000000000
34599  -52.610  -29.457  -22.634 0.0000000000
34610  -52.782  -29.410  -23.413 0.0000000000
34616  -53.313  -29.480  -24.118 0.0000000000
34617  -54.404  -29.658  -24.901 0.0000000000
34618  -55.147  -30.421  -25.299 0.0000000000
34626  -54.826  -29.097  -25.442 0.0000000000
34627  -55.729  -29.816  -25.940 0.0000000000
34628  -56.445  -30.532  -26.498 0.0000000000
34636  -56.324  -29.268  -26.604 0.0000000000
34637  -56.952  -29.988  -27.123 0.0000000000
34638  -57.396  -30.620  -27.581 0.0000000000
34647  -47.714  -30.730  -28.489 0.0000000000
34648  -48.268  -30.982  -28.825 0.0000000000
34649  -53.157  -29.629  -28.766 0.0000000000
34650  -54.018  -30.141  -28.695 0.0000000000
34651  -55.246  -29.995  -28.590 0.0000000000
34652  -56.363  -29.858  -28.756 0.0000000000
34653  -57.157  -29.745  -28.401 0.0000000000
34654  -57.615  -30.406  -28.075 0.0000000000
34655  -57.662  -30.600  -28.223 0.0000000000
34659  -47.129  -29.648  -28.518 0.0000000000
34660  -47.950  -30.152  -29.326 0.0000000000
34661  -48.590  -30.973  -29.619 0.0000000000
34662  -53.319  -30.336  -29.712 0.0000000000
34663  -53.605  -30.442  -29.208 0.0000000000
34664  -56.557  -30.447  -29.285 0.0000000000
34665  -57.029  -30.214  -29.217 0.0000000000
34666  -57.496  -30.330  -28.778 0.0000000000
34667  -57.625  -30.480  -28.472 0.0000000000
34668  -47.906  -29.708  -30.117 0.0000000000
34669  -48.439  -30.398  -30.354 0.0000000000
34670  -52.089  -29.432  -31.140 0.0000000000
34671  -52.918  -30.176  -30.691 0.0000000000
34672  -53.102  -31.167  -30.987 0.0000000000
34673  -49.002  -30.169  -31.125 0.0000000000
34674  -49.830  -30.129  -31.356 0.0000000000
34675  -51.056  -29.965  -31.537 0.0000000000
34676  -52.372  -30.407  -31.631 0.0000000000
34677  -52.965  -31.103  -31.337 0.0000000000
35438  -52.649  -28.537  -23.015 0.0000000000
35449  -52.936  -28.542  -23.758 0.0000000000
35450  -53.491  -28.550  -24.519 0.0000000000
35457  -54.231  -28.476  -25.217 0.0000000000
35458  -55.124  -28.505  -25.795 0.0000000000
35465  -52.191  -28.058  -27.267 0.0000000000
35466  -52.596  -28.075  -27.240 0.0000000000
35467  -53.482  -27.978  -27.253 0.0000000000
35468  -55.954  -28.640  -26.396 0.0000000000
35469  -56.550  -28.681  -26.929 0.0000000000
35477  -51.492  -28.433  -28.275 0.0000000000
35478  -52.218  -28.567  -27.774 0.0000000000
35479  -53.296  -28.918  -27.863 0.0000000000
35480  -54.514  -28.767  -27.916 0.0000000000
35481  -55.785  -28.782  -28.161 0.0000000000
35482  -56.615  -28.835  -27.760 0.0000000000
35486  -47.401  -29.213  -29.095 0.0000000000
35487  -51.205  -28.397  -29.288 0.0000000000
35488  -52.298  -29.277  -29.209 0.0000000000
35491  -47.457  -28.835  -30.069 0.0000000000
35492  -47.955  -29.514  -30.486 0.0000000000
35493  -50.038  -28.321  -30.624 0.0000000000
35494  -51.116  -28.732  -30.639 0.0000000000
35495  -51.986  -29.135  -30.244 0.0000000000
35496  -47.713  -28.372  -30.898 0.0000000000
35497  -48.280  -29.079  -31.017 0.0000000000
35498  -49.372  -29.181  -31.068 0.0000000000
35499  -50.269  -29.251  -31.008 0.0000000000
36215  -52.864  -27.727  -23.333 0.0000000000
36225  -53.101  -27.645  -24.060 0.0000000000
36226  -53.668  -27.537  -24.809 0.0000000000
36231  -54.531  -27.507  -25.544 0.0000000000
36232  -55.699  -27.545  -26.325 0.0000000000
36233  -56.231  -27.019  -26.607 0.0000000000
36239  -50.082  -27.009  -27.186 0.0000000000
36240  -50.835  -27.309  -26.874 0.0000000000
36241  -51.885  -27.565  -26.913 0.0000000000
36242  -52.786  -27.271  -26.807 0.0000000000
36243  -53.543  -27.101  -27.010 0.0000000000
36244  -56.279  -28.065  -26.691 0.0000000000
36245  -56.691  -27.392  -26.979 0.0000000000
36246  -56.881  -26.686  -27.132 0.0000000000
36255  -50.000  -27.186  -28.200 0.0000000000
36256  -50.706  -27.753  -27.962 0.0000000000
36257  -51.392  -27.904  -27.519 0.0000000000
36258  -54.359  -27.438  -27.404 0.0000000000
36259  -55.407  -27.641  -27.848 0.0000000000
36260  -56.423  -27.517  -27.797 0.0000000000
36261  -56.562  -26.735  -26.913 0.0000000000
36267  -50.151  -27.155  -29.195 0.0000000000
36268  -50.513  -27.619  -28.906 0.0000000000
36272  -46.869  -28.062  -30.115 0.0000000000
36273  -49.012  -27.139  -30.230 0.0000000000
36274  -49.629  -27.155  -30.131 0.0000000000
36275  -50.629  -27.670  -29.914 0.0000000000
36278  -47.072  -27.760  -30.816 0.0000000000
36279  -48.413  -27.512  -30.747 0.0000000000
36280  -49.127  -28.238  -30.811 0.0000000000
37018  -53.053  -27.057  -23.571 0.0000000000
37019  -53.365  -26.585  -24.200 0.0000000000
37028  -50.580  -25.808  -26.126 0.0000000000
37029  -50.906  -25.873  -26.052 0.0000000000
37030  -51.549  -25.893  -26.090 0.0000000000
37031  -53.991  -26.535  -25.102 0.0000000000
37032  -54.993  -26.472  -25.825 0.0000000000
37033  -55.785  -26.706  -26.385 0.0000000000
37039  -49.787  -26.404  -26.868 0.0000000000
37040  -50.317  -26.221  -26.363 0.0000000000
37041  -51.246  -26.610  -26.294 0.0000000000
37042  -52.239  -26.373  -26.358 0.0000000000
37043  -53.190  -26.322  -26.803 0.0000000000
37044  -55.641  -26.057  -26.303 0.0000000000
37045  -56.408  -26.363  -26.705 0.0000000000
37046  -57.000  -26.365  -27.199 0.0000000000
37055  -49.611  -26.501  -27.532 0.0000000000
37056  -54.067  -26.383  -27.256 0.0000000000
37057  -55.059  -26.523  -27.707 0.0000000000
37058  -56.040  -26.587  -28.175 0.0000000000
37059  -57.027  -26.416  -27.815 0.0000000000
37067  -49.670  -26.563  -28.721 0.0000000000
37070  -49.074  -26.567  -30.044 0.0000000000
37071  -49.479  -26.375  -29.465 0.0000000000
37076  -48.485  -26.349  -30.420 0.0000000000
37785  -53.766  -25.616  -24.639 0.0000000000
37796  -50.576  -25.273  -26.078 0.0000000000
37797  -51.335  -25.198  -26.009 0.0000000000
37798  -52.116  -25.262  -26.182 0.0000000000
37799  -54.353  -25.579  -25.363 0.0000000000
37800  -55.179  -25.381  -25.969 0.0000000000
37806  -48.927  -25.011  -27.300 0.0000000000
37807  -49.525  -25.606  -26.781 0.0000000000
37808  -50.057  -25.433  -26.288 0.0000000000
37809  -52.939  -25.354  -26.626 0.0000000000
37810  -53.768  -25.406  -27.196 0.0000000000
37811  -56.020  -25.319  -26.557 0.0000000000
37812  -56.873  -25.462  -26.988 0.0000000000
37813  -57.414  -25.519  -27.543 0.0000000000
37823  -48.866  -25.159  -28.230 0.0000000000
37824  -49.218  -25.842  -27.850 0.0000000000
37825  -54.682  -25.487  -27.636 0.0000000000
37826  -55.569  -25.588  -28.167 0.0000000000
37827  -56.608  -25.468  -28.756 0.0000000000
37828  -57.759  -25.186  -28.432 0.0000000000
37829  -58.281  -24.675  -28.700 0.0000000000
37839  -49.214  -25.168  -29.173 0.0000000000
37840  -49.316  -25.840  -28.822 0.0000000000
37841  -56.816  -24.939  -29.361 0.0000000000
37842  -57.531  -24.907  -29.430 0.0000000000
37843  -58.224  -24.822  -29.205 0.0000000000
37846  -49.303  -25.875  -29.512 0.0000000000
37847  -57.878  -24.595  -29.649 0.0000000000
37848  -58.041  -24.723  -29.566 0.0000000000
38557  -50.531  -24.541  -25.989 0.0000000000
38558  -51.049  -24.462  -25.922 0.0000000000
38559  -51.863  -24.339  -26.091 0.0000000000
38560  -54.031  -24.905  -25.033 0.0000000000
38561  -54.677  -24.624  -25.620 0.0000000000
38566  -48.731  -24.386  -27.027 0.0000000000
38567  -49.137  -24.477  -26.658 0.0000000000
38568  -49.941  -24.555  -26.147 0.0000000000
38569  -52.769  -24.337  -26.502 0.0000000000
38570  -53.625  -24.404  -27.173 0.0000000000
38571  -55.568  -24.325  -26.437 0.0000000000
38572  -56.477  -24.366  -27.010 0.0000000000
38573  -57.175  -24.623  -27.369 0.0000000000
38579  -48.571  -24.340  -27.621 0.0000000000
38580  -54.419  -24.537  -27.731 0.0000000000
38581  -55.196  -24.630  -28.229 0.0000000000
38582  -55.837  -24.932  -28.632 0.0000000000
38583  -57.674  -24.546  -27.802 0.0000000000
38584  -58.098  -24.263  -28.385 0.0000000000
38594  -55.740  -24.382  -28.700 0.0000000000
38595  -56.301  -24.571  -29.092 0.0000000000
38596  -56.979  -24.432  -29.553 0.0000000000
38597  -58.487  -24.176  -28.950 0.0000000000
38598  -58.450  -23.915  -29.280 0.0000000000
38601  -57.687  -24.370  -29.680 0.0000000000
38602  -58.241  -24.313  -29.613 0.0000000000
38603  -58.331  -23.891  -29.512 0.0000000000
39332  -50.587  -23.874  -25.881 0.0000000000
39333  -51.410  -23.508  -25.901 0.0000000000
39334  -52.510  -23.248  -26.302 0.0000000000
39336  -55.120  -23.507  -26.004 0.0000000000
39346  -48.625  -23.598  -26.829 0.0000000000
39347  -49.370  -23.603  -26.197 0.0000000000
39348  -50.010  -23.520  -25.835 0.0000000000
39349  -53.603  -23.410  -26.936 0.0000000000
39350  -54.675  -23.482  -27.795 0.0000000000
39351  -56.112  -23.114  -27.432 0.0000000000
39352  -56.929  -23.655  -27.539 0.0000000000
39353  -57.366  -24.076  -27.644 0.0000000000
39362  -54.830  -24.033  -28.230 0.0000000000
39363  -55.575  -23.720  -28.510 0.0000000000
39364  -56.477  -22.948  -28.559 0.0000000000
39365  -57.550  -23.436  -28.090 0.0000000000
39366  -58.155  -23.407  -28.688 0.0000000000
39376  -55.990  -24.072  -28.910 0.0000000000
39377  -56.506  -23.609  -29.186 0.0000000000
39378  -57.309  -23.768  -29.635 0.0000000000
39379  -58.425  -23.403  -28.879 0.0000000000
39380  -58.396  -23.581  -29.289 0.0000000000
39386  -57.885  -23.829  -29.739 0.0000000000
39387  -58.071  -23.891  -29.827 0.0000000000
39388  -58.276  -23.660  -29.482 0.0000000000
40094  -50.614  -22.655  -25.678 0.0000000000
40095  -51.802  -22.463  -25.912 0.0000000000
40096  -52.648  -22.248  -26.311 0.0000000000
40097  -56.143  -22.594  -26.989 0.0000000000
40106  -48.988  -22.602  -26.165 0.0000000000
40107  -49.697  -22.829  -25.808 0.0000000000
40108  -53.483  -22.462  -26.684 0.0000000000
40109  -54.530  -22.568  -27.340 0.0000000000
40110  -55.485  -22.635  -27.852 0.0000000000
40120  -56.420  -22.795  -29.000 0.0000000000
40121  -56.857  -23.352  -29.207 0.0000000000
40122  -57.573  -22.605  -28.678 0.0000000000
40130  -56.438  -22.859  -29.256 0.0000000000
40131  -57.221  -22.961  -29.506 0.0000000000
40132  -58.172  -22.730  -29.239 0.0000000000
40133  -58.394  -23.281  -29.254 0.0000000000
40139  -57.592  -23.438  -29.631 0.0000000000
40140  -57.861  -23.294  -29.599 0.0000000000
40141  -58.261  -23.402  -29.437 0.0000000000
40907  -50.504  -21.672  -25.605 0.0000000000
40908  -51.245  -21.606  -25.684 0.0000000000
40909  -52.298  -21.515  -26.072 0.0000000000
40921  -48.794  -21.517  -26.252 0.0000000000
40922  -49.704  -21.705  -25.696 0.0000000000
40923  -53.229  -21.601  -26.573 0.0000000000
40924  -54.201  -21.709  -27.017 0.0000000000
40925  -55.589  -21.760  -27.694 0.0000000000
40926  -56.146  -21.043  -27.629 0.0000000000
40939  -56.360  -22.596  -29.108 0.0000000000
40940  -56.532  -22.753  -29.229 0.0000000000
40941  -56.988  -22.832  -29.389 0.0000000000
40953  -56.549  -22.552  -29.173 0.0000000000
40954  -56.755  -22.710  -29.315 0.0000000000
40955  -57.294  -22.281  -29.278 0.0000000000
41735  -50.471  -20.731  -25.553 0.0000000000
41736  -51.748  -20.609  -25.731 0.0000000000
41737  -53.090  -20.603  -26.435 0.0000000000
41738  -53.769  -20.190  -26.727 0.0000000000
41748  -49.185  -20.742  -25.863 0.0000000000
41749  -49.734  -20.836  -25.622 0.0000000000
41750  -53.718  -21.147  -26.863 0.0000000000
41751  -54.417  -20.739  -27.138 0.0000000000
41752  -55.586  -20.751  -27.525 0.0000000000
41753  -56.037  -20.665  -27.554 0.0000000000
42647  -50.176  -19.670  -25.532 0.0000000000
42648  -51.038  -19.609  -25.491 0.0000000000
42649  -52.254  -19.591  -25.709 0.0000000000
42650  -53.449  -19.573  -26.175 0.0000000000
42651  -54.293  -19.383  -26.436 0.0000000000
42652  -56.052  -19.970  -26.826 0.0000000000
42665  -49.669  -20.170  -25.619 0.0000000000
42666  -54.183  -19.925  -26.809 0.0000000000
42667  -55.085  -19.904  -27.011 0.0000000000
42668  -55.853  -20.348  -27.278 0.0000000000
43572  -50.165  -18.549  -25.546 0.0000000000
43573  -51.458  -18.542  -25.404 0.0000000000
43574  -52.668  -18.573  -25.558 0.0000000000
43575  -53.805  -18.644  -25.802 0.0000000000
43576  -54.932  -18.869  -26.275 0.0000000000
43577  -56.021  -19.037  -26.479 0.0000000000
43593  -49.625  -19.327  -25.720 0.0000000000
43594  -55.464  -19.432  -26.733 0.0000000000
43595  -55.736  -19.785  -26.947 0.0000000000
44659  -50.783  -17.459  -25.381 0.0000000000
44660  -51.928  -17.506  -25.334 0.0000000000
44661  -53.094  -17.566  -25.469 0.0000000000
44662  -54.279  -17.706  -25.575 0.0000000000
44663  -55.459  -17.853  -25.806 0.0000000000
45677  -51.272  -16.477  -25.335 0.0000000000
45678  -52.376  -16.498  -25.354 0.0000000000
45679  -53.544  -16.542  -25.424 0.0000000000
45680  -54.768  -16.618  -25.406 0.0000000000
46611  -52.797  -15.488  -25.375 0.0000000000
