#!ascii label  , from subject FREESURFER vox2ras=TkReg 
397
60240  -43.860  -1.646  -34.657 0.0000000000
60241  -44.686  -1.596  -34.853 0.0000000000
60242  -45.741  -1.579  -34.948 0.0000000000
60243  -46.819  -1.840  -34.964 0.0000000000
60261  -46.293  -1.162  -35.422 0.0000000000
60262  -47.290  -1.354  -35.462 0.0000000000
61228  -41.720  -0.677  -33.747 0.0000000000
61229  -42.623  -0.723  -34.437 0.0000000000
61230  -43.353  -1.181  -34.638 0.0000000000
61252  -42.840  -0.215  -34.866 0.0000000000
61253  -43.653  -0.678  -35.169 0.0000000000
61254  -44.931  -0.998  -35.375 0.0000000000
61255  -45.620  -1.051  -35.406 0.0000000000
61267  -43.816  -0.179  -35.762 0.0000000000
61268  -44.415  -0.430  -35.835 0.0000000000
61269  -45.563  -0.497  -35.972 0.0000000000
61270  -46.780  -0.716  -35.918 0.0000000000
61271  -47.812  -0.843  -35.928 0.0000000000
61282  -45.823  -0.020  -36.439 0.0000000000
61283  -46.426  -0.132  -36.364 0.0000000000
61284  -47.387  -0.215  -36.356 0.0000000000
62233  -41.722  -0.067  -34.211 0.0000000000
62257  -41.180  0.640  -34.247 0.0000000000
62258  -42.130  0.419  -34.732 0.0000000000
62259  -42.906  0.145  -35.140 0.0000000000
62273  -42.572  0.774  -35.235 0.0000000000
62274  -43.286  0.470  -35.708 0.0000000000
62275  -43.989  0.120  -36.205 0.0000000000
62276  -44.694  -0.036  -36.320 0.0000000000
62284  -43.697  0.818  -36.385 0.0000000000
62285  -44.356  0.586  -36.800 0.0000000000
62286  -45.282  0.253  -36.691 0.0000000000
62287  -46.108  0.366  -36.774 0.0000000000
62288  -46.995  0.393  -36.755 0.0000000000
62289  -47.979  0.335  -36.818 0.0000000000
62295  -44.937  0.711  -37.274 0.0000000000
62296  -45.666  0.771  -37.306 0.0000000000
62297  -46.580  0.867  -37.282 0.0000000000
62298  -47.539  0.901  -37.265 0.0000000000
63148  -41.235  1.395  -34.640 0.0000000000
63149  -41.960  1.412  -35.066 0.0000000000
63164  -42.525  1.432  -35.581 0.0000000000
63165  -43.094  1.465  -36.197 0.0000000000
63176  -43.649  1.505  -37.098 0.0000000000
63177  -44.390  0.982  -37.532 0.0000000000
63183  -44.083  1.351  -38.357 0.0000000000
63184  -45.126  1.017  -38.045 0.0000000000
63185  -46.175  1.226  -37.926 0.0000000000
63186  -47.119  1.380  -37.782 0.0000000000
63187  -48.041  1.482  -37.604 0.0000000000
63196  -44.394  1.564  -39.427 0.0000000000
63197  -45.053  1.376  -38.940 0.0000000000
63198  -45.902  1.488  -38.636 0.0000000000
63199  -46.841  1.785  -38.469 0.0000000000
63200  -47.636  1.984  -38.038 0.0000000000
63205  -44.692  1.592  -39.984 0.0000000000
63206  -45.195  1.523  -39.718 0.0000000000
63207  -45.922  1.655  -39.357 0.0000000000
63208  -46.478  1.890  -39.026 0.0000000000
64004  -41.273  2.285  -35.019 0.0000000000
64005  -41.931  2.055  -35.393 0.0000000000
64018  -41.585  2.647  -35.490 0.0000000000
64019  -42.269  2.407  -35.984 0.0000000000
64020  -42.975  2.132  -36.579 0.0000000000
64034  -42.555  2.796  -36.684 0.0000000000
64035  -43.103  2.372  -37.105 0.0000000000
64046  -42.715  2.946  -37.382 0.0000000000
64047  -43.230  2.237  -37.991 0.0000000000
64056  -43.572  1.946  -39.162 0.0000000000
64057  -46.992  2.260  -39.009 0.0000000000
64058  -47.535  2.500  -38.580 0.0000000000
64066  -44.155  1.797  -40.368 0.0000000000
64067  -45.244  1.589  -40.418 0.0000000000
64068  -46.140  1.725  -40.114 0.0000000000
64069  -46.867  2.114  -39.635 0.0000000000
64070  -47.439  2.676  -39.335 0.0000000000
64073  -44.359  2.116  -41.555 0.0000000000
64074  -45.250  1.805  -41.245 0.0000000000
64075  -46.267  1.851  -40.954 0.0000000000
64076  -47.163  2.366  -40.470 0.0000000000
64077  -47.537  2.613  -39.960 0.0000000000
64078  -44.616  2.454  -42.469 0.0000000000
64079  -45.407  2.238  -42.136 0.0000000000
64080  -46.306  2.204  -41.816 0.0000000000
64081  -47.169  2.506  -41.415 0.0000000000
64082  -44.876  2.674  -43.065 0.0000000000
64083  -45.561  2.528  -43.021 0.0000000000
64084  -46.495  2.443  -42.801 0.0000000000
64085  -47.157  2.631  -42.320 0.0000000000
64861  -42.007  3.213  -36.336 0.0000000000
64878  -42.109  3.568  -36.935 0.0000000000
64892  -42.330  3.546  -37.699 0.0000000000
64893  -42.767  3.019  -38.060 0.0000000000
64901  -42.421  3.502  -38.484 0.0000000000
64902  -42.922  2.749  -38.832 0.0000000000
64911  -42.624  3.473  -39.406 0.0000000000
64912  -43.260  2.638  -39.884 0.0000000000
64913  -47.873  3.273  -40.241 0.0000000000
64914  -47.852  3.146  -39.850 0.0000000000
64919  -42.765  3.344  -40.517 0.0000000000
64920  -43.387  2.447  -41.057 0.0000000000
64921  -47.851  3.095  -40.761 0.0000000000
64922  -47.784  2.774  -40.293 0.0000000000
64923  -42.704  3.052  -41.953 0.0000000000
64924  -43.736  2.469  -42.043 0.0000000000
64925  -47.662  3.306  -42.066 0.0000000000
64926  -42.855  3.248  -43.257 0.0000000000
64927  -44.022  2.819  -43.133 0.0000000000
64928  -45.397  2.817  -43.749 0.0000000000
64929  -46.612  2.646  -43.880 0.0000000000
64930  -47.600  3.177  -43.330 0.0000000000
64934  -42.903  3.531  -43.822 0.0000000000
64935  -43.644  3.532  -43.863 0.0000000000
64936  -44.914  3.513  -44.212 0.0000000000
64937  -46.411  3.413  -44.639 0.0000000000
64938  -47.516  3.464  -44.379 0.0000000000
65706  -41.882  4.050  -37.424 0.0000000000
65722  -41.990  4.105  -38.053 0.0000000000
65737  -41.693  4.685  -38.280 0.0000000000
65738  -42.041  4.244  -38.909 0.0000000000
65750  -41.841  4.702  -39.930 0.0000000000
65751  -42.239  4.314  -39.874 0.0000000000
65763  -41.837  4.681  -40.412 0.0000000000
65764  -42.281  4.053  -40.969 0.0000000000
65767  -47.598  4.083  -41.465 0.0000000000
65774  -41.794  4.687  -41.267 0.0000000000
65775  -42.114  4.027  -41.826 0.0000000000
65776  -47.851  5.053  -41.807 0.0000000000
65777  -48.118  4.619  -42.958 0.0000000000
65778  -49.243  4.959  -43.974 0.0000000000
65779  -41.731  4.617  -42.250 0.0000000000
65780  -42.199  3.803  -42.738 0.0000000000
65781  -48.322  4.322  -44.156 0.0000000000
65782  -49.102  4.998  -44.797 0.0000000000
65786  -41.619  4.355  -43.300 0.0000000000
65787  -42.262  3.742  -43.797 0.0000000000
65788  -43.089  3.951  -44.298 0.0000000000
65789  -44.257  4.274  -44.521 0.0000000000
65790  -45.751  4.587  -44.813 0.0000000000
65791  -47.777  4.616  -44.869 0.0000000000
65792  -48.749  5.322  -45.051 0.0000000000
65796  -41.636  4.247  -44.192 0.0000000000
65797  -42.301  4.331  -44.634 0.0000000000
65798  -43.404  4.821  -44.855 0.0000000000
65799  -44.564  5.067  -45.032 0.0000000000
65800  -45.152  5.152  -44.920 0.0000000000
66563  -41.894  4.599  -39.333 0.0000000000
66573  -41.585  5.062  -39.866 0.0000000000
66574  -41.798  4.748  -39.590 0.0000000000
66595  -47.352  5.590  -41.593 0.0000000000
66596  -48.258  5.725  -42.486 0.0000000000
66597  -49.072  5.563  -43.391 0.0000000000
66602  -48.603  6.089  -43.477 0.0000000000
66603  -49.324  5.739  -44.302 0.0000000000
66609  -46.739  5.456  -44.524 0.0000000000
66610  -48.258  5.850  -44.492 0.0000000000
66611  -49.169  5.651  -44.977 0.0000000000
66617  -41.251  4.580  -45.068 0.0000000000
66618  -42.449  5.216  -45.328 0.0000000000
66619  -43.626  5.846  -45.269 0.0000000000
66620  -44.685  5.676  -44.932 0.0000000000
66621  -45.550  5.493  -44.680 0.0000000000
66625  -40.239  4.825  -45.734 0.0000000000
66626  -41.439  5.492  -46.105 0.0000000000
66627  -42.677  6.130  -45.806 0.0000000000
66628  -43.140  6.406  -45.490 0.0000000000
66630  -40.255  5.268  -46.412 0.0000000000
66631  -40.932  5.722  -46.522 0.0000000000
67395  -44.375  6.895  -40.916 0.0000000000
67406  -44.286  7.077  -41.331 0.0000000000
67407  -45.148  6.750  -41.763 0.0000000000
67408  -46.485  6.117  -41.572 0.0000000000
67409  -47.552  5.961  -42.035 0.0000000000
67416  -45.640  6.821  -42.918 0.0000000000
67417  -46.584  6.431  -42.700 0.0000000000
67418  -47.639  6.147  -42.620 0.0000000000
67425  -45.487  6.670  -43.787 0.0000000000
67426  -46.689  6.293  -43.803 0.0000000000
67427  -47.672  6.245  -43.456 0.0000000000
67433  -44.179  6.388  -45.011 0.0000000000
67434  -45.020  6.346  -44.561 0.0000000000
67435  -45.942  6.083  -44.335 0.0000000000
67441  -42.210  6.568  -46.390 0.0000000000
67442  -42.885  6.658  -45.720 0.0000000000
67443  -43.458  6.555  -45.361 0.0000000000
67446  -39.251  5.644  -46.750 0.0000000000
67447  -40.622  6.045  -46.768 0.0000000000
67448  -41.396  6.172  -46.627 0.0000000000
68329  -43.782  7.832  -39.829 0.0000000000
68341  -43.349  7.817  -41.309 0.0000000000
68342  -43.702  7.504  -40.773 0.0000000000
68343  -44.176  7.138  -40.289 0.0000000000
68353  -43.243  7.873  -42.112 0.0000000000
68354  -44.117  7.280  -41.945 0.0000000000
68355  -44.929  7.055  -42.384 0.0000000000
68363  -43.278  7.969  -43.178 0.0000000000
68364  -44.025  7.550  -43.003 0.0000000000
68365  -44.843  7.200  -42.990 0.0000000000
68372  -43.331  7.839  -44.240 0.0000000000
68373  -43.905  7.407  -44.000 0.0000000000
68374  -44.658  7.107  -43.880 0.0000000000
68380  -43.170  7.611  -45.136 0.0000000000
68381  -43.788  7.140  -45.002 0.0000000000
68382  -44.381  6.923  -44.600 0.0000000000
68389  -42.111  7.281  -46.348 0.0000000000
68390  -42.718  7.249  -45.867 0.0000000000
68391  -43.281  6.989  -45.558 0.0000000000
68396  -39.189  6.697  -47.214 0.0000000000
68397  -40.321  6.747  -47.090 0.0000000000
68398  -41.439  6.939  -46.817 0.0000000000
69243  -43.511  8.555  -39.274 0.0000000000
69258  -42.708  9.008  -40.367 0.0000000000
69259  -43.159  8.498  -40.109 0.0000000000
69268  -42.765  8.509  -41.097 0.0000000000
69269  -43.258  8.122  -40.797 0.0000000000
69280  -42.044  9.081  -42.526 0.0000000000
69281  -42.458  8.574  -42.310 0.0000000000
69290  -42.205  8.838  -43.069 0.0000000000
69291  -42.699  8.357  -43.536 0.0000000000
69298  -42.173  8.709  -44.111 0.0000000000
69299  -42.848  8.186  -44.458 0.0000000000
69305  -42.073  8.697  -45.318 0.0000000000
69306  -42.645  8.131  -45.206 0.0000000000
69313  -41.700  8.065  -46.313 0.0000000000
69314  -42.272  7.851  -45.866 0.0000000000
69317  -37.548  8.197  -47.461 0.0000000000
69318  -38.068  7.920  -47.248 0.0000000000
69319  -39.150  7.844  -47.225 0.0000000000
69320  -40.152  7.704  -47.198 0.0000000000
69321  -40.951  7.723  -46.899 0.0000000000
69325  -37.313  7.576  -47.549 0.0000000000
70138  -42.911  9.976  -39.159 0.0000000000
70139  -43.353  9.488  -38.880 0.0000000000
70152  -42.755  9.508  -39.701 0.0000000000
70153  -43.147  9.006  -39.430 0.0000000000
70162  -41.960  10.059  -41.128 0.0000000000
70163  -42.332  9.555  -40.746 0.0000000000
70174  -41.892  9.521  -41.825 0.0000000000
70175  -42.312  9.017  -41.455 0.0000000000
70185  -41.669  9.388  -43.018 0.0000000000
70195  -40.924  10.183  -44.414 0.0000000000
70196  -41.365  9.567  -44.300 0.0000000000
70203  -41.031  9.998  -45.112 0.0000000000
70204  -41.513  9.221  -45.694 0.0000000000
70211  -40.946  9.683  -46.106 0.0000000000
70212  -41.084  8.692  -46.555 0.0000000000
70216  -37.381  8.526  -47.560 0.0000000000
70217  -37.973  9.085  -47.223 0.0000000000
70218  -39.011  9.002  -46.953 0.0000000000
70219  -40.196  8.965  -46.803 0.0000000000
70220  -40.637  8.245  -46.862 0.0000000000
70224  -37.003  8.930  -47.781 0.0000000000
70225  -37.722  9.666  -47.537 0.0000000000
71011  -43.078  10.435  -38.857 0.0000000000
71026  -42.190  10.816  -39.858 0.0000000000
71027  -42.610  10.494  -39.399 0.0000000000
71036  -41.915  10.593  -40.548 0.0000000000
71037  -42.337  10.183  -40.017 0.0000000000
71046  -41.585  10.540  -41.408 0.0000000000
71055  -40.941  10.611  -42.831 0.0000000000
71056  -41.343  10.292  -42.351 0.0000000000
71064  -40.769  10.548  -43.689 0.0000000000
71065  -41.178  10.061  -43.209 0.0000000000
71071  -40.604  10.652  -44.621 0.0000000000
71075  -40.171  10.636  -45.965 0.0000000000
71076  -40.531  10.455  -45.526 0.0000000000
71081  -38.822  9.884  -46.943 0.0000000000
71082  -39.676  10.256  -46.588 0.0000000000
71083  -40.389  10.060  -46.269 0.0000000000
71087  -36.546  9.622  -48.171 0.0000000000
71088  -37.499  10.199  -47.951 0.0000000000
71089  -38.300  10.349  -47.365 0.0000000000
71090  -39.049  10.629  -46.944 0.0000000000
71095  -37.028  10.474  -48.336 0.0000000000
71813  -42.844  11.078  -39.032 0.0000000000
71827  -41.923  11.378  -40.092 0.0000000000
71828  -42.456  11.514  -39.507 0.0000000000
71838  -41.079  12.304  -41.249 0.0000000000
71839  -41.315  11.741  -40.819 0.0000000000
71848  -40.954  11.968  -41.714 0.0000000000
71849  -41.199  11.146  -41.903 0.0000000000
71858  -40.690  11.429  -42.683 0.0000000000
71859  -41.040  10.866  -42.423 0.0000000000
71868  -39.949  12.204  -44.297 0.0000000000
71869  -40.249  11.608  -43.985 0.0000000000
71876  -39.916  11.910  -44.827 0.0000000000
71877  -40.276  11.183  -45.062 0.0000000000
71881  -39.870  11.373  -45.797 0.0000000000
71882  -40.217  10.919  -45.581 0.0000000000
71887  -39.404  11.284  -46.655 0.0000000000
71892  -37.533  10.841  -48.372 0.0000000000
71893  -38.202  11.318  -48.290 0.0000000000
71894  -38.901  11.302  -47.319 0.0000000000
71900  -37.218  11.350  -48.823 0.0000000000
71901  -38.019  12.021  -49.436 0.0000000000
71902  -36.917  12.054  -49.458 0.0000000000
71903  -37.564  12.249  -49.887 0.0000000000
71904  -37.946  12.392  -50.077 0.0000000000
72631  -42.044  12.288  -40.017 0.0000000000
72644  -41.313  12.642  -41.057 0.0000000000
72645  -41.912  13.073  -40.729 0.0000000000
72658  -41.206  12.891  -41.661 0.0000000000
72659  -41.594  13.093  -41.236 0.0000000000
72669  -40.750  12.422  -42.270 0.0000000000
72677  -39.948  12.634  -43.864 0.0000000000
72678  -40.359  12.502  -43.056 0.0000000000
72686  -39.665  12.644  -44.554 0.0000000000
72693  -39.541  12.426  -45.364 0.0000000000
72701  -39.139  12.496  -46.758 0.0000000000
72702  -39.431  12.190  -46.261 0.0000000000
72712  -38.853  12.315  -47.578 0.0000000000
72713  -39.184  11.915  -46.922 0.0000000000
72724  -38.468  12.517  -48.853 0.0000000000
72727  -37.150  12.789  -50.620 0.0000000000
72728  -37.850  12.632  -50.598 0.0000000000
72729  -38.262  12.740  -50.113 0.0000000000
72730  -37.360  13.224  -51.428 0.0000000000
72731  -37.752  12.972  -51.287 0.0000000000
72732  -38.146  12.953  -50.973 0.0000000000
73431  -42.386  13.749  -41.021 0.0000000000
73444  -41.471  13.532  -42.016 0.0000000000
73445  -42.080  13.810  -41.590 0.0000000000
73455  -40.904  13.370  -42.480 0.0000000000
73456  -41.758  14.132  -42.420 0.0000000000
73463  -39.721  13.304  -44.172 0.0000000000
73464  -40.281  13.641  -43.455 0.0000000000
73471  -39.169  13.742  -45.346 0.0000000000
73472  -39.322  13.505  -45.023 0.0000000000
73480  -39.050  13.701  -45.685 0.0000000000
73481  -39.203  12.977  -45.865 0.0000000000
73490  -38.944  13.343  -46.687 0.0000000000
73491  -39.171  12.742  -46.373 0.0000000000
73500  -38.642  13.436  -48.046 0.0000000000
73509  -38.401  13.599  -49.371 0.0000000000
73513  -36.474  13.735  -50.274 0.0000000000
73514  -38.029  14.432  -51.480 0.0000000000
73515  -38.133  13.867  -50.742 0.0000000000
73516  -36.905  13.843  -51.424 0.0000000000
73517  -37.606  13.926  -51.556 0.0000000000
73518  -38.009  13.305  -51.304 0.0000000000
74238  -42.600  14.962  -42.295 0.0000000000
74244  -41.221  14.219  -43.093 0.0000000000
74245  -42.252  14.977  -43.240 0.0000000000
74248  -39.876  14.084  -44.298 0.0000000000
74249  -40.981  14.997  -44.106 0.0000000000
74250  -42.226  15.481  -43.932 0.0000000000
74253  -39.122  14.046  -45.393 0.0000000000
74254  -39.836  14.657  -45.255 0.0000000000
74255  -40.659  15.060  -45.019 0.0000000000
74257  -38.879  14.586  -46.112 0.0000000000
74258  -39.452  15.062  -45.985 0.0000000000
74260  -38.644  14.480  -47.359 0.0000000000
74264  -38.431  14.513  -48.535 0.0000000000
74272  -35.718  14.712  -49.816 0.0000000000
74273  -38.266  15.567  -50.374 0.0000000000
74274  -38.296  14.829  -49.880 0.0000000000
74279  -35.713  16.021  -51.474 0.0000000000
74280  -36.075  15.045  -51.201 0.0000000000
74281  -38.147  15.056  -50.995 0.0000000000
74282  -38.231  14.552  -50.543 0.0000000000
74283  -35.906  16.103  -52.172 0.0000000000
74284  -36.918  15.205  -52.339 0.0000000000
74285  -37.853  15.175  -52.106 0.0000000000
74286  -37.182  16.104  -53.156 0.0000000000
74287  -37.530  15.660  -52.773 0.0000000000
75048  -40.586  15.312  -45.443 0.0000000000
75055  -37.959  16.109  -47.681 0.0000000000
75056  -38.446  15.600  -47.046 0.0000000000
75061  -34.894  17.332  -49.142 0.0000000000
75062  -34.898  17.600  -49.898 0.0000000000
75063  -38.033  16.297  -48.553 0.0000000000
75064  -38.325  15.416  -47.950 0.0000000000
75072  -35.284  16.395  -49.914 0.0000000000
75073  -35.633  15.448  -50.453 0.0000000000
75074  -38.170  16.160  -49.793 0.0000000000
75075  -38.267  15.447  -48.881 0.0000000000
75079  -35.314  17.007  -51.398 0.0000000000
75080  -35.619  15.963  -50.881 0.0000000000
75081  -38.265  16.174  -50.919 0.0000000000
75083  -35.737  17.292  -52.636 0.0000000000
75084  -38.226  15.947  -51.779 0.0000000000
75085  -37.819  16.448  -52.602 0.0000000000
75086  -36.929  17.241  -53.151 0.0000000000
75848  -35.248  18.121  -49.515 0.0000000000
75849  -36.641  17.887  -49.352 0.0000000000
75850  -37.585  17.217  -49.477 0.0000000000
75857  -37.221  18.144  -50.583 0.0000000000
75858  -37.915  17.194  -50.768 0.0000000000
75861  -38.187  16.842  -51.713 0.0000000000
76595  -36.249  18.451  -50.463 0.0000000000
76597  -37.629  17.907  -52.020 0.0000000000
105202  -36.398  16.319  -53.018 0.0000000000
105203  -34.853  17.826  -51.361 0.0000000000
105204  -36.444  18.198  -52.399 0.0000000000
105205  -34.920  17.699  -50.666 0.0000000000
105206  -36.657  18.641  -51.448 0.0000000000
105207  -35.481  18.183  -51.365 0.0000000000
