#!ascii label  , from subject FREESURFER vox2ras=TkReg 
520
11811  -27.487  -62.595  -14.506 0.0000000000
12334  -25.529  -61.077  -13.922 0.0000000000
12335  -26.335  -61.103  -13.835 0.0000000000
12336  -27.199  -61.078  -13.816 0.0000000000
12337  -27.945  -60.972  -13.905 0.0000000000
12351  -24.974  -61.519  -14.380 0.0000000000
12352  -25.982  -61.763  -14.275 0.0000000000
12353  -26.889  -61.818  -14.189 0.0000000000
12354  -27.760  -61.720  -14.227 0.0000000000
12856  -23.743  -59.879  -13.759 0.0000000000
12857  -24.656  -60.477  -13.783 0.0000000000
12858  -25.745  -60.402  -13.547 0.0000000000
12859  -26.674  -60.347  -13.507 0.0000000000
12860  -27.517  -60.329  -13.616 0.0000000000
12861  -28.093  -60.429  -13.787 0.0000000000
12872  -24.357  -60.962  -14.257 0.0000000000
13359  -23.418  -58.677  -13.230 0.0000000000
13360  -23.807  -58.764  -13.087 0.0000000000
13361  -24.677  -58.905  -12.866 0.0000000000
13362  -25.615  -58.985  -12.753 0.0000000000
13363  -26.417  -58.982  -12.792 0.0000000000
13369  -23.226  -58.988  -13.480 0.0000000000
13370  -24.209  -59.465  -13.355 0.0000000000
13371  -25.170  -59.667  -13.222 0.0000000000
13372  -26.125  -59.657  -13.145 0.0000000000
13373  -27.079  -59.465  -13.196 0.0000000000
13374  -28.018  -59.644  -13.609 0.0000000000
13862  -22.759  -57.988  -13.130 0.0000000000
13863  -23.209  -58.255  -13.064 0.0000000000
13864  -24.154  -58.145  -12.617 0.0000000000
13865  -25.146  -58.202  -12.402 0.0000000000
13866  -26.111  -58.291  -12.415 0.0000000000
13867  -27.024  -58.382  -12.717 0.0000000000
13868  -27.657  -58.096  -13.080 0.0000000000
13879  -22.495  -58.209  -13.385 0.0000000000
13880  -22.979  -58.495  -13.324 0.0000000000
13881  -27.605  -58.816  -13.262 0.0000000000
14389  -25.445  -56.850  -11.677 0.0000000000
14390  -26.194  -56.908  -11.717 0.0000000000
14391  -26.783  -56.858  -11.899 0.0000000000
14392  -27.053  -57.065  -12.125 0.0000000000
14399  -22.147  -57.111  -12.930 0.0000000000
14400  -22.582  -57.457  -12.924 0.0000000000
14401  -23.550  -57.364  -12.477 0.0000000000
14402  -24.612  -57.205  -11.988 0.0000000000
14403  -25.703  -57.535  -11.982 0.0000000000
14404  -26.627  -57.493  -12.181 0.0000000000
14405  -27.389  -57.357  -12.553 0.0000000000
14406  -28.017  -57.427  -13.220 0.0000000000
14418  -21.803  -57.320  -13.239 0.0000000000
14419  -22.295  -57.670  -13.197 0.0000000000
14920  -24.171  -55.901  -11.708 0.0000000000
14921  -24.897  -56.225  -11.599 0.0000000000
14922  -25.816  -56.207  -11.529 0.0000000000
14923  -26.606  -56.255  -11.677 0.0000000000
14924  -27.270  -56.463  -12.081 0.0000000000
14933  -22.121  -56.492  -12.733 0.0000000000
14934  -23.004  -56.495  -12.375 0.0000000000
14935  -23.826  -56.505  -11.992 0.0000000000
14936  -24.354  -56.478  -11.789 0.0000000000
14937  -27.880  -56.501  -12.722 0.0000000000
14948  -21.594  -56.479  -13.045 0.0000000000
15449  -24.071  -55.324  -11.684 0.0000000000
15450  -24.601  -55.352  -11.574 0.0000000000
15451  -25.416  -55.426  -11.474 0.0000000000
15452  -26.287  -55.462  -11.510 0.0000000000
15453  -27.092  -55.520  -11.763 0.0000000000
15460  -22.082  -55.686  -12.633 0.0000000000
15461  -22.616  -55.609  -12.404 0.0000000000
15462  -23.487  -55.437  -11.933 0.0000000000
15463  -27.738  -55.560  -12.326 0.0000000000
15469  -20.615  -55.519  -13.444 0.0000000000
15470  -21.524  -55.585  -12.951 0.0000000000
16012  -24.167  -54.601  -11.726 0.0000000000
16013  -25.028  -54.619  -11.514 0.0000000000
16014  -25.916  -54.642  -11.453 0.0000000000
16015  -26.774  -54.656  -11.601 0.0000000000
16016  -27.517  -54.624  -12.037 0.0000000000
16021  -22.208  -55.030  -12.630 0.0000000000
16022  -23.006  -54.486  -12.433 0.0000000000
16023  -23.614  -54.542  -12.000 0.0000000000
16024  -28.213  -54.611  -12.647 0.0000000000
16030  -21.079  -54.512  -13.352 0.0000000000
16031  -21.892  -54.452  -12.977 0.0000000000
16032  -22.401  -54.412  -12.744 0.0000000000
16569  -24.238  -54.046  -11.818 0.0000000000
16570  -24.659  -53.869  -11.716 0.0000000000
16571  -25.552  -53.839  -11.553 0.0000000000
16572  -26.434  -53.837  -11.572 0.0000000000
16573  -27.210  -53.821  -11.809 0.0000000000
16577  -23.292  -53.475  -12.651 0.0000000000
16578  -23.994  -53.704  -12.116 0.0000000000
16579  -24.641  -53.289  -11.943 0.0000000000
16580  -27.936  -53.552  -12.350 0.0000000000
16587  -20.745  -53.386  -13.786 0.0000000000
16588  -21.765  -53.522  -13.400 0.0000000000
16589  -22.575  -53.687  -12.953 0.0000000000
16598  -20.193  -53.233  -14.102 0.0000000000
17089  -25.231  -53.096  -11.785 0.0000000000
17090  -26.125  -53.015  -11.674 0.0000000000
17091  -26.967  -53.075  -11.777 0.0000000000
17092  -27.439  -53.225  -12.025 0.0000000000
17096  -23.135  -52.919  -13.001 0.0000000000
17097  -23.827  -52.614  -12.718 0.0000000000
17098  -24.756  -52.527  -12.258 0.0000000000
17099  -25.800  -52.208  -12.079 0.0000000000
17100  -26.759  -52.233  -12.065 0.0000000000
17101  -27.637  -52.489  -12.279 0.0000000000
17102  -28.548  -52.531  -12.744 0.0000000000
17106  -21.002  -52.563  -13.982 0.0000000000
17107  -21.708  -52.483  -13.835 0.0000000000
17108  -22.660  -52.587  -13.450 0.0000000000
17109  -23.398  -52.284  -13.216 0.0000000000
17123  -20.376  -52.479  -14.278 0.0000000000
17124  -21.293  -51.944  -14.217 0.0000000000
17662  -23.903  -51.839  -13.156 0.0000000000
17663  -24.508  -51.726  -12.845 0.0000000000
17664  -25.452  -51.247  -12.727 0.0000000000
17665  -26.523  -51.290  -12.435 0.0000000000
17666  -27.466  -51.379  -12.415 0.0000000000
17667  -28.370  -51.482  -12.629 0.0000000000
17668  -29.125  -51.618  -13.003 0.0000000000
17677  -22.001  -51.691  -14.202 0.0000000000
17678  -22.594  -51.741  -13.963 0.0000000000
17679  -23.481  -51.482  -13.671 0.0000000000
17680  -24.373  -51.194  -13.389 0.0000000000
17681  -24.891  -51.166  -13.135 0.0000000000
17699  -20.922  -51.332  -14.622 0.0000000000
17700  -21.801  -51.113  -14.498 0.0000000000
17701  -22.541  -51.062  -14.329 0.0000000000
17702  -23.113  -51.087  -14.137 0.0000000000
18289  -25.704  -50.482  -13.078 0.0000000000
18290  -26.334  -50.293  -12.850 0.0000000000
18291  -27.272  -50.371  -12.588 0.0000000000
18292  -28.194  -50.437  -12.594 0.0000000000
18293  -29.217  -50.502  -12.895 0.0000000000
18294  -29.802  -49.974  -13.120 0.0000000000
18312  -23.597  -50.718  -14.097 0.0000000000
18313  -24.214  -50.466  -13.893 0.0000000000
18314  -25.137  -50.420  -13.443 0.0000000000
18315  -25.857  -49.973  -13.274 0.0000000000
18316  -29.565  -51.082  -13.193 0.0000000000
18338  -20.609  -50.651  -15.122 0.0000000000
18339  -21.595  -50.274  -14.992 0.0000000000
18340  -22.418  -50.339  -14.679 0.0000000000
18341  -23.228  -50.344  -14.417 0.0000000000
18342  -23.853  -50.167  -14.241 0.0000000000
18367  -21.045  -49.949  -15.451 0.0000000000
19016  -26.361  -49.310  -13.204 0.0000000000
19017  -27.093  -49.388  -12.786 0.0000000000
19018  -27.941  -49.441  -12.602 0.0000000000
19019  -28.814  -49.465  -12.645 0.0000000000
19020  -29.595  -49.396  -12.887 0.0000000000
19041  -24.204  -49.863  -14.197 0.0000000000
19042  -24.757  -49.400  -14.094 0.0000000000
19043  -25.639  -49.309  -13.612 0.0000000000
19044  -30.231  -49.426  -13.273 0.0000000000
19066  -21.884  -49.768  -15.170 0.0000000000
19067  -22.253  -49.643  -15.064 0.0000000000
19068  -22.995  -49.548  -14.788 0.0000000000
19069  -23.916  -49.405  -14.507 0.0000000000
19070  -24.460  -48.917  -14.441 0.0000000000
19094  -20.857  -49.282  -15.999 0.0000000000
19095  -21.746  -49.355  -15.464 0.0000000000
19096  -22.314  -49.128  -15.296 0.0000000000
19773  -26.895  -48.436  -13.014 0.0000000000
19774  -27.671  -48.473  -12.674 0.0000000000
19775  -28.499  -48.493  -12.567 0.0000000000
19776  -29.319  -48.486  -12.660 0.0000000000
19777  -30.086  -48.482  -12.965 0.0000000000
19795  -25.438  -48.312  -13.981 0.0000000000
19796  -26.173  -48.397  -13.484 0.0000000000
19797  -30.760  -48.522  -13.523 0.0000000000
19821  -22.699  -49.053  -15.132 0.0000000000
19822  -23.361  -48.492  -15.000 0.0000000000
19823  -24.231  -48.420  -14.670 0.0000000000
19824  -24.815  -48.414  -14.399 0.0000000000
19843  -21.300  -48.209  -16.094 0.0000000000
19844  -22.426  -48.376  -15.442 0.0000000000
19845  -23.016  -47.956  -15.285 0.0000000000
20532  -26.619  -47.506  -13.218 0.0000000000
20533  -27.342  -47.520  -12.770 0.0000000000
20534  -28.144  -47.525  -12.529 0.0000000000
20535  -28.977  -47.518  -12.497 0.0000000000
20536  -29.798  -47.501  -12.692 0.0000000000
20555  -25.442  -47.407  -14.051 0.0000000000
20556  -25.927  -47.481  -13.662 0.0000000000
20557  -30.564  -47.480  -13.158 0.0000000000
20558  -31.331  -47.431  -13.972 0.0000000000
20578  -24.006  -47.608  -14.941 0.0000000000
20579  -24.634  -47.636  -14.606 0.0000000000
20580  -25.117  -47.730  -14.326 0.0000000000
20597  -21.963  -47.265  -15.752 0.0000000000
20598  -22.756  -47.374  -15.435 0.0000000000
20599  -23.378  -47.490  -15.195 0.0000000000
20613  -21.267  -47.014  -16.283 0.0000000000
21250  -26.928  -46.586  -12.872 0.0000000000
21251  -27.713  -46.561  -12.563 0.0000000000
21252  -28.545  -46.536  -12.453 0.0000000000
21253  -29.384  -46.508  -12.527 0.0000000000
21254  -30.200  -46.474  -12.803 0.0000000000
21269  -21.515  -45.908  -13.839 0.0000000000
21270  -25.621  -46.652  -13.871 0.0000000000
21271  -26.266  -46.607  -13.406 0.0000000000
21272  -30.875  -46.402  -13.382 0.0000000000
21273  -31.348  -46.192  -13.950 0.0000000000
21285  -21.163  -46.026  -14.399 0.0000000000
21286  -23.763  -46.757  -15.102 0.0000000000
21287  -24.386  -46.759  -14.810 0.0000000000
21288  -25.070  -46.848  -14.406 0.0000000000
21303  -21.613  -46.147  -15.945 0.0000000000
21304  -22.415  -46.381  -15.581 0.0000000000
21305  -23.153  -46.636  -15.315 0.0000000000
21320  -20.895  -45.981  -16.422 0.0000000000
21969  -26.489  -45.680  -13.097 0.0000000000
21970  -27.198  -45.620  -12.625 0.0000000000
21971  -28.025  -45.569  -12.418 0.0000000000
21972  -28.879  -45.522  -12.399 0.0000000000
21973  -29.727  -45.476  -12.603 0.0000000000
21987  -21.793  -45.291  -13.333 0.0000000000
21988  -22.215  -44.802  -14.049 0.0000000000
21989  -25.328  -45.827  -14.267 0.0000000000
21990  -25.873  -45.743  -13.677 0.0000000000
21991  -30.503  -45.434  -13.009 0.0000000000
21992  -31.125  -45.361  -13.608 0.0000000000
22005  -20.967  -45.548  -14.958 0.0000000000
22006  -21.591  -45.060  -14.900 0.0000000000
22007  -22.151  -44.525  -14.656 0.0000000000
22008  -23.489  -46.186  -15.224 0.0000000000
22009  -23.958  -45.771  -15.117 0.0000000000
22010  -24.735  -45.895  -14.719 0.0000000000
22024  -20.547  -45.306  -15.632 0.0000000000
22025  -21.225  -45.002  -16.156 0.0000000000
22026  -22.010  -45.348  -15.764 0.0000000000
22027  -22.975  -45.533  -15.437 0.0000000000
22028  -23.514  -45.069  -15.358 0.0000000000
22043  -20.647  -45.355  -16.538 0.0000000000
22706  -21.359  -44.530  -12.557 0.0000000000
22707  -26.653  -44.711  -12.848 0.0000000000
22708  -27.435  -44.638  -12.476 0.0000000000
22709  -28.276  -44.565  -12.343 0.0000000000
22710  -29.171  -44.484  -12.401 0.0000000000
22711  -30.083  -44.420  -12.701 0.0000000000
22722  -22.135  -44.413  -13.319 0.0000000000
22723  -22.454  -44.229  -14.193 0.0000000000
22724  -25.598  -44.890  -14.139 0.0000000000
22725  -26.117  -44.834  -13.519 0.0000000000
22726  -30.806  -44.435  -13.267 0.0000000000
22727  -31.440  -44.320  -13.888 0.0000000000
22735  -21.689  -44.389  -15.875 0.0000000000
22736  -22.258  -44.044  -15.369 0.0000000000
22737  -22.540  -43.654  -15.808 0.0000000000
22738  -24.500  -45.212  -14.978 0.0000000000
22739  -25.020  -44.941  -14.744 0.0000000000
22747  -21.801  -44.770  -16.033 0.0000000000
22748  -22.243  -44.684  -15.720 0.0000000000
22749  -22.993  -44.258  -15.506 0.0000000000
22750  -24.040  -44.692  -15.275 0.0000000000
22751  -24.585  -44.750  -15.042 0.0000000000
23439  -22.012  -43.448  -12.757 0.0000000000
23440  -22.699  -42.682  -13.289 0.0000000000
23441  -26.884  -43.742  -12.726 0.0000000000
23442  -27.607  -43.687  -12.439 0.0000000000
23443  -28.443  -43.521  -12.298 0.0000000000
23444  -29.466  -43.387  -12.406 0.0000000000
23445  -30.621  -43.252  -12.924 0.0000000000
23446  -31.181  -42.506  -13.182 0.0000000000
23458  -22.444  -43.896  -13.557 0.0000000000
23459  -22.722  -43.323  -14.335 0.0000000000
23460  -25.850  -44.209  -13.974 0.0000000000
23461  -26.276  -43.827  -13.499 0.0000000000
23462  -31.123  -43.793  -13.466 0.0000000000
23463  -31.593  -43.118  -13.814 0.0000000000
23474  -22.071  -42.937  -15.873 0.0000000000
23475  -22.300  -43.477  -16.042 0.0000000000
23476  -25.429  -43.829  -14.628 0.0000000000
23477  -25.884  -43.722  -14.092 0.0000000000
23486  -22.387  -42.428  -16.317 0.0000000000
23487  -22.811  -43.046  -16.074 0.0000000000
23488  -23.864  -43.611  -15.579 0.0000000000
23489  -24.648  -44.150  -15.140 0.0000000000
23498  -22.406  -42.159  -16.430 0.0000000000
23499  -22.605  -42.306  -16.352 0.0000000000
24189  -20.837  -42.462  -12.211 0.0000000000
24190  -22.014  -42.167  -12.581 0.0000000000
24191  -22.936  -41.823  -13.162 0.0000000000
24192  -27.126  -43.132  -12.665 0.0000000000
24193  -27.476  -42.581  -12.556 0.0000000000
24194  -28.604  -42.415  -12.267 0.0000000000
24195  -29.714  -42.152  -12.327 0.0000000000
24196  -30.738  -42.030  -12.694 0.0000000000
24197  -31.310  -41.914  -13.024 0.0000000000
24208  -23.052  -42.294  -14.239 0.0000000000
24209  -26.665  -42.599  -13.298 0.0000000000
24210  -26.981  -42.298  -12.871 0.0000000000
24211  -31.589  -42.091  -13.507 0.0000000000
24212  -31.997  -42.116  -14.115 0.0000000000
24225  -22.554  -42.376  -15.397 0.0000000000
24226  -25.524  -42.611  -15.036 0.0000000000
24227  -25.972  -43.061  -14.222 0.0000000000
24236  -22.558  -42.273  -16.292 0.0000000000
24237  -23.091  -42.035  -16.276 0.0000000000
24238  -23.903  -42.487  -15.881 0.0000000000
24239  -24.785  -43.096  -15.419 0.0000000000
24249  -22.327  -41.967  -16.417 0.0000000000
24250  -22.584  -41.919  -16.384 0.0000000000
24969  -28.947  -40.867  -12.213 0.0000000000
24970  -29.396  -40.716  -12.112 0.0000000000
24971  -29.716  -40.470  -12.002 0.0000000000
24981  -21.028  -41.299  -12.286 0.0000000000
24982  -22.135  -41.068  -12.563 0.0000000000
24983  -23.101  -40.793  -13.133 0.0000000000
24984  -23.471  -40.318  -13.409 0.0000000000
24985  -27.760  -41.351  -12.579 0.0000000000
24986  -28.785  -41.444  -12.263 0.0000000000
24987  -29.406  -41.267  -12.213 0.0000000000
24988  -30.168  -41.052  -12.206 0.0000000000
24989  -31.317  -41.141  -12.713 0.0000000000
24990  -31.827  -40.633  -13.019 0.0000000000
24998  -23.369  -41.462  -14.122 0.0000000000
24999  -23.677  -40.732  -14.011 0.0000000000
25000  -26.665  -41.351  -13.932 0.0000000000
25001  -27.003  -41.758  -13.052 0.0000000000
25002  -31.566  -41.611  -13.197 0.0000000000
25003  -32.008  -41.188  -13.560 0.0000000000
25016  -22.886  -41.644  -15.244 0.0000000000
25017  -23.295  -41.005  -15.072 0.0000000000
25018  -25.602  -41.991  -15.230 0.0000000000
25019  -26.082  -41.863  -14.711 0.0000000000
25028  -23.001  -41.998  -16.227 0.0000000000
25029  -22.952  -41.226  -16.097 0.0000000000
25030  -23.903  -41.423  -15.857 0.0000000000
25031  -25.019  -41.862  -15.599 0.0000000000
25032  -25.628  -41.682  -15.301 0.0000000000
25041  -22.245  -41.755  -16.426 0.0000000000
25042  -22.483  -41.696  -16.378 0.0000000000
25741  -28.869  -40.298  -12.148 0.0000000000
25742  -29.281  -40.226  -11.996 0.0000000000
25743  -29.601  -40.091  -11.883 0.0000000000
25756  -21.162  -40.141  -12.342 0.0000000000
25757  -22.204  -39.961  -12.553 0.0000000000
25758  -23.103  -39.802  -12.918 0.0000000000
25759  -27.703  -40.324  -12.887 0.0000000000
25760  -28.348  -40.519  -12.436 0.0000000000
25761  -30.063  -40.184  -11.896 0.0000000000
25762  -30.784  -40.210  -12.164 0.0000000000
25763  -31.567  -40.071  -12.639 0.0000000000
25770  -23.953  -39.881  -13.688 0.0000000000
25771  -24.460  -39.410  -14.134 0.0000000000
25772  -26.738  -40.821  -14.124 0.0000000000
25773  -27.057  -40.599  -13.684 0.0000000000
25774  -32.234  -40.011  -13.317 0.0000000000
25785  -23.757  -40.439  -14.846 0.0000000000
25786  -24.216  -39.830  -14.788 0.0000000000
25787  -26.524  -40.576  -14.664 0.0000000000
25788  -26.825  -40.295  -14.270 0.0000000000
25801  -23.503  -40.832  -15.472 0.0000000000
25802  -24.004  -40.489  -15.464 0.0000000000
25803  -24.836  -40.736  -15.620 0.0000000000
25804  -25.698  -41.103  -15.398 0.0000000000
26566  -28.928  -39.939  -12.047 0.0000000000
26567  -29.204  -39.771  -11.914 0.0000000000
26568  -29.703  -39.730  -11.800 0.0000000000
26581  -22.250  -38.815  -12.551 0.0000000000
26582  -23.362  -38.800  -12.770 0.0000000000
26583  -28.007  -39.892  -12.715 0.0000000000
26584  -28.525  -39.437  -12.419 0.0000000000
26585  -29.356  -39.172  -11.817 0.0000000000
26586  -30.248  -39.381  -11.753 0.0000000000
26587  -31.177  -39.283  -12.076 0.0000000000
26588  -31.996  -39.065  -12.620 0.0000000000
26597  -24.239  -38.977  -13.393 0.0000000000
26598  -24.715  -38.911  -13.950 0.0000000000
26599  -27.692  -39.350  -13.385 0.0000000000
26600  -28.092  -39.012  -12.935 0.0000000000
26601  -32.587  -39.006  -13.459 0.0000000000
26613  -24.818  -39.176  -14.775 0.0000000000
26614  -25.581  -39.174  -15.076 0.0000000000
26615  -26.382  -39.413  -14.927 0.0000000000
26616  -26.949  -39.789  -14.316 0.0000000000
26629  -24.439  -39.803  -15.194 0.0000000000
26630  -24.849  -39.837  -15.393 0.0000000000
26631  -25.677  -40.074  -15.399 0.0000000000
27361  -29.174  -37.779  -11.941 0.0000000000
27362  -29.474  -37.833  -11.791 0.0000000000
27363  -30.066  -37.917  -11.614 0.0000000000
27373  -23.309  -37.674  -12.630 0.0000000000
27374  -24.027  -37.676  -12.746 0.0000000000
27375  -28.962  -38.194  -12.108 0.0000000000
27376  -29.769  -38.492  -11.662 0.0000000000
27377  -30.676  -38.416  -11.698 0.0000000000
27378  -31.500  -38.408  -12.032 0.0000000000
27379  -32.046  -38.186  -12.356 0.0000000000
27389  -23.967  -38.332  -12.847 0.0000000000
27390  -24.671  -38.197  -13.320 0.0000000000
27391  -25.263  -38.020  -13.847 0.0000000000
27392  -27.700  -38.283  -13.901 0.0000000000
27393  -28.147  -38.278  -13.069 0.0000000000
27394  -32.476  -38.292  -12.856 0.0000000000
27395  -32.836  -38.191  -13.461 0.0000000000
27406  -25.062  -38.563  -14.112 0.0000000000
27407  -25.561  -38.342  -14.490 0.0000000000
27408  -26.273  -38.464  -14.740 0.0000000000
27409  -27.121  -38.629  -14.481 0.0000000000
28149  -29.155  -37.306  -11.991 0.0000000000
28150  -29.848  -37.297  -11.623 0.0000000000
28151  -30.582  -37.525  -11.582 0.0000000000
28160  -24.512  -37.092  -12.813 0.0000000000
28161  -25.230  -36.952  -13.104 0.0000000000
28162  -28.551  -37.284  -12.670 0.0000000000
28163  -31.183  -37.804  -11.708 0.0000000000
28164  -31.744  -37.618  -11.983 0.0000000000
28165  -32.369  -37.469  -12.472 0.0000000000
28166  -32.854  -37.090  -12.856 0.0000000000
28175  -25.129  -37.561  -13.344 0.0000000000
28176  -25.698  -37.304  -13.885 0.0000000000
28177  -26.385  -37.130  -14.283 0.0000000000
28178  -27.880  -37.613  -13.844 0.0000000000
28179  -28.142  -37.172  -13.459 0.0000000000
28180  -32.784  -37.697  -12.994 0.0000000000
28181  -33.143  -37.320  -13.515 0.0000000000
28189  -26.142  -37.741  -14.492 0.0000000000
28190  -26.806  -37.611  -14.531 0.0000000000
28191  -27.432  -37.588  -14.315 0.0000000000
28930  -28.821  -36.301  -12.405 0.0000000000
28931  -29.555  -36.475  -11.742 0.0000000000
28932  -30.383  -36.699  -11.504 0.0000000000
28941  -25.594  -36.339  -13.215 0.0000000000
28942  -28.324  -36.507  -13.157 0.0000000000
28943  -31.235  -36.981  -11.586 0.0000000000
28944  -31.989  -36.796  -11.974 0.0000000000
28945  -32.583  -36.513  -12.456 0.0000000000
28946  -33.143  -36.351  -13.054 0.0000000000
28952  -26.259  -36.438  -13.792 0.0000000000
28953  -26.992  -36.664  -14.268 0.0000000000
28954  -27.726  -36.800  -14.041 0.0000000000
28955  -28.075  -36.627  -13.627 0.0000000000
28960  -27.163  -37.222  -14.423 0.0000000000
28961  -27.350  -37.058  -14.328 0.0000000000
29690  -28.715  -35.368  -12.447 0.0000000000
29691  -29.234  -35.570  -11.934 0.0000000000
29692  -30.136  -35.682  -11.511 0.0000000000
29693  -31.076  -35.412  -11.320 0.0000000000
29694  -32.054  -35.208  -11.557 0.0000000000
29695  -32.544  -34.584  -11.876 0.0000000000
29704  -27.796  -35.180  -13.357 0.0000000000
29705  -28.361  -35.640  -13.014 0.0000000000
29706  -30.904  -36.189  -11.399 0.0000000000
29707  -31.605  -36.110  -11.601 0.0000000000
29708  -32.229  -35.999  -11.998 0.0000000000
29709  -32.869  -35.317  -12.431 0.0000000000
29714  -25.974  -35.529  -13.259 0.0000000000
29715  -26.705  -35.643  -13.632 0.0000000000
29716  -27.395  -35.850  -13.758 0.0000000000
29717  -27.998  -36.076  -13.595 0.0000000000
29718  -33.469  -35.374  -13.443 0.0000000000
30476  -28.878  -34.855  -12.124 0.0000000000
30477  -29.509  -34.771  -11.738 0.0000000000
30478  -30.368  -34.679  -11.411 0.0000000000
30479  -31.288  -34.544  -11.232 0.0000000000
30480  -32.092  -34.272  -11.420 0.0000000000
30481  -32.600  -33.971  -11.756 0.0000000000
30492  -27.536  -34.396  -13.135 0.0000000000
30493  -28.198  -34.548  -12.663 0.0000000000
30494  -32.999  -34.135  -12.262 0.0000000000
30501  -27.096  -34.727  -13.413 0.0000000000
30502  -33.500  -34.238  -13.077 0.0000000000
31287  -31.833  -32.267  -10.342 0.0000000000
31288  -31.923  -32.202  -10.344 0.0000000000
31297  -31.844  -32.363  -10.386 0.0000000000
31298  -31.900  -32.288  -10.394 0.0000000000
31308  -28.784  -34.062  -11.934 0.0000000000
31309  -29.610  -33.873  -11.535 0.0000000000
31310  -30.537  -33.884  -11.182 0.0000000000
31311  -31.480  -33.796  -11.098 0.0000000000
31312  -32.289  -33.527  -11.423 0.0000000000
31313  -32.861  -33.341  -11.979 0.0000000000
31326  -33.355  -33.309  -12.622 0.0000000000
31334  -33.730  -33.192  -13.319 0.0000000000
32050  -31.668  -32.050  -10.352 0.0000000000
32051  -31.776  -31.946  -10.335 0.0000000000
32063  -32.075  -32.904  -11.127 0.0000000000
32064  -32.575  -32.475  -11.496 0.0000000000
32075  -30.766  -33.373  -10.843 0.0000000000
32076  -31.787  -33.218  -11.039 0.0000000000
32077  -32.635  -32.678  -11.614 0.0000000000
32078  -33.184  -32.505  -12.298 0.0000000000
32089  -33.614  -32.411  -12.941 0.0000000000
32856  -31.248  -31.470  -10.395 0.0000000000
32857  -31.755  -31.346  -10.405 0.0000000000
32872  -31.011  -31.874  -10.663 0.0000000000
32873  -32.082  -31.220  -10.637 0.0000000000
32892  -31.184  -33.129  -10.670 0.0000000000
32893  -32.847  -31.980  -11.833 0.0000000000
32894  -33.062  -31.763  -12.152 0.0000000000
32908  -33.445  -31.598  -12.651 0.0000000000
32919  -33.835  -31.504  -13.261 0.0000000000
33639  -31.330  -30.519  -10.389 0.0000000000
33640  -31.847  -30.780  -10.517 0.0000000000
33653  -31.713  -30.231  -10.603 0.0000000000
33654  -32.149  -30.515  -10.907 0.0000000000
33668  -33.064  -31.157  -12.183 0.0000000000
33669  -33.259  -30.811  -12.473 0.0000000000
33686  -33.615  -30.621  -12.963 0.0000000000
34439  -31.154  -30.021  -10.382 0.0000000000
34449  -31.235  -29.549  -10.641 0.0000000000
34450  -31.844  -29.796  -10.894 0.0000000000
34462  -31.710  -29.133  -11.111 0.0000000000
34463  -32.263  -29.566  -11.447 0.0000000000
34464  -33.116  -30.178  -12.427 0.0000000000
34475  -32.964  -29.169  -12.523 0.0000000000
34476  -33.274  -29.622  -12.719 0.0000000000
34496  -33.743  -29.622  -13.300 0.0000000000
35292  -32.565  -28.016  -12.580 0.0000000000
35293  -32.729  -28.531  -12.524 0.0000000000
35302  -32.544  -27.781  -12.656 0.0000000000
35303  -32.843  -28.378  -12.688 0.0000000000
35304  -33.370  -28.631  -13.096 0.0000000000
36096  -32.627  -27.425  -12.871 0.0000000000
36097  -33.022  -27.867  -13.016 0.0000000000
