#!ascii label  , from subject FREESURFER vox2ras=TkReg 
324
91617  -20.184  44.734  -25.682 0.0000000000
91618  -20.935  44.608  -25.538 0.0000000000
91619  -21.926  44.651  -25.611 0.0000000000
92161  -21.032  46.137  -24.947 0.0000000000
92162  -21.764  46.219  -25.024 0.0000000000
92163  -22.246  46.335  -25.135 0.0000000000
92177  -19.054  45.468  -26.123 0.0000000000
92178  -19.799  45.405  -25.655 0.0000000000
92179  -20.533  45.614  -25.372 0.0000000000
92180  -21.432  45.505  -25.333 0.0000000000
92181  -22.445  45.785  -25.426 0.0000000000
92628  -20.280  47.165  -24.157 0.0000000000
92629  -20.639  47.121  -24.115 0.0000000000
92642  -18.932  47.210  -25.166 0.0000000000
92643  -19.315  46.976  -24.925 0.0000000000
92644  -20.206  46.656  -24.642 0.0000000000
92645  -21.281  46.749  -24.428 0.0000000000
92646  -22.198  46.769  -24.789 0.0000000000
92647  -22.915  47.011  -25.081 0.0000000000
92648  -23.596  47.073  -25.360 0.0000000000
92663  -18.945  46.769  -25.685 0.0000000000
92664  -19.583  46.239  -25.412 0.0000000000
92665  -20.054  46.014  -25.321 0.0000000000
92666  -22.601  46.498  -25.206 0.0000000000
92667  -23.206  46.466  -25.496 0.0000000000
93148  -19.885  47.929  -23.825 0.0000000000
93149  -20.271  47.655  -23.845 0.0000000000
93150  -21.234  47.571  -23.820 0.0000000000
93151  -22.194  47.762  -23.785 0.0000000000
93152  -23.112  47.777  -23.904 0.0000000000
93153  -24.092  47.707  -24.062 0.0000000000
93154  -25.168  47.739  -24.172 0.0000000000
93155  -26.262  47.887  -24.165 0.0000000000
93156  -27.234  48.212  -24.206 0.0000000000
93163  -18.918  47.527  -24.807 0.0000000000
93164  -19.547  47.694  -24.215 0.0000000000
93165  -20.050  47.265  -24.153 0.0000000000
93166  -21.900  47.237  -24.250 0.0000000000
93167  -22.618  47.357  -24.453 0.0000000000
93168  -23.450  47.437  -24.726 0.0000000000
93183  -18.551  47.546  -25.317 0.0000000000
93695  -22.297  49.129  -22.874 0.0000000000
93696  -23.243  49.038  -22.827 0.0000000000
93697  -24.233  49.020  -22.904 0.0000000000
93698  -25.211  49.077  -23.058 0.0000000000
93699  -26.111  49.189  -23.232 0.0000000000
93700  -26.626  49.268  -23.343 0.0000000000
93706  -19.970  48.530  -23.701 0.0000000000
93707  -20.776  48.274  -23.497 0.0000000000
93708  -21.645  48.485  -23.268 0.0000000000
93709  -22.681  48.374  -23.261 0.0000000000
93710  -23.668  48.310  -23.320 0.0000000000
93711  -24.680  48.306  -23.421 0.0000000000
93712  -25.692  48.414  -23.518 0.0000000000
93713  -26.639  48.712  -23.612 0.0000000000
93714  -27.442  48.965  -23.782 0.0000000000
93715  -28.204  49.210  -23.923 0.0000000000
93716  -28.942  49.333  -24.144 0.0000000000
93723  -18.055  48.919  -25.091 0.0000000000
93724  -18.548  48.402  -24.773 0.0000000000
93725  -19.228  48.659  -24.088 0.0000000000
93738  -18.213  48.030  -25.309 0.0000000000
94264  -21.389  49.639  -22.987 0.0000000000
94265  -21.908  49.916  -22.820 0.0000000000
94266  -22.847  49.860  -22.711 0.0000000000
94267  -23.809  49.821  -22.684 0.0000000000
94268  -24.785  49.818  -22.743 0.0000000000
94269  -25.756  49.835  -22.864 0.0000000000
94270  -26.752  49.837  -23.112 0.0000000000
94271  -27.289  50.151  -23.184 0.0000000000
94277  -19.374  49.880  -23.851 0.0000000000
94278  -19.974  49.632  -23.576 0.0000000000
94279  -20.870  49.279  -23.233 0.0000000000
94280  -21.598  49.276  -22.979 0.0000000000
94281  -27.015  49.317  -23.444 0.0000000000
94282  -27.621  49.793  -23.434 0.0000000000
94283  -28.623  49.896  -23.701 0.0000000000
94284  -29.663  49.843  -24.130 0.0000000000
94293  -18.276  49.424  -24.873 0.0000000000
94294  -18.858  49.494  -24.265 0.0000000000
94295  -19.457  49.238  -23.857 0.0000000000
94752  -21.246  50.106  -23.043 0.0000000000
94753  -21.721  50.721  -23.196 0.0000000000
94754  -22.524  50.648  -22.990 0.0000000000
94755  -23.426  50.631  -22.819 0.0000000000
94756  -24.371  50.621  -22.717 0.0000000000
94757  -25.333  50.598  -22.725 0.0000000000
94758  -26.294  50.588  -22.827 0.0000000000
94759  -27.229  50.630  -23.047 0.0000000000
94760  -27.666  50.980  -23.096 0.0000000000
94765  -19.064  50.521  -24.157 0.0000000000
94766  -19.737  50.478  -23.740 0.0000000000
94767  -20.607  50.386  -23.365 0.0000000000
94768  -21.200  50.629  -23.259 0.0000000000
94769  -27.551  50.314  -23.234 0.0000000000
94770  -28.081  50.626  -23.294 0.0000000000
94771  -29.136  50.608  -23.648 0.0000000000
94772  -29.933  50.649  -23.995 0.0000000000
94778  -18.046  49.980  -25.157 0.0000000000
94779  -18.442  50.305  -24.734 0.0000000000
94788  -18.079  50.414  -25.194 0.0000000000
95208  -21.741  51.113  -23.416 0.0000000000
95209  -22.219  51.389  -23.418 0.0000000000
95210  -23.088  51.391  -23.103 0.0000000000
95211  -23.978  51.448  -22.841 0.0000000000
95212  -24.941  51.401  -22.741 0.0000000000
95213  -25.869  51.338  -22.764 0.0000000000
95214  -26.771  51.321  -22.927 0.0000000000
95215  -27.376  51.199  -23.073 0.0000000000
95220  -19.078  50.980  -24.235 0.0000000000
95221  -19.437  51.166  -24.154 0.0000000000
95222  -20.215  51.145  -23.761 0.0000000000
95223  -21.285  51.265  -23.578 0.0000000000
95224  -21.926  51.800  -23.783 0.0000000000
95225  -27.294  51.606  -23.189 0.0000000000
95226  -27.896  51.452  -23.290 0.0000000000
95227  -28.766  51.368  -23.490 0.0000000000
95228  -29.574  51.309  -23.775 0.0000000000
95234  -18.850  51.163  -24.553 0.0000000000
95235  -19.264  51.427  -24.519 0.0000000000
95245  -18.164  51.021  -25.213 0.0000000000
95672  -22.854  51.886  -23.354 0.0000000000
95673  -23.557  52.340  -23.206 0.0000000000
95674  -24.600  52.215  -22.875 0.0000000000
95675  -25.546  52.148  -22.854 0.0000000000
95676  -26.330  51.951  -22.961 0.0000000000
95677  -26.922  51.896  -23.180 0.0000000000
95682  -19.950  51.488  -24.145 0.0000000000
95683  -20.563  51.742  -24.190 0.0000000000
95684  -21.546  52.268  -24.153 0.0000000000
95685  -22.562  52.398  -23.689 0.0000000000
95686  -23.237  52.874  -23.567 0.0000000000
95687  -26.096  52.473  -23.143 0.0000000000
95688  -26.689  52.401  -23.424 0.0000000000
95689  -27.510  52.168  -23.569 0.0000000000
95690  -28.454  52.144  -23.770 0.0000000000
95691  -29.239  51.978  -23.840 0.0000000000
95692  -29.884  51.892  -24.021 0.0000000000
95698  -19.129  51.569  -24.746 0.0000000000
95699  -19.702  51.788  -24.674 0.0000000000
95700  -20.712  52.553  -24.806 0.0000000000
95701  -21.501  53.021  -24.579 0.0000000000
95702  -28.968  52.483  -24.181 0.0000000000
95703  -29.587  52.436  -24.377 0.0000000000
95712  -18.122  51.553  -25.678 0.0000000000
95713  -18.777  51.851  -25.316 0.0000000000
95714  -19.840  52.591  -25.539 0.0000000000
95715  -20.652  53.038  -25.488 0.0000000000
95727  -18.965  52.708  -26.106 0.0000000000
95728  -19.748  53.026  -26.219 0.0000000000
96155  -24.443  52.892  -23.195 0.0000000000
96156  -25.245  52.812  -23.109 0.0000000000
96157  -25.750  52.657  -23.129 0.0000000000
96163  -22.195  53.102  -24.234 0.0000000000
96164  -23.029  53.261  -23.976 0.0000000000
96165  -23.933  53.232  -23.745 0.0000000000
96166  -25.027  53.287  -23.768 0.0000000000
96167  -26.084  53.003  -23.713 0.0000000000
96168  -27.156  52.796  -24.163 0.0000000000
96169  -28.060  52.637  -24.320 0.0000000000
96170  -28.592  52.585  -24.277 0.0000000000
96176  -21.280  53.262  -25.197 0.0000000000
96177  -22.037  53.445  -24.960 0.0000000000
96178  -22.853  53.493  -24.779 0.0000000000
96179  -23.743  53.535  -24.667 0.0000000000
96180  -24.701  53.569  -24.615 0.0000000000
96181  -25.781  53.542  -24.753 0.0000000000
96182  -26.768  53.273  -24.811 0.0000000000
96183  -27.725  53.021  -25.308 0.0000000000
96184  -28.860  52.781  -24.967 0.0000000000
96192  -20.395  53.229  -26.031 0.0000000000
96193  -21.154  53.440  -25.905 0.0000000000
96194  -21.937  53.511  -25.777 0.0000000000
96195  -22.735  53.598  -25.641 0.0000000000
96196  -23.553  53.681  -25.547 0.0000000000
96197  -24.508  53.724  -25.645 0.0000000000
96198  -25.280  53.675  -25.426 0.0000000000
96199  -27.940  53.071  -26.116 0.0000000000
96200  -28.504  53.085  -25.947 0.0000000000
96209  -18.501  53.069  -26.781 0.0000000000
96210  -19.353  53.339  -26.562 0.0000000000
96211  -20.098  53.572  -26.406 0.0000000000
96212  -20.929  53.785  -26.401 0.0000000000
96213  -21.799  53.783  -26.388 0.0000000000
96214  -22.628  53.801  -26.370 0.0000000000
96215  -23.445  53.841  -26.330 0.0000000000
96216  -24.105  53.835  -26.253 0.0000000000
96228  -18.121  53.721  -27.190 0.0000000000
96229  -18.974  53.831  -26.847 0.0000000000
96230  -19.809  53.945  -26.670 0.0000000000
96231  -20.458  53.998  -26.588 0.0000000000
96645  -25.923  53.660  -25.753 0.0000000000
96646  -26.581  53.505  -25.606 0.0000000000
96647  -27.111  53.273  -25.525 0.0000000000
96652  -24.727  53.849  -26.601 0.0000000000
96653  -25.471  53.745  -26.478 0.0000000000
96654  -26.427  53.658  -26.542 0.0000000000
96655  -27.360  53.408  -26.266 0.0000000000
96656  -28.254  53.440  -26.430 0.0000000000
96662  -20.980  54.239  -26.643 0.0000000000
96663  -21.643  54.234  -26.694 0.0000000000
96664  -22.479  54.242  -26.780 0.0000000000
96665  -23.368  54.231  -26.874 0.0000000000
96666  -24.303  54.096  -27.009 0.0000000000
96667  -25.218  53.948  -27.365 0.0000000000
96668  -26.095  53.921  -27.634 0.0000000000
96669  -27.001  54.025  -27.148 0.0000000000
96670  -27.920  54.211  -26.723 0.0000000000
96680  -17.762  54.486  -27.428 0.0000000000
96681  -18.597  54.459  -26.971 0.0000000000
96682  -19.510  54.500  -26.785 0.0000000000
96683  -20.461  54.525  -26.720 0.0000000000
96684  -21.377  54.721  -26.826 0.0000000000
96685  -22.241  54.767  -27.006 0.0000000000
96686  -23.162  54.742  -27.183 0.0000000000
96687  -24.133  54.658  -27.397 0.0000000000
96688  -25.013  54.382  -27.783 0.0000000000
96689  -25.567  54.080  -27.982 0.0000000000
97096  -17.864  55.778  -26.808 0.0000000000
97097  -18.795  55.811  -26.717 0.0000000000
97098  -19.712  55.839  -26.683 0.0000000000
97099  -20.569  55.859  -26.689 0.0000000000
97100  -21.301  55.919  -26.747 0.0000000000
97101  -26.221  54.282  -28.025 0.0000000000
97102  -26.539  54.517  -27.735 0.0000000000
97103  -27.438  55.102  -27.302 0.0000000000
97115  -18.234  55.135  -26.980 0.0000000000
97116  -19.159  55.143  -26.839 0.0000000000
97117  -20.070  55.173  -26.784 0.0000000000
97118  -20.959  55.259  -26.794 0.0000000000
97119  -21.904  55.502  -26.941 0.0000000000
97120  -22.864  55.440  -27.198 0.0000000000
97121  -23.850  55.383  -27.446 0.0000000000
97122  -24.817  55.167  -27.929 0.0000000000
97123  -25.924  54.748  -28.271 0.0000000000
97124  -26.834  55.358  -27.843 0.0000000000
97125  -27.300  55.619  -27.605 0.0000000000
97549  -18.761  56.998  -26.042 0.0000000000
97557  -18.377  56.412  -26.426 0.0000000000
97558  -19.358  56.565  -26.308 0.0000000000
97559  -20.257  56.481  -26.393 0.0000000000
97560  -21.077  56.526  -26.439 0.0000000000
97561  -21.970  56.503  -26.639 0.0000000000
97562  -22.764  56.762  -26.842 0.0000000000
97576  -22.579  56.105  -27.038 0.0000000000
97577  -23.446  56.353  -27.207 0.0000000000
97578  -24.542  56.188  -27.572 0.0000000000
97579  -25.520  56.035  -27.960 0.0000000000
97580  -26.399  56.106  -28.094 0.0000000000
97581  -27.303  56.276  -27.686 0.0000000000
97582  -27.536  55.779  -27.491 0.0000000000
98005  -18.567  57.612  -25.672 0.0000000000
98006  -19.496  57.447  -25.736 0.0000000000
98007  -20.386  57.609  -25.729 0.0000000000
98008  -20.998  57.726  -25.877 0.0000000000
98017  -20.051  57.031  -26.045 0.0000000000
98018  -20.730  57.120  -26.098 0.0000000000
98019  -21.548  57.414  -26.231 0.0000000000
98020  -22.475  57.457  -26.520 0.0000000000
98021  -23.311  57.414  -26.875 0.0000000000
98034  -24.212  57.264  -27.281 0.0000000000
98035  -25.183  57.163  -27.713 0.0000000000
98036  -26.001  57.157  -28.228 0.0000000000
98037  -26.806  57.263  -28.035 0.0000000000
98440  -19.227  58.323  -25.448 0.0000000000
98441  -20.107  58.267  -25.516 0.0000000000
98442  -20.817  58.251  -25.682 0.0000000000
98443  -21.373  58.285  -25.994 0.0000000000
98453  -22.132  58.326  -26.271 0.0000000000
98454  -23.033  58.320  -26.579 0.0000000000
98455  -23.879  58.275  -27.064 0.0000000000
98464  -24.764  58.193  -27.604 0.0000000000
98465  -25.581  58.171  -28.223 0.0000000000
98466  -26.434  58.401  -28.624 0.0000000000
98481  -26.691  59.078  -28.878 0.0000000000
98842  -19.900  59.053  -25.654 0.0000000000
98843  -20.702  58.882  -25.803 0.0000000000
98844  -21.124  58.683  -25.889 0.0000000000
98856  -20.655  59.690  -26.123 0.0000000000
98857  -21.620  59.254  -26.172 0.0000000000
98858  -22.691  59.168  -26.517 0.0000000000
98859  -23.483  59.163  -26.962 0.0000000000
98868  -24.336  59.157  -27.538 0.0000000000
98869  -25.117  59.009  -28.186 0.0000000000
98870  -25.721  59.092  -28.763 0.0000000000
98884  -26.340  59.446  -28.939 0.0000000000
99258  -20.463  60.493  -26.520 0.0000000000
99259  -21.522  60.508  -26.950 0.0000000000
99260  -22.550  59.989  -26.963 0.0000000000
99261  -23.098  59.635  -26.987 0.0000000000
99272  -21.842  60.977  -27.705 0.0000000000
99273  -22.499  60.794  -28.029 0.0000000000
99274  -23.626  60.080  -27.755 0.0000000000
99275  -24.764  59.795  -28.373 0.0000000000
99276  -25.326  59.532  -28.641 0.0000000000
99292  -22.830  61.176  -28.856 0.0000000000
99293  -23.463  60.898  -28.872 0.0000000000
99294  -24.548  60.675  -28.992 0.0000000000
99295  -25.676  60.216  -29.110 0.0000000000
99296  -26.699  60.401  -29.055 0.0000000000
99639  -20.945  60.962  -26.996 0.0000000000
99658  -21.335  61.353  -27.796 0.0000000000
99659  -21.976  61.173  -28.102 0.0000000000
99674  -21.298  62.035  -28.846 0.0000000000
99675  -22.280  61.615  -28.750 0.0000000000
99676  -23.312  61.693  -29.218 0.0000000000
99677  -24.299  61.617  -29.512 0.0000000000
99678  -25.534  61.623  -29.956 0.0000000000
99679  -26.545  61.204  -29.717 0.0000000000
99691  -26.080  62.262  -30.559 0.0000000000
99692  -26.538  62.043  -30.310 0.0000000000
100064  -22.824  62.994  -28.685 0.0000000000
100065  -23.191  63.019  -28.617 0.0000000000
100081  -22.100  62.608  -29.116 0.0000000000
100082  -23.162  62.569  -28.903 0.0000000000
100083  -24.148  62.506  -29.226 0.0000000000
100084  -25.046  62.591  -29.830 0.0000000000
100097  -25.799  62.788  -30.505 0.0000000000
100410  -22.347  63.434  -28.499 0.0000000000
100411  -23.349  63.504  -28.274 0.0000000000
100412  -23.894  63.802  -28.173 0.0000000000
100431  -23.432  63.093  -28.599 0.0000000000
100432  -24.024  63.358  -28.601 0.0000000000
100433  -24.891  63.474  -29.321 0.0000000000
