#!ascii label  , from subject FREESURFER vox2ras=TkReg 
347
85452  -23.633  32.887  -33.724 0.0000000000
85455  -23.746  32.938  -34.439 0.0000000000
85458  -23.808  33.155  -35.480 0.0000000000
85460  -23.893  33.658  -36.361 0.0000000000
85947  -25.066  34.448  -29.877 0.0000000000
85948  -26.287  34.745  -29.899 0.0000000000
85949  -27.599  34.710  -29.875 0.0000000000
85950  -28.924  34.446  -29.881 0.0000000000
85951  -30.139  34.240  -30.037 0.0000000000
85952  -31.024  34.368  -30.409 0.0000000000
85953  -31.490  34.485  -30.558 0.0000000000
85965  -25.398  34.362  -30.777 0.0000000000
85966  -26.687  34.551  -30.679 0.0000000000
85967  -27.970  34.372  -30.634 0.0000000000
85968  -29.234  34.140  -30.670 0.0000000000
85969  -30.403  33.959  -30.814 0.0000000000
85970  -31.409  34.222  -30.951 0.0000000000
85976  -24.516  34.116  -32.010 0.0000000000
85977  -25.845  34.477  -31.467 0.0000000000
85978  -27.003  34.453  -31.412 0.0000000000
85979  -28.183  34.411  -31.394 0.0000000000
85980  -29.459  34.349  -31.358 0.0000000000
85981  -30.640  34.391  -31.321 0.0000000000
85982  -31.286  34.596  -31.239 0.0000000000
85985  -24.573  33.680  -33.521 0.0000000000
85986  -25.669  34.302  -34.207 0.0000000000
85987  -26.278  34.752  -34.562 0.0000000000
85989  -24.683  33.617  -34.887 0.0000000000
85990  -25.564  34.467  -35.256 0.0000000000
85991  -26.313  34.846  -34.953 0.0000000000
85994  -24.575  33.764  -35.760 0.0000000000
85995  -24.715  34.444  -35.973 0.0000000000
86445  -25.468  35.857  -27.493 0.0000000000
86458  -24.879  35.384  -27.990 0.0000000000
86459  -25.775  35.710  -28.239 0.0000000000
86460  -26.567  35.850  -28.617 0.0000000000
86469  -24.835  35.098  -29.014 0.0000000000
86470  -25.894  35.303  -29.179 0.0000000000
86471  -27.205  35.480  -29.173 0.0000000000
86472  -28.537  35.243  -29.325 0.0000000000
86473  -29.846  35.083  -29.577 0.0000000000
86474  -30.913  34.876  -29.950 0.0000000000
86475  -31.493  34.758  -30.341 0.0000000000
86484  -31.804  34.733  -30.659 0.0000000000
86490  -25.415  34.440  -32.021 0.0000000000
86491  -26.109  34.492  -32.113 0.0000000000
86492  -27.035  34.654  -32.226 0.0000000000
86493  -28.091  34.988  -32.022 0.0000000000
86494  -29.763  34.933  -31.719 0.0000000000
86495  -30.981  34.980  -31.386 0.0000000000
86496  -31.799  34.952  -31.175 0.0000000000
86499  -25.309  34.246  -32.551 0.0000000000
86500  -25.945  34.370  -33.045 0.0000000000
86501  -26.736  34.838  -33.410 0.0000000000
86502  -27.259  35.416  -33.011 0.0000000000
86505  -26.165  35.099  -35.128 0.0000000000
86506  -26.595  35.249  -34.234 0.0000000000
86507  -26.961  35.635  -33.567 0.0000000000
86509  -25.460  35.169  -35.512 0.0000000000
86956  -26.273  36.475  -27.589 0.0000000000
86957  -26.965  36.901  -27.676 0.0000000000
86969  -26.528  36.156  -28.184 0.0000000000
86970  -27.556  36.545  -28.451 0.0000000000
86971  -28.745  36.816  -28.896 0.0000000000
86979  -28.184  35.828  -28.884 0.0000000000
86980  -29.291  36.197  -29.142 0.0000000000
86981  -30.720  35.955  -30.107 0.0000000000
86982  -31.505  35.267  -30.374 0.0000000000
86983  -31.801  35.001  -30.452 0.0000000000
86990  -30.955  36.282  -31.098 0.0000000000
86991  -31.689  35.819  -30.736 0.0000000000
86992  -32.006  35.257  -30.702 0.0000000000
86999  -28.521  35.810  -32.033 0.0000000000
87000  -30.329  35.651  -31.482 0.0000000000
87001  -31.460  35.587  -31.251 0.0000000000
87002  -32.140  35.584  -31.132 0.0000000000
87005  -26.984  36.276  -33.343 0.0000000000
87006  -27.305  35.871  -33.002 0.0000000000
87007  -23.735  36.460  -34.920 0.0000000000
87008  -24.893  36.504  -34.858 0.0000000000
87009  -25.851  35.901  -34.583 0.0000000000
87010  -26.650  35.855  -33.844 0.0000000000
87011  -26.996  35.887  -33.492 0.0000000000
87012  -24.543  35.386  -35.581 0.0000000000
87013  -25.258  35.766  -35.307 0.0000000000
87475  -27.343  37.387  -27.801 0.0000000000
87476  -27.829  37.595  -28.224 0.0000000000
87487  -27.791  37.194  -28.239 0.0000000000
87488  -28.455  37.276  -28.678 0.0000000000
87499  -29.472  37.218  -29.452 0.0000000000
87500  -30.131  36.893  -29.924 0.0000000000
87510  -29.600  37.626  -30.672 0.0000000000
87511  -30.250  36.967  -30.885 0.0000000000
87521  -26.267  38.642  -33.044 0.0000000000
87522  -26.628  38.039  -32.428 0.0000000000
87523  -28.223  37.120  -31.589 0.0000000000
87524  -29.746  36.365  -31.374 0.0000000000
87530  -26.265  38.197  -33.303 0.0000000000
87531  -26.785  37.185  -33.016 0.0000000000
87532  -27.501  36.398  -32.558 0.0000000000
87533  -23.536  37.816  -34.136 0.0000000000
87534  -24.369  37.756  -34.420 0.0000000000
87535  -25.555  37.727  -34.029 0.0000000000
87536  -26.329  36.537  -33.729 0.0000000000
87996  -27.579  37.977  -27.909 0.0000000000
88007  -28.228  38.120  -28.422 0.0000000000
88008  -29.211  38.185  -28.929 0.0000000000
88009  -29.926  38.131  -29.197 0.0000000000
88019  -29.307  37.521  -29.389 0.0000000000
88020  -30.059  37.451  -29.594 0.0000000000
88021  -30.687  37.767  -29.596 0.0000000000
88022  -31.236  37.826  -29.742 0.0000000000
88031  -27.764  38.667  -30.968 0.0000000000
88032  -29.029  38.003  -30.559 0.0000000000
88033  -29.813  37.435  -30.590 0.0000000000
88034  -30.674  37.496  -30.425 0.0000000000
88035  -31.287  37.578  -30.141 0.0000000000
88036  -33.060  37.615  -31.546 0.0000000000
88037  -33.444  37.538  -31.127 0.0000000000
88038  -33.707  37.794  -30.951 0.0000000000
88046  -26.192  39.016  -32.629 0.0000000000
88047  -27.036  38.524  -31.593 0.0000000000
88048  -28.306  37.893  -30.949 0.0000000000
88049  -33.191  37.835  -31.692 0.0000000000
88050  -33.568  37.686  -31.614 0.0000000000
88051  -33.802  37.749  -31.213 0.0000000000
88058  -23.575  38.851  -33.587 0.0000000000
88059  -25.702  39.076  -33.531 0.0000000000
88062  -24.006  38.816  -34.106 0.0000000000
88063  -24.648  38.834  -34.207 0.0000000000
88064  -25.088  39.139  -34.087 0.0000000000
88539  -30.159  38.705  -29.158 0.0000000000
88547  -30.929  38.444  -29.541 0.0000000000
88548  -31.896  38.036  -29.995 0.0000000000
88549  -32.750  38.340  -30.416 0.0000000000
88550  -33.134  38.429  -30.523 0.0000000000
88559  -25.869  40.547  -32.369 0.0000000000
88560  -26.638  39.739  -31.388 0.0000000000
88561  -27.906  39.314  -30.814 0.0000000000
88562  -29.182  38.750  -30.761 0.0000000000
88563  -30.249  38.239  -31.089 0.0000000000
88564  -31.626  37.781  -31.282 0.0000000000
88565  -32.727  37.564  -30.890 0.0000000000
88566  -33.384  38.050  -30.746 0.0000000000
88567  -33.896  38.011  -30.972 0.0000000000
88574  -25.514  40.179  -33.048 0.0000000000
88575  -26.168  39.585  -32.121 0.0000000000
88576  -32.403  38.435  -31.514 0.0000000000
88577  -32.835  38.083  -31.542 0.0000000000
88578  -33.530  38.109  -31.672 0.0000000000
88579  -33.921  37.929  -31.411 0.0000000000
88586  -23.630  39.838  -33.266 0.0000000000
88587  -23.969  40.205  -33.807 0.0000000000
88588  -24.694  40.052  -33.784 0.0000000000
88594  -23.868  39.555  -33.820 0.0000000000
88595  -24.278  39.586  -34.033 0.0000000000
88596  -24.666  39.488  -34.090 0.0000000000
89116  -23.900  41.045  -29.360 0.0000000000
89127  -23.548  40.589  -29.914 0.0000000000
89128  -24.059  41.421  -30.334 0.0000000000
89129  -30.413  39.383  -29.232 0.0000000000
89130  -31.183  39.562  -29.550 0.0000000000
89131  -32.376  39.239  -30.119 0.0000000000
89132  -32.956  38.782  -30.426 0.0000000000
89139  -23.628  40.936  -31.383 0.0000000000
89140  -24.269  41.954  -31.615 0.0000000000
89141  -25.721  41.059  -32.495 0.0000000000
89142  -25.947  41.098  -32.148 0.0000000000
89143  -26.835  40.709  -31.163 0.0000000000
89144  -28.156  40.250  -30.750 0.0000000000
89145  -29.444  39.829  -30.832 0.0000000000
89146  -30.676  39.595  -31.194 0.0000000000
89147  -33.428  39.173  -30.620 0.0000000000
89148  -33.483  38.543  -30.687 0.0000000000
89149  -33.668  38.263  -30.784 0.0000000000
89157  -23.597  40.620  -32.764 0.0000000000
89158  -24.159  41.829  -32.962 0.0000000000
89159  -25.329  41.427  -32.838 0.0000000000
89160  -25.606  41.775  -32.535 0.0000000000
89161  -31.994  39.225  -31.517 0.0000000000
89162  -32.990  39.044  -31.614 0.0000000000
89163  -33.560  38.683  -31.451 0.0000000000
89164  -33.961  38.483  -31.138 0.0000000000
89170  -23.784  40.501  -33.473 0.0000000000
89171  -23.982  40.957  -33.732 0.0000000000
89172  -24.761  41.061  -33.511 0.0000000000
89720  -23.434  41.287  -28.057 0.0000000000
89721  -24.075  41.774  -28.346 0.0000000000
89735  -23.884  41.223  -28.710 0.0000000000
89736  -24.402  41.785  -29.300 0.0000000000
89749  -24.583  42.285  -30.622 0.0000000000
89750  -24.800  42.805  -31.208 0.0000000000
89751  -31.765  40.342  -29.585 0.0000000000
89752  -32.668  40.514  -30.112 0.0000000000
89760  -24.624  42.506  -31.636 0.0000000000
89761  -25.010  42.883  -32.003 0.0000000000
89762  -25.919  42.162  -32.116 0.0000000000
89763  -27.235  41.666  -31.112 0.0000000000
89764  -28.540  41.288  -30.849 0.0000000000
89765  -29.701  40.951  -31.093 0.0000000000
89766  -30.399  40.626  -31.323 0.0000000000
89767  -33.770  39.769  -31.045 0.0000000000
89778  -24.568  42.414  -32.323 0.0000000000
89779  -25.074  42.452  -32.921 0.0000000000
89780  -25.457  42.028  -32.704 0.0000000000
89781  -30.169  41.209  -31.422 0.0000000000
89782  -31.069  40.641  -31.689 0.0000000000
89783  -32.761  40.295  -31.984 0.0000000000
90377  -22.677  42.452  -27.090 0.0000000000
90378  -23.459  42.849  -27.220 0.0000000000
90393  -22.984  41.707  -27.562 0.0000000000
90394  -23.740  42.353  -27.628 0.0000000000
90395  -24.486  42.532  -28.495 0.0000000000
90408  -24.862  42.876  -29.678 0.0000000000
90409  -25.075  43.551  -29.980 0.0000000000
90424  -24.832  42.829  -30.611 0.0000000000
90425  -25.116  43.371  -30.908 0.0000000000
90436  -25.791  43.431  -31.890 0.0000000000
90437  -26.673  42.771  -31.626 0.0000000000
90438  -27.758  42.589  -31.202 0.0000000000
90439  -29.021  42.233  -31.134 0.0000000000
90440  -29.726  41.647  -31.303 0.0000000000
90451  -26.114  43.699  -31.775 0.0000000000
90452  -26.519  43.451  -31.662 0.0000000000
90453  -27.064  43.107  -31.521 0.0000000000
90454  -29.329  42.765  -31.442 0.0000000000
90455  -30.117  42.075  -31.628 0.0000000000
90456  -31.437  41.687  -32.306 0.0000000000
91024  -22.366  43.460  -26.254 0.0000000000
91025  -23.594  43.518  -26.871 0.0000000000
91026  -24.170  44.058  -27.123 0.0000000000
91039  -23.855  43.045  -27.309 0.0000000000
91040  -24.481  43.573  -27.785 0.0000000000
91041  -24.910  44.234  -28.309 0.0000000000
91049  -24.796  43.168  -28.703 0.0000000000
91050  -25.101  43.846  -29.064 0.0000000000
91065  -25.316  44.073  -30.206 0.0000000000
91075  -25.756  44.125  -31.143 0.0000000000
91076  -26.192  44.370  -31.154 0.0000000000
91077  -28.002  43.085  -31.292 0.0000000000
91078  -28.326  42.818  -31.255 0.0000000000
91087  -25.945  43.881  -31.712 0.0000000000
91088  -26.403  44.024  -31.501 0.0000000000
91089  -27.407  43.552  -31.418 0.0000000000
91090  -28.584  43.330  -31.392 0.0000000000
91091  -29.664  43.331  -31.633 0.0000000000
91092  -30.721  43.009  -31.978 0.0000000000
91093  -31.599  42.839  -32.652 0.0000000000
91620  -22.752  44.965  -25.787 0.0000000000
91633  -22.481  44.292  -25.902 0.0000000000
91634  -23.258  44.490  -26.231 0.0000000000
91635  -23.973  44.565  -26.775 0.0000000000
91647  -24.374  44.640  -27.346 0.0000000000
91648  -24.744  44.712  -27.920 0.0000000000
91658  -25.217  44.798  -28.586 0.0000000000
91674  -25.608  44.727  -29.515 0.0000000000
91675  -25.993  45.021  -29.992 0.0000000000
91687  -25.751  44.559  -30.330 0.0000000000
91688  -26.273  44.783  -30.628 0.0000000000
91689  -26.891  44.900  -30.857 0.0000000000
91690  -27.625  44.983  -30.981 0.0000000000
91691  -28.375  45.013  -31.154 0.0000000000
91700  -26.539  44.492  -31.109 0.0000000000
91701  -27.117  44.397  -31.253 0.0000000000
91702  -28.012  44.302  -31.295 0.0000000000
91703  -29.075  44.429  -31.469 0.0000000000
91704  -30.238  44.244  -31.844 0.0000000000
91705  -31.002  43.768  -32.298 0.0000000000
91713  -30.874  44.532  -32.293 0.0000000000
92182  -23.536  45.660  -26.036 0.0000000000
92183  -24.119  46.117  -26.334 0.0000000000
92195  -23.818  45.091  -26.455 0.0000000000
92196  -24.419  45.602  -26.883 0.0000000000
92197  -24.909  46.085  -27.352 0.0000000000
92208  -24.593  45.193  -27.547 0.0000000000
92209  -24.968  45.656  -27.955 0.0000000000
92219  -25.814  45.603  -28.919 0.0000000000
92220  -26.304  46.017  -29.149 0.0000000000
92235  -25.986  45.252  -29.555 0.0000000000
92236  -26.573  45.607  -29.793 0.0000000000
92237  -27.618  45.908  -29.994 0.0000000000
92238  -28.161  46.023  -30.075 0.0000000000
92251  -26.723  45.194  -30.460 0.0000000000
92252  -27.258  45.406  -30.466 0.0000000000
92253  -28.247  45.630  -30.542 0.0000000000
92254  -29.053  45.437  -31.152 0.0000000000
92263  -29.736  45.110  -31.555 0.0000000000
92264  -30.509  45.301  -31.966 0.0000000000
92265  -30.974  45.729  -32.507 0.0000000000
92271  -31.106  45.055  -32.556 0.0000000000
92668  -24.051  46.680  -25.947 0.0000000000
92669  -24.680  46.792  -26.287 0.0000000000
92684  -24.461  46.380  -26.462 0.0000000000
92685  -25.005  46.549  -26.872 0.0000000000
92686  -25.682  46.751  -27.238 0.0000000000
92687  -26.311  46.930  -27.443 0.0000000000
92703  -25.294  46.392  -27.636 0.0000000000
92704  -25.923  46.723  -27.927 0.0000000000
92705  -26.759  46.956  -28.078 0.0000000000
92706  -27.436  46.966  -28.410 0.0000000000
92721  -25.574  46.244  -28.272 0.0000000000
92722  -26.253  46.434  -28.657 0.0000000000
92723  -27.039  46.666  -28.800 0.0000000000
92724  -27.866  46.754  -28.976 0.0000000000
92725  -28.521  46.746  -29.357 0.0000000000
92740  -26.674  46.255  -29.180 0.0000000000
92741  -27.298  46.333  -29.445 0.0000000000
92742  -28.148  46.379  -29.702 0.0000000000
92743  -28.950  46.601  -29.945 0.0000000000
92744  -29.520  46.759  -30.478 0.0000000000
92758  -28.560  46.170  -30.166 0.0000000000
92759  -29.172  46.207  -30.689 0.0000000000
92760  -29.968  46.713  -31.204 0.0000000000
92761  -30.727  46.737  -31.658 0.0000000000
92772  -29.813  45.907  -31.422 0.0000000000
92773  -30.585  46.190  -31.865 0.0000000000
93169  -24.478  47.367  -25.228 0.0000000000
93170  -25.748  47.533  -25.138 0.0000000000
93171  -26.902  47.719  -25.058 0.0000000000
93172  -28.084  47.952  -24.900 0.0000000000
93173  -29.234  48.149  -25.032 0.0000000000
93184  -24.616  47.031  -25.926 0.0000000000
93185  -25.297  47.125  -26.164 0.0000000000
93186  -26.464  47.314  -26.042 0.0000000000
93187  -27.659  47.461  -25.979 0.0000000000
93188  -28.840  47.675  -25.899 0.0000000000
93189  -29.898  48.050  -25.870 0.0000000000
93204  -25.513  46.852  -26.762 0.0000000000
93205  -26.070  46.999  -26.795 0.0000000000
93206  -27.158  47.139  -27.180 0.0000000000
93207  -28.446  47.461  -27.031 0.0000000000
93208  -29.584  47.785  -26.908 0.0000000000
93221  -27.366  47.125  -27.980 0.0000000000
93222  -28.142  47.164  -28.234 0.0000000000
93223  -29.322  47.493  -28.072 0.0000000000
93224  -30.374  47.957  -27.928 0.0000000000
93235  -28.432  46.924  -28.943 0.0000000000
93236  -29.155  47.049  -29.260 0.0000000000
93237  -30.269  47.414  -29.098 0.0000000000
93252  -29.462  46.864  -30.021 0.0000000000
93253  -30.114  47.139  -30.419 0.0000000000
93265  -30.437  47.061  -31.274 0.0000000000
93726  -27.928  48.587  -24.222 0.0000000000
93727  -28.650  48.707  -24.466 0.0000000000
93728  -29.597  48.963  -24.578 0.0000000000
105396  -23.608  35.006  -35.488 0.0000000000
105397  -23.975  34.512  -36.140 0.0000000000
