#!ascii label  , from subject FREESURFER vox2ras=TkReg 
318
11361  -21.048  -63.490  -19.516 0.0000000000
11376  -20.786  -63.544  -20.183 0.0000000000
11387  -20.613  -63.577  -20.995 0.0000000000
11837  -21.409  -62.149  -17.185 0.0000000000
11838  -22.141  -62.401  -16.985 0.0000000000
11849  -19.442  -62.192  -18.209 0.0000000000
11850  -20.204  -62.238  -18.103 0.0000000000
11851  -20.959  -62.287  -17.804 0.0000000000
11852  -21.862  -62.692  -17.766 0.0000000000
11871  -18.142  -62.023  -19.185 0.0000000000
11872  -18.896  -62.306  -18.857 0.0000000000
11873  -19.950  -62.508  -18.844 0.0000000000
11874  -20.789  -62.641  -18.637 0.0000000000
11875  -21.487  -62.836  -18.398 0.0000000000
11889  -17.715  -61.829  -19.939 0.0000000000
11890  -18.565  -62.386  -19.856 0.0000000000
11891  -19.613  -62.668  -19.759 0.0000000000
11892  -20.625  -62.945  -19.559 0.0000000000
11893  -21.227  -63.161  -19.002 0.0000000000
11906  -17.356  -61.516  -20.953 0.0000000000
11907  -18.051  -62.335  -20.828 0.0000000000
11908  -19.149  -62.690  -20.808 0.0000000000
11909  -20.270  -62.985  -20.701 0.0000000000
11920  -17.716  -61.899  -21.843 0.0000000000
11921  -18.559  -62.460  -21.804 0.0000000000
11922  -19.672  -62.899  -21.940 0.0000000000
11923  -20.294  -63.265  -21.344 0.0000000000
11932  -18.242  -61.986  -22.494 0.0000000000
11933  -18.848  -62.211  -22.896 0.0000000000
11934  -19.533  -62.641  -23.343 0.0000000000
11940  -16.117  -62.340  -24.060 0.0000000000
11941  -17.787  -61.746  -24.133 0.0000000000
11942  -19.090  -61.756  -23.964 0.0000000000
12349  -23.376  -61.116  -14.819 0.0000000000
12367  -21.085  -61.046  -16.096 0.0000000000
12368  -21.903  -61.252  -15.812 0.0000000000
12369  -22.867  -61.521  -15.520 0.0000000000
12379  -17.922  -60.627  -17.166 0.0000000000
12380  -18.408  -61.015  -17.071 0.0000000000
12381  -19.272  -61.414  -16.987 0.0000000000
12382  -20.442  -61.604  -16.863 0.0000000000
12383  -21.576  -61.741  -16.531 0.0000000000
12384  -22.421  -62.011  -16.270 0.0000000000
12392  -17.788  -60.920  -17.755 0.0000000000
12393  -18.582  -61.732  -17.905 0.0000000000
12394  -19.696  -61.891  -17.569 0.0000000000
12395  -20.327  -62.010  -17.569 0.0000000000
12410  -17.561  -61.272  -18.915 0.0000000000
12411  -18.253  -61.891  -18.657 0.0000000000
12428  -17.086  -60.047  -20.607 0.0000000000
12429  -17.135  -60.819  -20.244 0.0000000000
12442  -17.106  -60.107  -21.047 0.0000000000
12443  -17.149  -60.704  -21.137 0.0000000000
12453  -17.398  -60.089  -21.546 0.0000000000
12454  -17.480  -60.696  -21.914 0.0000000000
12464  -15.715  -60.806  -23.160 0.0000000000
12465  -16.466  -60.220  -23.346 0.0000000000
12466  -18.044  -61.170  -22.745 0.0000000000
12467  -18.451  -61.679  -22.891 0.0000000000
12472  -15.264  -61.697  -23.548 0.0000000000
12473  -16.772  -60.832  -23.529 0.0000000000
12474  -17.995  -60.877  -23.427 0.0000000000
12475  -18.487  -61.526  -23.272 0.0000000000
12855  -23.003  -59.820  -13.992 0.0000000000
12869  -21.716  -59.922  -14.876 0.0000000000
12870  -22.360  -60.225  -14.705 0.0000000000
12871  -23.653  -60.558  -14.253 0.0000000000
12882  -18.356  -59.773  -16.252 0.0000000000
12883  -18.862  -59.996  -16.031 0.0000000000
12884  -20.056  -60.489  -15.925 0.0000000000
12885  -21.390  -60.249  -15.305 0.0000000000
12886  -22.132  -60.812  -15.331 0.0000000000
12893  -17.503  -60.156  -17.449 0.0000000000
12894  -18.150  -60.217  -16.617 0.0000000000
12895  -19.047  -60.747  -16.466 0.0000000000
12896  -19.696  -61.063  -16.546 0.0000000000
12905  -17.212  -59.776  -18.848 0.0000000000
12906  -17.256  -60.212  -18.492 0.0000000000
12918  -17.201  -59.741  -19.285 0.0000000000
12919  -17.183  -60.384  -19.233 0.0000000000
12937  -17.111  -59.808  -20.135 0.0000000000
12938  -17.170  -60.628  -19.584 0.0000000000
12956  -14.802  -60.008  -21.646 0.0000000000
12957  -17.189  -59.457  -21.084 0.0000000000
12973  -17.415  -59.563  -21.569 0.0000000000
12974  -17.675  -59.574  -22.090 0.0000000000
12987  -15.048  -60.532  -22.652 0.0000000000
12988  -16.297  -59.895  -23.154 0.0000000000
12989  -17.969  -59.815  -22.800 0.0000000000
12996  -16.870  -59.718  -23.436 0.0000000000
12997  -17.504  -59.701  -23.398 0.0000000000
13367  -21.660  -58.978  -14.213 0.0000000000
13368  -22.178  -59.213  -14.075 0.0000000000
13383  -19.604  -58.772  -14.950 0.0000000000
13384  -20.171  -58.932  -14.787 0.0000000000
13385  -21.359  -59.327  -14.574 0.0000000000
13386  -21.976  -59.583  -14.466 0.0000000000
13393  -17.790  -58.750  -16.389 0.0000000000
13394  -18.277  -59.197  -15.988 0.0000000000
13395  -19.419  -59.293  -15.323 0.0000000000
13396  -20.588  -59.684  -15.137 0.0000000000
13397  -21.121  -59.754  -15.004 0.0000000000
13405  -17.556  -59.255  -16.884 0.0000000000
13406  -18.067  -59.639  -16.391 0.0000000000
13417  -17.258  -59.660  -18.640 0.0000000000
13418  -17.307  -59.239  -18.374 0.0000000000
13426  -17.333  -59.333  -19.125 0.0000000000
13427  -17.480  -58.711  -19.514 0.0000000000
13441  -15.053  -59.058  -20.272 0.0000000000
13442  -17.437  -58.868  -20.021 0.0000000000
13443  -17.492  -58.645  -19.854 0.0000000000
13459  -15.317  -59.521  -20.972 0.0000000000
13460  -17.261  -58.918  -20.973 0.0000000000
13472  -15.831  -59.716  -21.981 0.0000000000
13473  -17.209  -58.915  -21.919 0.0000000000
13474  -17.835  -59.127  -22.509 0.0000000000
13484  -15.619  -59.975  -22.382 0.0000000000
13485  -16.480  -59.358  -22.853 0.0000000000
13486  -17.601  -58.920  -23.038 0.0000000000
13494  -16.767  -59.394  -23.286 0.0000000000
13495  -17.105  -59.221  -23.344 0.0000000000
13877  -20.877  -58.042  -13.960 0.0000000000
13878  -21.408  -58.401  -13.944 0.0000000000
13891  -18.922  -57.762  -14.877 0.0000000000
13892  -19.504  -58.180  -14.686 0.0000000000
13893  -20.586  -58.222  -14.225 0.0000000000
13894  -21.127  -58.652  -14.256 0.0000000000
13900  -17.933  -58.239  -16.044 0.0000000000
13901  -18.692  -58.281  -15.273 0.0000000000
13902  -19.307  -58.643  -15.046 0.0000000000
13907  -17.599  -58.219  -16.856 0.0000000000
13918  -17.484  -58.280  -17.933 0.0000000000
13929  -17.535  -58.265  -19.101 0.0000000000
13942  -15.218  -58.397  -19.889 0.0000000000
13943  -16.957  -58.185  -20.079 0.0000000000
13944  -17.423  -58.426  -19.729 0.0000000000
13957  -15.706  -58.970  -20.381 0.0000000000
13958  -16.541  -58.754  -20.525 0.0000000000
14416  -20.185  -57.042  -13.863 0.0000000000
14417  -20.662  -57.448  -13.782 0.0000000000
14427  -19.094  -57.361  -14.611 0.0000000000
14428  -19.849  -57.245  -14.134 0.0000000000
14429  -20.356  -57.652  -14.033 0.0000000000
14435  -18.107  -57.497  -15.737 0.0000000000
14436  -18.506  -57.157  -15.106 0.0000000000
14444  -17.772  -57.373  -16.550 0.0000000000
14454  -17.649  -57.391  -17.603 0.0000000000
14464  -17.619  -57.355  -18.759 0.0000000000
14472  -14.159  -57.209  -19.440 0.0000000000
14473  -16.187  -57.508  -19.716 0.0000000000
14474  -17.385  -57.619  -19.636 0.0000000000
14946  -20.122  -56.395  -13.761 0.0000000000
14947  -21.036  -56.467  -13.360 0.0000000000
14954  -18.891  -56.369  -14.530 0.0000000000
14955  -19.521  -56.377  -14.081 0.0000000000
14960  -17.930  -56.387  -15.958 0.0000000000
14961  -18.349  -56.338  -15.157 0.0000000000
14969  -17.685  -56.489  -17.250 0.0000000000
14976  -17.646  -56.637  -18.204 0.0000000000
14989  -16.022  -56.180  -19.251 0.0000000000
14990  -17.322  -56.288  -19.024 0.0000000000
15000  -15.579  -56.830  -19.421 0.0000000000
15001  -16.817  -56.855  -19.574 0.0000000000
15002  -17.403  -57.039  -19.322 0.0000000000
15468  -20.030  -55.503  -13.729 0.0000000000
15476  -18.782  -55.491  -14.554 0.0000000000
15477  -19.402  -55.461  -14.086 0.0000000000
15485  -17.789  -55.286  -16.044 0.0000000000
15486  -18.259  -55.423  -15.171 0.0000000000
15495  -17.640  -55.492  -16.948 0.0000000000
15504  -17.554  -55.648  -18.157 0.0000000000
15519  -15.099  -55.402  -19.239 0.0000000000
15520  -16.612  -55.385  -19.148 0.0000000000
15521  -17.197  -55.486  -18.761 0.0000000000
16029  -20.141  -54.618  -13.753 0.0000000000
16039  -18.788  -54.706  -14.619 0.0000000000
16040  -19.464  -54.220  -14.254 0.0000000000
16047  -17.896  -54.593  -15.747 0.0000000000
16048  -18.306  -54.200  -15.230 0.0000000000
16056  -17.602  -54.516  -16.561 0.0000000000
16068  -17.440  -54.572  -17.694 0.0000000000
16082  -14.509  -54.421  -19.342 0.0000000000
16083  -16.163  -54.402  -19.355 0.0000000000
16084  -17.142  -54.519  -18.837 0.0000000000
16090  -15.777  -53.781  -19.520 0.0000000000
16091  -16.495  -53.599  -19.603 0.0000000000
16586  -20.022  -53.753  -14.031 0.0000000000
16596  -18.896  -53.476  -14.813 0.0000000000
16597  -19.715  -53.295  -14.348 0.0000000000
16604  -17.880  -53.550  -15.953 0.0000000000
16605  -18.369  -53.476  -15.337 0.0000000000
16612  -17.432  -53.582  -17.135 0.0000000000
16619  -17.307  -53.545  -18.337 0.0000000000
16626  -13.767  -53.594  -19.138 0.0000000000
16627  -15.147  -53.328  -19.367 0.0000000000
16628  -16.931  -53.670  -19.510 0.0000000000
16629  -17.235  -53.309  -19.258 0.0000000000
16635  -16.205  -53.122  -19.673 0.0000000000
16636  -16.881  -53.068  -19.717 0.0000000000
16637  -17.105  -53.106  -19.600 0.0000000000
17121  -18.953  -52.689  -14.987 0.0000000000
17122  -19.462  -52.581  -14.687 0.0000000000
17137  -18.019  -52.748  -16.029 0.0000000000
17138  -18.459  -52.677  -15.474 0.0000000000
17146  -17.771  -52.710  -16.682 0.0000000000
17153  -17.539  -52.632  -17.785 0.0000000000
17161  -13.301  -52.694  -18.792 0.0000000000
17162  -14.552  -52.511  -19.116 0.0000000000
17163  -17.575  -52.559  -18.926 0.0000000000
17170  -15.720  -52.424  -19.493 0.0000000000
17171  -16.670  -52.382  -19.735 0.0000000000
17172  -17.322  -52.345  -19.628 0.0000000000
17697  -19.080  -52.005  -15.114 0.0000000000
17698  -19.907  -51.538  -14.835 0.0000000000
17717  -18.144  -52.082  -16.230 0.0000000000
17718  -18.697  -51.464  -15.823 0.0000000000
17719  -19.344  -51.202  -15.397 0.0000000000
17725  -17.980  -51.733  -17.247 0.0000000000
17726  -18.381  -51.325  -16.583 0.0000000000
17735  -17.862  -51.785  -18.381 0.0000000000
17743  -15.225  -51.559  -19.113 0.0000000000
17744  -17.990  -51.536  -19.451 0.0000000000
17745  -18.261  -50.853  -19.956 0.0000000000
17752  -16.232  -51.571  -19.544 0.0000000000
17753  -17.091  -51.485  -19.820 0.0000000000
17754  -17.816  -51.068  -19.993 0.0000000000
17755  -18.173  -50.424  -20.126 0.0000000000
18337  -19.878  -50.744  -15.377 0.0000000000
18364  -18.696  -50.888  -16.447 0.0000000000
18365  -19.358  -50.371  -16.203 0.0000000000
18366  -20.313  -50.086  -15.688 0.0000000000
18374  -16.016  -49.993  -17.453 0.0000000000
18375  -18.076  -51.232  -17.930 0.0000000000
18376  -18.573  -50.525  -17.461 0.0000000000
18377  -19.214  -49.937  -17.012 0.0000000000
18386  -15.364  -50.260  -18.100 0.0000000000
18387  -16.140  -49.920  -18.567 0.0000000000
18388  -18.233  -51.024  -18.695 0.0000000000
18389  -18.670  -50.246  -19.025 0.0000000000
18395  -14.973  -50.864  -18.458 0.0000000000
18396  -15.834  -50.678  -19.063 0.0000000000
18397  -16.629  -50.086  -19.394 0.0000000000
18398  -18.379  -50.809  -19.535 0.0000000000
18399  -18.496  -50.108  -19.934 0.0000000000
18405  -16.635  -50.850  -19.617 0.0000000000
18406  -17.341  -50.413  -19.861 0.0000000000
18407  -17.883  -50.091  -20.164 0.0000000000
18408  -18.190  -49.772  -20.210 0.0000000000
19090  -16.683  -49.616  -16.931 0.0000000000
19093  -20.153  -49.589  -16.259 0.0000000000
19103  -16.601  -49.335  -18.043 0.0000000000
19104  -17.224  -48.703  -17.374 0.0000000000
19105  -19.248  -49.650  -17.568 0.0000000000
19106  -19.818  -49.282  -17.036 0.0000000000
19107  -20.451  -48.993  -16.579 0.0000000000
19115  -16.744  -49.256  -19.124 0.0000000000
19116  -17.119  -48.438  -18.671 0.0000000000
19117  -19.096  -49.566  -18.466 0.0000000000
19118  -19.626  -48.993  -18.041 0.0000000000
19124  -17.228  -49.474  -19.833 0.0000000000
19125  -17.282  -48.485  -19.739 0.0000000000
19126  -19.048  -49.224  -19.701 0.0000000000
19127  -19.423  -48.736  -18.965 0.0000000000
19131  -17.620  -49.739  -20.078 0.0000000000
19132  -17.848  -49.015  -20.329 0.0000000000
19133  -18.533  -49.098  -20.267 0.0000000000
19839  -17.920  -48.352  -15.803 0.0000000000
19840  -18.449  -47.611  -15.521 0.0000000000
19841  -19.012  -47.283  -15.291 0.0000000000
19842  -20.765  -48.637  -16.421 0.0000000000
19854  -17.801  -47.599  -16.683 0.0000000000
19855  -18.141  -46.847  -16.368 0.0000000000
19856  -19.941  -48.573  -17.663 0.0000000000
19857  -20.425  -48.052  -17.105 0.0000000000
19858  -20.917  -47.561  -16.552 0.0000000000
19863  -17.548  -47.483  -18.062 0.0000000000
19864  -19.727  -47.907  -18.400 0.0000000000
19865  -20.004  -47.430  -17.787 0.0000000000
19872  -17.520  -47.391  -19.297 0.0000000000
19873  -18.949  -48.545  -20.309 0.0000000000
19874  -19.227  -47.901  -19.876 0.0000000000
19881  -17.852  -47.664  -20.234 0.0000000000
19882  -18.572  -47.923  -20.435 0.0000000000
19883  -18.996  -47.380  -20.433 0.0000000000
20575  -19.388  -47.079  -15.178 0.0000000000
20594  -18.463  -46.328  -16.307 0.0000000000
20595  -19.004  -46.557  -15.701 0.0000000000
20596  -19.598  -46.471  -15.416 0.0000000000
20610  -17.785  -46.577  -17.654 0.0000000000
20611  -18.013  -46.160  -17.056 0.0000000000
20612  -20.687  -46.864  -16.849 0.0000000000
20617  -17.780  -46.287  -18.592 0.0000000000
20618  -17.905  -45.882  -17.939 0.0000000000
20619  -19.704  -46.821  -18.163 0.0000000000
20620  -20.188  -46.845  -17.495 0.0000000000
20625  -18.211  -46.530  -19.711 0.0000000000
20626  -18.934  -46.321  -19.832 0.0000000000
20627  -19.346  -46.740  -19.254 0.0000000000
20635  -18.330  -47.192  -20.378 0.0000000000
20636  -18.732  -46.960  -20.382 0.0000000000
20637  -19.190  -46.958  -20.194 0.0000000000
21284  -20.608  -46.089  -14.871 0.0000000000
21300  -18.885  -45.741  -16.300 0.0000000000
21301  -19.480  -45.647  -15.929 0.0000000000
21302  -20.067  -45.985  -15.461 0.0000000000
21317  -18.460  -45.529  -16.827 0.0000000000
21318  -19.322  -45.220  -16.887 0.0000000000
21319  -20.152  -45.802  -17.091 0.0000000000
21327  -17.875  -45.597  -18.355 0.0000000000
21328  -18.338  -45.415  -17.934 0.0000000000
21329  -19.294  -45.879  -18.237 0.0000000000
21330  -19.813  -46.251  -17.752 0.0000000000
21338  -17.953  -45.505  -18.921 0.0000000000
21339  -18.670  -45.686  -19.119 0.0000000000
21340  -19.103  -46.007  -19.231 0.0000000000
22023  -19.949  -45.369  -15.790 0.0000000000
22041  -19.859  -45.083  -16.105 0.0000000000
22042  -20.309  -45.085  -16.460 0.0000000000
