#!ascii label  , from subject FREESURFER vox2ras=TkReg 
375
91057  -7.625  43.919  -29.775 0.0000000000
91072  -7.169  44.004  -30.152 0.0000000000
91665  -7.707  44.771  -29.783 0.0000000000
91666  -8.260  44.751  -29.496 0.0000000000
91681  -6.041  45.029  -31.062 0.0000000000
91682  -6.471  44.888  -30.726 0.0000000000
91683  -7.200  44.788  -30.193 0.0000000000
91697  -5.596  45.191  -31.456 0.0000000000
91710  -4.235  46.186  -33.779 0.0000000000
91711  -4.950  45.737  -32.504 0.0000000000
91727  -2.565  46.807  -35.557 0.0000000000
92226  -7.804  45.680  -29.743 0.0000000000
92227  -8.763  45.667  -29.268 0.0000000000
92243  -6.112  45.862  -31.030 0.0000000000
92244  -6.785  45.732  -30.523 0.0000000000
92245  -7.261  45.693  -30.178 0.0000000000
92260  -5.556  46.383  -31.656 0.0000000000
92269  -5.237  47.586  -32.270 0.0000000000
92278  -2.497  47.138  -34.014 0.0000000000
92280  -2.011  46.853  -34.979 0.0000000000
92733  -7.837  46.614  -29.783 0.0000000000
92734  -8.410  46.612  -29.473 0.0000000000
92735  -9.285  46.626  -29.096 0.0000000000
92750  -6.196  46.412  -31.027 0.0000000000
92751  -6.460  46.639  -30.804 0.0000000000
92752  -7.254  46.649  -30.210 0.0000000000
92766  -6.027  46.809  -31.247 0.0000000000
92767  -6.302  47.382  -31.076 0.0000000000
92779  -5.662  47.273  -31.689 0.0000000000
93231  -3.196  47.439  -28.654 0.0000000000
93244  -3.396  47.651  -29.766 0.0000000000
93245  -7.903  47.576  -29.788 0.0000000000
93246  -8.827  47.577  -29.300 0.0000000000
93247  -9.730  47.592  -29.185 0.0000000000
93259  -3.337  47.641  -31.268 0.0000000000
93260  -6.752  47.765  -30.701 0.0000000000
93261  -7.326  47.631  -30.261 0.0000000000
93272  -5.955  47.892  -31.471 0.0000000000
93273  -6.348  47.919  -31.134 0.0000000000
93284  -5.578  47.829  -31.845 0.0000000000
93753  -1.920  49.425  -27.773 0.0000000000
93754  -2.318  49.166  -27.805 0.0000000000
93755  -3.410  48.410  -27.797 0.0000000000
93762  -1.924  49.270  -28.021 0.0000000000
93763  -2.676  48.454  -28.264 0.0000000000
93764  -3.188  47.662  -28.113 0.0000000000
93771  -2.378  49.200  -28.690 0.0000000000
93772  -2.901  48.417  -29.170 0.0000000000
93773  -7.914  48.504  -29.846 0.0000000000
93774  -8.441  48.496  -29.590 0.0000000000
93775  -9.261  48.528  -29.449 0.0000000000
93785  -2.615  49.112  -29.562 0.0000000000
93786  -2.972  48.653  -30.351 0.0000000000
93787  -6.840  48.681  -30.798 0.0000000000
93788  -7.384  48.609  -30.325 0.0000000000
93797  -2.519  49.284  -31.835 0.0000000000
93798  -2.757  48.915  -31.469 0.0000000000
93799  -5.942  48.714  -31.600 0.0000000000
93800  -6.387  48.726  -31.228 0.0000000000
93808  -2.428  49.220  -32.432 0.0000000000
93809  -5.247  48.816  -32.392 0.0000000000
93810  -5.524  48.665  -32.008 0.0000000000
93816  -4.990  48.637  -32.693 0.0000000000
94323  -1.232  50.542  -27.656 0.0000000000
94324  -1.729  49.891  -27.577 0.0000000000
94325  -2.720  49.635  -27.412 0.0000000000
94335  -1.156  50.704  -27.892 0.0000000000
94336  -1.598  50.095  -28.258 0.0000000000
94340  -2.412  49.828  -29.172 0.0000000000
94341  -7.974  49.374  -29.883 0.0000000000
94342  -8.795  49.441  -29.684 0.0000000000
94351  -2.611  49.611  -30.398 0.0000000000
94352  -2.768  49.126  -30.835 0.0000000000
94353  -6.800  49.700  -30.837 0.0000000000
94354  -7.395  49.773  -30.320 0.0000000000
94364  -2.442  49.762  -31.576 0.0000000000
94365  -2.668  49.350  -31.083 0.0000000000
94366  -5.929  49.658  -31.670 0.0000000000
94367  -6.363  49.650  -31.287 0.0000000000
94376  -2.302  50.125  -32.701 0.0000000000
94377  -5.230  49.653  -32.554 0.0000000000
94378  -5.554  49.627  -32.090 0.0000000000
94384  -2.076  50.521  -33.437 0.0000000000
94385  -4.768  49.491  -33.248 0.0000000000
94390  -1.861  51.891  -34.224 0.0000000000
94391  -1.869  50.424  -33.996 0.0000000000
94392  -4.463  47.984  -33.546 0.0000000000
94807  -1.216  50.846  -27.183 0.0000000000
94808  -2.153  50.581  -27.115 0.0000000000
94820  -0.997  51.046  -27.574 0.0000000000
94821  -1.351  51.041  -28.208 0.0000000000
94822  -1.908  51.113  -28.566 0.0000000000
94830  -2.077  50.578  -28.727 0.0000000000
94831  -2.533  50.978  -28.958 0.0000000000
94832  -7.726  50.465  -30.113 0.0000000000
94833  -8.360  50.340  -29.890 0.0000000000
94841  -2.668  50.417  -29.641 0.0000000000
94842  -3.136  50.995  -29.808 0.0000000000
94843  -6.539  50.911  -30.784 0.0000000000
94844  -7.055  50.750  -30.423 0.0000000000
94854  -2.974  50.805  -30.809 0.0000000000
94855  -3.478  51.306  -30.401 0.0000000000
94856  -5.795  50.840  -31.582 0.0000000000
94857  -6.233  50.566  -31.233 0.0000000000
94868  -2.707  50.929  -32.024 0.0000000000
94869  -5.083  50.944  -32.621 0.0000000000
94870  -5.463  50.591  -32.048 0.0000000000
94876  -2.192  51.907  -33.509 0.0000000000
94877  -2.274  51.383  -33.114 0.0000000000
94878  -4.885  50.554  -33.077 0.0000000000
94883  -2.009  51.750  -33.736 0.0000000000
94884  -1.906  51.175  -33.772 0.0000000000
95263  -1.070  51.187  -26.922 0.0000000000
95264  -1.560  51.389  -27.136 0.0000000000
95274  -0.946  51.336  -27.170 0.0000000000
95275  -1.281  51.610  -27.611 0.0000000000
95276  -2.084  51.655  -28.350 0.0000000000
95277  -3.099  51.925  -28.554 0.0000000000
95285  -3.143  51.413  -29.066 0.0000000000
95286  -3.802  52.006  -29.231 0.0000000000
95287  -8.045  50.953  -30.059 0.0000000000
95288  -8.497  51.378  -30.061 0.0000000000
95296  -3.788  51.507  -29.909 0.0000000000
95297  -4.376  52.105  -29.945 0.0000000000
95298  -6.544  52.059  -30.622 0.0000000000
95299  -7.581  51.614  -30.245 0.0000000000
95300  -8.062  52.035  -30.219 0.0000000000
95307  -3.241  51.464  -31.553 0.0000000000
95308  -3.903  52.125  -30.886 0.0000000000
95309  -5.854  51.716  -31.277 0.0000000000
95310  -6.224  51.498  -30.979 0.0000000000
95321  -3.161  52.269  -32.256 0.0000000000
95322  -3.796  53.938  -31.486 0.0000000000
95323  -5.230  51.777  -32.176 0.0000000000
95324  -5.537  51.686  -31.664 0.0000000000
95331  -2.136  52.091  -33.664 0.0000000000
95332  -2.435  52.595  -33.408 0.0000000000
95333  -4.186  50.808  -34.151 0.0000000000
95334  -4.601  52.124  -33.144 0.0000000000
95340  -2.044  52.247  -33.841 0.0000000000
95341  -2.159  52.997  -33.965 0.0000000000
95342  -4.590  50.531  -33.579 0.0000000000
95734  -1.599  51.821  -27.421 0.0000000000
95735  -2.272  51.839  -27.453 0.0000000000
95745  -1.831  51.980  -27.707 0.0000000000
95746  -2.674  52.163  -27.947 0.0000000000
95747  -3.905  52.352  -28.363 0.0000000000
95748  -4.956  52.910  -28.654 0.0000000000
95759  -4.559  52.536  -29.297 0.0000000000
95772  -7.712  52.744  -30.317 0.0000000000
95797  -2.932  52.286  -34.537 0.0000000000
95805  -1.622  53.927  -34.186 0.0000000000
95806  -2.408  53.089  -33.821 0.0000000000
96225  -5.496  53.386  -28.030 0.0000000000
96237  -5.355  53.921  -29.177 0.0000000000
96238  -5.819  54.126  -28.254 0.0000000000
96259  -7.631  53.710  -30.414 0.0000000000
96698  -5.835  54.898  -28.602 0.0000000000
96710  -5.219  54.872  -29.586 0.0000000000
96711  -5.519  54.799  -29.163 0.0000000000
96721  -4.175  54.468  -31.050 0.0000000000
96722  -6.799  53.448  -30.554 0.0000000000
96723  -7.295  54.342  -30.488 0.0000000000
97132  -5.873  55.847  -28.577 0.0000000000
97141  -4.872  55.577  -29.807 0.0000000000
97142  -5.457  55.583  -29.195 0.0000000000
97153  -3.923  54.948  -31.132 0.0000000000
97154  -4.606  54.575  -30.498 0.0000000000
97155  -6.155  54.948  -31.055 0.0000000000
97156  -6.605  54.679  -30.714 0.0000000000
97157  -7.490  55.271  -30.433 0.0000000000
97170  -3.414  54.934  -31.594 0.0000000000
97171  -5.293  54.654  -32.045 0.0000000000
97172  -5.638  53.491  -31.442 0.0000000000
97173  -6.284  53.900  -30.835 0.0000000000
97588  -5.449  56.478  -28.865 0.0000000000
97589  -5.989  56.794  -28.275 0.0000000000
97598  -3.522  56.599  -30.655 0.0000000000
97599  -4.129  56.287  -30.382 0.0000000000
97600  -4.788  56.625  -29.419 0.0000000000
97610  -2.306  56.515  -31.560 0.0000000000
97611  -3.130  56.241  -31.238 0.0000000000
97612  -4.033  55.533  -30.850 0.0000000000
97613  -6.413  55.713  -30.781 0.0000000000
97614  -7.003  56.070  -30.511 0.0000000000
97615  -7.815  56.389  -30.510 0.0000000000
97626  -1.338  55.888  -32.808 0.0000000000
97627  -1.885  56.175  -32.093 0.0000000000
97628  -2.673  55.309  -31.974 0.0000000000
97629  -5.415  55.223  -31.742 0.0000000000
97630  -5.859  55.752  -31.141 0.0000000000
97638  -1.759  55.334  -32.821 0.0000000000
97639  -4.444  54.598  -32.897 0.0000000000
97640  -4.835  55.364  -32.343 0.0000000000
98045  -4.240  57.897  -29.177 0.0000000000
98046  -4.979  57.557  -28.846 0.0000000000
98047  -5.675  57.998  -28.269 0.0000000000
98054  -3.228  57.205  -30.407 0.0000000000
98055  -3.896  57.462  -29.632 0.0000000000
98056  -4.486  57.387  -29.239 0.0000000000
98063  -1.970  57.026  -31.421 0.0000000000
98064  -2.484  57.336  -30.834 0.0000000000
98065  -6.515  56.931  -30.680 0.0000000000
98066  -7.359  57.257  -30.566 0.0000000000
98077  -1.056  56.500  -32.764 0.0000000000
98078  -1.321  57.034  -32.063 0.0000000000
98079  -5.192  56.552  -31.596 0.0000000000
98080  -5.841  57.114  -30.990 0.0000000000
98086  -3.029  54.756  -34.369 0.0000000000
98087  -3.901  55.381  -33.241 0.0000000000
98088  -4.508  56.429  -32.337 0.0000000000
98095  -3.459  54.097  -34.073 0.0000000000
98476  -4.228  58.588  -29.000 0.0000000000
98477  -4.897  58.717  -28.646 0.0000000000
98489  -2.116  58.648  -30.330 0.0000000000
98490  -2.886  58.399  -29.913 0.0000000000
98491  -3.616  58.511  -29.365 0.0000000000
98499  -1.222  58.355  -31.789 0.0000000000
98500  -1.712  58.157  -30.960 0.0000000000
98501  -2.467  57.961  -30.423 0.0000000000
98502  -6.241  58.158  -30.671 0.0000000000
98503  -7.015  58.220  -30.486 0.0000000000
98504  -7.792  58.329  -30.679 0.0000000000
98512  -0.909  57.724  -32.508 0.0000000000
98513  -1.353  57.674  -31.691 0.0000000000
98514  -3.924  57.892  -32.522 0.0000000000
98515  -4.649  57.697  -31.865 0.0000000000
98516  -5.503  57.969  -31.163 0.0000000000
98522  -0.895  56.725  -33.501 0.0000000000
98523  -1.934  55.261  -34.337 0.0000000000
98524  -3.100  56.762  -33.363 0.0000000000
98525  -3.995  56.883  -32.666 0.0000000000
98529  -1.217  55.412  -33.313 0.0000000000
98530  -1.611  55.405  -33.004 0.0000000000
98878  -3.125  59.809  -28.979 0.0000000000
98879  -3.948  59.605  -28.779 0.0000000000
98891  -1.999  59.379  -29.982 0.0000000000
98892  -2.780  59.428  -29.412 0.0000000000
98893  -3.565  59.210  -29.128 0.0000000000
98900  -1.324  59.125  -31.558 0.0000000000
98901  -1.647  59.270  -30.748 0.0000000000
98902  -5.245  59.624  -31.081 0.0000000000
98903  -5.872  59.249  -30.680 0.0000000000
98904  -6.770  59.266  -30.442 0.0000000000
98905  -7.558  59.261  -30.573 0.0000000000
98913  -0.989  58.956  -32.413 0.0000000000
98914  -3.351  58.732  -32.709 0.0000000000
98915  -4.446  59.084  -31.791 0.0000000000
98916  -5.182  58.773  -31.329 0.0000000000
98923  -0.801  58.600  -33.225 0.0000000000
98924  -1.268  58.167  -33.865 0.0000000000
98925  -2.275  58.202  -33.585 0.0000000000
99285  -2.198  60.934  -29.278 0.0000000000
99286  -2.936  60.617  -28.768 0.0000000000
99303  -1.895  60.469  -29.829 0.0000000000
99304  -2.524  60.239  -29.154 0.0000000000
99310  -1.383  59.996  -31.499 0.0000000000
99311  -1.613  60.232  -30.734 0.0000000000
99312  -4.818  60.387  -31.110 0.0000000000
99313  -5.745  60.433  -30.586 0.0000000000
99314  -6.638  60.359  -30.414 0.0000000000
99315  -7.415  60.233  -30.572 0.0000000000
99321  -1.107  59.833  -32.268 0.0000000000
99322  -2.686  59.960  -32.787 0.0000000000
99323  -3.756  60.143  -31.890 0.0000000000
99328  -0.776  59.774  -32.936 0.0000000000
99329  -0.947  59.744  -33.426 0.0000000000
99330  -1.682  59.818  -33.411 0.0000000000
99667  -2.289  61.684  -29.141 0.0000000000
99668  -2.987  61.584  -28.425 0.0000000000
99688  -2.002  61.660  -30.132 0.0000000000
99698  -1.484  60.742  -31.638 0.0000000000
99699  -1.685  61.370  -31.177 0.0000000000
99700  -3.265  61.913  -31.787 0.0000000000
99701  -4.228  61.455  -31.188 0.0000000000
99702  -5.463  61.447  -30.580 0.0000000000
99703  -6.509  61.437  -30.499 0.0000000000
99712  -1.226  60.522  -32.340 0.0000000000
99713  -1.464  61.311  -32.402 0.0000000000
99714  -2.236  61.403  -32.731 0.0000000000
99715  -3.227  61.057  -32.138 0.0000000000
99720  -0.894  60.271  -32.709 0.0000000000
99721  -0.832  60.582  -32.989 0.0000000000
99722  -1.262  60.790  -33.269 0.0000000000
100072  -2.506  62.610  -29.041 0.0000000000
100094  -2.327  62.638  -30.105 0.0000000000
100105  -1.947  62.696  -31.334 0.0000000000
100106  -2.792  62.748  -31.763 0.0000000000
100107  -4.044  62.636  -30.995 0.0000000000
100108  -5.252  62.511  -30.595 0.0000000000
100109  -6.306  62.411  -30.648 0.0000000000
100116  -1.606  62.016  -31.899 0.0000000000
100117  -1.805  62.239  -32.243 0.0000000000
100417  -2.658  63.588  -28.939 0.0000000000
100442  -2.518  63.605  -29.959 0.0000000000
100455  -2.452  63.663  -30.856 0.0000000000
100456  -2.804  63.743  -31.231 0.0000000000
100457  -3.844  63.696  -30.791 0.0000000000
100458  -5.142  63.553  -30.650 0.0000000000
100794  -2.466  64.635  -29.846 0.0000000000
100806  -2.367  64.612  -30.791 0.0000000000
100807  -2.696  64.612  -31.268 0.0000000000
100808  -3.655  64.729  -31.022 0.0000000000
100809  -5.285  64.769  -30.914 0.0000000000
101121  -2.348  65.648  -29.479 0.0000000000
101134  -1.880  65.779  -30.902 0.0000000000
101135  -2.327  65.426  -31.465 0.0000000000
101136  -3.257  65.615  -31.452 0.0000000000
101137  -4.533  65.705  -31.174 0.0000000000
101144  -1.902  66.019  -31.946 0.0000000000
101145  -2.658  66.038  -31.793 0.0000000000
101146  -3.113  66.036  -31.651 0.0000000000
101147  -5.701  65.773  -31.494 0.0000000000
101421  -2.048  66.660  -29.971 0.0000000000
101435  -1.646  66.852  -30.965 0.0000000000
101436  -3.973  66.005  -31.356 0.0000000000
101437  -4.400  66.228  -31.322 0.0000000000
101444  -1.636  66.760  -31.768 0.0000000000
101445  -2.424  66.747  -32.077 0.0000000000
101446  -3.639  66.513  -31.497 0.0000000000
101447  -5.279  66.640  -31.540 0.0000000000
101699  -1.969  67.538  -30.297 0.0000000000
101714  -1.848  67.544  -31.288 0.0000000000
101719  -2.221  67.600  -31.798 0.0000000000
101720  -3.297  67.588  -31.511 0.0000000000
101721  -4.772  67.582  -31.555 0.0000000000
102019  -2.148  68.300  -29.572 0.0000000000
102033  -2.368  68.388  -30.670 0.0000000000
102034  -2.781  69.036  -30.922 0.0000000000
102037  -2.267  68.006  -31.359 0.0000000000
102038  -2.998  68.566  -31.304 0.0000000000
102357  -2.385  68.777  -30.001 0.0000000000
102362  -2.999  69.707  -31.287 0.0000000000
105474  -2.433  48.368  -33.274 0.0000000000
105475  -3.981  46.335  -34.318 0.0000000000
105476  -2.952  47.195  -32.700 0.0000000000
105477  -2.055  48.923  -34.649 0.0000000000
105478  -3.427  46.137  -35.237 0.0000000000
105479  -5.240  48.401  -32.327 0.0000000000
105480  -2.760  48.255  -32.245 0.0000000000
105481  -2.041  47.782  -34.892 0.0000000000
105482  -2.338  49.630  -32.866 0.0000000000
105483  -2.386  47.977  -34.714 0.0000000000
105484  -2.223  49.600  -33.397 0.0000000000
105485  -3.209  48.968  -35.253 0.0000000000
105486  -3.735  47.272  -34.624 0.0000000000
105487  -2.517  49.000  -35.194 0.0000000000
105488  -4.417  49.627  -33.902 0.0000000000
105489  -3.908  49.313  -34.504 0.0000000000
105490  -4.107  48.177  -34.334 0.0000000000
105491  -4.434  53.353  -30.825 0.0000000000
105492  -4.973  53.087  -29.338 0.0000000000
105493  -2.325  53.779  -34.300 0.0000000000
105494  -3.121  54.600  -31.941 0.0000000000
105495  -2.824  54.902  -32.047 0.0000000000
105496  -4.807  53.017  -30.085 0.0000000000
105497  -6.018  52.203  -31.030 0.0000000000
105498  -7.133  52.479  -30.415 0.0000000000
105499  -3.498  54.482  -31.684 0.0000000000
105500  -2.889  53.892  -32.642 0.0000000000
105501  -2.708  54.796  -32.326 0.0000000000
105502  -4.491  53.367  -33.075 0.0000000000
105503  -4.834  53.487  -32.600 0.0000000000
105504  -2.298  55.182  -32.472 0.0000000000
105505  -1.952  54.234  -33.500 0.0000000000
105506  -2.292  54.718  -32.801 0.0000000000
105507  -4.989  54.310  -32.427 0.0000000000
105508  -2.141  55.555  -32.365 0.0000000000
105509  -2.607  54.168  -34.723 0.0000000000
105510  -2.576  53.896  -34.599 0.0000000000
105511  -4.546  53.947  -32.914 0.0000000000
105512  -1.511  54.716  -34.022 0.0000000000
105513  -4.057  53.740  -33.523 0.0000000000
105514  -1.635  54.707  -33.498 0.0000000000
105515  -1.312  54.614  -33.824 0.0000000000
