#!ascii label  , from subject FREESURFER vox2ras=TkReg 
849
10558  -22.506  -64.739  -6.649 0.0000000000
10559  -23.115  -64.244  -6.566 0.0000000000
10571  -22.822  -64.906  -6.984 0.0000000000
10612  -21.146  -64.536  -11.042 0.0000000000
11170  -20.729  -63.407  -5.258 0.0000000000
11177  -21.038  -63.677  -5.824 0.0000000000
11178  -22.040  -63.951  -6.077 0.0000000000
11182  -22.874  -63.819  -6.224 0.0000000000
11183  -23.226  -63.697  -6.320 0.0000000000
11186  -24.805  -63.108  -7.573 0.0000000000
11200  -21.074  -63.590  -9.878 0.0000000000
11210  -21.157  -63.336  -10.304 0.0000000000
11211  -24.417  -63.852  -10.455 0.0000000000
11227  -21.270  -63.351  -10.950 0.0000000000
11698  -18.760  -62.266  -1.715 0.0000000000
11712  -19.032  -62.412  -2.575 0.0000000000
11719  -19.401  -62.369  -3.647 0.0000000000
11720  -20.094  -63.022  -4.026 0.0000000000
11727  -19.327  -61.977  -4.245 0.0000000000
11728  -20.147  -62.721  -4.606 0.0000000000
11729  -20.987  -63.147  -5.681 0.0000000000
11730  -21.353  -63.233  -5.990 0.0000000000
11735  -21.710  -63.406  -5.950 0.0000000000
11736  -22.021  -63.426  -6.046 0.0000000000
11739  -22.795  -63.232  -6.047 0.0000000000
11740  -24.437  -63.196  -6.836 0.0000000000
11743  -24.329  -63.296  -7.103 0.0000000000
11744  -24.765  -62.858  -7.287 0.0000000000
11745  -25.146  -62.647  -7.427 0.0000000000
11749  -20.099  -62.531  -9.767 0.0000000000
11750  -20.676  -62.473  -9.420 0.0000000000
11751  -21.134  -62.860  -9.615 0.0000000000
11752  -24.614  -63.904  -9.887 0.0000000000
11755  -20.044  -62.342  -10.163 0.0000000000
11756  -20.554  -62.156  -9.942 0.0000000000
11757  -21.161  -62.389  -9.972 0.0000000000
11758  -23.443  -63.650  -11.361 0.0000000000
11759  -24.634  -63.393  -10.394 0.0000000000
11767  -19.970  -62.263  -10.805 0.0000000000
11768  -20.284  -62.083  -10.286 0.0000000000
11769  -21.510  -62.696  -11.041 0.0000000000
11770  -22.088  -62.904  -11.597 0.0000000000
11771  -22.592  -63.881  -11.685 0.0000000000
11781  -13.404  -62.467  -12.417 0.0000000000
11782  -13.960  -62.275  -12.814 0.0000000000
11783  -19.604  -62.376  -11.917 0.0000000000
11794  -14.437  -62.442  -13.289 0.0000000000
11795  -15.241  -62.455  -13.770 0.0000000000
11796  -15.904  -62.383  -14.054 0.0000000000
11797  -17.707  -62.159  -13.867 0.0000000000
11798  -18.369  -62.722  -13.693 0.0000000000
11799  -19.188  -62.610  -12.890 0.0000000000
11805  -16.376  -62.751  -14.347 0.0000000000
11806  -17.368  -62.735  -14.224 0.0000000000
11807  -17.993  -63.265  -14.107 0.0000000000
12191  -16.916  -60.604  0.992 0.0000000000
12192  -17.448  -60.569  0.904 0.0000000000
12208  -17.482  -61.204  0.700 0.0000000000
12209  -18.161  -61.492  0.164 0.0000000000
12230  -18.657  -61.586  -0.592 0.0000000000
12231  -19.023  -61.162  -0.884 0.0000000000
12249  -18.745  -61.985  -1.136 0.0000000000
12250  -18.925  -61.564  -1.264 0.0000000000
12258  -19.035  -61.502  -1.974 0.0000000000
12266  -19.207  -61.313  -2.835 0.0000000000
12271  -18.983  -60.634  -4.015 0.0000000000
12272  -19.479  -61.933  -4.730 0.0000000000
12273  -20.427  -62.464  -5.191 0.0000000000
12274  -20.919  -62.893  -5.777 0.0000000000
12278  -19.043  -61.408  -4.950 0.0000000000
12279  -19.886  -61.809  -5.258 0.0000000000
12280  -20.686  -62.482  -5.568 0.0000000000
12281  -21.362  -62.942  -5.922 0.0000000000
12284  -22.021  -63.567  -6.550 0.0000000000
12287  -22.161  -63.268  -7.137 0.0000000000
12288  -24.625  -63.111  -7.533 0.0000000000
12289  -25.428  -62.304  -7.408 0.0000000000
12292  -24.972  -63.001  -7.973 0.0000000000
12293  -25.123  -62.799  -7.869 0.0000000000
12295  -25.014  -63.095  -8.545 0.0000000000
12296  -25.066  -63.197  -9.057 0.0000000000
12298  -20.810  -61.854  -9.880 0.0000000000
12299  -21.044  -61.802  -9.883 0.0000000000
12300  -23.341  -62.576  -11.419 0.0000000000
12301  -23.994  -62.669  -11.098 0.0000000000
12307  -19.815  -61.321  -11.545 0.0000000000
12308  -20.619  -61.629  -10.391 0.0000000000
12309  -20.902  -61.904  -10.180 0.0000000000
12310  -21.886  -62.089  -11.118 0.0000000000
12311  -22.619  -62.360  -11.506 0.0000000000
12319  -13.944  -61.717  -12.524 0.0000000000
12320  -14.497  -61.215  -12.589 0.0000000000
12321  -18.403  -61.281  -13.005 0.0000000000
12322  -19.117  -61.501  -12.557 0.0000000000
12328  -14.312  -61.996  -12.925 0.0000000000
12329  -14.904  -61.709  -13.038 0.0000000000
12330  -15.965  -61.885  -13.602 0.0000000000
12331  -16.987  -61.723  -13.754 0.0000000000
12332  -17.916  -61.617  -13.472 0.0000000000
12333  -18.689  -61.923  -13.210 0.0000000000
12347  -16.220  -62.254  -14.055 0.0000000000
12348  -16.600  -62.197  -14.078 0.0000000000
12736  -17.285  -60.154  1.089 0.0000000000
12737  -17.833  -60.190  0.897 0.0000000000
12738  -18.218  -60.093  0.712 0.0000000000
12759  -17.744  -60.656  0.774 0.0000000000
12760  -18.193  -60.630  0.528 0.0000000000
12761  -18.716  -60.362  0.167 0.0000000000
12777  -18.586  -60.942  -0.013 0.0000000000
12778  -19.067  -60.584  -0.454 0.0000000000
12779  -19.624  -60.253  -0.831 0.0000000000
12786  -19.304  -60.869  -1.279 0.0000000000
12787  -19.895  -60.214  -1.424 0.0000000000
12794  -19.443  -60.700  -2.076 0.0000000000
12795  -20.034  -60.076  -2.129 0.0000000000
12801  -19.440  -60.216  -2.751 0.0000000000
12802  -20.000  -59.801  -2.506 0.0000000000
12808  -20.640  -62.109  -5.841 0.0000000000
12809  -21.334  -62.780  -6.213 0.0000000000
12811  -21.094  -62.019  -6.685 0.0000000000
12816  -23.939  -62.928  -8.357 0.0000000000
12818  -24.540  -63.206  -9.588 0.0000000000
12819  -24.728  -62.795  -10.112 0.0000000000
12821  -20.684  -60.307  -10.681 0.0000000000
12822  -21.162  -60.652  -10.421 0.0000000000
12823  -21.927  -61.172  -10.691 0.0000000000
12824  -22.799  -61.471  -11.180 0.0000000000
12825  -23.457  -61.776  -11.068 0.0000000000
12831  -13.465  -60.106  -11.824 0.0000000000
12832  -19.571  -60.370  -11.616 0.0000000000
12833  -20.266  -60.549  -11.062 0.0000000000
12834  -20.893  -61.022  -10.443 0.0000000000
12835  -21.562  -61.366  -10.632 0.0000000000
12836  -22.245  -61.629  -11.094 0.0000000000
12841  -13.354  -61.360  -12.215 0.0000000000
12842  -13.997  -60.705  -12.194 0.0000000000
12843  -15.172  -60.828  -12.585 0.0000000000
12844  -16.229  -60.475  -12.638 0.0000000000
12845  -17.208  -60.374  -12.651 0.0000000000
12846  -18.245  -60.566  -12.569 0.0000000000
12847  -19.112  -60.566  -12.123 0.0000000000
12851  -15.576  -61.397  -13.052 0.0000000000
12852  -16.182  -61.214  -13.090 0.0000000000
12853  -17.066  -61.027  -13.105 0.0000000000
12854  -17.794  -60.937  -12.992 0.0000000000
13257  -15.773  -59.402  0.507 0.0000000000
13258  -16.655  -59.753  1.065 0.0000000000
13259  -17.566  -59.587  1.145 0.0000000000
13260  -18.268  -59.599  0.872 0.0000000000
13261  -18.692  -59.544  0.595 0.0000000000
13282  -18.542  -59.975  0.514 0.0000000000
13283  -19.089  -59.682  0.213 0.0000000000
13284  -19.661  -59.319  -0.082 0.0000000000
13293  -19.524  -59.881  -0.366 0.0000000000
13294  -20.033  -59.522  -0.692 0.0000000000
13299  -20.512  -59.479  -1.480 0.0000000000
13300  -21.003  -59.083  -1.835 0.0000000000
13306  -20.531  -59.533  -2.254 0.0000000000
13307  -21.156  -58.918  -2.467 0.0000000000
13308  -21.549  -58.497  -2.888 0.0000000000
13313  -19.346  -59.841  -3.161 0.0000000000
13314  -20.156  -59.435  -2.882 0.0000000000
13315  -21.102  -58.845  -3.280 0.0000000000
13316  -21.647  -58.477  -3.291 0.0000000000
13319  -19.603  -59.339  -3.361 0.0000000000
13320  -20.334  -59.053  -3.272 0.0000000000
13325  -18.106  -59.814  -6.391 0.0000000000
13330  -24.279  -62.855  -10.217 0.0000000000
13332  -19.950  -59.197  -10.795 0.0000000000
13333  -20.619  -59.649  -10.420 0.0000000000
13334  -21.621  -60.189  -10.295 0.0000000000
13335  -22.210  -61.322  -10.642 0.0000000000
13336  -22.054  -61.801  -10.332 0.0000000000
13337  -24.219  -62.629  -10.448 0.0000000000
13344  -13.999  -59.628  -11.671 0.0000000000
13345  -14.678  -59.148  -11.726 0.0000000000
13346  -17.854  -59.292  -11.866 0.0000000000
13347  -18.520  -59.282  -11.649 0.0000000000
13348  -19.493  -59.507  -11.326 0.0000000000
13349  -20.248  -59.794  -10.923 0.0000000000
13353  -14.587  -60.205  -12.173 0.0000000000
13354  -15.287  -59.718  -12.152 0.0000000000
13355  -16.430  -59.751  -12.321 0.0000000000
13356  -17.417  -59.705  -12.182 0.0000000000
13357  -18.372  -59.877  -12.053 0.0000000000
13358  -19.038  -59.904  -11.808 0.0000000000
13759  -15.879  -58.454  0.667 0.0000000000
13760  -16.543  -58.716  1.078 0.0000000000
13761  -17.249  -58.976  1.274 0.0000000000
13762  -18.045  -58.839  1.234 0.0000000000
13763  -18.818  -58.971  0.816 0.0000000000
13776  -15.349  -58.675  -0.127 0.0000000000
13777  -19.448  -58.799  0.406 0.0000000000
13778  -20.024  -58.654  -0.055 0.0000000000
13789  -15.008  -58.952  -0.886 0.0000000000
13790  -20.566  -58.615  -0.735 0.0000000000
13791  -21.057  -58.206  -1.024 0.0000000000
13796  -20.941  -58.768  -1.333 0.0000000000
13797  -21.354  -58.302  -1.667 0.0000000000
13803  -21.700  -58.122  -2.360 0.0000000000
13804  -21.910  -58.023  -2.984 0.0000000000
13805  -22.078  -57.908  -3.183 0.0000000000
13809  -21.218  -58.742  -3.657 0.0000000000
13810  -21.785  -58.468  -3.937 0.0000000000
13811  -22.379  -57.851  -3.928 0.0000000000
13814  -20.592  -58.860  -3.687 0.0000000000
13816  -17.601  -58.779  -5.492 0.0000000000
13818  -17.235  -58.939  -6.164 0.0000000000
13820  -17.633  -59.053  -7.124 0.0000000000
13821  -18.857  -59.469  -7.069 0.0000000000
13822  -23.379  -55.762  -8.573 0.0000000000
13826  -17.995  -58.558  -7.834 0.0000000000
13827  -18.486  -58.870  -7.730 0.0000000000
13829  -19.817  -58.549  -9.287 0.0000000000
13830  -23.161  -55.248  -8.787 0.0000000000
13837  -14.364  -57.758  -11.118 0.0000000000
13838  -15.087  -57.676  -11.286 0.0000000000
13839  -19.048  -58.266  -10.634 0.0000000000
13840  -19.764  -58.598  -10.169 0.0000000000
13841  -20.644  -59.257  -9.603 0.0000000000
13842  -21.007  -60.597  -9.360 0.0000000000
13850  -14.083  -58.633  -11.303 0.0000000000
13851  -15.448  -58.482  -11.684 0.0000000000
13852  -16.749  -58.407  -11.720 0.0000000000
13853  -17.727  -58.603  -11.527 0.0000000000
13854  -18.666  -58.568  -11.174 0.0000000000
13855  -19.429  -58.744  -10.904 0.0000000000
13859  -15.906  -59.236  -12.136 0.0000000000
13860  -16.534  -59.074  -12.052 0.0000000000
13861  -17.253  -59.018  -11.868 0.0000000000
14270  -15.581  -57.819  0.445 0.0000000000
14271  -16.432  -57.794  1.150 0.0000000000
14272  -17.466  -58.018  1.341 0.0000000000
14273  -18.658  -57.846  1.155 0.0000000000
14274  -19.213  -58.356  0.834 0.0000000000
14282  -14.329  -58.277  -1.130 0.0000000000
14283  -14.941  -58.095  -0.697 0.0000000000
14284  -19.083  -57.150  0.764 0.0000000000
14285  -19.633  -57.763  0.537 0.0000000000
14286  -20.306  -57.765  -0.164 0.0000000000
14299  -14.725  -58.747  -1.107 0.0000000000
14300  -20.773  -57.745  -0.641 0.0000000000
14301  -21.185  -57.446  -1.104 0.0000000000
14307  -21.687  -57.282  -1.845 0.0000000000
14308  -21.964  -56.852  -2.327 0.0000000000
14313  -21.928  -57.474  -2.453 0.0000000000
14314  -22.201  -57.074  -2.772 0.0000000000
14315  -22.506  -56.847  -3.344 0.0000000000
14322  -17.665  -58.253  -5.527 0.0000000000
14323  -18.192  -58.258  -5.237 0.0000000000
14325  -16.838  -56.826  -6.222 0.0000000000
14326  -17.393  -57.624  -5.862 0.0000000000
14327  -19.645  -57.429  -5.973 0.0000000000
14329  -16.611  -57.010  -6.707 0.0000000000
14330  -16.938  -58.085  -6.887 0.0000000000
14331  -20.152  -56.922  -7.117 0.0000000000
14342  -16.784  -57.311  -7.527 0.0000000000
14343  -17.650  -57.824  -8.156 0.0000000000
14344  -18.608  -58.358  -8.301 0.0000000000
14345  -19.766  -59.056  -8.360 0.0000000000
14346  -21.106  -56.723  -8.151 0.0000000000
14347  -23.814  -55.294  -9.409 0.0000000000
14348  -24.103  -55.277  -9.233 0.0000000000
14358  -14.134  -56.209  -10.337 0.0000000000
14359  -14.843  -56.271  -10.509 0.0000000000
14360  -18.144  -57.382  -9.393 0.0000000000
14361  -18.658  -57.838  -8.987 0.0000000000
14362  -19.267  -58.270  -8.854 0.0000000000
14363  -23.031  -55.810  -9.103 0.0000000000
14364  -23.588  -54.803  -8.719 0.0000000000
14374  -13.601  -56.898  -10.576 0.0000000000
14375  -14.925  -56.917  -10.865 0.0000000000
14376  -15.629  -57.483  -11.282 0.0000000000
14377  -17.534  -57.392  -10.803 0.0000000000
14378  -18.047  -57.428  -10.318 0.0000000000
14379  -18.821  -57.820  -9.975 0.0000000000
14380  -19.282  -58.130  -9.465 0.0000000000
14385  -16.346  -57.672  -11.400 0.0000000000
14386  -17.162  -57.767  -11.261 0.0000000000
14387  -17.943  -57.919  -11.017 0.0000000000
14388  -18.492  -57.971  -10.660 0.0000000000
14800  -14.165  -56.626  -0.452 0.0000000000
14801  -15.030  -57.024  0.322 0.0000000000
14802  -16.088  -56.978  1.221 0.0000000000
14803  -17.298  -56.805  1.186 0.0000000000
14804  -17.984  -57.286  1.195 0.0000000000
14808  -13.789  -57.345  -1.133 0.0000000000
14809  -14.434  -57.407  -0.832 0.0000000000
14810  -17.768  -56.154  0.834 0.0000000000
14811  -18.394  -56.625  0.787 0.0000000000
14812  -19.457  -56.558  0.233 0.0000000000
14813  -20.023  -57.164  0.091 0.0000000000
14821  -19.821  -56.034  -0.282 0.0000000000
14822  -20.461  -56.695  -0.510 0.0000000000
14823  -21.231  -56.446  -1.389 0.0000000000
14826  -21.720  -56.267  -2.048 0.0000000000
14827  -22.139  -56.124  -2.573 0.0000000000
14831  -22.546  -55.936  -3.369 0.0000000000
14840  -16.610  -56.370  -6.448 0.0000000000
14841  -17.013  -56.345  -6.166 0.0000000000
14842  -18.078  -56.401  -6.362 0.0000000000
14843  -19.118  -56.610  -6.683 0.0000000000
14850  -16.310  -56.188  -6.863 0.0000000000
14851  -18.580  -56.027  -6.866 0.0000000000
14852  -19.297  -56.217  -7.381 0.0000000000
14853  -20.154  -56.451  -7.823 0.0000000000
14854  -26.200  -55.691  -7.926 0.0000000000
14855  -24.110  -54.711  -8.993 0.0000000000
14869  -16.434  -56.425  -7.737 0.0000000000
14870  -17.046  -56.894  -8.345 0.0000000000
14871  -19.737  -56.009  -7.951 0.0000000000
14872  -20.524  -56.110  -8.505 0.0000000000
14873  -21.860  -55.991  -9.075 0.0000000000
14874  -23.546  -54.833  -9.800 0.0000000000
14875  -23.817  -54.907  -9.553 0.0000000000
14876  -24.291  -54.989  -9.476 0.0000000000
14877  -24.535  -55.171  -9.407 0.0000000000
14889  -13.639  -55.486  -9.791 0.0000000000
14890  -14.821  -55.621  -10.163 0.0000000000
14891  -15.894  -55.693  -10.078 0.0000000000
14892  -16.757  -56.151  -9.311 0.0000000000
14893  -17.531  -56.937  -9.213 0.0000000000
14894  -20.996  -55.735  -9.145 0.0000000000
14895  -23.012  -54.921  -9.707 0.0000000000
14896  -23.300  -55.302  -9.535 0.0000000000
14907  -15.401  -56.254  -10.525 0.0000000000
14908  -16.298  -56.734  -10.782 0.0000000000
14909  -17.370  -56.856  -10.246 0.0000000000
14910  -17.873  -57.009  -9.827 0.0000000000
14918  -16.732  -57.310  -11.150 0.0000000000
14919  -17.058  -57.154  -10.924 0.0000000000
15331  -12.975  -55.803  0.609 0.0000000000
15332  -13.699  -55.971  0.237 0.0000000000
15333  -14.629  -56.104  0.912 0.0000000000
15334  -15.802  -56.012  1.367 0.0000000000
15335  -16.658  -56.180  1.246 0.0000000000
15338  -13.215  -56.427  -0.231 0.0000000000
15339  -13.527  -56.622  -0.692 0.0000000000
15340  -16.617  -55.527  1.178 0.0000000000
15341  -17.272  -55.689  0.895 0.0000000000
15342  -18.015  -55.610  0.445 0.0000000000
15343  -18.719  -55.884  0.260 0.0000000000
15350  -18.455  -55.305  -0.022 0.0000000000
15351  -19.189  -55.480  -0.265 0.0000000000
15352  -20.067  -55.479  -0.750 0.0000000000
15353  -20.751  -55.796  -1.152 0.0000000000
15359  -20.564  -55.126  -1.296 0.0000000000
15360  -21.316  -55.188  -1.907 0.0000000000
15361  -21.828  -55.645  -2.348 0.0000000000
15366  -21.631  -54.650  -2.450 0.0000000000
15367  -22.122  -54.924  -2.823 0.0000000000
15378  -16.557  -55.509  -6.619 0.0000000000
15379  -17.249  -55.526  -6.432 0.0000000000
15380  -17.981  -55.451  -6.770 0.0000000000
15381  -23.734  -55.151  -8.543 0.0000000000
15389  -16.125  -55.535  -7.394 0.0000000000
15390  -18.616  -55.506  -7.299 0.0000000000
15391  -19.168  -55.584  -7.786 0.0000000000
15392  -26.389  -55.233  -7.867 0.0000000000
15393  -26.420  -55.305  -7.635 0.0000000000
15408  -15.150  -54.256  -9.171 0.0000000000
15409  -16.179  -55.658  -8.389 0.0000000000
15410  -19.725  -55.617  -8.306 0.0000000000
15411  -20.275  -55.637  -8.815 0.0000000000
15412  -23.659  -54.512  -9.792 0.0000000000
15413  -24.143  -54.624  -9.556 0.0000000000
15414  -24.479  -54.808  -9.496 0.0000000000
15415  -26.059  -55.073  -8.156 0.0000000000
15426  -14.187  -54.901  -9.610 0.0000000000
15427  -15.326  -54.827  -9.517 0.0000000000
15428  -16.011  -55.206  -9.179 0.0000000000
15429  -19.799  -55.232  -8.747 0.0000000000
15430  -20.530  -55.193  -9.295 0.0000000000
15431  -21.850  -55.236  -9.614 0.0000000000
15432  -22.556  -54.614  -9.840 0.0000000000
15433  -22.968  -54.207  -9.971 0.0000000000
15884  -12.283  -54.473  1.528 0.0000000000
15885  -12.860  -54.763  1.188 0.0000000000
15886  -13.476  -55.072  1.181 0.0000000000
15887  -14.373  -55.167  1.343 0.0000000000
15888  -15.388  -55.129  1.413 0.0000000000
15889  -16.227  -54.982  1.163 0.0000000000
15894  -16.836  -54.981  0.817 0.0000000000
15895  -17.391  -54.843  0.345 0.0000000000
15896  -17.975  -54.983  -0.018 0.0000000000
15900  -17.691  -54.519  -0.183 0.0000000000
15901  -18.395  -54.620  -0.476 0.0000000000
15902  -19.358  -54.598  -0.945 0.0000000000
15903  -20.063  -54.763  -1.181 0.0000000000
15908  -19.790  -54.230  -1.392 0.0000000000
15909  -20.470  -54.391  -1.641 0.0000000000
15910  -20.875  -54.363  -1.919 0.0000000000
15915  -21.323  -54.307  -2.320 0.0000000000
15916  -21.702  -54.129  -2.685 0.0000000000
15919  -22.079  -54.005  -3.052 0.0000000000
15920  -22.324  -53.877  -3.331 0.0000000000
15923  -22.247  -54.270  -3.171 0.0000000000
15924  -22.440  -54.288  -3.467 0.0000000000
15933  -16.507  -54.938  -6.719 0.0000000000
15934  -16.790  -54.894  -6.622 0.0000000000
15935  -17.425  -54.899  -6.697 0.0000000000
15946  -15.586  -53.533  -7.582 0.0000000000
15947  -16.255  -54.421  -7.154 0.0000000000
15948  -17.110  -54.306  -6.923 0.0000000000
15949  -18.159  -54.608  -7.338 0.0000000000
15950  -18.758  -55.150  -7.625 0.0000000000
15951  -26.666  -54.725  -7.795 0.0000000000
15952  -26.664  -54.595  -7.574 0.0000000000
15970  -15.566  -54.282  -8.570 0.0000000000
15971  -15.864  -54.978  -8.267 0.0000000000
15972  -18.751  -54.168  -8.321 0.0000000000
15973  -19.123  -54.973  -8.145 0.0000000000
15974  -23.755  -53.891  -9.825 0.0000000000
15975  -24.099  -54.221  -9.538 0.0000000000
15976  -25.832  -54.421  -8.341 0.0000000000
15977  -26.474  -54.507  -7.978 0.0000000000
15978  -26.726  -54.484  -7.781 0.0000000000
15988  -15.739  -54.756  -9.131 0.0000000000
15989  -15.839  -54.775  -8.875 0.0000000000
15990  -19.032  -53.923  -8.932 0.0000000000
15991  -19.606  -54.484  -9.133 0.0000000000
15992  -20.903  -54.333  -9.844 0.0000000000
15993  -22.026  -54.373  -9.933 0.0000000000
15995  -23.248  -53.924  -9.820 0.0000000000
16422  -11.370  -53.077  1.996 0.0000000000
16431  -12.074  -53.435  1.399 0.0000000000
16432  -12.728  -53.744  1.248 0.0000000000
16433  -13.373  -54.010  1.303 0.0000000000
16434  -14.201  -54.191  1.415 0.0000000000
16435  -15.307  -54.117  1.216 0.0000000000
16436  -15.885  -54.527  1.120 0.0000000000
16443  -15.770  -53.625  0.730 0.0000000000
16444  -16.486  -54.046  0.447 0.0000000000
16445  -17.261  -54.306  -0.021 0.0000000000
16449  -16.805  -53.374  -0.286 0.0000000000
16450  -17.515  -53.800  -0.500 0.0000000000
16451  -18.668  -53.641  -1.214 0.0000000000
16452  -19.368  -53.974  -1.360 0.0000000000
16455  -18.970  -53.048  -1.612 0.0000000000
16456  -19.711  -53.387  -1.827 0.0000000000
16457  -20.646  -53.783  -2.128 0.0000000000
16458  -21.013  -53.990  -2.255 0.0000000000
16462  -19.981  -52.804  -2.380 0.0000000000
16463  -20.435  -53.099  -2.452 0.0000000000
16464  -21.164  -53.525  -2.587 0.0000000000
16465  -21.757  -53.388  -2.987 0.0000000000
16469  -22.219  -53.320  -3.321 0.0000000000
16470  -22.585  -53.532  -3.608 0.0000000000
16474  -22.804  -54.090  -3.967 0.0000000000
16477  -25.337  -53.793  -5.822 0.0000000000
16478  -22.882  -56.016  -7.337 0.0000000000
16489  -25.859  -53.203  -5.929 0.0000000000
16490  -26.019  -53.550  -6.270 0.0000000000
16491  -26.485  -54.044  -6.970 0.0000000000
16492  -27.077  -53.372  -7.132 0.0000000000
16507  -16.736  -53.419  -7.184 0.0000000000
16508  -17.446  -53.847  -7.314 0.0000000000
16509  -26.831  -53.118  -7.788 0.0000000000
16510  -26.925  -53.416  -7.484 0.0000000000
16511  -27.238  -53.045  -7.158 0.0000000000
16530  -18.002  -53.716  -7.851 0.0000000000
16531  -23.619  -53.774  -9.694 0.0000000000
16532  -23.804  -53.643  -9.625 0.0000000000
16533  -25.461  -53.629  -8.643 0.0000000000
16534  -26.461  -53.410  -8.098 0.0000000000
16535  -26.729  -54.083  -7.783 0.0000000000
16931  -9.797  -52.207  2.341 0.0000000000
16932  -10.919  -52.126  1.711 0.0000000000
16933  -11.410  -52.446  1.521 0.0000000000
16940  -11.223  -51.708  1.069 0.0000000000
16941  -11.675  -52.230  0.975 0.0000000000
16942  -12.516  -52.803  0.941 0.0000000000
16943  -13.296  -53.081  1.113 0.0000000000
16944  -14.157  -53.337  1.296 0.0000000000
16945  -14.746  -53.621  1.264 0.0000000000
16952  -11.903  -51.762  0.456 0.0000000000
16953  -12.372  -52.013  0.562 0.0000000000
16954  -13.230  -52.210  0.808 0.0000000000
16955  -14.221  -52.493  0.945 0.0000000000
16956  -15.248  -53.064  0.782 0.0000000000
16957  -15.945  -53.368  0.461 0.0000000000
16964  -15.515  -52.454  0.204 0.0000000000
16965  -16.158  -52.836  -0.093 0.0000000000
16966  -17.090  -52.794  -0.802 0.0000000000
16967  -17.836  -53.046  -1.097 0.0000000000
16972  -17.583  -52.462  -1.270 0.0000000000
16973  -18.369  -52.523  -1.567 0.0000000000
16974  -19.117  -52.664  -1.857 0.0000000000
16977  -18.900  -52.100  -2.019 0.0000000000
16978  -19.556  -52.329  -2.348 0.0000000000
16979  -20.288  -52.336  -2.719 0.0000000000
16980  -20.880  -52.689  -2.834 0.0000000000
16981  -21.399  -52.863  -2.993 0.0000000000
16984  -20.731  -52.109  -3.014 0.0000000000
16985  -21.225  -52.206  -3.183 0.0000000000
16986  -21.907  -52.520  -3.335 0.0000000000
16987  -22.579  -52.634  -3.589 0.0000000000
16991  -23.020  -53.007  -3.839 0.0000000000
16992  -23.063  -53.769  -4.118 0.0000000000
16993  -24.789  -52.451  -4.742 0.0000000000
16999  -24.879  -53.209  -5.116 0.0000000000
17000  -25.711  -52.542  -5.524 0.0000000000
17011  -25.642  -53.029  -5.673 0.0000000000
17012  -26.161  -52.624  -5.953 0.0000000000
17013  -26.741  -52.758  -6.585 0.0000000000
17014  -27.120  -53.090  -6.998 0.0000000000
17029  -26.939  -52.571  -7.753 0.0000000000
17030  -27.135  -52.635  -7.147 0.0000000000
17031  -27.308  -52.881  -7.090 0.0000000000
17051  -25.107  -52.890  -9.002 0.0000000000
17052  -25.964  -52.708  -8.672 0.0000000000
17053  -26.686  -52.228  -8.334 0.0000000000
17054  -26.836  -51.755  -8.477 0.0000000000
17071  -25.665  -52.066  -9.044 0.0000000000
17072  -26.361  -51.941  -8.764 0.0000000000
17073  -26.702  -51.849  -8.611 0.0000000000
17504  -10.253  -51.543  1.813 0.0000000000
17515  -10.025  -50.256  1.376 0.0000000000
17516  -10.730  -50.963  1.045 0.0000000000
17517  -11.346  -51.539  0.814 0.0000000000
17525  -11.175  -50.609  0.466 0.0000000000
17526  -11.585  -51.203  0.485 0.0000000000
17527  -12.309  -51.305  0.464 0.0000000000
17528  -13.131  -51.384  0.629 0.0000000000
17529  -14.407  -51.465  0.415 0.0000000000
17530  -15.021  -52.208  0.458 0.0000000000
17538  -15.036  -51.213  -0.380 0.0000000000
17539  -15.509  -51.811  -0.328 0.0000000000
17540  -16.518  -51.898  -1.072 0.0000000000
17541  -17.159  -52.226  -1.213 0.0000000000
17548  -16.849  -51.303  -1.541 0.0000000000
17549  -17.491  -51.721  -1.559 0.0000000000
17550  -18.347  -51.573  -1.934 0.0000000000
17555  -19.060  -51.438  -2.400 0.0000000000
17556  -19.979  -51.426  -2.900 0.0000000000
17557  -20.456  -51.838  -2.986 0.0000000000
17559  -20.375  -50.953  -3.254 0.0000000000
17560  -20.800  -51.427  -3.296 0.0000000000
17561  -21.663  -51.537  -3.480 0.0000000000
17562  -22.455  -51.638  -3.593 0.0000000000
17563  -23.222  -51.785  -3.716 0.0000000000
17564  -23.703  -51.328  -3.724 0.0000000000
17567  -23.250  -52.602  -3.892 0.0000000000
17568  -23.579  -51.857  -3.874 0.0000000000
17569  -25.443  -51.700  -4.991 0.0000000000
17570  -26.104  -51.182  -5.325 0.0000000000
17577  -25.567  -52.271  -5.298 0.0000000000
17578  -26.086  -51.802  -5.563 0.0000000000
17590  -26.653  -51.799  -6.135 0.0000000000
17591  -27.007  -51.816  -6.699 0.0000000000
17606  -27.042  -52.096  -7.719 0.0000000000
17607  -27.112  -51.760  -7.436 0.0000000000
17627  -26.988  -52.020  -7.897 0.0000000000
17628  -27.023  -51.493  -8.102 0.0000000000
17644  -26.223  -51.287  -9.016 0.0000000000
17645  -26.774  -51.364  -8.627 0.0000000000
18125  -10.197  -49.654  0.796 0.0000000000
18134  -10.875  -49.847  0.346 0.0000000000
18135  -11.647  -50.114  0.338 0.0000000000
18136  -12.327  -50.467  0.384 0.0000000000
18137  -13.014  -50.659  0.509 0.0000000000
18138  -13.828  -50.658  0.297 0.0000000000
18144  -14.700  -50.580  -0.603 0.0000000000
18145  -15.411  -51.091  -0.952 0.0000000000
18146  -15.882  -51.444  -1.035 0.0000000000
18153  -14.889  -50.185  -1.278 0.0000000000
18154  -15.321  -50.444  -1.391 0.0000000000
18155  -16.174  -50.896  -1.533 0.0000000000
18156  -17.255  -50.684  -1.898 0.0000000000
18157  -17.862  -51.129  -1.897 0.0000000000
18164  -17.671  -50.140  -2.303 0.0000000000
18165  -18.287  -50.623  -2.336 0.0000000000
18166  -19.270  -50.546  -2.811 0.0000000000
18169  -20.012  -50.419  -3.292 0.0000000000
18170  -20.696  -50.456  -3.526 0.0000000000
18171  -21.405  -50.622  -3.654 0.0000000000
18172  -22.214  -50.665  -3.723 0.0000000000
18173  -23.067  -50.614  -3.710 0.0000000000
18174  -23.865  -50.564  -3.709 0.0000000000
18175  -24.307  -50.090  -3.797 0.0000000000
18178  -23.919  -51.106  -3.711 0.0000000000
18179  -24.154  -50.649  -3.776 0.0000000000
18180  -26.054  -50.592  -5.064 0.0000000000
18188  -26.692  -50.774  -5.766 0.0000000000
18189  -27.168  -50.246  -6.150 0.0000000000
18199  -26.918  -51.279  -6.294 0.0000000000
18200  -27.136  -50.898  -6.622 0.0000000000
18215  -27.309  -50.707  -7.450 0.0000000000
18236  -27.196  -50.579  -8.226 0.0000000000
18258  -24.467  -50.048  -9.443 0.0000000000
18259  -26.779  -50.483  -8.833 0.0000000000
18823  -10.223  -48.550  -0.241 0.0000000000
18824  -11.581  -48.928  0.061 0.0000000000
18825  -12.652  -49.295  0.012 0.0000000000
18826  -13.176  -49.957  0.225 0.0000000000
18827  -13.492  -50.293  0.244 0.0000000000
18836  -13.288  -48.983  -0.599 0.0000000000
18837  -13.507  -49.402  -0.453 0.0000000000
18838  -13.910  -50.006  -0.340 0.0000000000
18845  -14.510  -49.849  -1.188 0.0000000000
18846  -15.054  -49.828  -1.706 0.0000000000
18847  -15.826  -49.959  -1.882 0.0000000000
18848  -16.535  -50.155  -1.948 0.0000000000
18855  -16.329  -49.632  -2.165 0.0000000000
18856  -17.093  -49.668  -2.315 0.0000000000
18857  -18.026  -49.611  -2.674 0.0000000000
18858  -18.729  -49.916  -2.829 0.0000000000
18865  -18.586  -49.337  -3.095 0.0000000000
18866  -19.356  -49.538  -3.363 0.0000000000
18867  -20.384  -49.497  -3.813 0.0000000000
18868  -21.142  -49.745  -3.944 0.0000000000
18869  -21.896  -49.799  -4.048 0.0000000000
18870  -22.760  -49.709  -4.067 0.0000000000
18871  -23.730  -49.407  -4.165 0.0000000000
18872  -24.281  -49.612  -3.985 0.0000000000
18875  -20.871  -49.115  -4.318 0.0000000000
18876  -21.510  -49.038  -4.458 0.0000000000
18877  -22.367  -48.957  -4.517 0.0000000000
18878  -23.209  -48.836  -4.555 0.0000000000
18879  -23.743  -48.675  -4.613 0.0000000000
18880  -24.511  -49.564  -4.039 0.0000000000
18881  -26.073  -49.567  -4.755 0.0000000000
18882  -26.790  -49.201  -5.112 0.0000000000
18892  -26.596  -49.909  -5.237 0.0000000000
18893  -27.207  -49.521  -5.711 0.0000000000
18894  -27.693  -49.112  -6.160 0.0000000000
18904  -27.479  -49.877  -6.621 0.0000000000
18905  -27.902  -49.032  -6.772 0.0000000000
18917  -27.643  -49.652  -7.616 0.0000000000
18918  -28.100  -48.684  -7.447 0.0000000000
18938  -27.327  -49.677  -8.501 0.0000000000
18939  -27.820  -48.875  -8.208 0.0000000000
18965  -26.736  -49.430  -9.109 0.0000000000
18966  -27.417  -48.894  -8.784 0.0000000000
19571  -12.064  -47.468  -0.696 0.0000000000
19572  -12.375  -48.489  -0.269 0.0000000000
19582  -13.142  -48.368  -0.874 0.0000000000
19583  -13.773  -48.916  -1.202 0.0000000000
19584  -14.027  -49.449  -1.053 0.0000000000
19594  -14.026  -48.800  -1.671 0.0000000000
19595  -14.477  -49.039  -1.888 0.0000000000
19596  -15.458  -49.337  -2.152 0.0000000000
19597  -15.960  -49.463  -2.179 0.0000000000
19603  -14.804  -48.529  -2.351 0.0000000000
19604  -15.287  -48.691  -2.418 0.0000000000
19605  -16.252  -48.933  -2.461 0.0000000000
19606  -17.488  -48.656  -2.946 0.0000000000
19607  -18.190  -49.037  -3.050 0.0000000000
19615  -17.841  -48.078  -3.470 0.0000000000
19616  -18.585  -48.555  -3.500 0.0000000000
19617  -19.862  -48.447  -4.150 0.0000000000
19618  -20.512  -48.855  -4.293 0.0000000000
19622  -24.362  -48.976  -4.309 0.0000000000
19623  -24.544  -49.142  -4.208 0.0000000000
19629  -20.308  -47.708  -4.650 0.0000000000
19630  -20.907  -48.226  -4.732 0.0000000000
19631  -21.973  -48.158  -4.959 0.0000000000
19632  -22.865  -48.142  -5.067 0.0000000000
19633  -23.645  -48.128  -5.078 0.0000000000
19634  -24.241  -48.285  -4.746 0.0000000000
19635  -24.732  -48.333  -4.502 0.0000000000
19636  -26.642  -48.516  -4.860 0.0000000000
19637  -27.270  -48.574  -5.268 0.0000000000
19646  -27.688  -48.579  -5.714 0.0000000000
19647  -27.969  -48.532  -6.197 0.0000000000
19659  -28.238  -48.224  -6.718 0.0000000000
19669  -28.425  -47.996  -7.345 0.0000000000
19687  -28.257  -48.102  -7.997 0.0000000000
19714  -27.077  -48.315  -9.176 0.0000000000
19715  -27.822  -48.025  -8.711 0.0000000000
20364  -14.481  -48.157  -2.267 0.0000000000
20365  -15.070  -48.191  -2.523 0.0000000000
20366  -15.751  -48.025  -2.705 0.0000000000
20367  -16.587  -48.077  -2.887 0.0000000000
20376  -16.168  -47.513  -3.132 0.0000000000
20377  -17.057  -47.507  -3.526 0.0000000000
20378  -18.146  -47.615  -3.913 0.0000000000
20379  -19.033  -47.737  -4.080 0.0000000000
20393  -17.595  -46.859  -4.338 0.0000000000
20394  -18.649  -47.001  -4.570 0.0000000000
20395  -19.707  -47.226  -4.629 0.0000000000
20396  -20.622  -46.873  -5.229 0.0000000000
20397  -21.607  -47.242  -5.490 0.0000000000
20398  -22.519  -47.346  -5.623 0.0000000000
20399  -23.359  -47.369  -5.639 0.0000000000
20400  -24.195  -47.128  -5.506 0.0000000000
20401  -24.904  -47.070  -5.001 0.0000000000
20402  -25.446  -46.785  -4.852 0.0000000000
20403  -27.422  -47.592  -5.133 0.0000000000
20404  -27.947  -47.109  -5.341 0.0000000000
20416  -20.828  -45.980  -5.680 0.0000000000
20417  -21.413  -46.144  -5.789 0.0000000000
20418  -22.222  -46.322  -5.932 0.0000000000
20419  -23.022  -46.470  -5.978 0.0000000000
20420  -23.677  -46.571  -5.854 0.0000000000
20421  -27.659  -48.093  -5.425 0.0000000000
20422  -28.094  -47.642  -5.840 0.0000000000
20433  -28.658  -47.274  -6.843 0.0000000000
20434  -28.991  -46.683  -7.052 0.0000000000
20441  -28.630  -47.462  -7.713 0.0000000000
20442  -28.926  -46.842  -7.525 0.0000000000
20453  -28.441  -47.297  -8.398 0.0000000000
20454  -28.797  -46.967  -8.060 0.0000000000
20477  -28.022  -47.113  -8.904 0.0000000000
21103  -15.063  -47.581  -2.692 0.0000000000
21104  -15.682  -47.406  -3.002 0.0000000000
21115  -13.733  -47.239  -2.044 0.0000000000
21116  -15.705  -46.653  -3.469 0.0000000000
21117  -16.777  -46.781  -4.029 0.0000000000
21133  -16.108  -45.773  -4.170 0.0000000000
21134  -16.872  -46.054  -4.414 0.0000000000
21135  -18.182  -45.968  -5.027 0.0000000000
21136  -19.253  -46.366  -5.107 0.0000000000
21137  -19.942  -46.544  -5.110 0.0000000000
21141  -24.130  -46.118  -5.769 0.0000000000
21142  -24.901  -45.835  -5.609 0.0000000000
21143  -25.662  -45.919  -5.165 0.0000000000
21144  -26.230  -45.647  -4.970 0.0000000000
21145  -27.803  -46.700  -5.138 0.0000000000
21153  -18.509  -45.508  -5.305 0.0000000000
21154  -18.948  -45.544  -5.423 0.0000000000
21155  -20.072  -45.677  -5.581 0.0000000000
21156  -21.081  -45.172  -5.876 0.0000000000
21157  -21.936  -45.211  -6.047 0.0000000000
21158  -22.722  -45.425  -6.036 0.0000000000
21159  -23.514  -45.569  -5.852 0.0000000000
21160  -24.234  -45.327  -5.744 0.0000000000
21161  -28.300  -46.513  -5.511 0.0000000000
21162  -28.778  -46.094  -5.908 0.0000000000
21169  -28.609  -46.780  -6.094 0.0000000000
21170  -29.005  -46.274  -6.568 0.0000000000
21174  -29.184  -46.157  -7.300 0.0000000000
21184  -28.740  -46.757  -8.376 0.0000000000
21185  -29.016  -46.226  -8.110 0.0000000000
21861  -14.420  -45.689  -2.954 0.0000000000
21876  -15.605  -45.289  -3.934 0.0000000000
21877  -16.477  -45.160  -4.436 0.0000000000
21878  -17.373  -45.127  -4.909 0.0000000000
21884  -25.141  -45.163  -5.652 0.0000000000
21885  -25.613  -44.898  -5.515 0.0000000000
21886  -26.432  -44.953  -5.016 0.0000000000
21887  -27.040  -44.688  -4.731 0.0000000000
21890  -18.335  -44.970  -5.360 0.0000000000
21891  -19.334  -44.589  -5.583 0.0000000000
21892  -20.419  -44.237  -5.785 0.0000000000
21893  -21.421  -44.164  -5.566 0.0000000000
21894  -22.393  -44.745  -5.585 0.0000000000
21895  -23.121  -44.751  -5.615 0.0000000000
21896  -23.836  -44.452  -5.631 0.0000000000
21897  -24.806  -44.662  -5.709 0.0000000000
21898  -25.330  -44.305  -5.645 0.0000000000
21899  -28.654  -45.527  -5.520 0.0000000000
21900  -29.123  -45.307  -6.062 0.0000000000
21905  -29.389  -45.414  -6.860 0.0000000000
21910  -29.482  -45.254  -7.645 0.0000000000
21911  -29.686  -44.674  -7.790 0.0000000000
22608  -15.200  -44.348  -3.646 0.0000000000
22620  -16.092  -44.445  -4.302 0.0000000000
22621  -16.836  -44.419  -4.653 0.0000000000
22622  -17.607  -44.164  -4.946 0.0000000000
22626  -26.440  -44.134  -5.235 0.0000000000
22627  -27.183  -44.088  -4.794 0.0000000000
22628  -28.038  -43.806  -4.635 0.0000000000
22629  -28.567  -43.536  -4.779 0.0000000000
22632  -18.523  -43.878  -5.244 0.0000000000
22633  -19.551  -43.468  -5.432 0.0000000000
22634  -20.558  -43.226  -5.452 0.0000000000
22636  -24.351  -43.722  -5.589 0.0000000000
22637  -25.096  -43.740  -5.618 0.0000000000
22638  -25.777  -43.918  -5.582 0.0000000000
22639  -28.938  -44.945  -5.583 0.0000000000
22640  -28.694  -43.363  -4.861 0.0000000000
22644  -29.601  -44.424  -6.513 0.0000000000
22645  -29.862  -43.868  -6.806 0.0000000000
22650  -29.630  -44.879  -7.096 0.0000000000
22651  -29.783  -44.281  -7.321 0.0000000000
23357  -16.760  -43.480  -4.187 0.0000000000
23363  -26.333  -43.434  -5.407 0.0000000000
23364  -27.058  -43.336  -5.121 0.0000000000
23365  -27.840  -43.369  -4.756 0.0000000000
23366  -28.411  -43.357  -4.768 0.0000000000
23369  -17.772  -43.461  -4.959 0.0000000000
23370  -18.406  -43.073  -4.818 0.0000000000
23377  -28.853  -43.036  -4.890 0.0000000000
23378  -29.167  -42.576  -5.096 0.0000000000
23381  -29.094  -42.891  -5.040 0.0000000000
23382  -29.261  -42.330  -5.215 0.0000000000
23386  -29.937  -43.314  -6.987 0.0000000000
24118  -28.409  -42.777  -4.953 0.0000000000
24125  -28.926  -42.374  -5.056 0.0000000000
24126  -29.230  -41.989  -5.196 0.0000000000
24128  -29.329  -41.677  -5.299 0.0000000000
103958  -23.017  -66.024  -10.017 0.0000000000
103960  -23.079  -65.375  -11.040 0.0000000000
103964  -24.156  -64.395  -8.270 0.0000000000
103965  -22.292  -65.406  -11.216 0.0000000000
103966  -21.693  -63.556  -11.545 0.0000000000
103999  -17.828  -60.120  -6.008 0.0000000000
104000  -17.968  -60.269  -5.809 0.0000000000
104001  -18.889  -60.612  -5.722 0.0000000000
104002  -18.630  -59.968  -6.415 0.0000000000
104003  -18.353  -60.283  -4.646 0.0000000000
104004  -18.514  -60.050  -4.479 0.0000000000
104005  -17.661  -59.806  -5.703 0.0000000000
104006  -17.591  -59.594  -6.249 0.0000000000
104007  -19.944  -58.455  -4.507 0.0000000000
104008  -20.506  -58.015  -5.459 0.0000000000
104009  -20.702  -57.840  -5.785 0.0000000000
104010  -20.207  -60.346  -7.374 0.0000000000
104011  -21.021  -61.498  -8.559 0.0000000000
104012  -18.685  -59.772  -4.318 0.0000000000
104013  -19.358  -58.291  -4.834 0.0000000000
104014  -18.245  -59.437  -4.761 0.0000000000
104015  -19.278  -58.957  -3.952 0.0000000000
104016  -20.625  -58.151  -5.214 0.0000000000
104017  -20.488  -57.425  -6.536 0.0000000000
104018  -22.624  -56.560  -6.185 0.0000000000
104019  -22.514  -56.646  -6.607 0.0000000000
104020  -20.406  -57.292  -6.697 0.0000000000
104021  -22.125  -55.651  -9.443 0.0000000000
104022  -19.171  -59.983  -6.559 0.0000000000
104023  -22.562  -55.570  -9.510 0.0000000000
104024  -23.390  -55.066  -8.903 0.0000000000
104025  -22.517  -56.636  -7.091 0.0000000000
104026  -22.349  -56.090  -8.461 0.0000000000
104027  -20.159  -57.889  -5.398 0.0000000000
104028  -20.169  -57.683  -5.820 0.0000000000
104029  -20.148  -57.798  -5.629 0.0000000000
104030  -20.769  -58.538  -4.514 0.0000000000
104031  -21.202  -57.969  -5.595 0.0000000000
104032  -21.381  -57.272  -7.138 0.0000000000
104033  -22.767  -56.045  -4.985 0.0000000000
104034  -23.213  -55.340  -4.058 0.0000000000
104035  -24.320  -53.607  -4.760 0.0000000000
104036  -22.515  -57.650  -3.967 0.0000000000
104037  -22.014  -57.605  -5.683 0.0000000000
104038  -22.607  -55.705  -3.899 0.0000000000
104039  -22.535  -56.890  -4.426 0.0000000000
104040  -22.835  -55.716  -3.431 0.0000000000
104041  -22.574  -55.532  -3.694 0.0000000000
104042  -22.739  -54.930  -4.203 0.0000000000
104043  -22.535  -55.061  -3.669 0.0000000000
104044  -24.475  -53.323  -4.786 0.0000000000
104045  -23.394  -55.520  -8.177 0.0000000000
104248  -12.072  -46.749  -1.213 0.0000000000
104251  -12.294  -46.789  -1.308 0.0000000000
104254  -13.901  -48.421  -1.728 0.0000000000
104255  -12.661  -46.214  -1.643 0.0000000000
104256  -12.633  -46.890  -1.453 0.0000000000
