#!ascii label  , from subject FREESURFER vox2ras=TkReg 
244
35512  -12.832  -26.213  43.736 0.0000000000
35513  -14.333  -27.433  43.338 0.0000000000
35514  -15.429  -28.064  43.396 0.0000000000
35520  -12.959  -27.551  42.179 0.0000000000
35521  -13.708  -28.088  42.825 0.0000000000
35522  -14.999  -28.292  42.624 0.0000000000
35523  -15.976  -28.688  42.897 0.0000000000
35524  -16.485  -28.419  43.128 0.0000000000
35528  -13.158  -27.702  41.527 0.0000000000
35529  -13.561  -28.136  41.817 0.0000000000
35530  -14.425  -28.858  42.183 0.0000000000
35531  -15.262  -28.997  42.524 0.0000000000
36301  -14.210  -25.895  43.268 0.0000000000
36310  -12.533  -26.905  41.997 0.0000000000
36311  -16.190  -28.335  42.498 0.0000000000
36312  -16.895  -27.962  42.637 0.0000000000
36313  -18.028  -26.975  42.314 0.0000000000
36316  -12.640  -26.709  41.274 0.0000000000
36317  -12.854  -27.151  41.211 0.0000000000
36318  -13.418  -27.571  41.045 0.0000000000
36319  -14.213  -27.925  41.225 0.0000000000
36320  -15.681  -28.043  41.700 0.0000000000
36321  -16.908  -27.305  41.357 0.0000000000
36325  -13.216  -26.925  40.385 0.0000000000
36326  -13.756  -27.157  40.123 0.0000000000
36327  -14.730  -27.261  40.249 0.0000000000
36328  -15.672  -26.963  40.271 0.0000000000
37116  -18.656  -26.499  42.545 0.0000000000
37125  -17.705  -26.780  41.491 0.0000000000
37126  -18.681  -25.990  41.549 0.0000000000
37127  -19.077  -25.908  42.074 0.0000000000
37130  -12.769  -26.750  41.022 0.0000000000
37131  -12.807  -26.292  40.604 0.0000000000
37132  -16.539  -26.799  40.517 0.0000000000
37133  -17.406  -26.411  40.579 0.0000000000
37134  -18.117  -25.900  40.622 0.0000000000
37138  -13.321  -26.204  39.041 0.0000000000
37139  -14.111  -26.530  39.052 0.0000000000
37140  -15.148  -26.343  39.353 0.0000000000
37141  -16.178  -26.145  39.625 0.0000000000
37142  -17.166  -25.775  39.645 0.0000000000
37143  -17.723  -25.802  40.073 0.0000000000
37147  -12.911  -25.919  37.478 0.0000000000
37148  -13.588  -26.162  37.850 0.0000000000
37149  -14.637  -25.905  38.005 0.0000000000
37150  -15.831  -25.647  38.782 0.0000000000
37151  -16.588  -25.606  39.157 0.0000000000
37155  -12.818  -25.703  36.861 0.0000000000
37156  -13.324  -25.849  36.992 0.0000000000
37157  -13.919  -25.884  37.331 0.0000000000
37902  -19.037  -25.413  41.294 0.0000000000
37903  -19.452  -25.080  41.698 0.0000000000
37910  -18.876  -25.194  40.739 0.0000000000
37911  -19.414  -24.347  40.802 0.0000000000
37916  -13.057  -25.615  39.278 0.0000000000
37917  -17.470  -25.356  39.219 0.0000000000
37918  -18.093  -25.211  39.538 0.0000000000
37922  -12.837  -25.517  38.009 0.0000000000
37923  -14.831  -25.522  37.553 0.0000000000
37924  -15.470  -25.348  37.866 0.0000000000
37925  -17.047  -25.141  38.550 0.0000000000
37926  -18.134  -24.689  38.587 0.0000000000
37930  -12.587  -25.462  37.001 0.0000000000
37931  -12.975  -25.289  36.506 0.0000000000
37932  -14.424  -25.269  36.941 0.0000000000
37933  -16.051  -24.726  37.487 0.0000000000
37934  -17.144  -24.475  37.698 0.0000000000
37938  -13.522  -24.733  36.063 0.0000000000
37939  -14.377  -24.407  36.125 0.0000000000
38653  -12.879  -25.102  40.258 0.0000000000
38658  -19.032  -24.383  39.959 0.0000000000
38659  -19.686  -23.651  40.354 0.0000000000
38661  -13.248  -24.546  38.798 0.0000000000
38662  -13.560  -23.645  38.579 0.0000000000
38663  -18.689  -24.263  39.015 0.0000000000
38664  -19.382  -23.675  39.420 0.0000000000
38666  -12.732  -24.846  37.307 0.0000000000
38667  -13.405  -23.926  37.737 0.0000000000
38668  -17.957  -24.479  37.902 0.0000000000
38669  -18.616  -24.162  38.187 0.0000000000
38670  -19.166  -23.735  38.471 0.0000000000
38674  -12.551  -25.017  36.674 0.0000000000
38675  -12.748  -24.228  36.388 0.0000000000
38676  -15.476  -24.300  36.633 0.0000000000
38677  -16.705  -24.079  37.126 0.0000000000
38678  -17.705  -24.026  37.369 0.0000000000
38679  -18.581  -23.823  37.477 0.0000000000
38680  -18.993  -23.808  37.901 0.0000000000
38687  -13.674  -23.892  35.599 0.0000000000
38688  -14.942  -23.689  35.820 0.0000000000
38689  -16.262  -23.601  36.460 0.0000000000
38690  -17.431  -23.581  36.893 0.0000000000
38691  -18.104  -23.694  37.101 0.0000000000
38698  -13.939  -23.493  35.308 0.0000000000
38699  -14.236  -23.563  35.452 0.0000000000
39440  -12.526  -24.363  45.712 0.0000000000
39470  -12.843  -23.943  40.020 0.0000000000
39471  -13.444  -23.260  39.258 0.0000000000
39475  -20.095  -23.077  39.876 0.0000000000
39476  -20.671  -22.403  39.490 0.0000000000
39477  -21.154  -22.141  38.894 0.0000000000
39478  -13.825  -22.963  38.385 0.0000000000
39479  -19.859  -23.132  38.868 0.0000000000
39480  -20.481  -22.619  38.391 0.0000000000
39481  -21.258  -22.151  38.172 0.0000000000
39482  -13.587  -23.063  37.147 0.0000000000
39483  -18.928  -23.573  37.203 0.0000000000
39484  -19.489  -23.342  37.613 0.0000000000
39485  -20.557  -22.442  37.339 0.0000000000
39486  -21.452  -22.025  37.477 0.0000000000
39488  -13.053  -23.159  35.956 0.0000000000
39489  -15.135  -23.331  35.612 0.0000000000
39490  -15.778  -23.116  35.803 0.0000000000
39491  -17.079  -22.984  36.372 0.0000000000
39492  -18.508  -23.249  36.733 0.0000000000
39493  -19.702  -22.734  36.598 0.0000000000
39494  -20.465  -22.255  36.453 0.0000000000
39497  -13.452  -23.256  35.156 0.0000000000
39498  -14.602  -23.154  35.302 0.0000000000
39499  -15.599  -22.638  35.358 0.0000000000
40200  -12.416  -23.115  45.999 0.0000000000
40201  -12.936  -23.052  46.142 0.0000000000
40205  -11.969  -22.980  45.454 0.0000000000
40211  -11.850  -22.729  44.262 0.0000000000
40250  -12.912  -22.510  40.293 0.0000000000
40251  -13.691  -22.112  39.134 0.0000000000
40259  -14.170  -21.863  38.105 0.0000000000
40265  -13.846  -22.129  36.660 0.0000000000
40266  -21.229  -21.960  36.722 0.0000000000
40269  -13.098  -22.333  35.531 0.0000000000
40270  -16.610  -22.448  35.728 0.0000000000
40271  -17.814  -22.396  35.991 0.0000000000
40272  -18.981  -22.368  35.962 0.0000000000
40273  -19.992  -22.124  35.841 0.0000000000
40274  -20.913  -21.887  35.851 0.0000000000
40278  -13.641  -22.622  34.758 0.0000000000
40279  -14.838  -22.437  34.854 0.0000000000
40280  -16.038  -22.020  35.156 0.0000000000
40281  -17.207  -21.751  35.452 0.0000000000
40282  -18.349  -21.697  35.501 0.0000000000
40283  -19.391  -21.621  35.410 0.0000000000
40284  -20.477  -21.421  35.048 0.0000000000
40285  -21.489  -21.700  35.127 0.0000000000
40290  -20.742  -21.011  34.503 0.0000000000
40291  -21.380  -21.123  34.293 0.0000000000
40292  -22.146  -21.701  34.427 0.0000000000
40297  -21.655  -20.908  33.670 0.0000000000
40298  -22.193  -21.232  33.418 0.0000000000
41013  -12.581  -21.712  45.933 0.0000000000
41021  -11.985  -21.575  44.799 0.0000000000
41030  -11.946  -21.351  43.167 0.0000000000
41041  -12.142  -20.451  42.333 0.0000000000
41054  -12.226  -20.265  41.764 0.0000000000
41066  -12.351  -20.623  41.375 0.0000000000
41067  -12.801  -20.952  40.658 0.0000000000
41081  -13.457  -20.994  39.572 0.0000000000
41082  -13.843  -21.336  38.883 0.0000000000
41095  -13.423  -20.079  39.146 0.0000000000
41096  -13.854  -20.577  38.530 0.0000000000
41107  -14.251  -20.951  37.398 0.0000000000
41113  -13.933  -21.195  36.211 0.0000000000
41120  -13.179  -21.359  34.951 0.0000000000
41121  -13.980  -22.054  34.405 0.0000000000
41122  -15.315  -21.766  34.488 0.0000000000
41123  -16.593  -21.272  34.847 0.0000000000
41124  -17.765  -21.024  35.089 0.0000000000
41125  -18.824  -21.022  35.062 0.0000000000
41126  -19.652  -21.096  34.878 0.0000000000
41134  -17.274  -20.602  34.391 0.0000000000
41135  -18.363  -20.527  34.499 0.0000000000
41136  -19.320  -20.598  34.470 0.0000000000
41137  -20.231  -20.751  34.375 0.0000000000
41138  -20.851  -20.775  34.176 0.0000000000
41145  -20.630  -20.530  33.904 0.0000000000
41146  -21.198  -20.595  33.621 0.0000000000
41147  -21.737  -20.757  33.278 0.0000000000
41152  -21.517  -20.411  32.970 0.0000000000
41832  -12.361  -20.295  45.236 0.0000000000
41842  -12.249  -20.244  43.976 0.0000000000
41852  -12.262  -19.996  42.849 0.0000000000
41869  -12.324  -19.725  42.012 0.0000000000
41885  -12.366  -19.627  41.221 0.0000000000
41886  -12.510  -20.017  40.679 0.0000000000
41900  -12.554  -19.288  40.484 0.0000000000
41901  -12.939  -19.687  39.805 0.0000000000
41917  -13.381  -19.261  38.524 0.0000000000
41918  -13.992  -19.986  37.725 0.0000000000
41932  -13.792  -19.229  37.057 0.0000000000
41933  -14.199  -20.240  36.896 0.0000000000
41948  -13.959  -20.195  35.993 0.0000000000
41971  -18.959  -20.126  33.880 0.0000000000
41972  -19.830  -20.267  33.886 0.0000000000
41973  -20.310  -20.416  33.900 0.0000000000
41990  -20.549  -20.125  33.375 0.0000000000
41991  -21.131  -20.262  33.173 0.0000000000
42744  -12.557  -19.054  45.567 0.0000000000
42755  -12.355  -19.108  44.429 0.0000000000
42767  -12.333  -19.079  43.295 0.0000000000
42778  -12.422  -19.139  42.447 0.0000000000
42796  -12.504  -18.851  41.687 0.0000000000
42817  -12.501  -18.665  40.826 0.0000000000
42832  -12.589  -18.518  39.967 0.0000000000
42833  -12.857  -18.688  39.253 0.0000000000
42853  -12.613  -18.006  39.292 0.0000000000
42854  -12.798  -18.147  38.640 0.0000000000
42871  -13.073  -18.226  37.739 0.0000000000
43709  -12.331  -18.038  43.646 0.0000000000
43721  -12.396  -18.106  42.444 0.0000000000
43736  -12.492  -17.871  41.291 0.0000000000
43758  -12.476  -17.881  40.464 0.0000000000
43781  -12.404  -17.522  39.762 0.0000000000
44814  -12.442  -16.928  41.816 0.0000000000
44831  -12.429  -16.902  40.595 0.0000000000
104466  -13.654  -24.948  44.834 0.0000000000
104467  -12.690  -26.046  44.396 0.0000000000
104468  -12.714  -25.929  44.614 0.0000000000
104469  -14.015  -25.235  43.974 0.0000000000
104470  -12.419  -26.143  41.626 0.0000000000
104471  -12.877  -25.365  45.275 0.0000000000
104472  -12.614  -25.754  44.791 0.0000000000
104474  -13.348  -24.801  45.495 0.0000000000
104475  -13.140  -24.872  45.707 0.0000000000
104476  -12.449  -25.299  45.287 0.0000000000
104477  -12.197  -25.099  44.786 0.0000000000
104478  -11.911  -24.254  43.575 0.0000000000
104479  -12.532  -26.079  41.079 0.0000000000
104480  -13.362  -24.429  45.683 0.0000000000
104481  -13.674  -24.353  45.407 0.0000000000
104482  -12.924  -24.914  45.775 0.0000000000
104483  -13.062  -24.640  45.799 0.0000000000
104484  -11.753  -23.921  44.748 0.0000000000
104485  -11.731  -23.476  43.872 0.0000000000
104486  -11.783  -23.519  43.472 0.0000000000
104487  -12.403  -24.408  41.691 0.0000000000
104488  -12.072  -23.426  42.745 0.0000000000
104489  -11.853  -23.507  43.239 0.0000000000
104491  -12.562  -25.653  41.059 0.0000000000
104492  -13.252  -23.926  45.906 0.0000000000
104493  -13.759  -23.729  45.665 0.0000000000
104494  -14.119  -23.766  44.965 0.0000000000
104495  -14.170  -24.307  44.210 0.0000000000
104496  -11.904  -22.867  43.227 0.0000000000
104499  -12.251  -22.117  41.888 0.0000000000
104500  -12.075  -20.938  42.064 0.0000000000
