#!ascii label  , from subject FREESURFER vox2ras=TkReg 
349
62635  -11.289  2.054  18.761 0.0000000000
62636  -12.086  1.673  18.469 0.0000000000
62637  -13.300  1.521  17.751 0.0000000000
62638  -14.383  1.363  17.317 0.0000000000
62653  -14.617  1.739  17.136 0.0000000000
62654  -15.157  1.420  17.040 0.0000000000
63497  -9.853  2.355  19.051 0.0000000000
63498  -10.428  2.337  19.047 0.0000000000
63499  -10.936  2.187  18.883 0.0000000000
63508  -9.634  2.680  18.109 0.0000000000
63509  -10.004  3.045  18.747 0.0000000000
63510  -11.105  2.650  18.499 0.0000000000
63511  -12.409  2.503  17.797 0.0000000000
63512  -13.753  2.357  17.345 0.0000000000
63513  -14.338  1.928  17.204 0.0000000000
63526  -9.372  2.662  16.638 0.0000000000
63527  -14.188  2.663  17.188 0.0000000000
63528  -14.580  2.251  17.113 0.0000000000
63529  -15.383  2.257  16.980 0.0000000000
63540  -8.878  2.572  15.355 0.0000000000
63547  -8.546  2.537  14.239 0.0000000000
63550  -8.786  2.571  13.355 0.0000000000
64340  -9.657  3.714  17.979 0.0000000000
64341  -10.412  3.677  18.335 0.0000000000
64342  -11.564  3.496  17.961 0.0000000000
64343  -12.795  3.363  17.543 0.0000000000
64344  -14.022  3.255  17.311 0.0000000000
64345  -14.921  3.498  17.311 0.0000000000
64355  -9.345  3.583  17.028 0.0000000000
64356  -14.406  2.770  17.134 0.0000000000
64357  -14.778  2.846  17.086 0.0000000000
64358  -15.364  2.944  17.082 0.0000000000
64367  -8.269  4.092  14.989 0.0000000000
64368  -8.798  3.578  15.850 0.0000000000
64374  -8.001  4.056  14.159 0.0000000000
64375  -8.438  3.392  14.656 0.0000000000
64378  -8.164  4.227  13.738 0.0000000000
64379  -8.498  3.631  13.635 0.0000000000
64380  -9.621  3.485  13.308 0.0000000000
65155  -9.726  4.537  18.145 0.0000000000
65156  -10.832  4.420  18.203 0.0000000000
65157  -11.989  4.298  17.957 0.0000000000
65158  -13.134  4.198  17.842 0.0000000000
65159  -14.227  4.192  17.789 0.0000000000
65160  -15.234  4.212  17.687 0.0000000000
65167  -8.826  5.061  16.708 0.0000000000
65168  -9.154  4.587  17.178 0.0000000000
65173  -8.537  4.699  15.931 0.0000000000
65174  -8.965  4.109  16.492 0.0000000000
65181  -7.968  4.852  14.530 0.0000000000
65182  -8.100  5.154  13.815 0.0000000000
65188  -7.954  4.576  13.820 0.0000000000
65189  -8.562  4.712  13.575 0.0000000000
65190  -9.517  4.455  13.475 0.0000000000
65191  -10.641  4.438  13.418 0.0000000000
65942  -12.458  5.883  23.520 0.0000000000
65943  -13.489  5.794  23.517 0.0000000000
65958  -12.215  5.671  23.054 0.0000000000
65959  -12.721  5.649  22.828 0.0000000000
65960  -13.842  5.487  22.658 0.0000000000
65973  -13.092  5.638  21.964 0.0000000000
65974  -14.236  5.443  21.504 0.0000000000
65980  -13.278  5.875  20.882 0.0000000000
65981  -14.665  5.444  20.177 0.0000000000
65987  -9.265  6.312  18.376 0.0000000000
65988  -9.781  6.143  18.518 0.0000000000
65989  -10.728  6.059  18.628 0.0000000000
65990  -11.603  5.984  18.827 0.0000000000
65991  -12.407  5.912  19.106 0.0000000000
65992  -13.431  5.764  19.536 0.0000000000
65993  -15.152  5.296  18.961 0.0000000000
65998  -8.601  6.152  17.297 0.0000000000
65999  -8.930  5.640  17.965 0.0000000000
66000  -10.165  5.305  18.390 0.0000000000
66001  -11.286  5.179  18.397 0.0000000000
66002  -12.322  5.051  18.450 0.0000000000
66003  -13.371  4.980  18.501 0.0000000000
66004  -14.540  4.918  18.369 0.0000000000
66010  -8.579  5.723  16.589 0.0000000000
66011  -8.886  5.244  17.141 0.0000000000
66015  -8.062  5.716  15.225 0.0000000000
66021  -7.963  5.831  14.169 0.0000000000
66022  -8.813  5.778  13.744 0.0000000000
66023  -10.028  5.956  13.884 0.0000000000
66024  -10.826  6.050  13.757 0.0000000000
66033  -9.472  5.239  13.606 0.0000000000
66034  -10.395  5.287  13.622 0.0000000000
66035  -11.229  5.592  13.341 0.0000000000
66040  -11.466  5.605  12.640 0.0000000000
66046  -10.384  6.077  11.376 0.0000000000
66047  -10.948  5.511  11.612 0.0000000000
66048  -11.380  5.731  12.123 0.0000000000
66061  -10.126  5.510  11.131 0.0000000000
66062  -10.692  5.195  11.373 0.0000000000
66742  -11.593  7.504  23.140 0.0000000000
66743  -11.779  7.336  23.521 0.0000000000
66744  -12.152  7.314  23.607 0.0000000000
66759  -11.714  7.710  22.711 0.0000000000
66760  -11.400  7.117  23.006 0.0000000000
66761  -12.138  6.805  23.679 0.0000000000
66762  -13.156  6.620  23.774 0.0000000000
66763  -14.282  6.637  23.707 0.0000000000
66777  -11.878  7.850  22.330 0.0000000000
66778  -11.479  7.756  22.045 0.0000000000
66779  -11.838  6.247  22.593 0.0000000000
66780  -12.435  5.800  22.246 0.0000000000
66781  -14.580  7.160  23.295 0.0000000000
66794  -12.050  7.890  21.565 0.0000000000
66795  -11.827  7.357  21.281 0.0000000000
66796  -12.370  6.235  21.599 0.0000000000
66800  -12.442  7.449  20.870 0.0000000000
66801  -12.074  6.905  20.579 0.0000000000
66806  -9.016  6.737  18.231 0.0000000000
66807  -9.616  6.857  18.505 0.0000000000
66808  -10.328  6.871  18.740 0.0000000000
66809  -11.077  6.888  18.973 0.0000000000
66810  -11.641  6.919  19.382 0.0000000000
66811  -12.018  6.901  19.927 0.0000000000
66815  -8.412  6.680  16.759 0.0000000000
66816  -8.636  6.670  17.607 0.0000000000
66821  -8.176  6.630  15.717 0.0000000000
66825  -7.962  6.654  14.701 0.0000000000
66829  -8.486  6.702  14.061 0.0000000000
66830  -9.544  6.737  14.009 0.0000000000
66831  -10.583  6.780  13.926 0.0000000000
66832  -11.210  6.706  13.491 0.0000000000
66839  -11.527  6.592  12.933 0.0000000000
66847  -11.411  6.529  12.322 0.0000000000
66852  -9.876  6.711  11.163 0.0000000000
66853  -10.641  6.596  11.540 0.0000000000
66854  -11.157  6.350  11.876 0.0000000000
66868  -9.273  6.230  10.863 0.0000000000
67593  -11.881  7.495  23.266 0.0000000000
67594  -12.125  7.497  23.304 0.0000000000
67595  -12.402  7.411  23.461 0.0000000000
67614  -11.903  7.613  23.043 0.0000000000
67615  -12.299  7.640  23.051 0.0000000000
67616  -12.866  7.460  23.378 0.0000000000
67617  -13.598  7.328  23.341 0.0000000000
67618  -14.205  7.300  23.163 0.0000000000
67638  -12.044  7.765  22.638 0.0000000000
67639  -12.330  7.812  22.438 0.0000000000
67640  -12.985  7.745  22.511 0.0000000000
67641  -13.728  7.621  22.459 0.0000000000
67642  -14.703  7.446  22.560 0.0000000000
67661  -12.333  7.912  21.943 0.0000000000
67662  -12.749  7.771  21.551 0.0000000000
67663  -14.003  7.712  21.457 0.0000000000
67670  -12.369  7.810  20.986 0.0000000000
67671  -13.102  7.848  20.500 0.0000000000
67672  -14.431  7.906  20.558 0.0000000000
67677  -9.473  7.592  18.291 0.0000000000
67678  -10.055  7.641  18.639 0.0000000000
67679  -10.737  7.728  18.862 0.0000000000
67680  -11.341  7.823  19.202 0.0000000000
67681  -11.689  8.035  19.784 0.0000000000
67682  -12.386  8.089  20.047 0.0000000000
67690  -8.470  7.488  17.087 0.0000000000
67691  -8.945  7.517  17.797 0.0000000000
67700  -8.109  7.521  16.133 0.0000000000
67708  -7.903  7.524  15.134 0.0000000000
67713  -8.196  7.563  14.394 0.0000000000
67714  -9.034  7.618  14.054 0.0000000000
67715  -10.173  7.661  14.081 0.0000000000
67716  -11.023  7.662  13.677 0.0000000000
67721  -11.426  7.601  13.109 0.0000000000
67729  -11.404  7.510  12.483 0.0000000000
67736  -9.648  7.712  10.978 0.0000000000
67737  -10.306  7.555  11.345 0.0000000000
67738  -11.056  7.352  11.826 0.0000000000
67750  -8.982  7.315  10.747 0.0000000000
68613  -14.260  8.087  19.907 0.0000000000
68614  -15.383  8.355  19.953 0.0000000000
68625  -9.821  8.347  18.548 0.0000000000
68626  -10.346  8.530  18.816 0.0000000000
68627  -11.040  8.614  18.960 0.0000000000
68628  -11.831  8.660  18.911 0.0000000000
68629  -12.636  8.466  18.992 0.0000000000
68630  -14.027  8.597  19.001 0.0000000000
68631  -15.217  8.989  19.030 0.0000000000
68647  -8.766  8.177  17.389 0.0000000000
68648  -9.326  8.636  18.036 0.0000000000
68649  -12.570  9.008  18.435 0.0000000000
68650  -13.314  9.047  18.230 0.0000000000
68651  -13.979  9.205  18.055 0.0000000000
68665  -8.307  8.467  16.640 0.0000000000
68666  -8.798  8.854  17.361 0.0000000000
68679  -7.847  8.436  15.554 0.0000000000
68691  -7.894  8.445  14.682 0.0000000000
68692  -8.518  8.499  14.160 0.0000000000
68693  -9.646  8.592  14.111 0.0000000000
68694  -10.711  8.638  13.854 0.0000000000
68699  -11.288  8.603  13.287 0.0000000000
68705  -11.381  8.531  12.669 0.0000000000
68713  -9.909  8.495  11.096 0.0000000000
68714  -10.597  8.425  11.533 0.0000000000
68715  -11.183  8.445  12.020 0.0000000000
68727  -8.427  8.413  10.569 0.0000000000
68728  -9.204  8.472  10.714 0.0000000000
69558  -9.788  9.343  18.891 0.0000000000
69559  -10.535  9.434  19.066 0.0000000000
69560  -11.388  9.508  18.755 0.0000000000
69561  -12.130  9.308  18.385 0.0000000000
69562  -14.943  9.223  18.538 0.0000000000
69563  -15.585  9.861  18.643 0.0000000000
69579  -9.340  9.715  18.420 0.0000000000
69580  -11.994  9.861  18.170 0.0000000000
69581  -12.734  9.601  17.861 0.0000000000
69582  -13.683  9.761  17.587 0.0000000000
69583  -14.656  9.799  17.887 0.0000000000
69584  -15.233  10.234  18.058 0.0000000000
69593  -8.622  9.461  16.971 0.0000000000
69594  -9.026  9.560  17.725 0.0000000000
69595  -14.203  10.247  17.365 0.0000000000
69596  -14.501  10.332  17.467 0.0000000000
69607  -8.079  9.412  16.027 0.0000000000
69623  -7.675  9.376  15.028 0.0000000000
69624  -8.057  9.398  14.325 0.0000000000
69625  -9.028  9.494  14.092 0.0000000000
69626  -10.316  9.692  14.045 0.0000000000
69641  -11.157  9.604  13.521 0.0000000000
69648  -11.410  9.542  12.880 0.0000000000
69655  -10.163  9.337  11.317 0.0000000000
69656  -10.725  9.333  11.722 0.0000000000
69657  -11.171  9.464  12.242 0.0000000000
69668  -8.730  9.448  10.569 0.0000000000
69669  -9.500  9.443  10.865 0.0000000000
70457  -9.457  10.311  18.906 0.0000000000
70458  -10.030  10.428  19.379 0.0000000000
70459  -10.737  10.138  19.003 0.0000000000
70464  -8.818  10.906  17.506 0.0000000000
70465  -9.019  10.625  18.055 0.0000000000
70466  -10.506  10.778  18.897 0.0000000000
70467  -11.314  10.504  18.369 0.0000000000
70468  -12.293  10.462  17.643 0.0000000000
70469  -13.049  10.214  17.396 0.0000000000
70470  -14.712  10.441  17.512 0.0000000000
70471  -15.117  10.748  17.590 0.0000000000
70474  -8.613  10.480  16.842 0.0000000000
70475  -8.848  10.036  17.402 0.0000000000
70476  -12.850  10.778  17.240 0.0000000000
70477  -13.579  10.673  17.107 0.0000000000
70478  -14.462  10.862  17.150 0.0000000000
70479  -14.955  11.340  17.079 0.0000000000
70488  -7.917  10.374  15.536 0.0000000000
70498  -7.840  10.366  14.628 0.0000000000
70499  -8.485  10.394  14.165 0.0000000000
70500  -9.686  10.496  14.088 0.0000000000
70501  -10.402  10.413  13.991 0.0000000000
70519  -10.389  10.854  13.940 0.0000000000
70520  -10.894  10.560  13.702 0.0000000000
70533  -11.345  10.511  13.096 0.0000000000
70544  -10.357  9.886  11.517 0.0000000000
70545  -10.673  10.438  11.768 0.0000000000
70546  -11.183  10.464  12.452 0.0000000000
70560  -8.267  10.464  10.553 0.0000000000
70561  -9.061  10.456  10.728 0.0000000000
70562  -9.903  10.444  11.235 0.0000000000
70563  -10.275  10.987  11.469 0.0000000000
71285  -9.412  11.345  18.953 0.0000000000
71286  -10.063  11.427  19.060 0.0000000000
71290  -8.718  11.561  17.534 0.0000000000
71291  -8.951  11.492  18.415 0.0000000000
71292  -10.668  11.393  18.416 0.0000000000
71293  -11.615  11.384  17.531 0.0000000000
71294  -12.402  11.036  17.295 0.0000000000
71298  -8.174  11.428  16.162 0.0000000000
71299  -11.905  11.989  16.934 0.0000000000
71300  -12.755  11.524  16.853 0.0000000000
71301  -13.889  11.525  16.602 0.0000000000
71302  -14.636  11.685  16.721 0.0000000000
71308  -7.617  12.192  14.667 0.0000000000
71309  -7.635  11.337  15.041 0.0000000000
71318  -7.771  12.309  14.240 0.0000000000
71319  -8.009  11.539  14.193 0.0000000000
71320  -9.045  11.248  13.993 0.0000000000
71321  -9.950  11.345  13.950 0.0000000000
71335  -10.581  11.361  13.642 0.0000000000
71336  -11.039  11.338  13.244 0.0000000000
71347  -11.117  11.390  12.648 0.0000000000
71357  -10.553  11.494  11.603 0.0000000000
71358  -10.971  11.392  12.037 0.0000000000
71374  -8.615  11.481  10.652 0.0000000000
71375  -9.417  11.467  10.897 0.0000000000
71376  -10.068  11.533  11.240 0.0000000000
72069  -9.523  11.996  18.860 0.0000000000
72070  -9.731  11.819  18.961 0.0000000000
72073  -8.669  12.582  17.649 0.0000000000
72074  -9.027  12.271  18.478 0.0000000000
72075  -10.009  12.333  18.423 0.0000000000
72076  -10.778  11.895  17.912 0.0000000000
72080  -8.321  12.423  16.749 0.0000000000
72081  -10.245  12.854  17.654 0.0000000000
72082  -11.007  12.481  17.237 0.0000000000
72083  -12.309  12.689  16.405 0.0000000000
72084  -13.406  12.336  16.247 0.0000000000
72090  -7.489  12.904  15.017 0.0000000000
72091  -7.797  12.393  15.644 0.0000000000
72102  -7.612  12.840  14.389 0.0000000000
72103  -8.033  12.725  13.901 0.0000000000
72104  -8.922  12.067  13.903 0.0000000000
72105  -9.521  11.731  13.881 0.0000000000
72117  -8.393  13.286  13.775 0.0000000000
72118  -9.035  12.941  13.757 0.0000000000
72119  -10.088  12.244  13.644 0.0000000000
72120  -10.703  11.808  13.357 0.0000000000
72132  -10.468  12.882  13.211 0.0000000000
72133  -10.842  12.289  12.922 0.0000000000
72142  -10.818  12.174  11.767 0.0000000000
72143  -10.979  12.312  12.193 0.0000000000
72156  -9.098  12.462  10.664 0.0000000000
72157  -9.881  12.392  10.930 0.0000000000
72158  -10.454  12.343  11.366 0.0000000000
72885  -8.831  12.893  17.912 0.0000000000
72886  -9.218  13.026  17.964 0.0000000000
72887  -9.797  13.085  17.733 0.0000000000
72891  -8.064  14.058  16.460 0.0000000000
72892  -8.511  13.477  17.069 0.0000000000
72893  -9.410  13.690  17.266 0.0000000000
72894  -10.300  13.447  17.051 0.0000000000
72895  -11.306  13.503  16.374 0.0000000000
72900  -7.773  13.578  15.853 0.0000000000
72901  -8.078  12.978  16.337 0.0000000000
72915  -7.387  13.671  14.739 0.0000000000
72916  -7.596  13.372  14.141 0.0000000000
72928  -7.447  13.995  14.186 0.0000000000
72929  -7.909  13.754  13.832 0.0000000000
72930  -8.804  13.790  13.685 0.0000000000
72931  -9.912  13.513  13.438 0.0000000000
72942  -10.640  13.408  12.726 0.0000000000
72943  -10.906  12.808  12.309 0.0000000000
72952  -10.781  13.251  11.816 0.0000000000
72953  -10.968  12.793  12.056 0.0000000000
72968  -10.314  13.136  11.109 0.0000000000
73670  -7.810  14.542  16.126 0.0000000000
73671  -8.304  14.529  16.565 0.0000000000
73672  -8.936  14.527  16.857 0.0000000000
73678  -7.446  14.538  15.378 0.0000000000
73693  -7.331  14.633  14.573 0.0000000000
73707  -7.546  14.660  13.978 0.0000000000
73708  -8.256  14.631  13.665 0.0000000000
73709  -9.297  14.587  13.444 0.0000000000
73710  -10.215  14.521  13.028 0.0000000000
73720  -10.589  14.483  12.301 0.0000000000
74442  -7.989  15.119  16.334 0.0000000000
74451  -7.681  15.303  15.832 0.0000000000
74468  -7.392  15.479  15.102 0.0000000000
74483  -7.465  15.528  14.356 0.0000000000
74484  -7.810  15.531  13.788 0.0000000000
