#!ascii label  , from subject FREESURFER vox2ras=TkReg 
398
39628  -11.183  -21.954  18.137 0.0000000000
39629  -11.986  -22.382  18.149 0.0000000000
39654  -11.175  -22.108  17.719 0.0000000000
39655  -11.708  -22.539  17.681 0.0000000000
39674  -11.238  -22.138  17.510 0.0000000000
39675  -11.484  -22.314  17.411 0.0000000000
40424  -10.679  -20.683  18.560 0.0000000000
40425  -10.792  -21.074  18.481 0.0000000000
40426  -11.472  -21.415  18.499 0.0000000000
40427  -12.552  -21.645  18.442 0.0000000000
40428  -13.876  -21.820  18.431 0.0000000000
40429  -15.191  -21.821  18.441 0.0000000000
40449  -10.607  -20.832  18.384 0.0000000000
40450  -10.679  -21.406  18.073 0.0000000000
40451  -15.860  -21.318  18.061 0.0000000000
40452  -16.613  -21.311  17.811 0.0000000000
40472  -11.061  -21.748  17.517 0.0000000000
40473  -11.654  -21.899  16.923 0.0000000000
40474  -12.766  -21.831  16.452 0.0000000000
40488  -13.591  -21.299  16.044 0.0000000000
40489  -14.408  -21.495  15.762 0.0000000000
41234  -10.593  -20.400  18.610 0.0000000000
41235  -10.982  -20.538  18.907 0.0000000000
41236  -11.893  -20.530  18.737 0.0000000000
41237  -13.352  -20.400  18.340 0.0000000000
41238  -14.710  -20.939  18.196 0.0000000000
41239  -15.411  -21.123  18.102 0.0000000000
41259  -10.453  -20.558  18.272 0.0000000000
41260  -10.550  -20.792  17.780 0.0000000000
41261  -13.901  -19.631  17.954 0.0000000000
41262  -14.540  -20.033  17.737 0.0000000000
41263  -15.852  -20.409  17.485 0.0000000000
41264  -17.137  -20.694  17.298 0.0000000000
41265  -18.067  -20.860  17.184 0.0000000000
41266  -18.567  -20.954  17.136 0.0000000000
41288  -11.123  -20.878  17.203 0.0000000000
41289  -12.009  -20.821  16.631 0.0000000000
41290  -13.061  -20.590  16.210 0.0000000000
41291  -16.305  -19.782  16.825 0.0000000000
41292  -16.862  -20.003  16.769 0.0000000000
41293  -17.808  -20.187  16.721 0.0000000000
41294  -18.857  -20.488  16.746 0.0000000000
41295  -20.014  -20.351  16.544 0.0000000000
41296  -21.037  -20.232  16.498 0.0000000000
41316  -14.045  -20.459  15.724 0.0000000000
41317  -15.014  -20.539  15.353 0.0000000000
42119  -10.517  -19.945  18.770 0.0000000000
42120  -10.785  -19.802  19.089 0.0000000000
42121  -11.243  -19.651  19.073 0.0000000000
42122  -12.218  -19.399  18.724 0.0000000000
42136  -10.386  -19.947  18.546 0.0000000000
42137  -10.238  -19.942  17.912 0.0000000000
42138  -13.327  -18.973  18.237 0.0000000000
42139  -14.366  -19.045  17.518 0.0000000000
42140  -15.155  -19.553  17.247 0.0000000000
42158  -10.588  -19.875  17.541 0.0000000000
42159  -11.346  -19.782  16.921 0.0000000000
42160  -12.356  -19.653  16.406 0.0000000000
42161  -15.108  -18.885  16.892 0.0000000000
42162  -15.847  -19.318  16.699 0.0000000000
42163  -16.656  -19.335  16.427 0.0000000000
42164  -17.538  -19.334  16.238 0.0000000000
42165  -18.502  -19.610  16.251 0.0000000000
42166  -19.511  -19.700  16.153 0.0000000000
42167  -20.577  -19.658  16.046 0.0000000000
42168  -21.696  -19.484  16.068 0.0000000000
42184  -13.400  -19.387  15.795 0.0000000000
42185  -14.640  -19.421  15.115 0.0000000000
42186  -15.353  -19.947  14.933 0.0000000000
42187  -18.275  -18.971  15.821 0.0000000000
42188  -19.097  -19.026  15.684 0.0000000000
42189  -20.107  -19.043  15.565 0.0000000000
42190  -21.143  -18.960  15.574 0.0000000000
42191  -21.968  -18.833  15.673 0.0000000000
42192  -22.327  -19.020  15.951 0.0000000000
42209  -14.914  -18.966  14.492 0.0000000000
43061  -10.497  -19.513  18.800 0.0000000000
43062  -10.753  -19.057  19.083 0.0000000000
43063  -11.487  -18.622  18.959 0.0000000000
43064  -12.389  -18.310  18.614 0.0000000000
43068  -10.328  -19.329  18.478 0.0000000000
43069  -10.234  -19.008  17.934 0.0000000000
43070  -13.061  -17.993  18.224 0.0000000000
43071  -13.775  -18.108  17.689 0.0000000000
43076  -10.757  -18.815  17.321 0.0000000000
43077  -11.617  -18.621  16.557 0.0000000000
43078  -12.540  -18.779  16.085 0.0000000000
43079  -14.639  -18.057  16.951 0.0000000000
43080  -15.585  -18.273  16.357 0.0000000000
43081  -16.381  -18.653  16.172 0.0000000000
43082  -17.027  -18.788  16.026 0.0000000000
43094  -12.205  -18.104  16.031 0.0000000000
43095  -13.005  -18.266  15.540 0.0000000000
43096  -13.868  -18.656  15.270 0.0000000000
43097  -16.236  -17.978  15.874 0.0000000000
43098  -16.869  -18.144  15.696 0.0000000000
43099  -17.689  -18.414  15.624 0.0000000000
43100  -18.643  -18.351  15.409 0.0000000000
43101  -19.671  -18.201  15.214 0.0000000000
43102  -20.716  -18.312  15.218 0.0000000000
43103  -21.749  -18.111  15.256 0.0000000000
43104  -22.763  -18.350  15.866 0.0000000000
43119  -13.622  -18.046  15.021 0.0000000000
43120  -14.338  -18.401  14.554 0.0000000000
43121  -14.988  -18.681  14.107 0.0000000000
43122  -20.431  -17.705  14.905 0.0000000000
43123  -21.194  -17.682  14.919 0.0000000000
43124  -21.656  -17.628  14.990 0.0000000000
43140  -14.632  -18.267  13.852 0.0000000000
44062  -10.517  -18.910  18.790 0.0000000000
44063  -10.895  -18.047  18.761 0.0000000000
44064  -11.929  -17.607  18.683 0.0000000000
44065  -12.558  -17.552  18.413 0.0000000000
44069  -10.450  -18.641  18.455 0.0000000000
44070  -10.537  -17.999  18.020 0.0000000000
44071  -12.406  -16.964  18.370 0.0000000000
44072  -13.140  -17.157  17.853 0.0000000000
44073  -13.963  -17.436  17.271 0.0000000000
44077  -11.041  -17.805  17.214 0.0000000000
44078  -11.655  -17.537  16.479 0.0000000000
44079  -13.745  -16.797  17.240 0.0000000000
44080  -14.399  -17.048  16.642 0.0000000000
44081  -15.085  -17.545  16.328 0.0000000000
44086  -12.359  -17.399  15.735 0.0000000000
44087  -13.075  -17.487  15.118 0.0000000000
44088  -15.020  -16.922  16.051 0.0000000000
44089  -15.733  -17.306  15.786 0.0000000000
44090  -16.570  -17.398  15.473 0.0000000000
44091  -17.350  -17.443  15.241 0.0000000000
44092  -18.222  -17.668  15.152 0.0000000000
44093  -19.001  -17.684  15.059 0.0000000000
44094  -21.917  -17.551  15.020 0.0000000000
44095  -22.436  -17.251  15.198 0.0000000000
44096  -23.201  -17.329  15.779 0.0000000000
44103  -13.561  -17.593  14.464 0.0000000000
44104  -14.143  -17.869  13.968 0.0000000000
44105  -17.960  -16.997  14.854 0.0000000000
44106  -18.747  -17.007  14.744 0.0000000000
44107  -19.756  -17.154  14.670 0.0000000000
44108  -20.815  -17.036  14.577 0.0000000000
44109  -21.730  -17.087  14.772 0.0000000000
44110  -22.229  -16.727  14.835 0.0000000000
44122  -13.571  -17.439  13.684 0.0000000000
44123  -14.340  -17.954  13.284 0.0000000000
44135  -12.524  -17.174  12.626 0.0000000000
44136  -13.294  -17.577  12.765 0.0000000000
44137  -14.328  -18.137  12.608 0.0000000000
45141  -10.980  -17.276  18.291 0.0000000000
45142  -11.454  -17.038  18.447 0.0000000000
45147  -10.979  -17.224  17.834 0.0000000000
45148  -12.067  -16.545  18.468 0.0000000000
45149  -12.588  -16.298  18.143 0.0000000000
45154  -11.332  -16.973  17.248 0.0000000000
45155  -11.853  -16.529  16.475 0.0000000000
45156  -13.278  -16.181  17.619 0.0000000000
45157  -13.957  -16.153  16.945 0.0000000000
45163  -12.682  -16.556  15.226 0.0000000000
45164  -13.074  -17.117  14.739 0.0000000000
45165  -14.680  -16.203  16.307 0.0000000000
45166  -15.410  -16.313  15.733 0.0000000000
45167  -16.344  -16.421  15.279 0.0000000000
45168  -16.878  -16.941  15.160 0.0000000000
45169  -22.591  -16.168  14.894 0.0000000000
45170  -23.060  -16.544  15.419 0.0000000000
45177  -12.867  -16.211  14.624 0.0000000000
45178  -13.076  -16.754  14.252 0.0000000000
45179  -16.737  -15.918  14.964 0.0000000000
45180  -17.283  -16.380  14.855 0.0000000000
45181  -18.272  -16.305  14.507 0.0000000000
45182  -19.278  -16.162  14.166 0.0000000000
45183  -20.346  -16.115  14.115 0.0000000000
45184  -21.356  -16.247  14.349 0.0000000000
45185  -22.039  -16.339  14.585 0.0000000000
45196  -12.537  -16.171  13.102 0.0000000000
45197  -12.954  -16.881  13.421 0.0000000000
45198  -19.593  -15.645  13.871 0.0000000000
45199  -19.847  -15.822  13.920 0.0000000000
45209  -11.013  -15.987  12.091 0.0000000000
45210  -12.011  -16.550  12.508 0.0000000000
45211  -12.668  -16.888  12.906 0.0000000000
46109  -11.083  -16.998  17.980 0.0000000000
46110  -11.289  -16.827  18.189 0.0000000000
46117  -11.259  -16.708  17.893 0.0000000000
46118  -11.611  -16.191  18.139 0.0000000000
46119  -12.116  -15.667  18.394 0.0000000000
46125  -11.475  -16.349  17.464 0.0000000000
46126  -11.651  -15.639  17.272 0.0000000000
46127  -12.796  -15.431  18.085 0.0000000000
46128  -13.521  -15.345  17.449 0.0000000000
46133  -12.204  -15.542  16.056 0.0000000000
46134  -14.256  -15.343  16.705 0.0000000000
46135  -14.995  -15.396  15.976 0.0000000000
46136  -15.748  -15.517  15.442 0.0000000000
46137  -22.665  -15.394  14.863 0.0000000000
46138  -23.159  -15.474  15.477 0.0000000000
46143  -12.672  -15.530  14.820 0.0000000000
46144  -12.884  -16.015  14.210 0.0000000000
46145  -16.344  -15.450  15.078 0.0000000000
46146  -16.962  -15.356  14.731 0.0000000000
46147  -17.823  -15.459  14.392 0.0000000000
46148  -18.562  -15.687  14.160 0.0000000000
46149  -20.497  -15.604  13.909 0.0000000000
46150  -20.978  -15.398  13.947 0.0000000000
46151  -22.047  -15.357  14.389 0.0000000000
46160  -12.619  -15.398  13.680 0.0000000000
46161  -12.843  -16.240  13.722 0.0000000000
46162  -18.351  -15.139  14.055 0.0000000000
46163  -19.081  -15.263  13.824 0.0000000000
46164  -20.103  -15.258  13.727 0.0000000000
46165  -20.754  -14.655  13.728 0.0000000000
46172  -11.711  -15.187  12.618 0.0000000000
46981  -11.284  -14.085  17.650 0.0000000000
46982  -11.519  -14.823  18.209 0.0000000000
46983  -12.214  -14.647  18.501 0.0000000000
46987  -11.428  -13.939  17.137 0.0000000000
46988  -11.703  -14.550  16.884 0.0000000000
46989  -13.023  -14.547  18.005 0.0000000000
46990  -13.769  -14.493  17.207 0.0000000000
46991  -23.334  -14.674  16.162 0.0000000000
46994  -12.263  -14.599  15.543 0.0000000000
46995  -14.515  -14.479  16.389 0.0000000000
46996  -15.365  -14.479  15.536 0.0000000000
46997  -15.946  -14.979  15.230 0.0000000000
46998  -22.639  -14.578  14.895 0.0000000000
46999  -23.012  -14.461  15.549 0.0000000000
47003  -12.429  -14.538  14.353 0.0000000000
47004  -15.649  -13.945  15.164 0.0000000000
47005  -16.224  -14.447  14.878 0.0000000000
47006  -17.356  -14.402  14.315 0.0000000000
47007  -17.961  -14.852  14.145 0.0000000000
47008  -21.416  -14.377  13.993 0.0000000000
47009  -22.072  -14.268  14.392 0.0000000000
47017  -12.129  -14.412  13.348 0.0000000000
47018  -17.742  -13.876  14.005 0.0000000000
47019  -18.324  -14.357  13.860 0.0000000000
47020  -19.380  -14.343  13.608 0.0000000000
47021  -20.238  -14.183  13.578 0.0000000000
47022  -20.861  -14.006  13.685 0.0000000000
47028  -11.485  -14.148  12.809 0.0000000000
47762  -10.070  -13.320  19.085 0.0000000000
47763  -10.363  -13.614  19.644 0.0000000000
47764  -10.799  -13.499  20.013 0.0000000000
47768  -10.150  -13.099  18.233 0.0000000000
47769  -10.685  -13.813  18.551 0.0000000000
47770  -11.319  -13.776  19.181 0.0000000000
47771  -12.384  -13.728  18.533 0.0000000000
47772  -22.867  -13.289  17.056 0.0000000000
47775  -10.220  -12.816  17.575 0.0000000000
47776  -10.985  -13.317  17.116 0.0000000000
47777  -11.531  -13.889  16.818 0.0000000000
47778  -13.248  -13.671  17.721 0.0000000000
47779  -13.995  -13.612  16.900 0.0000000000
47780  -22.806  -13.315  16.192 0.0000000000
47781  -23.167  -13.977  16.635 0.0000000000
47783  -11.406  -13.132  15.584 0.0000000000
47784  -11.804  -13.820  16.161 0.0000000000
47785  -14.674  -13.559  16.109 0.0000000000
47786  -15.279  -13.433  15.492 0.0000000000
47787  -22.678  -13.619  15.386 0.0000000000
47788  -23.057  -13.992  15.964 0.0000000000
47791  -11.503  -13.167  14.437 0.0000000000
47792  -12.046  -13.781  14.972 0.0000000000
47793  -15.835  -13.389  15.011 0.0000000000
47794  -16.566  -13.427  14.557 0.0000000000
47795  -17.340  -13.338  14.172 0.0000000000
47796  -21.729  -13.500  14.243 0.0000000000
47797  -22.258  -13.554  14.710 0.0000000000
47804  -11.327  -13.225  13.583 0.0000000000
47805  -12.033  -13.722  13.914 0.0000000000
47806  -18.034  -13.365  13.855 0.0000000000
47807  -18.822  -13.473  13.631 0.0000000000
47808  -19.681  -13.435  13.529 0.0000000000
47809  -20.503  -13.354  13.610 0.0000000000
47810  -21.192  -13.445  13.855 0.0000000000
47816  -11.637  -13.763  13.251 0.0000000000
48506  -9.942  -13.122  19.629 0.0000000000
48507  -10.423  -13.003  19.999 0.0000000000
48508  -11.080  -13.142  19.817 0.0000000000
48513  -9.936  -12.765  18.909 0.0000000000
48514  -10.898  -12.682  19.527 0.0000000000
48515  -11.634  -12.855  18.942 0.0000000000
48516  -12.634  -12.872  18.028 0.0000000000
48517  -22.444  -12.569  17.412 0.0000000000
48520  -9.987  -12.280  17.804 0.0000000000
48521  -10.302  -12.526  17.061 0.0000000000
48522  -13.471  -12.808  17.327 0.0000000000
48523  -14.202  -12.718  16.634 0.0000000000
48524  -22.522  -12.594  16.565 0.0000000000
48527  -10.228  -11.776  16.636 0.0000000000
48528  -10.722  -12.452  16.104 0.0000000000
48529  -14.810  -12.663  15.948 0.0000000000
48530  -15.383  -12.581  15.383 0.0000000000
48531  -21.958  -12.233  15.199 0.0000000000
48532  -22.288  -12.528  15.593 0.0000000000
48536  -10.465  -11.694  15.358 0.0000000000
48537  -10.918  -12.490  14.859 0.0000000000
48538  -16.017  -12.498  14.880 0.0000000000
48539  -16.803  -12.451  14.440 0.0000000000
48540  -17.664  -12.489  14.053 0.0000000000
48541  -21.137  -12.047  14.236 0.0000000000
48542  -21.740  -12.446  14.645 0.0000000000
48543  -22.310  -13.011  15.034 0.0000000000
48550  -10.974  -12.698  13.986 0.0000000000
48551  -18.436  -12.636  13.762 0.0000000000
48552  -19.132  -12.681  13.606 0.0000000000
48553  -19.939  -12.583  13.594 0.0000000000
48554  -20.910  -12.520  13.880 0.0000000000
48555  -21.449  -12.958  14.095 0.0000000000
49335  -10.091  -12.669  19.462 0.0000000000
49336  -10.481  -12.495  19.365 0.0000000000
49339  -21.995  -11.910  17.580 0.0000000000
49342  -10.250  -11.962  18.568 0.0000000000
49343  -11.053  -11.907  18.638 0.0000000000
49344  -12.131  -11.933  17.962 0.0000000000
49345  -12.922  -12.211  17.519 0.0000000000
49346  -21.653  -11.297  17.198 0.0000000000
49347  -22.201  -11.936  16.890 0.0000000000
49349  -10.171  -11.012  17.271 0.0000000000
49350  -12.762  -11.607  17.364 0.0000000000
49351  -13.549  -11.867  16.963 0.0000000000
49352  -14.380  -11.920  16.342 0.0000000000
49353  -21.857  -11.488  16.278 0.0000000000
49354  -22.218  -12.079  16.240 0.0000000000
49356  -10.169  -10.841  15.974 0.0000000000
49357  -14.880  -11.842  15.764 0.0000000000
49358  -15.438  -11.705  15.266 0.0000000000
49359  -21.791  -11.757  15.393 0.0000000000
49360  -22.063  -11.946  15.872 0.0000000000
49363  -10.281  -10.910  14.699 0.0000000000
49364  -16.137  -11.445  14.779 0.0000000000
49365  -17.186  -11.509  14.324 0.0000000000
49366  -18.299  -11.651  13.960 0.0000000000
49367  -18.822  -11.361  13.946 0.0000000000
49368  -20.267  -11.224  14.223 0.0000000000
49369  -21.058  -11.509  14.492 0.0000000000
49370  -21.497  -11.666  14.860 0.0000000000
49376  -18.756  -12.191  13.750 0.0000000000
49377  -19.196  -11.831  13.789 0.0000000000
49378  -20.106  -11.826  13.846 0.0000000000
49379  -20.712  -11.806  14.100 0.0000000000
50260  -21.269  -10.993  17.613 0.0000000000
50273  -10.702  -10.676  17.718 0.0000000000
50274  -11.659  -10.876  17.616 0.0000000000
50275  -12.339  -11.280  17.478 0.0000000000
50276  -20.826  -10.188  16.974 0.0000000000
50277  -21.196  -10.729  17.263 0.0000000000
50286  -10.091  -9.982  17.388 0.0000000000
50287  -12.058  -10.480  17.195 0.0000000000
50288  -12.776  -10.836  16.893 0.0000000000
50289  -13.925  -11.216  16.350 0.0000000000
50290  -14.486  -11.433  16.024 0.0000000000
50291  -20.875  -10.205  16.164 0.0000000000
50292  -21.342  -10.762  16.607 0.0000000000
50298  -9.944  -9.912  16.441 0.0000000000
50299  -12.961  -10.467  16.430 0.0000000000
50300  -13.495  -10.553  16.184 0.0000000000
50301  -14.675  -10.847  15.588 0.0000000000
50302  -15.458  -11.088  15.168 0.0000000000
50303  -20.808  -10.370  15.419 0.0000000000
50304  -21.397  -10.877  15.790 0.0000000000
50309  -10.123  -9.936  15.159 0.0000000000
50310  -14.911  -10.215  15.237 0.0000000000
50311  -15.518  -10.431  14.979 0.0000000000
50312  -16.606  -10.486  14.554 0.0000000000
50313  -17.684  -10.572  14.266 0.0000000000
50314  -18.781  -10.725  14.132 0.0000000000
50315  -19.666  -10.534  14.365 0.0000000000
50316  -20.485  -10.601  14.739 0.0000000000
50317  -21.244  -11.068  15.058 0.0000000000
50323  -19.066  -11.274  13.962 0.0000000000
50324  -19.507  -11.224  14.037 0.0000000000
51291  -10.747  -10.123  17.666 0.0000000000
51292  -11.026  -10.192  17.661 0.0000000000
51293  -20.314  -9.574  17.391 0.0000000000
51306  -10.746  -9.832  17.464 0.0000000000
51307  -11.619  -10.074  17.214 0.0000000000
51308  -12.230  -10.339  16.899 0.0000000000
51309  -20.327  -9.500  16.511 0.0000000000
51323  -10.337  -9.379  16.671 0.0000000000
51324  -11.246  -9.448  16.613 0.0000000000
51325  -12.583  -10.042  16.243 0.0000000000
51326  -13.918  -10.077  15.542 0.0000000000
51327  -14.586  -10.151  15.328 0.0000000000
51328  -19.862  -9.407  15.387 0.0000000000
51329  -20.389  -9.726  15.743 0.0000000000
51345  -9.950  -8.747  15.453 0.0000000000
51346  -10.775  -8.743  15.865 0.0000000000
51347  -11.963  -9.094  15.497 0.0000000000
51348  -13.368  -9.336  15.117 0.0000000000
51349  -14.757  -9.583  14.943 0.0000000000
51350  -16.009  -9.504  14.646 0.0000000000
51351  -17.112  -9.541  14.471 0.0000000000
51352  -18.160  -9.629  14.395 0.0000000000
51353  -19.088  -9.747  14.515 0.0000000000
51354  -19.821  -9.862  14.806 0.0000000000
51355  -20.299  -9.951  15.179 0.0000000000
52439  -19.970  -9.189  15.941 0.0000000000
52455  -19.368  -9.230  15.006 0.0000000000
