#!ascii label  , from subject FREESURFER vox2ras=TkReg 
532
42870  -49.655  -18.023  38.166 0.0000000000
42887  -49.038  -18.237  37.477 0.0000000000
42888  -49.523  -18.036  37.561 0.0000000000
42904  -48.427  -18.208  37.018 0.0000000000
42905  -48.846  -18.188  37.012 0.0000000000
43826  -50.266  -17.326  38.797 0.0000000000
43827  -50.654  -16.999  37.924 0.0000000000
43848  -49.414  -18.042  37.237 0.0000000000
43849  -49.947  -17.640  37.415 0.0000000000
43850  -50.558  -16.938  36.992 0.0000000000
43871  -46.938  -18.089  36.188 0.0000000000
43872  -47.989  -18.138  36.250 0.0000000000
43873  -49.107  -18.016  36.571 0.0000000000
43874  -50.055  -17.231  36.175 0.0000000000
43875  -50.487  -16.818  36.409 0.0000000000
43887  -45.470  -17.709  35.319 0.0000000000
43888  -46.498  -17.923  35.317 0.0000000000
43889  -47.534  -18.019  35.352 0.0000000000
43890  -48.560  -17.844  35.432 0.0000000000
43891  -49.384  -17.436  35.483 0.0000000000
43892  -49.852  -17.019  35.314 0.0000000000
43899  -45.178  -17.532  34.427 0.0000000000
43900  -46.196  -17.754  34.426 0.0000000000
43901  -47.189  -17.949  34.465 0.0000000000
43902  -48.163  -17.826  34.534 0.0000000000
43903  -49.186  -17.333  34.521 0.0000000000
43904  -49.603  -17.105  34.957 0.0000000000
43915  -44.964  -17.443  33.464 0.0000000000
43916  -45.997  -17.619  33.487 0.0000000000
43917  -46.973  -17.868  33.548 0.0000000000
43918  -47.866  -17.785  33.707 0.0000000000
43919  -48.607  -17.508  33.870 0.0000000000
43930  -44.824  -17.412  32.428 0.0000000000
43931  -45.855  -17.552  32.480 0.0000000000
43932  -46.820  -17.669  32.611 0.0000000000
43933  -47.785  -17.602  32.749 0.0000000000
43934  -48.439  -17.373  33.240 0.0000000000
43947  -44.746  -17.450  31.351 0.0000000000
43948  -45.724  -17.601  31.451 0.0000000000
43949  -46.705  -17.507  31.565 0.0000000000
43950  -47.440  -17.445  31.992 0.0000000000
43967  -43.381  -17.150  30.024 0.0000000000
43968  -44.649  -17.540  30.279 0.0000000000
43969  -45.603  -17.730  30.383 0.0000000000
43970  -46.298  -17.615  30.764 0.0000000000
43983  -43.790  -17.519  28.769 0.0000000000
43984  -44.631  -17.683  29.181 0.0000000000
43985  -45.298  -17.818  29.668 0.0000000000
43997  -43.247  -17.549  27.412 0.0000000000
43998  -43.652  -17.704  27.964 0.0000000000
43999  -44.398  -17.788  28.350 0.0000000000
44010  -43.320  -17.488  27.061 0.0000000000
44011  -43.751  -17.549  27.305 0.0000000000
44012  -44.242  -17.665  27.732 0.0000000000
44900  -50.884  -16.244  37.590 0.0000000000
44922  -50.446  -16.673  36.017 0.0000000000
44923  -50.681  -16.262  36.512 0.0000000000
44945  -50.211  -16.673  35.458 0.0000000000
44946  -50.512  -16.176  35.640 0.0000000000
44963  -49.589  -16.873  34.095 0.0000000000
44964  -49.996  -16.576  34.583 0.0000000000
44965  -50.337  -16.284  35.118 0.0000000000
44980  -49.241  -16.822  33.518 0.0000000000
44981  -49.764  -16.575  33.920 0.0000000000
44995  -48.016  -17.195  31.984 0.0000000000
44996  -48.533  -16.785  32.547 0.0000000000
45010  -46.839  -17.282  30.740 0.0000000000
45011  -47.632  -16.963  31.226 0.0000000000
45012  -48.189  -16.625  31.802 0.0000000000
45027  -45.719  -17.760  29.685 0.0000000000
45028  -46.332  -17.365  29.896 0.0000000000
45029  -47.041  -16.630  30.425 0.0000000000
45040  -42.938  -17.188  28.983 0.0000000000
45041  -44.878  -17.812  28.591 0.0000000000
45042  -45.447  -17.510  28.956 0.0000000000
45043  -46.166  -16.790  29.098 0.0000000000
45055  -42.592  -17.328  27.993 0.0000000000
45056  -43.283  -17.476  28.404 0.0000000000
45057  -44.778  -17.585  28.105 0.0000000000
45058  -45.119  -16.928  27.969 0.0000000000
45070  -40.369  -16.773  27.396 0.0000000000
45071  -41.549  -17.087  27.132 0.0000000000
45072  -42.664  -17.371  26.871 0.0000000000
45073  -43.396  -17.251  26.724 0.0000000000
45074  -44.327  -17.039  27.116 0.0000000000
45075  -44.875  -16.380  27.398 0.0000000000
45081  -37.817  -16.345  27.125 0.0000000000
45082  -38.554  -16.312  26.872 0.0000000000
45083  -39.546  -16.400  26.534 0.0000000000
45084  -40.640  -16.770  26.322 0.0000000000
45085  -41.662  -17.134  26.069 0.0000000000
45086  -42.599  -17.077  25.966 0.0000000000
45087  -43.451  -16.690  26.069 0.0000000000
45088  -44.097  -16.334  26.410 0.0000000000
45094  -39.856  -16.395  25.617 0.0000000000
45095  -40.714  -16.785  25.288 0.0000000000
45096  -41.655  -16.891  25.154 0.0000000000
45097  -42.492  -16.560  25.195 0.0000000000
45098  -43.160  -16.205  25.451 0.0000000000
45105  -39.209  -16.366  24.240 0.0000000000
45106  -39.623  -16.417  24.550 0.0000000000
45107  -40.681  -16.607  24.315 0.0000000000
45108  -41.582  -16.466  24.473 0.0000000000
45109  -42.115  -16.170  24.561 0.0000000000
45118  -39.228  -16.422  23.970 0.0000000000
45119  -39.733  -16.453  23.722 0.0000000000
45120  -40.322  -16.325  23.563 0.0000000000
45894  -50.843  -15.357  37.019 0.0000000000
45911  -50.754  -15.442  35.925 0.0000000000
45928  -50.289  -15.917  34.285 0.0000000000
45929  -50.503  -15.669  34.897 0.0000000000
45948  -49.200  -15.670  32.820 0.0000000000
45949  -49.993  -15.880  33.695 0.0000000000
45950  -50.334  -15.453  34.209 0.0000000000
45970  -48.499  -15.835  32.028 0.0000000000
45989  -47.475  -15.782  30.831 0.0000000000
45990  -48.022  -16.080  31.434 0.0000000000
46004  -46.627  -15.977  29.655 0.0000000000
46005  -47.002  -15.897  30.321 0.0000000000
46018  -45.682  -16.549  28.521 0.0000000000
46019  -46.105  -15.906  28.822 0.0000000000
46026  -45.290  -15.857  27.865 0.0000000000
46027  -45.712  -15.866  28.418 0.0000000000
46030  -37.356  -16.240  27.051 0.0000000000
46031  -44.540  -15.943  26.807 0.0000000000
46032  -44.879  -15.857  27.314 0.0000000000
46036  -36.471  -15.731  26.121 0.0000000000
46037  -37.638  -15.861  26.395 0.0000000000
46038  -38.739  -16.020  26.048 0.0000000000
46039  -39.325  -16.171  25.862 0.0000000000
46040  -43.759  -15.848  25.855 0.0000000000
46041  -44.182  -15.855  26.324 0.0000000000
46049  -37.037  -15.515  25.320 0.0000000000
46050  -38.168  -15.739  25.279 0.0000000000
46051  -39.108  -16.105  25.182 0.0000000000
46052  -42.703  -15.899  24.915 0.0000000000
46053  -43.235  -15.728  25.337 0.0000000000
46060  -36.367  -15.180  24.345 0.0000000000
46061  -37.528  -15.603  24.342 0.0000000000
46062  -38.740  -16.177  24.291 0.0000000000
46063  -39.167  -16.231  24.654 0.0000000000
46064  -40.959  -16.307  23.822 0.0000000000
46065  -41.519  -15.846  23.956 0.0000000000
46066  -42.169  -15.719  24.434 0.0000000000
46072  -36.920  -15.373  23.461 0.0000000000
46073  -37.812  -16.012  23.366 0.0000000000
46074  -38.819  -16.360  23.235 0.0000000000
46075  -39.637  -16.228  22.990 0.0000000000
46076  -40.539  -15.780  23.119 0.0000000000
46077  -41.169  -15.477  23.480 0.0000000000
46086  -37.153  -15.672  22.588 0.0000000000
46087  -37.895  -16.149  22.450 0.0000000000
46088  -38.725  -16.059  22.269 0.0000000000
46089  -39.565  -15.723  22.468 0.0000000000
46090  -40.022  -15.388  22.547 0.0000000000
46098  -37.248  -15.795  21.921 0.0000000000
46099  -37.773  -15.787  21.755 0.0000000000
46100  -38.322  -15.551  21.718 0.0000000000
46794  -50.763  -14.650  35.290 0.0000000000
46808  -50.490  -14.775  34.472 0.0000000000
46823  -49.201  -14.821  32.784 0.0000000000
46824  -49.655  -14.612  33.270 0.0000000000
46825  -50.205  -14.966  33.886 0.0000000000
46840  -48.739  -14.710  32.293 0.0000000000
46841  -49.181  -14.280  32.718 0.0000000000
46850  -47.472  -14.662  30.726 0.0000000000
46851  -48.030  -14.949  31.445 0.0000000000
46860  -46.643  -14.821  29.634 0.0000000000
46861  -46.925  -15.031  30.250 0.0000000000
46874  -46.320  -14.936  28.995 0.0000000000
46888  -45.343  -14.877  27.749 0.0000000000
46889  -45.722  -15.092  28.357 0.0000000000
46902  -44.534  -15.429  26.728 0.0000000000
46903  -44.811  -15.163  27.123 0.0000000000
46909  -43.854  -15.377  25.825 0.0000000000
46910  -44.256  -15.170  26.219 0.0000000000
46911  -44.772  -14.389  26.545 0.0000000000
46915  -43.007  -15.463  25.051 0.0000000000
46916  -43.485  -15.070  25.405 0.0000000000
46917  -44.019  -14.410  25.601 0.0000000000
46924  -36.175  -14.910  23.459 0.0000000000
46925  -41.957  -15.425  24.182 0.0000000000
46926  -42.547  -15.065  24.562 0.0000000000
46927  -43.162  -14.429  24.797 0.0000000000
46931  -35.600  -14.560  22.906 0.0000000000
46932  -36.388  -15.089  22.688 0.0000000000
46933  -40.971  -15.158  23.197 0.0000000000
46934  -41.624  -14.994  23.736 0.0000000000
46935  -42.260  -14.416  23.904 0.0000000000
46941  -35.782  -14.771  21.949 0.0000000000
46942  -36.578  -15.368  21.864 0.0000000000
46943  -38.950  -15.516  21.969 0.0000000000
46944  -39.502  -14.994  22.149 0.0000000000
46945  -40.405  -14.865  22.662 0.0000000000
46953  -35.062  -14.406  21.181 0.0000000000
46954  -35.916  -15.111  21.081 0.0000000000
46955  -36.854  -15.387  21.224 0.0000000000
46956  -37.611  -15.121  21.231 0.0000000000
46957  -38.554  -14.846  21.603 0.0000000000
46958  -39.130  -14.270  21.824 0.0000000000
46965  -35.247  -14.612  20.255 0.0000000000
46966  -36.031  -15.036  20.284 0.0000000000
46967  -36.786  -14.966  20.560 0.0000000000
46968  -37.271  -14.558  20.675 0.0000000000
46973  -35.268  -14.662  19.516 0.0000000000
46974  -35.763  -14.699  19.698 0.0000000000
46980  -35.343  -14.561  19.022 0.0000000000
46986  -35.156  -14.615  18.052 0.0000000000
46993  -35.085  -14.576  17.031 0.0000000000
47623  -50.643  -13.874  34.762 0.0000000000
47637  -49.743  -13.600  33.407 0.0000000000
47638  -50.149  -13.989  34.011 0.0000000000
47652  -48.941  -13.666  32.282 0.0000000000
47653  -49.400  -13.628  32.851 0.0000000000
47665  -47.790  -13.775  30.908 0.0000000000
47666  -48.400  -13.783  31.645 0.0000000000
47675  -46.837  -14.361  29.831 0.0000000000
47676  -47.175  -13.827  30.076 0.0000000000
47683  -46.727  -13.904  29.223 0.0000000000
47684  -47.041  -13.391  29.510 0.0000000000
47692  -45.672  -14.468  27.881 0.0000000000
47693  -46.149  -14.009  28.104 0.0000000000
47707  -45.460  -14.035  27.217 0.0000000000
47708  -45.977  -13.613  27.454 0.0000000000
47719  -44.437  -14.178  25.962 0.0000000000
47720  -44.974  -13.570  26.078 0.0000000000
47723  -43.633  -14.183  25.146 0.0000000000
47724  -44.242  -13.513  25.247 0.0000000000
47725  -44.808  -13.154  25.501 0.0000000000
47731  -42.767  -14.232  24.319 0.0000000000
47732  -43.382  -13.663  24.490 0.0000000000
47733  -43.892  -13.164  24.634 0.0000000000
47736  -41.078  -14.580  23.105 0.0000000000
47737  -41.663  -14.038  23.291 0.0000000000
47738  -42.582  -13.722  23.703 0.0000000000
47739  -43.172  -13.214  23.799 0.0000000000
47742  -39.803  -14.122  22.252 0.0000000000
47743  -40.685  -13.854  22.703 0.0000000000
47744  -41.337  -13.344  22.845 0.0000000000
47748  -37.873  -14.323  21.049 0.0000000000
47749  -38.519  -13.885  21.424 0.0000000000
47750  -39.215  -13.487  21.833 0.0000000000
47755  -36.245  -14.726  20.022 0.0000000000
47756  -36.661  -14.217  20.218 0.0000000000
47757  -37.345  -13.836  20.551 0.0000000000
47760  -35.994  -14.087  19.521 0.0000000000
47761  -36.472  -13.700  19.824 0.0000000000
47767  -35.500  -13.985  18.684 0.0000000000
47774  -35.368  -13.842  17.765 0.0000000000
47782  -35.424  -13.736  16.777 0.0000000000
48371  -50.003  -12.831  33.711 0.0000000000
48372  -50.377  -13.205  34.396 0.0000000000
48383  -49.164  -12.687  32.385 0.0000000000
48384  -49.625  -12.957  33.043 0.0000000000
48397  -48.044  -12.687  31.221 0.0000000000
48398  -48.665  -12.968  31.820 0.0000000000
48410  -47.561  -12.831  30.310 0.0000000000
48419  -47.003  -13.035  29.116 0.0000000000
48420  -47.244  -12.925  29.613 0.0000000000
48428  -46.692  -13.118  28.401 0.0000000000
48441  -45.882  -13.453  27.151 0.0000000000
48442  -46.286  -13.070  27.340 0.0000000000
48454  -45.690  -13.215  26.589 0.0000000000
48455  -46.043  -12.584  26.309 0.0000000000
48459  -44.656  -12.940  25.217 0.0000000000
48460  -45.268  -12.672  25.506 0.0000000000
48461  -45.864  -12.359  25.758 0.0000000000
48468  -43.640  -13.013  24.212 0.0000000000
48469  -44.364  -12.627  24.527 0.0000000000
48470  -44.998  -12.353  24.816 0.0000000000
48475  -42.017  -13.387  23.090 0.0000000000
48476  -42.642  -13.023  23.193 0.0000000000
48477  -43.482  -12.582  23.540 0.0000000000
48478  -44.083  -12.293  23.778 0.0000000000
48482  -39.919  -13.328  22.297 0.0000000000
48483  -40.593  -12.804  22.454 0.0000000000
48484  -41.712  -12.684  22.686 0.0000000000
48485  -42.622  -12.316  22.784 0.0000000000
48486  -43.305  -12.047  22.922 0.0000000000
48490  -37.929  -13.541  20.941 0.0000000000
48491  -38.466  -12.891  21.279 0.0000000000
48492  -39.532  -12.592  21.805 0.0000000000
48493  -40.254  -12.096  21.957 0.0000000000
48497  -36.863  -13.505  20.095 0.0000000000
48498  -37.470  -12.834  20.410 0.0000000000
48499  -38.188  -12.177  20.749 0.0000000000
48503  -35.882  -13.562  19.050 0.0000000000
48504  -36.434  -13.010  19.440 0.0000000000
48505  -37.081  -12.121  19.777 0.0000000000
48511  -35.741  -13.244  18.507 0.0000000000
48512  -36.129  -12.410  18.403 0.0000000000
48518  -35.644  -12.978  17.581 0.0000000000
48519  -36.128  -12.192  17.396 0.0000000000
48525  -35.802  -12.890  16.669 0.0000000000
48526  -36.239  -12.211  16.434 0.0000000000
49186  -49.942  -11.659  33.760 0.0000000000
49187  -50.395  -12.362  34.431 0.0000000000
49192  -48.925  -11.524  32.318 0.0000000000
49193  -49.526  -12.057  33.009 0.0000000000
49200  -48.142  -11.643  31.172 0.0000000000
49201  -48.496  -12.063  31.782 0.0000000000
49210  -47.777  -11.873  30.509 0.0000000000
49220  -47.158  -12.576  29.241 0.0000000000
49221  -47.386  -12.020  29.470 0.0000000000
49234  -47.022  -12.442  28.760 0.0000000000
49235  -47.269  -11.772  28.377 0.0000000000
49248  -46.846  -12.397  27.888 0.0000000000
49249  -47.165  -11.862  27.512 0.0000000000
49258  -46.699  -12.292  26.903 0.0000000000
49259  -47.270  -11.732  26.670 0.0000000000
49270  -45.746  -12.243  25.454 0.0000000000
49271  -46.383  -12.058  25.753 0.0000000000
49272  -47.410  -11.545  25.555 0.0000000000
49273  -48.080  -11.341  25.007 0.0000000000
49282  -44.867  -12.214  24.463 0.0000000000
49283  -45.479  -12.038  24.776 0.0000000000
49284  -46.443  -11.638  24.652 0.0000000000
49285  -47.356  -11.424  24.406 0.0000000000
49286  -48.264  -11.393  24.157 0.0000000000
49292  -43.861  -12.089  23.323 0.0000000000
49293  -44.614  -11.975  23.754 0.0000000000
49294  -45.621  -11.659  23.721 0.0000000000
49295  -46.572  -11.479  23.595 0.0000000000
49296  -47.507  -11.409  23.386 0.0000000000
49297  -48.386  -11.347  23.164 0.0000000000
49300  -40.976  -12.115  22.278 0.0000000000
49301  -41.760  -11.849  22.266 0.0000000000
49302  -42.747  -11.682  22.328 0.0000000000
49303  -43.816  -11.679  22.654 0.0000000000
49304  -44.870  -11.537  22.770 0.0000000000
49305  -45.852  -11.466  22.736 0.0000000000
49306  -46.800  -11.431  22.604 0.0000000000
49307  -47.753  -11.369  22.367 0.0000000000
49308  -48.526  -11.282  22.423 0.0000000000
49312  -38.856  -12.115  21.166 0.0000000000
49313  -39.626  -11.770  21.316 0.0000000000
49314  -40.749  -11.562  21.570 0.0000000000
49315  -41.940  -11.256  21.480 0.0000000000
49316  -43.138  -11.222  21.720 0.0000000000
49317  -44.199  -11.225  21.861 0.0000000000
49318  -45.207  -11.273  21.886 0.0000000000
49319  -46.162  -11.328  21.828 0.0000000000
49320  -47.046  -11.335  21.715 0.0000000000
49321  -47.710  -11.267  21.566 0.0000000000
49325  -37.676  -11.864  20.260 0.0000000000
49326  -38.650  -11.430  20.429 0.0000000000
49327  -39.910  -11.162  20.702 0.0000000000
49328  -40.962  -10.972  20.789 0.0000000000
49329  -41.775  -10.836  20.674 0.0000000000
49332  -36.626  -11.946  19.135 0.0000000000
49333  -37.445  -11.222  19.453 0.0000000000
49334  -38.409  -10.735  19.651 0.0000000000
49340  -36.650  -11.450  18.245 0.0000000000
49341  -37.363  -10.819  18.452 0.0000000000
49348  -36.526  -11.433  17.059 0.0000000000
49355  -36.672  -11.573  16.114 0.0000000000
50093  -48.828  -10.737  32.214 0.0000000000
50094  -49.274  -10.696  32.942 0.0000000000
50103  -48.219  -11.235  31.142 0.0000000000
50104  -48.427  -10.913  31.464 0.0000000000
50113  -48.052  -11.163  30.798 0.0000000000
50114  -48.165  -10.401  30.478 0.0000000000
50128  -47.746  -11.049  29.960 0.0000000000
50129  -48.137  -10.258  29.480 0.0000000000
50144  -47.687  -11.023  28.907 0.0000000000
50145  -48.368  -10.337  28.440 0.0000000000
50146  -49.006  -10.133  28.019 0.0000000000
50156  -47.720  -11.168  27.709 0.0000000000
50157  -48.583  -10.602  27.424 0.0000000000
50158  -49.664  -10.204  27.340 0.0000000000
50159  -50.461  -10.147  26.851 0.0000000000
50166  -48.013  -11.166  26.596 0.0000000000
50167  -48.900  -10.757  26.401 0.0000000000
50168  -49.870  -10.528  26.210 0.0000000000
50169  -50.797  -10.266  26.244 0.0000000000
50170  -51.259  -10.171  26.070 0.0000000000
50182  -48.290  -11.182  25.744 0.0000000000
50183  -49.104  -11.101  25.133 0.0000000000
50184  -50.217  -10.734  25.338 0.0000000000
50185  -50.878  -10.460  25.465 0.0000000000
50186  -51.294  -10.237  25.576 0.0000000000
50197  -49.132  -11.319  23.828 0.0000000000
50198  -49.946  -11.099  24.338 0.0000000000
50199  -50.594  -10.720  24.664 0.0000000000
50200  -51.108  -10.454  24.857 0.0000000000
50208  -49.125  -11.216  22.858 0.0000000000
50209  -49.812  -11.087  23.355 0.0000000000
50210  -50.507  -10.708  23.711 0.0000000000
50211  -50.876  -10.568  24.277 0.0000000000
50215  -48.311  -11.223  21.768 0.0000000000
50216  -48.995  -11.093  22.024 0.0000000000
50217  -49.755  -10.788  22.461 0.0000000000
50218  -50.172  -10.793  23.051 0.0000000000
50221  -42.622  -10.839  20.884 0.0000000000
50222  -43.642  -10.833  21.022 0.0000000000
50223  -44.656  -10.887  21.085 0.0000000000
50224  -45.629  -10.996  21.076 0.0000000000
50225  -46.538  -11.103  21.024 0.0000000000
50226  -47.350  -11.111  20.994 0.0000000000
50227  -48.070  -11.039  21.063 0.0000000000
50228  -48.694  -10.863  21.311 0.0000000000
50229  -49.283  -10.616  21.549 0.0000000000
50233  -39.308  -10.738  19.924 0.0000000000
50234  -40.316  -10.665  20.053 0.0000000000
50235  -41.281  -10.606  20.054 0.0000000000
50236  -42.227  -10.609  20.060 0.0000000000
50237  -43.208  -10.631  20.141 0.0000000000
50238  -44.210  -10.641  20.229 0.0000000000
50239  -45.190  -10.665  20.289 0.0000000000
50240  -46.121  -10.717  20.320 0.0000000000
50241  -46.979  -10.799  20.322 0.0000000000
50242  -47.740  -10.792  20.407 0.0000000000
50243  -48.476  -10.540  20.539 0.0000000000
50244  -48.965  -10.534  20.996 0.0000000000
50247  -38.026  -10.457  18.895 0.0000000000
50248  -38.924  -10.340  19.161 0.0000000000
50249  -39.836  -10.353  19.319 0.0000000000
50250  -40.789  -10.337  19.340 0.0000000000
50251  -41.804  -10.328  19.266 0.0000000000
50252  -42.853  -10.462  19.230 0.0000000000
50253  -43.882  -10.541  19.315 0.0000000000
50254  -44.858  -10.520  19.418 0.0000000000
50255  -45.790  -10.498  19.506 0.0000000000
50256  -46.638  -10.537  19.600 0.0000000000
50257  -47.480  -10.503  19.622 0.0000000000
50258  -48.018  -10.554  20.023 0.0000000000
50261  -37.114  -10.826  17.571 0.0000000000
50262  -37.865  -10.449  17.948 0.0000000000
50263  -38.722  -10.157  18.236 0.0000000000
50264  -39.494  -10.123  18.584 0.0000000000
50265  -40.350  -10.088  18.640 0.0000000000
50266  -41.306  -10.067  18.547 0.0000000000
50267  -42.500  -10.191  18.161 0.0000000000
50268  -43.650  -10.443  18.354 0.0000000000
50269  -44.668  -10.499  18.479 0.0000000000
50270  -45.549  -10.438  18.666 0.0000000000
50271  -46.463  -10.405  18.724 0.0000000000
50272  -47.002  -10.470  19.131 0.0000000000
50278  -37.028  -10.872  16.597 0.0000000000
50279  -37.727  -10.510  17.027 0.0000000000
50280  -38.447  -10.243  17.397 0.0000000000
50281  -42.921  -10.151  17.408 0.0000000000
50282  -43.497  -10.314  17.508 0.0000000000
50283  -44.595  -10.447  17.427 0.0000000000
50284  -45.567  -10.427  17.735 0.0000000000
50285  -46.026  -10.404  18.204 0.0000000000
50293  -37.155  -11.096  15.793 0.0000000000
50294  -37.703  -10.640  16.104 0.0000000000
50295  -38.409  -10.327  16.495 0.0000000000
50296  -45.172  -10.403  16.957 0.0000000000
50297  -45.307  -10.421  17.222 0.0000000000
50307  -38.502  -10.484  15.490 0.0000000000
50308  -39.192  -10.246  15.339 0.0000000000
51119  -48.878  -9.865  32.056 0.0000000000
51120  -49.229  -9.647  32.693 0.0000000000
51134  -48.574  -9.751  31.034 0.0000000000
51147  -48.544  -9.611  30.053 0.0000000000
51161  -48.833  -9.603  29.061 0.0000000000
51162  -49.345  -9.367  28.951 0.0000000000
51176  -48.892  -9.860  28.445 0.0000000000
51177  -49.573  -9.655  28.387 0.0000000000
51178  -50.440  -9.590  28.169 0.0000000000
51179  -51.226  -9.627  28.223 0.0000000000
51192  -50.109  -9.801  27.831 0.0000000000
51193  -50.698  -9.822  27.535 0.0000000000
51194  -51.574  -9.834  27.651 0.0000000000
51205  -51.089  -9.928  26.986 0.0000000000
51206  -51.639  -9.984  26.865 0.0000000000
51249  -50.769  -10.447  23.438 0.0000000000
51258  -50.064  -10.505  22.356 0.0000000000
51259  -50.486  -10.342  22.752 0.0000000000
51265  -49.903  -10.322  21.886 0.0000000000
51271  -48.668  -10.216  20.293 0.0000000000
51272  -49.314  -9.943  20.686 0.0000000000
51277  -47.727  -10.325  19.300 0.0000000000
51278  -48.282  -10.166  19.663 0.0000000000
51282  -38.979  -10.031  17.995 0.0000000000
51283  -39.271  -9.988  18.002 0.0000000000
51284  -39.966  -9.894  17.975 0.0000000000
51285  -40.823  -9.869  17.882 0.0000000000
51286  -41.664  -9.928  17.764 0.0000000000
51287  -46.800  -10.326  18.373 0.0000000000
51288  -47.393  -10.224  18.707 0.0000000000
51294  -38.987  -10.029  17.674 0.0000000000
51295  -39.567  -9.946  17.377 0.0000000000
51296  -40.385  -9.860  17.131 0.0000000000
51297  -41.347  -9.804  17.010 0.0000000000
51298  -42.396  -9.940  17.077 0.0000000000
51299  -43.309  -10.114  16.857 0.0000000000
51300  -44.045  -10.318  16.857 0.0000000000
51301  -45.990  -10.330  17.430 0.0000000000
51302  -46.528  -10.241  17.793 0.0000000000
51303  -47.662  -9.575  17.607 0.0000000000
51310  -39.032  -10.027  16.909 0.0000000000
51311  -39.792  -9.861  16.445 0.0000000000
51312  -40.850  -9.670  15.992 0.0000000000
51313  -42.026  -9.663  16.104 0.0000000000
51314  -43.059  -9.771  16.140 0.0000000000
51315  -43.973  -10.049  16.160 0.0000000000
51316  -44.888  -10.269  16.423 0.0000000000
51317  -45.882  -10.229  16.851 0.0000000000
51318  -46.867  -9.706  16.888 0.0000000000
51330  -39.120  -10.107  15.986 0.0000000000
51331  -39.910  -9.916  15.225 0.0000000000
51332  -40.907  -9.704  14.919 0.0000000000
51333  -41.759  -9.625  15.096 0.0000000000
51334  -42.788  -9.675  15.199 0.0000000000
51335  -43.811  -9.794  15.272 0.0000000000
51336  -44.748  -9.860  15.451 0.0000000000
51337  -45.760  -9.708  15.565 0.0000000000
51338  -46.630  -9.484  16.116 0.0000000000
51359  -42.545  -9.776  14.213 0.0000000000
51360  -43.582  -9.698  14.291 0.0000000000
51361  -44.754  -9.420  14.396 0.0000000000
51362  -45.298  -9.565  14.981 0.0000000000
51373  -43.334  -9.803  13.279 0.0000000000
51374  -44.247  -9.359  13.349 0.0000000000
52215  -49.107  -9.122  31.457 0.0000000000
52228  -49.055  -9.077  30.607 0.0000000000
52241  -49.135  -9.152  29.709 0.0000000000
52242  -49.598  -8.604  30.199 0.0000000000
52255  -49.259  -9.272  29.223 0.0000000000
52256  -49.821  -9.019  29.153 0.0000000000
52257  -50.832  -8.847  29.340 0.0000000000
52275  -50.138  -9.355  28.550 0.0000000000
52276  -50.696  -9.313  28.697 0.0000000000
52277  -51.528  -9.369  28.927 0.0000000000
52440  -46.065  -9.336  15.132 0.0000000000
52456  -45.363  -8.844  13.968 0.0000000000
52457  -45.914  -9.017  14.595 0.0000000000
52469  -45.049  -8.835  13.369 0.0000000000
53391  -50.228  -8.436  29.858 0.0000000000
