#!ascii label  , from subject FREESURFER vox2ras=TkReg 
408
17914  -11.883  -51.321  22.470 0.0000000000
17915  -12.503  -51.490  22.268 0.0000000000
17916  -13.037  -51.280  21.913 0.0000000000
17925  -11.647  -51.372  21.579 0.0000000000
17926  -12.466  -51.257  20.998 0.0000000000
17927  -13.019  -51.108  21.477 0.0000000000
17937  -10.876  -50.793  19.610 0.0000000000
17938  -11.356  -51.121  20.050 0.0000000000
17939  -12.056  -51.062  19.507 0.0000000000
17950  -11.055  -50.769  19.054 0.0000000000
17951  -11.615  -50.933  18.852 0.0000000000
17952  -11.942  -51.061  18.926 0.0000000000
17967  -10.963  -50.975  18.815 0.0000000000
17968  -11.156  -51.054  18.831 0.0000000000
18564  -12.884  -50.498  23.304 0.0000000000
18565  -13.116  -50.591  23.266 0.0000000000
18571  -11.421  -50.672  22.194 0.0000000000
18572  -12.431  -50.654  22.990 0.0000000000
18573  -13.221  -50.889  22.714 0.0000000000
18582  -10.826  -50.712  21.016 0.0000000000
18583  -12.925  -50.865  21.086 0.0000000000
18584  -13.322  -50.650  21.793 0.0000000000
18593  -10.701  -50.486  19.410 0.0000000000
18594  -10.713  -50.568  19.988 0.0000000000
18595  -12.596  -50.671  20.061 0.0000000000
18596  -13.046  -50.319  20.987 0.0000000000
18607  -10.733  -50.445  18.973 0.0000000000
18608  -11.626  -50.897  18.400 0.0000000000
18609  -12.022  -50.831  18.743 0.0000000000
18622  -10.923  -50.603  18.614 0.0000000000
18623  -11.282  -50.782  18.352 0.0000000000
18624  -11.545  -50.741  18.204 0.0000000000
19298  -13.005  -50.018  23.353 0.0000000000
19299  -13.464  -50.150  23.165 0.0000000000
19300  -14.552  -49.054  24.076 0.0000000000
19308  -11.628  -49.591  22.633 0.0000000000
19309  -12.374  -49.545  23.114 0.0000000000
19310  -13.703  -49.887  22.559 0.0000000000
19311  -13.914  -49.014  22.250 0.0000000000
19317  -10.932  -49.627  21.606 0.0000000000
19318  -13.510  -49.372  21.524 0.0000000000
19319  -13.860  -48.680  21.883 0.0000000000
19325  -10.580  -50.234  19.681 0.0000000000
19326  -10.588  -49.772  20.115 0.0000000000
19327  -12.400  -49.975  19.148 0.0000000000
19328  -12.837  -49.658  20.363 0.0000000000
19336  -10.576  -50.152  19.240 0.0000000000
19337  -10.651  -49.764  18.794 0.0000000000
19338  -11.733  -49.796  17.878 0.0000000000
19349  -10.685  -50.268  18.720 0.0000000000
19350  -10.952  -50.392  18.279 0.0000000000
19351  -11.307  -50.578  18.077 0.0000000000
19382  -11.897  -48.982  15.065 0.0000000000
19383  -12.115  -49.027  15.037 0.0000000000
19398  -11.939  -49.132  14.474 0.0000000000
19399  -12.458  -49.014  14.561 0.0000000000
19400  -12.901  -48.895  14.416 0.0000000000
19413  -11.923  -49.080  13.308 0.0000000000
19414  -12.546  -49.323  13.709 0.0000000000
19415  -13.065  -49.122  13.939 0.0000000000
19429  -12.077  -48.732  12.223 0.0000000000
19430  -12.660  -49.214  12.597 0.0000000000
19431  -13.263  -49.199  12.991 0.0000000000
19441  -12.162  -48.486  11.596 0.0000000000
19442  -12.739  -48.765  11.384 0.0000000000
19443  -13.427  -49.079  11.896 0.0000000000
19453  -13.225  -48.573  10.664 0.0000000000
19454  -13.481  -48.696  11.053 0.0000000000
20038  -14.402  -48.582  24.413 0.0000000000
20049  -12.812  -48.878  23.309 0.0000000000
20050  -13.649  -49.265  23.546 0.0000000000
20051  -14.409  -48.927  23.744 0.0000000000
20061  -11.290  -48.415  22.120 0.0000000000
20062  -11.993  -48.491  22.899 0.0000000000
20063  -13.865  -49.679  23.092 0.0000000000
20064  -14.329  -48.810  22.822 0.0000000000
20071  -10.892  -48.470  20.973 0.0000000000
20072  -13.704  -48.131  21.509 0.0000000000
20081  -10.769  -48.644  19.659 0.0000000000
20082  -12.571  -49.016  19.715 0.0000000000
20083  -13.118  -48.341  20.644 0.0000000000
20091  -10.794  -49.078  18.398 0.0000000000
20092  -12.250  -49.105  18.629 0.0000000000
20093  -12.637  -48.124  19.681 0.0000000000
20103  -10.808  -49.186  17.723 0.0000000000
20104  -11.793  -49.666  18.005 0.0000000000
20116  -10.824  -49.207  16.999 0.0000000000
20117  -11.558  -49.831  17.228 0.0000000000
20130  -10.867  -49.162  16.697 0.0000000000
20131  -11.296  -49.383  16.617 0.0000000000
20143  -11.872  -48.923  15.448 0.0000000000
20144  -12.389  -48.785  15.223 0.0000000000
20162  -11.573  -48.654  14.908 0.0000000000
20163  -12.830  -48.593  14.761 0.0000000000
20164  -13.260  -48.494  14.156 0.0000000000
20174  -11.456  -48.480  13.924 0.0000000000
20175  -13.518  -48.594  13.312 0.0000000000
20186  -11.540  -48.238  12.771 0.0000000000
20187  -13.934  -48.619  12.313 0.0000000000
20188  -14.355  -48.107  11.501 0.0000000000
20197  -11.725  -48.016  11.668 0.0000000000
20198  -12.240  -48.247  11.136 0.0000000000
20199  -13.983  -48.608  11.218 0.0000000000
20200  -14.438  -48.041  10.579 0.0000000000
20211  -11.980  -47.704  10.884 0.0000000000
20212  -12.719  -48.085  10.246 0.0000000000
20213  -13.839  -48.438  10.209 0.0000000000
20214  -14.428  -47.908  9.898 0.0000000000
20227  -13.573  -47.962  9.624 0.0000000000
20228  -14.172  -47.825  9.570 0.0000000000
20229  -14.460  -47.552  9.675 0.0000000000
20778  -14.884  -46.803  25.367 0.0000000000
20779  -15.266  -46.005  25.655 0.0000000000
20789  -14.690  -47.061  24.610 0.0000000000
20790  -15.183  -46.188  25.014 0.0000000000
20799  -13.151  -48.398  23.447 0.0000000000
20800  -13.477  -47.884  23.593 0.0000000000
20801  -14.077  -47.591  24.003 0.0000000000
20812  -11.770  -47.289  22.358 0.0000000000
20813  -12.610  -47.431  23.052 0.0000000000
20814  -13.116  -46.874  23.230 0.0000000000
20826  -11.366  -47.293  21.566 0.0000000000
20839  -11.142  -47.330  20.522 0.0000000000
20847  -10.976  -47.554  19.370 0.0000000000
20848  -12.299  -48.884  18.210 0.0000000000
20849  -12.584  -47.663  18.804 0.0000000000
20855  -10.934  -47.815  18.359 0.0000000000
20856  -12.270  -48.918  17.773 0.0000000000
20857  -12.589  -47.589  17.728 0.0000000000
20866  -10.847  -48.075  17.494 0.0000000000
20867  -12.295  -49.022  16.955 0.0000000000
20868  -12.554  -47.689  16.882 0.0000000000
20881  -10.899  -48.465  16.591 0.0000000000
20882  -12.048  -48.895  16.102 0.0000000000
20883  -12.531  -47.765  16.348 0.0000000000
20895  -11.169  -48.100  15.593 0.0000000000
20896  -12.476  -48.169  15.778 0.0000000000
20897  -12.644  -47.226  16.116 0.0000000000
20916  -11.244  -47.646  14.478 0.0000000000
20917  -12.796  -48.109  15.222 0.0000000000
20918  -13.201  -47.780  14.590 0.0000000000
20931  -11.353  -47.366  13.325 0.0000000000
20932  -13.661  -47.490  13.543 0.0000000000
20933  -14.030  -46.792  13.056 0.0000000000
20943  -11.484  -47.166  12.172 0.0000000000
20944  -13.787  -48.068  12.853 0.0000000000
20945  -14.174  -47.384  12.360 0.0000000000
20957  -11.567  -47.021  11.166 0.0000000000
20958  -14.506  -47.235  11.122 0.0000000000
20969  -11.930  -47.024  10.377 0.0000000000
20970  -12.531  -47.060  9.850 0.0000000000
20971  -14.748  -47.180  9.950 0.0000000000
20987  -13.175  -47.451  9.618 0.0000000000
20988  -13.860  -47.329  9.324 0.0000000000
20989  -14.420  -47.159  9.437 0.0000000000
21488  -15.512  -45.159  25.917 0.0000000000
21505  -14.913  -45.677  24.488 0.0000000000
21506  -15.333  -45.265  25.125 0.0000000000
21518  -13.603  -46.316  23.372 0.0000000000
21519  -14.390  -46.103  23.894 0.0000000000
21537  -11.631  -46.558  21.914 0.0000000000
21538  -12.016  -45.929  22.252 0.0000000000
21539  -12.846  -46.006  22.831 0.0000000000
21557  -11.524  -46.060  21.287 0.0000000000
21558  -11.735  -45.201  21.669 0.0000000000
21577  -11.261  -46.287  20.195 0.0000000000
21596  -11.076  -46.412  19.190 0.0000000000
21610  -10.901  -46.588  18.203 0.0000000000
21611  -13.358  -46.441  18.432 0.0000000000
21623  -10.868  -46.806  17.242 0.0000000000
21624  -13.409  -46.345  17.456 0.0000000000
21625  -13.907  -45.561  18.172 0.0000000000
21635  -11.058  -46.851  16.347 0.0000000000
21636  -13.079  -46.666  16.565 0.0000000000
21650  -11.201  -46.735  15.741 0.0000000000
21651  -12.734  -47.546  15.431 0.0000000000
21652  -13.067  -46.537  15.575 0.0000000000
21673  -11.329  -46.521  15.031 0.0000000000
21674  -12.912  -47.264  15.039 0.0000000000
21675  -13.393  -46.552  14.414 0.0000000000
21691  -11.491  -46.236  13.867 0.0000000000
21692  -13.841  -46.220  13.504 0.0000000000
21693  -14.269  -46.172  12.738 0.0000000000
21705  -11.610  -46.119  12.656 0.0000000000
21706  -14.539  -46.337  11.808 0.0000000000
21721  -11.486  -46.063  11.522 0.0000000000
21722  -14.730  -46.153  10.777 0.0000000000
21723  -15.069  -45.637  10.248 0.0000000000
21735  -11.384  -46.081  10.577 0.0000000000
21736  -11.919  -46.066  9.911 0.0000000000
21737  -15.071  -46.197  9.709 0.0000000000
21738  -15.266  -45.740  9.669 0.0000000000
21756  -13.187  -46.485  9.542 0.0000000000
21757  -14.314  -46.624  8.952 0.0000000000
21758  -14.950  -46.565  9.140 0.0000000000
22199  -15.634  -44.232  26.425 0.0000000000
22200  -16.039  -43.654  25.765 0.0000000000
22212  -15.745  -44.129  25.279 0.0000000000
22213  -15.960  -43.701  25.436 0.0000000000
22230  -14.593  -45.065  23.983 0.0000000000
22231  -15.095  -44.517  24.392 0.0000000000
22247  -13.144  -44.975  23.007 0.0000000000
22248  -13.965  -44.904  23.480 0.0000000000
22249  -14.525  -44.352  23.787 0.0000000000
22266  -12.023  -44.747  21.980 0.0000000000
22267  -12.496  -44.910  22.495 0.0000000000
22281  -11.614  -45.142  21.185 0.0000000000
22282  -11.845  -44.644  21.344 0.0000000000
22299  -11.484  -45.450  20.702 0.0000000000
22300  -11.651  -44.821  20.690 0.0000000000
22318  -11.416  -45.384  19.976 0.0000000000
22319  -11.689  -44.562  19.957 0.0000000000
22333  -11.366  -45.238  19.007 0.0000000000
22334  -11.709  -44.239  19.249 0.0000000000
22349  -11.117  -45.408  17.940 0.0000000000
22350  -13.680  -45.825  16.960 0.0000000000
22351  -14.291  -44.832  17.369 0.0000000000
22363  -11.042  -45.437  16.927 0.0000000000
22364  -13.695  -45.557  16.390 0.0000000000
22365  -14.176  -44.557  16.149 0.0000000000
22380  -11.240  -45.442  15.783 0.0000000000
22381  -13.759  -45.227  15.607 0.0000000000
22382  -14.187  -44.503  15.172 0.0000000000
22399  -11.491  -44.830  14.430 0.0000000000
22400  -13.755  -45.346  14.655 0.0000000000
22401  -14.338  -44.603  14.379 0.0000000000
22417  -11.586  -44.908  13.115 0.0000000000
22418  -13.754  -45.693  13.987 0.0000000000
22419  -14.392  -45.073  13.451 0.0000000000
22420  -14.938  -44.538  12.982 0.0000000000
22433  -11.479  -44.980  11.928 0.0000000000
22434  -14.726  -45.529  12.267 0.0000000000
22435  -14.944  -44.879  12.509 0.0000000000
22450  -11.151  -45.090  10.900 0.0000000000
22451  -14.772  -45.740  11.564 0.0000000000
22452  -15.111  -45.187  11.352 0.0000000000
22471  -11.207  -45.154  9.953 0.0000000000
22472  -11.678  -45.458  9.835 0.0000000000
22473  -15.417  -45.941  9.130 0.0000000000
22474  -15.297  -45.202  9.896 0.0000000000
22491  -11.413  -44.621  9.716 0.0000000000
22492  -12.211  -45.201  9.707 0.0000000000
22493  -13.857  -45.628  9.051 0.0000000000
22494  -15.042  -46.123  8.315 0.0000000000
22495  -15.607  -45.419  8.667 0.0000000000
22930  -15.926  -43.252  26.357 0.0000000000
22931  -16.193  -43.075  25.781 0.0000000000
22939  -15.821  -43.580  24.902 0.0000000000
22940  -16.047  -43.345  25.240 0.0000000000
22955  -15.483  -43.576  24.426 0.0000000000
22956  -15.843  -43.248  24.710 0.0000000000
22970  -13.484  -44.172  23.059 0.0000000000
22971  -14.152  -43.786  23.347 0.0000000000
22972  -14.846  -43.716  23.823 0.0000000000
22981  -12.438  -44.285  22.103 0.0000000000
22982  -12.962  -44.108  22.492 0.0000000000
22983  -13.649  -43.546  22.636 0.0000000000
22994  -12.257  -44.205  21.521 0.0000000000
22995  -12.750  -43.857  21.804 0.0000000000
22996  -13.252  -43.559  22.079 0.0000000000
23007  -11.996  -44.242  20.765 0.0000000000
23008  -12.646  -43.769  20.919 0.0000000000
23022  -12.157  -43.922  19.935 0.0000000000
23023  -12.833  -43.463  19.900 0.0000000000
23039  -11.529  -44.462  18.531 0.0000000000
23040  -12.209  -43.531  18.728 0.0000000000
23041  -12.966  -43.174  19.226 0.0000000000
23057  -11.508  -44.313  17.695 0.0000000000
23058  -11.977  -43.322  17.418 0.0000000000
23059  -14.889  -43.989  17.192 0.0000000000
23075  -11.582  -44.174  16.587 0.0000000000
23076  -11.954  -42.994  16.323 0.0000000000
23077  -14.749  -43.909  16.597 0.0000000000
23078  -15.322  -43.390  15.995 0.0000000000
23095  -11.744  -43.749  15.333 0.0000000000
23096  -12.105  -42.604  15.311 0.0000000000
23097  -14.658  -43.845  15.603 0.0000000000
23098  -15.216  -43.409  15.015 0.0000000000
23115  -11.637  -43.554  14.318 0.0000000000
23116  -11.886  -42.846  14.490 0.0000000000
23117  -14.737  -43.994  14.562 0.0000000000
23118  -15.288  -43.580  14.172 0.0000000000
23136  -11.493  -43.647  13.425 0.0000000000
23137  -11.689  -42.976  13.836 0.0000000000
23138  -14.636  -44.404  13.998 0.0000000000
23139  -15.050  -44.161  13.566 0.0000000000
23159  -11.403  -43.890  12.323 0.0000000000
23160  -15.391  -44.302  12.390 0.0000000000
23181  -11.190  -44.029  11.245 0.0000000000
23182  -15.499  -44.366  10.935 0.0000000000
23205  -11.018  -44.268  10.414 0.0000000000
23206  -15.601  -44.578  9.509 0.0000000000
23222  -10.993  -44.086  9.801 0.0000000000
23223  -11.647  -44.090  9.528 0.0000000000
23224  -13.051  -44.338  9.437 0.0000000000
23225  -14.541  -44.937  8.213 0.0000000000
23226  -15.836  -44.977  8.161 0.0000000000
23239  -15.060  -44.639  7.584 0.0000000000
23702  -16.092  -42.478  26.110 0.0000000000
23711  -16.157  -42.527  25.374 0.0000000000
23722  -15.666  -42.979  24.330 0.0000000000
23723  -16.000  -42.728  24.729 0.0000000000
23738  -14.633  -43.318  23.428 0.0000000000
23739  -15.176  -42.898  23.687 0.0000000000
23754  -14.385  -42.978  22.933 0.0000000000
23755  -14.896  -42.294  23.093 0.0000000000
23769  -13.192  -43.500  21.514 0.0000000000
23770  -13.860  -42.952  21.866 0.0000000000
23781  -13.384  -43.246  20.799 0.0000000000
23782  -14.072  -42.589  20.741 0.0000000000
23789  -13.508  -42.977  19.789 0.0000000000
23790  -14.229  -42.336  19.612 0.0000000000
23800  -12.477  -42.955  17.953 0.0000000000
23801  -13.305  -42.709  18.504 0.0000000000
23802  -14.371  -41.896  18.496 0.0000000000
23812  -12.669  -42.526  17.121 0.0000000000
23813  -13.790  -41.857  17.282 0.0000000000
23814  -14.453  -41.489  17.812 0.0000000000
23826  -12.474  -42.259  16.007 0.0000000000
23827  -13.092  -41.912  16.294 0.0000000000
23842  -12.630  -41.952  15.157 0.0000000000
23843  -12.833  -41.910  15.712 0.0000000000
23844  -15.761  -42.969  15.298 0.0000000000
23856  -12.266  -42.160  14.439 0.0000000000
23857  -15.682  -43.069  14.371 0.0000000000
23872  -11.626  -42.790  13.253 0.0000000000
23873  -11.936  -42.320  13.615 0.0000000000
23874  -15.709  -43.443  13.266 0.0000000000
23892  -11.478  -42.976  12.582 0.0000000000
23893  -11.753  -42.325  12.719 0.0000000000
23894  -15.865  -43.587  11.860 0.0000000000
23909  -11.322  -43.072  11.645 0.0000000000
23910  -11.545  -42.459  12.041 0.0000000000
23911  -15.766  -43.706  10.456 0.0000000000
23929  -10.802  -42.684  10.081 0.0000000000
23930  -11.022  -43.032  10.400 0.0000000000
23931  -15.817  -44.064  9.174 0.0000000000
23948  -10.768  -42.697  9.837 0.0000000000
23949  -10.893  -43.171  9.403 0.0000000000
23950  -11.883  -43.113  9.198 0.0000000000
23951  -13.535  -43.490  9.073 0.0000000000
23952  -14.579  -44.009  8.245 0.0000000000
23964  -10.940  -42.887  8.783 0.0000000000
24482  -16.093  -41.694  25.723 0.0000000000
24489  -15.714  -42.447  24.189 0.0000000000
24490  -16.107  -41.746  24.658 0.0000000000
24500  -15.534  -41.896  23.634 0.0000000000
24501  -15.978  -41.197  23.919 0.0000000000
24516  -14.540  -42.346  22.451 0.0000000000
24517  -15.110  -41.612  22.664 0.0000000000
24533  -14.530  -42.044  21.689 0.0000000000
24534  -15.096  -41.183  21.692 0.0000000000
24550  -14.651  -41.748  20.668 0.0000000000
24551  -15.134  -40.870  20.674 0.0000000000
24563  -14.756  -41.385  19.589 0.0000000000
24564  -15.230  -40.555  19.684 0.0000000000
24574  -14.946  -40.813  18.397 0.0000000000
24575  -15.335  -40.267  19.083 0.0000000000
24585  -14.112  -41.424  16.719 0.0000000000
24586  -14.534  -41.140  17.149 0.0000000000
24595  -13.771  -41.491  16.219 0.0000000000
24596  -14.378  -41.126  16.216 0.0000000000
24606  -13.012  -41.711  14.817 0.0000000000
24607  -13.325  -41.607  15.324 0.0000000000
24608  -14.140  -41.183  15.378 0.0000000000
24620  -12.795  -41.725  14.340 0.0000000000
24621  -13.319  -41.454  14.405 0.0000000000
24622  -13.908  -41.161  14.512 0.0000000000
24638  -12.483  -41.755  13.601 0.0000000000
24639  -13.181  -41.336  13.534 0.0000000000
24640  -13.680  -41.083  13.855 0.0000000000
24659  -12.169  -41.820  12.809 0.0000000000
24660  -12.769  -41.423  12.749 0.0000000000
24680  -11.271  -42.254  11.318 0.0000000000
24681  -11.819  -41.834  11.942 0.0000000000
24682  -12.392  -41.505  12.141 0.0000000000
24705  -10.743  -42.378  10.052 0.0000000000
24706  -10.917  -41.947  10.585 0.0000000000
24725  -10.544  -42.287  9.475 0.0000000000
24726  -10.586  -42.601  8.893 0.0000000000
25271  -16.001  -40.640  25.472 0.0000000000
25277  -16.152  -40.653  24.498 0.0000000000
25286  -15.676  -41.148  23.312 0.0000000000
25287  -16.023  -40.485  23.641 0.0000000000
25300  -15.690  -40.620  22.732 0.0000000000
25301  -16.005  -40.042  23.244 0.0000000000
25318  -15.585  -40.267  21.750 0.0000000000
25333  -15.551  -39.985  20.704 0.0000000000
25362  -15.223  -40.192  17.933 0.0000000000
25373  -14.986  -40.361  17.314 0.0000000000
25383  -14.796  -40.503  16.382 0.0000000000
25416  -13.741  -40.883  13.198 0.0000000000
25433  -13.410  -40.976  12.557 0.0000000000
25452  -11.386  -41.452  11.116 0.0000000000
25453  -12.109  -41.152  11.483 0.0000000000
25454  -12.885  -41.112  11.855 0.0000000000
25474  -10.582  -41.773  10.049 0.0000000000
25475  -10.748  -41.066  10.480 0.0000000000
25476  -11.576  -40.690  10.826 0.0000000000
25477  -12.616  -40.469  11.013 0.0000000000
26087  -15.992  -39.923  25.054 0.0000000000
26092  -15.567  -39.173  25.134 0.0000000000
26093  -16.067  -39.859  24.356 0.0000000000
26100  -15.674  -39.158  24.323 0.0000000000
26101  -16.000  -39.814  23.635 0.0000000000
26111  -15.788  -39.475  23.090 0.0000000000
26112  -15.948  -39.796  23.316 0.0000000000
26125  -15.696  -39.163  21.820 0.0000000000
