#!ascii label  , from subject FREESURFER vox2ras=TkReg 
350
49117  -35.353  -11.417  43.480 0.0000000000
49118  -35.967  -11.372  43.779 0.0000000000
49119  -36.726  -11.343  43.894 0.0000000000
49120  -36.973  -11.467  43.885 0.0000000000
49123  -35.322  -11.502  42.742 0.0000000000
49124  -35.960  -11.653  43.084 0.0000000000
49125  -36.704  -11.612  43.296 0.0000000000
49126  -37.402  -11.366  43.520 0.0000000000
49127  -38.116  -11.164  43.369 0.0000000000
49131  -35.442  -11.443  42.128 0.0000000000
49132  -35.943  -11.552  42.275 0.0000000000
49133  -36.636  -11.636  42.450 0.0000000000
49134  -37.543  -11.573  42.345 0.0000000000
49135  -38.368  -11.289  42.590 0.0000000000
49139  -38.104  -11.466  41.668 0.0000000000
49140  -38.241  -11.447  41.963 0.0000000000
49968  -34.974  -10.994  44.009 0.0000000000
49969  -36.036  -10.912  44.152 0.0000000000
49970  -36.923  -11.229  43.995 0.0000000000
49971  -37.126  -11.307  43.840 0.0000000000
49976  -33.714  -10.966  42.886 0.0000000000
49977  -34.614  -11.290  43.279 0.0000000000
49978  -36.277  -10.422  43.771 0.0000000000
49979  -36.885  -10.671  43.947 0.0000000000
49980  -37.725  -10.963  43.850 0.0000000000
49981  -38.913  -10.729  43.200 0.0000000000
49982  -39.564  -10.294  43.015 0.0000000000
49986  -32.780  -10.389  41.173 0.0000000000
49987  -33.630  -10.799  41.517 0.0000000000
49988  -34.781  -11.257  41.909 0.0000000000
49989  -35.806  -11.353  41.526 0.0000000000
49990  -36.615  -11.481  41.642 0.0000000000
49991  -37.111  -11.573  41.887 0.0000000000
49992  -39.261  -10.915  42.114 0.0000000000
49993  -39.692  -10.387  42.337 0.0000000000
49996  -32.754  -10.197  40.475 0.0000000000
49997  -33.388  -10.382  40.127 0.0000000000
49998  -34.500  -10.765  40.421 0.0000000000
49999  -35.572  -11.010  40.575 0.0000000000
50000  -36.592  -11.198  40.674 0.0000000000
50001  -37.656  -11.389  41.115 0.0000000000
50002  -38.904  -11.247  41.253 0.0000000000
50003  -40.131  -10.502  41.100 0.0000000000
50004  -40.527  -10.000  40.444 0.0000000000
50009  -33.599  -10.164  39.277 0.0000000000
50010  -34.333  -10.304  39.026 0.0000000000
50011  -35.380  -10.666  39.373 0.0000000000
50012  -36.416  -10.862  39.573 0.0000000000
50013  -37.522  -10.967  39.754 0.0000000000
50014  -38.734  -10.998  39.877 0.0000000000
50015  -40.087  -10.587  39.750 0.0000000000
50016  -40.429  -10.245  40.195 0.0000000000
50024  -34.649  -10.211  38.231 0.0000000000
50025  -35.267  -10.414  38.191 0.0000000000
50026  -36.196  -10.680  38.515 0.0000000000
50027  -37.246  -10.761  38.642 0.0000000000
50028  -38.418  -10.787  38.713 0.0000000000
50029  -39.450  -10.567  38.862 0.0000000000
50037  -35.572  -10.398  37.602 0.0000000000
50038  -36.028  -10.547  37.711 0.0000000000
50039  -36.887  -10.697  37.725 0.0000000000
50040  -38.005  -10.842  37.667 0.0000000000
50041  -39.367  -10.470  37.598 0.0000000000
50048  -36.469  -10.536  37.062 0.0000000000
50049  -37.407  -10.743  36.840 0.0000000000
50050  -38.609  -10.834  36.568 0.0000000000
50051  -39.722  -10.313  36.193 0.0000000000
50058  -36.760  -10.518  36.238 0.0000000000
50059  -37.763  -10.732  35.840 0.0000000000
50060  -38.970  -10.630  35.342 0.0000000000
50061  -39.870  -10.096  35.292 0.0000000000
50069  -36.963  -10.453  35.309 0.0000000000
50070  -37.912  -10.525  34.831 0.0000000000
50071  -38.765  -10.312  34.300 0.0000000000
50080  -37.095  -10.377  34.361 0.0000000000
50964  -38.858  -9.519  44.350 0.0000000000
50965  -39.145  -9.452  44.313 0.0000000000
50966  -39.603  -9.203  44.187 0.0000000000
50978  -37.642  -10.016  43.797 0.0000000000
50979  -38.627  -9.968  44.047 0.0000000000
50980  -39.496  -9.919  43.654 0.0000000000
50981  -40.125  -9.091  43.417 0.0000000000
50993  -39.992  -9.882  42.758 0.0000000000
50994  -40.499  -9.214  42.194 0.0000000000
51002  -32.192  -9.910  40.623 0.0000000000
51003  -32.679  -10.037  39.990 0.0000000000
51006  -40.246  -9.942  41.856 0.0000000000
51007  -40.641  -9.485  40.978 0.0000000000
51015  -31.539  -9.543  40.183 0.0000000000
51016  -32.113  -9.616  39.546 0.0000000000
51017  -33.019  -9.901  39.236 0.0000000000
51018  -33.677  -9.971  38.747 0.0000000000
51019  -40.377  -9.921  39.272 0.0000000000
51020  -40.467  -9.527  39.632 0.0000000000
51028  -32.461  -9.401  38.659 0.0000000000
51029  -33.253  -9.556  38.355 0.0000000000
51030  -34.181  -9.834  37.868 0.0000000000
51031  -34.813  -10.192  37.882 0.0000000000
51032  -40.159  -9.491  38.534 0.0000000000
51033  -40.373  -9.080  38.914 0.0000000000
51043  -34.488  -9.718  36.656 0.0000000000
51044  -35.171  -10.179  37.285 0.0000000000
51045  -35.831  -10.401  37.255 0.0000000000
51046  -40.245  -9.277  36.783 0.0000000000
51047  -40.649  -8.742  36.226 0.0000000000
51057  -34.691  -9.661  35.673 0.0000000000
51058  -35.312  -9.993  36.225 0.0000000000
51059  -35.932  -10.323  36.636 0.0000000000
51060  -40.377  -9.569  35.584 0.0000000000
51061  -40.774  -8.975  35.665 0.0000000000
51071  -34.845  -9.714  34.803 0.0000000000
51072  -35.458  -9.951  35.288 0.0000000000
51073  -36.092  -10.267  35.756 0.0000000000
51074  -39.616  -10.025  34.599 0.0000000000
51075  -40.376  -9.643  34.770 0.0000000000
51076  -40.937  -9.228  34.892 0.0000000000
51084  -34.216  -9.570  33.698 0.0000000000
51085  -34.893  -9.858  33.990 0.0000000000
51086  -35.563  -10.020  34.389 0.0000000000
51087  -36.240  -10.222  34.837 0.0000000000
51089  -40.198  -9.527  34.090 0.0000000000
51090  -40.856  -9.352  34.217 0.0000000000
51098  -34.132  -9.537  32.858 0.0000000000
51099  -34.904  -9.920  33.143 0.0000000000
51100  -35.662  -10.141  33.494 0.0000000000
51101  -36.376  -10.243  33.911 0.0000000000
52047  -38.936  -8.276  45.079 0.0000000000
52048  -39.180  -8.307  45.112 0.0000000000
52049  -39.549  -8.288  45.101 0.0000000000
52059  -38.020  -8.492  44.047 0.0000000000
52060  -38.658  -8.754  44.511 0.0000000000
52061  -39.410  -8.849  44.730 0.0000000000
52062  -40.000  -8.539  44.522 0.0000000000
52073  -37.531  -8.692  43.426 0.0000000000
52074  -38.148  -9.453  44.032 0.0000000000
52075  -40.465  -8.259  43.670 0.0000000000
52088  -40.706  -8.333  42.696 0.0000000000
52095  -30.941  -9.293  40.287 0.0000000000
52100  -40.923  -8.431  41.540 0.0000000000
52106  -30.367  -8.868  39.814 0.0000000000
52107  -31.175  -9.157  39.380 0.0000000000
52108  -31.769  -9.209  38.818 0.0000000000
52109  -40.720  -8.480  40.197 0.0000000000
52114  -29.734  -8.455  39.325 0.0000000000
52115  -30.333  -8.612  38.706 0.0000000000
52116  -31.177  -8.860  38.394 0.0000000000
52117  -31.925  -8.948  38.120 0.0000000000
52118  -32.687  -9.085  37.878 0.0000000000
52119  -33.342  -9.348  37.617 0.0000000000
52120  -40.289  -8.772  38.264 0.0000000000
52121  -40.464  -8.472  38.513 0.0000000000
52130  -30.564  -8.574  37.790 0.0000000000
52131  -31.284  -8.696  37.552 0.0000000000
52132  -32.035  -8.835  37.268 0.0000000000
52133  -32.820  -9.061  37.028 0.0000000000
52134  -33.619  -9.409  36.876 0.0000000000
52135  -40.280  -8.751  37.774 0.0000000000
52136  -40.510  -8.405  36.863 0.0000000000
52146  -30.691  -8.514  37.086 0.0000000000
52147  -31.281  -8.590  36.620 0.0000000000
52148  -32.121  -8.846  36.354 0.0000000000
52149  -32.949  -9.148  36.101 0.0000000000
52150  -33.860  -9.387  35.931 0.0000000000
52151  -40.794  -8.472  35.759 0.0000000000
52164  -31.524  -8.607  35.853 0.0000000000
52165  -32.090  -8.825  35.227 0.0000000000
52166  -33.204  -9.217  35.139 0.0000000000
52167  -34.098  -9.467  35.055 0.0000000000
52168  -41.073  -8.728  34.987 0.0000000000
52180  -32.694  -8.844  34.154 0.0000000000
52181  -33.654  -9.321  34.324 0.0000000000
52182  -34.333  -9.582  34.382 0.0000000000
52184  -41.249  -8.965  34.273 0.0000000000
52195  -32.743  -8.630  33.094 0.0000000000
52196  -33.478  -9.136  33.459 0.0000000000
52210  -32.748  -8.581  32.223 0.0000000000
52211  -33.415  -9.040  32.568 0.0000000000
53118  -39.004  -7.440  45.734 0.0000000000
53119  -39.329  -7.392  45.666 0.0000000000
53120  -39.576  -7.310  45.604 0.0000000000
53128  -38.854  -7.761  45.405 0.0000000000
53129  -39.293  -7.816  45.449 0.0000000000
53130  -39.861  -7.709  45.312 0.0000000000
53141  -37.943  -7.851  44.108 0.0000000000
53142  -38.366  -7.627  44.951 0.0000000000
53143  -40.472  -7.685  44.359 0.0000000000
53154  -40.836  -7.509  43.284 0.0000000000
53167  -41.164  -7.496  42.217 0.0000000000
53181  -41.027  -7.520  41.013 0.0000000000
53190  -28.984  -8.108  39.494 0.0000000000
53195  -40.672  -7.478  39.502 0.0000000000
53203  -28.334  -7.854  38.627 0.0000000000
53204  -29.295  -8.219  38.417 0.0000000000
53205  -29.889  -8.411  37.874 0.0000000000
53206  -40.512  -7.618  38.281 0.0000000000
53217  -28.484  -7.940  37.657 0.0000000000
53218  -29.269  -8.180  37.370 0.0000000000
53219  -30.022  -8.363  37.153 0.0000000000
53220  -40.250  -7.193  36.836 0.0000000000
53221  -40.452  -7.648  37.238 0.0000000000
53233  -28.578  -7.815  36.677 0.0000000000
53234  -29.453  -8.064  36.514 0.0000000000
53235  -30.349  -8.264  36.328 0.0000000000
53236  -30.958  -8.370  35.884 0.0000000000
53237  -40.360  -7.311  36.313 0.0000000000
53238  -40.740  -7.859  36.088 0.0000000000
53249  -28.962  -7.749  35.982 0.0000000000
53250  -29.646  -7.811  35.619 0.0000000000
53251  -30.460  -8.048  35.444 0.0000000000
53252  -31.170  -8.383  35.185 0.0000000000
53253  -31.522  -8.513  34.778 0.0000000000
53254  -39.381  -6.861  35.152 0.0000000000
53255  -40.145  -7.295  35.351 0.0000000000
53256  -40.895  -8.107  35.110 0.0000000000
53264  -30.022  -7.702  34.923 0.0000000000
53265  -30.584  -7.974  34.717 0.0000000000
53266  -31.125  -8.249  34.444 0.0000000000
53267  -31.764  -8.485  34.305 0.0000000000
53272  -41.024  -8.468  34.442 0.0000000000
53283  -30.141  -7.741  34.353 0.0000000000
53284  -30.565  -7.918  33.978 0.0000000000
53285  -31.203  -8.193  33.754 0.0000000000
53286  -31.939  -8.378  33.482 0.0000000000
53305  -30.702  -8.016  33.406 0.0000000000
53306  -31.161  -8.134  32.941 0.0000000000
53307  -31.988  -8.345  32.603 0.0000000000
53328  -30.521  -7.669  31.553 0.0000000000
53329  -31.249  -8.117  31.973 0.0000000000
53330  -32.112  -8.390  31.890 0.0000000000
53352  -31.134  -7.913  30.933 0.0000000000
54290  -39.092  -7.072  45.940 0.0000000000
54291  -39.390  -7.072  45.791 0.0000000000
54292  -39.875  -7.062  45.557 0.0000000000
54302  -38.820  -7.121  45.871 0.0000000000
54303  -40.371  -7.032  45.022 0.0000000000
54318  -37.964  -7.014  44.792 0.0000000000
54319  -38.305  -6.822  45.615 0.0000000000
54320  -40.900  -6.772  44.042 0.0000000000
54338  -41.293  -6.545  42.965 0.0000000000
54356  -41.263  -6.469  41.903 0.0000000000
54373  -40.728  -6.491  40.691 0.0000000000
54389  -39.810  -5.980  39.218 0.0000000000
54390  -40.290  -6.385  39.454 0.0000000000
54399  -38.028  -5.469  37.988 0.0000000000
54400  -38.615  -5.738  38.161 0.0000000000
54401  -39.638  -6.166  38.496 0.0000000000
54402  -40.438  -6.961  38.449 0.0000000000
54413  -38.020  -5.753  37.536 0.0000000000
54414  -38.902  -6.183  37.509 0.0000000000
54415  -40.023  -6.805  37.405 0.0000000000
54416  -40.435  -7.309  37.825 0.0000000000
54429  -28.372  -7.565  35.881 0.0000000000
54430  -38.093  -6.120  36.842 0.0000000000
54431  -39.045  -6.545  36.659 0.0000000000
54432  -39.916  -6.921  36.483 0.0000000000
54444  -28.819  -7.516  35.203 0.0000000000
54445  -29.471  -7.571  34.913 0.0000000000
54448  -38.025  -6.297  35.856 0.0000000000
54449  -39.351  -6.787  35.800 0.0000000000
54450  -40.036  -7.018  35.969 0.0000000000
54462  -28.287  -7.389  34.362 0.0000000000
54463  -29.151  -7.511  34.359 0.0000000000
54464  -29.715  -7.618  34.450 0.0000000000
54481  -28.843  -7.454  33.532 0.0000000000
54482  -29.816  -7.667  33.723 0.0000000000
54483  -30.344  -7.863  33.493 0.0000000000
54496  -29.465  -7.545  32.781 0.0000000000
54497  -30.339  -7.853  32.889 0.0000000000
54498  -30.800  -8.028  32.495 0.0000000000
54518  -30.007  -7.585  32.120 0.0000000000
54519  -30.557  -7.876  32.198 0.0000000000
55419  -39.193  -6.840  45.938 0.0000000000
55420  -39.506  -6.699  45.793 0.0000000000
55421  -40.052  -6.608  45.469 0.0000000000
55431  -38.969  -6.446  46.018 0.0000000000
55432  -39.785  -6.067  45.655 0.0000000000
55433  -40.597  -6.111  44.850 0.0000000000
55443  -38.305  -5.600  45.782 0.0000000000
55444  -41.352  -5.645  43.803 0.0000000000
55445  -41.788  -4.790  43.344 0.0000000000
55455  -41.572  -5.304  42.742 0.0000000000
55456  -42.032  -4.436  42.935 0.0000000000
55464  -40.698  -4.889  41.565 0.0000000000
55465  -40.975  -5.228  41.788 0.0000000000
55473  -40.405  -5.048  41.092 0.0000000000
55474  -40.471  -5.695  40.731 0.0000000000
55485  -38.326  -5.064  38.944 0.0000000000
55486  -38.661  -5.130  39.198 0.0000000000
55487  -39.676  -5.438  39.885 0.0000000000
55488  -40.362  -6.032  40.171 0.0000000000
55499  -38.215  -5.195  38.558 0.0000000000
55500  -39.010  -5.639  38.926 0.0000000000
55501  -39.533  -5.836  39.121 0.0000000000
55509  -37.211  -4.815  37.217 0.0000000000
55510  -37.507  -5.032  37.623 0.0000000000
55517  -37.054  -4.977  36.878 0.0000000000
55518  -37.446  -5.565  36.888 0.0000000000
55527  -37.552  -5.889  36.391 0.0000000000
56482  -39.258  -5.343  45.833 0.0000000000
56483  -40.322  -5.293  45.134 0.0000000000
56484  -40.962  -5.387  44.509 0.0000000000
56492  -39.865  -4.441  45.223 0.0000000000
56493  -41.288  -4.594  44.233 0.0000000000
56494  -42.122  -4.151  43.284 0.0000000000
56503  -41.876  -4.186  42.589 0.0000000000
56504  -42.301  -4.061  42.883 0.0000000000
56513  -40.750  -4.297  41.624 0.0000000000
56514  -41.401  -4.282  42.135 0.0000000000
56522  -39.430  -4.014  40.426 0.0000000000
56523  -39.896  -4.512  40.761 0.0000000000
56531  -38.304  -4.761  38.989 0.0000000000
56532  -38.813  -4.426  39.693 0.0000000000
56533  -39.403  -4.631  40.215 0.0000000000
56542  -37.936  -4.322  38.320 0.0000000000
56543  -38.326  -4.254  39.010 0.0000000000
56553  -37.208  -4.396  37.108 0.0000000000
56554  -37.519  -4.377  37.631 0.0000000000
56563  -36.838  -4.462  36.230 0.0000000000
57484  -40.650  -3.623  44.397 0.0000000000
57485  -41.811  -3.650  43.611 0.0000000000
57494  -42.162  -3.706  42.556 0.0000000000
57495  -42.376  -3.547  42.903 0.0000000000
57504  -41.053  -3.482  41.592 0.0000000000
57505  -41.889  -3.481  42.146 0.0000000000
57506  -42.261  -2.854  42.714 0.0000000000
57516  -39.586  -3.618  40.486 0.0000000000
57517  -40.171  -3.423  40.909 0.0000000000
57525  -39.310  -3.415  40.090 0.0000000000
57526  -39.886  -2.633  40.360 0.0000000000
57536  -38.068  -3.669  38.165 0.0000000000
57537  -38.572  -3.514  38.919 0.0000000000
57547  -37.259  -3.957  37.076 0.0000000000
57548  -37.605  -3.708  37.443 0.0000000000
57559  -37.157  -3.781  36.609 0.0000000000
57560  -37.536  -3.155  36.710 0.0000000000
58465  -41.483  -2.963  43.741 0.0000000000
58466  -42.112  -3.206  43.356 0.0000000000
58479  -41.323  -1.999  43.540 0.0000000000
58480  -42.120  -2.794  43.222 0.0000000000
58490  -41.329  -2.759  41.555 0.0000000000
58491  -42.011  -2.140  42.409 0.0000000000
58492  -42.107  -2.402  42.992 0.0000000000
58502  -40.745  -2.140  40.937 0.0000000000
58503  -41.587  -1.870  41.626 0.0000000000
58512  -39.459  -2.420  39.487 0.0000000000
58521  -38.321  -3.135  37.958 0.0000000000
58522  -38.924  -2.581  38.459 0.0000000000
58530  -38.042  -2.673  37.180 0.0000000000
58541  -37.339  -3.118  35.920 0.0000000000
59396  -41.420  -1.029  42.894 0.0000000000
