#!ascii label  , from subject FREESURFER vox2ras=TkReg 
348
85283  -29.740  32.862  -7.168 0.0000000000
85296  -29.511  33.405  -7.214 0.0000000000
85297  -30.236  33.383  -7.321 0.0000000000
85790  -28.829  33.672  -7.222 0.0000000000
85791  -29.186  33.574  -7.204 0.0000000000
85798  -27.629  34.439  -7.494 0.0000000000
85799  -28.375  34.294  -7.323 0.0000000000
85800  -29.412  34.179  -7.261 0.0000000000
85801  -30.521  34.397  -7.496 0.0000000000
86331  -26.711  35.355  -7.916 0.0000000000
86332  -27.262  35.303  -7.593 0.0000000000
86333  -27.967  35.306  -7.388 0.0000000000
86334  -28.851  35.286  -7.318 0.0000000000
86335  -29.849  35.319  -7.436 0.0000000000
86336  -30.809  35.384  -7.776 0.0000000000
86843  -26.950  36.020  -7.707 0.0000000000
86844  -27.537  36.159  -7.540 0.0000000000
86845  -28.339  36.235  -7.431 0.0000000000
86846  -29.270  36.245  -7.469 0.0000000000
86847  -30.233  36.278  -7.703 0.0000000000
86848  -31.071  36.253  -8.014 0.0000000000
86855  -26.130  36.240  -8.850 0.0000000000
86856  -26.553  36.386  -8.241 0.0000000000
86866  -25.827  36.462  -9.536 0.0000000000
87355  -27.115  36.779  -7.824 0.0000000000
87356  -27.828  37.167  -7.714 0.0000000000
87357  -28.740  37.078  -7.600 0.0000000000
87358  -29.678  37.103  -7.707 0.0000000000
87359  -30.730  37.215  -8.052 0.0000000000
87360  -31.331  36.768  -8.186 0.0000000000
87368  -26.061  37.411  -8.957 0.0000000000
87369  -26.846  37.405  -8.258 0.0000000000
87370  -27.339  37.359  -7.986 0.0000000000
87371  -31.150  37.766  -8.356 0.0000000000
87372  -31.766  37.248  -8.439 0.0000000000
87381  -25.520  37.412  -9.928 0.0000000000
87875  -27.904  37.658  -7.917 0.0000000000
87876  -28.300  37.713  -7.886 0.0000000000
87877  -29.146  37.784  -7.894 0.0000000000
87878  -29.949  37.789  -8.022 0.0000000000
87886  -26.177  38.521  -9.180 0.0000000000
87887  -26.697  38.305  -8.676 0.0000000000
87888  -27.656  38.057  -8.197 0.0000000000
87889  -28.681  38.398  -8.193 0.0000000000
87890  -29.604  38.405  -8.309 0.0000000000
87891  -30.582  38.249  -8.429 0.0000000000
87892  -31.499  38.238  -8.631 0.0000000000
87893  -32.383  38.061  -8.775 0.0000000000
87894  -33.078  37.824  -8.953 0.0000000000
87895  -37.027  38.591  -9.000 0.0000000000
87901  -25.665  38.399  -9.694 0.0000000000
87902  -32.879  38.360  -9.046 0.0000000000
87903  -33.569  38.227  -9.186 0.0000000000
87904  -34.393  38.253  -9.390 0.0000000000
87905  -35.304  38.204  -9.427 0.0000000000
87906  -36.351  38.246  -9.206 0.0000000000
88392  -26.556  39.041  -9.064 0.0000000000
88393  -27.271  39.212  -8.770 0.0000000000
88394  -28.275  39.134  -8.540 0.0000000000
88395  -29.230  39.086  -8.618 0.0000000000
88396  -30.093  38.968  -8.819 0.0000000000
88397  -31.034  39.098  -9.067 0.0000000000
88398  -32.019  38.764  -9.033 0.0000000000
88399  -32.525  38.567  -9.049 0.0000000000
88400  -37.361  39.080  -8.974 0.0000000000
88401  -38.106  39.317  -8.829 0.0000000000
88409  -26.079  39.402  -9.565 0.0000000000
88410  -26.739  39.673  -9.225 0.0000000000
88411  -31.257  39.654  -9.462 0.0000000000
88412  -31.851  39.448  -9.420 0.0000000000
88413  -32.835  39.038  -9.334 0.0000000000
88414  -33.881  38.986  -9.543 0.0000000000
88415  -34.768  38.987  -9.628 0.0000000000
88416  -35.700  39.098  -9.562 0.0000000000
88417  -36.716  39.314  -9.372 0.0000000000
88418  -37.447  39.659  -9.236 0.0000000000
88422  -25.458  39.274  -10.408 0.0000000000
88936  -27.286  40.012  -9.207 0.0000000000
88937  -28.035  39.902  -9.016 0.0000000000
88938  -28.960  39.779  -8.984 0.0000000000
88939  -29.821  39.579  -9.109 0.0000000000
88940  -30.388  39.404  -9.149 0.0000000000
88941  -37.922  40.098  -9.233 0.0000000000
88942  -38.727  40.147  -9.041 0.0000000000
88943  -39.868  40.495  -8.962 0.0000000000
88949  -25.916  40.066  -10.185 0.0000000000
88950  -26.786  40.464  -9.855 0.0000000000
88951  -27.845  40.453  -9.623 0.0000000000
88952  -28.760  40.351  -9.537 0.0000000000
88953  -29.678  40.216  -9.509 0.0000000000
88954  -30.645  39.927  -9.499 0.0000000000
88955  -31.534  40.091  -9.800 0.0000000000
88956  -32.449  39.909  -9.856 0.0000000000
88957  -33.453  39.741  -9.891 0.0000000000
88958  -34.283  39.567  -9.886 0.0000000000
88959  -35.079  39.709  -10.032 0.0000000000
88960  -36.083  39.920  -10.014 0.0000000000
88961  -37.222  40.431  -9.907 0.0000000000
88962  -38.280  40.678  -9.606 0.0000000000
88963  -39.045  40.831  -9.471 0.0000000000
88966  -25.644  40.204  -11.009 0.0000000000
88967  -26.225  40.549  -10.560 0.0000000000
88968  -31.473  40.556  -10.107 0.0000000000
88969  -32.009  40.563  -10.253 0.0000000000
88970  -33.012  40.516  -10.397 0.0000000000
88971  -34.242  40.301  -10.442 0.0000000000
88972  -35.424  40.372  -10.604 0.0000000000
88973  -36.399  40.504  -10.658 0.0000000000
88974  -36.983  40.729  -10.699 0.0000000000
89522  -40.198  41.218  -9.377 0.0000000000
89523  -40.910  41.068  -9.195 0.0000000000
89533  -27.204  40.957  -10.381 0.0000000000
89534  -27.726  40.899  -10.226 0.0000000000
89535  -28.589  40.838  -10.126 0.0000000000
89536  -29.500  40.813  -10.007 0.0000000000
89537  -30.407  40.676  -9.943 0.0000000000
89538  -31.068  40.484  -9.945 0.0000000000
89539  -38.036  41.050  -10.240 0.0000000000
89540  -38.754  41.238  -10.117 0.0000000000
89541  -39.597  41.510  -9.883 0.0000000000
89542  -40.529  41.538  -9.813 0.0000000000
89552  -26.189  40.809  -11.146 0.0000000000
89553  -26.800  41.040  -10.792 0.0000000000
89554  -27.585  41.222  -10.801 0.0000000000
89555  -28.391  41.209  -10.747 0.0000000000
89556  -29.287  41.184  -10.659 0.0000000000
89557  -30.231  41.188  -10.520 0.0000000000
89558  -31.263  41.019  -10.421 0.0000000000
89559  -32.295  41.295  -10.826 0.0000000000
89560  -33.578  41.319  -11.041 0.0000000000
89561  -34.852  40.924  -11.161 0.0000000000
89562  -35.886  40.759  -11.363 0.0000000000
89563  -36.794  40.808  -11.319 0.0000000000
89564  -37.560  41.010  -10.917 0.0000000000
89565  -38.442  41.259  -10.863 0.0000000000
89566  -39.119  41.479  -10.733 0.0000000000
89575  -25.867  40.779  -11.818 0.0000000000
89576  -26.610  41.281  -11.716 0.0000000000
89577  -27.311  41.425  -11.433 0.0000000000
89578  -28.111  41.434  -11.410 0.0000000000
89579  -28.988  41.372  -11.389 0.0000000000
89580  -29.930  41.446  -11.267 0.0000000000
89581  -30.914  41.453  -11.101 0.0000000000
89582  -31.592  41.432  -10.961 0.0000000000
89583  -33.828  41.870  -11.463 0.0000000000
89584  -34.492  41.612  -11.548 0.0000000000
89585  -35.401  41.297  -11.828 0.0000000000
89586  -36.423  41.144  -12.184 0.0000000000
89587  -37.373  41.114  -11.801 0.0000000000
89588  -38.127  41.288  -11.528 0.0000000000
89589  -38.818  41.382  -11.448 0.0000000000
89595  -26.266  41.193  -12.473 0.0000000000
89596  -36.729  41.441  -12.618 0.0000000000
89597  -37.235  41.326  -12.449 0.0000000000
89598  -38.011  41.358  -12.154 0.0000000000
89599  -38.507  41.380  -11.881 0.0000000000
90163  -39.706  41.753  -10.326 0.0000000000
90164  -40.035  41.833  -10.286 0.0000000000
90165  -40.714  41.700  -10.368 0.0000000000
90171  -32.256  41.623  -11.172 0.0000000000
90172  -32.623  41.685  -11.199 0.0000000000
90173  -39.638  41.731  -10.583 0.0000000000
90174  -40.174  41.877  -10.802 0.0000000000
90185  -26.814  41.481  -11.986 0.0000000000
90186  -27.075  41.580  -11.989 0.0000000000
90187  -27.745  41.597  -12.048 0.0000000000
90188  -28.579  41.575  -12.107 0.0000000000
90189  -29.511  41.568  -12.088 0.0000000000
90190  -30.545  41.642  -11.947 0.0000000000
90191  -31.836  41.753  -11.573 0.0000000000
90192  -33.046  42.111  -11.661 0.0000000000
90193  -34.027  42.213  -11.912 0.0000000000
90194  -34.923  41.929  -12.111 0.0000000000
90195  -35.690  41.665  -12.310 0.0000000000
90196  -39.489  41.614  -11.235 0.0000000000
90197  -40.186  41.872  -11.502 0.0000000000
90208  -26.790  41.474  -12.292 0.0000000000
90209  -27.293  41.650  -12.599 0.0000000000
90210  -28.049  41.801  -12.774 0.0000000000
90211  -28.952  41.826  -12.862 0.0000000000
90212  -29.942  41.823  -12.857 0.0000000000
90213  -31.028  41.927  -12.745 0.0000000000
90214  -32.149  42.257  -12.626 0.0000000000
90215  -33.241  42.536  -12.590 0.0000000000
90216  -34.310  42.558  -12.599 0.0000000000
90217  -35.312  42.274  -12.524 0.0000000000
90218  -36.224  41.896  -12.735 0.0000000000
90219  -36.989  41.566  -12.968 0.0000000000
90220  -37.836  41.537  -12.815 0.0000000000
90221  -39.023  41.583  -12.271 0.0000000000
90231  -26.714  41.455  -13.065 0.0000000000
90232  -27.385  41.739  -13.466 0.0000000000
90233  -28.269  42.030  -13.633 0.0000000000
90234  -29.243  42.106  -13.712 0.0000000000
90235  -30.274  42.035  -13.730 0.0000000000
90236  -31.348  42.163  -13.696 0.0000000000
90237  -32.457  42.537  -13.676 0.0000000000
90238  -33.480  42.777  -13.333 0.0000000000
90239  -34.199  42.887  -13.229 0.0000000000
90240  -36.703  42.111  -13.166 0.0000000000
90241  -37.374  42.000  -13.371 0.0000000000
90242  -38.377  41.914  -13.382 0.0000000000
90253  -27.509  41.855  -14.471 0.0000000000
90254  -28.464  42.074  -14.624 0.0000000000
90255  -29.482  42.085  -14.696 0.0000000000
90256  -30.547  42.102  -14.694 0.0000000000
90257  -31.582  42.258  -14.702 0.0000000000
90258  -32.477  42.523  -14.765 0.0000000000
90265  -27.643  42.078  -15.445 0.0000000000
90266  -28.567  42.197  -15.806 0.0000000000
90267  -29.758  42.064  -15.680 0.0000000000
90268  -30.812  42.108  -15.701 0.0000000000
90269  -31.809  42.351  -15.684 0.0000000000
90270  -32.683  42.619  -15.637 0.0000000000
90277  -29.169  42.278  -16.414 0.0000000000
90278  -29.995  42.106  -16.791 0.0000000000
90279  -31.171  42.139  -16.674 0.0000000000
90280  -32.188  42.453  -16.609 0.0000000000
90281  -33.019  42.702  -16.386 0.0000000000
90286  -30.045  42.352  -17.471 0.0000000000
90287  -30.613  42.278  -17.441 0.0000000000
90288  -31.602  42.392  -17.756 0.0000000000
90289  -32.942  42.531  -17.476 0.0000000000
90290  -33.526  42.661  -17.796 0.0000000000
90295  -31.719  42.577  -18.471 0.0000000000
90296  -32.412  42.493  -18.714 0.0000000000
90297  -33.585  42.531  -18.441 0.0000000000
90298  -34.143  42.580  -18.686 0.0000000000
90839  -34.829  42.774  -12.881 0.0000000000
90840  -35.561  42.732  -12.888 0.0000000000
90841  -36.229  42.544  -13.111 0.0000000000
90849  -33.054  42.772  -14.089 0.0000000000
90850  -33.721  43.072  -13.894 0.0000000000
90851  -34.697  43.266  -13.484 0.0000000000
90852  -35.778  43.241  -13.447 0.0000000000
90853  -36.739  42.793  -13.603 0.0000000000
90854  -37.730  42.583  -13.954 0.0000000000
90866  -33.228  42.846  -14.771 0.0000000000
90867  -33.935  43.510  -14.640 0.0000000000
90868  -35.077  43.803  -14.241 0.0000000000
90869  -36.152  43.603  -14.236 0.0000000000
90870  -37.149  43.374  -14.369 0.0000000000
90884  -27.599  42.528  -16.230 0.0000000000
90885  -28.043  42.561  -16.437 0.0000000000
90886  -33.367  42.983  -15.568 0.0000000000
90887  -33.738  43.549  -15.734 0.0000000000
90898  -26.962  43.193  -16.543 0.0000000000
90899  -27.677  43.035  -16.826 0.0000000000
90900  -28.427  42.630  -16.780 0.0000000000
90901  -29.109  42.483  -17.054 0.0000000000
90902  -33.485  43.014  -16.210 0.0000000000
90903  -33.712  43.332  -16.573 0.0000000000
90912  -28.044  43.190  -17.231 0.0000000000
90913  -28.619  42.998  -17.482 0.0000000000
90914  -29.480  42.695  -17.695 0.0000000000
90915  -30.151  42.578  -17.913 0.0000000000
90916  -30.749  42.521  -18.049 0.0000000000
90917  -33.417  42.836  -16.790 0.0000000000
90918  -33.761  42.962  -17.340 0.0000000000
90919  -34.036  43.195  -17.790 0.0000000000
90928  -29.778  42.897  -18.263 0.0000000000
90929  -30.315  42.883  -18.530 0.0000000000
90930  -31.126  42.711  -18.579 0.0000000000
90931  -31.682  42.697  -18.907 0.0000000000
90932  -33.838  42.821  -17.923 0.0000000000
90933  -34.233  43.044  -18.315 0.0000000000
90934  -34.679  43.301  -18.699 0.0000000000
90941  -30.650  43.058  -19.000 0.0000000000
90942  -31.205  43.021  -19.326 0.0000000000
90943  -31.912  42.748  -19.472 0.0000000000
91465  -34.496  44.062  -15.249 0.0000000000
91466  -35.544  44.096  -15.074 0.0000000000
91467  -36.570  43.941  -15.096 0.0000000000
91468  -37.583  43.927  -15.087 0.0000000000
91475  -34.073  44.100  -16.232 0.0000000000
91476  -35.017  44.419  -15.958 0.0000000000
91477  -36.027  44.496  -15.824 0.0000000000
91478  -37.057  44.491  -15.842 0.0000000000
91487  -27.289  43.734  -17.106 0.0000000000
91488  -27.705  43.467  -17.230 0.0000000000
91489  -33.981  43.718  -17.098 0.0000000000
91490  -34.592  44.388  -16.914 0.0000000000
91491  -35.560  44.745  -16.729 0.0000000000
91492  -36.476  44.896  -16.517 0.0000000000
91493  -37.564  44.873  -16.943 0.0000000000
91502  -27.017  44.367  -17.701 0.0000000000
91503  -27.944  43.766  -17.795 0.0000000000
91504  -28.950  43.375  -18.160 0.0000000000
91505  -29.433  43.077  -18.251 0.0000000000
91506  -34.025  43.411  -17.522 0.0000000000
91507  -34.406  43.811  -17.826 0.0000000000
91508  -35.141  44.516  -17.578 0.0000000000
91509  -37.667  44.991  -18.099 0.0000000000
91522  -27.583  44.639  -18.491 0.0000000000
91523  -28.692  44.235  -18.913 0.0000000000
91524  -29.678  43.436  -18.762 0.0000000000
91525  -30.252  43.221  -18.967 0.0000000000
91526  -34.613  43.585  -18.398 0.0000000000
91527  -35.266  44.000  -18.590 0.0000000000
91528  -35.886  44.316  -18.861 0.0000000000
91529  -37.422  44.933  -18.971 0.0000000000
91540  -29.169  44.539  -19.545 0.0000000000
91541  -29.650  44.154  -19.475 0.0000000000
91542  -30.464  43.569  -19.474 0.0000000000
91543  -31.116  43.440  -19.850 0.0000000000
92071  -35.727  44.871  -17.005 0.0000000000
92072  -36.006  45.031  -17.008 0.0000000000
92073  -36.629  45.158  -17.120 0.0000000000
92077  -35.684  44.838  -17.301 0.0000000000
92078  -36.135  45.082  -17.606 0.0000000000
92079  -36.876  45.212  -17.777 0.0000000000
92085  -27.232  45.190  -19.106 0.0000000000
92086  -28.027  44.939  -19.191 0.0000000000
92087  -35.645  44.714  -17.931 0.0000000000
92088  -36.139  44.832  -18.462 0.0000000000
92089  -36.942  45.180  -18.530 0.0000000000
92098  -27.905  45.342  -19.812 0.0000000000
92099  -28.796  44.979  -19.750 0.0000000000
92100  -29.632  44.751  -19.966 0.0000000000
92101  -30.363  44.344  -20.105 0.0000000000
92103  -36.128  44.482  -18.974 0.0000000000
92104  -36.565  44.729  -19.064 0.0000000000
92114  -27.827  45.592  -20.678 0.0000000000
92115  -28.677  45.408  -20.493 0.0000000000
92116  -29.503  45.211  -20.477 0.0000000000
92117  -30.314  45.003  -20.527 0.0000000000
92126  -27.716  45.566  -21.569 0.0000000000
92127  -28.236  45.599  -21.825 0.0000000000
92139  -27.512  45.392  -22.513 0.0000000000
92140  -28.371  45.571  -22.294 0.0000000000
92141  -28.825  45.612  -22.405 0.0000000000
92153  -28.321  45.366  -23.255 0.0000000000
92154  -28.962  45.607  -22.865 0.0000000000
92168  -30.166  45.683  -24.027 0.0000000000
92600  -28.209  45.619  -21.331 0.0000000000
92601  -28.679  45.591  -21.177 0.0000000000
92602  -29.423  45.500  -21.098 0.0000000000
92603  -30.209  45.372  -21.047 0.0000000000
92609  -28.195  45.600  -21.580 0.0000000000
92610  -28.625  45.621  -21.792 0.0000000000
92611  -29.341  45.667  -21.714 0.0000000000
92612  -30.157  45.714  -21.630 0.0000000000
92619  -28.749  45.622  -22.168 0.0000000000
92620  -29.170  45.684  -22.315 0.0000000000
92621  -29.943  45.861  -22.312 0.0000000000
92630  -29.665  45.794  -23.007 0.0000000000
92631  -30.430  46.024  -23.024 0.0000000000
92649  -30.094  45.794  -23.576 0.0000000000
