#!ascii label  , from subject FREESURFER vox2ras=TkReg 
404
25347  -15.575  -39.777  19.708 0.0000000000
25363  -15.545  -39.757  18.569 0.0000000000
25374  -15.452  -39.753  17.470 0.0000000000
25384  -15.277  -39.846  16.529 0.0000000000
25392  -14.690  -40.622  15.457 0.0000000000
25393  -15.200  -40.012  15.567 0.0000000000
25403  -14.527  -40.676  14.531 0.0000000000
25404  -15.144  -40.166  14.597 0.0000000000
25417  -14.268  -40.674  13.571 0.0000000000
25418  -14.992  -40.207  13.620 0.0000000000
25434  -14.163  -40.487  12.433 0.0000000000
25435  -14.747  -40.186  12.842 0.0000000000
25455  -13.532  -40.554  11.619 0.0000000000
25478  -13.458  -40.026  10.876 0.0000000000
26071  -20.071  -39.369  27.867 0.0000000000
26139  -15.766  -38.956  20.707 0.0000000000
26152  -15.781  -38.827  19.567 0.0000000000
26153  -15.712  -38.421  19.020 0.0000000000
26170  -15.854  -38.969  18.659 0.0000000000
26171  -15.881  -38.460  18.369 0.0000000000
26187  -15.976  -39.091  17.766 0.0000000000
26188  -16.118  -38.301  17.683 0.0000000000
26198  -15.913  -39.283  16.703 0.0000000000
26199  -16.306  -38.562  16.883 0.0000000000
26208  -15.740  -39.373  15.697 0.0000000000
26209  -16.276  -38.676  15.874 0.0000000000
26220  -15.609  -39.488  14.696 0.0000000000
26221  -16.112  -38.776  14.822 0.0000000000
26235  -15.508  -39.591  13.705 0.0000000000
26236  -16.007  -38.937  13.802 0.0000000000
26251  -14.768  -39.913  12.096 0.0000000000
26252  -15.362  -39.526  12.556 0.0000000000
26253  -15.878  -39.097  13.008 0.0000000000
26270  -14.279  -39.890  11.319 0.0000000000
26271  -15.079  -39.340  11.447 0.0000000000
26289  -12.816  -39.655  10.374 0.0000000000
26290  -13.846  -39.329  10.404 0.0000000000
26291  -14.658  -39.169  10.757 0.0000000000
26303  -13.119  -38.979  9.814 0.0000000000
26304  -13.882  -38.702  9.846 0.0000000000
26887  -19.873  -38.984  27.345 0.0000000000
26888  -20.511  -38.634  27.651 0.0000000000
26889  -21.085  -38.247  28.013 0.0000000000
26897  -18.287  -38.826  26.456 0.0000000000
26898  -19.306  -38.820  26.751 0.0000000000
26899  -20.050  -38.488  26.890 0.0000000000
26905  -16.533  -38.181  26.021 0.0000000000
26906  -17.788  -38.329  25.879 0.0000000000
26907  -18.913  -38.377  25.895 0.0000000000
26908  -19.805  -38.049  26.214 0.0000000000
26914  -14.962  -38.350  25.430 0.0000000000
26915  -15.024  -37.652  25.935 0.0000000000
26924  -15.060  -38.307  24.321 0.0000000000
26935  -15.136  -38.253  22.983 0.0000000000
26945  -15.280  -38.003  21.782 0.0000000000
26957  -15.531  -37.815  20.678 0.0000000000
26970  -15.619  -37.763  19.678 0.0000000000
26971  -15.647  -37.818  18.893 0.0000000000
26981  -15.842  -37.820  18.238 0.0000000000
26993  -16.021  -37.667  17.731 0.0000000000
27004  -16.266  -37.792  17.116 0.0000000000
27009  -16.465  -37.753  16.159 0.0000000000
27018  -16.505  -37.936  15.026 0.0000000000
27031  -16.500  -38.143  13.895 0.0000000000
27046  -15.949  -38.841  12.305 0.0000000000
27047  -16.407  -38.420  12.773 0.0000000000
27062  -15.697  -38.785  11.587 0.0000000000
27063  -16.301  -38.274  11.715 0.0000000000
27073  -14.533  -38.678  10.175 0.0000000000
27074  -15.375  -38.476  10.605 0.0000000000
27075  -16.036  -38.191  11.016 0.0000000000
27083  -13.543  -38.282  9.281 0.0000000000
27084  -14.361  -38.231  9.612 0.0000000000
27085  -15.015  -38.158  9.869 0.0000000000
27676  -20.937  -37.849  27.429 0.0000000000
27677  -21.384  -37.424  27.931 0.0000000000
27683  -20.521  -37.774  26.719 0.0000000000
27684  -21.080  -37.154  26.902 0.0000000000
27689  -12.483  -36.672  25.522 0.0000000000
27690  -12.964  -37.037  26.170 0.0000000000
27691  -13.582  -36.862  26.314 0.0000000000
27692  -15.928  -37.703  25.616 0.0000000000
27693  -17.205  -37.816  25.367 0.0000000000
27694  -18.422  -37.875  25.268 0.0000000000
27695  -19.473  -37.697  25.404 0.0000000000
27696  -20.420  -37.159  25.692 0.0000000000
27697  -20.797  -37.129  26.312 0.0000000000
27703  -12.584  -36.636  24.734 0.0000000000
27704  -12.977  -37.145  25.055 0.0000000000
27705  -14.051  -37.591  25.762 0.0000000000
27706  -15.199  -37.062  25.561 0.0000000000
27707  -16.537  -37.222  24.946 0.0000000000
27708  -17.880  -37.390  24.686 0.0000000000
27709  -19.045  -37.373  24.698 0.0000000000
27710  -19.871  -37.072  24.960 0.0000000000
27717  -12.656  -36.539  24.434 0.0000000000
27718  -12.943  -36.848  23.776 0.0000000000
27719  -14.060  -37.469  24.129 0.0000000000
27727  -13.379  -36.713  22.396 0.0000000000
27728  -14.097  -37.373  22.743 0.0000000000
27739  -13.583  -36.603  21.951 0.0000000000
27740  -14.263  -36.899  21.633 0.0000000000
27751  -14.986  -36.843  20.485 0.0000000000
27765  -15.227  -36.853  19.438 0.0000000000
27766  -15.551  -37.279  18.675 0.0000000000
27779  -15.081  -36.704  18.724 0.0000000000
27780  -15.587  -37.072  18.124 0.0000000000
27793  -15.875  -37.086  17.478 0.0000000000
27806  -16.127  -37.003  16.794 0.0000000000
27813  -16.312  -36.838  16.113 0.0000000000
27823  -16.497  -36.994  15.361 0.0000000000
27836  -16.762  -37.025  14.115 0.0000000000
27837  -16.916  -36.400  13.554 0.0000000000
27850  -16.916  -37.567  12.936 0.0000000000
27851  -17.131  -36.765  12.948 0.0000000000
27861  -16.798  -37.699  11.935 0.0000000000
27862  -17.174  -37.046  12.049 0.0000000000
27869  -16.029  -37.813  10.463 0.0000000000
27870  -16.585  -37.426  10.889 0.0000000000
27871  -16.964  -37.193  11.448 0.0000000000
27874  -14.249  -37.797  9.154 0.0000000000
27875  -14.910  -37.726  9.399 0.0000000000
27876  -15.730  -37.485  9.734 0.0000000000
27877  -16.270  -37.372  10.210 0.0000000000
27884  -14.735  -37.318  8.893 0.0000000000
27885  -15.289  -37.300  9.201 0.0000000000
28454  -21.638  -36.479  28.341 0.0000000000
28462  -21.509  -36.262  27.159 0.0000000000
28468  -12.604  -36.291  25.522 0.0000000000
28469  -12.849  -36.306  26.051 0.0000000000
28470  -13.288  -36.556  26.348 0.0000000000
28471  -20.812  -36.564  25.402 0.0000000000
28472  -21.150  -36.485  25.949 0.0000000000
28478  -12.581  -36.381  25.001 0.0000000000
28479  -12.998  -35.848  25.241 0.0000000000
28480  -14.014  -36.234  25.805 0.0000000000
28481  -15.782  -36.269  24.645 0.0000000000
28482  -17.324  -36.848  24.169 0.0000000000
28483  -18.613  -36.967  24.056 0.0000000000
28484  -19.653  -36.748  24.321 0.0000000000
28485  -20.567  -36.366  24.755 0.0000000000
28486  -21.024  -36.290  25.230 0.0000000000
28493  -12.561  -36.421  24.642 0.0000000000
28494  -12.850  -36.183  24.245 0.0000000000
28495  -16.245  -35.847  23.568 0.0000000000
28496  -17.059  -36.358  23.591 0.0000000000
28497  -18.183  -36.607  23.505 0.0000000000
28498  -19.397  -36.311  23.571 0.0000000000
28499  -20.104  -36.269  24.094 0.0000000000
28508  -13.060  -36.167  22.934 0.0000000000
28509  -16.450  -35.770  22.947 0.0000000000
28510  -17.017  -36.114  22.870 0.0000000000
28511  -17.993  -36.311  22.939 0.0000000000
28512  -18.694  -36.335  23.137 0.0000000000
28522  -13.455  -36.223  21.919 0.0000000000
28523  -14.126  -36.171  21.078 0.0000000000
28534  -14.267  -36.276  20.182 0.0000000000
28546  -13.127  -36.407  18.722 0.0000000000
28547  -14.019  -36.423  19.292 0.0000000000
28558  -12.410  -36.453  18.381 0.0000000000
28559  -13.192  -36.375  18.010 0.0000000000
28560  -14.388  -36.512  18.153 0.0000000000
28561  -15.367  -36.654  17.815 0.0000000000
28575  -12.008  -35.718  17.587 0.0000000000
28576  -12.741  -36.183  17.569 0.0000000000
28577  -13.687  -36.020  17.420 0.0000000000
28578  -15.190  -36.179  17.277 0.0000000000
28592  -15.863  -36.110  16.534 0.0000000000
28602  -16.119  -36.063  15.802 0.0000000000
28615  -16.301  -36.095  15.012 0.0000000000
28629  -16.522  -36.023  14.231 0.0000000000
28630  -16.800  -35.922  13.620 0.0000000000
28640  -17.124  -36.090  13.003 0.0000000000
28648  -17.312  -36.262  12.168 0.0000000000
28650  -16.811  -36.892  10.574 0.0000000000
28651  -17.158  -36.547  11.023 0.0000000000
28654  -16.063  -36.962  9.437 0.0000000000
28655  -16.585  -36.670  9.884 0.0000000000
28656  -17.125  -36.058  10.303 0.0000000000
28660  -14.436  -36.880  8.379 0.0000000000
28661  -15.688  -36.618  8.851 0.0000000000
28662  -16.390  -36.177  9.176 0.0000000000
28669  -14.863  -36.186  8.074 0.0000000000
28670  -15.483  -35.995  8.303 0.0000000000
29228  -21.700  -35.495  27.860 0.0000000000
29239  -21.704  -35.295  27.061 0.0000000000
29250  -21.608  -35.475  26.201 0.0000000000
29260  -13.312  -35.560  24.991 0.0000000000
29261  -13.733  -35.535  25.002 0.0000000000
29262  -14.648  -35.661  24.817 0.0000000000
29263  -20.889  -35.890  24.476 0.0000000000
29264  -21.304  -35.643  24.924 0.0000000000
29273  -13.421  -35.623  24.524 0.0000000000
29274  -14.425  -35.517  23.993 0.0000000000
29275  -15.361  -35.661  24.067 0.0000000000
29276  -19.827  -35.817  23.207 0.0000000000
29277  -20.630  -35.622  23.801 0.0000000000
29278  -21.287  -35.134  24.190 0.0000000000
29289  -13.616  -35.625  23.276 0.0000000000
29290  -14.674  -35.390  22.872 0.0000000000
29291  -15.767  -35.472  22.979 0.0000000000
29292  -16.866  -35.720  22.335 0.0000000000
29293  -17.929  -35.945  22.278 0.0000000000
29294  -19.095  -35.911  22.710 0.0000000000
29295  -20.063  -35.442  22.759 0.0000000000
29305  -13.443  -35.783  22.465 0.0000000000
29306  -14.235  -35.511  21.917 0.0000000000
29307  -15.460  -35.183  22.051 0.0000000000
29308  -16.613  -35.160  21.712 0.0000000000
29309  -17.716  -35.386  21.699 0.0000000000
29310  -18.887  -35.399  21.936 0.0000000000
29311  -19.594  -35.374  22.264 0.0000000000
29322  -14.558  -35.452  20.552 0.0000000000
29323  -15.352  -35.020  21.218 0.0000000000
29324  -16.037  -34.926  21.489 0.0000000000
29335  -12.913  -35.676  19.424 0.0000000000
29336  -13.901  -35.722  19.901 0.0000000000
29358  -12.955  -35.531  17.049 0.0000000000
29359  -14.238  -35.394  16.630 0.0000000000
29360  -15.128  -35.679  16.644 0.0000000000
29376  -14.520  -35.114  16.061 0.0000000000
29377  -15.198  -35.375  16.203 0.0000000000
29396  -15.451  -35.390  15.509 0.0000000000
29410  -15.091  -35.362  14.903 0.0000000000
29411  -15.496  -35.344  14.896 0.0000000000
29420  -15.234  -35.331  14.646 0.0000000000
29421  -16.092  -35.433  13.991 0.0000000000
29422  -16.808  -35.628  13.263 0.0000000000
29429  -16.528  -35.231  13.156 0.0000000000
29430  -17.089  -35.447  12.534 0.0000000000
29436  -17.356  -35.546  11.583 0.0000000000
29438  -17.332  -35.485  10.690 0.0000000000
29441  -16.650  -35.933  9.372 0.0000000000
29442  -17.043  -35.457  9.749 0.0000000000
29445  -15.806  -35.846  8.433 0.0000000000
29446  -16.424  -35.417  8.759 0.0000000000
29447  -16.962  -34.906  9.240 0.0000000000
29454  -15.503  -35.341  7.967 0.0000000000
29455  -16.084  -34.872  8.186 0.0000000000
30010  -21.727  -34.725  27.477 0.0000000000
30015  -21.716  -34.538  26.663 0.0000000000
30022  -21.679  -34.535  25.589 0.0000000000
30033  -21.579  -34.507  24.531 0.0000000000
30043  -20.945  -35.128  23.440 0.0000000000
30044  -21.316  -34.699  23.561 0.0000000000
30058  -20.760  -35.031  22.976 0.0000000000
30059  -21.206  -34.492  22.609 0.0000000000
30075  -16.908  -34.855  21.279 0.0000000000
30076  -17.419  -34.907  21.215 0.0000000000
30077  -18.599  -34.963  21.226 0.0000000000
30078  -20.221  -34.778  21.712 0.0000000000
30079  -21.189  -34.304  21.985 0.0000000000
30093  -14.745  -35.001  20.186 0.0000000000
30094  -15.293  -34.879  20.356 0.0000000000
30095  -16.599  -34.717  20.851 0.0000000000
30096  -18.017  -34.567  20.618 0.0000000000
30097  -19.271  -34.503  20.624 0.0000000000
30098  -20.205  -34.266  20.616 0.0000000000
30110  -11.785  -35.510  18.633 0.0000000000
30111  -12.406  -34.752  18.752 0.0000000000
30112  -13.257  -34.736  18.812 0.0000000000
30113  -14.415  -34.866  19.575 0.0000000000
30114  -16.085  -34.617  19.661 0.0000000000
30115  -17.478  -34.464  19.815 0.0000000000
30116  -18.685  -34.334  19.833 0.0000000000
30117  -19.816  -34.133  19.808 0.0000000000
30118  -20.339  -33.995  20.142 0.0000000000
30129  -11.941  -34.561  18.161 0.0000000000
30130  -12.847  -34.434  18.059 0.0000000000
30131  -14.080  -34.552  18.190 0.0000000000
30132  -15.552  -34.464  18.520 0.0000000000
30133  -17.068  -34.475  18.766 0.0000000000
30134  -18.257  -34.333  19.000 0.0000000000
30135  -19.173  -34.182  19.048 0.0000000000
30148  -12.358  -34.832  17.464 0.0000000000
30149  -13.696  -34.656  16.968 0.0000000000
30150  -15.149  -34.322  17.295 0.0000000000
30151  -16.650  -34.321  17.659 0.0000000000
30152  -18.183  -34.305  17.960 0.0000000000
30153  -18.774  -34.218  18.512 0.0000000000
30170  -14.208  -34.927  16.229 0.0000000000
30171  -15.080  -34.749  16.157 0.0000000000
30172  -16.345  -34.267  16.615 0.0000000000
30173  -17.571  -34.163  16.937 0.0000000000
30193  -15.257  -34.579  15.366 0.0000000000
30194  -16.632  -34.163  15.664 0.0000000000
30195  -17.209  -34.092  16.286 0.0000000000
30211  -14.805  -35.050  15.018 0.0000000000
30212  -15.294  -34.483  15.136 0.0000000000
30213  -16.122  -34.252  15.066 0.0000000000
30224  -14.867  -35.167  14.171 0.0000000000
30225  -15.908  -34.990  13.436 0.0000000000
30233  -15.348  -34.565  13.108 0.0000000000
30234  -16.456  -34.675  12.532 0.0000000000
30235  -17.101  -34.902  11.940 0.0000000000
30240  -16.793  -34.428  11.749 0.0000000000
30241  -17.218  -34.655  11.214 0.0000000000
30244  -17.284  -34.638  10.395 0.0000000000
30249  -17.151  -34.435  9.666 0.0000000000
30254  -16.382  -34.495  8.389 0.0000000000
30255  -16.852  -34.289  8.935 0.0000000000
30264  -15.844  -34.216  7.833 0.0000000000
30819  -21.579  -33.770  27.462 0.0000000000
30825  -21.645  -33.536  26.188 0.0000000000
30830  -21.766  -33.519  25.053 0.0000000000
30835  -21.810  -33.517  23.868 0.0000000000
30836  -21.925  -32.975  23.369 0.0000000000
30840  -21.654  -34.002  23.093 0.0000000000
30841  -21.839  -33.341  22.986 0.0000000000
30854  -21.569  -33.859  22.385 0.0000000000
30855  -21.815  -33.174  22.217 0.0000000000
30869  -20.659  -34.203  21.031 0.0000000000
30870  -21.297  -33.778  21.385 0.0000000000
30871  -21.750  -32.948  21.589 0.0000000000
30881  -20.724  -33.880  20.526 0.0000000000
30882  -21.158  -33.343  20.401 0.0000000000
30892  -20.134  -33.941  19.523 0.0000000000
30893  -20.485  -33.678  19.704 0.0000000000
30894  -21.108  -33.046  19.552 0.0000000000
30904  -19.955  -33.899  19.106 0.0000000000
30905  -20.545  -33.331  18.621 0.0000000000
30906  -21.089  -32.804  18.951 0.0000000000
30917  -18.747  -34.067  17.738 0.0000000000
30918  -19.329  -33.916  18.058 0.0000000000
30919  -20.175  -33.354  17.565 0.0000000000
30929  -18.606  -33.944  17.259 0.0000000000
30930  -19.375  -33.524  16.898 0.0000000000
30931  -20.152  -33.080  16.689 0.0000000000
30945  -17.611  -33.730  15.371 0.0000000000
30946  -18.229  -33.711  16.066 0.0000000000
30947  -19.587  -33.052  15.841 0.0000000000
30948  -20.201  -32.783  16.138 0.0000000000
30967  -15.130  -33.909  14.704 0.0000000000
30968  -16.106  -33.887  14.707 0.0000000000
30969  -17.183  -33.619  14.753 0.0000000000
30970  -18.285  -33.415  15.095 0.0000000000
30971  -18.925  -33.280  15.408 0.0000000000
30991  -15.601  -33.187  14.175 0.0000000000
30992  -16.155  -33.345  14.273 0.0000000000
30993  -16.690  -33.433  14.431 0.0000000000
31013  -15.860  -34.024  12.215 0.0000000000
31014  -16.460  -34.196  11.924 0.0000000000
31031  -15.573  -33.390  11.702 0.0000000000
31032  -16.622  -33.700  11.255 0.0000000000
31033  -17.146  -34.146  10.806 0.0000000000
31049  -16.791  -33.280  10.607 0.0000000000
31050  -17.104  -33.719  10.319 0.0000000000
31061  -17.046  -33.649  9.490 0.0000000000
31070  -16.474  -33.699  8.386 0.0000000000
31071  -16.828  -33.456  8.915 0.0000000000
31081  -16.037  -33.121  7.828 0.0000000000
31704  -21.834  -32.578  24.521 0.0000000000
31705  -21.927  -32.519  23.678 0.0000000000
31713  -21.986  -32.558  22.854 0.0000000000
31724  -21.959  -32.539  22.053 0.0000000000
31733  -21.554  -32.990  20.995 0.0000000000
31734  -21.913  -32.296  21.276 0.0000000000
31743  -21.528  -32.626  20.338 0.0000000000
31744  -21.917  -31.842  20.383 0.0000000000
31752  -21.469  -32.274  19.416 0.0000000000
31753  -21.920  -31.528  19.635 0.0000000000
31760  -20.686  -33.061  17.925 0.0000000000
31761  -21.176  -32.528  18.229 0.0000000000
31767  -20.699  -32.847  17.329 0.0000000000
31768  -21.233  -32.279  17.116 0.0000000000
31774  -20.640  -32.576  16.505 0.0000000000
31775  -21.139  -32.028  16.235 0.0000000000
31784  -19.818  -32.743  15.361 0.0000000000
31785  -20.372  -32.374  15.549 0.0000000000
31807  -17.515  -33.187  14.415 0.0000000000
31808  -18.045  -33.062  14.471 0.0000000000
31809  -19.376  -32.698  14.761 0.0000000000
31810  -20.276  -31.960  14.716 0.0000000000
31834  -16.066  -32.645  13.868 0.0000000000
31835  -17.206  -32.830  14.091 0.0000000000
31836  -18.456  -32.405  13.924 0.0000000000
31837  -19.310  -32.048  13.825 0.0000000000
31869  -15.402  -32.557  11.223 0.0000000000
31870  -16.095  -32.996  11.237 0.0000000000
31876  -15.859  -32.071  10.731 0.0000000000
31877  -16.473  -32.616  10.536 0.0000000000
31878  -16.871  -33.148  10.343 0.0000000000
31880  -16.732  -32.454  9.506 0.0000000000
31881  -16.982  -33.053  9.916 0.0000000000
31883  -16.559  -32.687  8.560 0.0000000000
31884  -16.890  -33.040  9.269 0.0000000000
32475  -21.845  -31.898  24.059 0.0000000000
32483  -21.981  -31.652  23.261 0.0000000000
32490  -22.085  -31.759  22.255 0.0000000000
32498  -22.151  -31.352  21.298 0.0000000000
32516  -21.765  -31.670  18.759 0.0000000000
32525  -21.740  -31.731  17.724 0.0000000000
32570  -20.016  -31.777  14.042 0.0000000000
32597  -16.688  -31.852  13.505 0.0000000000
32598  -17.786  -31.809  13.431 0.0000000000
32599  -18.811  -31.656  13.309 0.0000000000
32643  -16.043  -31.709  10.328 0.0000000000
32652  -16.413  -31.814  9.801 0.0000000000
32661  -16.510  -31.762  8.956 0.0000000000
104371  -12.642  -36.502  18.772 0.0000000000
104372  -12.686  -36.433  19.044 0.0000000000
104373  -12.472  -36.563  18.890 0.0000000000
104374  -12.262  -36.311  19.081 0.0000000000
104375  -11.629  -35.023  17.799 0.0000000000
