#!ascii label  , from subject FREESURFER vox2ras=TkReg 
299
33162  -19.505  -29.712  30.991 0.0000000000
33163  -20.196  -29.887  30.663 0.0000000000
33164  -21.394  -30.303  30.518 0.0000000000
33186  -20.706  -29.776  30.012 0.0000000000
33187  -21.529  -29.931  29.602 0.0000000000
33188  -22.361  -30.092  29.767 0.0000000000
33205  -21.856  -29.897  29.194 0.0000000000
33206  -22.052  -29.994  29.371 0.0000000000
33939  -18.381  -29.062  31.098 0.0000000000
33940  -19.095  -29.446  31.008 0.0000000000
33953  -18.566  -28.644  30.456 0.0000000000
33954  -19.345  -29.053  30.348 0.0000000000
33955  -20.118  -29.478  30.195 0.0000000000
33975  -19.607  -28.706  29.662 0.0000000000
33976  -20.276  -29.137  29.631 0.0000000000
33977  -20.930  -29.597  29.463 0.0000000000
33978  -22.737  -29.885  29.459 0.0000000000
33997  -20.834  -29.295  29.180 0.0000000000
33998  -21.441  -29.564  28.953 0.0000000000
33999  -22.426  -29.757  29.023 0.0000000000
34000  -23.200  -29.221  28.728 0.0000000000
34020  -21.940  -29.348  28.453 0.0000000000
34021  -22.585  -29.124  28.257 0.0000000000
34022  -23.173  -28.741  28.131 0.0000000000
34744  -17.375  -28.531  31.097 0.0000000000
34759  -16.739  -27.897  30.805 0.0000000000
34760  -17.847  -28.043  30.369 0.0000000000
34761  -18.582  -28.313  30.015 0.0000000000
34778  -18.179  -27.622  29.606 0.0000000000
34779  -18.967  -28.113  29.344 0.0000000000
34780  -19.853  -28.495  29.189 0.0000000000
34796  -19.580  -27.962  28.367 0.0000000000
34797  -20.713  -28.797  28.657 0.0000000000
34798  -21.462  -29.158  28.451 0.0000000000
34799  -23.657  -28.530  28.533 0.0000000000
34816  -19.682  -27.619  27.726 0.0000000000
34817  -20.434  -28.020  27.521 0.0000000000
34818  -21.720  -28.751  27.820 0.0000000000
34819  -22.779  -28.597  27.626 0.0000000000
34820  -23.432  -28.099  27.623 0.0000000000
34821  -23.782  -27.957  28.093 0.0000000000
34837  -20.773  -27.740  26.914 0.0000000000
34838  -21.405  -28.058  26.989 0.0000000000
34839  -22.400  -28.234  27.053 0.0000000000
34840  -23.026  -28.200  27.187 0.0000000000
35594  -16.926  -27.191  30.119 0.0000000000
35595  -17.578  -27.267  29.691 0.0000000000
35610  -17.033  -26.693  29.365 0.0000000000
35611  -17.713  -26.990  29.136 0.0000000000
35612  -18.263  -27.316  29.042 0.0000000000
35627  -16.335  -26.296  28.761 0.0000000000
35628  -17.291  -26.452  28.691 0.0000000000
35629  -17.942  -26.846  28.491 0.0000000000
35630  -18.633  -27.355  28.496 0.0000000000
35644  -18.355  -26.880  28.006 0.0000000000
35645  -19.094  -27.120  27.700 0.0000000000
35646  -19.754  -27.362  27.350 0.0000000000
35647  -23.594  -27.711  27.269 0.0000000000
35648  -24.024  -27.389  27.587 0.0000000000
35662  -19.500  -26.909  27.110 0.0000000000
35663  -20.206  -27.227  26.763 0.0000000000
35664  -21.039  -27.597  26.423 0.0000000000
35665  -21.998  -27.818  26.317 0.0000000000
35666  -23.275  -27.625  26.633 0.0000000000
35667  -24.007  -26.876  26.694 0.0000000000
35684  -20.608  -27.125  26.070 0.0000000000
35685  -21.360  -27.281  25.742 0.0000000000
35686  -22.437  -27.270  25.671 0.0000000000
35687  -23.225  -26.929  25.699 0.0000000000
36395  -15.653  -26.235  27.985 0.0000000000
36396  -16.851  -26.027  28.126 0.0000000000
36397  -17.672  -26.410  28.038 0.0000000000
36398  -18.044  -26.642  27.989 0.0000000000
36413  -16.305  -26.257  27.291 0.0000000000
36414  -17.570  -26.135  27.400 0.0000000000
36415  -18.452  -26.490  27.429 0.0000000000
36416  -19.121  -26.656  27.210 0.0000000000
36417  -24.457  -26.356  27.089 0.0000000000
36428  -15.329  -26.722  25.844 0.0000000000
36429  -17.350  -26.274  26.467 0.0000000000
36430  -18.491  -26.010  26.586 0.0000000000
36431  -19.463  -26.464  26.570 0.0000000000
36432  -20.176  -26.778  26.218 0.0000000000
36433  -23.781  -26.698  26.020 0.0000000000
36434  -24.278  -26.222  26.220 0.0000000000
36444  -16.202  -26.738  24.637 0.0000000000
36445  -17.240  -26.442  25.322 0.0000000000
36446  -18.369  -25.912  25.618 0.0000000000
36447  -19.375  -25.897  25.650 0.0000000000
36448  -20.464  -26.573  25.486 0.0000000000
36449  -21.793  -26.806  25.024 0.0000000000
36450  -22.823  -26.647  25.079 0.0000000000
36451  -23.616  -26.230  25.245 0.0000000000
36452  -24.051  -26.204  25.698 0.0000000000
36462  -16.517  -26.616  24.037 0.0000000000
36463  -17.183  -26.428  24.303 0.0000000000
36464  -18.109  -25.961  24.602 0.0000000000
36465  -19.089  -25.703  24.720 0.0000000000
36466  -20.112  -25.953  24.631 0.0000000000
36467  -21.232  -26.327  24.434 0.0000000000
36468  -22.504  -26.188  24.357 0.0000000000
36469  -23.145  -26.199  24.749 0.0000000000
36480  -15.640  -26.654  23.715 0.0000000000
36481  -16.737  -26.458  23.498 0.0000000000
36482  -17.698  -26.107  23.645 0.0000000000
36483  -18.638  -25.820  23.788 0.0000000000
36484  -19.639  -25.864  23.765 0.0000000000
36485  -20.801  -26.073  23.593 0.0000000000
36486  -21.808  -26.097  23.773 0.0000000000
36498  -14.643  -26.226  22.960 0.0000000000
36499  -15.878  -26.250  22.762 0.0000000000
36500  -17.040  -26.122  22.758 0.0000000000
36501  -18.049  -25.888  22.902 0.0000000000
36502  -19.022  -25.865  22.921 0.0000000000
36503  -20.084  -26.001  22.736 0.0000000000
36504  -21.012  -26.048  22.735 0.0000000000
36520  -14.903  -25.578  22.174 0.0000000000
36521  -16.187  -25.636  22.121 0.0000000000
36522  -17.332  -25.671  22.127 0.0000000000
36523  -18.338  -25.784  22.126 0.0000000000
36524  -19.287  -25.935  22.038 0.0000000000
36525  -20.062  -26.013  21.869 0.0000000000
37234  -24.620  -25.483  26.547 0.0000000000
37246  -23.824  -25.814  25.017 0.0000000000
37247  -24.228  -25.522  25.406 0.0000000000
37257  -22.896  -25.827  24.120 0.0000000000
37258  -23.461  -25.622  24.442 0.0000000000
37259  -24.128  -24.914  24.618 0.0000000000
37272  -21.763  -25.942  23.037 0.0000000000
37273  -22.660  -25.652  23.578 0.0000000000
37274  -23.339  -25.031  23.465 0.0000000000
37287  -20.788  -26.008  22.059 0.0000000000
37288  -21.607  -25.829  22.214 0.0000000000
37289  -22.479  -25.381  22.438 0.0000000000
37290  -22.930  -25.185  22.999 0.0000000000
37303  -14.326  -25.566  21.339 0.0000000000
37304  -15.407  -25.084  21.548 0.0000000000
37305  -16.584  -25.144  21.578 0.0000000000
37306  -17.666  -25.298  21.524 0.0000000000
37307  -18.656  -25.560  21.354 0.0000000000
37308  -19.624  -25.782  21.208 0.0000000000
37309  -20.552  -25.827  21.296 0.0000000000
37310  -21.346  -25.709  21.508 0.0000000000
37311  -22.038  -25.437  21.570 0.0000000000
37328  -14.377  -25.936  20.384 0.0000000000
37329  -14.915  -24.902  20.676 0.0000000000
37330  -15.911  -24.567  21.114 0.0000000000
37331  -17.002  -24.753  21.067 0.0000000000
37332  -18.022  -24.974  20.903 0.0000000000
37333  -19.100  -25.166  20.532 0.0000000000
37334  -20.212  -25.405  20.466 0.0000000000
37335  -21.197  -25.454  20.830 0.0000000000
37336  -21.733  -25.397  21.118 0.0000000000
37357  -14.448  -25.764  19.393 0.0000000000
37358  -14.690  -25.368  20.045 0.0000000000
37359  -19.464  -24.920  20.100 0.0000000000
37360  -19.717  -25.121  20.196 0.0000000000
37380  -14.524  -25.855  18.518 0.0000000000
37393  -14.509  -25.573  18.211 0.0000000000
37993  -24.670  -24.571  27.089 0.0000000000
38002  -24.649  -24.522  26.041 0.0000000000
38012  -24.484  -24.376  25.074 0.0000000000
38024  -23.895  -24.742  23.957 0.0000000000
38025  -24.288  -24.234  24.235 0.0000000000
38037  -23.793  -24.304  23.302 0.0000000000
38038  -24.097  -24.234  23.731 0.0000000000
38049  -22.810  -24.959  22.037 0.0000000000
38050  -23.202  -24.654  22.530 0.0000000000
38066  -22.524  -25.072  21.637 0.0000000000
38067  -22.912  -24.613  21.574 0.0000000000
38089  -15.101  -24.680  20.331 0.0000000000
38090  -15.471  -24.451  20.477 0.0000000000
38091  -16.401  -24.314  20.608 0.0000000000
38092  -17.397  -24.474  20.515 0.0000000000
38093  -18.263  -24.657  20.374 0.0000000000
38094  -20.427  -25.140  20.137 0.0000000000
38095  -20.925  -25.084  20.215 0.0000000000
38096  -22.158  -24.749  20.667 0.0000000000
38097  -22.969  -24.228  21.046 0.0000000000
38119  -14.556  -25.252  19.275 0.0000000000
38120  -14.918  -24.796  19.745 0.0000000000
38121  -15.827  -24.114  20.043 0.0000000000
38122  -16.820  -24.024  20.070 0.0000000000
38123  -17.826  -24.189  19.958 0.0000000000
38124  -18.919  -24.532  19.889 0.0000000000
38125  -20.095  -24.816  19.827 0.0000000000
38126  -21.229  -24.484  19.736 0.0000000000
38127  -21.962  -24.083  19.790 0.0000000000
38141  -14.567  -25.099  18.800 0.0000000000
38142  -14.922  -24.455  18.894 0.0000000000
38156  -14.486  -25.097  18.113 0.0000000000
38755  -24.598  -23.563  26.611 0.0000000000
38761  -24.647  -23.512  25.580 0.0000000000
38768  -24.559  -23.474  24.573 0.0000000000
38774  -23.958  -23.945  23.175 0.0000000000
38775  -24.212  -23.592  23.471 0.0000000000
38784  -23.745  -23.888  22.788 0.0000000000
38785  -23.953  -23.146  22.491 0.0000000000
38795  -23.420  -23.734  21.702 0.0000000000
38796  -23.829  -22.871  21.760 0.0000000000
38811  -22.419  -23.963  20.049 0.0000000000
38812  -23.056  -23.586  20.415 0.0000000000
38830  -15.421  -24.164  19.404 0.0000000000
38831  -16.169  -23.753  19.508 0.0000000000
38832  -17.208  -23.674  19.465 0.0000000000
38833  -18.283  -23.815  19.335 0.0000000000
38834  -19.395  -23.972  19.249 0.0000000000
38835  -20.491  -23.975  19.183 0.0000000000
38836  -21.468  -23.747  19.210 0.0000000000
38837  -22.404  -23.382  19.404 0.0000000000
38838  -23.093  -22.878  19.635 0.0000000000
38854  -13.205  -23.395  17.894 0.0000000000
38855  -14.228  -23.910  18.154 0.0000000000
38856  -15.357  -23.688  18.775 0.0000000000
38857  -16.483  -23.281  18.941 0.0000000000
38858  -17.586  -23.232  18.782 0.0000000000
38859  -18.702  -23.334  18.622 0.0000000000
38860  -19.822  -23.400  18.593 0.0000000000
38861  -20.853  -23.331  18.608 0.0000000000
38862  -21.739  -23.112  18.698 0.0000000000
38863  -22.335  -22.768  18.758 0.0000000000
38878  -13.307  -23.432  17.500 0.0000000000
38879  -14.531  -24.003  17.640 0.0000000000
38893  -13.102  -23.282  16.957 0.0000000000
38894  -13.880  -23.384  16.982 0.0000000000
39556  -24.644  -22.552  26.105 0.0000000000
39562  -24.672  -22.541  25.066 0.0000000000
39567  -24.547  -22.530  24.036 0.0000000000
39572  -24.289  -22.443  23.055 0.0000000000
39582  -24.156  -22.337  22.168 0.0000000000
39596  -23.645  -22.867  21.044 0.0000000000
39597  -24.031  -22.288  21.372 0.0000000000
39609  -23.630  -22.384  20.220 0.0000000000
39610  -23.886  -22.291  20.830 0.0000000000
39617  -22.825  -22.614  19.037 0.0000000000
39618  -23.305  -22.223  19.322 0.0000000000
39630  -13.158  -22.863  18.222 0.0000000000
39631  -14.538  -22.881  18.447 0.0000000000
39632  -15.759  -22.722  18.616 0.0000000000
39633  -16.860  -22.571  18.535 0.0000000000
39634  -17.976  -22.460  18.078 0.0000000000
39635  -19.201  -22.769  18.045 0.0000000000
39636  -20.266  -22.788  18.095 0.0000000000
39637  -21.219  -22.688  18.192 0.0000000000
39638  -21.977  -22.497  18.333 0.0000000000
39639  -22.626  -22.126  18.475 0.0000000000
39640  -23.033  -22.149  18.837 0.0000000000
39656  -12.497  -23.061  17.749 0.0000000000
39657  -18.189  -21.888  17.660 0.0000000000
39658  -18.781  -22.097  17.626 0.0000000000
39659  -19.734  -22.206  17.620 0.0000000000
39660  -20.740  -22.167  17.692 0.0000000000
39661  -21.667  -22.088  17.901 0.0000000000
39662  -22.191  -22.066  18.142 0.0000000000
39676  -12.277  -22.944  17.014 0.0000000000
39677  -13.415  -22.726  16.553 0.0000000000
39678  -14.465  -22.835  16.500 0.0000000000
39692  -14.174  -22.265  16.171 0.0000000000
40355  -24.545  -21.579  24.554 0.0000000000
40363  -24.433  -21.544  23.564 0.0000000000
40371  -24.352  -21.537  22.580 0.0000000000
40385  -24.304  -21.692  21.739 0.0000000000
40399  -23.898  -21.877  20.212 0.0000000000
40400  -24.209  -21.583  20.711 0.0000000000
40412  -23.822  -21.630  19.740 0.0000000000
40413  -24.275  -20.894  19.968 0.0000000000
40430  -16.233  -21.910  18.361 0.0000000000
40431  -17.059  -21.933  18.124 0.0000000000
40432  -22.799  -21.731  18.330 0.0000000000
40433  -23.257  -21.506  18.673 0.0000000000
40453  -17.626  -21.512  17.644 0.0000000000
40454  -18.471  -21.428  17.383 0.0000000000
40455  -19.271  -21.582  17.318 0.0000000000
40456  -20.201  -21.569  17.289 0.0000000000
40457  -21.322  -21.425  17.354 0.0000000000
40458  -22.488  -21.512  17.896 0.0000000000
40459  -23.207  -20.852  18.024 0.0000000000
40475  -13.653  -21.961  16.159 0.0000000000
40476  -18.937  -21.093  17.119 0.0000000000
40477  -19.625  -21.002  16.993 0.0000000000
40478  -20.586  -20.901  16.914 0.0000000000
40479  -21.408  -20.709  16.907 0.0000000000
41195  -24.418  -20.633  24.075 0.0000000000
41198  -24.420  -20.588  23.067 0.0000000000
41205  -24.507  -20.658  21.863 0.0000000000
41210  -24.546  -20.179  20.659 0.0000000000
41220  -23.951  -20.783  19.249 0.0000000000
41240  -23.832  -20.298  18.483 0.0000000000
41241  -24.138  -20.184  19.053 0.0000000000
41267  -22.141  -20.768  17.200 0.0000000000
41268  -22.879  -20.619  17.499 0.0000000000
41269  -23.465  -20.197  17.702 0.0000000000
41297  -21.985  -20.148  16.617 0.0000000000
41298  -22.755  -20.127  16.979 0.0000000000
41299  -23.152  -20.149  17.308 0.0000000000
104405  -14.508  -26.651  25.109 0.0000000000
104409  -14.762  -26.493  23.727 0.0000000000
104415  -14.806  -26.702  24.439 0.0000000000
104417  -15.125  -26.711  23.944 0.0000000000
