#!ascii label  , from subject FREESURFER vox2ras=TkReg 
411
40218  -40.527  -21.243  44.876 0.0000000000
40219  -40.861  -21.348  44.716 0.0000000000
40220  -41.579  -21.646  44.424 0.0000000000
40221  -42.157  -21.912  44.188 0.0000000000
40225  -40.474  -21.486  44.485 0.0000000000
40226  -41.004  -21.875  44.063 0.0000000000
40227  -41.719  -22.128  43.743 0.0000000000
40228  -42.584  -22.086  43.619 0.0000000000
40229  -43.364  -21.881  43.295 0.0000000000
40236  -40.396  -21.751  43.561 0.0000000000
40237  -40.959  -22.038  42.913 0.0000000000
40238  -41.893  -22.242  42.752 0.0000000000
40239  -42.872  -22.196  42.487 0.0000000000
40240  -43.678  -21.834  42.677 0.0000000000
40247  -41.248  -22.055  42.033 0.0000000000
40248  -41.911  -22.023  41.683 0.0000000000
40249  -42.643  -21.826  41.430 0.0000000000
41037  -40.102  -20.814  45.246 0.0000000000
41038  -41.335  -20.823  44.902 0.0000000000
41039  -42.119  -21.404  44.373 0.0000000000
41040  -42.456  -21.715  44.079 0.0000000000
41046  -38.318  -20.653  42.571 0.0000000000
41047  -39.614  -21.366  43.904 0.0000000000
41048  -41.510  -20.351  44.523 0.0000000000
41049  -42.023  -20.734  44.284 0.0000000000
41050  -42.942  -21.263  43.859 0.0000000000
41051  -44.147  -21.202  43.151 0.0000000000
41052  -44.873  -20.597  42.811 0.0000000000
41053  -45.142  -20.412  42.707 0.0000000000
41059  -38.831  -20.552  41.014 0.0000000000
41060  -39.895  -21.444  42.186 0.0000000000
41061  -40.715  -21.858  42.006 0.0000000000
41062  -43.432  -21.753  41.814 0.0000000000
41063  -44.147  -21.450  42.282 0.0000000000
41064  -44.839  -20.943  42.437 0.0000000000
41065  -45.065  -20.612  42.622 0.0000000000
41074  -38.875  -20.566  39.850 0.0000000000
41075  -39.652  -21.034  40.489 0.0000000000
41076  -40.818  -21.600  40.987 0.0000000000
41077  -41.933  -21.470  40.691 0.0000000000
41078  -42.953  -21.167  40.692 0.0000000000
41079  -43.934  -21.223  41.437 0.0000000000
41080  -44.487  -21.163  41.925 0.0000000000
41090  -38.875  -20.633  39.260 0.0000000000
41091  -39.352  -20.812  39.421 0.0000000000
41092  -40.151  -21.082  39.597 0.0000000000
41093  -41.191  -20.997  39.632 0.0000000000
41094  -42.101  -20.827  40.021 0.0000000000
41103  -38.947  -20.715  38.772 0.0000000000
41104  -39.587  -20.850  38.676 0.0000000000
41105  -40.381  -20.774  38.612 0.0000000000
41106  -41.225  -20.403  38.542 0.0000000000
41109  -39.047  -20.791  38.024 0.0000000000
41110  -39.727  -20.721  37.794 0.0000000000
41111  -40.579  -20.328  37.600 0.0000000000
41112  -41.393  -19.951  37.789 0.0000000000
41116  -39.113  -20.785  37.174 0.0000000000
41117  -39.817  -20.490  36.818 0.0000000000
41118  -40.507  -20.039  36.747 0.0000000000
41128  -39.168  -20.580  36.429 0.0000000000
41129  -39.557  -20.340  36.046 0.0000000000
41851  -40.582  -20.111  45.308 0.0000000000
41862  -40.937  -19.642  44.555 0.0000000000
41863  -41.563  -19.947  43.831 0.0000000000
41864  -42.365  -20.207  43.330 0.0000000000
41865  -43.445  -20.263  42.991 0.0000000000
41866  -44.416  -20.156  42.952 0.0000000000
41867  -45.153  -19.858  42.784 0.0000000000
41868  -45.749  -19.339  42.470 0.0000000000
41876  -37.825  -20.085  40.982 0.0000000000
41877  -40.993  -19.208  43.392 0.0000000000
41878  -41.644  -19.070  42.741 0.0000000000
41879  -42.723  -19.382  42.521 0.0000000000
41880  -43.356  -19.449  42.501 0.0000000000
41881  -45.061  -20.728  42.158 0.0000000000
41882  -45.415  -20.327  42.344 0.0000000000
41883  -46.543  -19.349  42.046 0.0000000000
41884  -47.340  -19.216  41.501 0.0000000000
41892  -37.235  -19.625  39.831 0.0000000000
41893  -38.101  -20.164  39.932 0.0000000000
41894  -43.087  -20.694  40.325 0.0000000000
41895  -43.587  -20.683  40.546 0.0000000000
41896  -44.750  -20.640  41.422 0.0000000000
41897  -45.900  -20.179  41.338 0.0000000000
41898  -46.745  -19.696  41.093 0.0000000000
41899  -47.411  -19.357  40.762 0.0000000000
41907  -36.628  -19.297  38.673 0.0000000000
41908  -37.538  -19.811  38.864 0.0000000000
41909  -38.383  -20.380  39.013 0.0000000000
41910  -41.827  -20.402  39.303 0.0000000000
41911  -42.778  -20.283  39.788 0.0000000000
41912  -43.948  -19.900  39.822 0.0000000000
41913  -45.059  -19.964  40.403 0.0000000000
41914  -45.967  -19.815  40.365 0.0000000000
41915  -46.743  -19.590  40.217 0.0000000000
41916  -47.285  -19.392  40.145 0.0000000000
41926  -36.941  -19.495  37.566 0.0000000000
41927  -37.938  -20.140  38.070 0.0000000000
41928  -38.557  -20.516  38.286 0.0000000000
41929  -42.096  -19.800  38.493 0.0000000000
41930  -43.027  -19.460  38.871 0.0000000000
41931  -43.632  -19.271  38.822 0.0000000000
41940  -37.148  -19.713  36.484 0.0000000000
41941  -37.799  -20.126  37.072 0.0000000000
41942  -38.492  -20.508  37.542 0.0000000000
41943  -41.179  -19.715  37.026 0.0000000000
41944  -41.969  -19.471  37.379 0.0000000000
41945  -42.842  -19.143  37.706 0.0000000000
41946  -43.299  -19.164  38.314 0.0000000000
41951  -37.264  -19.849  35.628 0.0000000000
41952  -37.883  -20.217  36.083 0.0000000000
41953  -38.540  -20.498  36.634 0.0000000000
41954  -40.179  -20.001  36.111 0.0000000000
41955  -40.864  -19.476  36.264 0.0000000000
41956  -41.852  -18.987  36.464 0.0000000000
41957  -42.415  -19.035  36.988 0.0000000000
41962  -37.261  -19.901  34.835 0.0000000000
41963  -37.944  -20.195  35.118 0.0000000000
41964  -38.880  -20.348  35.561 0.0000000000
41965  -39.818  -19.866  35.410 0.0000000000
41966  -40.541  -19.422  35.522 0.0000000000
41967  -41.240  -18.961  35.623 0.0000000000
41976  -37.124  -19.951  34.046 0.0000000000
41977  -37.846  -20.147  34.222 0.0000000000
41978  -38.671  -20.096  34.435 0.0000000000
41979  -39.497  -19.757  34.623 0.0000000000
41980  -40.422  -19.228  34.629 0.0000000000
41981  -40.918  -19.093  35.095 0.0000000000
41993  -36.970  -19.922  33.223 0.0000000000
41994  -37.701  -20.105  33.381 0.0000000000
41995  -38.485  -19.981  33.575 0.0000000000
41996  -39.391  -19.520  33.638 0.0000000000
41997  -39.921  -19.361  34.108 0.0000000000
42009  -36.366  -19.567  31.717 0.0000000000
42010  -36.732  -19.827  32.319 0.0000000000
42011  -37.514  -20.013  32.549 0.0000000000
42012  -38.404  -19.790  32.749 0.0000000000
42013  -38.916  -19.665  33.134 0.0000000000
42025  -36.203  -19.649  30.964 0.0000000000
42026  -36.701  -19.865  31.355 0.0000000000
42027  -37.340  -19.930  31.725 0.0000000000
42028  -38.073  -19.729  31.979 0.0000000000
42035  -35.885  -19.703  30.133 0.0000000000
42036  -36.501  -19.780  30.577 0.0000000000
42037  -37.287  -19.725  30.885 0.0000000000
42038  -37.863  -19.546  31.369 0.0000000000
42046  -35.331  -19.873  29.196 0.0000000000
42047  -36.278  -19.680  29.729 0.0000000000
42048  -36.940  -19.621  30.238 0.0000000000
42058  -35.816  -19.632  28.858 0.0000000000
42791  -40.310  -18.885  43.435 0.0000000000
42792  -43.840  -19.524  42.582 0.0000000000
42793  -44.443  -19.092  42.447 0.0000000000
42794  -45.208  -18.444  42.386 0.0000000000
42795  -46.008  -18.341  42.392 0.0000000000
42807  -39.373  -18.441  42.594 0.0000000000
42808  -40.448  -18.427  42.359 0.0000000000
42809  -41.190  -18.098  41.781 0.0000000000
42810  -42.224  -18.440  41.873 0.0000000000
42811  -43.453  -18.597  42.123 0.0000000000
42812  -44.434  -17.950  42.183 0.0000000000
42813  -44.970  -17.459  42.295 0.0000000000
42814  -46.645  -18.222  42.240 0.0000000000
42815  -47.463  -18.497  41.999 0.0000000000
42816  -48.191  -18.255  41.721 0.0000000000
42827  -39.365  -17.857  41.304 0.0000000000
42828  -40.311  -17.734  41.305 0.0000000000
42829  -40.912  -17.453  41.180 0.0000000000
42830  -48.026  -18.932  41.332 0.0000000000
42831  -48.620  -18.347  41.113 0.0000000000
42845  -39.108  -17.643  40.275 0.0000000000
42846  -44.586  -19.653  39.739 0.0000000000
42847  -45.127  -19.501  39.659 0.0000000000
42848  -45.941  -19.365  39.536 0.0000000000
42849  -46.853  -19.300  39.534 0.0000000000
42850  -47.964  -19.052  40.100 0.0000000000
42851  -49.186  -18.205  40.090 0.0000000000
42852  -49.703  -17.939  39.160 0.0000000000
42864  -44.308  -19.301  39.137 0.0000000000
42865  -44.995  -18.968  38.842 0.0000000000
42866  -45.981  -18.876  38.741 0.0000000000
42867  -47.064  -18.933  38.773 0.0000000000
42868  -48.191  -18.752  38.850 0.0000000000
42869  -49.056  -18.377  38.589 0.0000000000
42880  -36.418  -19.273  36.567 0.0000000000
42881  -43.182  -18.781  37.379 0.0000000000
42882  -43.793  -18.798  37.958 0.0000000000
42883  -45.053  -18.495  37.909 0.0000000000
42884  -46.158  -18.463  37.894 0.0000000000
42885  -47.237  -18.513  37.875 0.0000000000
42886  -48.228  -18.430  37.791 0.0000000000
42896  -36.120  -19.164  35.976 0.0000000000
42897  -36.647  -19.468  35.902 0.0000000000
42898  -42.260  -18.552  36.241 0.0000000000
42899  -42.972  -18.407  36.543 0.0000000000
42900  -44.270  -18.220  36.948 0.0000000000
42901  -45.398  -18.159  37.016 0.0000000000
42902  -46.473  -18.199  37.029 0.0000000000
42903  -47.509  -18.220  37.030 0.0000000000
42910  -36.309  -19.267  35.363 0.0000000000
42911  -36.810  -19.595  35.294 0.0000000000
42912  -42.059  -18.419  35.680 0.0000000000
42913  -42.735  -17.940  35.408 0.0000000000
42918  -36.071  -19.143  34.654 0.0000000000
42919  -36.667  -19.556  34.691 0.0000000000
42920  -40.915  -18.721  34.111 0.0000000000
42921  -41.397  -18.589  34.681 0.0000000000
42922  -42.292  -18.014  34.660 0.0000000000
42931  -35.939  -19.108  33.741 0.0000000000
42932  -36.530  -19.526  33.916 0.0000000000
42933  -39.873  -18.967  33.116 0.0000000000
42934  -40.401  -18.835  33.599 0.0000000000
42935  -41.454  -18.190  33.573 0.0000000000
42936  -41.928  -18.093  34.113 0.0000000000
42945  -35.281  -18.517  32.344 0.0000000000
42946  -36.001  -19.193  32.610 0.0000000000
42947  -36.448  -19.510  33.151 0.0000000000
42948  -38.748  -19.330  32.113 0.0000000000
42949  -39.367  -19.132  32.644 0.0000000000
42950  -40.381  -18.398  32.588 0.0000000000
42951  -40.932  -18.294  33.057 0.0000000000
42963  -35.219  -18.584  31.228 0.0000000000
42964  -35.870  -19.141  31.547 0.0000000000
42965  -38.534  -19.145  31.509 0.0000000000
42966  -39.355  -18.698  31.741 0.0000000000
42967  -39.856  -18.538  32.140 0.0000000000
42978  -35.034  -18.893  30.182 0.0000000000
42979  -35.704  -19.272  30.571 0.0000000000
42980  -37.481  -19.189  30.350 0.0000000000
42981  -38.222  -18.901  30.745 0.0000000000
42982  -39.011  -18.609  31.107 0.0000000000
42989  -34.517  -19.567  29.225 0.0000000000
42990  -35.346  -19.523  29.780 0.0000000000
42991  -36.487  -19.149  29.212 0.0000000000
42992  -37.207  -18.897  29.675 0.0000000000
42993  -37.938  -18.656  30.075 0.0000000000
43004  -36.362  -18.790  28.581 0.0000000000
43005  -36.983  -18.591  28.995 0.0000000000
43016  -36.000  -18.650  28.065 0.0000000000
43734  -45.538  -17.372  42.396 0.0000000000
43735  -46.174  -17.456  42.426 0.0000000000
43750  -41.716  -17.521  41.343 0.0000000000
43751  -42.779  -17.618  41.481 0.0000000000
43752  -43.849  -17.499  41.746 0.0000000000
43753  -44.602  -17.196  42.096 0.0000000000
43754  -45.076  -17.014  42.328 0.0000000000
43755  -46.814  -17.485  42.251 0.0000000000
43756  -47.594  -17.442  41.893 0.0000000000
43757  -48.291  -17.700  41.533 0.0000000000
43773  -39.721  -17.574  40.605 0.0000000000
43774  -40.362  -17.404  40.510 0.0000000000
43775  -41.158  -17.096  40.621 0.0000000000
43776  -42.152  -16.825  40.856 0.0000000000
43777  -43.237  -16.894  41.231 0.0000000000
43778  -44.166  -16.850  41.562 0.0000000000
43779  -47.910  -17.058  41.473 0.0000000000
43780  -48.532  -17.248  41.073 0.0000000000
43799  -39.586  -17.508  39.664 0.0000000000
43800  -40.581  -17.232  39.675 0.0000000000
43801  -41.499  -16.824  39.836 0.0000000000
43802  -42.289  -16.429  40.021 0.0000000000
43803  -48.860  -16.782  40.504 0.0000000000
43804  -49.600  -17.114  39.856 0.0000000000
43821  -38.915  -17.487  38.579 0.0000000000
43822  -39.921  -17.300  38.689 0.0000000000
43823  -40.954  -17.027  38.788 0.0000000000
43824  -42.037  -16.618  38.969 0.0000000000
43825  -42.548  -16.276  39.541 0.0000000000
43844  -39.294  -17.231  37.737 0.0000000000
43845  -40.276  -17.024  37.829 0.0000000000
43846  -41.369  -16.722  37.850 0.0000000000
43847  -42.060  -16.579  38.253 0.0000000000
43864  -39.685  -16.905  36.976 0.0000000000
43865  -40.585  -16.731  37.076 0.0000000000
43866  -41.129  -16.599  37.134 0.0000000000
43867  -43.399  -17.995  36.043 0.0000000000
43868  -43.846  -17.874  36.117 0.0000000000
43869  -44.839  -17.817  36.176 0.0000000000
43870  -45.888  -17.962  36.172 0.0000000000
43885  -43.467  -17.714  35.524 0.0000000000
43886  -44.447  -17.595  35.354 0.0000000000
43897  -43.118  -17.524  34.545 0.0000000000
43898  -44.140  -17.441  34.478 0.0000000000
43912  -41.994  -17.623  33.024 0.0000000000
43913  -42.567  -17.539  33.556 0.0000000000
43914  -43.866  -17.358  33.488 0.0000000000
43926  -40.836  -17.789  32.075 0.0000000000
43927  -41.449  -17.671  32.499 0.0000000000
43928  -42.611  -17.342  32.389 0.0000000000
43929  -43.708  -17.304  32.426 0.0000000000
43942  -39.638  -18.214  31.103 0.0000000000
43943  -40.305  -17.963  31.580 0.0000000000
43944  -41.302  -17.384  31.517 0.0000000000
43945  -42.399  -17.222  31.412 0.0000000000
43946  -43.619  -17.253  31.317 0.0000000000
43961  -34.454  -18.188  30.900 0.0000000000
43962  -38.574  -18.287  30.086 0.0000000000
43963  -39.255  -18.107  30.469 0.0000000000
43964  -40.107  -17.644  30.682 0.0000000000
43965  -40.959  -17.278  30.691 0.0000000000
43966  -42.003  -17.127  30.578 0.0000000000
43977  -34.356  -18.557  29.958 0.0000000000
43978  -37.559  -18.186  29.065 0.0000000000
43979  -38.206  -18.053  29.498 0.0000000000
43980  -39.098  -17.703  29.731 0.0000000000
43981  -39.925  -17.384  29.907 0.0000000000
43982  -40.566  -17.284  30.176 0.0000000000
43992  -36.558  -18.161  28.150 0.0000000000
43993  -37.226  -17.918  28.444 0.0000000000
43994  -38.084  -17.569  28.743 0.0000000000
43995  -38.934  -17.354  29.045 0.0000000000
43996  -39.601  -17.284  29.321 0.0000000000
44009  -36.905  -17.618  27.980 0.0000000000
44812  -45.850  -16.990  42.560 0.0000000000
44813  -46.211  -16.919  42.470 0.0000000000
44827  -44.823  -16.818  41.975 0.0000000000
44828  -45.518  -16.707  42.160 0.0000000000
44829  -46.571  -16.609  42.005 0.0000000000
44830  -47.289  -16.656  41.585 0.0000000000
44839  -42.824  -16.469  40.639 0.0000000000
44840  -43.561  -16.330  40.847 0.0000000000
44841  -44.529  -16.288  41.188 0.0000000000
44842  -45.486  -16.287  41.116 0.0000000000
44843  -46.512  -16.380  41.024 0.0000000000
44844  -47.579  -16.456  40.991 0.0000000000
44845  -48.211  -16.414  40.767 0.0000000000
44852  -42.888  -16.031  40.100 0.0000000000
44853  -43.617  -15.647  40.148 0.0000000000
44854  -44.476  -15.458  40.024 0.0000000000
44855  -45.428  -16.071  39.908 0.0000000000
44856  -46.660  -16.347  40.019 0.0000000000
44857  -47.620  -16.269  40.103 0.0000000000
44858  -48.390  -15.827  40.215 0.0000000000
44859  -49.138  -15.979  40.261 0.0000000000
44870  -42.352  -16.405  38.492 0.0000000000
44871  -42.867  -16.007  39.021 0.0000000000
44872  -43.664  -15.150  39.058 0.0000000000
44873  -44.110  -14.926  39.363 0.0000000000
44874  -45.923  -16.009  38.873 0.0000000000
44875  -46.958  -16.213  38.981 0.0000000000
44876  -47.806  -16.033  39.156 0.0000000000
44877  -48.160  -15.367  39.359 0.0000000000
44892  -41.597  -16.508  37.162 0.0000000000
44893  -42.372  -16.325  37.786 0.0000000000
44894  -43.212  -15.669  38.080 0.0000000000
44895  -43.634  -15.213  38.084 0.0000000000
44896  -46.358  -15.879  37.669 0.0000000000
44897  -47.263  -15.957  38.014 0.0000000000
44898  -47.777  -15.479  38.145 0.0000000000
44899  -48.100  -15.137  38.706 0.0000000000
44914  -40.182  -16.686  36.240 0.0000000000
44915  -41.121  -16.499  36.488 0.0000000000
44916  -42.058  -16.250  36.651 0.0000000000
44917  -43.024  -15.780  36.971 0.0000000000
44918  -43.445  -15.520  37.571 0.0000000000
44919  -46.373  -15.732  36.537 0.0000000000
44920  -47.005  -15.745  36.874 0.0000000000
44921  -47.415  -15.651  37.455 0.0000000000
44940  -40.812  -16.458  35.495 0.0000000000
44941  -41.693  -16.241  35.732 0.0000000000
44942  -42.448  -15.849  35.905 0.0000000000
44943  -46.508  -15.666  36.101 0.0000000000
44944  -46.690  -15.655  36.333 0.0000000000
44962  -42.118  -16.022  35.264 0.0000000000
45024  -40.975  -17.177  30.078 0.0000000000
45025  -41.519  -17.089  29.947 0.0000000000
45026  -42.376  -17.052  29.733 0.0000000000
45037  -40.069  -17.170  29.314 0.0000000000
45038  -40.779  -17.098  29.427 0.0000000000
45039  -41.931  -16.995  29.062 0.0000000000
45050  -37.319  -17.406  27.992 0.0000000000
45051  -37.825  -17.250  28.074 0.0000000000
45052  -38.727  -17.079  28.244 0.0000000000
45053  -39.887  -17.021  28.568 0.0000000000
45054  -41.210  -16.981  28.263 0.0000000000
45067  -37.140  -16.897  27.566 0.0000000000
45068  -38.242  -16.726  27.573 0.0000000000
45069  -39.240  -16.698  27.527 0.0000000000
45838  -44.403  -15.023  39.457 0.0000000000
45839  -44.687  -15.286  39.458 0.0000000000
45840  -48.357  -14.918  40.119 0.0000000000
45855  -43.844  -14.929  38.543 0.0000000000
45856  -44.254  -14.956  38.856 0.0000000000
45857  -45.013  -15.383  38.844 0.0000000000
45858  -48.272  -14.729  39.250 0.0000000000
45872  -43.959  -14.968  38.094 0.0000000000
45873  -44.473  -15.171  37.935 0.0000000000
45874  -45.335  -15.534  37.812 0.0000000000
45875  -47.816  -15.246  37.642 0.0000000000
45876  -48.072  -14.882  37.967 0.0000000000
45887  -43.370  -15.549  36.707 0.0000000000
45888  -43.777  -15.374  37.135 0.0000000000
45889  -44.714  -15.417  36.870 0.0000000000
45890  -45.645  -15.674  36.703 0.0000000000
45891  -47.182  -15.547  36.528 0.0000000000
45892  -47.619  -15.303  36.895 0.0000000000
45893  -48.037  -14.651  37.002 0.0000000000
45905  -43.297  -15.493  36.041 0.0000000000
45906  -44.198  -15.370  35.910 0.0000000000
45907  -45.134  -15.564  35.771 0.0000000000
45908  -46.098  -15.723  35.737 0.0000000000
45909  -46.926  -15.505  35.943 0.0000000000
45910  -47.469  -14.891  35.702 0.0000000000
45922  -42.673  -15.673  34.796 0.0000000000
45923  -43.766  -15.358  34.881 0.0000000000
45924  -44.726  -15.417  34.814 0.0000000000
45925  -45.634  -15.493  34.782 0.0000000000
45926  -46.457  -15.305  34.771 0.0000000000
45927  -47.065  -15.070  35.065 0.0000000000
45947  -45.995  -15.253  34.180 0.0000000000
46779  -47.872  -14.577  36.261 0.0000000000
