#!ascii label  , from subject FREESURFER vox2ras=TkReg 
378
64433  -42.687  4.504  9.135 0.0000000000
64434  -43.153  4.334  8.987 0.0000000000
64435  -43.982  4.087  8.766 0.0000000000
65238  -42.900  4.973  8.817 0.0000000000
65239  -43.637  5.016  8.278 0.0000000000
65240  -44.572  4.584  8.144 0.0000000000
65241  -45.547  4.323  8.145 0.0000000000
65254  -43.802  5.472  7.753 0.0000000000
65255  -44.244  5.275  7.632 0.0000000000
65256  -45.153  5.019  7.364 0.0000000000
65257  -46.152  4.602  7.536 0.0000000000
65258  -47.117  4.572  7.719 0.0000000000
65259  -48.061  4.584  7.811 0.0000000000
65260  -49.058  4.653  7.766 0.0000000000
65268  -45.368  5.248  6.820 0.0000000000
65269  -45.835  5.000  6.835 0.0000000000
65270  -46.702  4.842  6.927 0.0000000000
65271  -47.614  4.832  7.036 0.0000000000
65272  -48.445  4.849  7.137 0.0000000000
66077  -42.525  5.394  8.878 0.0000000000
66084  -42.962  5.736  8.231 0.0000000000
66085  -43.514  5.645  7.828 0.0000000000
66092  -43.372  6.064  7.624 0.0000000000
66093  -43.835  5.902  7.246 0.0000000000
66094  -44.512  5.608  6.965 0.0000000000
66095  -45.026  5.442  6.733 0.0000000000
66096  -49.618  4.940  7.529 0.0000000000
66097  -50.170  5.164  7.482 0.0000000000
66098  -51.017  5.555  7.541 0.0000000000
66099  -52.067  5.696  7.480 0.0000000000
66104  -44.162  6.069  6.567 0.0000000000
66105  -44.706  5.885  6.207 0.0000000000
66106  -45.466  5.476  6.306 0.0000000000
66107  -46.293  5.263  6.280 0.0000000000
66108  -47.151  5.218  6.328 0.0000000000
66109  -48.099  5.225  6.377 0.0000000000
66110  -49.293  5.144  6.744 0.0000000000
66111  -50.417  5.535  6.664 0.0000000000
66112  -51.452  6.051  6.550 0.0000000000
66113  -52.550  6.364  6.713 0.0000000000
66114  -53.184  6.592  6.746 0.0000000000
66117  -45.213  5.924  5.672 0.0000000000
66118  -45.940  5.712  5.655 0.0000000000
66119  -46.681  5.562  5.769 0.0000000000
66120  -47.445  5.694  5.654 0.0000000000
66121  -48.535  5.838  5.504 0.0000000000
66122  -49.738  5.604  5.738 0.0000000000
66123  -50.669  5.787  5.805 0.0000000000
66124  -51.347  6.093  5.748 0.0000000000
66129  -48.633  6.377  5.019 0.0000000000
66130  -49.176  6.238  5.064 0.0000000000
66131  -50.057  5.908  5.034 0.0000000000
66132  -50.841  5.839  5.135 0.0000000000
66158  -51.435  6.379  2.378 0.0000000000
66159  -51.661  6.507  2.301 0.0000000000
66175  -51.263  6.295  2.145 0.0000000000
66176  -51.490  6.457  2.073 0.0000000000
66890  -43.108  6.583  7.631 0.0000000000
66891  -43.482  6.430  7.191 0.0000000000
66892  -53.693  6.773  6.908 0.0000000000
66893  -54.802  7.302  7.527 0.0000000000
66894  -56.165  7.998  8.648 0.0000000000
66895  -57.026  7.662  8.295 0.0000000000
66898  -43.351  6.880  6.973 0.0000000000
66899  -43.706  6.641  6.449 0.0000000000
66900  -44.199  6.372  6.024 0.0000000000
66901  -51.691  6.330  6.086 0.0000000000
66902  -52.179  6.636  6.162 0.0000000000
66903  -53.236  7.429  6.340 0.0000000000
66904  -54.035  8.064  6.768 0.0000000000
66905  -57.019  7.247  7.153 0.0000000000
66908  -44.023  6.843  5.701 0.0000000000
66909  -44.627  6.557  5.323 0.0000000000
66910  -45.538  6.293  5.083 0.0000000000
66911  -46.566  6.156  5.118 0.0000000000
66912  -47.570  6.336  5.024 0.0000000000
66913  -48.218  6.441  4.897 0.0000000000
66914  -51.874  6.436  5.769 0.0000000000
66915  -52.759  6.994  5.604 0.0000000000
66916  -53.251  7.771  5.665 0.0000000000
66917  -57.291  6.807  5.968 0.0000000000
66918  -57.821  6.853  5.139 0.0000000000
66922  -45.164  6.896  4.678 0.0000000000
66923  -45.923  6.816  4.340 0.0000000000
66924  -46.890  6.640  4.321 0.0000000000
66925  -47.738  6.620  4.299 0.0000000000
66926  -48.577  6.572  4.435 0.0000000000
66927  -49.439  6.423  4.384 0.0000000000
66928  -50.341  6.127  4.426 0.0000000000
66929  -51.534  6.121  4.912 0.0000000000
66930  -52.513  6.689  4.741 0.0000000000
66931  -53.053  6.928  4.386 0.0000000000
66932  -58.280  6.759  4.302 0.0000000000
66933  -58.717  7.137  3.650 0.0000000000
66940  -46.445  7.110  3.794 0.0000000000
66941  -47.145  6.998  3.515 0.0000000000
66942  -48.009  6.800  3.607 0.0000000000
66943  -48.808  6.633  3.590 0.0000000000
66944  -49.674  6.418  3.578 0.0000000000
66945  -50.652  6.217  3.669 0.0000000000
66946  -51.680  6.218  3.756 0.0000000000
66947  -52.532  6.508  3.707 0.0000000000
66948  -53.289  6.869  3.600 0.0000000000
66963  -47.603  7.132  2.964 0.0000000000
66964  -48.223  6.944  2.849 0.0000000000
66965  -49.012  6.712  2.619 0.0000000000
66966  -49.968  6.340  2.662 0.0000000000
66967  -51.007  6.235  2.578 0.0000000000
66968  -51.833  6.442  2.774 0.0000000000
66969  -52.658  6.698  2.748 0.0000000000
66970  -53.405  7.057  2.640 0.0000000000
66971  -53.759  7.278  2.375 0.0000000000
66988  -49.514  6.778  1.936 0.0000000000
66989  -50.283  6.584  1.767 0.0000000000
66990  -51.148  6.562  1.728 0.0000000000
66991  -51.923  6.789  1.987 0.0000000000
66992  -52.811  7.182  2.007 0.0000000000
66993  -53.519  7.346  1.999 0.0000000000
66994  -53.902  7.364  2.109 0.0000000000
67764  -54.817  8.640  7.111 0.0000000000
67765  -55.748  8.560  8.106 0.0000000000
67766  -56.478  8.696  8.415 0.0000000000
67770  -43.188  7.303  7.219 0.0000000000
67771  -43.443  7.461  6.479 0.0000000000
67772  -53.420  8.205  5.739 0.0000000000
67773  -53.736  8.659  6.147 0.0000000000
67774  -56.965  8.624  7.812 0.0000000000
67777  -43.774  7.418  5.768 0.0000000000
67778  -44.203  7.415  5.224 0.0000000000
67779  -53.061  7.451  5.189 0.0000000000
67780  -53.535  8.302  5.429 0.0000000000
67781  -53.685  8.671  5.525 0.0000000000
67782  -57.166  8.337  6.665 0.0000000000
67783  -57.614  8.003  5.545 0.0000000000
67787  -44.699  7.448  4.694 0.0000000000
67788  -45.295  7.545  4.216 0.0000000000
67789  -53.038  7.220  4.817 0.0000000000
67790  -53.718  7.817  4.582 0.0000000000
67791  -54.736  8.629  4.155 0.0000000000
67792  -55.300  8.985  3.875 0.0000000000
67793  -58.196  7.830  4.713 0.0000000000
67794  -58.715  7.825  3.995 0.0000000000
67796  -45.888  7.602  3.719 0.0000000000
67797  -46.501  7.661  3.271 0.0000000000
67798  -53.897  7.212  3.292 0.0000000000
67799  -54.564  7.777  3.442 0.0000000000
67800  -55.598  8.452  3.285 0.0000000000
67801  -56.327  8.637  2.716 0.0000000000
67802  -59.332  7.856  3.301 0.0000000000
67803  -59.748  8.443  2.861 0.0000000000
67812  -47.088  7.660  2.802 0.0000000000
67813  -47.761  7.663  2.368 0.0000000000
67814  -48.416  7.307  2.267 0.0000000000
67815  -53.820  7.183  2.686 0.0000000000
67816  -54.192  7.354  2.557 0.0000000000
67817  -55.023  7.703  2.434 0.0000000000
67818  -56.046  8.143  2.237 0.0000000000
67819  -59.347  7.296  2.893 0.0000000000
67820  -59.850  7.824  2.491 0.0000000000
67831  -48.247  7.838  1.846 0.0000000000
67832  -48.930  7.424  1.759 0.0000000000
67833  -49.745  7.476  1.361 0.0000000000
67834  -50.638  7.301  1.284 0.0000000000
67835  -51.462  7.311  1.275 0.0000000000
67836  -52.281  7.470  1.329 0.0000000000
67837  -53.131  7.577  1.361 0.0000000000
67838  -54.124  7.529  1.599 0.0000000000
67839  -55.264  7.792  1.390 0.0000000000
67840  -56.421  8.248  1.241 0.0000000000
67841  -56.918  8.710  0.905 0.0000000000
67859  -50.270  7.960  0.893 0.0000000000
67860  -51.003  7.974  0.852 0.0000000000
67861  -51.774  7.988  0.831 0.0000000000
67862  -52.566  8.033  0.637 0.0000000000
67863  -53.471  7.799  0.631 0.0000000000
67864  -54.417  7.762  0.547 0.0000000000
67865  -55.450  7.947  0.425 0.0000000000
67885  -52.989  8.155  0.049 0.0000000000
67886  -53.660  7.949  -0.291 0.0000000000
67887  -54.614  7.773  -0.368 0.0000000000
67907  -54.022  7.884  -1.008 0.0000000000
68747  -55.188  9.218  7.097 0.0000000000
68748  -55.713  9.164  7.782 0.0000000000
68749  -56.120  9.121  8.349 0.0000000000
68754  -43.301  8.144  6.946 0.0000000000
68755  -54.588  9.491  6.303 0.0000000000
68756  -55.553  9.712  7.085 0.0000000000
68757  -56.522  9.732  8.050 0.0000000000
68761  -43.739  8.325  5.702 0.0000000000
68762  -43.985  7.887  5.326 0.0000000000
68763  -53.773  9.071  5.267 0.0000000000
68764  -53.905  9.450  5.399 0.0000000000
68765  -57.579  9.873  7.519 0.0000000000
68766  -57.433  9.551  6.036 0.0000000000
68769  -43.997  8.712  5.178 0.0000000000
68770  -44.375  8.387  4.712 0.0000000000
68771  -44.895  7.977  4.297 0.0000000000
68772  -53.679  8.806  5.129 0.0000000000
68773  -54.070  9.522  4.852 0.0000000000
68774  -55.059  9.625  4.212 0.0000000000
68775  -57.850  9.088  4.892 0.0000000000
68776  -58.446  8.866  4.198 0.0000000000
68778  -44.746  8.930  4.044 0.0000000000
68779  -45.372  8.515  3.654 0.0000000000
68780  -46.054  8.093  3.315 0.0000000000
68781  -55.770  9.469  3.716 0.0000000000
68782  -56.468  9.233  3.141 0.0000000000
68783  -59.032  8.854  3.617 0.0000000000
68784  -59.595  9.038  3.127 0.0000000000
68787  -45.817  9.023  2.969 0.0000000000
68788  -46.508  8.591  2.656 0.0000000000
68789  -47.229  8.136  2.348 0.0000000000
68790  -57.081  8.985  2.166 0.0000000000
68791  -57.673  9.738  1.721 0.0000000000
68792  -60.150  9.214  2.449 0.0000000000
68793  -60.504  9.875  2.017 0.0000000000
68796  -46.886  9.087  1.945 0.0000000000
68797  -47.600  8.666  1.632 0.0000000000
68798  -48.629  8.167  1.293 0.0000000000
68799  -49.180  7.864  1.259 0.0000000000
68800  -57.016  8.745  1.354 0.0000000000
68801  -57.336  9.289  1.152 0.0000000000
68802  -60.307  8.533  2.033 0.0000000000
68803  -60.595  9.352  1.463 0.0000000000
68811  -47.985  9.257  0.972 0.0000000000
68812  -48.529  8.952  0.825 0.0000000000
68813  -49.499  8.444  0.743 0.0000000000
68814  -50.521  8.675  0.399 0.0000000000
68815  -51.348  8.521  0.440 0.0000000000
68816  -51.957  8.469  0.398 0.0000000000
68830  -51.081  8.982  0.010 0.0000000000
68831  -51.674  8.855  0.032 0.0000000000
68832  -52.338  8.671  -0.153 0.0000000000
68833  -52.983  8.403  -0.531 0.0000000000
68851  -52.587  8.845  -1.020 0.0000000000
68852  -53.366  8.381  -1.241 0.0000000000
68864  -52.775  8.902  -1.950 0.0000000000
69690  -43.758  8.944  6.278 0.0000000000
69692  -55.113  10.211  6.252 0.0000000000
69693  -55.958  10.707  6.851 0.0000000000
69694  -57.398  11.064  7.697 0.0000000000
69695  -57.988  11.764  7.616 0.0000000000
69699  -43.856  9.017  5.634 0.0000000000
69700  -44.191  9.496  5.896 0.0000000000
69701  -54.404  10.547  5.572 0.0000000000
69702  -55.084  10.820  5.894 0.0000000000
69703  -58.012  10.753  7.795 0.0000000000
69704  -58.055  11.088  6.967 0.0000000000
69706  -43.896  8.843  5.371 0.0000000000
69707  -44.118  9.296  5.078 0.0000000000
69708  -54.076  10.858  4.988 0.0000000000
69709  -55.176  10.935  4.404 0.0000000000
69710  -55.928  11.595  4.021 0.0000000000
69711  -57.969  10.754  4.939 0.0000000000
69712  -58.161  9.704  4.345 0.0000000000
69714  -44.556  9.363  4.319 0.0000000000
69715  -44.970  9.446  3.693 0.0000000000
69716  -55.591  10.181  3.987 0.0000000000
69717  -56.563  10.611  3.745 0.0000000000
69718  -57.634  10.963  3.645 0.0000000000
69719  -58.588  10.056  3.594 0.0000000000
69720  -59.267  9.602  3.321 0.0000000000
69723  -45.502  9.512  3.120 0.0000000000
69724  -46.034  9.507  2.590 0.0000000000
69725  -57.042  9.779  2.902 0.0000000000
69726  -57.810  10.403  2.449 0.0000000000
69727  -58.845  11.033  2.599 0.0000000000
69728  -59.613  10.316  2.803 0.0000000000
69729  -60.281  10.396  2.226 0.0000000000
69732  -46.519  9.565  2.084 0.0000000000
69733  -47.027  9.627  1.554 0.0000000000
69734  -58.123  10.302  1.090 0.0000000000
69735  -58.826  11.201  1.498 0.0000000000
69736  -60.503  10.448  1.638 0.0000000000
69739  -47.611  9.708  1.042 0.0000000000
69740  -48.339  9.815  0.571 0.0000000000
69741  -49.346  9.600  0.121 0.0000000000
69742  -49.946  9.077  0.195 0.0000000000
69745  -60.339  11.486  0.196 0.0000000000
69746  -60.554  10.681  0.763 0.0000000000
69748  -49.761  10.019  -0.407 0.0000000000
69749  -50.434  9.632  -0.404 0.0000000000
69750  -51.372  9.237  -0.416 0.0000000000
69751  -51.839  9.009  -0.294 0.0000000000
69767  -50.702  10.093  -0.962 0.0000000000
69768  -51.215  9.769  -1.166 0.0000000000
69769  -51.917  9.174  -0.746 0.0000000000
69780  -51.431  9.779  -2.135 0.0000000000
69781  -52.014  9.308  -1.599 0.0000000000
69788  -51.471  10.054  -3.174 0.0000000000
69789  -52.139  9.373  -2.641 0.0000000000
69794  -51.890  10.326  -3.759 0.0000000000
70587  -56.613  11.768  6.780 0.0000000000
70588  -57.477  12.181  7.372 0.0000000000
70589  -58.106  12.438  7.087 0.0000000000
70591  -44.686  10.020  5.477 0.0000000000
70593  -54.725  11.111  5.542 0.0000000000
70594  -55.437  11.556  5.767 0.0000000000
70595  -57.858  12.288  5.786 0.0000000000
70597  -44.663  10.026  4.627 0.0000000000
70598  -45.208  10.537  4.160 0.0000000000
70599  -54.577  11.260  5.299 0.0000000000
70600  -55.090  11.772  4.905 0.0000000000
70601  -55.754  12.240  4.274 0.0000000000
70602  -57.096  12.395  4.223 0.0000000000
70604  -44.775  10.003  3.953 0.0000000000
70605  -45.330  10.286  3.401 0.0000000000
70606  -56.412  11.876  3.847 0.0000000000
70607  -56.926  11.678  3.706 0.0000000000
70609  -45.807  10.273  2.662 0.0000000000
70610  -46.194  10.105  2.224 0.0000000000
70611  -59.539  11.121  2.340 0.0000000000
70612  -59.994  11.119  2.156 0.0000000000
70613  -60.324  10.986  1.811 0.0000000000
70615  -46.091  10.639  2.191 0.0000000000
70616  -46.510  10.501  1.619 0.0000000000
70617  -47.139  10.280  1.115 0.0000000000
70618  -59.539  11.425  1.690 0.0000000000
70619  -60.080  11.417  1.470 0.0000000000
70620  -60.325  11.057  1.321 0.0000000000
70623  -46.953  10.898  0.919 0.0000000000
70624  -47.707  10.653  0.547 0.0000000000
70625  -48.866  10.707  -0.115 0.0000000000
70626  -49.460  10.254  -0.311 0.0000000000
70627  -59.397  11.575  1.051 0.0000000000
70628  -59.861  11.745  0.890 0.0000000000
70629  -60.245  11.409  0.907 0.0000000000
70631  -49.335  11.270  -0.458 0.0000000000
70632  -49.895  10.749  -0.708 0.0000000000
70633  -50.440  10.276  -0.876 0.0000000000
70644  -50.151  11.123  -1.166 0.0000000000
70645  -50.496  10.584  -1.498 0.0000000000
70646  -50.990  10.074  -1.787 0.0000000000
70656  -50.480  10.858  -2.402 0.0000000000
70657  -50.881  10.305  -2.375 0.0000000000
70665  -50.394  11.206  -2.728 0.0000000000
70666  -50.753  10.862  -3.126 0.0000000000
70672  -51.472  10.840  -3.764 0.0000000000
71412  -56.151  12.308  6.066 0.0000000000
71413  -56.847  12.605  6.553 0.0000000000
71414  -57.383  12.723  6.805 0.0000000000
71418  -55.716  12.443  5.308 0.0000000000
71419  -56.366  12.939  5.807 0.0000000000
71420  -57.503  13.063  6.279 0.0000000000
71424  -55.639  12.471  4.796 0.0000000000
71425  -55.886  13.363  4.948 0.0000000000
71426  -57.137  13.428  5.085 0.0000000000
71429  -45.710  11.086  3.647 0.0000000000
71431  -56.049  13.400  5.155 0.0000000000
71432  -56.207  13.300  4.961 0.0000000000
71435  -45.805  10.954  2.867 0.0000000000
71439  -45.947  10.836  2.445 0.0000000000
71440  -46.136  11.426  2.135 0.0000000000
71443  -46.656  11.535  1.245 0.0000000000
71444  -47.294  11.595  0.666 0.0000000000
71445  -48.136  11.659  0.164 0.0000000000
71448  -48.987  11.787  -0.208 0.0000000000
71449  -49.564  11.807  -0.617 0.0000000000
71460  -49.980  11.740  -1.069 0.0000000000
71461  -50.125  11.354  -1.448 0.0000000000
71471  -49.999  11.920  -1.578 0.0000000000
71472  -50.143  11.541  -2.197 0.0000000000
71480  -50.385  11.695  -3.110 0.0000000000
72196  -56.965  12.830  6.449 0.0000000000
72197  -56.929  13.016  6.301 0.0000000000
72201  -56.712  13.384  6.320 0.0000000000
72202  -56.390  13.404  5.993 0.0000000000
72206  -56.335  13.800  6.250 0.0000000000
72207  -56.416  13.384  5.029 0.0000000000
72211  -56.176  13.547  4.932 0.0000000000
72212  -56.056  13.424  5.008 0.0000000000
72226  -49.266  12.615  -0.346 0.0000000000
73018  -56.658  13.738  5.975 0.0000000000
73019  -56.452  13.710  5.993 0.0000000000
73023  -56.547  13.854  5.510 0.0000000000
73024  -57.056  13.679  5.759 0.0000000000
73028  -56.395  13.630  4.985 0.0000000000
73029  -56.520  13.591  5.237 0.0000000000
