#!ascii label  , from subject FREESURFER vox2ras=TkReg 
518
89509  -46.869  42.453  -6.116 0.0000000000
89516  -46.045  41.527  -7.257 0.0000000000
89517  -47.160  42.457  -7.038 0.0000000000
89527  -45.249  41.276  -8.417 0.0000000000
89528  -46.475  41.799  -8.095 0.0000000000
89529  -47.312  42.402  -7.820 0.0000000000
89543  -41.573  41.349  -10.055 0.0000000000
89544  -42.742  40.823  -9.920 0.0000000000
89545  -43.838  40.695  -9.712 0.0000000000
89546  -44.817  41.077  -9.398 0.0000000000
89547  -46.025  41.564  -9.328 0.0000000000
89548  -47.018  41.969  -8.637 0.0000000000
89567  -41.788  41.457  -10.693 0.0000000000
89568  -42.412  41.267  -10.593 0.0000000000
89569  -43.431  41.156  -10.434 0.0000000000
89570  -44.533  41.270  -10.152 0.0000000000
89571  -45.277  41.385  -9.878 0.0000000000
90101  -42.623  42.933  -4.549 0.0000000000
90102  -43.543  43.480  -4.645 0.0000000000
90114  -41.869  43.004  -5.473 0.0000000000
90115  -42.924  43.270  -5.361 0.0000000000
90116  -43.673  43.695  -5.317 0.0000000000
90135  -41.032  43.110  -6.179 0.0000000000
90136  -41.767  43.291  -6.275 0.0000000000
90137  -47.616  43.609  -6.059 0.0000000000
90151  -47.994  43.329  -7.068 0.0000000000
90152  -48.149  43.519  -7.732 0.0000000000
90157  -47.753  42.648  -8.270 0.0000000000
90158  -48.195  43.058  -8.739 0.0000000000
90166  -46.400  41.644  -9.848 0.0000000000
90167  -47.292  41.918  -9.581 0.0000000000
90168  -48.073  42.683  -10.005 0.0000000000
90175  -41.113  41.708  -10.889 0.0000000000
90176  -41.947  41.527  -11.177 0.0000000000
90177  -42.915  41.491  -11.167 0.0000000000
90178  -44.126  41.647  -10.949 0.0000000000
90179  -45.828  41.651  -10.523 0.0000000000
90180  -47.414  42.037  -10.952 0.0000000000
90181  -48.043  42.761  -11.021 0.0000000000
90198  -41.187  41.852  -11.691 0.0000000000
90199  -42.210  41.750  -11.870 0.0000000000
90200  -43.371  41.971  -11.816 0.0000000000
90201  -44.780  42.137  -11.721 0.0000000000
90202  -46.275  42.279  -11.772 0.0000000000
90203  -47.436  42.640  -11.919 0.0000000000
90204  -47.921  43.087  -11.559 0.0000000000
90222  -40.249  42.121  -12.306 0.0000000000
90223  -41.354  42.202  -12.427 0.0000000000
90224  -42.483  42.227  -12.576 0.0000000000
90225  -43.809  42.438  -12.708 0.0000000000
90226  -45.269  42.561  -12.634 0.0000000000
90227  -46.439  42.765  -12.599 0.0000000000
90228  -47.069  43.062  -12.449 0.0000000000
90243  -39.435  42.248  -13.157 0.0000000000
90244  -40.484  42.575  -13.063 0.0000000000
90245  -41.559  42.627  -13.176 0.0000000000
90246  -42.658  42.649  -13.341 0.0000000000
90247  -43.606  42.706  -13.559 0.0000000000
90739  -44.487  43.777  -4.033 0.0000000000
90748  -44.505  43.901  -4.941 0.0000000000
90749  -45.680  44.248  -4.523 0.0000000000
90756  -42.497  43.386  -6.079 0.0000000000
90757  -43.368  43.695  -5.945 0.0000000000
90758  -44.329  44.081  -5.701 0.0000000000
90759  -45.571  44.319  -5.391 0.0000000000
90760  -46.756  44.887  -5.099 0.0000000000
90761  -47.288  44.453  -5.156 0.0000000000
90770  -40.457  43.433  -6.869 0.0000000000
90771  -41.370  43.491  -6.870 0.0000000000
90772  -42.210  43.576  -6.746 0.0000000000
90773  -43.002  43.784  -6.576 0.0000000000
90774  -43.964  44.281  -6.525 0.0000000000
90775  -45.257  44.514  -6.138 0.0000000000
90776  -46.528  45.080  -5.830 0.0000000000
90777  -47.965  44.945  -6.149 0.0000000000
90778  -48.334  45.481  -6.891 0.0000000000
90793  -39.969  43.800  -7.451 0.0000000000
90794  -40.927  43.938  -7.645 0.0000000000
90795  -41.955  43.868  -7.408 0.0000000000
90796  -42.789  43.996  -7.145 0.0000000000
90797  -43.313  44.142  -6.892 0.0000000000
90798  -48.299  44.071  -7.071 0.0000000000
90799  -48.288  44.477  -7.642 0.0000000000
90813  -39.660  44.183  -7.963 0.0000000000
90814  -40.258  44.077  -7.872 0.0000000000
90815  -48.109  43.696  -9.130 0.0000000000
90823  -48.058  43.248  -10.203 0.0000000000
90829  -47.902  43.395  -10.830 0.0000000000
90834  -47.487  43.289  -12.004 0.0000000000
90835  -47.596  43.576  -11.370 0.0000000000
90842  -44.514  42.704  -13.359 0.0000000000
90843  -45.503  43.060  -13.471 0.0000000000
90844  -46.403  43.371  -12.823 0.0000000000
90845  -46.901  43.572  -12.322 0.0000000000
90855  -38.779  42.612  -14.015 0.0000000000
90856  -39.743  42.950  -13.777 0.0000000000
90857  -40.737  43.135  -13.727 0.0000000000
90858  -41.765  43.101  -13.865 0.0000000000
90859  -42.844  42.979  -14.085 0.0000000000
90860  -44.171  42.939  -14.217 0.0000000000
90861  -45.015  43.541  -14.430 0.0000000000
90871  -38.134  43.342  -14.456 0.0000000000
90872  -39.091  43.535  -14.325 0.0000000000
90873  -40.053  43.639  -14.360 0.0000000000
90874  -41.003  43.570  -14.378 0.0000000000
90875  -41.965  43.409  -14.595 0.0000000000
90876  -43.048  43.255  -14.840 0.0000000000
90877  -44.084  43.319  -15.105 0.0000000000
90878  -44.710  43.780  -15.320 0.0000000000
90888  -40.488  43.835  -14.839 0.0000000000
90889  -41.187  43.739  -15.171 0.0000000000
90890  -42.164  43.525  -15.374 0.0000000000
90891  -43.149  43.351  -15.673 0.0000000000
90892  -44.054  43.379  -15.961 0.0000000000
90893  -44.681  43.719  -16.185 0.0000000000
90904  -41.576  43.726  -15.814 0.0000000000
90905  -42.320  43.524  -16.256 0.0000000000
90906  -43.304  43.232  -16.542 0.0000000000
90907  -44.157  43.118  -16.828 0.0000000000
90908  -44.752  43.552  -16.971 0.0000000000
90920  -42.687  43.243  -16.975 0.0000000000
90921  -43.383  42.910  -17.444 0.0000000000
90922  -44.262  42.989  -17.678 0.0000000000
90923  -44.626  43.660  -17.489 0.0000000000
90935  -43.600  42.803  -18.100 0.0000000000
90936  -43.929  43.147  -18.341 0.0000000000
91379  -44.276  44.592  -6.978 0.0000000000
91380  -44.989  44.682  -6.794 0.0000000000
91381  -46.021  45.203  -6.471 0.0000000000
91382  -47.064  45.885  -6.470 0.0000000000
91383  -48.037  46.172  -6.629 0.0000000000
91391  -41.211  44.234  -8.230 0.0000000000
91392  -41.804  44.248  -8.056 0.0000000000
91393  -42.690  44.360  -7.810 0.0000000000
91394  -43.660  44.554  -7.331 0.0000000000
91395  -44.662  44.849  -7.291 0.0000000000
91396  -45.709  45.235  -7.186 0.0000000000
91397  -46.399  45.631  -6.748 0.0000000000
91398  -48.218  45.745  -7.515 0.0000000000
91413  -38.480  44.647  -8.688 0.0000000000
91414  -39.405  44.509  -8.633 0.0000000000
91415  -40.535  44.334  -8.509 0.0000000000
91416  -41.610  44.454  -8.731 0.0000000000
91417  -42.513  44.614  -8.576 0.0000000000
91418  -43.482  45.031  -8.288 0.0000000000
91419  -44.404  45.092  -7.810 0.0000000000
91420  -45.069  45.107  -7.593 0.0000000000
91421  -47.999  44.938  -8.533 0.0000000000
91433  -38.157  44.977  -9.235 0.0000000000
91434  -39.037  44.930  -9.251 0.0000000000
91435  -40.027  44.821  -9.308 0.0000000000
91436  -41.256  44.953  -9.504 0.0000000000
91437  -42.292  44.852  -9.281 0.0000000000
91438  -43.052  45.169  -9.094 0.0000000000
91439  -47.263  44.893  -10.072 0.0000000000
91440  -47.724  44.134  -9.763 0.0000000000
91444  -41.728  45.308  -10.036 0.0000000000
91445  -42.304  45.226  -9.839 0.0000000000
91446  -42.779  45.281  -9.541 0.0000000000
91447  -47.013  44.491  -10.879 0.0000000000
91448  -47.497  44.045  -10.693 0.0000000000
91452  -46.308  44.439  -11.883 0.0000000000
91453  -47.035  44.016  -11.674 0.0000000000
91454  -47.329  44.017  -11.180 0.0000000000
91457  -45.803  44.140  -13.456 0.0000000000
91458  -46.389  43.981  -12.564 0.0000000000
91459  -46.714  44.004  -12.166 0.0000000000
91462  -45.167  44.319  -14.584 0.0000000000
91469  -38.568  44.056  -14.966 0.0000000000
91470  -39.515  44.049  -14.896 0.0000000000
91471  -40.057  43.950  -14.874 0.0000000000
91472  -45.055  44.431  -15.517 0.0000000000
91479  -38.125  44.299  -15.909 0.0000000000
91480  -39.208  44.095  -15.811 0.0000000000
91481  -40.321  43.917  -15.573 0.0000000000
91482  -41.074  43.867  -15.768 0.0000000000
91483  -45.128  44.373  -16.348 0.0000000000
91494  -38.882  44.444  -16.795 0.0000000000
91495  -40.067  44.159  -16.683 0.0000000000
91496  -41.361  43.887  -16.545 0.0000000000
91497  -42.177  43.540  -16.883 0.0000000000
91498  -45.111  44.329  -17.083 0.0000000000
91510  -38.616  44.684  -17.794 0.0000000000
91511  -39.759  44.414  -17.690 0.0000000000
91512  -41.005  44.145  -17.689 0.0000000000
91513  -42.303  43.337  -17.674 0.0000000000
91514  -43.098  42.835  -18.029 0.0000000000
91515  -44.363  43.628  -18.070 0.0000000000
91516  -44.689  44.426  -17.710 0.0000000000
91530  -38.340  44.693  -18.735 0.0000000000
91531  -39.419  44.508  -18.623 0.0000000000
91532  -40.593  44.241  -18.654 0.0000000000
91533  -41.530  43.686  -18.811 0.0000000000
91534  -43.028  43.178  -18.741 0.0000000000
91535  -44.007  44.223  -18.810 0.0000000000
91536  -44.391  44.365  -18.226 0.0000000000
91548  -38.951  44.493  -19.508 0.0000000000
91549  -40.210  44.209  -19.443 0.0000000000
91550  -41.093  43.632  -19.701 0.0000000000
91551  -42.164  43.285  -19.793 0.0000000000
91552  -43.403  44.068  -19.995 0.0000000000
91968  -47.090  46.265  -6.707 0.0000000000
91969  -47.329  46.311  -6.748 0.0000000000
91976  -46.032  45.513  -7.442 0.0000000000
91977  -46.658  45.979  -7.116 0.0000000000
91978  -47.538  46.272  -7.344 0.0000000000
91984  -43.783  45.311  -8.520 0.0000000000
91985  -44.223  45.349  -8.431 0.0000000000
91986  -45.524  45.406  -8.041 0.0000000000
91987  -46.733  45.999  -8.195 0.0000000000
91988  -47.628  45.880  -8.340 0.0000000000
91999  -34.856  45.449  -9.615 0.0000000000
92000  -35.719  45.292  -9.633 0.0000000000
92001  -36.697  45.218  -9.720 0.0000000000
92002  -37.674  45.276  -9.805 0.0000000000
92003  -38.614  45.321  -9.829 0.0000000000
92004  -39.552  45.324  -9.820 0.0000000000
92005  -40.415  45.311  -9.838 0.0000000000
92006  -43.727  45.434  -8.874 0.0000000000
92007  -44.564  45.648  -9.088 0.0000000000
92008  -45.733  45.737  -9.182 0.0000000000
92009  -46.783  45.661  -9.350 0.0000000000
92010  -47.526  45.188  -9.157 0.0000000000
92018  -34.470  45.777  -10.390 0.0000000000
92019  -35.245  45.624  -10.377 0.0000000000
92020  -36.148  45.562  -10.397 0.0000000000
92021  -37.129  45.604  -10.462 0.0000000000
92022  -38.137  45.616  -10.507 0.0000000000
92023  -39.126  45.603  -10.487 0.0000000000
92024  -40.093  45.638  -10.424 0.0000000000
92025  -41.150  45.534  -10.336 0.0000000000
92026  -42.202  45.534  -10.457 0.0000000000
92027  -43.358  45.886  -9.897 0.0000000000
92028  -44.783  46.148  -9.953 0.0000000000
92029  -45.716  45.930  -10.264 0.0000000000
92030  -46.496  45.279  -10.507 0.0000000000
92036  -34.106  46.135  -11.145 0.0000000000
92037  -34.810  45.886  -11.212 0.0000000000
92038  -35.634  45.782  -11.117 0.0000000000
92039  -36.540  45.867  -11.156 0.0000000000
92040  -37.605  46.004  -11.293 0.0000000000
92041  -38.689  45.898  -11.213 0.0000000000
92042  -39.671  45.943  -11.131 0.0000000000
92043  -40.664  45.957  -11.083 0.0000000000
92044  -41.705  45.858  -11.158 0.0000000000
92045  -42.691  46.142  -11.034 0.0000000000
92046  -43.393  46.598  -10.909 0.0000000000
92047  -45.158  45.871  -11.807 0.0000000000
92048  -45.606  45.535  -11.378 0.0000000000
92049  -46.481  44.758  -11.245 0.0000000000
92054  -35.253  46.005  -11.693 0.0000000000
92055  -35.934  46.068  -11.833 0.0000000000
92056  -36.841  46.264  -11.885 0.0000000000
92057  -37.595  46.358  -12.050 0.0000000000
92058  -45.219  45.431  -12.482 0.0000000000
92059  -45.799  44.617  -12.349 0.0000000000
92062  -45.066  45.190  -13.775 0.0000000000
92065  -45.050  45.246  -14.841 0.0000000000
92068  -45.336  45.407  -15.746 0.0000000000
92069  -45.606  46.046  -16.200 0.0000000000
92074  -45.494  45.221  -16.565 0.0000000000
92075  -45.744  46.197  -16.734 0.0000000000
92080  -45.287  45.515  -17.351 0.0000000000
92081  -45.774  46.565  -17.301 0.0000000000
92090  -40.861  44.069  -18.897 0.0000000000
92091  -41.011  43.966  -18.915 0.0000000000
92092  -44.390  45.365  -19.069 0.0000000000
92093  -44.745  45.573  -18.404 0.0000000000
92105  -40.719  44.137  -19.044 0.0000000000
92106  -40.918  43.938  -19.132 0.0000000000
92107  -44.293  45.350  -19.727 0.0000000000
92108  -45.006  46.397  -19.390 0.0000000000
92532  -44.187  46.613  -10.677 0.0000000000
92533  -45.016  46.341  -10.736 0.0000000000
92534  -45.381  46.078  -10.851 0.0000000000
92540  -33.791  46.412  -11.870 0.0000000000
92541  -34.424  46.257  -11.876 0.0000000000
92542  -34.872  46.113  -11.810 0.0000000000
92543  -38.352  46.270  -11.932 0.0000000000
92544  -39.275  46.252  -11.852 0.0000000000
92545  -40.210  46.394  -11.760 0.0000000000
92546  -41.193  46.429  -11.727 0.0000000000
92547  -42.140  46.499  -11.690 0.0000000000
92548  -42.845  47.090  -11.550 0.0000000000
92549  -43.719  47.090  -11.340 0.0000000000
92550  -44.718  46.526  -11.663 0.0000000000
92551  -45.194  46.210  -11.129 0.0000000000
92556  -33.562  46.714  -12.344 0.0000000000
92557  -34.139  46.764  -12.732 0.0000000000
92558  -35.145  46.406  -12.433 0.0000000000
92559  -36.251  46.566  -12.534 0.0000000000
92560  -37.178  46.694  -12.551 0.0000000000
92561  -38.051  46.635  -12.611 0.0000000000
92562  -38.948  46.550  -12.584 0.0000000000
92563  -39.811  46.672  -12.449 0.0000000000
92564  -40.749  46.882  -12.547 0.0000000000
92565  -41.745  46.906  -12.246 0.0000000000
92566  -42.344  47.034  -11.970 0.0000000000
92567  -44.615  46.310  -12.999 0.0000000000
92569  -34.318  47.321  -13.248 0.0000000000
92570  -34.832  47.185  -13.215 0.0000000000
92571  -35.744  47.163  -13.141 0.0000000000
92572  -36.725  47.228  -13.100 0.0000000000
92573  -37.682  47.191  -13.161 0.0000000000
92574  -38.643  47.077  -13.215 0.0000000000
92575  -39.589  47.008  -13.100 0.0000000000
92576  -40.179  46.981  -12.884 0.0000000000
92577  -44.539  46.187  -14.151 0.0000000000
92579  -44.810  46.337  -15.108 0.0000000000
92581  -45.450  46.684  -15.720 0.0000000000
92582  -46.010  46.957  -16.268 0.0000000000
92584  -46.334  47.073  -16.953 0.0000000000
92587  -45.500  46.732  -17.987 0.0000000000
92588  -46.189  47.374  -17.791 0.0000000000
92591  -45.813  47.485  -19.064 0.0000000000
92592  -46.062  47.500  -18.434 0.0000000000
92596  -46.196  47.645  -19.764 0.0000000000
93043  -42.850  47.441  -11.884 0.0000000000
93044  -43.191  47.472  -11.851 0.0000000000
93045  -43.869  47.363  -11.896 0.0000000000
93054  -33.687  47.061  -12.850 0.0000000000
93055  -40.892  47.249  -12.903 0.0000000000
93056  -41.348  47.394  -12.765 0.0000000000
93057  -42.455  47.652  -12.332 0.0000000000
93058  -43.365  47.800  -12.419 0.0000000000
93059  -44.149  47.295  -12.540 0.0000000000
93063  -33.681  47.399  -13.126 0.0000000000
93064  -33.997  47.560  -13.308 0.0000000000
93065  -34.557  47.962  -13.476 0.0000000000
93066  -35.348  48.072  -13.495 0.0000000000
93067  -36.297  48.011  -13.546 0.0000000000
93068  -37.287  47.953  -13.615 0.0000000000
93069  -38.303  47.927  -13.576 0.0000000000
93070  -39.352  47.864  -13.470 0.0000000000
93071  -40.550  47.635  -13.239 0.0000000000
93072  -41.587  48.217  -13.104 0.0000000000
93073  -42.224  48.476  -12.997 0.0000000000
93074  -43.647  47.833  -13.062 0.0000000000
93075  -44.260  47.227  -13.490 0.0000000000
93077  -43.657  47.928  -13.926 0.0000000000
93078  -44.379  47.273  -14.424 0.0000000000
93080  -43.935  48.148  -14.699 0.0000000000
93081  -44.796  47.718  -15.287 0.0000000000
93082  -46.137  48.002  -15.717 0.0000000000
93083  -46.976  48.699  -16.165 0.0000000000
93086  -40.432  48.490  -16.601 0.0000000000
93087  -40.914  48.578  -16.593 0.0000000000
93088  -41.840  48.744  -16.796 0.0000000000
93089  -46.776  47.835  -16.458 0.0000000000
93090  -47.385  48.725  -16.889 0.0000000000
93094  -39.535  48.408  -17.420 0.0000000000
93095  -40.099  48.293  -17.093 0.0000000000
93096  -41.240  47.962  -17.320 0.0000000000
93097  -42.499  48.286  -17.564 0.0000000000
93098  -43.449  48.497  -18.090 0.0000000000
93099  -46.928  47.971  -17.465 0.0000000000
93100  -47.395  48.922  -17.968 0.0000000000
93104  -38.180  48.457  -18.475 0.0000000000
93105  -38.463  48.448  -18.383 0.0000000000
93106  -39.288  48.351  -17.965 0.0000000000
93107  -40.452  47.978  -18.193 0.0000000000
93108  -41.623  47.803  -18.380 0.0000000000
93109  -42.778  48.099  -18.637 0.0000000000
93110  -44.155  48.471  -18.928 0.0000000000
93111  -45.546  48.856  -19.672 0.0000000000
93112  -46.607  48.457  -18.758 0.0000000000
93113  -47.394  49.256  -18.774 0.0000000000
93117  -38.226  48.383  -18.708 0.0000000000
93118  -38.793  48.307  -18.899 0.0000000000
93119  -39.767  48.081  -19.038 0.0000000000
93120  -40.871  47.872  -19.286 0.0000000000
93121  -41.977  47.953  -19.322 0.0000000000
93122  -43.155  48.097  -19.566 0.0000000000
93123  -44.526  48.328  -19.818 0.0000000000
93124  -45.591  48.169  -20.005 0.0000000000
93128  -41.405  48.103  -19.877 0.0000000000
93581  -42.833  48.282  -12.847 0.0000000000
93582  -43.256  48.114  -12.870 0.0000000000
93592  -33.939  48.121  -13.566 0.0000000000
93593  -34.247  48.583  -13.617 0.0000000000
93594  -34.950  49.141  -13.910 0.0000000000
93595  -35.904  48.894  -14.048 0.0000000000
93596  -36.871  48.805  -14.077 0.0000000000
93597  -37.902  48.775  -14.067 0.0000000000
93598  -38.994  48.631  -14.125 0.0000000000
93599  -40.095  48.649  -14.010 0.0000000000
93600  -41.009  48.969  -13.661 0.0000000000
93601  -41.797  49.119  -13.448 0.0000000000
93602  -42.458  48.791  -13.547 0.0000000000
93603  -43.118  48.332  -13.407 0.0000000000
93608  -35.139  49.866  -14.494 0.0000000000
93609  -35.653  49.812  -14.444 0.0000000000
93610  -36.487  49.733  -14.430 0.0000000000
93611  -37.381  49.581  -14.519 0.0000000000
93612  -38.495  49.375  -14.840 0.0000000000
93613  -39.799  49.158  -14.743 0.0000000000
93614  -40.638  49.911  -14.303 0.0000000000
93615  -41.389  49.987  -13.861 0.0000000000
93616  -42.198  49.784  -13.907 0.0000000000
93617  -42.980  48.983  -14.449 0.0000000000
93620  -38.660  49.246  -15.759 0.0000000000
93621  -39.544  49.084  -15.430 0.0000000000
93622  -40.531  50.059  -15.227 0.0000000000
93623  -41.235  50.586  -15.420 0.0000000000
93624  -44.039  48.963  -15.313 0.0000000000
93625  -45.370  49.058  -15.621 0.0000000000
93626  -46.599  49.347  -15.881 0.0000000000
93627  -47.482  49.579  -16.428 0.0000000000
93633  -36.363  49.168  -17.016 0.0000000000
93634  -37.228  49.202  -16.818 0.0000000000
93635  -37.979  49.181  -16.722 0.0000000000
93636  -38.631  48.989  -16.535 0.0000000000
93637  -39.331  48.829  -16.260 0.0000000000
93638  -40.290  48.849  -16.150 0.0000000000
93639  -41.529  49.785  -15.977 0.0000000000
93640  -43.069  49.386  -16.707 0.0000000000
93641  -43.973  49.950  -16.962 0.0000000000
93642  -47.796  49.632  -17.427 0.0000000000
93647  -35.225  48.993  -18.219 0.0000000000
93648  -36.095  48.696  -17.989 0.0000000000
93649  -37.027  48.673  -17.697 0.0000000000
93650  -37.844  48.814  -17.443 0.0000000000
93651  -38.501  48.785  -17.215 0.0000000000
93652  -39.241  48.588  -17.110 0.0000000000
93653  -39.730  48.568  -16.648 0.0000000000
93654  -43.380  48.787  -17.522 0.0000000000
93655  -44.424  49.483  -17.972 0.0000000000
93656  -45.471  50.003  -18.343 0.0000000000
93657  -47.805  49.652  -18.448 0.0000000000
93662  -35.852  48.729  -18.923 0.0000000000
93663  -36.868  48.483  -18.728 0.0000000000
93664  -37.863  48.462  -18.337 0.0000000000
93665  -38.463  48.564  -17.828 0.0000000000
93666  -38.871  48.580  -17.553 0.0000000000
93667  -44.968  49.180  -19.057 0.0000000000
93668  -45.869  49.638  -19.068 0.0000000000
93669  -47.164  49.575  -19.366 0.0000000000
93670  -47.681  49.646  -19.044 0.0000000000
93674  -35.648  49.282  -19.428 0.0000000000
93675  -36.666  49.070  -19.705 0.0000000000
93676  -37.972  48.597  -19.377 0.0000000000
93677  -39.227  48.594  -19.700 0.0000000000
93678  -40.286  48.366  -19.895 0.0000000000
93679  -40.908  48.189  -19.938 0.0000000000
93682  -37.091  49.658  -20.132 0.0000000000
93683  -37.687  49.361  -20.136 0.0000000000
93684  -38.704  49.184  -20.244 0.0000000000
94151  -31.997  48.812  -14.130 0.0000000000
94152  -34.124  49.079  -13.740 0.0000000000
94153  -34.393  49.390  -13.964 0.0000000000
94163  -31.273  49.254  -14.690 0.0000000000
94164  -32.232  49.195  -14.784 0.0000000000
94165  -34.298  49.754  -14.338 0.0000000000
94166  -34.687  49.972  -14.566 0.0000000000
94167  -35.388  50.498  -14.797 0.0000000000
94168  -36.168  50.557  -14.700 0.0000000000
94169  -36.878  50.420  -14.811 0.0000000000
94170  -37.551  50.016  -14.956 0.0000000000
94171  -40.772  50.472  -14.339 0.0000000000
94172  -41.080  50.600  -14.304 0.0000000000
94173  -41.828  50.714  -14.251 0.0000000000
94174  -42.592  50.340  -14.454 0.0000000000
94184  -31.457  49.575  -15.417 0.0000000000
94185  -32.409  49.476  -15.514 0.0000000000
94186  -34.232  50.340  -15.169 0.0000000000
94187  -34.730  50.406  -15.304 0.0000000000
94188  -35.550  50.575  -15.392 0.0000000000
94189  -36.225  50.560  -15.511 0.0000000000
94190  -36.973  50.442  -15.323 0.0000000000
94191  -37.859  49.704  -15.475 0.0000000000
94192  -40.743  50.605  -14.605 0.0000000000
94193  -41.221  51.091  -14.906 0.0000000000
94194  -42.299  50.969  -14.972 0.0000000000
94195  -43.350  50.298  -15.190 0.0000000000
94196  -44.589  49.977  -15.849 0.0000000000
94197  -45.926  50.162  -16.030 0.0000000000
94198  -47.060  50.331  -16.161 0.0000000000
94207  -33.803  50.184  -15.998 0.0000000000
94208  -34.052  50.173  -16.027 0.0000000000
94209  -34.698  49.929  -16.128 0.0000000000
94210  -35.669  49.758  -16.313 0.0000000000
94211  -36.687  49.905  -16.180 0.0000000000
94212  -37.483  49.682  -16.092 0.0000000000
94213  -38.129  49.394  -16.116 0.0000000000
94214  -41.752  50.902  -15.530 0.0000000000
94215  -42.640  50.600  -15.845 0.0000000000
94216  -43.868  50.456  -16.275 0.0000000000
94217  -45.141  50.534  -16.563 0.0000000000
94218  -46.502  50.902  -16.982 0.0000000000
94219  -47.895  50.681  -17.117 0.0000000000
94220  -48.250  50.837  -17.924 0.0000000000
94226  -33.790  49.752  -17.042 0.0000000000
94227  -34.645  49.398  -17.368 0.0000000000
94228  -35.565  49.144  -17.360 0.0000000000
94229  -44.542  50.300  -17.060 0.0000000000
94230  -45.481  50.502  -17.670 0.0000000000
94231  -46.539  51.035  -18.236 0.0000000000
94232  -48.133  50.316  -18.071 0.0000000000
94233  -48.305  50.795  -18.471 0.0000000000
94240  -46.056  50.363  -18.511 0.0000000000
94241  -46.862  50.574  -19.147 0.0000000000
94242  -47.967  50.341  -19.176 0.0000000000
94243  -48.303  50.996  -18.962 0.0000000000
94694  -35.973  51.147  -14.945 0.0000000000
94695  -36.507  50.905  -14.928 0.0000000000
94696  -36.812  50.765  -14.995 0.0000000000
94706  -36.046  50.996  -15.272 0.0000000000
94707  -36.392  50.951  -15.138 0.0000000000
94708  -36.612  50.847  -15.119 0.0000000000
94714  -47.417  51.448  -17.891 0.0000000000
94715  -48.169  51.226  -17.970 0.0000000000
94716  -48.338  51.029  -18.186 0.0000000000
94722  -47.333  51.320  -18.875 0.0000000000
94723  -48.013  51.610  -18.626 0.0000000000
94724  -48.300  51.193  -18.532 0.0000000000
94730  -47.501  50.962  -19.368 0.0000000000
94731  -48.001  51.277  -19.330 0.0000000000
94732  -48.268  51.341  -18.938 0.0000000000
