#!ascii label  , from subject FREESURFER vox2ras=TkReg 
384
45045  -19.874  -16.490  28.303 0.0000000000
45060  -19.960  -16.495  27.516 0.0000000000
45993  -18.856  -14.978  30.105 0.0000000000
46007  -19.301  -15.548  29.413 0.0000000000
46008  -19.876  -14.933  28.997 0.0000000000
46020  -19.797  -16.113  28.784 0.0000000000
46021  -20.179  -15.540  28.413 0.0000000000
46028  -20.383  -15.619  27.240 0.0000000000
46852  -18.236  -14.402  31.117 0.0000000000
46853  -18.740  -14.434  30.530 0.0000000000
46862  -19.228  -14.370  29.935 0.0000000000
46863  -19.684  -14.349  29.326 0.0000000000
46875  -20.158  -14.357  28.702 0.0000000000
46890  -20.596  -14.505  27.803 0.0000000000
46891  -20.937  -14.082  27.220 0.0000000000
47626  -17.426  -13.141  33.157 0.0000000000
47640  -17.654  -13.467  32.500 0.0000000000
47654  -18.378  -13.438  31.602 0.0000000000
47655  -18.932  -13.160  31.097 0.0000000000
47667  -18.689  -13.769  30.950 0.0000000000
47668  -19.200  -13.511  30.503 0.0000000000
47677  -19.601  -13.533  29.793 0.0000000000
47678  -20.031  -13.511  29.183 0.0000000000
47685  -20.512  -13.431  28.443 0.0000000000
47686  -20.881  -13.020  27.968 0.0000000000
47694  -20.829  -13.647  27.738 0.0000000000
47695  -21.200  -13.269  27.283 0.0000000000
48356  -17.476  -12.478  34.184 0.0000000000
48357  -17.972  -11.952  33.697 0.0000000000
48362  -17.460  -12.856  33.525 0.0000000000
48363  -17.895  -12.403  33.144 0.0000000000
48373  -18.386  -12.475  32.203 0.0000000000
48385  -18.871  -12.476  31.461 0.0000000000
48386  -19.310  -12.588  30.860 0.0000000000
48399  -19.649  -12.728  30.232 0.0000000000
48411  -19.954  -12.865  29.675 0.0000000000
48412  -20.350  -12.643  29.180 0.0000000000
48421  -20.765  -12.447  28.529 0.0000000000
48422  -21.161  -12.371  27.868 0.0000000000
49163  -16.776  -11.395  36.029 0.0000000000
49169  -17.181  -11.365  35.464 0.0000000000
49175  -17.568  -11.501  34.746 0.0000000000
49176  -17.916  -11.443  34.006 0.0000000000
49182  -18.164  -11.391  33.336 0.0000000000
49188  -18.423  -11.482  32.596 0.0000000000
49194  -18.778  -11.545  31.803 0.0000000000
49195  -19.267  -11.687  31.127 0.0000000000
49202  -19.604  -11.963  30.548 0.0000000000
49211  -20.047  -11.937  29.907 0.0000000000
49212  -20.560  -11.676  29.163 0.0000000000
49222  -20.992  -11.567  28.443 0.0000000000
49223  -21.342  -11.533  27.712 0.0000000000
50044  -16.177  -10.922  36.921 0.0000000000
50045  -16.565  -10.755  36.344 0.0000000000
50055  -16.949  -10.635  35.737 0.0000000000
50065  -17.366  -10.524  34.909 0.0000000000
50066  -17.724  -10.816  34.276 0.0000000000
50076  -17.580  -10.194  34.081 0.0000000000
50077  -17.964  -10.533  33.577 0.0000000000
50086  -18.288  -10.564  32.865 0.0000000000
50095  -18.630  -10.564  32.118 0.0000000000
50096  -19.133  -10.683  31.391 0.0000000000
50105  -19.601  -10.931  30.530 0.0000000000
50115  -20.167  -10.784  29.695 0.0000000000
50116  -20.690  -10.696  28.949 0.0000000000
50130  -21.121  -10.689  28.216 0.0000000000
51038  -13.644  -9.474  37.289 0.0000000000
51039  -15.064  -10.064  37.438 0.0000000000
51040  -15.755  -10.581  37.217 0.0000000000
51051  -13.866  -9.335  36.491 0.0000000000
51052  -14.912  -9.458  36.332 0.0000000000
51053  -16.114  -10.017  36.536 0.0000000000
51054  -16.683  -10.227  36.067 0.0000000000
51066  -15.415  -9.234  35.646 0.0000000000
51067  -15.983  -9.379  35.747 0.0000000000
51068  -16.779  -9.782  35.448 0.0000000000
51081  -17.230  -9.660  34.388 0.0000000000
51094  -17.730  -9.498  33.331 0.0000000000
51095  -18.085  -10.010  33.064 0.0000000000
51107  -17.975  -9.009  32.689 0.0000000000
51108  -18.320  -9.551  32.468 0.0000000000
51121  -18.892  -9.687  31.649 0.0000000000
51122  -19.387  -9.794  30.976 0.0000000000
51135  -19.828  -9.776  30.182 0.0000000000
51148  -20.349  -9.755  29.393 0.0000000000
51149  -20.794  -9.766  28.574 0.0000000000
52142  -12.931  -8.985  36.356 0.0000000000
52143  -13.936  -9.240  35.971 0.0000000000
52156  -12.293  -7.911  35.171 0.0000000000
52157  -12.352  -8.187  35.581 0.0000000000
52158  -13.300  -9.026  35.316 0.0000000000
52159  -14.709  -9.088  35.333 0.0000000000
52160  -15.766  -9.013  35.148 0.0000000000
52161  -16.397  -9.206  35.121 0.0000000000
52172  -12.197  -7.955  34.506 0.0000000000
52173  -12.655  -8.663  34.337 0.0000000000
52174  -14.004  -8.904  34.385 0.0000000000
52175  -15.331  -8.695  34.385 0.0000000000
52176  -16.323  -8.834  34.456 0.0000000000
52177  -16.783  -9.261  34.661 0.0000000000
52187  -11.853  -8.246  33.489 0.0000000000
52188  -12.618  -8.595  33.417 0.0000000000
52189  -13.493  -8.699  33.574 0.0000000000
52190  -14.703  -8.471  33.382 0.0000000000
52191  -16.166  -8.325  33.345 0.0000000000
52192  -17.033  -8.922  33.824 0.0000000000
52201  -11.650  -8.243  32.823 0.0000000000
52202  -12.270  -8.447  32.795 0.0000000000
52203  -13.258  -8.531  32.872 0.0000000000
52204  -13.973  -8.515  33.057 0.0000000000
52205  -16.683  -8.011  32.594 0.0000000000
52206  -17.544  -8.366  32.506 0.0000000000
52207  -18.144  -8.816  32.333 0.0000000000
52217  -18.008  -8.039  31.649 0.0000000000
52218  -18.527  -8.561  31.514 0.0000000000
52219  -19.125  -9.140  31.250 0.0000000000
52230  -18.854  -8.200  30.742 0.0000000000
52231  -19.329  -8.707  30.592 0.0000000000
52243  -19.951  -8.799  29.716 0.0000000000
52244  -20.396  -8.838  28.938 0.0000000000
53243  -12.349  -7.768  34.971 0.0000000000
53244  -12.562  -7.383  35.560 0.0000000000
53245  -13.192  -6.905  36.072 0.0000000000
53260  -12.335  -7.472  34.632 0.0000000000
53261  -12.673  -7.283  35.066 0.0000000000
53275  -11.102  -7.132  33.316 0.0000000000
53276  -11.571  -7.488  33.619 0.0000000000
53277  -14.822  -8.331  32.883 0.0000000000
53278  -15.242  -8.240  32.872 0.0000000000
53294  -10.815  -7.192  33.018 0.0000000000
53295  -11.151  -7.854  32.802 0.0000000000
53296  -11.804  -8.170  32.224 0.0000000000
53297  -12.927  -8.299  32.085 0.0000000000
53298  -14.423  -8.173  32.467 0.0000000000
53299  -15.902  -7.846  32.341 0.0000000000
53300  -16.900  -7.715  32.071 0.0000000000
53315  -11.002  -7.126  32.407 0.0000000000
53316  -11.363  -7.448  31.901 0.0000000000
53317  -12.347  -7.691  31.424 0.0000000000
53318  -13.718  -7.577  31.472 0.0000000000
53319  -15.163  -7.396  31.564 0.0000000000
53320  -16.495  -7.244  31.453 0.0000000000
53321  -17.592  -7.503  31.240 0.0000000000
53322  -18.196  -7.880  31.243 0.0000000000
53343  -17.955  -7.109  30.588 0.0000000000
53344  -18.507  -7.551  30.488 0.0000000000
53345  -19.058  -8.006  30.384 0.0000000000
53369  -18.878  -7.159  29.795 0.0000000000
53370  -19.411  -7.699  29.596 0.0000000000
53371  -19.989  -8.265  29.228 0.0000000000
53398  -19.716  -7.289  28.877 0.0000000000
54437  -12.897  -7.025  35.258 0.0000000000
54438  -13.804  -6.629  35.583 0.0000000000
54439  -15.029  -5.992  35.601 0.0000000000
54455  -12.119  -7.011  34.118 0.0000000000
54456  -12.948  -6.802  34.706 0.0000000000
54457  -14.062  -6.257  34.637 0.0000000000
54458  -14.534  -6.217  35.115 0.0000000000
54473  -11.028  -6.801  33.103 0.0000000000
54474  -11.600  -6.805  33.535 0.0000000000
54475  -12.773  -6.371  33.822 0.0000000000
54476  -13.441  -6.312  34.265 0.0000000000
54490  -11.093  -6.380  32.372 0.0000000000
54491  -11.596  -6.305  32.992 0.0000000000
54492  -12.150  -6.332  33.369 0.0000000000
54508  -11.136  -6.533  31.771 0.0000000000
54509  -11.832  -6.679  31.089 0.0000000000
54510  -13.054  -6.797  30.837 0.0000000000
54511  -14.525  -6.566  30.954 0.0000000000
54512  -15.860  -6.650  31.066 0.0000000000
54513  -16.742  -6.677  30.923 0.0000000000
54514  -17.115  -6.977  30.993 0.0000000000
54535  -12.216  -6.223  30.764 0.0000000000
54536  -12.478  -6.458  30.773 0.0000000000
54537  -14.939  -5.909  30.754 0.0000000000
54538  -15.605  -6.003  30.700 0.0000000000
54539  -16.548  -6.146  30.595 0.0000000000
54540  -17.535  -6.480  30.387 0.0000000000
54541  -18.167  -6.869  30.305 0.0000000000
54561  -17.948  -5.997  29.769 0.0000000000
54562  -18.522  -6.458  29.624 0.0000000000
54563  -19.076  -6.950  29.466 0.0000000000
54576  -18.872  -6.051  28.925 0.0000000000
54577  -19.397  -6.584  28.743 0.0000000000
55532  -14.425  -5.968  34.362 0.0000000000
55533  -15.067  -5.722  34.681 0.0000000000
55540  -13.239  -5.966  33.582 0.0000000000
55541  -14.006  -5.862  33.824 0.0000000000
55542  -15.051  -5.230  33.830 0.0000000000
55550  -10.894  -5.421  32.006 0.0000000000
55551  -11.581  -5.557  32.421 0.0000000000
55552  -12.884  -5.732  33.061 0.0000000000
55553  -13.893  -5.327  33.221 0.0000000000
55563  -10.902  -5.451  31.529 0.0000000000
55564  -11.232  -5.925  31.203 0.0000000000
55565  -13.196  -6.381  30.668 0.0000000000
55566  -13.595  -6.293  30.732 0.0000000000
55579  -11.012  -5.280  30.873 0.0000000000
55580  -11.779  -5.666  30.698 0.0000000000
55581  -12.963  -5.917  30.599 0.0000000000
55582  -14.284  -5.652  30.668 0.0000000000
55583  -15.305  -5.402  30.530 0.0000000000
55584  -16.372  -5.332  30.170 0.0000000000
55585  -17.023  -5.802  30.213 0.0000000000
55596  -16.772  -4.971  29.621 0.0000000000
55597  -17.454  -5.384  29.524 0.0000000000
55598  -18.133  -5.773  29.438 0.0000000000
55608  -17.786  -5.017  28.834 0.0000000000
55609  -18.418  -5.421  28.691 0.0000000000
56566  -15.850  -4.955  35.202 0.0000000000
56575  -15.766  -4.468  34.489 0.0000000000
56576  -16.178  -3.909  34.972 0.0000000000
56581  -14.482  -5.109  33.351 0.0000000000
56582  -15.107  -4.365  33.429 0.0000000000
56585  -10.787  -5.028  31.717 0.0000000000
56586  -11.172  -4.670  31.982 0.0000000000
56587  -12.406  -4.663  32.358 0.0000000000
56588  -13.903  -4.524  32.832 0.0000000000
56589  -14.691  -3.756  32.995 0.0000000000
56594  -10.894  -4.565  31.424 0.0000000000
56595  -11.221  -3.954  31.543 0.0000000000
56602  -10.852  -4.530  30.931 0.0000000000
56603  -11.458  -4.617  30.550 0.0000000000
56604  -12.507  -4.715  30.409 0.0000000000
56605  -13.794  -4.658  30.452 0.0000000000
56606  -14.841  -4.774  30.407 0.0000000000
56607  -15.654  -4.792  30.164 0.0000000000
56615  -14.551  -4.160  30.195 0.0000000000
56616  -15.295  -4.173  29.863 0.0000000000
56617  -16.251  -4.458  29.518 0.0000000000
56618  -16.923  -4.716  29.263 0.0000000000
56625  -16.695  -4.282  28.924 0.0000000000
56626  -17.306  -4.523  28.683 0.0000000000
56627  -17.894  -4.761  28.425 0.0000000000
56633  -17.656  -4.317  28.093 0.0000000000
57570  -15.650  -3.658  33.979 0.0000000000
57571  -16.069  -3.385  34.675 0.0000000000
57577  -15.184  -3.357  33.467 0.0000000000
57581  -11.864  -3.754  31.966 0.0000000000
57582  -13.007  -3.574  32.391 0.0000000000
57583  -14.094  -3.355  32.662 0.0000000000
57584  -14.711  -3.047  33.055 0.0000000000
57587  -11.074  -3.557  31.088 0.0000000000
57588  -11.471  -3.106  31.526 0.0000000000
57591  -11.401  -3.629  30.659 0.0000000000
57592  -12.158  -3.708  30.345 0.0000000000
57593  -13.370  -3.553  30.133 0.0000000000
57594  -14.092  -3.920  30.200 0.0000000000
57598  -13.897  -3.001  29.541 0.0000000000
57599  -14.562  -3.496  29.627 0.0000000000
57600  -15.667  -3.614  28.962 0.0000000000
57601  -16.319  -4.009  28.916 0.0000000000
57608  -15.866  -3.332  28.328 0.0000000000
57609  -16.577  -3.680  28.238 0.0000000000
57610  -17.284  -4.046  28.122 0.0000000000
57616  -16.775  -3.389  27.542 0.0000000000
58555  -15.524  -2.654  34.162 0.0000000000
58556  -16.020  -2.706  34.744 0.0000000000
58565  -14.446  -2.226  33.307 0.0000000000
58566  -14.910  -2.638  33.506 0.0000000000
58571  -12.203  -2.559  32.099 0.0000000000
58572  -13.465  -2.607  32.507 0.0000000000
58573  -14.281  -2.605  32.853 0.0000000000
58574  -14.622  -2.624  33.182 0.0000000000
58579  -11.194  -2.310  31.157 0.0000000000
58580  -11.506  -2.451  31.635 0.0000000000
58585  -11.372  -2.581  30.684 0.0000000000
58586  -12.046  -2.574  30.186 0.0000000000
58587  -12.696  -2.998  30.150 0.0000000000
58592  -12.395  -2.023  29.702 0.0000000000
58593  -13.196  -2.273  29.427 0.0000000000
58594  -14.385  -2.701  28.978 0.0000000000
58595  -15.003  -3.121  28.943 0.0000000000
58601  -13.396  -1.533  28.648 0.0000000000
58602  -14.170  -1.708  28.117 0.0000000000
58603  -15.267  -2.787  28.172 0.0000000000
58604  -15.956  -3.188  27.999 0.0000000000
58609  -14.409  -1.203  27.266 0.0000000000
58610  -15.055  -1.611  26.998 0.0000000000
58611  -16.134  -2.875  27.327 0.0000000000
58617  -15.148  -1.447  26.165 0.0000000000
59449  -15.198  -1.489  35.385 0.0000000000
59462  -14.057  -1.481  34.362 0.0000000000
59463  -15.005  -1.717  34.597 0.0000000000
59464  -15.814  -2.116  34.918 0.0000000000
59477  -13.192  -1.478  33.288 0.0000000000
59478  -13.993  -1.686  33.599 0.0000000000
59479  -14.746  -1.977  33.875 0.0000000000
59489  -12.127  -1.446  32.267 0.0000000000
59490  -12.991  -1.769  32.530 0.0000000000
59491  -13.849  -1.954  32.892 0.0000000000
59496  -11.103  -1.198  31.274 0.0000000000
59497  -11.514  -1.828  31.736 0.0000000000
59502  -11.166  -1.455  30.431 0.0000000000
59503  -11.518  -2.021  30.254 0.0000000000
59507  -11.295  -1.013  29.847 0.0000000000
59508  -11.871  -1.487  29.714 0.0000000000
59509  -12.544  -1.742  29.463 0.0000000000
59514  -12.092  -0.921  29.233 0.0000000000
59515  -12.697  -1.219  28.980 0.0000000000
59516  -13.408  -1.009  28.148 0.0000000000
59520  -13.996  -0.940  27.435 0.0000000000
59521  -14.404  -0.966  26.809 0.0000000000
59526  -14.735  -1.108  26.194 0.0000000000
60378  -13.590  -0.449  36.380 0.0000000000
60391  -12.436  -0.073  35.352 0.0000000000
60392  -13.299  -0.660  35.703 0.0000000000
60393  -14.382  -1.029  35.928 0.0000000000
60406  -11.700  0.331  34.401 0.0000000000
60407  -11.945  -0.227  34.651 0.0000000000
60408  -12.967  -0.994  34.845 0.0000000000
60409  -14.165  -1.250  35.164 0.0000000000
60421  -11.371  0.430  33.232 0.0000000000
60422  -11.454  0.178  33.712 0.0000000000
60423  -12.311  -0.931  33.838 0.0000000000
60424  -13.283  -1.384  34.029 0.0000000000
60433  -11.390  0.266  32.804 0.0000000000
60434  -11.792  -0.599  32.765 0.0000000000
60435  -12.512  -1.197  32.922 0.0000000000
60441  -11.318  -0.197  31.772 0.0000000000
60442  -11.608  -1.015  31.893 0.0000000000
60451  -10.996  -0.373  30.667 0.0000000000
60452  -11.176  -0.048  30.020 0.0000000000
60462  -11.099  -0.655  30.036 0.0000000000
60463  -11.653  -0.397  29.456 0.0000000000
60464  -12.187  -0.042  28.863 0.0000000000
60474  -12.280  -0.557  28.965 0.0000000000
60475  -12.777  -0.342  28.430 0.0000000000
60476  -13.595  -0.361  27.775 0.0000000000
60477  -13.989  -0.149  27.319 0.0000000000
60481  -14.203  -0.560  27.189 0.0000000000
60482  -14.556  -0.462  26.649 0.0000000000
60483  -15.088  -0.247  26.188 0.0000000000
60488  -14.935  -0.736  25.950 0.0000000000
61396  -13.432  0.457  36.771 0.0000000000
61410  -12.440  0.446  35.327 0.0000000000
61411  -12.817  0.670  35.759 0.0000000000
61425  -11.684  0.638  34.153 0.0000000000
61426  -12.123  0.791  34.712 0.0000000000
61427  -12.597  1.631  34.927 0.0000000000
61448  -11.346  0.787  33.024 0.0000000000
61449  -11.713  1.256  33.580 0.0000000000
61450  -12.075  1.478  34.017 0.0000000000
61468  -11.340  0.847  32.041 0.0000000000
61469  -11.536  1.555  32.484 0.0000000000
61484  -11.266  0.576  30.959 0.0000000000
61485  -11.634  1.843  31.150 0.0000000000
61486  -12.375  2.377  30.868 0.0000000000
61502  -11.188  0.261  30.349 0.0000000000
61503  -11.672  0.725  29.908 0.0000000000
61504  -12.855  1.752  30.118 0.0000000000
61505  -14.302  1.807  29.932 0.0000000000
61506  -15.041  1.867  29.953 0.0000000000
61522  -11.981  0.275  29.192 0.0000000000
61523  -12.670  0.533  28.869 0.0000000000
61524  -13.863  0.890  29.051 0.0000000000
61525  -15.298  1.117  29.366 0.0000000000
61544  -13.079  0.063  28.163 0.0000000000
61545  -13.564  0.234  28.045 0.0000000000
61546  -14.643  0.258  27.700 0.0000000000
61547  -16.041  0.524  28.112 0.0000000000
61568  -14.865  -0.001  26.706 0.0000000000
61569  -15.483  0.131  26.885 0.0000000000
62412  -13.170  2.190  35.235 0.0000000000
62428  -12.421  1.820  34.170 0.0000000000
62429  -13.050  2.378  34.260 0.0000000000
62448  -11.939  1.730  33.340 0.0000000000
62449  -12.188  1.899  33.458 0.0000000000
62450  -12.822  2.379  33.422 0.0000000000
62451  -13.720  2.665  33.433 0.0000000000
62465  -11.908  1.916  32.953 0.0000000000
62466  -12.413  2.375  32.699 0.0000000000
62467  -13.241  2.636  32.543 0.0000000000
62479  -11.833  2.289  32.175 0.0000000000
62480  -12.496  2.593  31.663 0.0000000000
62481  -13.578  2.651  31.603 0.0000000000
62482  -14.595  2.605  31.466 0.0000000000
62491  -12.970  2.525  30.913 0.0000000000
62492  -13.850  2.415  30.698 0.0000000000
62493  -15.077  2.337  30.575 0.0000000000
62494  -15.994  2.286  30.395 0.0000000000
62503  -15.518  1.992  29.960 0.0000000000
62504  -16.194  1.882  29.763 0.0000000000
63377  -15.900  2.540  30.969 0.0000000000
