#!ascii label  , from subject FREESURFER vox2ras=TkReg 
384
865  -6.831  -82.851  -10.439 0.0000000000
866  -7.210  -82.744  -10.271 0.0000000000
886  -5.801  -82.725  -11.225 0.0000000000
887  -6.435  -82.884  -10.909 0.0000000000
888  -7.122  -82.955  -10.945 0.0000000000
905  -6.047  -83.050  -11.983 0.0000000000
906  -6.835  -83.094  -11.864 0.0000000000
907  -7.673  -82.840  -11.770 0.0000000000
908  -8.301  -82.619  -11.966 0.0000000000
925  -7.333  -83.035  -12.870 0.0000000000
926  -8.282  -82.768  -12.822 0.0000000000
927  -8.948  -82.829  -13.348 0.0000000000
1266  -5.845  -81.872  -9.267 0.0000000000
1267  -6.179  -82.011  -9.132 0.0000000000
1268  -6.925  -82.151  -8.955 0.0000000000
1282  -5.657  -82.047  -9.783 0.0000000000
1283  -6.580  -82.586  -9.842 0.0000000000
1284  -7.722  -82.143  -9.733 0.0000000000
1285  -8.355  -81.859  -10.165 0.0000000000
1300  -5.004  -81.715  -11.246 0.0000000000
1301  -5.326  -82.241  -11.000 0.0000000000
1302  -5.903  -82.592  -10.461 0.0000000000
1303  -7.720  -82.643  -10.759 0.0000000000
1304  -8.362  -82.213  -10.734 0.0000000000
1305  -8.944  -81.870  -11.140 0.0000000000
1320  -4.863  -81.866  -12.253 0.0000000000
1321  -5.406  -82.604  -12.109 0.0000000000
1322  -8.167  -82.564  -11.358 0.0000000000
1323  -8.731  -82.310  -11.692 0.0000000000
1324  -9.561  -81.862  -11.817 0.0000000000
1325  -10.174  -81.785  -12.200 0.0000000000
1343  -8.619  -82.536  -12.270 0.0000000000
1344  -9.119  -82.441  -12.626 0.0000000000
1345  -10.191  -82.304  -12.931 0.0000000000
1665  -7.110  -80.962  -8.015 0.0000000000
1666  -7.536  -80.955  -8.115 0.0000000000
1687  -5.766  -81.444  -9.076 0.0000000000
1688  -6.552  -81.410  -8.496 0.0000000000
1689  -7.518  -81.474  -8.607 0.0000000000
1690  -8.197  -81.132  -8.851 0.0000000000
1704  -5.049  -81.050  -10.495 0.0000000000
1705  -5.276  -81.208  -9.836 0.0000000000
1706  -8.004  -81.538  -9.196 0.0000000000
1707  -8.620  -81.267  -9.734 0.0000000000
1708  -9.520  -80.738  -10.017 0.0000000000
1709  -10.097  -80.390  -9.896 0.0000000000
1722  -4.874  -80.947  -11.510 0.0000000000
1723  -5.148  -81.587  -10.559 0.0000000000
1724  -8.734  -81.723  -10.527 0.0000000000
1725  -9.488  -81.452  -10.830 0.0000000000
1726  -10.479  -80.867  -10.599 0.0000000000
1739  -9.758  -81.606  -11.397 0.0000000000
1740  -10.218  -81.507  -11.535 0.0000000000
1741  -11.222  -81.197  -11.550 0.0000000000
1761  -10.799  -81.730  -12.350 0.0000000000
2124  -6.962  -80.347  -7.813 0.0000000000
2125  -7.547  -80.421  -7.822 0.0000000000
2126  -8.213  -80.244  -7.851 0.0000000000
2146  -6.007  -80.585  -8.531 0.0000000000
2147  -6.613  -80.623  -8.122 0.0000000000
2148  -7.998  -80.828  -8.237 0.0000000000
2149  -8.719  -80.207  -8.803 0.0000000000
2150  -9.237  -79.576  -9.229 0.0000000000
2165  -5.043  -80.315  -10.398 0.0000000000
2166  -5.404  -80.497  -9.294 0.0000000000
2167  -8.995  -80.497  -9.573 0.0000000000
2168  -9.482  -79.950  -9.502 0.0000000000
2182  -4.921  -79.706  -11.661 0.0000000000
2574  -8.438  -78.927  -7.008 0.0000000000
2575  -9.070  -78.966  -7.255 0.0000000000
2597  -7.181  -79.841  -7.640 0.0000000000
2598  -7.849  -79.576  -7.424 0.0000000000
2599  -8.662  -79.620  -7.730 0.0000000000
2616  -5.618  -79.600  -8.841 0.0000000000
2617  -6.456  -79.678  -8.016 0.0000000000
2618  -8.927  -79.625  -8.378 0.0000000000
2633  -4.958  -78.974  -10.869 0.0000000000
2634  -5.193  -79.598  -9.722 0.0000000000
3037  -8.246  -78.077  -6.615 0.0000000000
3038  -8.985  -78.336  -6.619 0.0000000000
3062  -7.109  -79.056  -7.480 0.0000000000
3063  -7.699  -78.588  -7.028 0.0000000000
3085  -5.883  -78.614  -8.511 0.0000000000
3086  -6.500  -78.583  -7.832 0.0000000000
3110  -5.269  -78.486  -9.661 0.0000000000
3511  -7.987  -77.186  -6.464 0.0000000000
3512  -8.753  -77.424  -6.271 0.0000000000
3526  -7.003  -77.920  -7.374 0.0000000000
3527  -7.615  -77.748  -6.810 0.0000000000
3536  -5.563  -77.687  -9.053 0.0000000000
3537  -6.198  -77.566  -8.196 0.0000000000
3555  -5.152  -77.136  -10.219 0.0000000000
3916  -10.055  -76.222  -5.685 0.0000000000
3928  -7.811  -76.386  -6.524 0.0000000000
3929  -8.432  -76.493  -6.171 0.0000000000
3930  -9.298  -76.587  -5.903 0.0000000000
3943  -6.710  -76.958  -7.684 0.0000000000
3944  -7.329  -76.839  -7.046 0.0000000000
3957  -5.614  -76.614  -9.148 0.0000000000
3958  -6.285  -76.544  -8.274 0.0000000000
4428  -10.382  -75.357  -5.506 0.0000000000
4435  -8.121  -75.669  -6.448 0.0000000000
4436  -8.819  -75.611  -6.012 0.0000000000
4437  -9.597  -75.491  -5.642 0.0000000000
4446  -6.798  -75.881  -7.801 0.0000000000
4447  -7.530  -75.725  -7.044 0.0000000000
4459  -5.574  -75.625  -9.965 0.0000000000
4460  -6.127  -75.681  -8.822 0.0000000000
4945  -10.063  -74.570  -5.649 0.0000000000
4946  -10.871  -74.484  -5.398 0.0000000000
4954  -7.981  -75.018  -7.027 0.0000000000
4955  -8.508  -74.831  -6.548 0.0000000000
4956  -9.270  -74.576  -6.140 0.0000000000
4964  -6.672  -74.968  -8.582 0.0000000000
4965  -7.441  -74.595  -7.911 0.0000000000
4966  -8.350  -74.225  -7.412 0.0000000000
4967  -8.939  -74.130  -6.941 0.0000000000
4976  -6.290  -74.673  -9.862 0.0000000000
4977  -7.041  -74.227  -9.056 0.0000000000
5475  -9.876  -73.921  -6.161 0.0000000000
5476  -10.553  -73.596  -5.814 0.0000000000
5477  -11.421  -73.550  -5.388 0.0000000000
5486  -9.473  -73.698  -6.840 0.0000000000
5487  -10.143  -73.231  -6.772 0.0000000000
5495  -7.677  -73.765  -8.944 0.0000000000
5496  -8.278  -73.636  -8.471 0.0000000000
5497  -9.196  -73.399  -8.020 0.0000000000
5498  -9.728  -73.263  -7.450 0.0000000000
5509  -6.968  -74.052  -9.767 0.0000000000
5510  -7.512  -73.633  -9.833 0.0000000000
5511  -8.318  -73.087  -9.789 0.0000000000
5512  -8.880  -73.201  -9.104 0.0000000000
5530  -8.268  -72.476  -10.538 0.0000000000
6047  -10.608  -72.956  -6.285 0.0000000000
6048  -11.127  -72.573  -5.949 0.0000000000
6049  -11.935  -72.622  -5.370 0.0000000000
6059  -10.640  -72.418  -6.855 0.0000000000
6060  -11.063  -72.115  -6.520 0.0000000000
6070  -9.602  -72.986  -8.551 0.0000000000
6071  -10.053  -72.660  -8.240 0.0000000000
6084  -8.896  -72.835  -9.701 0.0000000000
6085  -9.383  -72.674  -9.293 0.0000000000
6086  -9.915  -72.101  -9.619 0.0000000000
6104  -8.765  -72.160  -10.357 0.0000000000
6105  -9.483  -71.702  -10.286 0.0000000000
6106  -10.006  -71.569  -10.220 0.0000000000
6620  -11.681  -72.040  -5.780 0.0000000000
6621  -12.336  -71.600  -5.759 0.0000000000
6637  -11.027  -71.958  -6.911 0.0000000000
6638  -11.512  -71.537  -6.644 0.0000000000
6639  -12.110  -71.216  -6.401 0.0000000000
6655  -10.918  -71.754  -7.854 0.0000000000
6656  -11.493  -71.017  -8.008 0.0000000000
6673  -10.475  -71.535  -9.499 0.0000000000
6674  -11.220  -71.063  -8.984 0.0000000000
6692  -8.624  -70.683  -10.275 0.0000000000
6693  -9.997  -70.596  -10.831 0.0000000000
6694  -11.021  -70.626  -10.000 0.0000000000
6706  -8.886  -69.276  -10.846 0.0000000000
7186  -13.069  -71.011  -5.933 0.0000000000
7203  -12.058  -71.047  -6.774 0.0000000000
7204  -12.542  -70.633  -6.667 0.0000000000
7205  -13.372  -70.295  -6.402 0.0000000000
7221  -12.010  -70.685  -7.517 0.0000000000
7222  -12.530  -69.771  -7.943 0.0000000000
7238  -11.760  -70.039  -9.070 0.0000000000
7239  -12.399  -69.039  -8.808 0.0000000000
7254  -9.933  -68.681  -11.247 0.0000000000
7255  -11.101  -69.539  -10.579 0.0000000000
7264  -8.785  -68.295  -11.136 0.0000000000
7722  -13.092  -69.740  -7.190 0.0000000000
7723  -13.786  -69.417  -6.968 0.0000000000
7739  -13.269  -68.810  -8.052 0.0000000000
7740  -13.923  -68.754  -7.550 0.0000000000
7756  -11.749  -68.679  -9.554 0.0000000000
7757  -12.493  -68.392  -8.786 0.0000000000
7772  -10.162  -68.278  -9.975 0.0000000000
7773  -10.804  -68.668  -10.345 0.0000000000
8221  -12.316  -67.661  -6.996 0.0000000000
8222  -12.550  -67.573  -6.998 0.0000000000
8233  -12.073  -67.659  -8.249 0.0000000000
8234  -12.205  -67.713  -7.569 0.0000000000
8235  -12.974  -67.358  -7.432 0.0000000000
8236  -14.311  -68.921  -7.169 0.0000000000
8237  -14.886  -68.759  -6.977 0.0000000000
8238  -15.621  -68.622  -6.918 0.0000000000
8239  -16.227  -68.532  -7.005 0.0000000000
8253  -11.655  -67.871  -8.276 0.0000000000
8254  -12.219  -67.741  -8.546 0.0000000000
8255  -13.011  -67.780  -8.161 0.0000000000
8256  -14.159  -68.130  -7.623 0.0000000000
8257  -15.115  -67.954  -7.352 0.0000000000
8258  -15.825  -67.892  -7.174 0.0000000000
8259  -16.537  -67.977  -7.266 0.0000000000
8277  -10.953  -68.053  -8.713 0.0000000000
8278  -11.726  -67.963  -9.134 0.0000000000
8279  -12.304  -68.044  -8.987 0.0000000000
8297  -10.981  -68.279  -9.572 0.0000000000
8732  -11.475  -67.393  -5.404 0.0000000000
8733  -11.813  -66.947  -4.433 0.0000000000
8734  -12.686  -67.135  -4.056 0.0000000000
8735  -13.758  -67.209  -4.102 0.0000000000
8736  -14.538  -67.064  -4.275 0.0000000000
8751  -12.389  -67.494  -5.223 0.0000000000
8752  -13.335  -67.459  -5.149 0.0000000000
8753  -14.218  -67.234  -5.135 0.0000000000
8754  -14.961  -66.954  -4.981 0.0000000000
8763  -12.176  -67.696  -6.410 0.0000000000
8764  -13.009  -67.523  -6.404 0.0000000000
8765  -13.879  -67.244  -6.248 0.0000000000
8766  -14.671  -66.944  -6.075 0.0000000000
8767  -15.237  -66.772  -5.619 0.0000000000
8776  -11.327  -67.817  -6.525 0.0000000000
8777  -13.554  -67.207  -7.142 0.0000000000
8778  -14.236  -66.975  -6.983 0.0000000000
8779  -14.956  -66.937  -6.772 0.0000000000
8780  -15.634  -67.062  -6.771 0.0000000000
8781  -16.048  -67.083  -6.819 0.0000000000
8792  -13.332  -67.436  -7.547 0.0000000000
8793  -13.782  -67.448  -7.422 0.0000000000
8794  -14.598  -67.374  -7.264 0.0000000000
8795  -15.345  -67.350  -7.080 0.0000000000
8796  -16.155  -67.235  -7.048 0.0000000000
8797  -16.938  -67.240  -7.461 0.0000000000
9262  -12.602  -64.856  -3.056 0.0000000000
9263  -13.144  -65.335  -2.744 0.0000000000
9264  -14.162  -65.943  -2.641 0.0000000000
9265  -14.971  -66.292  -3.037 0.0000000000
9266  -15.773  -66.176  -3.120 0.0000000000
9267  -16.569  -66.014  -3.231 0.0000000000
9284  -11.059  -66.367  -4.785 0.0000000000
9285  -12.032  -65.695  -3.609 0.0000000000
9286  -13.308  -66.473  -3.235 0.0000000000
9287  -14.359  -66.746  -3.430 0.0000000000
9288  -15.270  -66.803  -3.884 0.0000000000
9289  -16.231  -66.574  -3.900 0.0000000000
9290  -17.214  -66.248  -3.811 0.0000000000
9291  -18.042  -66.089  -4.060 0.0000000000
9305  -15.687  -66.724  -4.845 0.0000000000
9306  -16.537  -66.502  -4.841 0.0000000000
9307  -17.484  -66.251  -4.897 0.0000000000
9308  -18.310  -65.980  -4.732 0.0000000000
9321  -15.087  -66.844  -6.195 0.0000000000
9322  -15.804  -66.610  -5.788 0.0000000000
9323  -16.699  -66.313  -5.760 0.0000000000
9324  -17.464  -65.977  -5.815 0.0000000000
9325  -17.905  -66.029  -5.273 0.0000000000
9338  -14.954  -67.008  -6.509 0.0000000000
9339  -15.407  -66.881  -6.464 0.0000000000
9340  -16.170  -66.678  -6.535 0.0000000000
9341  -16.924  -66.122  -6.508 0.0000000000
9353  -16.289  -66.925  -6.829 0.0000000000
9354  -16.793  -66.450  -7.170 0.0000000000
9363  -17.316  -66.513  -7.821 0.0000000000
9826  -14.442  -64.559  -1.740 0.0000000000
9827  -14.846  -64.809  -1.676 0.0000000000
9828  -15.845  -65.048  -1.746 0.0000000000
9829  -16.866  -65.146  -1.851 0.0000000000
9830  -17.717  -65.044  -1.960 0.0000000000
9847  -12.298  -64.489  -3.250 0.0000000000
9848  -13.018  -64.302  -2.679 0.0000000000
9849  -14.087  -64.642  -2.076 0.0000000000
9850  -15.148  -65.564  -2.335 0.0000000000
9851  -16.264  -65.573  -2.524 0.0000000000
9852  -17.283  -65.546  -2.775 0.0000000000
9853  -18.243  -65.121  -2.672 0.0000000000
9873  -10.960  -64.967  -4.505 0.0000000000
9874  -11.524  -64.445  -3.756 0.0000000000
9875  -17.948  -65.700  -3.392 0.0000000000
9876  -18.785  -65.372  -3.778 0.0000000000
9877  -19.360  -64.876  -3.879 0.0000000000
9897  -18.946  -65.658  -4.826 0.0000000000
9898  -19.483  -65.119  -4.558 0.0000000000
9899  -19.811  -64.897  -4.917 0.0000000000
9915  -17.719  -65.740  -6.090 0.0000000000
9916  -18.283  -65.734  -5.633 0.0000000000
9917  -19.334  -65.289  -5.508 0.0000000000
9918  -19.711  -65.054  -5.122 0.0000000000
9933  -17.388  -65.766  -6.420 0.0000000000
9934  -17.834  -65.544  -6.439 0.0000000000
9935  -18.598  -65.320  -6.297 0.0000000000
9936  -21.960  -66.232  -7.617 0.0000000000
9937  -22.347  -65.832  -7.590 0.0000000000
9954  -17.270  -65.585  -7.095 0.0000000000
9955  -17.933  -65.150  -6.977 0.0000000000
9956  -18.664  -64.926  -6.835 0.0000000000
9957  -21.209  -65.928  -9.099 0.0000000000
9958  -21.774  -66.466  -8.470 0.0000000000
9974  -17.281  -65.406  -8.137 0.0000000000
9989  -17.464  -64.393  -9.077 0.0000000000
10437  -15.645  -64.057  -0.687 0.0000000000
10438  -16.071  -64.120  -0.616 0.0000000000
10439  -16.961  -64.091  -0.616 0.0000000000
10440  -17.704  -63.926  -0.902 0.0000000000
10457  -14.012  -62.409  -1.504 0.0000000000
10458  -14.464  -64.186  -1.579 0.0000000000
10459  -15.366  -64.285  -1.061 0.0000000000
10460  -16.442  -64.606  -1.156 0.0000000000
10461  -17.396  -64.573  -1.302 0.0000000000
10462  -18.302  -64.253  -1.712 0.0000000000
10483  -12.304  -63.780  -2.815 0.0000000000
10484  -13.746  -63.316  -1.945 0.0000000000
10485  -14.111  -63.851  -1.841 0.0000000000
10486  -18.953  -64.401  -2.801 0.0000000000
10487  -19.278  -63.843  -2.958 0.0000000000
10513  -19.205  -64.759  -3.478 0.0000000000
10514  -19.541  -64.235  -3.592 0.0000000000
10515  -19.999  -64.039  -4.034 0.0000000000
10530  -19.584  -64.715  -4.113 0.0000000000
10531  -19.852  -64.526  -4.473 0.0000000000
10542  -19.643  -65.033  -5.778 0.0000000000
10543  -20.065  -64.677  -5.556 0.0000000000
10544  -20.939  -64.278  -6.400 0.0000000000
10545  -21.706  -64.507  -6.359 0.0000000000
10555  -19.458  -64.961  -6.309 0.0000000000
10556  -20.381  -64.484  -6.912 0.0000000000
10557  -21.480  -65.581  -7.153 0.0000000000
10566  -17.494  -64.958  -7.638 0.0000000000
10567  -18.170  -64.647  -7.481 0.0000000000
10568  -19.342  -64.447  -7.209 0.0000000000
10569  -20.781  -65.195  -8.042 0.0000000000
10570  -21.268  -66.032  -7.826 0.0000000000
10577  -17.567  -64.288  -8.235 0.0000000000
10578  -18.509  -64.106  -7.958 0.0000000000
10579  -19.710  -63.881  -7.827 0.0000000000
10580  -20.734  -63.897  -8.244 0.0000000000
10581  -20.787  -64.843  -9.482 0.0000000000
10594  -17.741  -63.640  -8.834 0.0000000000
10597  -20.949  -64.294  -10.054 0.0000000000
11086  -15.822  -62.856  0.016 0.0000000000
11087  -16.661  -62.779  0.187 0.0000000000
11088  -17.160  -62.674  0.170 0.0000000000
11100  -14.859  -63.316  -0.782 0.0000000000
11101  -15.503  -63.642  -0.490 0.0000000000
11102  -16.423  -63.510  -0.192 0.0000000000
11103  -17.378  -63.190  -0.242 0.0000000000
11104  -18.134  -63.268  -0.953 0.0000000000
11121  -14.638  -63.632  -1.161 0.0000000000
11122  -15.039  -63.763  -0.843 0.0000000000
11123  -18.592  -63.191  -1.748 0.0000000000
11124  -18.792  -62.806  -2.156 0.0000000000
11143  -14.407  -62.664  -1.151 0.0000000000
11144  -14.240  -63.496  -1.594 0.0000000000
11145  -18.730  -63.835  -2.164 0.0000000000
11146  -18.954  -63.394  -2.506 0.0000000000
11160  -19.380  -63.279  -3.138 0.0000000000
11161  -19.862  -63.450  -3.760 0.0000000000
11169  -20.296  -63.749  -4.603 0.0000000000
11176  -20.677  -63.919  -5.584 0.0000000000
11189  -17.979  -63.755  -8.443 0.0000000000
11190  -18.697  -63.699  -8.438 0.0000000000
11191  -19.704  -63.442  -8.531 0.0000000000
11192  -20.860  -63.382  -8.697 0.0000000000
11193  -21.031  -63.753  -9.368 0.0000000000
11196  -18.116  -63.563  -8.669 0.0000000000
11197  -18.624  -63.522  -8.883 0.0000000000
11198  -19.755  -63.058  -9.282 0.0000000000
11199  -21.061  -62.970  -9.062 0.0000000000
11658  -16.091  -62.006  0.342 0.0000000000
11659  -17.024  -62.113  0.477 0.0000000000
11660  -17.664  -61.967  0.269 0.0000000000
11675  -15.075  -62.784  -0.414 0.0000000000
11676  -17.478  -62.489  0.102 0.0000000000
11677  -18.047  -62.387  -0.282 0.0000000000
11697  -18.520  -62.470  -1.041 0.0000000000
12207  -16.477  -61.246  0.706 0.0000000000
13281  -15.962  -60.106  0.698 0.0000000000
14298  -14.514  -59.840  -0.773 0.0000000000
14306  -14.425  -61.379  -0.745 0.0000000000
103940  -11.276  -68.015  -7.284 0.0000000000
103942  -11.055  -67.994  -6.825 0.0000000000
103956  -22.615  -66.286  -9.034 0.0000000000
103957  -22.465  -66.490  -9.232 0.0000000000
103959  -22.291  -66.669  -9.499 0.0000000000
103961  -22.723  -66.323  -10.012 0.0000000000
103962  -22.624  -66.138  -10.830 0.0000000000
103963  -21.660  -66.308  -10.225 0.0000000000
103968  -14.161  -62.075  -1.195 0.0000000000
103971  -14.805  -61.957  -0.360 0.0000000000
103974  -15.393  -62.097  0.008 0.0000000000
103976  -15.331  -60.777  0.111 0.0000000000
103978  -15.154  -59.493  -0.351 0.0000000000
103979  -14.695  -60.628  -0.578 0.0000000000
103980  -16.245  -60.509  0.782 0.0000000000
