#!ascii label  , from subject FREESURFER vox2ras=TkReg 
341
70564  -37.515  10.975  11.138 0.0000000000
71377  -35.843  12.148  11.202 0.0000000000
71378  -36.556  11.640  10.855 0.0000000000
71379  -37.803  11.413  10.488 0.0000000000
71391  -36.868  12.164  10.255 0.0000000000
71392  -37.416  11.981  10.080 0.0000000000
71393  -38.351  11.885  9.887 0.0000000000
72159  -35.891  12.658  10.885 0.0000000000
72160  -36.475  12.538  10.382 0.0000000000
72172  -37.102  12.554  9.957 0.0000000000
72173  -37.986  12.507  9.680 0.0000000000
72174  -38.940  12.533  9.631 0.0000000000
72175  -39.803  12.502  9.672 0.0000000000
72970  -35.603  13.596  10.791 0.0000000000
72971  -36.132  13.024  10.555 0.0000000000
72985  -35.916  13.824  10.408 0.0000000000
72986  -36.472  13.204  10.177 0.0000000000
72987  -37.473  12.986  9.697 0.0000000000
72988  -38.659  13.226  9.498 0.0000000000
72989  -39.604  13.232  9.494 0.0000000000
72990  -40.382  13.033  9.518 0.0000000000
72999  -39.307  13.988  9.288 0.0000000000
73000  -39.597  13.990  9.292 0.0000000000
73001  -40.296  13.829  9.276 0.0000000000
73002  -41.148  13.268  9.302 0.0000000000
73003  -41.985  13.629  8.987 0.0000000000
73004  -42.953  13.723  8.865 0.0000000000
73745  -35.118  14.179  10.782 0.0000000000
73759  -33.312  15.283  9.848 0.0000000000
73760  -33.957  15.179  9.757 0.0000000000
73761  -35.156  14.431  10.309 0.0000000000
73762  -36.176  13.756  10.194 0.0000000000
73763  -36.932  13.243  9.824 0.0000000000
73764  -37.699  13.155  9.608 0.0000000000
73772  -33.966  15.366  8.987 0.0000000000
73773  -34.312  15.300  9.038 0.0000000000
73774  -35.903  14.541  8.639 0.0000000000
73775  -36.867  14.396  8.465 0.0000000000
73776  -38.044  14.233  8.423 0.0000000000
73777  -39.698  14.488  8.933 0.0000000000
73778  -40.089  14.557  8.792 0.0000000000
73779  -40.992  14.340  8.825 0.0000000000
73780  -42.040  14.334  8.613 0.0000000000
73781  -43.106  14.385  8.565 0.0000000000
73782  -44.257  14.422  8.774 0.0000000000
73790  -35.509  14.896  8.049 0.0000000000
73791  -36.262  14.849  7.745 0.0000000000
73792  -37.273  14.758  7.674 0.0000000000
73793  -38.029  14.728  7.701 0.0000000000
73794  -39.808  15.171  8.380 0.0000000000
73795  -40.242  15.199  8.239 0.0000000000
73796  -41.140  14.917  8.247 0.0000000000
73797  -42.083  14.777  8.313 0.0000000000
73798  -42.763  14.728  8.365 0.0000000000
73803  -36.291  15.353  6.024 0.0000000000
73804  -36.919  15.371  6.045 0.0000000000
73811  -37.930  15.349  5.027 0.0000000000
73812  -38.212  15.416  5.142 0.0000000000
73818  -38.123  15.365  4.933 0.0000000000
73819  -38.388  15.412  4.859 0.0000000000
74534  -33.100  15.396  9.174 0.0000000000
74535  -33.631  15.408  8.885 0.0000000000
74545  -33.182  15.514  8.242 0.0000000000
74546  -33.849  15.505  8.196 0.0000000000
74547  -34.273  15.500  7.736 0.0000000000
74548  -38.557  14.627  7.882 0.0000000000
74549  -39.054  14.718  7.708 0.0000000000
74550  -43.761  14.652  8.597 0.0000000000
74551  -44.931  14.826  8.730 0.0000000000
74560  -32.645  15.690  7.480 0.0000000000
74561  -33.356  15.596  7.316 0.0000000000
74562  -34.037  15.530  7.055 0.0000000000
74563  -34.715  15.418  6.569 0.0000000000
74564  -35.638  15.353  6.082 0.0000000000
74565  -37.568  15.435  6.207 0.0000000000
74566  -38.222  15.620  6.485 0.0000000000
74567  -39.249  15.879  7.424 0.0000000000
74568  -40.231  15.669  7.752 0.0000000000
74569  -41.365  15.074  8.061 0.0000000000
74570  -42.077  14.935  8.143 0.0000000000
74571  -43.804  15.576  7.215 0.0000000000
74572  -45.607  15.192  8.668 0.0000000000
74573  -46.198  15.447  8.642 0.0000000000
74574  -46.680  15.746  8.584 0.0000000000
74579  -32.808  15.897  6.537 0.0000000000
74580  -33.592  15.705  6.381 0.0000000000
74581  -34.352  15.537  6.086 0.0000000000
74582  -35.236  15.395  5.815 0.0000000000
74583  -36.299  15.361  5.767 0.0000000000
74584  -37.464  15.445  5.930 0.0000000000
74585  -38.419  15.733  6.223 0.0000000000
74586  -39.116  15.961  6.434 0.0000000000
74587  -40.613  15.279  6.278 0.0000000000
74588  -41.638  15.456  6.254 0.0000000000
74589  -42.804  15.796  6.191 0.0000000000
74590  -43.585  15.942  6.562 0.0000000000
74598  -33.186  16.010  5.852 0.0000000000
74599  -33.831  15.900  5.453 0.0000000000
74600  -34.738  15.663  5.233 0.0000000000
74601  -35.713  15.477  5.068 0.0000000000
74602  -36.802  15.322  5.114 0.0000000000
74603  -37.883  15.378  5.263 0.0000000000
74604  -38.569  15.556  5.377 0.0000000000
74605  -39.088  15.571  5.094 0.0000000000
74606  -40.802  15.542  5.426 0.0000000000
74607  -41.751  15.756  5.380 0.0000000000
74608  -42.476  15.996  5.230 0.0000000000
74615  -34.293  16.017  4.752 0.0000000000
74616  -35.051  15.856  4.207 0.0000000000
74617  -36.207  15.524  4.214 0.0000000000
74618  -37.259  15.378  4.311 0.0000000000
74619  -38.122  15.402  4.403 0.0000000000
74620  -38.793  15.541  4.393 0.0000000000
74621  -39.383  15.755  3.973 0.0000000000
74622  -41.082  15.790  4.561 0.0000000000
74623  -41.941  16.025  4.435 0.0000000000
74624  -42.491  16.118  4.716 0.0000000000
74629  -35.119  16.157  3.560 0.0000000000
74630  -35.745  16.011  3.291 0.0000000000
74631  -36.803  15.632  3.388 0.0000000000
74632  -37.756  15.513  3.499 0.0000000000
74633  -38.574  15.573  3.533 0.0000000000
74634  -39.314  15.807  3.380 0.0000000000
74635  -40.233  16.236  2.921 0.0000000000
74636  -41.337  15.967  3.992 0.0000000000
74641  -35.889  16.287  2.712 0.0000000000
74642  -36.493  16.097  2.481 0.0000000000
74643  -37.453  15.720  2.651 0.0000000000
74644  -38.328  15.636  2.744 0.0000000000
74645  -39.085  15.732  2.773 0.0000000000
74646  -39.756  16.049  2.592 0.0000000000
74649  -36.753  16.341  1.898 0.0000000000
74650  -37.274  16.031  1.924 0.0000000000
74651  -38.109  15.741  1.959 0.0000000000
74652  -38.972  15.715  2.108 0.0000000000
74653  -39.446  15.870  2.302 0.0000000000
75326  -44.093  16.133  6.639 0.0000000000
75327  -44.724  16.233  6.953 0.0000000000
75328  -45.674  16.583  7.117 0.0000000000
75329  -46.541  16.619  7.610 0.0000000000
75330  -47.498  16.474  8.464 0.0000000000
75337  -43.116  16.137  5.529 0.0000000000
75338  -43.781  16.266  5.987 0.0000000000
75339  -44.734  16.631  6.235 0.0000000000
75340  -45.150  16.636  6.687 0.0000000000
75346  -32.527  16.530  5.593 0.0000000000
75347  -33.255  16.217  5.365 0.0000000000
75348  -42.981  16.237  4.879 0.0000000000
75349  -43.710  16.446  5.109 0.0000000000
75350  -44.623  16.798  5.312 0.0000000000
75351  -45.145  17.106  4.917 0.0000000000
75357  -32.780  16.849  4.841 0.0000000000
75358  -33.544  16.549  4.617 0.0000000000
75359  -34.360  16.237  4.281 0.0000000000
75360  -42.217  16.218  3.857 0.0000000000
75361  -42.710  16.294  4.162 0.0000000000
75362  -43.542  16.530  4.277 0.0000000000
75363  -44.316  16.783  4.429 0.0000000000
75364  -44.979  17.074  4.433 0.0000000000
75369  -33.839  16.974  3.902 0.0000000000
75370  -34.602  16.611  3.585 0.0000000000
75371  -35.197  16.339  3.265 0.0000000000
75372  -40.872  16.615  2.546 0.0000000000
75373  -41.387  16.743  2.470 0.0000000000
75374  -42.394  16.882  2.208 0.0000000000
75375  -43.199  16.867  1.988 0.0000000000
75376  -43.863  17.035  1.827 0.0000000000
75377  -44.779  17.056  3.833 0.0000000000
75382  -34.898  16.857  3.069 0.0000000000
75383  -35.410  16.728  2.742 0.0000000000
75384  -35.995  16.464  2.419 0.0000000000
75385  -40.505  16.465  2.335 0.0000000000
75386  -41.265  16.821  2.208 0.0000000000
75387  -42.051  16.947  2.110 0.0000000000
75388  -42.830  16.892  1.940 0.0000000000
75389  -43.531  17.010  1.729 0.0000000000
75394  -35.684  17.207  2.181 0.0000000000
75395  -36.260  16.896  1.848 0.0000000000
75396  -37.063  16.508  1.425 0.0000000000
75397  -37.872  16.220  1.312 0.0000000000
75398  -38.812  16.113  1.409 0.0000000000
75399  -39.848  16.206  1.769 0.0000000000
75400  -40.878  16.771  1.736 0.0000000000
75401  -41.782  17.054  1.650 0.0000000000
75402  -42.510  17.047  1.715 0.0000000000
75403  -43.119  17.040  1.597 0.0000000000
75408  -36.483  17.351  1.279 0.0000000000
75409  -36.838  17.117  1.066 0.0000000000
75410  -37.562  16.822  0.786 0.0000000000
75411  -38.479  16.632  0.727 0.0000000000
75412  -39.482  16.617  0.843 0.0000000000
75413  -40.476  16.800  1.018 0.0000000000
75414  -41.266  17.068  1.169 0.0000000000
76090  -46.028  17.095  6.739 0.0000000000
76091  -46.488  17.149  7.034 0.0000000000
76092  -47.763  16.742  8.431 0.0000000000
76100  -45.153  16.962  5.953 0.0000000000
76101  -45.582  17.049  6.296 0.0000000000
76102  -46.446  17.525  6.421 0.0000000000
76103  -46.992  17.657  6.787 0.0000000000
76111  -44.963  16.907  5.757 0.0000000000
76112  -45.411  17.204  5.398 0.0000000000
76113  -46.203  17.635  5.641 0.0000000000
76120  -32.944  17.060  4.554 0.0000000000
76121  -45.530  17.384  4.470 0.0000000000
76122  -46.119  17.743  4.728 0.0000000000
76127  -33.265  17.496  4.066 0.0000000000
76128  -34.063  17.406  3.459 0.0000000000
76129  -44.270  17.337  1.770 0.0000000000
76130  -45.365  17.409  3.587 0.0000000000
76131  -46.047  17.818  3.769 0.0000000000
76136  -34.722  17.311  2.925 0.0000000000
76137  -35.272  17.581  2.325 0.0000000000
76138  -44.126  17.338  1.575 0.0000000000
76139  -44.439  17.685  1.515 0.0000000000
76140  -45.865  17.881  2.798 0.0000000000
76145  -35.773  17.676  1.794 0.0000000000
76146  -36.222  17.699  1.334 0.0000000000
76147  -42.313  17.167  1.402 0.0000000000
76148  -42.832  17.222  1.245 0.0000000000
76149  -43.721  17.429  1.200 0.0000000000
76150  -44.391  17.852  1.279 0.0000000000
76151  -44.580  18.164  1.150 0.0000000000
76156  -36.604  17.733  0.876 0.0000000000
76157  -37.225  17.624  0.403 0.0000000000
76158  -38.079  17.277  0.215 0.0000000000
76159  -39.027  17.213  0.200 0.0000000000
76160  -40.020  17.293  0.329 0.0000000000
76161  -40.985  17.412  0.533 0.0000000000
76162  -42.051  17.391  0.824 0.0000000000
76163  -43.092  17.587  0.587 0.0000000000
76164  -43.852  17.962  0.515 0.0000000000
76170  -37.769  17.896  -0.096 0.0000000000
76171  -38.512  17.887  -0.245 0.0000000000
76172  -39.486  17.930  -0.272 0.0000000000
76173  -40.492  17.966  -0.182 0.0000000000
76174  -41.485  17.942  -0.044 0.0000000000
76175  -42.467  17.955  -0.032 0.0000000000
76176  -43.331  18.134  -0.057 0.0000000000
76177  -43.886  18.467  0.052 0.0000000000
76847  -47.954  17.903  7.292 0.0000000000
76858  -47.011  17.898  6.432 0.0000000000
76859  -47.749  18.253  6.548 0.0000000000
76860  -48.505  18.680  6.764 0.0000000000
76868  -46.927  18.025  5.926 0.0000000000
76869  -47.462  18.519  5.428 0.0000000000
76877  -46.786  18.151  5.044 0.0000000000
76878  -47.360  18.638  4.469 0.0000000000
76885  -46.698  18.229  4.080 0.0000000000
76886  -47.281  18.700  3.470 0.0000000000
76891  -46.558  18.290  3.045 0.0000000000
76892  -47.124  18.745  2.437 0.0000000000
76895  -35.949  18.422  1.330 0.0000000000
76896  -36.336  18.212  0.958 0.0000000000
76897  -44.270  18.038  0.942 0.0000000000
76898  -44.556  18.393  0.896 0.0000000000
76899  -44.647  18.590  0.662 0.0000000000
76900  -47.012  18.853  1.500 0.0000000000
76906  -36.242  18.709  0.886 0.0000000000
76907  -36.666  18.522  0.368 0.0000000000
76908  -37.291  18.276  -0.071 0.0000000000
76909  -44.297  18.492  0.474 0.0000000000
76910  -44.610  18.857  0.344 0.0000000000
76911  -44.727  19.058  0.193 0.0000000000
76912  -47.053  18.974  0.961 0.0000000000
76917  -37.135  18.881  -0.286 0.0000000000
76918  -37.874  18.617  -0.502 0.0000000000
76919  -38.871  18.634  -0.675 0.0000000000
76920  -39.917  18.777  -0.825 0.0000000000
76921  -40.961  18.577  -0.702 0.0000000000
76922  -41.892  18.527  -0.646 0.0000000000
76923  -42.782  18.577  -0.611 0.0000000000
76924  -43.546  18.762  -0.490 0.0000000000
76925  -44.208  18.989  -0.218 0.0000000000
76926  -44.615  19.433  -0.307 0.0000000000
76927  -44.831  19.291  -0.144 0.0000000000
76931  -40.594  19.197  -1.260 0.0000000000
76932  -41.388  19.099  -1.264 0.0000000000
76933  -42.255  19.077  -1.203 0.0000000000
76934  -43.070  19.166  -1.106 0.0000000000
76935  -43.806  19.270  -0.994 0.0000000000
76936  -44.395  19.420  -0.878 0.0000000000
76937  -44.684  19.529  -0.809 0.0000000000
76938  -47.577  18.985  -2.134 0.0000000000
76939  -48.361  18.970  -2.003 0.0000000000
76940  -49.255  18.996  -1.954 0.0000000000
76941  -50.127  19.062  -1.935 0.0000000000
76942  -50.636  19.116  -1.907 0.0000000000
77652  -48.078  18.879  5.661 0.0000000000
77653  -48.661  19.085  6.167 0.0000000000
77662  -48.005  19.021  4.857 0.0000000000
77663  -48.676  19.389  5.222 0.0000000000
77672  -48.025  19.131  3.889 0.0000000000
77673  -48.629  19.477  4.364 0.0000000000
77683  -47.931  19.149  2.866 0.0000000000
77684  -51.158  22.175  2.673 0.0000000000
77691  -47.664  19.097  1.933 0.0000000000
77692  -48.439  19.447  2.155 0.0000000000
77696  -47.409  19.074  1.241 0.0000000000
77697  -47.974  19.292  1.288 0.0000000000
77698  -50.744  21.841  1.359 0.0000000000
77703  -46.599  18.988  0.117 0.0000000000
77704  -47.210  19.108  0.458 0.0000000000
77705  -48.210  19.376  0.460 0.0000000000
77706  -50.771  21.818  1.026 0.0000000000
77707  -51.224  21.674  0.483 0.0000000000
77708  -51.918  21.630  0.181 0.0000000000
77713  -38.328  19.357  -0.984 0.0000000000
77714  -39.143  19.321  -1.105 0.0000000000
77715  -44.879  19.466  -0.686 0.0000000000
77716  -44.820  19.425  -0.484 0.0000000000
77717  -47.464  19.196  -0.520 0.0000000000
77718  -48.493  19.341  -0.411 0.0000000000
77719  -49.418  19.460  -0.448 0.0000000000
77720  -51.933  21.413  -0.157 0.0000000000
77721  -52.702  21.583  -0.445 0.0000000000
77729  -41.788  19.604  -1.759 0.0000000000
77730  -42.581  19.607  -1.698 0.0000000000
77731  -43.341  19.643  -1.655 0.0000000000
77732  -44.043  19.686  -1.602 0.0000000000
77733  -44.646  19.617  -1.431 0.0000000000
77734  -46.677  19.106  -1.832 0.0000000000
77735  -47.863  19.130  -1.328 0.0000000000
77736  -48.818  19.184  -1.211 0.0000000000
77737  -49.726  19.251  -1.228 0.0000000000
77738  -52.429  21.195  -0.905 0.0000000000
77739  -53.074  21.208  -1.211 0.0000000000
77745  -42.147  19.991  -2.222 0.0000000000
77746  -42.831  19.983  -2.335 0.0000000000
77747  -43.577  19.902  -2.330 0.0000000000
77748  -44.274  19.835  -2.528 0.0000000000
77749  -45.020  19.653  -3.163 0.0000000000
77758  -43.159  20.037  -2.832 0.0000000000
78464  -51.022  22.058  1.346 0.0000000000
78465  -52.123  22.303  1.174 0.0000000000
78471  -50.933  21.846  0.829 0.0000000000
78472  -51.518  21.863  0.701 0.0000000000
78479  -53.395  22.095  -0.455 0.0000000000
78494  -42.348  20.180  -2.604 0.0000000000
105237  -50.842  21.961  1.809 0.0000000000
105243  -51.065  22.128  2.013 0.0000000000
