#!ascii label  , from subject FREESURFER vox2ras=TkReg 
478
58870  -40.460  -2.281  1.486 0.0000000000
58871  -40.903  -2.186  2.160 0.0000000000
58885  -40.071  -2.446  0.837 0.0000000000
59813  -40.738  -1.820  1.190 0.0000000000
59814  -41.322  -1.825  1.806 0.0000000000
59815  -42.348  -1.658  2.010 0.0000000000
59816  -43.215  -1.417  2.434 0.0000000000
59817  -43.523  -1.295  1.628 0.0000000000
59831  -40.275  -1.846  0.586 0.0000000000
59832  -41.029  -1.342  1.094 0.0000000000
59833  -41.948  -1.323  1.028 0.0000000000
59834  -42.887  -1.308  1.065 0.0000000000
59835  -43.395  -1.215  1.121 0.0000000000
59836  -50.848  -1.338  1.823 0.0000000000
59837  -51.492  -1.455  1.356 0.0000000000
59838  -52.385  -1.440  1.112 0.0000000000
59843  -42.431  -1.137  0.568 0.0000000000
59844  -42.709  -1.159  0.398 0.0000000000
59845  -51.804  -1.432  0.442 0.0000000000
59846  -52.522  -1.491  0.229 0.0000000000
59847  -53.144  -1.441  -0.057 0.0000000000
59852  -51.916  -1.360  -0.283 0.0000000000
59853  -52.517  -1.368  -0.709 0.0000000000
59854  -53.494  -1.353  -0.865 0.0000000000
59855  -54.147  -1.196  -1.449 0.0000000000
59860  -52.846  -1.235  -1.470 0.0000000000
59861  -53.581  -1.212  -2.043 0.0000000000
59862  -54.498  -1.219  -2.372 0.0000000000
59869  -54.056  -1.189  -3.004 0.0000000000
59870  -54.722  -1.271  -3.392 0.0000000000
60776  -44.797  -0.740  3.416 0.0000000000
60797  -40.016  -0.481  1.401 0.0000000000
60799  -44.013  -0.994  2.545 0.0000000000
60800  -44.856  -0.643  2.312 0.0000000000
60801  -45.861  -0.468  2.270 0.0000000000
60802  -46.936  -0.416  2.297 0.0000000000
60803  -48.011  -0.415  2.274 0.0000000000
60804  -49.063  -0.459  2.173 0.0000000000
60805  -50.139  -0.898  2.078 0.0000000000
60812  -39.714  -1.158  0.814 0.0000000000
60813  -40.620  -0.780  1.000 0.0000000000
60814  -41.479  -0.718  0.664 0.0000000000
60815  -42.070  -0.948  0.503 0.0000000000
60816  -43.280  -1.189  0.797 0.0000000000
60817  -43.815  -0.963  1.130 0.0000000000
60818  -44.867  -0.638  1.066 0.0000000000
60819  -45.942  -0.556  1.111 0.0000000000
60820  -47.031  -0.487  1.144 0.0000000000
60821  -48.135  -0.354  1.125 0.0000000000
60822  -49.284  -0.332  1.065 0.0000000000
60823  -50.466  -0.713  0.961 0.0000000000
60824  -51.112  -1.078  0.462 0.0000000000
60825  -52.896  -0.927  1.604 0.0000000000
60826  -53.359  -0.635  0.945 0.0000000000
60830  -41.980  -0.559  0.390 0.0000000000
60831  -42.426  -0.869  0.244 0.0000000000
60832  -42.998  -1.194  0.116 0.0000000000
60833  -43.816  -0.975  -0.249 0.0000000000
60834  -44.886  -0.697  -0.141 0.0000000000
60835  -45.973  -0.618  -0.077 0.0000000000
60836  -47.105  -0.656  -0.054 0.0000000000
60837  -48.258  -0.520  -0.093 0.0000000000
60838  -49.404  -0.441  -0.161 0.0000000000
60839  -50.406  -0.605  -0.242 0.0000000000
60840  -51.227  -1.011  -0.301 0.0000000000
60841  -53.093  -1.275  0.702 0.0000000000
60842  -53.766  -0.860  0.119 0.0000000000
60843  -54.370  -0.504  -0.461 0.0000000000
60847  -44.103  -0.842  -1.031 0.0000000000
60848  -44.925  -0.821  -1.242 0.0000000000
60849  -46.064  -0.741  -1.166 0.0000000000
60850  -47.203  -0.567  -1.256 0.0000000000
60851  -48.408  -0.585  -1.396 0.0000000000
60852  -49.520  -0.499  -1.354 0.0000000000
60853  -50.479  -0.496  -1.162 0.0000000000
60854  -51.470  -0.855  -1.073 0.0000000000
60855  -52.146  -0.979  -1.471 0.0000000000
60856  -54.176  -1.047  -0.750 0.0000000000
60857  -54.860  -0.719  -1.440 0.0000000000
60861  -45.351  -0.460  -1.805 0.0000000000
60862  -46.176  -0.366  -2.070 0.0000000000
60863  -47.390  -0.186  -2.586 0.0000000000
60864  -48.723  -0.440  -2.679 0.0000000000
60865  -49.653  -0.316  -2.238 0.0000000000
60866  -50.444  -0.121  -1.761 0.0000000000
60867  -51.438  -0.278  -1.676 0.0000000000
60868  -52.566  -0.564  -2.128 0.0000000000
60869  -53.495  -0.976  -2.909 0.0000000000
60870  -55.516  -1.091  -2.942 0.0000000000
60871  -56.323  -1.044  -3.985 0.0000000000
60877  -48.255  -0.064  -3.134 0.0000000000
60878  -48.580  -0.208  -3.205 0.0000000000
60879  -53.324  -0.507  -2.953 0.0000000000
60880  -54.050  -0.983  -4.035 0.0000000000
60881  -55.437  -1.216  -4.320 0.0000000000
60882  -56.263  -0.932  -4.860 0.0000000000
60885  -54.409  -0.535  -4.860 0.0000000000
60886  -55.039  -0.774  -5.065 0.0000000000
60887  -55.767  -0.953  -5.149 0.0000000000
61869  -39.929  0.849  2.402 0.0000000000
61870  -40.407  1.059  2.188 0.0000000000
61881  -39.664  0.015  2.023 0.0000000000
61882  -40.631  0.470  1.523 0.0000000000
61883  -41.258  0.881  1.252 0.0000000000
61890  -41.113  -0.194  0.893 0.0000000000
61891  -41.685  0.236  0.585 0.0000000000
61892  -42.458  0.519  0.069 0.0000000000
61893  -43.015  0.704  -0.365 0.0000000000
61894  -43.404  0.815  -0.653 0.0000000000
61896  -53.660  0.184  0.753 0.0000000000
61901  -42.164  -0.407  0.258 0.0000000000
61902  -42.472  -0.365  0.044 0.0000000000
61903  -42.911  -0.318  -0.501 0.0000000000
61904  -43.441  -0.044  -0.979 0.0000000000
61905  -54.168  0.227  0.071 0.0000000000
61906  -54.761  0.250  -0.608 0.0000000000
61913  -44.081  -0.104  -1.416 0.0000000000
61914  -44.681  0.033  -1.813 0.0000000000
61915  -55.398  0.278  -1.341 0.0000000000
61916  -55.954  0.355  -2.105 0.0000000000
61923  -45.357  0.246  -2.212 0.0000000000
61924  -46.206  0.463  -2.565 0.0000000000
61925  -46.914  0.770  -3.040 0.0000000000
61926  -49.215  -0.274  -3.019 0.0000000000
61927  -49.510  0.215  -2.891 0.0000000000
61928  -50.331  0.415  -1.945 0.0000000000
61929  -51.473  0.344  -1.875 0.0000000000
61930  -52.148  0.084  -2.088 0.0000000000
61931  -55.655  -0.359  -2.132 0.0000000000
61932  -56.375  -0.228  -3.115 0.0000000000
61939  -47.763  0.530  -3.360 0.0000000000
61940  -48.717  0.124  -3.448 0.0000000000
61941  -49.100  0.411  -3.475 0.0000000000
61942  -51.942  0.544  -2.057 0.0000000000
61943  -52.584  0.205  -2.484 0.0000000000
61944  -53.450  0.103  -3.321 0.0000000000
61945  -56.898  -0.212  -4.505 0.0000000000
61946  -57.176  0.433  -5.330 0.0000000000
61950  -54.110  -0.028  -4.370 0.0000000000
61951  -54.672  0.002  -5.227 0.0000000000
61952  -56.058  -0.046  -5.483 0.0000000000
61953  -56.729  0.751  -5.589 0.0000000000
62768  -39.550  1.537  3.045 0.0000000000
62769  -40.397  1.559  2.674 0.0000000000
62770  -40.879  1.584  2.488 0.0000000000
62778  -40.698  1.252  2.164 0.0000000000
62779  -41.261  1.377  2.027 0.0000000000
62780  -42.045  1.520  1.916 0.0000000000
62781  -42.679  1.640  1.734 0.0000000000
62790  -41.660  1.111  1.280 0.0000000000
62791  -42.236  1.147  0.999 0.0000000000
62792  -43.115  1.257  0.942 0.0000000000
62793  -43.777  1.315  0.279 0.0000000000
62794  -44.456  1.650  0.125 0.0000000000
62801  -43.906  0.899  -0.832 0.0000000000
62802  -44.842  1.423  -0.646 0.0000000000
62803  -45.454  1.717  -0.997 0.0000000000
62812  -44.252  0.723  -1.519 0.0000000000
62813  -44.758  1.190  -1.994 0.0000000000
62814  -45.825  1.731  -1.836 0.0000000000
62815  -46.624  1.878  -2.211 0.0000000000
62821  -45.536  1.019  -2.449 0.0000000000
62822  -46.306  1.311  -2.673 0.0000000000
62823  -47.358  1.622  -3.144 0.0000000000
62824  -48.494  1.531  -3.285 0.0000000000
62825  -49.462  1.094  -2.793 0.0000000000
62826  -50.482  1.188  -1.875 0.0000000000
62827  -51.420  1.292  -1.909 0.0000000000
62828  -51.924  1.613  -2.098 0.0000000000
62829  -56.556  0.978  -2.633 0.0000000000
62830  -57.261  1.195  -3.462 0.0000000000
62833  -48.219  0.967  -3.736 0.0000000000
62834  -48.919  0.800  -3.600 0.0000000000
62835  -49.252  0.613  -3.365 0.0000000000
62836  -52.076  0.951  -2.224 0.0000000000
62837  -52.639  1.195  -2.640 0.0000000000
62838  -53.642  1.053  -3.496 0.0000000000
62839  -54.316  1.364  -3.874 0.0000000000
62840  -57.068  0.465  -3.647 0.0000000000
62841  -57.648  0.924  -4.428 0.0000000000
62844  -54.329  0.632  -4.486 0.0000000000
62845  -55.048  1.059  -4.839 0.0000000000
62846  -56.177  1.213  -5.190 0.0000000000
62847  -57.096  1.337  -5.151 0.0000000000
63643  -39.260  2.466  3.443 0.0000000000
63644  -40.186  2.380  3.260 0.0000000000
63645  -41.136  2.170  2.946 0.0000000000
63646  -41.859  2.557  2.847 0.0000000000
63653  -41.771  1.961  2.509 0.0000000000
63654  -42.444  2.315  2.410 0.0000000000
63655  -43.286  2.305  1.884 0.0000000000
63656  -43.912  2.682  1.592 0.0000000000
63664  -43.784  1.928  1.270 0.0000000000
63665  -44.444  2.333  1.066 0.0000000000
63666  -45.149  2.403  0.445 0.0000000000
63667  -45.816  2.679  0.275 0.0000000000
63675  -45.491  2.139  -0.244 0.0000000000
63676  -46.163  2.406  -0.514 0.0000000000
63677  -46.933  2.571  -0.679 0.0000000000
63686  -46.564  2.185  -1.363 0.0000000000
63687  -47.448  2.255  -1.518 0.0000000000
63688  -48.374  2.360  -1.432 0.0000000000
63689  -49.042  2.536  -1.320 0.0000000000
63696  -48.074  1.964  -2.479 0.0000000000
63697  -48.824  1.881  -2.197 0.0000000000
63698  -49.731  2.098  -1.646 0.0000000000
63699  -50.694  2.165  -1.574 0.0000000000
63700  -51.448  2.318  -1.751 0.0000000000
63701  -52.153  2.307  -2.129 0.0000000000
63706  -52.957  2.196  -2.609 0.0000000000
63707  -53.857  2.156  -2.992 0.0000000000
63708  -54.800  2.118  -3.538 0.0000000000
63709  -55.555  2.350  -3.616 0.0000000000
63710  -57.532  1.898  -3.689 0.0000000000
63715  -55.602  1.723  -4.287 0.0000000000
63716  -56.378  2.063  -4.281 0.0000000000
63717  -57.393  2.097  -4.395 0.0000000000
64465  -39.894  3.335  3.579 0.0000000000
64466  -40.826  3.241  3.418 0.0000000000
64467  -41.609  3.180  3.158 0.0000000000
64468  -42.236  3.207  2.840 0.0000000000
64475  -42.938  3.254  2.427 0.0000000000
64476  -43.645  3.335  1.976 0.0000000000
64477  -44.320  3.374  1.608 0.0000000000
64483  -45.026  3.329  1.213 0.0000000000
64484  -45.678  3.360  0.791 0.0000000000
64485  -46.321  3.271  0.411 0.0000000000
64492  -46.866  3.016  0.023 0.0000000000
64493  -47.527  3.206  -0.308 0.0000000000
64494  -48.129  3.655  -0.389 0.0000000000
64500  -48.070  2.897  -0.774 0.0000000000
64501  -48.726  3.316  -0.703 0.0000000000
64502  -49.589  3.266  -0.954 0.0000000000
64503  -50.236  3.582  -1.041 0.0000000000
64510  -50.232  2.860  -1.221 0.0000000000
64511  -50.877  3.232  -1.331 0.0000000000
64512  -51.686  3.226  -1.710 0.0000000000
64513  -52.431  3.193  -2.090 0.0000000000
64519  -53.248  3.189  -2.389 0.0000000000
64520  -54.165  3.197  -2.711 0.0000000000
64521  -55.105  3.229  -3.140 0.0000000000
64522  -55.886  2.809  -3.489 0.0000000000
64532  -55.743  3.497  -3.472 0.0000000000
64533  -56.657  3.008  -3.611 0.0000000000
65286  -39.562  4.305  3.506 0.0000000000
65287  -40.482  4.210  3.434 0.0000000000
65288  -41.440  4.219  3.182 0.0000000000
65289  -41.944  3.718  3.018 0.0000000000
65298  -41.880  4.845  2.867 0.0000000000
65299  -42.436  4.233  2.718 0.0000000000
65300  -43.318  4.100  2.240 0.0000000000
65301  -43.976  4.169  1.912 0.0000000000
65308  -44.687  4.293  1.509 0.0000000000
65309  -45.419  4.240  1.105 0.0000000000
65310  -46.063  4.212  0.739 0.0000000000
65317  -46.919  4.136  0.287 0.0000000000
65318  -47.777  4.322  -0.090 0.0000000000
65319  -48.451  4.387  -0.359 0.0000000000
65326  -49.171  4.337  -0.665 0.0000000000
65327  -49.904  4.233  -0.913 0.0000000000
65328  -50.487  4.244  -1.229 0.0000000000
65336  -51.191  4.175  -1.592 0.0000000000
65337  -51.941  4.027  -1.931 0.0000000000
65338  -52.617  4.084  -2.194 0.0000000000
65346  -53.438  4.232  -2.510 0.0000000000
65347  -54.370  4.277  -2.951 0.0000000000
65348  -55.236  4.284  -3.412 0.0000000000
65358  -56.129  4.143  -3.749 0.0000000000
66140  -39.150  5.154  3.346 0.0000000000
66141  -40.201  5.252  3.229 0.0000000000
66142  -40.862  4.783  3.237 0.0000000000
66153  -40.609  5.796  2.906 0.0000000000
66154  -41.240  5.360  2.909 0.0000000000
66155  -42.281  5.463  2.408 0.0000000000
66156  -43.145  4.891  2.190 0.0000000000
66157  -43.622  4.596  2.017 0.0000000000
66170  -42.569  6.004  1.954 0.0000000000
66171  -43.074  5.677  1.878 0.0000000000
66172  -43.964  5.154  1.663 0.0000000000
66173  -45.117  5.289  1.056 0.0000000000
66174  -45.687  4.779  0.859 0.0000000000
66185  -45.537  5.858  0.685 0.0000000000
66186  -46.169  5.287  0.569 0.0000000000
66187  -47.413  5.406  0.004 0.0000000000
66188  -48.087  4.957  -0.189 0.0000000000
66197  -47.706  5.939  -0.497 0.0000000000
66198  -48.497  5.526  -0.702 0.0000000000
66199  -49.588  5.013  -1.088 0.0000000000
66200  -50.092  4.710  -1.265 0.0000000000
66210  -48.754  6.088  -1.299 0.0000000000
66211  -49.298  5.749  -1.443 0.0000000000
66212  -50.406  5.319  -1.837 0.0000000000
66213  -51.545  4.764  -2.191 0.0000000000
66214  -52.122  4.496  -2.253 0.0000000000
66222  -50.768  6.004  -2.471 0.0000000000
66223  -51.388  5.617  -2.537 0.0000000000
66224  -52.505  5.118  -2.580 0.0000000000
66225  -53.752  5.244  -2.901 0.0000000000
66226  -54.727  5.247  -3.400 0.0000000000
66233  -55.732  5.217  -3.786 0.0000000000
66938  -38.673  5.890  3.220 0.0000000000
66939  -39.461  5.878  3.173 0.0000000000
66958  -38.144  6.441  2.784 0.0000000000
66959  -39.093  6.502  2.723 0.0000000000
66960  -40.041  6.256  2.777 0.0000000000
66961  -40.817  6.150  2.479 0.0000000000
66962  -41.528  6.029  2.340 0.0000000000
66981  -39.531  6.697  2.218 0.0000000000
66982  -40.181  6.656  1.867 0.0000000000
66983  -41.070  6.442  1.767 0.0000000000
66984  -41.957  6.268  1.702 0.0000000000
66985  -42.714  6.246  1.422 0.0000000000
66986  -43.521  6.137  1.341 0.0000000000
66987  -44.331  6.013  1.165 0.0000000000
67000  -40.575  6.778  1.189 0.0000000000
67001  -41.239  6.683  0.957 0.0000000000
67002  -42.068  6.590  0.779 0.0000000000
67003  -42.918  6.647  0.705 0.0000000000
67004  -43.825  6.651  0.659 0.0000000000
67005  -44.900  6.475  0.544 0.0000000000
67006  -45.805  6.253  0.329 0.0000000000
67007  -46.555  6.101  0.123 0.0000000000
67015  -45.365  6.822  -0.044 0.0000000000
67016  -46.033  6.747  -0.283 0.0000000000
67017  -47.030  6.517  -0.536 0.0000000000
67018  -47.781  6.276  -0.851 0.0000000000
67026  -47.422  6.830  -1.123 0.0000000000
67027  -48.182  6.673  -1.375 0.0000000000
67028  -48.951  6.435  -1.713 0.0000000000
67029  -49.575  6.179  -2.016 0.0000000000
67034  -48.565  7.065  -1.973 0.0000000000
67035  -49.163  6.912  -2.300 0.0000000000
67036  -50.124  6.648  -2.703 0.0000000000
67037  -51.121  6.328  -2.955 0.0000000000
67038  -52.097  6.163  -3.102 0.0000000000
67039  -53.234  6.087  -3.262 0.0000000000
67040  -54.204  5.961  -3.487 0.0000000000
67045  -50.788  6.806  -3.394 0.0000000000
67046  -51.566  6.657  -3.662 0.0000000000
67047  -52.693  6.626  -4.200 0.0000000000
67048  -54.031  6.452  -4.244 0.0000000000
67049  -55.246  6.173  -4.246 0.0000000000
67057  -52.965  6.820  -5.002 0.0000000000
67058  -53.687  6.713  -5.087 0.0000000000
67059  -55.106  6.601  -5.732 0.0000000000
67809  -37.591  6.951  2.225 0.0000000000
67810  -38.535  6.968  2.212 0.0000000000
67811  -39.098  6.856  2.178 0.0000000000
67828  -38.015  7.429  1.529 0.0000000000
67829  -39.150  7.137  1.518 0.0000000000
67830  -39.946  7.024  1.059 0.0000000000
67851  -38.344  7.675  0.502 0.0000000000
67852  -39.366  7.360  0.403 0.0000000000
67853  -40.356  7.035  0.289 0.0000000000
67854  -41.306  6.886  0.011 0.0000000000
67855  -42.202  6.889  -0.089 0.0000000000
67856  -43.090  7.096  -0.054 0.0000000000
67857  -44.016  7.183  -0.052 0.0000000000
67858  -44.748  7.117  -0.201 0.0000000000
67875  -38.796  7.674  -0.274 0.0000000000
67876  -39.532  7.481  -0.654 0.0000000000
67877  -40.524  7.219  -0.786 0.0000000000
67878  -41.438  7.063  -0.945 0.0000000000
67879  -42.355  7.109  -0.954 0.0000000000
67880  -43.237  7.332  -0.892 0.0000000000
67881  -44.132  7.459  -0.859 0.0000000000
67882  -45.143  7.343  -0.782 0.0000000000
67883  -46.075  7.230  -1.013 0.0000000000
67884  -46.787  7.169  -1.210 0.0000000000
67897  -39.929  7.616  -1.366 0.0000000000
67898  -40.689  7.570  -1.713 0.0000000000
67899  -41.641  7.408  -1.713 0.0000000000
67900  -42.478  7.477  -1.703 0.0000000000
67901  -43.328  7.603  -1.696 0.0000000000
67902  -44.232  7.655  -1.686 0.0000000000
67903  -45.159  7.624  -1.726 0.0000000000
67904  -46.082  7.560  -1.816 0.0000000000
67905  -47.139  7.433  -1.799 0.0000000000
67906  -47.900  7.364  -2.092 0.0000000000
67917  -41.194  7.803  -2.213 0.0000000000
67918  -41.832  7.780  -2.289 0.0000000000
67919  -42.575  7.821  -2.369 0.0000000000
67920  -43.379  7.838  -2.524 0.0000000000
67921  -44.240  7.741  -2.538 0.0000000000
67922  -45.103  7.688  -2.644 0.0000000000
67923  -46.089  7.699  -2.716 0.0000000000
67924  -47.113  7.650  -2.816 0.0000000000
67925  -48.225  7.426  -2.814 0.0000000000
67926  -49.158  7.271  -3.046 0.0000000000
67927  -49.689  7.204  -3.257 0.0000000000
67937  -43.635  7.908  -3.035 0.0000000000
67938  -44.142  7.794  -3.414 0.0000000000
67939  -45.051  7.627  -3.600 0.0000000000
67940  -46.047  7.682  -3.733 0.0000000000
67941  -47.185  7.843  -3.897 0.0000000000
67942  -48.362  7.727  -3.706 0.0000000000
67943  -49.258  7.502  -3.725 0.0000000000
67944  -50.112  7.245  -3.723 0.0000000000
67945  -50.977  7.090  -4.090 0.0000000000
67946  -51.746  6.936  -4.390 0.0000000000
67957  -44.306  7.746  -4.332 0.0000000000
67958  -45.051  7.435  -4.577 0.0000000000
67959  -46.027  7.489  -4.761 0.0000000000
67960  -46.746  7.754  -4.643 0.0000000000
67961  -48.724  7.805  -4.246 0.0000000000
67962  -49.399  7.650  -4.562 0.0000000000
67963  -50.332  7.409  -4.673 0.0000000000
67964  -51.229  7.314  -4.955 0.0000000000
67965  -52.303  7.074  -5.171 0.0000000000
67966  -53.254  6.875  -5.646 0.0000000000
67967  -54.134  6.702  -5.966 0.0000000000
67978  -45.104  7.217  -5.573 0.0000000000
67979  -45.949  7.170  -5.676 0.0000000000
67980  -49.758  7.635  -5.282 0.0000000000
67981  -50.451  7.591  -5.596 0.0000000000
67982  -51.497  7.636  -6.037 0.0000000000
67983  -52.782  7.298  -6.125 0.0000000000
67984  -53.835  6.962  -6.504 0.0000000000
67985  -54.972  6.899  -6.749 0.0000000000
67995  -46.133  7.142  -6.364 0.0000000000
67996  -52.383  7.744  -6.603 0.0000000000
67997  -53.424  7.524  -6.875 0.0000000000
67998  -54.733  7.405  -7.227 0.0000000000
68810  -38.155  7.875  -0.439 0.0000000000
68827  -37.604  8.070  -1.053 0.0000000000
68828  -38.566  7.926  -1.068 0.0000000000
68829  -39.302  7.909  -1.380 0.0000000000
68847  -37.910  8.597  -1.492 0.0000000000
68848  -38.853  8.558  -1.513 0.0000000000
68849  -39.805  8.325  -1.802 0.0000000000
68850  -40.694  8.357  -2.191 0.0000000000
68860  -41.385  8.283  -2.432 0.0000000000
68861  -41.981  8.259  -2.596 0.0000000000
68862  -42.716  8.314  -2.805 0.0000000000
68863  -43.282  8.149  -2.960 0.0000000000
68871  -43.193  8.398  -2.975 0.0000000000
68872  -43.564  8.238  -3.295 0.0000000000
68874  -47.759  7.948  -4.158 0.0000000000
68875  -48.131  7.979  -4.356 0.0000000000
68885  -46.519  7.587  -5.136 0.0000000000
68886  -47.351  7.916  -4.844 0.0000000000
68887  -48.391  8.005  -5.049 0.0000000000
68888  -49.103  7.848  -5.438 0.0000000000
68902  -46.671  7.522  -5.771 0.0000000000
68903  -47.504  7.868  -5.924 0.0000000000
68904  -48.422  7.945  -6.176 0.0000000000
68905  -49.458  7.840  -6.244 0.0000000000
68906  -50.374  7.837  -6.500 0.0000000000
68907  -50.930  7.928  -6.638 0.0000000000
68919  -46.738  7.411  -6.680 0.0000000000
68920  -47.553  7.695  -7.074 0.0000000000
68921  -48.487  7.904  -7.385 0.0000000000
68922  -49.474  7.969  -7.375 0.0000000000
68923  -50.390  8.088  -7.175 0.0000000000
68924  -51.468  8.089  -6.949 0.0000000000
68925  -52.723  8.061  -7.199 0.0000000000
68926  -54.110  7.918  -7.590 0.0000000000
68943  -50.589  8.467  -7.663 0.0000000000
68944  -51.796  8.547  -7.580 0.0000000000
68945  -53.128  8.456  -7.866 0.0000000000
68946  -54.675  8.361  -8.398 0.0000000000
68959  -55.266  8.425  -9.137 0.0000000000
69762  -38.312  9.393  -1.622 0.0000000000
69763  -39.267  9.313  -1.710 0.0000000000
69764  -40.196  9.232  -1.941 0.0000000000
69776  -41.645  8.634  -2.452 0.0000000000
69826  -52.104  9.055  -8.109 0.0000000000
69827  -53.360  8.871  -8.497 0.0000000000
69828  -54.347  8.731  -8.927 0.0000000000
69843  -52.397  9.547  -8.671 0.0000000000
69844  -53.575  9.323  -9.094 0.0000000000
69845  -54.829  8.966  -9.507 0.0000000000
69855  -54.054  9.583  -9.519 0.0000000000
69856  -54.878  9.621  -9.938 0.0000000000
70704  -52.753  10.024  -9.194 0.0000000000
70705  -53.459  9.799  -9.383 0.0000000000
70715  -52.092  10.851  -9.375 0.0000000000
70716  -53.628  10.371  -9.623 0.0000000000
