#!ascii label  , from subject FREESURFER vox2ras=TkReg 
316
45219  -9.265  -15.695  11.118 0.0000000000
45220  -9.689  -16.160  11.450 0.0000000000
46170  -9.699  -14.773  11.980 0.0000000000
46171  -10.281  -15.024  12.088 0.0000000000
46179  -9.153  -14.887  11.151 0.0000000000
46180  -9.474  -15.027  11.701 0.0000000000
46181  -10.140  -15.762  11.808 0.0000000000
46188  -9.356  -15.199  10.548 0.0000000000
46189  -9.754  -14.988  10.194 0.0000000000
47025  -9.264  -13.930  11.762 0.0000000000
47026  -9.614  -14.280  12.081 0.0000000000
47027  -10.638  -14.207  12.410 0.0000000000
47031  -9.240  -14.228  11.407 0.0000000000
47032  -9.334  -14.348  11.752 0.0000000000
47039  -9.317  -14.281  10.835 0.0000000000
47040  -10.088  -14.388  10.280 0.0000000000
47041  -11.660  -14.431  10.169 0.0000000000
47042  -13.198  -14.423  10.100 0.0000000000
47043  -13.809  -14.065  9.837 0.0000000000
47047  -9.987  -14.923  10.062 0.0000000000
47048  -10.527  -14.913  10.000 0.0000000000
47813  -9.384  -13.471  11.941 0.0000000000
47814  -9.877  -13.427  12.377 0.0000000000
47815  -10.815  -13.409  12.898 0.0000000000
47819  -9.419  -13.377  11.420 0.0000000000
47820  -9.629  -12.913  11.136 0.0000000000
47826  -9.297  -13.783  11.089 0.0000000000
47827  -9.777  -13.331  10.783 0.0000000000
47828  -11.159  -13.375  10.527 0.0000000000
47829  -12.724  -13.449  10.476 0.0000000000
47830  -13.964  -13.351  10.135 0.0000000000
47831  -14.293  -12.795  9.897 0.0000000000
47836  -13.974  -13.674  9.501 0.0000000000
47837  -14.210  -12.981  9.595 0.0000000000
47845  -12.941  -13.625  8.207 0.0000000000
47846  -13.687  -13.764  8.744 0.0000000000
47847  -14.065  -13.104  9.120 0.0000000000
48549  -10.501  -11.840  13.892 0.0000000000
48559  -9.593  -12.923  12.018 0.0000000000
48560  -10.103  -12.362  12.579 0.0000000000
48561  -10.665  -12.714  13.368 0.0000000000
48564  -9.468  -13.032  11.713 0.0000000000
48565  -9.866  -12.358  11.464 0.0000000000
48566  -10.454  -11.842  11.068 0.0000000000
48570  -9.854  -12.687  10.999 0.0000000000
48571  -10.682  -12.337  10.876 0.0000000000
48572  -12.244  -12.402  10.694 0.0000000000
48573  -13.544  -12.434  10.449 0.0000000000
48574  -14.236  -12.358  10.075 0.0000000000
48580  -14.277  -12.357  9.649 0.0000000000
48590  -12.970  -12.761  8.336 0.0000000000
48591  -13.683  -12.549  8.724 0.0000000000
48592  -14.134  -12.429  9.180 0.0000000000
48606  -10.008  -12.583  7.582 0.0000000000
48607  -11.014  -12.746  7.654 0.0000000000
48608  -12.121  -12.984  7.873 0.0000000000
49375  -10.298  -10.875  13.733 0.0000000000
49383  -10.236  -11.130  12.902 0.0000000000
49386  -10.128  -11.225  11.947 0.0000000000
49387  -10.782  -11.176  11.155 0.0000000000
49388  -11.574  -10.795  10.886 0.0000000000
49391  -10.870  -11.640  10.928 0.0000000000
49392  -11.826  -11.326  10.816 0.0000000000
49393  -13.230  -11.421  10.596 0.0000000000
49394  -14.080  -11.455  10.208 0.0000000000
49400  -14.254  -11.607  9.710 0.0000000000
49412  -11.753  -11.242  8.152 0.0000000000
49413  -12.862  -11.571  8.496 0.0000000000
49414  -13.801  -11.646  8.886 0.0000000000
49415  -14.177  -11.850  9.317 0.0000000000
49425  -9.548  -11.613  7.685 0.0000000000
49426  -10.509  -11.754  7.728 0.0000000000
49427  -11.437  -11.979  7.883 0.0000000000
49428  -12.226  -12.102  8.165 0.0000000000
50322  -10.233  -10.223  14.134 0.0000000000
50328  -10.274  -10.160  13.226 0.0000000000
50332  -10.334  -10.236  12.291 0.0000000000
50333  -10.718  -10.250  11.523 0.0000000000
50334  -11.639  -10.192  11.011 0.0000000000
50335  -12.538  -9.972  10.809 0.0000000000
50339  -12.149  -10.531  10.820 0.0000000000
50340  -13.049  -10.391  10.681 0.0000000000
50341  -13.883  -10.465  10.282 0.0000000000
50349  -13.770  -10.060  9.229 0.0000000000
50350  -14.095  -10.381  9.622 0.0000000000
50362  -10.430  -10.122  7.979 0.0000000000
50363  -10.978  -10.321  8.039 0.0000000000
50364  -12.078  -10.367  8.406 0.0000000000
50365  -13.361  -10.345  8.876 0.0000000000
50366  -14.031  -11.164  9.251 0.0000000000
50374  -9.033  -10.762  7.746 0.0000000000
50375  -10.070  -10.545  7.862 0.0000000000
50376  -10.956  -11.152  7.895 0.0000000000
51369  -9.988  -9.180  13.932 0.0000000000
51379  -10.140  -9.224  12.581 0.0000000000
51386  -10.571  -9.318  11.712 0.0000000000
51387  -11.446  -9.328  11.217 0.0000000000
51388  -12.430  -9.320  10.921 0.0000000000
51389  -13.210  -9.431  10.674 0.0000000000
51392  -13.793  -9.578  10.380 0.0000000000
51393  -14.176  -9.553  10.048 0.0000000000
51401  -13.646  -9.473  9.261 0.0000000000
51402  -14.056  -9.335  9.710 0.0000000000
51413  -8.608  -9.345  8.107 0.0000000000
51414  -9.351  -9.247  8.121 0.0000000000
51415  -10.238  -9.531  8.090 0.0000000000
51416  -11.255  -9.396  8.283 0.0000000000
51417  -12.259  -9.347  8.574 0.0000000000
51418  -12.997  -9.194  8.834 0.0000000000
51424  -9.206  -9.952  7.883 0.0000000000
51425  -9.716  -9.805  7.956 0.0000000000
52467  -9.253  -7.330  13.286 0.0000000000
52468  -9.540  -7.971  14.144 0.0000000000
52478  -9.334  -7.389  12.713 0.0000000000
52479  -9.678  -8.002  12.815 0.0000000000
52486  -10.205  -8.314  11.794 0.0000000000
52487  -11.225  -8.391  11.345 0.0000000000
52488  -12.307  -8.432  11.055 0.0000000000
52489  -13.205  -8.554  10.751 0.0000000000
52497  -13.760  -8.794  10.408 0.0000000000
52498  -14.075  -8.906  10.177 0.0000000000
52507  -13.750  -8.580  9.546 0.0000000000
52508  -14.122  -8.746  9.919 0.0000000000
52518  -8.791  -8.435  8.278 0.0000000000
52519  -9.616  -8.425  8.255 0.0000000000
52520  -10.533  -8.439  8.290 0.0000000000
52521  -11.486  -8.409  8.439 0.0000000000
52522  -12.383  -8.393  8.687 0.0000000000
52523  -13.165  -8.459  9.047 0.0000000000
53642  -8.929  -6.640  13.426 0.0000000000
53655  -9.038  -6.853  12.487 0.0000000000
53656  -9.403  -7.365  12.422 0.0000000000
53667  -9.149  -6.567  11.926 0.0000000000
53668  -9.663  -7.184  11.853 0.0000000000
53669  -10.903  -7.373  11.442 0.0000000000
53670  -12.117  -7.440  11.174 0.0000000000
53671  -13.132  -7.543  10.887 0.0000000000
53681  -13.747  -7.859  10.298 0.0000000000
53682  -13.961  -8.501  10.228 0.0000000000
53689  -13.834  -7.849  9.845 0.0000000000
53690  -14.049  -8.355  10.057 0.0000000000
53698  -8.262  -7.569  8.380 0.0000000000
53699  -9.011  -7.477  8.333 0.0000000000
53700  -9.878  -7.458  8.351 0.0000000000
53701  -10.809  -7.451  8.401 0.0000000000
53702  -11.741  -7.461  8.580 0.0000000000
53703  -12.614  -7.529  8.903 0.0000000000
53704  -13.333  -7.678  9.367 0.0000000000
54796  -8.650  -5.997  12.786 0.0000000000
54802  -8.801  -6.022  11.983 0.0000000000
54803  -9.468  -6.110  11.658 0.0000000000
54804  -10.538  -6.310  11.470 0.0000000000
54805  -11.843  -6.404  11.304 0.0000000000
54806  -12.967  -6.465  11.097 0.0000000000
54809  -13.501  -6.571  10.452 0.0000000000
54812  -13.234  -6.137  9.631 0.0000000000
54813  -13.703  -6.784  9.962 0.0000000000
54822  -8.460  -6.544  8.413 0.0000000000
54823  -9.265  -6.494  8.405 0.0000000000
54824  -10.176  -6.480  8.443 0.0000000000
54825  -11.123  -6.491  8.519 0.0000000000
54826  -12.056  -6.536  8.800 0.0000000000
54827  -12.872  -6.730  9.265 0.0000000000
54828  -13.469  -7.016  9.632 0.0000000000
55793  -8.753  -5.169  12.225 0.0000000000
55794  -9.133  -5.185  11.639 0.0000000000
55795  -10.130  -5.267  11.443 0.0000000000
55796  -11.462  -5.363  11.396 0.0000000000
55797  -12.690  -5.416  11.260 0.0000000000
55802  -13.348  -5.439  10.702 0.0000000000
55805  -13.076  -5.398  9.597 0.0000000000
55806  -13.515  -5.434  9.993 0.0000000000
55816  -8.696  -5.526  8.409 0.0000000000
55817  -9.574  -5.498  8.462 0.0000000000
55818  -10.519  -5.510  8.534 0.0000000000
55819  -11.461  -5.557  8.710 0.0000000000
55820  -12.444  -5.538  9.202 0.0000000000
56762  -9.025  -4.326  12.464 0.0000000000
56773  -8.979  -4.252  11.787 0.0000000000
56774  -9.692  -4.263  11.412 0.0000000000
56775  -10.968  -4.334  11.412 0.0000000000
56776  -12.316  -4.399  11.402 0.0000000000
56777  -13.245  -4.427  11.064 0.0000000000
56784  -13.417  -4.427  10.389 0.0000000000
56788  -11.954  -4.104  9.093 0.0000000000
56789  -12.843  -4.541  9.533 0.0000000000
56790  -13.389  -4.435  9.954 0.0000000000
56801  -8.992  -4.517  8.437 0.0000000000
56802  -9.946  -4.494  8.545 0.0000000000
56803  -10.892  -4.605  8.649 0.0000000000
56804  -11.706  -4.748  8.904 0.0000000000
56805  -12.235  -4.727  9.184 0.0000000000
57748  -9.485  -3.480  12.772 0.0000000000
57762  -9.029  -3.348  12.053 0.0000000000
57763  -9.390  -3.304  11.501 0.0000000000
57764  -10.453  -3.333  11.391 0.0000000000
57765  -11.848  -3.402  11.488 0.0000000000
57766  -12.949  -3.462  11.305 0.0000000000
57771  -13.312  -3.494  10.737 0.0000000000
57779  -10.926  -3.054  8.661 0.0000000000
57780  -11.381  -3.263  8.837 0.0000000000
57781  -12.286  -3.376  9.383 0.0000000000
57782  -13.210  -3.440  9.985 0.0000000000
57793  -8.436  -3.564  8.442 0.0000000000
57794  -9.329  -3.511  8.522 0.0000000000
57795  -10.483  -3.378  8.632 0.0000000000
57796  -11.282  -4.010  8.772 0.0000000000
58721  -9.521  -2.276  12.791 0.0000000000
58732  -9.363  -2.514  12.482 0.0000000000
58733  -9.579  -2.889  12.830 0.0000000000
58747  -9.292  -2.411  11.770 0.0000000000
58748  -10.029  -2.401  11.409 0.0000000000
58749  -11.345  -2.438  11.524 0.0000000000
58750  -12.568  -2.497  11.428 0.0000000000
58751  -13.251  -2.640  11.045 0.0000000000
58757  -13.224  -2.694  10.602 0.0000000000
58764  -10.898  -2.547  8.700 0.0000000000
58765  -11.685  -2.459  9.165 0.0000000000
58766  -12.504  -2.502  9.699 0.0000000000
58767  -12.963  -2.397  10.228 0.0000000000
58780  -8.712  -2.599  8.491 0.0000000000
58781  -9.569  -2.564  8.538 0.0000000000
58782  -10.219  -2.425  8.603 0.0000000000
59653  -9.544  -1.843  12.821 0.0000000000
59665  -9.282  -1.502  12.126 0.0000000000
59685  -9.722  -1.610  11.637 0.0000000000
59686  -10.805  -1.582  11.631 0.0000000000
59687  -12.107  -1.516  11.621 0.0000000000
59688  -12.999  -1.618  11.067 0.0000000000
59689  -13.245  -2.243  10.839 0.0000000000
59709  -12.778  -1.500  10.478 0.0000000000
59710  -13.089  -2.061  10.613 0.0000000000
59722  -10.114  -1.135  8.722 0.0000000000
59723  -11.028  -1.500  8.981 0.0000000000
59724  -11.949  -1.637  9.559 0.0000000000
59725  -12.632  -1.807  10.027 0.0000000000
59726  -12.893  -1.938  10.351 0.0000000000
59735  -8.213  -1.654  8.490 0.0000000000
59736  -9.000  -1.711  8.485 0.0000000000
59737  -9.769  -1.780  8.564 0.0000000000
59738  -10.414  -1.868  8.660 0.0000000000
60630  -9.391  -0.764  12.896 0.0000000000
60639  -9.654  -0.527  12.116 0.0000000000
60640  -10.801  -0.148  12.082 0.0000000000
60641  -11.915  0.079  12.011 0.0000000000
60642  -12.260  0.336  11.715 0.0000000000
60652  -9.581  -1.110  11.813 0.0000000000
60653  -10.249  -0.925  11.781 0.0000000000
60654  -11.486  -0.728  11.814 0.0000000000
60655  -12.393  -0.317  11.427 0.0000000000
60672  -11.916  -0.311  10.180 0.0000000000
60673  -12.520  -0.519  10.673 0.0000000000
60691  -8.996  -0.322  8.736 0.0000000000
60692  -9.608  -0.346  8.862 0.0000000000
60693  -10.438  -0.454  9.136 0.0000000000
60694  -11.417  -0.609  9.598 0.0000000000
60695  -12.294  -1.031  10.048 0.0000000000
60713  -8.532  -0.710  8.580 0.0000000000
60714  -9.329  -0.991  8.608 0.0000000000
61763  -9.208  0.517  12.866 0.0000000000
61764  -9.714  0.927  12.578 0.0000000000
61771  -9.430  -0.062  12.505 0.0000000000
61772  -10.070  0.498  12.426 0.0000000000
61773  -11.407  0.663  12.327 0.0000000000
61774  -12.186  0.768  11.985 0.0000000000
61781  -12.364  0.679  11.489 0.0000000000
61794  -11.157  0.750  10.056 0.0000000000
61795  -11.871  0.507  10.455 0.0000000000
61796  -12.486  0.532  10.996 0.0000000000
61811  -9.025  0.306  8.989 0.0000000000
61812  -9.760  0.396  9.248 0.0000000000
61813  -10.674  0.379  9.627 0.0000000000
61814  -11.422  0.149  9.972 0.0000000000
61836  -8.567  0.063  8.775 0.0000000000
62672  -8.888  1.587  13.082 0.0000000000
62673  -9.967  1.563  12.748 0.0000000000
62674  -10.924  1.935  12.890 0.0000000000
62677  -10.113  1.096  12.603 0.0000000000
62678  -11.054  1.425  12.697 0.0000000000
62679  -12.031  1.439  12.299 0.0000000000
62686  -12.292  1.403  11.678 0.0000000000
62698  -11.158  1.538  10.338 0.0000000000
62699  -12.065  1.395  10.813 0.0000000000
62700  -12.365  1.206  11.239 0.0000000000
62714  -8.986  1.216  9.338 0.0000000000
62715  -9.917  1.184  9.621 0.0000000000
62716  -10.607  1.145  9.929 0.0000000000
62739  -8.373  0.732  8.998 0.0000000000
63551  -9.746  2.507  13.029 0.0000000000
63552  -10.881  2.478  13.016 0.0000000000
63555  -11.492  2.316  12.747 0.0000000000
63556  -11.939  2.149  12.475 0.0000000000
63563  -11.978  2.703  11.440 0.0000000000
63564  -12.233  2.279  11.902 0.0000000000
63574  -9.719  2.551  10.040 0.0000000000
63575  -10.509  2.579  10.333 0.0000000000
63576  -11.545  2.477  10.836 0.0000000000
63577  -12.214  1.942  11.281 0.0000000000
63593  -8.553  2.224  9.584 0.0000000000
63594  -9.376  2.002  9.720 0.0000000000
63595  -10.193  1.842  10.002 0.0000000000
64381  -10.815  3.421  13.202 0.0000000000
64383  -11.629  3.256  12.589 0.0000000000
64384  -11.861  2.625  12.497 0.0000000000
64391  -11.947  3.317  11.885 0.0000000000
64392  -12.039  2.741  12.269 0.0000000000
64400  -9.608  3.421  10.274 0.0000000000
64401  -10.747  3.536  10.700 0.0000000000
64402  -11.538  3.450  11.296 0.0000000000
64417  -9.008  2.834  9.940 0.0000000000
65194  -11.357  4.495  12.914 0.0000000000
65201  -11.227  4.912  11.675 0.0000000000
65202  -11.550  4.620  12.058 0.0000000000
65213  -9.887  4.473  10.673 0.0000000000
65214  -10.981  4.589  11.331 0.0000000000
65215  -11.589  4.001  11.647 0.0000000000
