#!ascii label  , from subject FREESURFER vox2ras=TkReg 
473
86686  -25.097  36.520  12.792 0.0000000000
86687  -25.797  36.587  12.933 0.0000000000
86692  -24.283  37.001  11.934 0.0000000000
86693  -25.035  36.721  12.129 0.0000000000
86694  -25.501  36.679  12.422 0.0000000000
87172  -27.964  37.645  13.323 0.0000000000
87180  -26.565  36.820  13.213 0.0000000000
87181  -27.202  37.244  12.656 0.0000000000
87182  -28.003  37.742  12.250 0.0000000000
87189  -24.125  37.389  11.370 0.0000000000
87190  -24.900  37.091  11.408 0.0000000000
87191  -26.039  36.908  11.907 0.0000000000
87192  -27.201  37.473  11.518 0.0000000000
87193  -28.042  38.007  11.293 0.0000000000
87197  -23.867  37.870  10.956 0.0000000000
87198  -24.483  37.635  10.634 0.0000000000
87199  -25.422  37.372  10.730 0.0000000000
87200  -26.403  37.476  10.691 0.0000000000
87201  -27.371  37.904  10.502 0.0000000000
87202  -28.051  38.374  10.647 0.0000000000
87206  -24.958  37.712  10.034 0.0000000000
87207  -25.710  37.703  9.872 0.0000000000
87208  -26.626  37.910  9.838 0.0000000000
87209  -27.237  38.320  9.822 0.0000000000
87697  -28.686  38.140  12.869 0.0000000000
87698  -29.286  38.506  13.382 0.0000000000
87699  -29.868  38.854  13.755 0.0000000000
87705  -28.683  38.336  11.928 0.0000000000
87706  -29.376  38.755  12.423 0.0000000000
87707  -29.791  38.991  12.989 0.0000000000
87715  -28.665  38.713  11.118 0.0000000000
87716  -29.153  38.883  11.692 0.0000000000
87722  -23.866  38.594  10.290 0.0000000000
87723  -24.513  38.045  10.032 0.0000000000
87724  -27.748  38.556  10.101 0.0000000000
87725  -28.290  38.941  10.358 0.0000000000
87729  -24.176  38.964  9.566 0.0000000000
87730  -24.850  38.484  9.340 0.0000000000
87731  -26.035  38.292  9.240 0.0000000000
87732  -26.850  38.519  9.344 0.0000000000
87733  -27.526  38.989  9.473 0.0000000000
87734  -27.958  38.992  9.893 0.0000000000
87738  -25.103  38.986  8.703 0.0000000000
87739  -25.659  38.839  8.718 0.0000000000
87740  -26.547  38.893  8.819 0.0000000000
87741  -27.099  38.980  9.035 0.0000000000
88202  -30.872  39.394  15.002 0.0000000000
88210  -30.446  39.168  14.225 0.0000000000
88211  -31.100  39.809  14.017 0.0000000000
88219  -29.860  39.229  12.509 0.0000000000
88220  -30.464  39.606  12.917 0.0000000000
88221  -31.135  40.155  13.296 0.0000000000
88227  -29.147  39.177  11.328 0.0000000000
88228  -29.743  39.557  11.747 0.0000000000
88229  -30.292  39.977  12.132 0.0000000000
88236  -23.483  39.494  10.179 0.0000000000
88237  -29.026  39.551  10.757 0.0000000000
88238  -29.546  39.947  11.094 0.0000000000
88242  -23.300  39.979  9.901 0.0000000000
88243  -23.751  39.593  9.536 0.0000000000
88244  -24.286  39.252  9.153 0.0000000000
88245  -27.712  39.409  9.272 0.0000000000
88246  -28.225  39.572  9.688 0.0000000000
88253  -23.920  39.789  8.707 0.0000000000
88254  -24.629  39.367  8.576 0.0000000000
88255  -25.306  39.311  8.235 0.0000000000
88256  -26.194  39.360  8.228 0.0000000000
88257  -27.385  39.715  8.684 0.0000000000
88258  -28.150  40.187  9.195 0.0000000000
88265  -24.096  39.872  8.082 0.0000000000
88266  -24.759  39.815  7.856 0.0000000000
88267  -25.603  39.898  7.751 0.0000000000
88268  -26.513  40.073  7.839 0.0000000000
88269  -27.045  40.338  8.006 0.0000000000
88698  -32.199  41.017  17.033 0.0000000000
88706  -31.646  40.258  16.377 0.0000000000
88707  -32.136  41.100  15.843 0.0000000000
88714  -31.524  40.262  15.077 0.0000000000
88715  -32.014  41.221  14.720 0.0000000000
88721  -31.594  40.719  13.807 0.0000000000
88722  -31.949  41.487  13.988 0.0000000000
88730  -30.557  40.207  12.306 0.0000000000
88731  -31.101  40.695  12.608 0.0000000000
88737  -29.796  40.158  11.275 0.0000000000
88738  -30.320  40.581  11.632 0.0000000000
88739  -30.911  41.256  11.887 0.0000000000
88747  -28.922  40.048  10.167 0.0000000000
88748  -29.549  40.550  10.639 0.0000000000
88749  -30.133  41.236  10.952 0.0000000000
88755  -22.754  40.483  9.857 0.0000000000
88756  -23.207  40.227  9.415 0.0000000000
88757  -28.769  40.603  9.671 0.0000000000
88758  -29.326  41.300  9.970 0.0000000000
88765  -22.168  40.987  9.463 0.0000000000
88766  -22.659  40.684  8.847 0.0000000000
88767  -23.395  40.180  8.909 0.0000000000
88768  -27.382  40.878  8.172 0.0000000000
88769  -28.104  40.970  8.858 0.0000000000
88779  -22.646  40.871  8.165 0.0000000000
88780  -23.273  40.412  8.067 0.0000000000
88781  -24.113  40.409  7.584 0.0000000000
88782  -24.968  40.514  7.455 0.0000000000
88783  -25.865  40.697  7.478 0.0000000000
88784  -26.710  40.884  7.682 0.0000000000
89281  -32.761  41.726  17.797 0.0000000000
89282  -33.583  42.487  18.192 0.0000000000
89288  -32.802  42.049  16.681 0.0000000000
89289  -33.062  42.303  17.518 0.0000000000
89296  -32.573  41.968  15.384 0.0000000000
89303  -32.261  41.956  14.433 0.0000000000
89310  -31.793  41.794  13.260 0.0000000000
89311  -32.031  41.910  13.894 0.0000000000
89318  -31.316  41.707  12.269 0.0000000000
89325  -30.623  41.731  11.331 0.0000000000
89326  -31.035  41.726  11.781 0.0000000000
89335  -29.799  41.694  10.463 0.0000000000
89336  -30.223  41.735  10.851 0.0000000000
89346  -28.812  41.770  9.427 0.0000000000
89347  -29.373  42.011  9.931 0.0000000000
89354  -21.766  41.326  8.820 0.0000000000
89355  -22.245  41.180  8.276 0.0000000000
89356  -27.743  41.681  8.326 0.0000000000
89357  -28.260  42.104  8.742 0.0000000000
89368  -21.669  41.689  8.014 0.0000000000
89369  -22.531  41.350  7.606 0.0000000000
89370  -23.434  41.056  7.285 0.0000000000
89371  -24.316  41.129  7.115 0.0000000000
89372  -25.214  41.318  7.136 0.0000000000
89373  -26.148  41.675  7.278 0.0000000000
89374  -27.148  41.842  7.713 0.0000000000
89389  -22.946  41.670  7.017 0.0000000000
89390  -23.654  41.776  6.791 0.0000000000
89391  -24.582  41.909  6.724 0.0000000000
89392  -25.429  42.102  6.865 0.0000000000
89393  -25.968  42.385  7.082 0.0000000000
89899  -33.853  43.612  18.429 0.0000000000
89900  -34.493  43.327  18.397 0.0000000000
89901  -35.135  43.239  17.858 0.0000000000
89906  -33.036  42.724  16.691 0.0000000000
89907  -33.237  42.990  17.365 0.0000000000
89908  -35.628  43.085  17.098 0.0000000000
89911  -33.024  42.997  16.118 0.0000000000
89912  -33.101  43.011  16.735 0.0000000000
89913  -36.001  42.782  16.197 0.0000000000
89914  -36.511  42.563  15.344 0.0000000000
89918  -32.604  42.868  14.910 0.0000000000
89919  -37.173  42.413  14.445 0.0000000000
89926  -31.821  43.011  13.472 0.0000000000
89927  -32.087  42.539  14.042 0.0000000000
89935  -31.530  42.655  12.586 0.0000000000
89944  -30.685  42.825  11.305 0.0000000000
89945  -31.128  42.344  11.813 0.0000000000
89955  -29.690  42.750  10.189 0.0000000000
89956  -30.246  42.359  10.770 0.0000000000
89968  -28.712  42.842  9.083 0.0000000000
89969  -29.193  42.588  9.635 0.0000000000
89980  -27.743  42.681  8.213 0.0000000000
89981  -28.275  42.746  8.646 0.0000000000
89991  -21.801  42.301  7.188 0.0000000000
89992  -22.490  41.922  7.084 0.0000000000
89993  -26.540  42.689  7.380 0.0000000000
89994  -27.182  42.623  7.743 0.0000000000
90010  -22.053  42.884  6.744 0.0000000000
90011  -22.800  42.506  6.717 0.0000000000
90012  -23.941  42.659  6.550 0.0000000000
90013  -24.903  42.737  6.594 0.0000000000
90014  -25.636  42.774  6.848 0.0000000000
90015  -26.042  42.762  7.098 0.0000000000
90542  -34.984  44.586  20.727 0.0000000000
90543  -35.199  44.616  20.539 0.0000000000
90547  -34.415  44.744  19.670 0.0000000000
90548  -34.722  44.691  20.105 0.0000000000
90549  -35.301  44.513  19.761 0.0000000000
90553  -34.228  44.581  19.093 0.0000000000
90554  -34.628  44.200  19.067 0.0000000000
90555  -35.236  44.174  18.614 0.0000000000
90560  -33.296  44.431  17.047 0.0000000000
90561  -33.541  44.343  17.600 0.0000000000
90562  -35.512  44.069  17.591 0.0000000000
90566  -33.091  44.185  16.648 0.0000000000
90567  -33.141  43.480  16.885 0.0000000000
90568  -35.745  43.954  16.459 0.0000000000
90569  -36.128  43.355  15.595 0.0000000000
90575  -32.680  44.050  15.632 0.0000000000
90576  -35.769  44.114  15.339 0.0000000000
90577  -36.394  43.361  14.786 0.0000000000
90583  -31.797  43.725  13.659 0.0000000000
90584  -32.195  43.879  14.393 0.0000000000
90585  -35.191  44.512  13.863 0.0000000000
90586  -35.638  44.208  14.165 0.0000000000
90587  -36.571  43.287  13.827 0.0000000000
90592  -31.538  43.650  13.056 0.0000000000
90593  -35.149  44.319  13.423 0.0000000000
90594  -35.754  43.591  13.039 0.0000000000
90595  -36.607  43.088  13.031 0.0000000000
90600  -30.655  43.529  11.350 0.0000000000
90601  -31.082  43.572  12.035 0.0000000000
90602  -35.009  44.047  12.616 0.0000000000
90603  -35.414  43.609  11.884 0.0000000000
90608  -29.739  43.528  10.173 0.0000000000
90609  -30.242  43.524  10.724 0.0000000000
90619  -28.699  43.745  9.025 0.0000000000
90620  -29.288  43.606  9.606 0.0000000000
90631  -27.651  43.811  8.306 0.0000000000
90632  -28.250  43.383  8.638 0.0000000000
90647  -25.766  44.060  7.139 0.0000000000
90648  -26.462  43.735  7.451 0.0000000000
90649  -27.139  43.332  7.808 0.0000000000
90668  -22.341  43.506  6.539 0.0000000000
90669  -23.342  43.563  6.561 0.0000000000
90670  -24.383  43.595  6.641 0.0000000000
90671  -25.299  43.500  6.797 0.0000000000
90672  -25.986  43.247  7.085 0.0000000000
91161  -35.326  45.800  20.893 0.0000000000
91162  -35.641  45.454  20.733 0.0000000000
91165  -35.126  44.924  21.105 0.0000000000
91166  -35.884  44.918  20.337 0.0000000000
91169  -34.306  45.084  19.654 0.0000000000
91170  -34.550  46.053  20.175 0.0000000000
91171  -35.983  44.847  19.235 0.0000000000
91175  -34.095  45.584  18.710 0.0000000000
91176  -34.390  46.650  18.944 0.0000000000
91177  -35.744  44.811  18.288 0.0000000000
91182  -33.315  44.763  16.941 0.0000000000
91183  -33.700  45.502  17.213 0.0000000000
91184  -35.612  45.038  17.406 0.0000000000
91190  -32.887  45.194  16.368 0.0000000000
91191  -33.350  45.863  16.347 0.0000000000
91192  -34.959  45.480  15.925 0.0000000000
91193  -35.281  45.165  16.204 0.0000000000
91200  -32.394  45.150  15.375 0.0000000000
91201  -34.852  45.322  15.408 0.0000000000
91202  -35.290  44.737  14.916 0.0000000000
91208  -31.741  44.472  13.758 0.0000000000
91209  -32.021  45.244  14.582 0.0000000000
91210  -34.226  45.288  13.678 0.0000000000
91211  -34.711  44.996  14.086 0.0000000000
91212  -35.240  44.634  14.372 0.0000000000
91216  -31.304  44.625  12.955 0.0000000000
91217  -34.192  45.205  13.263 0.0000000000
91218  -34.572  44.633  12.934 0.0000000000
91223  -30.592  44.266  11.415 0.0000000000
91224  -30.843  44.813  12.172 0.0000000000
91225  -34.196  45.087  12.524 0.0000000000
91226  -34.584  44.563  11.862 0.0000000000
91233  -29.746  44.270  10.189 0.0000000000
91234  -30.198  44.755  10.784 0.0000000000
91245  -28.866  44.414  9.221 0.0000000000
91246  -29.281  44.784  9.673 0.0000000000
91257  -27.599  44.535  8.330 0.0000000000
91258  -28.212  44.511  8.696 0.0000000000
91274  -26.172  44.636  7.418 0.0000000000
91275  -27.025  44.498  7.902 0.0000000000
91772  -35.670  45.882  20.651 0.0000000000
91776  -36.068  45.858  20.208 0.0000000000
91777  -36.178  46.165  19.793 0.0000000000
91781  -34.792  47.131  19.349 0.0000000000
91782  -36.301  45.561  19.540 0.0000000000
91783  -36.312  46.050  19.549 0.0000000000
91788  -34.254  46.450  17.891 0.0000000000
91789  -35.259  46.792  18.406 0.0000000000
91790  -36.170  45.831  18.572 0.0000000000
91791  -36.406  45.944  19.189 0.0000000000
91799  -34.057  46.006  16.794 0.0000000000
91800  -34.856  46.357  17.205 0.0000000000
91801  -35.609  46.064  17.319 0.0000000000
91809  -32.688  46.120  15.713 0.0000000000
91810  -33.450  46.177  15.750 0.0000000000
91811  -34.587  45.802  16.192 0.0000000000
91812  -35.109  45.898  16.769 0.0000000000
91818  -31.871  46.465  14.840 0.0000000000
91819  -32.143  46.020  15.172 0.0000000000
91820  -33.535  46.113  14.774 0.0000000000
91821  -34.196  45.730  15.125 0.0000000000
91826  -31.629  45.766  13.929 0.0000000000
91827  -31.875  45.918  14.719 0.0000000000
91828  -33.792  45.702  13.799 0.0000000000
91829  -34.046  45.646  14.437 0.0000000000
91832  -30.875  46.105  12.329 0.0000000000
91833  -31.150  45.583  12.780 0.0000000000
91834  -33.820  45.709  12.795 0.0000000000
91838  -30.510  45.490  11.546 0.0000000000
91839  -30.807  45.483  12.211 0.0000000000
91840  -34.110  45.582  11.967 0.0000000000
91841  -34.594  45.531  11.238 0.0000000000
91845  -29.661  45.487  10.269 0.0000000000
91846  -30.133  45.532  10.843 0.0000000000
91856  -28.731  45.462  9.186 0.0000000000
91857  -29.216  45.511  9.710 0.0000000000
91866  -27.522  45.367  8.286 0.0000000000
91867  -28.176  45.431  8.681 0.0000000000
91879  -26.999  45.258  7.939 0.0000000000
92328  -35.568  46.352  20.374 0.0000000000
92329  -36.015  46.286  19.959 0.0000000000
92333  -35.231  46.940  19.905 0.0000000000
92334  -35.763  46.698  19.700 0.0000000000
92335  -36.142  46.381  19.522 0.0000000000
92343  -35.475  47.068  19.298 0.0000000000
92344  -35.991  46.660  19.083 0.0000000000
92345  -36.306  46.222  19.165 0.0000000000
92359  -32.527  46.402  15.390 0.0000000000
92360  -32.755  46.466  15.438 0.0000000000
92365  -31.902  47.060  14.954 0.0000000000
92366  -32.376  46.787  15.087 0.0000000000
92367  -32.943  46.816  15.023 0.0000000000
92371  -31.660  46.947  14.409 0.0000000000
92372  -33.287  46.716  14.249 0.0000000000
92375  -30.932  46.772  12.455 0.0000000000
92376  -31.272  46.752  13.218 0.0000000000
92377  -33.511  46.587  13.245 0.0000000000
92381  -30.594  46.635  11.839 0.0000000000
92382  -33.808  46.485  12.266 0.0000000000
92383  -34.285  46.439  11.490 0.0000000000
92387  -29.572  46.369  10.316 0.0000000000
92388  -30.042  46.428  10.899 0.0000000000
92396  -28.633  46.349  9.233 0.0000000000
92397  -29.133  46.347  9.751 0.0000000000
92406  -27.002  46.526  8.259 0.0000000000
92407  -28.062  46.382  8.720 0.0000000000
92416  -26.881  45.823  7.916 0.0000000000
92864  -31.926  47.855  14.861 0.0000000000
92865  -32.657  47.827  14.724 0.0000000000
92866  -33.070  47.330  14.580 0.0000000000
92870  -31.441  47.659  14.043 0.0000000000
92871  -33.011  48.227  14.284 0.0000000000
92872  -33.219  47.652  13.864 0.0000000000
92876  -30.819  47.632  12.577 0.0000000000
92877  -31.191  47.532  13.351 0.0000000000
92878  -33.561  47.436  12.645 0.0000000000
92882  -30.259  47.461  11.413 0.0000000000
92883  -33.963  47.311  11.744 0.0000000000
92888  -29.441  47.267  10.364 0.0000000000
92889  -29.888  47.260  10.885 0.0000000000
92900  -27.572  47.790  9.334 0.0000000000
92901  -28.461  47.191  9.386 0.0000000000
92902  -29.024  47.154  9.810 0.0000000000
92912  -27.319  47.250  8.761 0.0000000000
92913  -27.899  47.196  8.979 0.0000000000
93372  -31.946  48.778  14.976 0.0000000000
93373  -32.226  48.724  14.908 0.0000000000
93378  -31.194  49.399  14.169 0.0000000000
93379  -31.501  48.743  14.426 0.0000000000
93380  -32.765  48.824  14.286 0.0000000000
93381  -33.104  48.432  13.814 0.0000000000
93385  -30.794  48.953  13.331 0.0000000000
93386  -31.147  48.098  13.569 0.0000000000
93387  -33.053  48.927  13.474 0.0000000000
93388  -33.321  48.423  12.959 0.0000000000
93392  -29.467  49.225  11.201 0.0000000000
93393  -30.032  48.885  11.701 0.0000000000
93394  -33.694  48.172  11.957 0.0000000000
93400  -27.218  49.257  10.126 0.0000000000
93401  -27.708  49.177  10.248 0.0000000000
93402  -29.064  48.914  10.563 0.0000000000
93403  -29.796  47.958  10.922 0.0000000000
93415  -26.577  48.965  9.501 0.0000000000
93416  -26.983  48.849  9.802 0.0000000000
93417  -28.114  48.324  9.804 0.0000000000
93418  -28.862  47.785  9.932 0.0000000000
93426  -26.425  48.583  9.058 0.0000000000
93427  -26.850  47.942  9.168 0.0000000000
93899  -31.923  49.235  14.951 0.0000000000
93900  -32.116  49.084  15.010 0.0000000000
93906  -30.923  50.026  13.910 0.0000000000
93907  -31.649  49.868  14.669 0.0000000000
93908  -32.376  49.674  14.733 0.0000000000
93912  -29.544  50.225  12.132 0.0000000000
93913  -30.199  49.981  12.694 0.0000000000
93914  -32.959  49.786  13.319 0.0000000000
93915  -33.177  49.091  12.944 0.0000000000
93920  -28.415  50.251  11.356 0.0000000000
93921  -29.197  49.880  11.486 0.0000000000
93922  -29.739  49.713  11.992 0.0000000000
93923  -33.246  50.104  11.820 0.0000000000
93924  -33.494  49.128  12.121 0.0000000000
93928  -27.268  49.766  10.315 0.0000000000
93929  -28.075  49.972  10.833 0.0000000000
93930  -28.703  49.787  11.001 0.0000000000
93941  -26.595  49.476  9.513 0.0000000000
93942  -26.849  49.625  9.964 0.0000000000
94451  -32.916  51.304  15.404 0.0000000000
94452  -33.014  50.839  15.005 0.0000000000
94458  -31.287  50.933  14.580 0.0000000000
94459  -32.349  50.901  15.065 0.0000000000
94460  -32.980  50.813  14.276 0.0000000000
94464  -28.616  51.712  12.458 0.0000000000
94465  -29.546  51.124  12.450 0.0000000000
94466  -30.690  50.930  13.437 0.0000000000
94467  -32.422  52.221  12.651 0.0000000000
94468  -32.986  51.364  12.798 0.0000000000
94473  -27.645  51.509  12.132 0.0000000000
94474  -28.273  51.047  12.050 0.0000000000
94475  -29.127  50.571  12.012 0.0000000000
94476  -30.956  51.750  11.788 0.0000000000
94477  -31.742  51.561  12.070 0.0000000000
94478  -32.548  50.685  11.451 0.0000000000
94482  -27.476  50.940  11.395 0.0000000000
94483  -27.975  50.544  11.452 0.0000000000
94484  -30.968  51.366  11.147 0.0000000000
94485  -31.633  50.770  10.852 0.0000000000
94489  -26.619  49.984  9.651 0.0000000000
94490  -26.974  50.499  10.086 0.0000000000
94496  -26.534  50.050  9.261 0.0000000000
94497  -27.250  50.888  9.046 0.0000000000
94946  -33.138  51.725  15.318 0.0000000000
94947  -33.062  51.860  15.514 0.0000000000
94952  -32.778  51.828  15.428 0.0000000000
94953  -33.309  51.752  15.094 0.0000000000
94954  -33.938  52.191  14.681 0.0000000000
94958  -31.108  51.465  14.030 0.0000000000
94959  -32.270  51.189  14.085 0.0000000000
94960  -34.196  52.041  14.954 0.0000000000
94961  -34.131  52.393  14.309 0.0000000000
94966  -27.607  52.575  12.692 0.0000000000
94967  -27.964  52.242  12.707 0.0000000000
94968  -29.028  52.251  12.624 0.0000000000
94969  -30.627  51.808  12.969 0.0000000000
94970  -32.404  52.405  13.386 0.0000000000
94971  -33.663  52.016  13.836 0.0000000000
94972  -34.099  52.434  13.981 0.0000000000
94977  -27.443  52.186  12.350 0.0000000000
94978  -27.735  51.766  12.388 0.0000000000
94979  -30.033  52.416  12.252 0.0000000000
94980  -30.664  52.067  12.351 0.0000000000
94981  -31.896  52.284  12.631 0.0000000000
94986  -27.154  52.066  11.306 0.0000000000
94987  -30.025  52.493  11.864 0.0000000000
94988  -30.488  51.965  11.431 0.0000000000
94993  -27.507  52.084  10.030 0.0000000000
94994  -29.968  52.383  10.926 0.0000000000
94995  -30.433  51.610  10.453 0.0000000000
95404  -33.232  51.914  15.143 0.0000000000
95405  -33.219  52.099  15.178 0.0000000000
95409  -32.764  51.614  14.482 0.0000000000
95410  -33.539  52.086  14.627 0.0000000000
95411  -33.956  52.225  14.439 0.0000000000
95415  -33.458  51.920  13.789 0.0000000000
95416  -33.631  52.161  14.284 0.0000000000
95417  -33.934  52.536  14.266 0.0000000000
95422  -27.663  53.099  12.877 0.0000000000
95423  -28.402  53.131  13.061 0.0000000000
95424  -29.320  52.834  12.556 0.0000000000
95425  -29.976  52.172  12.441 0.0000000000
95426  -33.108  52.756  13.784 0.0000000000
95427  -33.730  52.205  14.020 0.0000000000
95428  -33.785  52.463  14.010 0.0000000000
95433  -27.348  53.165  12.179 0.0000000000
95434  -29.628  52.868  12.284 0.0000000000
95435  -29.831  52.505  12.267 0.0000000000
95440  -27.637  53.407  11.092 0.0000000000
95441  -27.930  54.028  10.869 0.0000000000
95442  -29.516  53.151  11.684 0.0000000000
95449  -27.817  53.561  9.670 0.0000000000
95450  -27.921  53.981  10.390 0.0000000000
95451  -29.418  53.084  10.611 0.0000000000
95882  -32.938  52.112  14.637 0.0000000000
95883  -33.256  52.283  15.028 0.0000000000
95888  -32.823  51.813  14.815 0.0000000000
95889  -33.037  52.407  15.116 0.0000000000
95893  -33.201  51.842  13.942 0.0000000000
95894  -32.843  51.999  14.333 0.0000000000
95899  -28.023  53.954  13.416 0.0000000000
95900  -28.806  53.727  13.023 0.0000000000
95901  -29.166  53.408  12.624 0.0000000000
95906  -27.677  53.917  12.598 0.0000000000
95907  -28.435  54.278  12.635 0.0000000000
95908  -29.111  53.700  12.455 0.0000000000
95913  -27.547  53.789  11.965 0.0000000000
95914  -28.048  54.160  11.517 0.0000000000
95915  -28.859  53.833  11.645 0.0000000000
95920  -28.105  54.339  9.730 0.0000000000
95921  -28.311  54.163  10.166 0.0000000000
95922  -28.780  53.851  10.410 0.0000000000
