#!ascii label  , from subject FREESURFER vox2ras=TkReg 
240
99982  -18.927  62.321  -20.324 0.0000000000
99983  -19.400  62.286  -20.915 0.0000000000
99990  -19.956  62.336  -21.317 0.0000000000
99991  -20.715  62.549  -21.596 0.0000000000
99992  -21.646  62.829  -21.755 0.0000000000
99993  -22.722  62.869  -21.553 0.0000000000
100006  -21.670  63.352  -21.775 0.0000000000
100007  -22.014  63.339  -21.783 0.0000000000
100325  -17.993  64.042  -18.141 0.0000000000
100331  -17.995  63.865  -18.714 0.0000000000
100332  -18.314  63.055  -19.002 0.0000000000
100338  -18.110  63.800  -19.406 0.0000000000
100339  -18.467  63.309  -19.956 0.0000000000
100348  -19.070  63.266  -20.749 0.0000000000
100349  -19.557  62.928  -21.112 0.0000000000
100352  -19.449  63.433  -21.138 0.0000000000
100353  -19.986  63.356  -21.403 0.0000000000
100354  -20.939  63.650  -21.749 0.0000000000
100355  -21.430  63.420  -21.771 0.0000000000
100356  -23.350  63.628  -21.370 0.0000000000
100357  -24.221  63.569  -21.079 0.0000000000
100358  -25.168  63.687  -20.811 0.0000000000
100366  -21.227  64.160  -21.761 0.0000000000
100367  -21.638  63.863  -21.772 0.0000000000
100368  -22.471  63.844  -21.627 0.0000000000
100658  -18.891  64.439  -15.481 0.0000000000
100661  -17.904  64.956  -16.838 0.0000000000
100662  -18.602  64.389  -16.467 0.0000000000
100668  -17.912  64.497  -17.517 0.0000000000
100669  -18.555  63.835  -17.114 0.0000000000
100674  -17.593  64.638  -18.505 0.0000000000
100681  -17.743  64.595  -19.402 0.0000000000
100682  -18.135  64.177  -19.897 0.0000000000
100688  -17.950  64.813  -20.098 0.0000000000
100689  -18.479  64.368  -20.549 0.0000000000
100693  -19.293  64.228  -21.198 0.0000000000
100694  -20.171  64.460  -21.533 0.0000000000
100695  -20.947  64.687  -21.718 0.0000000000
100696  -21.446  65.033  -21.743 0.0000000000
100697  -23.768  64.121  -21.267 0.0000000000
100698  -24.357  64.643  -21.138 0.0000000000
100699  -25.520  64.689  -20.851 0.0000000000
100708  -21.451  64.485  -21.748 0.0000000000
100709  -22.057  64.744  -21.764 0.0000000000
100710  -23.199  64.680  -21.506 0.0000000000
100711  -23.765  65.158  -21.413 0.0000000000
100996  -18.068  65.898  -15.793 0.0000000000
100997  -18.672  65.500  -15.444 0.0000000000
100999  -17.998  65.436  -16.261 0.0000000000
101000  -18.697  64.983  -15.971 0.0000000000
101005  -17.061  66.301  -17.548 0.0000000000
101006  -17.342  65.658  -17.206 0.0000000000
101012  -17.142  66.111  -17.835 0.0000000000
101013  -17.287  65.578  -18.169 0.0000000000
101019  -17.442  65.557  -19.083 0.0000000000
101023  -17.695  65.553  -19.865 0.0000000000
101024  -18.126  65.496  -20.486 0.0000000000
101029  -18.740  65.404  -21.046 0.0000000000
101030  -19.583  65.423  -21.377 0.0000000000
101031  -20.400  65.494  -21.575 0.0000000000
101032  -21.078  65.614  -21.718 0.0000000000
101033  -24.152  65.677  -21.337 0.0000000000
101034  -25.041  65.676  -20.941 0.0000000000
101044  -21.731  65.688  -21.805 0.0000000000
101045  -22.557  65.686  -21.785 0.0000000000
101046  -23.402  65.704  -21.620 0.0000000000
101303  -17.347  66.907  -15.803 0.0000000000
101304  -18.038  66.497  -15.497 0.0000000000
101305  -18.823  66.466  -15.033 0.0000000000
101308  -17.021  66.829  -16.325 0.0000000000
101309  -17.577  66.244  -16.006 0.0000000000
101315  -16.880  66.676  -17.118 0.0000000000
101316  -17.312  66.135  -16.568 0.0000000000
101322  -16.898  66.787  -18.029 0.0000000000
101323  -17.151  66.268  -18.214 0.0000000000
101326  -16.954  67.194  -18.639 0.0000000000
101327  -17.226  66.587  -18.808 0.0000000000
101332  -17.559  66.475  -19.597 0.0000000000
101333  -17.925  66.437  -20.217 0.0000000000
101334  -18.413  66.428  -20.719 0.0000000000
101335  -19.122  66.518  -21.128 0.0000000000
101336  -19.961  66.469  -21.426 0.0000000000
101337  -20.682  66.369  -21.620 0.0000000000
101338  -23.798  66.415  -21.585 0.0000000000
101339  -24.586  66.619  -21.279 0.0000000000
101348  -21.280  66.476  -21.746 0.0000000000
101349  -22.018  66.650  -21.880 0.0000000000
101350  -23.019  66.748  -21.866 0.0000000000
101578  -18.173  67.890  -15.065 0.0000000000
101579  -19.118  67.632  -14.887 0.0000000000
101584  -16.798  67.576  -15.883 0.0000000000
101585  -17.514  67.533  -15.394 0.0000000000
101586  -18.375  67.164  -15.191 0.0000000000
101589  -16.540  67.635  -16.649 0.0000000000
101592  -16.458  67.638  -17.552 0.0000000000
101595  -16.586  67.681  -18.451 0.0000000000
101598  -17.002  67.673  -19.287 0.0000000000
101599  -17.387  67.097  -19.449 0.0000000000
101607  -17.135  68.149  -19.953 0.0000000000
101608  -17.664  67.572  -20.165 0.0000000000
101609  -18.153  67.035  -20.460 0.0000000000
101612  -17.932  68.028  -20.833 0.0000000000
101613  -18.491  67.575  -20.888 0.0000000000
101614  -19.523  67.735  -21.402 0.0000000000
101615  -20.431  67.251  -21.571 0.0000000000
101616  -20.914  66.937  -21.664 0.0000000000
101617  -23.905  67.473  -21.699 0.0000000000
101626  -19.720  68.475  -21.752 0.0000000000
101627  -20.244  68.267  -21.730 0.0000000000
101628  -21.229  67.663  -21.797 0.0000000000
101629  -22.361  67.747  -21.944 0.0000000000
101630  -23.158  67.781  -21.925 0.0000000000
101886  -17.417  68.560  -15.052 0.0000000000
101887  -18.387  68.802  -14.777 0.0000000000
101888  -19.631  69.007  -14.832 0.0000000000
101893  -16.373  68.534  -16.118 0.0000000000
101894  -16.779  68.456  -15.469 0.0000000000
101897  -15.702  69.528  -17.131 0.0000000000
101898  -15.974  68.736  -16.979 0.0000000000
101900  -15.672  69.337  -17.773 0.0000000000
101901  -16.047  68.461  -18.093 0.0000000000
101903  -15.870  69.280  -18.721 0.0000000000
101904  -16.380  68.487  -19.010 0.0000000000
101907  -16.056  69.260  -19.673 0.0000000000
101908  -16.652  68.575  -19.853 0.0000000000
101916  -16.141  69.187  -20.631 0.0000000000
101917  -16.898  68.469  -20.688 0.0000000000
101918  -17.484  68.255  -20.954 0.0000000000
101921  -16.204  69.017  -21.596 0.0000000000
101922  -16.906  68.452  -21.720 0.0000000000
101923  -17.835  68.311  -21.628 0.0000000000
101924  -18.736  68.420  -21.643 0.0000000000
101925  -19.353  68.575  -21.820 0.0000000000
101936  -16.371  68.910  -22.392 0.0000000000
101937  -17.019  68.731  -22.949 0.0000000000
101938  -18.191  68.665  -22.618 0.0000000000
101939  -19.032  68.882  -22.338 0.0000000000
102208  -21.507  71.123  -14.558 0.0000000000
102211  -16.482  70.309  -15.124 0.0000000000
102212  -17.198  69.873  -14.841 0.0000000000
102213  -18.780  70.198  -14.566 0.0000000000
102214  -20.401  70.548  -14.699 0.0000000000
102215  -21.100  71.441  -14.941 0.0000000000
102219  -15.990  70.503  -15.797 0.0000000000
102220  -16.304  69.741  -15.548 0.0000000000
102221  -16.860  69.128  -15.193 0.0000000000
102225  -15.840  70.015  -16.445 0.0000000000
102226  -16.134  69.248  -16.292 0.0000000000
102229  -15.611  70.204  -17.358 0.0000000000
102232  -15.560  70.184  -18.341 0.0000000000
102235  -15.599  70.109  -19.411 0.0000000000
102243  -15.602  69.955  -20.426 0.0000000000
102247  -14.876  70.426  -22.061 0.0000000000
102248  -15.452  69.960  -21.554 0.0000000000
102259  -15.001  70.162  -22.571 0.0000000000
102260  -15.691  69.535  -22.579 0.0000000000
102261  -16.207  69.237  -23.079 0.0000000000
102274  -15.173  70.041  -23.227 0.0000000000
102275  -15.667  69.816  -23.664 0.0000000000
102542  -21.983  71.763  -14.155 0.0000000000
102550  -17.648  71.503  -14.797 0.0000000000
102551  -19.256  71.566  -14.570 0.0000000000
102552  -20.474  71.925  -14.774 0.0000000000
102553  -21.473  72.157  -14.778 0.0000000000
102561  -16.243  70.551  -15.232 0.0000000000
102569  -15.724  71.171  -16.728 0.0000000000
102571  -15.553  71.197  -17.748 0.0000000000
102574  -15.462  71.230  -18.965 0.0000000000
102582  -14.846  71.390  -20.807 0.0000000000
102583  -15.257  70.976  -20.297 0.0000000000
102587  -13.962  71.438  -21.912 0.0000000000
102588  -14.656  71.003  -21.529 0.0000000000
102589  -15.309  70.484  -20.978 0.0000000000
102601  -13.872  71.196  -22.370 0.0000000000
102602  -14.375  70.663  -22.541 0.0000000000
102613  -13.037  71.292  -23.684 0.0000000000
102614  -13.558  71.041  -23.275 0.0000000000
102615  -14.487  70.515  -23.467 0.0000000000
102616  -15.100  70.364  -23.879 0.0000000000
102626  -13.241  71.178  -23.953 0.0000000000
102627  -13.795  71.043  -24.238 0.0000000000
102820  -19.480  72.729  -13.210 0.0000000000
102821  -20.444  72.638  -13.349 0.0000000000
102822  -21.378  72.357  -13.601 0.0000000000
102823  -21.888  72.134  -13.803 0.0000000000
102831  -18.832  72.759  -13.794 0.0000000000
102832  -19.952  73.230  -13.937 0.0000000000
102833  -21.035  72.990  -14.002 0.0000000000
102834  -21.752  72.531  -14.155 0.0000000000
102840  -18.504  72.304  -14.459 0.0000000000
102841  -19.558  72.629  -14.539 0.0000000000
102842  -20.677  72.801  -14.568 0.0000000000
102843  -21.346  72.776  -14.460 0.0000000000
102863  -15.956  72.219  -17.045 0.0000000000
102867  -15.683  72.271  -18.093 0.0000000000
102870  -15.367  72.444  -19.695 0.0000000000
102871  -15.569  72.339  -19.053 0.0000000000
102878  -14.254  72.256  -20.816 0.0000000000
102879  -14.923  72.033  -20.333 0.0000000000
102880  -15.316  71.770  -19.693 0.0000000000
102883  -13.054  72.045  -21.837 0.0000000000
102884  -13.812  71.885  -21.470 0.0000000000
102885  -14.488  71.666  -20.986 0.0000000000
102896  -12.158  72.058  -22.917 0.0000000000
102897  -12.671  71.893  -22.416 0.0000000000
102898  -13.411  71.611  -22.117 0.0000000000
102907  -11.962  71.966  -23.642 0.0000000000
102908  -12.717  71.539  -23.263 0.0000000000
102909  -13.218  71.417  -22.690 0.0000000000
102916  -11.829  71.963  -24.652 0.0000000000
102917  -12.679  71.473  -24.245 0.0000000000
102918  -13.255  71.277  -24.327 0.0000000000
103076  -16.291  73.200  -17.421 0.0000000000
103082  -16.103  73.204  -18.481 0.0000000000
103086  -15.313  73.044  -19.950 0.0000000000
103087  -15.746  73.128  -19.341 0.0000000000
103094  -12.829  73.283  -21.171 0.0000000000
103095  -13.496  72.876  -20.941 0.0000000000
103096  -14.602  73.014  -20.403 0.0000000000
103100  -11.727  73.155  -22.130 0.0000000000
103101  -12.408  72.740  -21.776 0.0000000000
103102  -13.167  72.350  -21.498 0.0000000000
103110  -10.928  73.244  -23.106 0.0000000000
103111  -11.472  72.738  -22.823 0.0000000000
103112  -12.145  72.328  -22.479 0.0000000000
103117  -10.872  73.101  -23.641 0.0000000000
103118  -11.295  72.492  -24.060 0.0000000000
103124  -11.301  72.519  -25.105 0.0000000000
103244  -16.401  74.172  -17.942 0.0000000000
103249  -15.715  73.698  -19.641 0.0000000000
103250  -16.140  74.075  -19.032 0.0000000000
103256  -13.138  74.018  -20.799 0.0000000000
103257  -14.316  74.017  -20.505 0.0000000000
103258  -15.394  74.015  -20.102 0.0000000000
103259  -15.846  74.199  -19.599 0.0000000000
103264  -11.846  73.782  -21.717 0.0000000000
103265  -12.457  73.656  -21.289 0.0000000000
103271  -11.442  73.551  -22.312 0.0000000000
103362  -16.280  75.038  -18.526 0.0000000000
103369  -15.951  74.960  -19.437 0.0000000000
