#!ascii label  , from subject FREESURFER vox2ras=TkReg 
373
93661  -35.065  49.141  -19.035 0.0000000000
93673  -35.129  49.501  -19.373 0.0000000000
94183  -30.534  49.677  -15.269 0.0000000000
94204  -29.958  50.076  -15.701 0.0000000000
94205  -30.646  50.028  -16.019 0.0000000000
94206  -31.605  49.831  -16.155 0.0000000000
94223  -30.962  50.190  -16.565 0.0000000000
94224  -31.673  50.166  -16.920 0.0000000000
94225  -33.266  49.931  -16.892 0.0000000000
94236  -32.319  50.249  -17.875 0.0000000000
94237  -32.866  49.969  -17.876 0.0000000000
94238  -33.576  49.673  -18.222 0.0000000000
94239  -34.413  49.347  -18.551 0.0000000000
94246  -33.847  49.809  -18.944 0.0000000000
94247  -34.564  49.794  -19.350 0.0000000000
94248  -35.354  49.941  -19.699 0.0000000000
94249  -36.025  49.725  -19.767 0.0000000000
94252  -35.905  50.303  -19.879 0.0000000000
94253  -36.597  50.168  -20.118 0.0000000000
94703  -28.069  50.928  -15.203 0.0000000000
94704  -28.720  50.581  -15.433 0.0000000000
94705  -29.452  50.269  -15.664 0.0000000000
94711  -28.955  50.976  -16.013 0.0000000000
94712  -29.683  50.663  -16.250 0.0000000000
94713  -30.435  50.370  -16.506 0.0000000000
94719  -29.881  51.034  -16.779 0.0000000000
94720  -30.902  51.827  -18.083 0.0000000000
94721  -31.584  51.230  -18.116 0.0000000000
94727  -32.150  50.813  -18.259 0.0000000000
94728  -32.875  50.649  -18.704 0.0000000000
94729  -33.461  50.155  -18.824 0.0000000000
94735  -33.118  51.098  -19.172 0.0000000000
94736  -33.721  50.635  -19.360 0.0000000000
94737  -34.917  50.816  -19.904 0.0000000000
94738  -35.526  50.527  -19.900 0.0000000000
94741  -35.349  51.419  -20.172 0.0000000000
94742  -35.921  51.073  -20.194 0.0000000000
94743  -36.962  51.027  -20.816 0.0000000000
95165  -27.467  51.472  -14.663 0.0000000000
95166  -27.813  51.109  -15.049 0.0000000000
95171  -27.634  51.951  -15.102 0.0000000000
95172  -28.119  51.556  -15.506 0.0000000000
95173  -28.637  51.158  -15.860 0.0000000000
95177  -28.853  52.715  -16.506 0.0000000000
95178  -29.255  52.515  -16.881 0.0000000000
95179  -29.563  51.204  -16.653 0.0000000000
95182  -29.864  52.767  -17.430 0.0000000000
95183  -30.354  52.444  -17.772 0.0000000000
95184  -31.044  51.998  -18.250 0.0000000000
95185  -31.655  51.419  -18.266 0.0000000000
95188  -31.337  52.254  -18.408 0.0000000000
95189  -31.927  51.722  -18.543 0.0000000000
95190  -32.729  51.660  -19.033 0.0000000000
95193  -33.416  51.659  -19.411 0.0000000000
95194  -34.247  51.680  -19.778 0.0000000000
95195  -35.008  51.870  -20.119 0.0000000000
95198  -35.520  51.947  -20.458 0.0000000000
95199  -36.113  51.960  -20.849 0.0000000000
95200  -36.582  51.649  -21.251 0.0000000000
95203  -36.006  52.013  -21.570 0.0000000000
95631  -27.206  52.349  -14.155 0.0000000000
95632  -27.500  52.757  -14.711 0.0000000000
95638  -27.450  52.225  -14.819 0.0000000000
95639  -28.317  53.325  -15.696 0.0000000000
95640  -28.537  53.248  -16.001 0.0000000000
95644  -28.499  52.725  -16.162 0.0000000000
95645  -28.885  53.007  -16.494 0.0000000000
95646  -29.587  53.336  -17.045 0.0000000000
95649  -29.658  52.989  -17.257 0.0000000000
95650  -29.852  53.039  -17.414 0.0000000000
95651  -30.424  52.804  -17.870 0.0000000000
95654  -30.962  52.730  -18.275 0.0000000000
95655  -31.583  52.682  -18.557 0.0000000000
95656  -32.325  52.543  -18.883 0.0000000000
95659  -33.097  52.517  -19.245 0.0000000000
95660  -33.927  52.582  -19.556 0.0000000000
95661  -34.747  52.690  -19.919 0.0000000000
95664  -35.262  52.699  -20.337 0.0000000000
95665  -35.527  52.681  -20.684 0.0000000000
95668  -34.940  53.228  -21.559 0.0000000000
95669  -35.541  52.838  -21.310 0.0000000000
95678  -34.802  52.905  -22.110 0.0000000000
95679  -35.439  52.350  -22.165 0.0000000000
95693  -34.892  52.440  -22.950 0.0000000000
95706  -34.658  52.746  -23.686 0.0000000000
95707  -34.905  52.728  -24.399 0.0000000000
96097  -27.412  54.081  -12.035 0.0000000000
96107  -27.505  54.193  -12.505 0.0000000000
96115  -27.338  53.517  -13.124 0.0000000000
96116  -27.634  53.900  -14.001 0.0000000000
96119  -28.074  53.708  -15.021 0.0000000000
96120  -28.358  53.610  -15.586 0.0000000000
96123  -28.667  53.570  -16.091 0.0000000000
96124  -29.457  53.900  -16.723 0.0000000000
96127  -29.702  53.669  -17.005 0.0000000000
96128  -30.204  53.536  -17.408 0.0000000000
96129  -30.733  53.796  -17.644 0.0000000000
96133  -30.664  53.257  -17.895 0.0000000000
96134  -31.243  53.520  -18.200 0.0000000000
96135  -32.065  53.464  -18.695 0.0000000000
96138  -32.846  53.352  -19.028 0.0000000000
96139  -33.613  53.394  -19.273 0.0000000000
96140  -34.463  53.563  -19.604 0.0000000000
96144  -35.193  53.558  -20.194 0.0000000000
96145  -35.356  53.102  -20.484 0.0000000000
96149  -34.251  54.024  -21.514 0.0000000000
96150  -35.024  53.721  -21.054 0.0000000000
96151  -35.425  53.226  -20.692 0.0000000000
96158  -33.826  54.050  -22.142 0.0000000000
96159  -34.392  53.507  -21.872 0.0000000000
96171  -33.815  54.306  -22.664 0.0000000000
96172  -34.135  53.568  -22.986 0.0000000000
96187  -34.566  53.591  -24.091 0.0000000000
96188  -35.164  53.598  -24.744 0.0000000000
96205  -35.795  53.606  -25.299 0.0000000000
96561  -29.316  54.751  -8.407 0.0000000000
96567  -28.720  54.677  -9.642 0.0000000000
96568  -29.211  54.921  -9.074 0.0000000000
96571  -27.840  54.372  -10.885 0.0000000000
96572  -28.408  54.785  -10.548 0.0000000000
96575  -27.746  54.498  -11.794 0.0000000000
96576  -28.274  54.907  -11.454 0.0000000000
96580  -27.745  54.562  -12.529 0.0000000000
96581  -28.234  54.990  -12.331 0.0000000000
96587  -27.772  54.577  -12.839 0.0000000000
96588  -28.263  55.037  -13.003 0.0000000000
96595  -28.094  54.099  -14.685 0.0000000000
96596  -28.445  54.570  -14.442 0.0000000000
96599  -28.256  53.899  -15.211 0.0000000000
96600  -29.233  54.636  -15.901 0.0000000000
96601  -29.427  54.747  -15.968 0.0000000000
96604  -29.325  54.304  -16.369 0.0000000000
96605  -29.658  54.447  -16.515 0.0000000000
96606  -30.175  54.807  -16.695 0.0000000000
96609  -29.935  53.993  -17.013 0.0000000000
96610  -30.388  54.435  -17.172 0.0000000000
96611  -31.182  54.406  -17.754 0.0000000000
96614  -31.875  54.363  -18.361 0.0000000000
96615  -32.856  54.319  -18.771 0.0000000000
96616  -33.489  54.873  -18.708 0.0000000000
96619  -33.330  53.880  -19.041 0.0000000000
96620  -33.965  54.439  -19.100 0.0000000000
96621  -34.768  54.428  -19.741 0.0000000000
96624  -34.247  54.717  -20.736 0.0000000000
96625  -34.830  54.430  -20.374 0.0000000000
96630  -33.819  54.627  -21.468 0.0000000000
96631  -34.462  54.323  -21.020 0.0000000000
96637  -33.649  54.822  -22.336 0.0000000000
96641  -33.876  54.920  -23.104 0.0000000000
96642  -34.323  54.623  -23.846 0.0000000000
96648  -34.883  54.554  -24.549 0.0000000000
96649  -35.512  54.539  -25.139 0.0000000000
97000  -29.685  55.297  -7.953 0.0000000000
97010  -29.670  55.579  -8.802 0.0000000000
97011  -30.092  55.921  -8.221 0.0000000000
97014  -28.900  55.221  -10.315 0.0000000000
97015  -29.362  55.492  -9.729 0.0000000000
97018  -28.768  55.378  -11.073 0.0000000000
97019  -29.303  55.786  -10.644 0.0000000000
97021  -28.795  55.419  -11.991 0.0000000000
97022  -29.281  55.940  -11.536 0.0000000000
97024  -28.828  55.479  -12.914 0.0000000000
97025  -29.366  56.045  -12.532 0.0000000000
97028  -29.093  55.497  -13.891 0.0000000000
97029  -29.441  55.934  -13.505 0.0000000000
97032  -29.401  55.174  -15.181 0.0000000000
97033  -29.887  55.870  -14.626 0.0000000000
97034  -30.532  56.222  -14.903 0.0000000000
97036  -29.392  54.869  -15.688 0.0000000000
97037  -29.826  55.145  -15.817 0.0000000000
97038  -30.510  55.880  -15.518 0.0000000000
97040  -30.066  54.935  -16.416 0.0000000000
97041  -30.773  55.462  -16.689 0.0000000000
97042  -31.732  55.787  -17.003 0.0000000000
97047  -30.989  54.990  -17.430 0.0000000000
97048  -32.027  55.376  -17.745 0.0000000000
97049  -33.365  55.795  -18.103 0.0000000000
97050  -33.725  56.115  -18.436 0.0000000000
97055  -32.400  54.838  -18.383 0.0000000000
97056  -33.010  55.158  -18.429 0.0000000000
97057  -33.801  55.572  -18.753 0.0000000000
97060  -34.217  55.319  -19.739 0.0000000000
97061  -34.772  54.867  -19.980 0.0000000000
97064  -33.744  55.345  -20.781 0.0000000000
97065  -34.472  54.958  -20.264 0.0000000000
97072  -33.434  55.516  -21.819 0.0000000000
97078  -33.548  55.705  -22.664 0.0000000000
97081  -33.754  55.890  -23.290 0.0000000000
97082  -34.138  55.680  -23.773 0.0000000000
97086  -34.641  55.567  -24.396 0.0000000000
97087  -35.300  55.528  -24.945 0.0000000000
97090  -35.972  55.505  -25.483 0.0000000000
97400  -30.720  56.347  -8.069 0.0000000000
97401  -31.354  56.909  -7.900 0.0000000000
97411  -29.906  56.104  -9.477 0.0000000000
97412  -30.483  56.333  -8.934 0.0000000000
97413  -31.323  56.820  -8.727 0.0000000000
97421  -29.851  56.207  -10.217 0.0000000000
97422  -30.548  56.467  -9.863 0.0000000000
97423  -31.327  56.780  -9.574 0.0000000000
97431  -29.894  56.327  -11.063 0.0000000000
97432  -30.559  56.513  -10.655 0.0000000000
97433  -31.274  56.715  -10.412 0.0000000000
97440  -29.916  56.448  -11.918 0.0000000000
97441  -30.795  56.630  -11.458 0.0000000000
97442  -31.104  56.657  -10.945 0.0000000000
97449  -29.965  56.528  -12.628 0.0000000000
97450  -30.608  56.696  -12.316 0.0000000000
97457  -29.774  56.377  -13.149 0.0000000000
97458  -30.490  56.714  -13.207 0.0000000000
97465  -29.998  56.381  -13.782 0.0000000000
97466  -30.828  56.653  -14.277 0.0000000000
97467  -31.650  56.904  -14.813 0.0000000000
97474  -31.096  56.422  -15.156 0.0000000000
97475  -31.994  56.788  -15.573 0.0000000000
97476  -32.619  57.021  -16.253 0.0000000000
97485  -31.239  56.134  -15.867 0.0000000000
97486  -31.946  56.213  -16.431 0.0000000000
97487  -32.866  56.691  -16.854 0.0000000000
97495  -32.394  55.987  -17.046 0.0000000000
97496  -33.268  56.315  -17.537 0.0000000000
97497  -33.837  56.535  -18.175 0.0000000000
97506  -33.834  56.526  -18.729 0.0000000000
97514  -33.719  56.306  -19.395 0.0000000000
97517  -33.238  57.037  -20.639 0.0000000000
97518  -33.467  56.406  -20.351 0.0000000000
97527  -33.202  56.934  -21.058 0.0000000000
97528  -33.323  56.273  -21.326 0.0000000000
97532  -33.157  56.957  -21.633 0.0000000000
97533  -33.271  56.564  -22.205 0.0000000000
97537  -33.487  56.613  -23.046 0.0000000000
97538  -33.914  56.620  -23.662 0.0000000000
97542  -34.449  56.567  -24.205 0.0000000000
97543  -35.128  56.539  -24.698 0.0000000000
97550  -35.834  56.523  -25.265 0.0000000000
97853  -31.527  57.781  -7.824 0.0000000000
97859  -31.660  57.637  -8.631 0.0000000000
97866  -31.922  57.439  -9.389 0.0000000000
97875  -32.166  57.320  -10.264 0.0000000000
97876  -32.757  57.621  -10.974 0.0000000000
97884  -31.307  56.732  -11.555 0.0000000000
97885  -31.790  56.922  -11.265 0.0000000000
97886  -32.738  57.646  -11.661 0.0000000000
97893  -31.342  56.794  -11.938 0.0000000000
97894  -32.165  57.330  -12.237 0.0000000000
97895  -32.723  57.726  -12.057 0.0000000000
97902  -31.319  56.941  -12.733 0.0000000000
97903  -31.918  57.555  -13.129 0.0000000000
97911  -31.317  57.024  -13.505 0.0000000000
97912  -32.023  57.511  -14.164 0.0000000000
97913  -32.795  57.896  -14.827 0.0000000000
97921  -32.217  57.470  -15.047 0.0000000000
97922  -33.138  57.697  -15.689 0.0000000000
97923  -34.448  57.771  -16.317 0.0000000000
97924  -35.285  57.818  -16.798 0.0000000000
97933  -33.543  57.330  -16.565 0.0000000000
97934  -34.611  57.363  -16.966 0.0000000000
97935  -35.422  57.650  -17.389 0.0000000000
97943  -33.727  57.038  -17.188 0.0000000000
97944  -34.488  57.032  -17.691 0.0000000000
97945  -35.316  57.570  -18.059 0.0000000000
97955  -34.334  57.348  -18.414 0.0000000000
97956  -34.973  57.785  -18.235 0.0000000000
97967  -33.282  57.707  -19.755 0.0000000000
97968  -33.564  57.257  -19.298 0.0000000000
97976  -33.242  57.374  -20.212 0.0000000000
97977  -33.459  56.826  -19.793 0.0000000000
97986  -33.160  57.417  -20.867 0.0000000000
97988  -33.136  57.518  -21.387 0.0000000000
97989  -33.119  57.510  -21.994 0.0000000000
97994  -33.395  57.473  -22.639 0.0000000000
97995  -33.826  57.510  -23.295 0.0000000000
97998  -34.374  57.487  -23.838 0.0000000000
97999  -34.958  57.487  -24.323 0.0000000000
98009  -35.693  57.558  -24.870 0.0000000000
98292  -31.799  58.608  -8.543 0.0000000000
98298  -32.380  58.455  -9.346 0.0000000000
98299  -33.447  58.632  -9.904 0.0000000000
98300  -34.320  58.712  -10.279 0.0000000000
98307  -32.638  57.959  -9.893 0.0000000000
98308  -33.450  58.068  -10.470 0.0000000000
98309  -34.867  58.565  -10.822 0.0000000000
98310  -35.816  59.053  -11.422 0.0000000000
98311  -36.332  59.318  -11.820 0.0000000000
98318  -33.777  57.910  -11.275 0.0000000000
98319  -34.838  58.405  -11.741 0.0000000000
98320  -35.726  59.124  -12.084 0.0000000000
98321  -36.361  59.339  -12.026 0.0000000000
98327  -32.700  57.801  -12.291 0.0000000000
98328  -33.465  57.993  -12.215 0.0000000000
98329  -34.504  58.753  -12.749 0.0000000000
98330  -35.229  59.225  -12.515 0.0000000000
98337  -32.646  57.949  -12.726 0.0000000000
98338  -33.427  58.294  -13.193 0.0000000000
98339  -33.961  58.682  -13.863 0.0000000000
98347  -32.601  58.006  -13.483 0.0000000000
98348  -33.237  58.163  -14.182 0.0000000000
98349  -34.025  58.582  -14.797 0.0000000000
98357  -33.562  58.119  -15.004 0.0000000000
98358  -34.364  58.317  -15.643 0.0000000000
98359  -35.172  58.400  -16.492 0.0000000000
98366  -35.842  58.358  -17.079 0.0000000000
98373  -35.775  58.268  -17.751 0.0000000000
98381  -34.523  58.191  -18.412 0.0000000000
98382  -35.287  58.233  -18.128 0.0000000000
98393  -33.362  57.980  -19.502 0.0000000000
98394  -33.767  58.077  -18.951 0.0000000000
98407  -33.138  58.164  -20.027 0.0000000000
98416  -33.078  58.183  -20.889 0.0000000000
98417  -33.275  58.699  -21.428 0.0000000000
98421  -33.136  58.075  -21.613 0.0000000000
98422  -33.460  58.455  -22.098 0.0000000000
98423  -33.991  58.824  -22.501 0.0000000000
98428  -33.797  58.168  -22.798 0.0000000000
98429  -34.546  58.592  -23.266 0.0000000000
98430  -35.169  59.163  -23.528 0.0000000000
98433  -34.836  58.048  -23.898 0.0000000000
98434  -35.409  58.592  -24.108 0.0000000000
98705  -32.392  59.556  -9.144 0.0000000000
98706  -33.346  59.504  -9.627 0.0000000000
98707  -34.457  59.449  -10.035 0.0000000000
98708  -35.292  59.752  -10.427 0.0000000000
98713  -35.050  59.147  -10.418 0.0000000000
98714  -35.869  59.505  -10.797 0.0000000000
98715  -36.538  59.606  -11.463 0.0000000000
98721  -36.193  59.449  -12.166 0.0000000000
98722  -36.551  59.666  -12.104 0.0000000000
98729  -34.613  59.519  -12.824 0.0000000000
98730  -35.728  59.699  -12.370 0.0000000000
98731  -36.336  59.928  -12.296 0.0000000000
98736  -34.080  59.256  -13.649 0.0000000000
98775  -34.751  58.866  -18.203 0.0000000000
98776  -35.461  58.986  -17.966 0.0000000000
98785  -33.306  58.640  -19.496 0.0000000000
98786  -33.800  59.099  -18.752 0.0000000000
98803  -33.097  59.052  -20.258 0.0000000000
98804  -33.333  59.735  -20.622 0.0000000000
98819  -33.173  59.102  -20.975 0.0000000000
98820  -33.699  59.728  -21.374 0.0000000000
98821  -34.293  60.503  -21.479 0.0000000000
98827  -33.855  59.183  -22.059 0.0000000000
98828  -34.509  59.774  -22.144 0.0000000000
98832  -35.087  59.740  -23.055 0.0000000000
98833  -35.506  59.682  -23.616 0.0000000000
98836  -35.815  59.538  -24.370 0.0000000000
99096  -33.194  60.572  -9.591 0.0000000000
99097  -34.244  60.542  -9.988 0.0000000000
99098  -34.972  60.235  -10.336 0.0000000000
99105  -34.938  60.873  -10.550 0.0000000000
99106  -35.636  60.564  -10.757 0.0000000000
99107  -36.444  60.262  -11.102 0.0000000000
99114  -34.656  61.066  -11.748 0.0000000000
99115  -35.545  60.743  -11.517 0.0000000000
99116  -36.531  60.187  -11.794 0.0000000000
99125  -34.289  60.521  -12.379 0.0000000000
99126  -35.974  60.214  -12.126 0.0000000000
99127  -36.556  60.066  -12.169 0.0000000000
99179  -33.303  59.458  -19.562 0.0000000000
99180  -33.566  60.480  -19.240 0.0000000000
99198  -33.223  59.954  -20.026 0.0000000000
99199  -33.713  60.871  -20.349 0.0000000000
99217  -34.185  61.341  -21.018 0.0000000000
99218  -34.587  61.350  -21.590 0.0000000000
99228  -35.256  60.954  -22.466 0.0000000000
99236  -35.481  60.254  -23.139 0.0000000000
99494  -33.810  61.347  -10.053 0.0000000000
99501  -34.382  61.599  -10.649 0.0000000000
99502  -35.106  61.291  -10.851 0.0000000000
99509  -33.293  62.131  -11.614 0.0000000000
99510  -34.332  61.625  -11.332 0.0000000000
99511  -35.408  61.250  -11.073 0.0000000000
99519  -34.074  61.227  -11.894 0.0000000000
99914  -34.070  62.201  -11.011 0.0000000000
