#!ascii label  , from subject FREESURFER vox2ras=TkReg 
458
96034  -10.966  54.793  -6.007 0.0000000000
96035  -11.435  54.566  -5.937 0.0000000000
96036  -12.130  54.242  -6.084 0.0000000000
96042  -11.143  54.712  -6.240 0.0000000000
96043  -11.550  54.553  -6.544 0.0000000000
96044  -12.461  54.212  -6.793 0.0000000000
96050  -11.693  54.566  -7.328 0.0000000000
96051  -12.511  54.170  -7.789 0.0000000000
96057  -9.560  55.070  -9.208 0.0000000000
96058  -11.082  54.555  -8.446 0.0000000000
96059  -12.609  53.829  -8.790 0.0000000000
96066  -11.680  53.867  -9.620 0.0000000000
96067  -12.998  53.556  -9.817 0.0000000000
96068  -13.622  53.891  -10.199 0.0000000000
96077  -13.826  54.121  -10.674 0.0000000000
96488  -11.764  54.949  -0.834 0.0000000000
96493  -12.210  54.855  -1.583 0.0000000000
96494  -13.101  54.973  -2.045 0.0000000000
96501  -12.460  54.725  -2.629 0.0000000000
96502  -13.489  54.964  -2.811 0.0000000000
96507  -11.667  54.794  -3.479 0.0000000000
96508  -13.012  54.605  -3.614 0.0000000000
96509  -14.006  54.894  -3.749 0.0000000000
96510  -14.348  55.345  -4.068 0.0000000000
96519  -11.095  54.965  -4.415 0.0000000000
96520  -12.452  54.519  -4.546 0.0000000000
96521  -13.614  54.575  -4.655 0.0000000000
96522  -14.345  55.074  -4.676 0.0000000000
96526  -9.261  55.775  -5.243 0.0000000000
96527  -10.730  55.027  -5.398 0.0000000000
96528  -11.873  54.486  -5.357 0.0000000000
96529  -13.133  54.230  -5.847 0.0000000000
96530  -14.228  54.778  -5.632 0.0000000000
96536  -8.773  56.140  -6.688 0.0000000000
96537  -10.504  55.151  -6.445 0.0000000000
96538  -11.191  54.785  -6.946 0.0000000000
96539  -13.388  54.232  -7.202 0.0000000000
96540  -14.148  54.600  -6.738 0.0000000000
96545  -8.172  56.565  -8.788 0.0000000000
96546  -8.791  56.262  -8.061 0.0000000000
96547  -9.899  55.570  -7.496 0.0000000000
96548  -10.860  54.965  -7.434 0.0000000000
96549  -13.475  54.165  -8.267 0.0000000000
96550  -14.138  54.621  -7.833 0.0000000000
96555  -8.808  55.800  -9.271 0.0000000000
96556  -9.750  55.379  -8.389 0.0000000000
96557  -10.465  55.145  -7.939 0.0000000000
96558  -13.608  53.991  -9.212 0.0000000000
96559  -14.210  54.546  -8.852 0.0000000000
96564  -13.672  53.917  -9.775 0.0000000000
96565  -14.209  54.387  -9.945 0.0000000000
96569  -13.694  54.117  -11.409 0.0000000000
96570  -14.192  54.668  -11.015 0.0000000000
96574  -14.059  54.512  -12.143 0.0000000000
96579  -14.336  54.610  -13.292 0.0000000000
96890  -10.639  55.555  1.148 0.0000000000
96891  -11.436  56.032  0.877 0.0000000000
96901  -10.823  55.114  0.603 0.0000000000
96902  -11.698  55.551  0.292 0.0000000000
96903  -12.503  56.051  -0.140 0.0000000000
96916  -11.843  55.187  -0.379 0.0000000000
96917  -12.793  55.591  -0.758 0.0000000000
96918  -13.531  56.115  -1.209 0.0000000000
96928  -13.069  55.206  -1.520 0.0000000000
96929  -13.782  55.741  -1.965 0.0000000000
96930  -14.257  56.317  -2.387 0.0000000000
96934  -14.096  55.444  -3.115 0.0000000000
96935  -14.345  56.112  -2.885 0.0000000000
96945  -14.253  55.345  -3.655 0.0000000000
96946  -14.456  55.881  -3.752 0.0000000000
96959  -14.535  55.790  -4.595 0.0000000000
96970  -14.645  55.787  -5.539 0.0000000000
96971  -14.808  56.398  -5.963 0.0000000000
96981  -8.338  56.618  -7.561 0.0000000000
96982  -14.647  55.383  -6.506 0.0000000000
96983  -14.890  56.201  -6.437 0.0000000000
96993  -8.091  56.810  -8.032 0.0000000000
96994  -14.645  55.256  -7.490 0.0000000000
96995  -15.006  56.023  -7.247 0.0000000000
97005  -14.669  55.209  -8.462 0.0000000000
97006  -15.026  55.925  -8.141 0.0000000000
97012  -14.772  55.159  -9.411 0.0000000000
97013  -15.112  55.825  -8.991 0.0000000000
97016  -14.710  55.480  -10.431 0.0000000000
97017  -15.102  55.862  -9.715 0.0000000000
97020  -14.394  55.485  -11.548 0.0000000000
97023  -14.466  55.455  -12.634 0.0000000000
97303  -9.260  56.881  1.952 0.0000000000
97304  -10.246  56.625  1.564 0.0000000000
97305  -11.138  56.641  1.044 0.0000000000
97312  -11.789  56.642  0.580 0.0000000000
97313  -12.347  56.627  0.106 0.0000000000
97325  -12.860  56.625  -0.400 0.0000000000
97326  -13.382  56.640  -0.879 0.0000000000
97336  -13.839  56.690  -1.459 0.0000000000
97337  -14.254  56.729  -2.054 0.0000000000
97342  -14.475  56.798  -2.722 0.0000000000
97354  -14.598  56.719  -3.518 0.0000000000
97364  -14.670  56.670  -4.558 0.0000000000
97365  -14.738  57.122  -5.127 0.0000000000
97374  -14.658  56.229  -5.050 0.0000000000
97375  -14.789  56.747  -5.524 0.0000000000
97385  -15.011  56.846  -6.297 0.0000000000
97394  -15.210  56.801  -7.022 0.0000000000
97404  -15.225  56.727  -7.872 0.0000000000
97414  -15.237  56.607  -8.725 0.0000000000
97424  -15.018  56.647  -10.135 0.0000000000
97425  -15.199  56.434  -9.412 0.0000000000
97434  -14.561  56.484  -11.058 0.0000000000
97443  -14.419  56.417  -12.051 0.0000000000
97451  -14.653  56.351  -13.036 0.0000000000
97452  -14.916  56.290  -13.736 0.0000000000
97762  -8.899  57.741  1.955 0.0000000000
97763  -9.850  57.638  1.577 0.0000000000
97764  -10.765  57.566  1.163 0.0000000000
97771  -11.537  57.552  0.719 0.0000000000
97772  -12.202  57.518  0.311 0.0000000000
97784  -12.726  57.461  -0.160 0.0000000000
97785  -13.230  57.449  -0.592 0.0000000000
97798  -13.690  57.495  -1.108 0.0000000000
97799  -14.133  57.517  -1.699 0.0000000000
97807  -14.449  57.529  -2.397 0.0000000000
97819  -14.631  57.521  -3.207 0.0000000000
97827  -14.703  57.465  -4.072 0.0000000000
97828  -14.728  57.526  -4.851 0.0000000000
97835  -14.867  57.549  -5.510 0.0000000000
97842  -15.016  57.378  -6.055 0.0000000000
97848  -15.230  57.522  -6.706 0.0000000000
97854  -15.314  57.541  -7.556 0.0000000000
97860  -15.280  57.477  -8.464 0.0000000000
97867  -14.956  57.553  -9.966 0.0000000000
97868  -15.170  57.282  -9.368 0.0000000000
97877  -14.639  57.492  -10.612 0.0000000000
97887  -14.376  57.425  -11.531 0.0000000000
97896  -14.451  57.339  -12.529 0.0000000000
97897  -14.864  57.152  -13.548 0.0000000000
97904  -15.243  57.307  -14.423 0.0000000000
98206  -8.203  58.528  2.048 0.0000000000
98207  -9.313  58.524  1.599 0.0000000000
98208  -10.341  58.499  1.273 0.0000000000
98213  -11.242  58.487  0.975 0.0000000000
98214  -12.006  58.459  0.580 0.0000000000
98222  -12.635  58.361  0.107 0.0000000000
98223  -13.080  58.155  -0.309 0.0000000000
98234  -13.490  58.323  -0.743 0.0000000000
98235  -13.914  58.364  -1.359 0.0000000000
98243  -14.306  58.354  -2.030 0.0000000000
98254  -14.524  58.348  -2.833 0.0000000000
98263  -14.606  58.359  -3.803 0.0000000000
98264  -14.695  58.059  -4.520 0.0000000000
98271  -14.561  58.651  -4.588 0.0000000000
98272  -14.758  58.312  -5.245 0.0000000000
98277  -15.088  58.188  -6.154 0.0000000000
98282  -15.301  58.337  -7.116 0.0000000000
98287  -15.313  58.332  -8.060 0.0000000000
98293  -14.953  58.794  -9.448 0.0000000000
98294  -15.159  58.320  -9.088 0.0000000000
98301  -14.784  58.398  -9.958 0.0000000000
98302  -15.023  57.898  -9.612 0.0000000000
98312  -14.319  58.420  -10.938 0.0000000000
98322  -14.114  58.369  -11.960 0.0000000000
98331  -14.404  58.294  -13.084 0.0000000000
98332  -14.918  57.943  -13.911 0.0000000000
98340  -14.702  58.639  -13.872 0.0000000000
98341  -15.169  58.269  -14.659 0.0000000000
98350  -15.401  58.194  -15.646 0.0000000000
98621  -7.818  59.462  2.010 0.0000000000
98622  -8.751  59.418  1.674 0.0000000000
98623  -9.855  59.390  1.406 0.0000000000
98625  -10.817  59.401  1.216 0.0000000000
98626  -11.618  59.444  0.798 0.0000000000
98633  -12.370  59.386  0.320 0.0000000000
98634  -13.051  59.174  -0.309 0.0000000000
98645  -13.582  59.277  -1.034 0.0000000000
98646  -14.002  59.215  -1.720 0.0000000000
98654  -14.285  59.154  -2.438 0.0000000000
98664  -14.392  59.193  -3.264 0.0000000000
98673  -14.383  59.292  -4.163 0.0000000000
98679  -14.464  59.293  -5.136 0.0000000000
98680  -14.821  58.916  -5.829 0.0000000000
98685  -14.624  59.558  -5.927 0.0000000000
98686  -15.054  59.199  -6.601 0.0000000000
98690  -15.251  59.130  -7.577 0.0000000000
98694  -15.217  59.110  -8.452 0.0000000000
98700  -14.803  59.262  -9.593 0.0000000000
98701  -15.055  59.159  -9.122 0.0000000000
98709  -14.471  59.367  -10.310 0.0000000000
98716  -13.839  60.019  -11.323 0.0000000000
98717  -14.006  59.489  -11.280 0.0000000000
98723  -13.682  59.927  -11.657 0.0000000000
98724  -13.820  59.344  -12.357 0.0000000000
98732  -14.180  59.265  -13.381 0.0000000000
98737  -14.658  59.343  -14.372 0.0000000000
98738  -15.118  58.900  -15.204 0.0000000000
98745  -14.795  59.638  -15.351 0.0000000000
98746  -15.181  58.929  -15.992 0.0000000000
98755  -14.845  59.648  -16.314 0.0000000000
99013  -7.504  60.329  2.316 0.0000000000
99014  -8.181  60.327  1.813 0.0000000000
99015  -9.373  60.403  1.518 0.0000000000
99016  -10.321  60.097  1.334 0.0000000000
99019  -10.193  60.790  1.246 0.0000000000
99020  -10.979  60.453  0.966 0.0000000000
99021  -11.797  60.414  0.411 0.0000000000
99026  -12.492  60.340  -0.148 0.0000000000
99027  -13.059  60.246  -0.797 0.0000000000
99035  -13.506  60.226  -1.566 0.0000000000
99036  -13.970  59.839  -2.142 0.0000000000
99040  -13.660  60.580  -2.327 0.0000000000
99041  -14.125  59.945  -2.789 0.0000000000
99049  -13.799  60.698  -3.087 0.0000000000
99050  -14.139  60.033  -3.607 0.0000000000
99058  -13.792  60.728  -3.811 0.0000000000
99059  -14.055  60.233  -4.540 0.0000000000
99064  -14.218  60.164  -5.521 0.0000000000
99070  -14.549  60.215  -6.475 0.0000000000
99071  -15.025  59.817  -7.206 0.0000000000
99077  -14.693  60.495  -7.439 0.0000000000
99078  -15.107  59.846  -7.980 0.0000000000
99083  -14.769  60.485  -8.383 0.0000000000
99084  -15.001  59.756  -8.784 0.0000000000
99090  -14.666  60.190  -9.452 0.0000000000
99091  -14.890  59.604  -9.241 0.0000000000
99099  -13.932  60.811  -10.625 0.0000000000
99100  -14.154  60.351  -10.526 0.0000000000
99108  -13.735  60.530  -11.166 0.0000000000
99109  -13.931  60.104  -11.089 0.0000000000
99117  -13.370  60.349  -12.138 0.0000000000
99118  -13.631  59.878  -12.937 0.0000000000
99128  -13.353  60.560  -13.052 0.0000000000
99129  -13.990  60.069  -13.651 0.0000000000
99135  -13.658  60.767  -13.761 0.0000000000
99136  -14.245  60.433  -14.572 0.0000000000
99145  -14.497  60.465  -15.639 0.0000000000
99152  -14.501  60.470  -16.612 0.0000000000
99159  -14.259  60.528  -17.540 0.0000000000
99166  -13.809  60.768  -18.179 0.0000000000
99395  -7.243  62.204  3.171 0.0000000000
99405  -7.028  62.007  2.940 0.0000000000
99406  -7.223  61.397  2.568 0.0000000000
99415  -7.539  61.212  1.975 0.0000000000
99416  -8.474  61.337  1.606 0.0000000000
99417  -9.542  61.434  1.259 0.0000000000
99422  -10.383  61.450  0.895 0.0000000000
99423  -11.146  61.423  0.466 0.0000000000
99424  -11.853  61.342  -0.054 0.0000000000
99427  -12.461  61.334  -0.670 0.0000000000
99428  -12.993  61.003  -1.205 0.0000000000
99436  -12.694  61.751  -1.229 0.0000000000
99437  -13.155  61.370  -1.812 0.0000000000
99444  -13.370  61.369  -2.623 0.0000000000
99451  -13.430  61.371  -3.429 0.0000000000
99457  -13.508  61.261  -4.370 0.0000000000
99458  -13.825  60.819  -5.112 0.0000000000
99463  -13.479  61.522  -5.244 0.0000000000
99464  -13.958  60.938  -5.852 0.0000000000
99469  -13.647  61.682  -5.978 0.0000000000
99470  -14.130  61.255  -6.782 0.0000000000
99475  -14.404  61.231  -7.823 0.0000000000
99481  -14.438  61.188  -8.794 0.0000000000
99488  -13.933  61.663  -9.860 0.0000000000
99489  -14.174  61.198  -9.768 0.0000000000
99495  -13.777  61.372  -10.453 0.0000000000
99496  -14.030  60.950  -10.346 0.0000000000
99503  -13.296  61.297  -11.439 0.0000000000
99512  -12.983  61.221  -12.393 0.0000000000
99520  -13.134  61.334  -13.291 0.0000000000
99525  -13.612  61.429  -14.263 0.0000000000
99526  -14.138  61.113  -15.080 0.0000000000
99534  -13.905  61.770  -15.056 0.0000000000
99535  -14.251  61.390  -15.890 0.0000000000
99542  -14.196  61.308  -16.862 0.0000000000
99549  -13.650  61.771  -17.768 0.0000000000
99550  -13.842  61.479  -17.612 0.0000000000
99557  -13.475  61.557  -18.205 0.0000000000
99558  -13.736  61.271  -18.012 0.0000000000
99564  -12.860  62.006  -18.705 0.0000000000
99798  -6.826  62.680  3.102 0.0000000000
99799  -7.616  62.676  3.389 0.0000000000
99807  -6.615  62.404  2.460 0.0000000000
99808  -6.955  61.897  2.071 0.0000000000
99816  -6.564  62.476  1.884 0.0000000000
99817  -7.430  62.235  1.612 0.0000000000
99818  -8.759  62.371  1.133 0.0000000000
99819  -9.749  62.088  0.877 0.0000000000
99825  -9.557  62.742  0.757 0.0000000000
99826  -10.402  62.407  0.550 0.0000000000
99827  -11.296  62.416  0.089 0.0000000000
99828  -11.901  62.089  -0.376 0.0000000000
99833  -11.729  62.807  -0.316 0.0000000000
99834  -12.233  62.504  -0.830 0.0000000000
99839  -12.664  62.487  -1.619 0.0000000000
99840  -13.032  62.031  -2.244 0.0000000000
99846  -12.778  62.750  -2.373 0.0000000000
99847  -13.082  62.077  -2.923 0.0000000000
99855  -12.802  62.813  -3.178 0.0000000000
99856  -13.093  62.073  -3.765 0.0000000000
99862  -12.813  62.838  -4.041 0.0000000000
99863  -13.043  62.114  -4.632 0.0000000000
99868  -12.644  62.784  -4.797 0.0000000000
99869  -13.085  62.381  -5.519 0.0000000000
99874  -13.588  62.290  -6.584 0.0000000000
99875  -14.005  61.857  -7.387 0.0000000000
99879  -13.745  62.528  -7.585 0.0000000000
99880  -14.129  61.904  -8.207 0.0000000000
99884  -13.827  62.540  -8.584 0.0000000000
99885  -14.127  61.861  -9.106 0.0000000000
99891  -13.746  62.237  -9.684 0.0000000000
99892  -13.995  61.761  -9.586 0.0000000000
99898  -13.280  62.173  -10.755 0.0000000000
99905  -12.305  62.610  -11.788 0.0000000000
99906  -12.700  62.137  -11.741 0.0000000000
99915  -12.143  62.465  -12.234 0.0000000000
99916  -12.547  61.892  -12.705 0.0000000000
99923  -12.066  62.392  -12.941 0.0000000000
99924  -12.812  62.228  -13.556 0.0000000000
99929  -13.386  62.366  -14.541 0.0000000000
99938  -13.787  62.409  -15.588 0.0000000000
99939  -14.075  61.950  -16.396 0.0000000000
99946  -13.797  62.557  -16.546 0.0000000000
99947  -13.945  61.933  -17.062 0.0000000000
99954  -13.623  62.292  -17.490 0.0000000000
99955  -13.801  61.897  -17.381 0.0000000000
99962  -12.763  62.986  -18.471 0.0000000000
99963  -13.035  62.688  -18.278 0.0000000000
99971  -12.761  62.477  -18.639 0.0000000000
100183  -6.022  63.912  2.362 0.0000000000
100184  -6.236  63.504  2.707 0.0000000000
100185  -7.059  63.595  3.387 0.0000000000
100186  -8.143  63.593  3.765 0.0000000000
100191  -5.937  63.647  2.108 0.0000000000
100192  -6.001  62.996  2.008 0.0000000000
100196  -6.080  63.488  1.785 0.0000000000
100197  -6.551  63.172  1.573 0.0000000000
100198  -7.686  63.291  1.208 0.0000000000
100199  -8.918  63.427  0.826 0.0000000000
100206  -9.892  63.356  0.562 0.0000000000
100207  -10.623  63.287  0.303 0.0000000000
100208  -11.254  63.438  -0.063 0.0000000000
100215  -11.822  63.494  -0.535 0.0000000000
100216  -12.277  63.449  -1.124 0.0000000000
100225  -12.511  63.480  -1.825 0.0000000000
100231  -12.562  63.545  -2.593 0.0000000000
100238  -12.547  63.583  -3.444 0.0000000000
100241  -12.431  63.556  -4.363 0.0000000000
100246  -12.339  63.314  -5.397 0.0000000000
100247  -13.001  62.984  -6.112 0.0000000000
100252  -12.563  63.612  -6.357 0.0000000000
100253  -13.280  63.148  -6.929 0.0000000000
100257  -12.806  63.784  -7.312 0.0000000000
100258  -13.400  63.223  -7.944 0.0000000000
100263  -12.875  63.795  -8.364 0.0000000000
100264  -13.431  63.181  -9.026 0.0000000000
100270  -12.829  63.747  -9.451 0.0000000000
100271  -13.195  63.020  -10.107 0.0000000000
100276  -12.533  63.550  -10.519 0.0000000000
100277  -12.741  62.827  -11.065 0.0000000000
100283  -11.504  63.693  -11.714 0.0000000000
100284  -12.029  63.215  -11.625 0.0000000000
100285  -12.447  62.699  -11.558 0.0000000000
100291  -11.288  63.492  -12.161 0.0000000000
100292  -11.618  62.871  -12.558 0.0000000000
100298  -11.111  63.306  -12.875 0.0000000000
100299  -11.857  63.070  -13.462 0.0000000000
100300  -12.736  62.907  -14.086 0.0000000000
100306  -12.346  63.468  -14.213 0.0000000000
100307  -13.122  63.305  -14.864 0.0000000000
100314  -13.455  63.281  -15.900 0.0000000000
100318  -13.495  63.284  -16.803 0.0000000000
100323  -12.975  63.781  -17.638 0.0000000000
100324  -13.208  63.349  -17.616 0.0000000000
100329  -12.807  63.498  -18.149 0.0000000000
100330  -13.052  63.190  -18.033 0.0000000000
100337  -12.327  63.782  -18.623 0.0000000000
100534  -6.029  64.072  2.132 0.0000000000
100535  -6.238  64.402  2.514 0.0000000000
100536  -6.615  64.547  3.220 0.0000000000
100537  -7.570  64.593  3.650 0.0000000000
100540  -6.110  63.924  1.800 0.0000000000
100541  -6.270  64.433  1.974 0.0000000000
100544  -6.276  63.684  1.645 0.0000000000
100545  -6.764  64.151  1.520 0.0000000000
100546  -8.165  64.355  1.171 0.0000000000
100547  -9.618  64.370  0.681 0.0000000000
100548  -10.313  64.809  0.509 0.0000000000
100551  -10.187  63.818  0.424 0.0000000000
100552  -10.608  64.198  0.251 0.0000000000
100553  -11.341  64.331  -0.234 0.0000000000
100560  -11.908  64.324  -0.771 0.0000000000
100561  -12.243  64.279  -1.377 0.0000000000
100570  -12.391  64.289  -2.056 0.0000000000
100576  -12.347  64.330  -2.832 0.0000000000
100582  -12.227  64.394  -3.711 0.0000000000
100585  -11.559  64.985  -4.895 0.0000000000
100586  -11.885  64.436  -4.739 0.0000000000
100590  -11.493  64.876  -5.393 0.0000000000
100591  -11.886  64.146  -5.811 0.0000000000
100596  -11.460  64.776  -6.247 0.0000000000
100597  -12.122  64.267  -6.745 0.0000000000
100601  -11.620  64.822  -7.176 0.0000000000
100602  -12.247  64.309  -7.742 0.0000000000
100605  -11.680  64.828  -8.161 0.0000000000
100606  -12.314  64.351  -8.793 0.0000000000
100612  -11.641  64.827  -9.214 0.0000000000
100613  -12.201  64.270  -9.887 0.0000000000
100619  -11.898  64.030  -10.928 0.0000000000
100628  -11.646  63.818  -11.465 0.0000000000
100644  -11.715  63.788  -14.025 0.0000000000
100650  -12.264  64.235  -14.756 0.0000000000
100651  -13.014  63.934  -15.442 0.0000000000
100656  -12.665  64.558  -15.655 0.0000000000
100657  -13.155  63.980  -16.204 0.0000000000
100659  -12.784  64.595  -16.474 0.0000000000
100660  -13.170  63.964  -16.992 0.0000000000
100666  -12.778  64.350  -17.388 0.0000000000
100667  -13.048  63.877  -17.402 0.0000000000
100673  -12.420  64.464  -18.161 0.0000000000
100884  -6.540  65.185  2.874 0.0000000000
100885  -7.318  65.695  3.443 0.0000000000
100889  -6.575  65.027  2.284 0.0000000000
100890  -7.103  65.706  2.672 0.0000000000
100893  -6.663  64.758  1.885 0.0000000000
100894  -7.459  65.282  1.901 0.0000000000
100895  -8.931  65.383  1.355 0.0000000000
100896  -10.062  65.402  0.842 0.0000000000
100898  -10.879  65.215  0.258 0.0000000000
100899  -11.563  65.221  -0.444 0.0000000000
100906  -11.983  65.074  -1.058 0.0000000000
100907  -12.152  64.973  -1.623 0.0000000000
100915  -12.179  65.035  -2.278 0.0000000000
100921  -12.086  65.120  -3.041 0.0000000000
100925  -11.444  65.741  -4.272 0.0000000000
100926  -11.783  65.281  -3.860 0.0000000000
100930  -11.594  65.180  -4.532 0.0000000000
100941  -11.042  65.295  -7.586 0.0000000000
101193  -7.844  66.667  2.983 0.0000000000
101194  -8.457  67.034  2.694 0.0000000000
101197  -7.706  66.013  2.474 0.0000000000
101198  -8.593  66.412  2.199 0.0000000000
101199  -9.772  66.347  1.405 0.0000000000
101202  -10.619  66.243  0.685 0.0000000000
101203  -11.311  66.182  0.018 0.0000000000
101210  -11.760  66.106  -0.986 0.0000000000
101211  -11.990  65.460  -1.340 0.0000000000
101218  -11.804  66.532  -1.941 0.0000000000
101219  -12.042  65.670  -1.754 0.0000000000
101225  -11.735  66.652  -2.836 0.0000000000
101226  -12.002  65.822  -2.491 0.0000000000
101230  -11.842  65.849  -3.169 0.0000000000
101499  -8.900  67.300  2.465 0.0000000000
101500  -9.574  67.419  1.878 0.0000000000
101505  -10.410  67.298  1.028 0.0000000000
101506  -10.910  66.926  0.363 0.0000000000
101513  -10.722  67.600  0.308 0.0000000000
101514  -11.161  67.207  -0.372 0.0000000000
101522  -11.373  67.258  -1.369 0.0000000000
101780  -10.137  68.215  1.457 0.0000000000
101787  -10.437  68.265  0.709 0.0000000000
