#!ascii label  , from subject FREESURFER vox2ras=TkReg 
313
30319  -58.199  -35.596  3.400 0.0000000000
30334  -57.846  -35.861  2.835 0.0000000000
30335  -58.273  -35.627  2.941 0.0000000000
31128  -58.638  -34.908  4.056 0.0000000000
31129  -59.525  -34.563  3.984 0.0000000000
31130  -59.941  -33.582  4.146 0.0000000000
31147  -55.944  -34.209  3.127 0.0000000000
31148  -57.358  -34.751  2.793 0.0000000000
31149  -58.834  -35.383  2.761 0.0000000000
31150  -59.958  -34.371  2.939 0.0000000000
31151  -60.091  -33.290  3.368 0.0000000000
31167  -59.319  -34.475  2.367 0.0000000000
31168  -59.807  -33.946  2.147 0.0000000000
31921  -60.386  -32.275  4.526 0.0000000000
31934  -56.486  -33.037  2.774 0.0000000000
31935  -58.034  -33.985  2.643 0.0000000000
31936  -58.821  -34.442  2.437 0.0000000000
31937  -60.166  -33.385  2.482 0.0000000000
31938  -60.138  -32.391  3.046 0.0000000000
31947  -56.779  -32.190  2.431 0.0000000000
31948  -57.635  -32.731  2.338 0.0000000000
31949  -58.969  -33.502  2.139 0.0000000000
31950  -59.927  -33.090  1.801 0.0000000000
31951  -60.225  -32.582  2.177 0.0000000000
31957  -59.807  -32.506  1.609 0.0000000000
31958  -60.135  -32.265  1.687 0.0000000000
32723  -57.666  -30.970  5.208 0.0000000000
32724  -59.132  -30.857  5.157 0.0000000000
32725  -60.375  -30.611  5.036 0.0000000000
32726  -61.150  -31.071  4.980 0.0000000000
32737  -60.451  -30.660  4.315 0.0000000000
32738  -60.363  -31.211  3.697 0.0000000000
32744  -55.984  -31.596  2.494 0.0000000000
32745  -57.160  -31.529  1.979 0.0000000000
32746  -58.494  -32.277  1.830 0.0000000000
32747  -59.395  -32.669  1.728 0.0000000000
32748  -60.290  -31.508  2.334 0.0000000000
32754  -57.478  -30.961  1.542 0.0000000000
32755  -58.259  -31.351  1.483 0.0000000000
32756  -59.515  -31.865  1.421 0.0000000000
32757  -60.144  -31.663  1.609 0.0000000000
33501  -56.352  -30.475  4.149 0.0000000000
33502  -58.092  -30.584  4.198 0.0000000000
33503  -59.544  -30.529  4.205 0.0000000000
33504  -60.213  -30.486  4.256 0.0000000000
33515  -56.424  -29.882  3.549 0.0000000000
33516  -57.275  -30.084  3.496 0.0000000000
33517  -58.787  -30.104  3.314 0.0000000000
33518  -60.189  -30.276  3.581 0.0000000000
33519  -60.307  -30.779  3.038 0.0000000000
33528  -56.177  -30.833  2.071 0.0000000000
33529  -59.067  -29.832  2.940 0.0000000000
33530  -59.646  -29.830  2.958 0.0000000000
33531  -60.285  -30.298  2.537 0.0000000000
33535  -55.835  -30.257  1.809 0.0000000000
33536  -56.763  -30.482  1.530 0.0000000000
33537  -57.880  -30.549  1.126 0.0000000000
33538  -59.027  -30.940  1.020 0.0000000000
33539  -60.185  -30.739  1.315 0.0000000000
33543  -58.568  -30.385  0.669 0.0000000000
33544  -59.415  -30.405  0.425 0.0000000000
33545  -60.180  -30.049  0.338 0.0000000000
34309  -55.128  -29.802  4.118 0.0000000000
34317  -54.680  -29.010  3.820 0.0000000000
34318  -55.669  -29.432  3.554 0.0000000000
34319  -56.624  -29.385  3.104 0.0000000000
34320  -57.706  -29.675  3.008 0.0000000000
34329  -57.395  -29.153  2.665 0.0000000000
34330  -58.691  -29.453  2.670 0.0000000000
34331  -60.162  -29.200  2.513 0.0000000000
34332  -60.346  -29.846  1.904 0.0000000000
34338  -55.950  -29.602  1.395 0.0000000000
34339  -57.201  -29.638  0.841 0.0000000000
34340  -57.997  -30.099  0.697 0.0000000000
34341  -60.539  -28.626  2.119 0.0000000000
34342  -60.576  -29.121  1.212 0.0000000000
34343  -60.888  -28.521  0.776 0.0000000000
34347  -57.638  -29.121  0.330 0.0000000000
34348  -58.469  -29.675  0.217 0.0000000000
34349  -59.620  -29.783  -0.298 0.0000000000
34350  -60.337  -29.307  -0.327 0.0000000000
34351  -60.697  -28.754  0.153 0.0000000000
34358  -60.412  -28.848  -0.692 0.0000000000
34359  -60.505  -28.865  -0.430 0.0000000000
35134  -53.976  -28.703  3.996 0.0000000000
35143  -53.412  -28.157  3.826 0.0000000000
35144  -54.196  -28.206  3.569 0.0000000000
35145  -55.094  -28.426  3.336 0.0000000000
35146  -55.839  -28.794  3.092 0.0000000000
35157  -55.562  -28.222  2.878 0.0000000000
35158  -56.465  -28.462  2.590 0.0000000000
35159  -57.808  -28.544  2.258 0.0000000000
35160  -59.024  -28.795  2.255 0.0000000000
35170  -56.282  -28.966  0.940 0.0000000000
35171  -58.563  -28.243  1.991 0.0000000000
35172  -59.749  -28.241  2.078 0.0000000000
35173  -60.833  -28.008  1.917 0.0000000000
35174  -61.098  -28.115  1.139 0.0000000000
35179  -56.048  -28.339  0.781 0.0000000000
35180  -56.961  -28.454  0.407 0.0000000000
35181  -58.100  -28.532  -0.143 0.0000000000
35182  -59.159  -28.911  -0.638 0.0000000000
35183  -59.832  -29.176  -0.825 0.0000000000
35184  -61.046  -28.164  0.404 0.0000000000
35189  -59.649  -28.571  -1.158 0.0000000000
35190  -60.185  -28.635  -1.160 0.0000000000
35191  -60.707  -28.311  -0.638 0.0000000000
35917  -52.563  -27.550  3.947 0.0000000000
35918  -53.587  -27.293  3.445 0.0000000000
35919  -54.619  -27.551  3.122 0.0000000000
35920  -55.167  -27.904  2.978 0.0000000000
35928  -54.139  -26.832  3.030 0.0000000000
35929  -54.702  -26.871  2.725 0.0000000000
35930  -55.545  -27.405  2.540 0.0000000000
35931  -56.985  -27.472  1.982 0.0000000000
35932  -57.882  -27.969  1.905 0.0000000000
35943  -55.638  -28.101  0.854 0.0000000000
35944  -57.334  -26.818  1.579 0.0000000000
35945  -58.393  -27.450  1.598 0.0000000000
35946  -59.889  -27.381  1.544 0.0000000000
35947  -60.869  -27.169  1.118 0.0000000000
35948  -61.111  -27.709  0.762 0.0000000000
35957  -56.079  -27.435  0.302 0.0000000000
35958  -57.512  -27.166  -0.752 0.0000000000
35959  -58.730  -27.814  -0.923 0.0000000000
35960  -59.326  -28.241  -1.136 0.0000000000
35961  -60.738  -26.898  0.432 0.0000000000
35962  -60.868  -27.415  0.029 0.0000000000
35967  -57.720  -26.501  -1.818 0.0000000000
35968  -58.337  -26.862  -1.687 0.0000000000
35969  -59.462  -27.496  -1.717 0.0000000000
35970  -60.369  -27.781  -1.548 0.0000000000
35971  -60.607  -27.468  -1.120 0.0000000000
35979  -59.734  -26.797  -1.970 0.0000000000
35980  -60.174  -27.132  -1.896 0.0000000000
35981  -60.399  -27.354  -1.610 0.0000000000
36694  -52.730  -26.506  3.464 0.0000000000
36695  -53.555  -26.314  3.046 0.0000000000
36704  -54.278  -26.224  2.624 0.0000000000
36705  -55.111  -26.333  2.334 0.0000000000
36706  -56.155  -26.348  1.858 0.0000000000
36707  -56.785  -26.678  1.728 0.0000000000
36714  -56.425  -25.899  1.538 0.0000000000
36715  -56.882  -26.123  1.456 0.0000000000
36716  -57.908  -26.369  1.180 0.0000000000
36717  -58.982  -26.687  1.149 0.0000000000
36718  -59.910  -26.697  1.079 0.0000000000
36727  -55.726  -26.538  -0.522 0.0000000000
36728  -56.638  -26.489  -0.950 0.0000000000
36729  -58.521  -26.055  0.824 0.0000000000
36730  -59.261  -26.155  0.630 0.0000000000
36731  -60.156  -26.451  0.368 0.0000000000
36732  -60.580  -26.754  -0.078 0.0000000000
36741  -55.506  -26.086  -1.284 0.0000000000
36742  -56.380  -26.055  -1.824 0.0000000000
36743  -57.164  -26.130  -2.074 0.0000000000
36744  -58.028  -25.929  -2.262 0.0000000000
36745  -58.702  -26.454  -2.017 0.0000000000
36746  -60.187  -26.345  -0.484 0.0000000000
36747  -60.553  -26.853  -0.840 0.0000000000
36758  -58.625  -25.865  -2.042 0.0000000000
36759  -59.190  -26.327  -1.892 0.0000000000
36760  -59.920  -26.369  -1.438 0.0000000000
36761  -60.429  -27.024  -1.523 0.0000000000
36775  -55.417  -26.271  -3.405 0.0000000000
36792  -55.942  -26.156  -4.059 0.0000000000
37480  -52.946  -25.784  3.008 0.0000000000
37498  -52.660  -25.176  2.586 0.0000000000
37499  -53.684  -25.435  2.422 0.0000000000
37500  -54.639  -25.607  2.142 0.0000000000
37501  -55.443  -25.713  1.835 0.0000000000
37514  -54.317  -25.055  1.865 0.0000000000
37515  -55.106  -25.089  1.520 0.0000000000
37516  -56.300  -25.374  1.071 0.0000000000
37517  -57.450  -25.677  0.757 0.0000000000
37518  -58.058  -25.857  0.764 0.0000000000
37530  -56.548  -24.905  0.295 0.0000000000
37531  -57.286  -25.032  -0.183 0.0000000000
37532  -58.469  -25.528  0.139 0.0000000000
37533  -59.465  -25.842  -0.039 0.0000000000
37534  -59.875  -26.106  -0.188 0.0000000000
37543  -55.228  -26.021  -1.804 0.0000000000
37544  -56.150  -25.083  -1.909 0.0000000000
37545  -56.855  -25.142  -1.758 0.0000000000
37546  -57.439  -25.135  -1.462 0.0000000000
37547  -58.384  -25.438  -1.285 0.0000000000
37548  -59.142  -25.584  -0.747 0.0000000000
37549  -59.723  -25.907  -0.678 0.0000000000
37554  -55.693  -25.346  -2.388 0.0000000000
37555  -55.740  -25.039  -2.756 0.0000000000
37556  -58.833  -25.771  -1.756 0.0000000000
37557  -59.176  -25.782  -1.449 0.0000000000
37558  -59.518  -25.807  -1.123 0.0000000000
37562  -55.267  -26.050  -2.822 0.0000000000
37563  -56.010  -25.347  -3.332 0.0000000000
37568  -57.526  -25.317  -4.107 0.0000000000
37569  -58.284  -25.014  -4.101 0.0000000000
37592  -54.852  -25.962  -5.980 0.0000000000
37593  -55.839  -25.551  -5.834 0.0000000000
37594  -56.998  -25.018  -5.972 0.0000000000
37612  -54.281  -25.178  -6.545 0.0000000000
37613  -55.389  -24.961  -6.281 0.0000000000
37614  -56.132  -24.916  -6.119 0.0000000000
38261  -52.318  -24.537  2.048 0.0000000000
38262  -53.323  -24.698  1.953 0.0000000000
38263  -53.902  -24.870  1.891 0.0000000000
38272  -50.900  -24.341  1.261 0.0000000000
38273  -51.931  -24.160  1.288 0.0000000000
38274  -53.082  -24.084  1.255 0.0000000000
38275  -54.382  -24.382  1.254 0.0000000000
38276  -55.662  -24.652  0.714 0.0000000000
38277  -56.219  -24.842  0.474 0.0000000000
38290  -50.486  -24.307  0.412 0.0000000000
38291  -51.474  -24.010  0.329 0.0000000000
38292  -52.551  -23.717  0.509 0.0000000000
38293  -54.003  -23.490  0.136 0.0000000000
38294  -55.513  -23.994  0.042 0.0000000000
38295  -56.469  -24.575  -0.202 0.0000000000
38296  -57.075  -24.711  -0.759 0.0000000000
38311  -50.130  -24.087  -0.532 0.0000000000
38312  -50.877  -24.133  -0.116 0.0000000000
38313  -54.371  -23.380  -0.913 0.0000000000
38314  -55.438  -23.773  -1.029 0.0000000000
38315  -56.324  -24.477  -1.025 0.0000000000
38316  -56.923  -24.653  -1.104 0.0000000000
38328  -49.229  -24.165  -1.392 0.0000000000
38329  -50.123  -23.885  -1.442 0.0000000000
38330  -54.866  -23.473  -1.501 0.0000000000
38331  -55.403  -24.219  -2.089 0.0000000000
38332  -55.685  -24.633  -2.586 0.0000000000
38343  -49.487  -24.100  -2.248 0.0000000000
38344  -50.459  -23.862  -2.168 0.0000000000
38345  -51.046  -23.747  -2.315 0.0000000000
38346  -55.579  -24.005  -2.905 0.0000000000
38347  -55.883  -24.498  -3.119 0.0000000000
38355  -49.771  -24.023  -3.185 0.0000000000
38356  -50.740  -23.936  -2.877 0.0000000000
38357  -51.247  -23.772  -2.644 0.0000000000
38358  -56.046  -23.685  -3.382 0.0000000000
38359  -56.838  -24.112  -3.720 0.0000000000
38360  -58.070  -24.252  -4.414 0.0000000000
38361  -58.997  -23.932  -4.928 0.0000000000
38365  -49.519  -23.878  -3.786 0.0000000000
38366  -58.712  -25.032  -4.330 0.0000000000
38371  -56.924  -24.347  -6.277 0.0000000000
38372  -57.376  -23.923  -6.358 0.0000000000
38387  -53.251  -23.879  -7.369 0.0000000000
38388  -54.079  -24.004  -6.950 0.0000000000
38389  -55.082  -24.021  -6.495 0.0000000000
38390  -56.424  -24.004  -6.355 0.0000000000
38391  -57.223  -23.284  -6.504 0.0000000000
39006  -51.614  -23.806  -0.104 0.0000000000
39007  -52.000  -23.618  -0.077 0.0000000000
39008  -52.833  -23.411  -0.131 0.0000000000
39015  -50.590  -23.773  -0.969 0.0000000000
39016  -51.284  -23.776  -0.547 0.0000000000
39017  -52.280  -23.486  -0.695 0.0000000000
39018  -53.332  -23.391  -0.743 0.0000000000
39026  -50.863  -23.680  -1.383 0.0000000000
39027  -51.625  -23.531  -1.342 0.0000000000
39028  -52.568  -23.446  -1.468 0.0000000000
39029  -53.802  -23.500  -1.615 0.0000000000
39030  -54.628  -23.624  -2.065 0.0000000000
39039  -51.127  -23.628  -1.862 0.0000000000
39040  -51.672  -23.560  -2.176 0.0000000000
39041  -52.692  -23.511  -2.435 0.0000000000
39042  -53.824  -23.621  -2.657 0.0000000000
39043  -54.839  -23.740  -2.824 0.0000000000
39054  -49.776  -23.843  -3.762 0.0000000000
39055  -50.329  -23.771  -3.680 0.0000000000
39056  -51.515  -23.662  -3.325 0.0000000000
39057  -52.862  -23.630  -3.609 0.0000000000
39058  -54.060  -23.559  -3.763 0.0000000000
39059  -55.267  -23.358  -3.787 0.0000000000
39060  -56.353  -22.953  -4.110 0.0000000000
39061  -57.526  -22.873  -4.402 0.0000000000
39062  -58.484  -23.009  -4.808 0.0000000000
39072  -50.771  -23.621  -4.580 0.0000000000
39073  -52.023  -23.560  -4.737 0.0000000000
39074  -53.246  -23.505  -4.924 0.0000000000
39075  -54.398  -23.284  -4.979 0.0000000000
39076  -55.541  -22.806  -5.028 0.0000000000
39077  -56.888  -22.239  -5.279 0.0000000000
39078  -58.186  -21.958  -5.171 0.0000000000
39079  -59.101  -22.563  -5.557 0.0000000000
39087  -52.607  -23.385  -6.171 0.0000000000
39088  -53.691  -23.324  -6.205 0.0000000000
39089  -54.714  -23.182  -6.028 0.0000000000
39090  -55.840  -22.778  -5.984 0.0000000000
39091  -57.067  -22.272  -6.222 0.0000000000
39092  -57.685  -22.084  -6.531 0.0000000000
39108  -53.157  -23.151  -7.470 0.0000000000
39109  -53.947  -23.376  -6.914 0.0000000000
39110  -54.851  -23.425  -6.393 0.0000000000
39111  -55.999  -23.083  -6.406 0.0000000000
39112  -57.056  -22.771  -6.495 0.0000000000
39113  -58.070  -22.670  -6.577 0.0000000000
39852  -57.791  -21.554  -6.049 0.0000000000
39853  -58.746  -21.449  -5.953 0.0000000000
39861  -57.791  -21.816  -6.434 0.0000000000
39862  -58.308  -21.783  -6.542 0.0000000000
39863  -59.061  -21.933  -6.427 0.0000000000
39880  -58.348  -22.034  -6.615 0.0000000000
39881  -58.596  -22.111  -6.574 0.0000000000
40683  -59.018  -22.825  -6.339 0.0000000000
104502  -59.103  -24.896  -5.273 0.0000000000
104503  -58.453  -24.143  -6.080 0.0000000000
104504  -56.815  -25.990  -4.974 0.0000000000
104505  -56.300  -25.810  -5.512 0.0000000000
104506  -58.264  -25.549  -4.771 0.0000000000
104507  -58.128  -25.368  -5.524 0.0000000000
104508  -59.188  -23.705  -5.668 0.0000000000
104509  -55.515  -26.368  -5.387 0.0000000000
