#!ascii label  , from subject FREESURFER vox2ras=TkReg 
303
100929  -11.247  65.515  -4.897 0.0000000000
100933  -10.407  65.723  -6.310 0.0000000000
100934  -10.932  65.512  -5.746 0.0000000000
100937  -10.313  65.587  -7.065 0.0000000000
100938  -10.995  65.318  -6.681 0.0000000000
101204  -15.178  67.261  0.757 0.0000000000
101212  -15.091  67.499  0.219 0.0000000000
101229  -11.483  66.363  -3.685 0.0000000000
101232  -10.462  66.644  -4.784 0.0000000000
101233  -11.039  66.414  -4.415 0.0000000000
101235  -8.091  66.213  -6.148 0.0000000000
101236  -9.005  66.374  -5.905 0.0000000000
101237  -10.119  66.363  -5.588 0.0000000000
101238  -10.786  66.095  -5.097 0.0000000000
101241  -6.163  66.023  -7.246 0.0000000000
101242  -7.330  65.769  -6.766 0.0000000000
101243  -8.601  65.855  -6.704 0.0000000000
101244  -9.661  65.943  -6.500 0.0000000000
101250  -9.431  65.769  -7.404 0.0000000000
101502  -14.849  67.632  1.207 0.0000000000
101507  -14.403  68.041  0.787 0.0000000000
101508  -14.770  67.903  0.338 0.0000000000
101515  -15.179  68.043  -0.269 0.0000000000
101529  -11.383  67.500  -2.311 0.0000000000
101532  -10.489  68.036  -3.608 0.0000000000
101533  -11.122  67.576  -3.345 0.0000000000
101536  -9.465  67.704  -4.535 0.0000000000
101537  -10.396  67.476  -4.156 0.0000000000
101538  -11.092  66.982  -3.918 0.0000000000
101541  -8.240  67.088  -5.546 0.0000000000
101542  -9.240  66.999  -5.130 0.0000000000
101543  -9.948  67.006  -4.798 0.0000000000
101546  -5.966  67.297  -6.983 0.0000000000
101547  -6.781  66.758  -6.498 0.0000000000
101548  -7.518  66.536  -6.129 0.0000000000
101789  -13.736  68.607  0.628 0.0000000000
101790  -14.329  68.429  0.171 0.0000000000
101795  -10.525  68.270  -0.245 0.0000000000
101796  -10.825  67.871  -0.985 0.0000000000
101797  -14.140  69.190  -0.211 0.0000000000
101798  -14.799  68.960  -0.402 0.0000000000
101799  -15.474  69.242  -0.772 0.0000000000
101805  -10.403  68.690  -1.182 0.0000000000
101806  -10.900  68.160  -1.738 0.0000000000
101807  -16.225  69.718  -1.094 0.0000000000
101813  -10.405  69.025  -1.971 0.0000000000
101814  -10.709  68.533  -2.634 0.0000000000
101817  -8.875  69.100  -3.644 0.0000000000
101818  -9.754  68.591  -3.713 0.0000000000
101819  -10.470  68.496  -3.269 0.0000000000
101820  -16.351  69.834  -3.575 0.0000000000
101821  -16.875  69.704  -3.564 0.0000000000
101822  -17.831  69.454  -3.614 0.0000000000
101826  -7.995  69.240  -4.383 0.0000000000
101827  -8.683  68.760  -4.175 0.0000000000
101828  -9.626  68.151  -4.150 0.0000000000
101829  -14.652  69.490  -5.002 0.0000000000
101830  -15.183  69.442  -4.746 0.0000000000
101831  -16.132  69.375  -4.290 0.0000000000
101832  -17.208  69.084  -4.414 0.0000000000
101833  -18.315  69.016  -4.521 0.0000000000
101836  -7.049  69.157  -5.522 0.0000000000
101837  -7.794  68.623  -5.131 0.0000000000
101838  -8.723  67.848  -4.907 0.0000000000
101839  -14.889  69.381  -5.441 0.0000000000
101840  -15.667  69.152  -5.280 0.0000000000
101841  -16.596  68.953  -5.213 0.0000000000
101842  -17.632  68.932  -5.240 0.0000000000
101846  -6.097  68.463  -6.659 0.0000000000
101847  -6.778  68.289  -6.179 0.0000000000
101848  -7.448  67.421  -5.935 0.0000000000
101849  -15.277  69.278  -5.921 0.0000000000
101850  -16.051  69.072  -5.985 0.0000000000
101851  -17.030  69.057  -5.968 0.0000000000
101856  -5.780  68.363  -7.215 0.0000000000
102090  -9.408  69.945  -0.004 0.0000000000
102091  -10.101  69.111  0.364 0.0000000000
102097  -9.153  69.980  -0.971 0.0000000000
102098  -9.950  69.278  -0.600 0.0000000000
102100  -13.459  69.946  -0.092 0.0000000000
102101  -14.732  70.465  -0.793 0.0000000000
102102  -15.175  69.888  -0.827 0.0000000000
102109  -9.039  69.994  -1.484 0.0000000000
102110  -9.631  69.618  -1.600 0.0000000000
102111  -15.394  71.509  -0.825 0.0000000000
102112  -15.819  71.057  -0.941 0.0000000000
102113  -17.040  71.855  -0.910 0.0000000000
102117  -8.264  69.975  -3.219 0.0000000000
102118  -9.472  69.479  -2.682 0.0000000000
102119  -10.275  68.976  -2.989 0.0000000000
102120  -17.108  71.691  -2.160 0.0000000000
102127  -8.228  69.839  -3.619 0.0000000000
102128  -9.047  69.327  -3.320 0.0000000000
102129  -9.907  69.041  -3.225 0.0000000000
102130  -13.403  70.577  -3.708 0.0000000000
102131  -14.137  70.451  -3.662 0.0000000000
102132  -14.970  70.411  -3.472 0.0000000000
102133  -15.724  70.462  -3.164 0.0000000000
102134  -16.486  70.573  -2.844 0.0000000000
102135  -17.394  70.446  -2.716 0.0000000000
102140  -7.703  69.710  -4.522 0.0000000000
102141  -7.916  69.879  -4.005 0.0000000000
102142  -12.845  70.407  -4.022 0.0000000000
102143  -13.509  70.191  -4.279 0.0000000000
102144  -14.424  69.835  -4.436 0.0000000000
102145  -15.390  69.832  -3.957 0.0000000000
102146  -16.004  69.959  -3.587 0.0000000000
102147  -6.267  69.973  -6.300 0.0000000000
102148  -6.517  69.712  -5.950 0.0000000000
102149  -7.245  70.083  -5.110 0.0000000000
102150  -12.748  70.291  -4.660 0.0000000000
102151  -13.486  69.933  -5.004 0.0000000000
102152  -14.213  69.683  -5.349 0.0000000000
102156  -6.075  69.530  -6.634 0.0000000000
102157  -6.313  68.988  -6.340 0.0000000000
102158  -12.750  70.310  -5.307 0.0000000000
102159  -13.460  70.149  -5.788 0.0000000000
102160  -14.497  69.752  -6.156 0.0000000000
102161  -15.482  69.651  -6.459 0.0000000000
102162  -16.467  69.726  -6.414 0.0000000000
102163  -17.463  69.863  -6.296 0.0000000000
102168  -5.943  69.499  -7.404 0.0000000000
102400  -7.755  71.638  0.169 0.0000000000
102401  -8.752  70.741  0.629 0.0000000000
102408  -7.307  71.608  -1.066 0.0000000000
102409  -8.444  70.720  -0.490 0.0000000000
102410  -12.920  71.088  -0.300 0.0000000000
102411  -14.308  71.839  -0.805 0.0000000000
102412  -15.098  71.652  -0.821 0.0000000000
102419  -7.026  71.582  -2.304 0.0000000000
102420  -8.287  70.545  -1.664 0.0000000000
102421  -8.967  70.008  -1.723 0.0000000000
102422  -14.869  72.937  -0.932 0.0000000000
102423  -15.620  72.587  -1.189 0.0000000000
102424  -16.460  72.308  -1.529 0.0000000000
102425  -16.941  72.296  -1.794 0.0000000000
102432  -6.952  71.837  -2.955 0.0000000000
102433  -7.856  70.830  -2.960 0.0000000000
102434  -8.795  70.009  -2.142 0.0000000000
102435  -13.657  71.734  -2.673 0.0000000000
102436  -14.489  71.826  -2.538 0.0000000000
102437  -15.292  72.155  -2.325 0.0000000000
102438  -16.069  72.214  -2.268 0.0000000000
102439  -16.615  71.940  -2.266 0.0000000000
102446  -7.892  70.907  -3.692 0.0000000000
102447  -9.606  71.337  -3.847 0.0000000000
102448  -11.132  71.174  -3.686 0.0000000000
102449  -12.678  71.130  -3.361 0.0000000000
102450  -13.853  71.085  -3.163 0.0000000000
102451  -14.709  71.126  -2.942 0.0000000000
102452  -15.483  71.206  -2.691 0.0000000000
102453  -16.093  71.249  -2.548 0.0000000000
102454  -7.598  70.686  -4.313 0.0000000000
102455  -7.916  71.044  -3.724 0.0000000000
102456  -9.311  71.385  -4.166 0.0000000000
102457  -10.763  71.057  -4.335 0.0000000000
102458  -11.978  70.602  -4.166 0.0000000000
102459  -6.152  70.615  -6.240 0.0000000000
102460  -6.496  71.035  -5.501 0.0000000000
102461  -7.064  71.487  -4.760 0.0000000000
102462  -7.950  71.802  -4.374 0.0000000000
102463  -9.386  71.610  -4.915 0.0000000000
102464  -10.695  71.130  -5.014 0.0000000000
102465  -11.862  70.629  -4.937 0.0000000000
102468  -5.922  70.576  -6.841 0.0000000000
102469  -10.024  71.894  -5.447 0.0000000000
102470  -10.700  71.642  -5.640 0.0000000000
102471  -12.185  70.920  -5.919 0.0000000000
102472  -13.650  70.662  -6.708 0.0000000000
102473  -14.856  70.350  -6.909 0.0000000000
102474  -15.939  70.442  -6.896 0.0000000000
102475  -16.970  70.583  -6.852 0.0000000000
102482  -6.154  70.758  -7.280 0.0000000000
102486  -13.768  71.147  -7.187 0.0000000000
102487  -14.366  71.141  -7.302 0.0000000000
102488  -15.443  71.243  -7.352 0.0000000000
102489  -16.531  71.447  -7.307 0.0000000000
102490  -17.528  71.661  -7.165 0.0000000000
102725  -6.956  72.759  -0.327 0.0000000000
102727  -13.162  72.484  -0.572 0.0000000000
102728  -14.075  73.101  -0.950 0.0000000000
102731  -6.385  72.669  -1.666 0.0000000000
102732  -14.544  73.133  -1.573 0.0000000000
102733  -15.141  72.875  -2.099 0.0000000000
102738  -6.782  72.523  -2.801 0.0000000000
102739  -7.757  72.146  -3.337 0.0000000000
102740  -9.380  72.252  -2.804 0.0000000000
102741  -11.227  72.624  -2.394 0.0000000000
102742  -12.877  72.412  -2.474 0.0000000000
102743  -14.297  72.638  -2.281 0.0000000000
102744  -14.894  72.453  -2.342 0.0000000000
102745  -7.762  71.403  -3.677 0.0000000000
102746  -8.652  71.674  -3.586 0.0000000000
102747  -10.227  71.729  -3.235 0.0000000000
102748  -11.631  71.704  -2.987 0.0000000000
102749  -5.939  71.682  -5.869 0.0000000000
102750  -6.498  72.501  -5.461 0.0000000000
102751  -7.583  72.606  -5.099 0.0000000000
102752  -8.950  72.590  -5.321 0.0000000000
102753  -9.673  72.088  -5.380 0.0000000000
102754  -5.903  71.517  -6.503 0.0000000000
102755  -5.894  72.527  -6.158 0.0000000000
102756  -9.535  73.119  -5.738 0.0000000000
102757  -10.181  72.551  -5.813 0.0000000000
102758  -11.555  72.223  -6.623 0.0000000000
102759  -12.846  71.468  -6.886 0.0000000000
102760  -13.471  71.226  -7.085 0.0000000000
102766  -5.917  71.293  -6.937 0.0000000000
102767  -6.339  72.079  -7.018 0.0000000000
102771  -11.955  72.785  -7.171 0.0000000000
102772  -12.590  72.411  -7.253 0.0000000000
102773  -13.674  71.896  -7.472 0.0000000000
102774  -14.925  72.129  -7.656 0.0000000000
102775  -16.077  72.410  -7.529 0.0000000000
102776  -17.152  72.706  -7.323 0.0000000000
102777  -18.081  72.810  -7.068 0.0000000000
102786  -17.683  72.995  -8.508 0.0000000000
102978  -7.485  73.819  0.374 0.0000000000
102981  -6.774  74.039  -0.906 0.0000000000
102982  -7.502  74.094  -1.324 0.0000000000
102984  -12.615  73.429  -0.522 0.0000000000
102985  -13.331  73.548  -0.908 0.0000000000
102986  -6.922  73.578  -2.111 0.0000000000
102987  -8.139  73.663  -1.773 0.0000000000
102988  -9.444  73.522  -1.585 0.0000000000
102989  -10.591  73.872  -1.585 0.0000000000
102990  -13.005  74.120  -1.724 0.0000000000
102991  -13.377  73.734  -1.488 0.0000000000
102992  -7.502  73.059  -2.692 0.0000000000
102993  -8.634  72.888  -2.370 0.0000000000
102994  -10.167  73.051  -1.963 0.0000000000
102995  -11.450  73.805  -1.917 0.0000000000
102996  -12.624  73.880  -2.089 0.0000000000
102997  -13.699  73.373  -2.114 0.0000000000
102998  -6.573  73.194  -5.592 0.0000000000
102999  -7.042  73.525  -5.537 0.0000000000
103000  -8.147  73.563  -5.564 0.0000000000
103001  -6.330  73.354  -5.802 0.0000000000
103002  -6.902  74.056  -6.259 0.0000000000
103003  -9.024  73.640  -5.845 0.0000000000
103004  -9.839  73.648  -6.133 0.0000000000
103005  -10.739  73.468  -6.488 0.0000000000
103008  -6.397  73.212  -6.465 0.0000000000
103009  -7.320  73.390  -6.954 0.0000000000
103010  -8.469  73.182  -7.331 0.0000000000
103012  -11.535  73.456  -6.981 0.0000000000
103013  -12.314  73.417  -7.329 0.0000000000
103014  -13.283  73.229  -7.490 0.0000000000
103015  -14.420  73.167  -7.578 0.0000000000
103016  -15.572  73.330  -7.555 0.0000000000
103017  -16.655  73.681  -7.506 0.0000000000
103018  -17.689  73.679  -7.397 0.0000000000
103026  -16.256  74.248  -8.494 0.0000000000
103027  -17.040  74.180  -8.188 0.0000000000
103028  -18.251  73.849  -7.999 0.0000000000
103180  -7.787  74.686  -0.146 0.0000000000
103181  -9.127  75.017  0.305 0.0000000000
103184  -7.575  74.405  -0.844 0.0000000000
103185  -8.608  74.360  -0.790 0.0000000000
103186  -10.295  74.684  -0.529 0.0000000000
103187  -11.806  74.232  -0.497 0.0000000000
103188  -12.905  74.027  -0.950 0.0000000000
103189  -13.235  73.901  -1.161 0.0000000000
103190  -9.031  73.873  -1.207 0.0000000000
103191  -9.965  74.198  -1.152 0.0000000000
103192  -11.474  74.371  -1.420 0.0000000000
103193  -12.664  74.204  -1.442 0.0000000000
103194  -13.104  74.054  -1.282 0.0000000000
103195  -12.035  74.240  -1.854 0.0000000000
103196  -12.271  74.277  -1.750 0.0000000000
103197  -7.896  74.332  -5.936 0.0000000000
103198  -8.538  74.094  -5.931 0.0000000000
103199  -7.964  74.276  -6.769 0.0000000000
103200  -9.152  74.304  -6.591 0.0000000000
103201  -10.239  74.336  -6.600 0.0000000000
103202  -11.022  74.348  -6.783 0.0000000000
103203  -8.098  73.923  -7.151 0.0000000000
103204  -9.020  74.153  -7.240 0.0000000000
103205  -9.981  73.908  -7.709 0.0000000000
103206  -11.817  74.372  -7.233 0.0000000000
103207  -12.829  74.384  -7.407 0.0000000000
103208  -13.935  74.330  -7.479 0.0000000000
103209  -15.082  74.244  -7.538 0.0000000000
103210  -16.024  74.220  -7.579 0.0000000000
103211  -16.521  74.408  -7.763 0.0000000000
103214  -16.187  74.670  -8.226 0.0000000000
103215  -16.599  74.615  -7.969 0.0000000000
103319  -9.681  74.681  -6.962 0.0000000000
103320  -10.075  74.719  -6.929 0.0000000000
103321  -10.575  74.682  -6.850 0.0000000000
103322  -9.452  74.592  -7.032 0.0000000000
103323  -10.052  74.531  -7.343 0.0000000000
103324  -11.066  74.822  -7.339 0.0000000000
103325  -12.379  75.303  -7.587 0.0000000000
103326  -13.366  75.316  -7.580 0.0000000000
103327  -14.554  75.409  -7.727 0.0000000000
103328  -15.678  74.789  -7.751 0.0000000000
103329  -16.185  74.559  -7.730 0.0000000000
103333  -14.648  75.916  -8.291 0.0000000000
103334  -15.485  75.297  -8.163 0.0000000000
103335  -16.202  74.757  -7.902 0.0000000000
103425  -13.015  75.815  -7.748 0.0000000000
103426  -13.559  76.058  -7.853 0.0000000000
