#!ascii label  , from subject FREESURFER vox2ras=TkReg 
370
61526  -16.556  1.276  29.115 0.0000000000
61527  -17.139  1.501  29.057 0.0000000000
61548  -17.297  1.036  28.371 0.0000000000
61549  -18.005  1.248  28.144 0.0000000000
61570  -16.706  0.182  26.868 0.0000000000
61571  -17.894  0.794  27.422 0.0000000000
61592  -17.631  0.345  26.269 0.0000000000
61611  -17.992  0.577  25.479 0.0000000000
61627  -18.022  0.755  24.594 0.0000000000
62495  -16.633  2.337  30.213 0.0000000000
62505  -17.082  2.061  29.591 0.0000000000
62506  -17.688  2.228  29.318 0.0000000000
62517  -17.476  1.721  29.032 0.0000000000
62518  -18.005  1.851  28.708 0.0000000000
62527  -18.468  1.646  27.852 0.0000000000
62528  -18.850  2.003  27.295 0.0000000000
62538  -18.483  1.179  26.660 0.0000000000
62539  -19.020  2.081  26.560 0.0000000000
62551  -18.619  1.479  25.557 0.0000000000
62552  -19.103  2.294  25.871 0.0000000000
62569  -18.423  1.554  24.508 0.0000000000
63367  -17.868  3.163  31.347 0.0000000000
63379  -17.269  2.729  30.517 0.0000000000
63380  -17.974  3.158  30.399 0.0000000000
63390  -17.632  2.639  29.831 0.0000000000
63391  -18.204  2.833  29.444 0.0000000000
63392  -18.692  3.144  29.016 0.0000000000
63407  -18.562  2.473  28.566 0.0000000000
63408  -19.009  3.056  28.379 0.0000000000
63422  -18.876  2.374  27.925 0.0000000000
63423  -19.264  2.815  27.441 0.0000000000
63434  -19.417  2.930  26.487 0.0000000000
63444  -18.840  2.164  25.209 0.0000000000
63445  -19.242  2.989  25.551 0.0000000000
63455  -18.690  2.563  24.517 0.0000000000
63456  -19.110  3.384  24.972 0.0000000000
64213  -18.376  3.686  32.150 0.0000000000
64220  -18.494  3.761  31.094 0.0000000000
64221  -18.753  4.077  30.636 0.0000000000
64225  -18.461  3.599  30.190 0.0000000000
64226  -18.831  4.090  29.998 0.0000000000
64231  -18.641  3.509  29.554 0.0000000000
64232  -19.027  3.854  29.086 0.0000000000
64241  -19.447  3.763  28.125 0.0000000000
64252  -19.710  3.741  27.179 0.0000000000
64253  -19.862  4.158  26.866 0.0000000000
64263  -19.710  3.863  26.298 0.0000000000
64264  -19.889  4.342  26.620 0.0000000000
64273  -19.487  3.866  25.503 0.0000000000
64283  -19.251  4.013  24.919 0.0000000000
65029  -18.503  4.492  32.962 0.0000000000
65033  -18.808  4.592  31.739 0.0000000000
65034  -18.931  5.102  31.341 0.0000000000
65039  -18.781  4.284  31.067 0.0000000000
65040  -18.934  4.743  30.740 0.0000000000
65045  -19.124  4.731  29.711 0.0000000000
65049  -19.447  4.643  28.768 0.0000000000
65055  -19.821  4.607  27.745 0.0000000000
65056  -20.017  5.025  27.369 0.0000000000
65065  -19.861  4.276  27.199 0.0000000000
65066  -20.003  4.633  27.012 0.0000000000
65077  -19.766  4.279  25.864 0.0000000000
65078  -20.000  4.729  26.272 0.0000000000
65088  -19.730  4.706  25.374 0.0000000000
65089  -20.055  5.145  25.837 0.0000000000
65863  -18.422  5.429  33.630 0.0000000000
65867  -18.731  5.401  32.589 0.0000000000
65868  -18.893  5.514  31.772 0.0000000000
65873  -18.928  5.589  31.064 0.0000000000
65877  -19.060  5.535  30.241 0.0000000000
65880  -19.356  5.508  29.348 0.0000000000
65886  -19.685  5.438  28.469 0.0000000000
65887  -19.979  5.469  27.733 0.0000000000
65895  -20.173  5.422  26.981 0.0000000000
65906  -20.202  5.580  26.202 0.0000000000
65916  -20.040  5.608  25.545 0.0000000000
66674  -18.292  6.371  34.179 0.0000000000
66680  -18.572  6.370  33.069 0.0000000000
66681  -18.795  6.070  32.264 0.0000000000
66687  -18.715  6.703  32.293 0.0000000000
66688  -18.848  6.354  31.562 0.0000000000
66692  -18.913  6.293  30.690 0.0000000000
66695  -19.113  6.336  29.850 0.0000000000
66698  -19.462  6.370  28.901 0.0000000000
66699  -19.813  6.051  28.190 0.0000000000
66701  -19.715  6.662  28.206 0.0000000000
66702  -20.063  6.302  27.541 0.0000000000
66714  -20.255  6.307  26.665 0.0000000000
66727  -20.247  6.310  25.957 0.0000000000
67502  -18.225  7.255  34.763 0.0000000000
67509  -18.297  7.253  33.734 0.0000000000
67516  -18.431  7.315  32.761 0.0000000000
67520  -18.615  7.346  31.769 0.0000000000
67521  -18.803  6.926  31.058 0.0000000000
67524  -18.621  7.590  30.891 0.0000000000
67525  -18.851  7.015  30.365 0.0000000000
67528  -18.693  7.679  30.195 0.0000000000
67529  -19.040  7.280  29.520 0.0000000000
67532  -19.390  7.286  28.601 0.0000000000
67543  -19.763  7.271  27.712 0.0000000000
67544  -20.139  6.871  27.091 0.0000000000
67557  -19.949  7.427  26.863 0.0000000000
67558  -20.209  6.924  26.570 0.0000000000
67570  -20.252  6.699  26.279 0.0000000000
68457  -17.692  8.553  36.009 0.0000000000
68464  -17.695  8.611  35.515 0.0000000000
68465  -17.992  8.145  35.352 0.0000000000
68471  -18.083  8.048  34.325 0.0000000000
68477  -17.597  8.643  33.399 0.0000000000
68478  -18.028  8.104  33.338 0.0000000000
68481  -17.583  8.605  32.836 0.0000000000
68482  -18.118  8.060  32.358 0.0000000000
68484  -17.635  8.616  32.043 0.0000000000
68485  -18.148  8.267  31.394 0.0000000000
68487  -18.373  8.236  30.550 0.0000000000
68489  -18.604  8.287  29.671 0.0000000000
68490  -19.004  7.921  28.969 0.0000000000
68495  -18.734  8.574  28.828 0.0000000000
68496  -19.237  8.151  28.187 0.0000000000
68507  -19.526  8.056  27.339 0.0000000000
69375  -17.421  9.059  35.394 0.0000000000
69376  -17.711  8.633  35.268 0.0000000000
69379  -17.273  9.152  34.481 0.0000000000
69380  -17.736  8.649  34.801 0.0000000000
69383  -16.478  9.500  32.843 0.0000000000
69384  -17.059  9.173  33.477 0.0000000000
69385  -17.653  8.641  33.968 0.0000000000
69388  -16.581  9.555  32.042 0.0000000000
69389  -17.096  9.092  32.419 0.0000000000
69392  -16.680  9.615  31.513 0.0000000000
69393  -17.327  9.188  31.249 0.0000000000
69394  -17.978  8.642  30.862 0.0000000000
69397  -17.519  9.596  30.070 0.0000000000
69398  -18.019  8.892  30.285 0.0000000000
69402  -17.635  9.818  29.511 0.0000000000
69403  -18.136  9.310  29.290 0.0000000000
69408  -18.679  9.172  27.992 0.0000000000
69409  -19.185  8.548  27.660 0.0000000000
70282  -16.396  10.496  36.007 0.0000000000
70283  -16.850  9.788  35.707 0.0000000000
70286  -16.370  10.361  34.827 0.0000000000
70287  -16.954  9.637  34.943 0.0000000000
70289  -15.198  10.198  33.079 0.0000000000
70290  -16.025  9.998  33.602 0.0000000000
70291  -16.730  9.660  34.275 0.0000000000
70294  -14.477  10.751  32.014 0.0000000000
70295  -15.026  10.385  32.406 0.0000000000
70296  -15.818  9.840  32.607 0.0000000000
70298  -14.530  10.973  31.659 0.0000000000
70299  -15.160  10.822  31.367 0.0000000000
70300  -16.055  9.987  31.512 0.0000000000
70301  -16.715  9.672  31.228 0.0000000000
70306  -15.478  11.094  30.675 0.0000000000
70307  -16.099  10.740  30.400 0.0000000000
70308  -16.798  9.911  30.641 0.0000000000
70314  -16.515  10.989  29.709 0.0000000000
70315  -17.162  10.441  29.458 0.0000000000
70316  -17.714  9.905  29.225 0.0000000000
70321  -17.470  10.731  28.255 0.0000000000
70322  -17.881  9.998  28.617 0.0000000000
71151  -16.011  11.115  35.519 0.0000000000
71153  -15.309  11.489  34.202 0.0000000000
71154  -15.742  11.203  34.541 0.0000000000
71156  -13.466  11.763  33.142 0.0000000000
71157  -13.900  11.369  33.238 0.0000000000
71158  -14.985  10.942  33.569 0.0000000000
71159  -15.827  10.654  34.081 0.0000000000
71162  -13.362  11.573  32.857 0.0000000000
71163  -14.048  10.813  32.708 0.0000000000
71164  -14.665  10.394  33.005 0.0000000000
71167  -13.394  11.507  32.317 0.0000000000
71168  -13.987  11.271  31.780 0.0000000000
71169  -14.601  11.234  31.349 0.0000000000
71174  -14.299  11.599  31.107 0.0000000000
71175  -14.978  11.529  30.677 0.0000000000
71176  -15.622  11.335  30.277 0.0000000000
71182  -15.397  11.780  30.011 0.0000000000
71183  -16.030  11.537  29.642 0.0000000000
71184  -16.663  11.205  29.294 0.0000000000
71188  -16.446  11.708  28.924 0.0000000000
71189  -16.976  11.262  28.660 0.0000000000
71194  -16.644  11.845  28.222 0.0000000000
71965  -15.690  11.783  35.292 0.0000000000
71967  -14.948  12.001  34.204 0.0000000000
71968  -15.447  11.802  34.630 0.0000000000
71970  -13.087  12.395  33.093 0.0000000000
71971  -13.805  12.096  33.422 0.0000000000
71972  -14.367  11.716  33.642 0.0000000000
71974  -12.809  12.257  32.424 0.0000000000
71976  -13.105  12.063  31.498 0.0000000000
71977  -13.847  11.769  31.234 0.0000000000
71981  -13.107  12.481  30.808 0.0000000000
71982  -14.090  12.299  30.472 0.0000000000
71983  -14.957  12.024  30.126 0.0000000000
71988  -14.379  12.795  29.668 0.0000000000
71989  -15.224  12.446  29.354 0.0000000000
71990  -16.004  12.019  29.126 0.0000000000
71995  -15.506  12.821  28.081 0.0000000000
71996  -16.091  12.257  28.516 0.0000000000
72791  -12.900  13.190  33.215 0.0000000000
72792  -13.904  13.292  33.687 0.0000000000
72793  -14.376  12.453  33.859 0.0000000000
72795  -10.629  13.865  32.197 0.0000000000
72796  -10.878  13.746  32.318 0.0000000000
72797  -11.938  13.277  32.741 0.0000000000
72799  -10.597  13.697  32.019 0.0000000000
72800  -11.017  13.306  32.032 0.0000000000
72801  -11.950  12.790  31.838 0.0000000000
72803  -10.720  13.635  31.629 0.0000000000
72804  -11.206  13.313  31.164 0.0000000000
72805  -12.266  12.851  30.855 0.0000000000
72806  -13.107  12.885  30.364 0.0000000000
72808  -11.589  13.471  30.402 0.0000000000
72809  -12.429  13.496  29.914 0.0000000000
72810  -13.629  13.211  29.656 0.0000000000
72811  -14.407  13.152  29.190 0.0000000000
72813  -12.980  13.872  29.227 0.0000000000
72814  -13.765  13.748  28.713 0.0000000000
72815  -14.707  13.274  28.459 0.0000000000
72817  -14.174  13.827  27.971 0.0000000000
72818  -14.842  13.441  27.407 0.0000000000
73567  -12.957  14.132  33.289 0.0000000000
73572  -10.656  14.131  32.210 0.0000000000
73573  -11.252  14.234  32.587 0.0000000000
73574  -12.055  14.410  32.900 0.0000000000
73578  -10.563  14.073  31.704 0.0000000000
73581  -10.769  13.927  30.929 0.0000000000
73582  -11.089  13.723  30.426 0.0000000000
73585  -10.959  14.035  30.181 0.0000000000
73586  -11.448  14.011  29.731 0.0000000000
73587  -12.258  14.117  29.284 0.0000000000
73590  -11.962  14.585  29.195 0.0000000000
73591  -12.723  14.513  28.562 0.0000000000
73592  -13.538  14.280  28.026 0.0000000000
73595  -13.025  14.819  27.651 0.0000000000
73596  -13.801  14.245  27.256 0.0000000000
73597  -14.312  13.921  26.648 0.0000000000
73600  -13.069  14.860  26.906 0.0000000000
73601  -13.549  14.515  26.272 0.0000000000
74328  -12.744  15.375  33.114 0.0000000000
74334  -10.691  14.596  31.852 0.0000000000
74335  -11.037  14.840  32.228 0.0000000000
74336  -11.853  15.216  32.579 0.0000000000
74341  -10.833  14.593  31.219 0.0000000000
74342  -11.095  15.258  31.599 0.0000000000
74343  -11.490  15.460  32.072 0.0000000000
74347  -11.036  14.484  30.409 0.0000000000
74348  -11.195  15.254  30.691 0.0000000000
74354  -11.229  14.312  30.008 0.0000000000
74355  -11.509  14.977  29.750 0.0000000000
74362  -12.081  15.298  28.867 0.0000000000
74363  -12.504  15.447  28.090 0.0000000000
74370  -12.554  15.483  27.252 0.0000000000
74377  -12.642  15.354  26.237 0.0000000000
74378  -13.180  14.876  25.782 0.0000000000
75125  -12.744  16.065  32.789 0.0000000000
75126  -13.111  16.529  32.512 0.0000000000
75129  -11.604  15.678  31.718 0.0000000000
75130  -12.291  16.007  31.970 0.0000000000
75131  -13.473  16.473  31.749 0.0000000000
75134  -11.672  15.866  31.178 0.0000000000
75135  -12.630  16.399  30.870 0.0000000000
75136  -13.636  16.676  30.902 0.0000000000
75141  -11.682  16.002  30.207 0.0000000000
75142  -12.447  16.456  29.781 0.0000000000
75148  -11.926  15.864  29.399 0.0000000000
75149  -12.449  16.273  28.772 0.0000000000
75155  -12.653  16.290  27.840 0.0000000000
75161  -12.340  16.370  27.032 0.0000000000
75168  -12.077  16.420  26.152 0.0000000000
75896  -12.952  18.053  33.167 0.0000000000
75898  -12.790  17.149  33.051 0.0000000000
75899  -13.490  17.522  32.393 0.0000000000
75901  -14.235  17.205  31.416 0.0000000000
75902  -14.624  17.588  30.834 0.0000000000
75904  -13.216  16.721  30.245 0.0000000000
75905  -14.028  17.124  30.301 0.0000000000
75906  -14.772  17.667  30.055 0.0000000000
75910  -13.222  16.880  29.461 0.0000000000
75911  -14.023  17.445  29.296 0.0000000000
75912  -14.822  17.870  29.140 0.0000000000
75917  -13.261  16.993  28.521 0.0000000000
75918  -14.135  17.782  28.316 0.0000000000
75919  -14.840  18.104  28.625 0.0000000000
75925  -13.175  17.096  27.625 0.0000000000
75926  -13.709  17.795  27.424 0.0000000000
75931  -12.858  17.401  26.797 0.0000000000
75932  -13.544  17.965  27.017 0.0000000000
76638  -13.819  18.865  33.248 0.0000000000
76639  -14.880  19.125  33.083 0.0000000000
76644  -14.397  18.153  31.940 0.0000000000
76645  -15.273  18.839  32.326 0.0000000000
76646  -16.058  19.081  32.034 0.0000000000
76651  -14.615  17.825  31.314 0.0000000000
76652  -15.185  18.228  31.029 0.0000000000
76653  -16.006  18.907  31.414 0.0000000000
76658  -15.427  18.256  29.794 0.0000000000
76659  -16.013  18.878  30.369 0.0000000000
76665  -15.365  18.342  28.876 0.0000000000
76666  -15.935  18.944  29.309 0.0000000000
76671  -14.336  18.218  27.705 0.0000000000
76672  -14.927  18.442  28.168 0.0000000000
76673  -15.626  18.963  28.401 0.0000000000
76679  -14.074  18.265  27.171 0.0000000000
76680  -14.746  18.703  27.429 0.0000000000
76681  -15.287  18.953  27.804 0.0000000000
76687  -12.641  17.919  26.337 0.0000000000
76688  -13.542  18.300  26.652 0.0000000000
76689  -14.327  18.641  26.915 0.0000000000
76695  -12.941  18.406  26.196 0.0000000000
77414  -15.976  19.681  33.345 0.0000000000
77421  -15.457  19.301  33.007 0.0000000000
77422  -16.120  19.472  32.504 0.0000000000
77429  -16.407  19.579  31.669 0.0000000000
77430  -16.678  19.984  31.205 0.0000000000
77438  -16.442  19.537  30.852 0.0000000000
77439  -16.808  20.165  30.607 0.0000000000
77446  -16.477  19.849  29.799 0.0000000000
77447  -16.902  20.369  30.080 0.0000000000
77453  -16.200  19.642  28.681 0.0000000000
77460  -15.213  19.100  27.407 0.0000000000
77461  -15.819  19.527  27.591 0.0000000000
77469  -14.174  18.764  26.599 0.0000000000
77470  -14.927  19.167  26.778 0.0000000000
77471  -15.824  19.980  26.575 0.0000000000
77478  -13.745  19.019  26.107 0.0000000000
77479  -15.115  19.890  25.798 0.0000000000
77480  -15.872  20.331  26.021 0.0000000000
78189  -16.515  20.235  32.805 0.0000000000
78197  -16.609  20.133  32.013 0.0000000000
78198  -16.973  20.800  32.213 0.0000000000
78206  -16.655  20.082  31.552 0.0000000000
78207  -17.006  20.554  31.301 0.0000000000
78216  -17.161  20.735  30.383 0.0000000000
78225  -16.627  20.314  28.924 0.0000000000
78226  -17.049  20.726  29.525 0.0000000000
78234  -16.537  20.284  28.065 0.0000000000
78235  -16.953  20.930  28.521 0.0000000000
78242  -16.450  20.382  27.132 0.0000000000
78243  -16.856  20.993  27.572 0.0000000000
78250  -16.413  20.713  26.313 0.0000000000
78251  -16.774  20.987  26.849 0.0000000000
78259  -15.924  20.785  25.519 0.0000000000
78871  -17.293  21.421  31.561 0.0000000000
78879  -17.313  21.259  30.794 0.0000000000
78887  -17.372  21.445  29.999 0.0000000000
78893  -17.259  21.575  29.036 0.0000000000
78899  -17.121  21.681  28.037 0.0000000000
78906  -16.742  21.243  26.485 0.0000000000
78907  -16.952  21.727  26.920 0.0000000000
78915  -16.662  21.562  25.977 0.0000000000
78916  -16.862  22.222  26.325 0.0000000000
79491  -17.432  22.232  31.853 0.0000000000
79503  -17.403  22.111  30.725 0.0000000000
79515  -17.366  22.278  29.589 0.0000000000
79524  -17.293  22.358  28.595 0.0000000000
79528  -17.152  22.469  27.631 0.0000000000
79534  -16.920  22.707  26.685 0.0000000000
79543  -16.843  22.516  26.284 0.0000000000
80060  -17.390  23.011  31.206 0.0000000000
80068  -17.280  23.023  30.128 0.0000000000
80078  -17.250  23.061  29.089 0.0000000000
80085  -17.255  23.017  28.222 0.0000000000
80092  -17.017  23.299  27.402 0.0000000000
80099  -16.914  23.147  26.883 0.0000000000
80585  -17.058  23.799  30.635 0.0000000000
80588  -16.473  24.488  29.051 0.0000000000
80589  -16.928  23.782  29.575 0.0000000000
80595  -16.989  23.772  28.440 0.0000000000
80602  -16.888  23.981  27.648 0.0000000000
