#!ascii label  , from subject FREESURFER vox2ras=TkReg 
605
72703  -27.596  14.076  -48.569 0.0000000000
72704  -28.010  13.344  -48.207 0.0000000000
72714  -27.484  14.643  -49.187 0.0000000000
72715  -27.897  13.659  -49.039 0.0000000000
72716  -28.836  13.386  -49.016 0.0000000000
72725  -29.322  13.420  -49.243 0.0000000000
72726  -29.671  13.210  -49.359 0.0000000000
73492  -27.522  14.184  -47.469 0.0000000000
73501  -28.004  14.083  -49.307 0.0000000000
73502  -28.303  13.648  -49.135 0.0000000000
73503  -29.880  13.033  -49.602 0.0000000000
73504  -30.347  13.077  -49.556 0.0000000000
73510  -28.719  13.867  -49.372 0.0000000000
73511  -29.677  13.500  -49.470 0.0000000000
73512  -30.209  13.646  -49.528 0.0000000000
74170  -31.692  14.902  -36.508 0.0000000000
74194  -30.051  15.060  -37.240 0.0000000000
74195  -31.059  15.424  -37.247 0.0000000000
74196  -32.092  15.382  -37.071 0.0000000000
74212  -30.375  15.638  -37.670 0.0000000000
74213  -30.756  15.792  -37.632 0.0000000000
74219  -25.175  15.369  -39.208 0.0000000000
74220  -25.938  14.873  -38.751 0.0000000000
74221  -26.794  15.129  -38.572 0.0000000000
74228  -24.635  14.869  -39.553 0.0000000000
74229  -25.269  14.514  -39.179 0.0000000000
74259  -27.313  14.380  -46.547 0.0000000000
74265  -29.246  15.728  -49.455 0.0000000000
74266  -29.764  15.166  -49.161 0.0000000000
74267  -30.663  14.228  -49.244 0.0000000000
74268  -31.941  14.342  -48.913 0.0000000000
74269  -33.095  14.557  -48.677 0.0000000000
74275  -27.992  14.826  -49.763 0.0000000000
74276  -28.975  14.923  -49.574 0.0000000000
74277  -29.960  14.136  -49.450 0.0000000000
74278  -30.318  13.917  -49.466 0.0000000000
74980  -31.049  15.958  -37.640 0.0000000000
74981  -31.662  15.938  -37.569 0.0000000000
74982  -32.516  15.894  -37.556 0.0000000000
74993  -27.451  15.298  -38.567 0.0000000000
74994  -28.319  15.461  -38.426 0.0000000000
74995  -29.458  15.776  -38.216 0.0000000000
74996  -30.509  16.215  -37.895 0.0000000000
74997  -31.220  16.460  -37.822 0.0000000000
74998  -31.955  16.612  -37.886 0.0000000000
74999  -32.861  16.618  -37.836 0.0000000000
75005  -24.682  15.692  -39.536 0.0000000000
75006  -25.478  15.888  -39.154 0.0000000000
75007  -26.681  15.729  -39.093 0.0000000000
75008  -27.932  16.055  -39.291 0.0000000000
75009  -28.669  15.995  -38.799 0.0000000000
75010  -32.042  16.995  -38.007 0.0000000000
75011  -32.304  16.849  -37.908 0.0000000000
75019  -23.626  15.648  -40.267 0.0000000000
75020  -24.638  16.452  -39.766 0.0000000000
75021  -26.086  16.699  -39.706 0.0000000000
75022  -27.092  16.314  -39.577 0.0000000000
75031  -22.818  15.577  -41.692 0.0000000000
75032  -23.969  16.667  -41.248 0.0000000000
75033  -24.957  17.075  -40.128 0.0000000000
75039  -23.026  15.537  -43.433 0.0000000000
75040  -43.230  15.679  -43.072 0.0000000000
75041  -43.468  16.036  -43.464 0.0000000000
75042  -24.581  15.586  -44.577 0.0000000000
75043  -42.442  15.742  -44.805 0.0000000000
75044  -43.133  15.635  -43.973 0.0000000000
75045  -43.423  15.905  -43.586 0.0000000000
75046  -26.222  15.606  -45.142 0.0000000000
75047  -26.647  14.971  -45.686 0.0000000000
75049  -41.321  15.542  -45.138 0.0000000000
75050  -26.671  15.990  -45.627 0.0000000000
75051  -27.125  15.468  -46.344 0.0000000000
75052  -39.119  15.631  -46.405 0.0000000000
75053  -40.163  15.562  -46.012 0.0000000000
75054  -41.110  15.818  -45.665 0.0000000000
75057  -31.165  16.026  -48.444 0.0000000000
75058  -32.073  16.212  -48.451 0.0000000000
75059  -32.601  16.437  -48.448 0.0000000000
75060  -34.311  16.992  -48.513 0.0000000000
75065  -26.620  16.625  -49.848 0.0000000000
75066  -29.461  16.258  -49.217 0.0000000000
75067  -30.367  15.773  -48.845 0.0000000000
75068  -31.518  15.481  -48.864 0.0000000000
75069  -32.652  15.881  -48.808 0.0000000000
75070  -33.701  16.063  -48.601 0.0000000000
75071  -34.770  16.159  -48.722 0.0000000000
75076  -27.247  15.867  -50.074 0.0000000000
75077  -27.858  16.116  -50.212 0.0000000000
75078  -28.701  16.320  -49.724 0.0000000000
75082  -27.255  16.532  -50.465 0.0000000000
75746  -29.468  16.895  -38.475 0.0000000000
75747  -29.970  16.802  -38.231 0.0000000000
75748  -30.712  17.096  -38.090 0.0000000000
75749  -31.360  16.878  -37.988 0.0000000000
75750  -32.809  17.326  -37.761 0.0000000000
75751  -33.517  17.157  -37.744 0.0000000000
75756  -28.151  16.857  -39.379 0.0000000000
75757  -28.720  16.907  -38.835 0.0000000000
75758  -30.771  17.718  -38.101 0.0000000000
75759  -31.454  17.397  -37.958 0.0000000000
75760  -32.272  17.257  -37.887 0.0000000000
75767  -26.576  17.204  -40.117 0.0000000000
75768  -27.519  17.026  -39.875 0.0000000000
75769  -28.272  17.399  -39.390 0.0000000000
75779  -24.194  17.600  -42.646 0.0000000000
75780  -24.571  17.578  -41.697 0.0000000000
75781  -25.638  17.517  -40.598 0.0000000000
75782  -26.905  17.610  -40.323 0.0000000000
75787  -23.831  17.299  -43.841 0.0000000000
75788  -24.138  16.715  -42.918 0.0000000000
75790  -42.398  16.503  -42.514 0.0000000000
75791  -43.225  16.344  -43.376 0.0000000000
75792  -23.639  17.084  -45.143 0.0000000000
75793  -23.415  16.350  -44.606 0.0000000000
75794  -32.881  16.850  -44.536 0.0000000000
75795  -33.770  16.925  -44.421 0.0000000000
75796  -34.372  17.116  -44.348 0.0000000000
75797  -43.090  15.929  -45.511 0.0000000000
75798  -43.505  16.100  -45.007 0.0000000000
75799  -43.434  16.402  -44.086 0.0000000000
75800  -24.339  17.416  -45.279 0.0000000000
75801  -25.314  16.763  -45.095 0.0000000000
75802  -26.479  17.174  -45.370 0.0000000000
75803  -30.544  17.234  -45.567 0.0000000000
75804  -31.325  17.058  -45.485 0.0000000000
75805  -32.220  16.872  -45.257 0.0000000000
75806  -33.300  16.914  -45.365 0.0000000000
75807  -34.471  17.063  -45.203 0.0000000000
75808  -35.473  17.210  -45.501 0.0000000000
75809  -36.108  17.188  -45.579 0.0000000000
75810  -42.300  15.961  -45.839 0.0000000000
75811  -43.556  16.417  -46.029 0.0000000000
75812  -44.118  17.444  -45.257 0.0000000000
75813  -44.698  18.429  -45.394 0.0000000000
75814  -26.339  16.247  -45.333 0.0000000000
75815  -27.071  16.704  -45.720 0.0000000000
75816  -28.214  17.063  -46.003 0.0000000000
75817  -28.828  17.088  -46.232 0.0000000000
75818  -29.668  17.100  -46.102 0.0000000000
75819  -30.599  16.821  -46.198 0.0000000000
75820  -31.660  16.971  -46.219 0.0000000000
75821  -32.634  17.308  -46.271 0.0000000000
75822  -33.655  17.413  -46.444 0.0000000000
75823  -34.714  17.428  -46.543 0.0000000000
75824  -35.884  17.348  -46.543 0.0000000000
75825  -37.040  17.163  -46.781 0.0000000000
75826  -38.223  16.537  -46.625 0.0000000000
75827  -39.702  16.499  -46.273 0.0000000000
75828  -41.206  16.527  -46.054 0.0000000000
75829  -42.669  16.971  -46.491 0.0000000000
75830  -43.894  17.667  -46.482 0.0000000000
75831  -44.028  18.780  -45.558 0.0000000000
75832  -27.962  17.042  -47.559 0.0000000000
75833  -29.339  16.612  -47.149 0.0000000000
75834  -30.941  16.312  -47.006 0.0000000000
75835  -32.195  16.824  -47.065 0.0000000000
75836  -32.970  17.631  -47.326 0.0000000000
75837  -33.972  17.875  -47.520 0.0000000000
75838  -35.006  17.810  -47.811 0.0000000000
75839  -36.173  17.656  -48.007 0.0000000000
75840  -37.452  16.989  -47.939 0.0000000000
75841  -37.897  16.289  -47.253 0.0000000000
75842  -28.818  17.061  -48.037 0.0000000000
75843  -30.000  16.297  -48.153 0.0000000000
75844  -31.598  16.286  -47.834 0.0000000000
75845  -32.637  16.769  -47.948 0.0000000000
75846  -33.483  17.212  -48.217 0.0000000000
75847  -34.517  17.627  -48.411 0.0000000000
75851  -26.588  17.112  -49.472 0.0000000000
75852  -28.474  17.421  -48.117 0.0000000000
75853  -28.691  17.257  -48.965 0.0000000000
75854  -29.681  16.537  -48.881 0.0000000000
75855  -32.932  16.631  -48.409 0.0000000000
75856  -33.196  16.518  -48.517 0.0000000000
75859  -27.325  16.887  -50.515 0.0000000000
75860  -27.874  17.107  -50.181 0.0000000000
76488  -29.685  17.222  -38.343 0.0000000000
76489  -29.955  17.472  -38.261 0.0000000000
76490  -30.343  17.812  -38.219 0.0000000000
76491  -32.288  18.683  -37.781 0.0000000000
76492  -32.870  18.151  -37.624 0.0000000000
76503  -29.358  17.533  -38.528 0.0000000000
76504  -29.745  18.119  -38.515 0.0000000000
76505  -30.543  18.515  -38.321 0.0000000000
76506  -31.850  18.255  -37.855 0.0000000000
76507  -32.453  17.693  -37.726 0.0000000000
76522  -28.082  17.759  -39.635 0.0000000000
76523  -28.834  18.149  -39.374 0.0000000000
76524  -29.734  18.716  -39.139 0.0000000000
76525  -30.007  19.113  -38.989 0.0000000000
76526  -38.136  18.222  -41.071 0.0000000000
76536  -24.602  18.197  -42.119 0.0000000000
76537  -25.582  18.182  -41.478 0.0000000000
76538  -26.768  18.107  -41.008 0.0000000000
76539  -27.938  18.026  -40.349 0.0000000000
76540  -28.739  18.240  -40.268 0.0000000000
76541  -38.517  18.053  -41.412 0.0000000000
76545  -23.055  19.124  -42.987 0.0000000000
76546  -23.537  18.328  -42.940 0.0000000000
76547  -40.891  17.941  -42.416 0.0000000000
76548  -41.649  17.457  -42.676 0.0000000000
76549  -42.564  17.249  -43.289 0.0000000000
76550  -43.244  16.977  -43.753 0.0000000000
76551  -22.676  19.323  -44.281 0.0000000000
76552  -22.878  18.928  -43.948 0.0000000000
76553  -23.186  17.899  -44.462 0.0000000000
76554  -29.373  18.557  -44.125 0.0000000000
76555  -29.822  18.300  -44.171 0.0000000000
76556  -30.736  17.888  -44.180 0.0000000000
76557  -31.939  17.420  -44.298 0.0000000000
76558  -33.095  17.490  -43.903 0.0000000000
76559  -34.122  17.733  -43.928 0.0000000000
76560  -34.912  18.054  -43.998 0.0000000000
76561  -43.051  17.632  -43.740 0.0000000000
76562  -43.605  17.626  -44.241 0.0000000000
76563  -22.691  19.136  -44.621 0.0000000000
76564  -22.822  18.613  -45.035 0.0000000000
76565  -23.717  18.086  -45.422 0.0000000000
76566  -24.987  17.984  -45.354 0.0000000000
76567  -26.379  17.893  -45.168 0.0000000000
76568  -27.665  18.182  -44.872 0.0000000000
76569  -28.930  18.346  -44.767 0.0000000000
76570  -29.951  17.813  -45.219 0.0000000000
76571  -31.033  17.314  -44.886 0.0000000000
76572  -31.632  16.957  -44.888 0.0000000000
76573  -34.738  17.409  -44.278 0.0000000000
76574  -35.405  17.605  -44.507 0.0000000000
76575  -36.302  17.438  -44.866 0.0000000000
76576  -37.428  17.664  -44.984 0.0000000000
76577  -38.578  17.909  -45.366 0.0000000000
76578  -39.580  17.970  -45.681 0.0000000000
76579  -44.257  18.717  -44.821 0.0000000000
76580  -45.005  19.038  -45.500 0.0000000000
76581  -27.140  17.492  -45.323 0.0000000000
76582  -27.991  17.649  -45.461 0.0000000000
76583  -28.903  17.636  -45.606 0.0000000000
76584  -29.359  17.423  -45.767 0.0000000000
76585  -36.785  17.201  -45.681 0.0000000000
76586  -37.858  17.313  -45.916 0.0000000000
76587  -39.063  17.348  -46.110 0.0000000000
76588  -40.443  17.489  -45.999 0.0000000000
76589  -41.750  17.625  -46.395 0.0000000000
76590  -42.794  18.279  -46.583 0.0000000000
76591  -43.914  18.913  -46.561 0.0000000000
76592  -44.712  19.637  -46.140 0.0000000000
76593  -43.065  19.223  -46.354 0.0000000000
76594  -43.629  19.644  -46.218 0.0000000000
76596  -27.474  17.825  -49.764 0.0000000000
76598  -27.176  17.469  -50.557 0.0000000000
77275  -31.893  19.083  -37.947 0.0000000000
77276  -32.489  19.335  -37.978 0.0000000000
77277  -33.512  19.063  -37.787 0.0000000000
77286  -30.245  19.562  -39.065 0.0000000000
77287  -31.087  19.444  -38.335 0.0000000000
77288  -31.740  19.728  -38.269 0.0000000000
77289  -38.366  19.016  -39.858 0.0000000000
77301  -29.139  18.481  -40.390 0.0000000000
77302  -29.501  18.774  -40.099 0.0000000000
77303  -29.720  19.411  -39.886 0.0000000000
77304  -38.142  18.790  -40.598 0.0000000000
77307  -24.472  18.844  -42.350 0.0000000000
77308  -25.462  18.652  -42.221 0.0000000000
77309  -26.583  18.474  -41.997 0.0000000000
77310  -27.866  18.375  -41.769 0.0000000000
77311  -28.911  18.298  -41.159 0.0000000000
77312  -29.543  18.764  -41.047 0.0000000000
77313  -29.702  19.237  -40.831 0.0000000000
77314  -38.135  18.822  -41.592 0.0000000000
77315  -38.995  18.343  -41.975 0.0000000000
77316  -39.596  18.051  -42.011 0.0000000000
77317  -22.961  20.661  -44.206 0.0000000000
77318  -23.063  19.812  -43.382 0.0000000000
77319  -23.880  19.554  -42.670 0.0000000000
77320  -25.106  19.456  -42.573 0.0000000000
77321  -26.192  19.266  -42.571 0.0000000000
77322  -27.194  19.084  -42.470 0.0000000000
77323  -30.877  19.169  -43.130 0.0000000000
77324  -31.657  19.143  -43.164 0.0000000000
77325  -32.591  19.190  -43.167 0.0000000000
77326  -33.542  19.324  -43.168 0.0000000000
77327  -34.112  19.440  -43.176 0.0000000000
77328  -38.178  19.389  -42.189 0.0000000000
77329  -38.805  19.140  -42.440 0.0000000000
77330  -40.115  18.688  -42.757 0.0000000000
77331  -41.345  18.199  -43.022 0.0000000000
77332  -41.948  17.805  -43.171 0.0000000000
77333  -22.519  19.710  -44.561 0.0000000000
77334  -22.636  19.704  -44.008 0.0000000000
77335  -29.006  19.182  -43.608 0.0000000000
77336  -29.572  18.860  -43.618 0.0000000000
77337  -30.350  18.758  -43.479 0.0000000000
77338  -31.350  18.432  -43.604 0.0000000000
77339  -32.363  18.362  -43.610 0.0000000000
77340  -33.379  18.499  -43.556 0.0000000000
77341  -34.461  18.870  -43.541 0.0000000000
77342  -35.775  18.647  -44.018 0.0000000000
77343  -36.977  19.053  -44.260 0.0000000000
77344  -37.628  19.316  -44.476 0.0000000000
77345  -40.678  19.241  -43.513 0.0000000000
77346  -41.265  18.892  -43.528 0.0000000000
77347  -42.402  18.345  -43.700 0.0000000000
77348  -43.172  18.013  -43.901 0.0000000000
77349  -22.763  19.423  -45.114 0.0000000000
77350  -23.404  19.164  -45.416 0.0000000000
77351  -24.510  19.226  -45.507 0.0000000000
77352  -25.865  18.941  -44.958 0.0000000000
77353  -27.096  18.847  -44.486 0.0000000000
77354  -28.296  18.937  -44.089 0.0000000000
77355  -29.060  18.761  -44.006 0.0000000000
77356  -36.047  17.986  -44.433 0.0000000000
77357  -36.748  18.244  -44.512 0.0000000000
77358  -38.051  18.736  -44.730 0.0000000000
77359  -39.451  18.708  -45.320 0.0000000000
77360  -40.437  18.472  -45.733 0.0000000000
77361  -42.832  19.082  -44.484 0.0000000000
77362  -43.304  18.366  -44.225 0.0000000000
77363  -22.619  20.187  -45.018 0.0000000000
77364  -23.121  19.984  -45.336 0.0000000000
77365  -23.757  19.872  -45.488 0.0000000000
77366  -41.287  18.320  -46.133 0.0000000000
77367  -41.953  18.349  -46.444 0.0000000000
77368  -43.072  19.590  -46.167 0.0000000000
78091  -33.006  20.326  -38.190 0.0000000000
78100  -30.414  20.376  -39.138 0.0000000000
78101  -31.140  20.435  -38.612 0.0000000000
78102  -31.981  20.514  -38.451 0.0000000000
78103  -36.404  21.101  -40.445 0.0000000000
78104  -36.538  20.670  -40.140 0.0000000000
78105  -37.423  19.884  -39.717 0.0000000000
78111  -29.701  20.376  -40.079 0.0000000000
78112  -29.813  20.652  -41.277 0.0000000000
78113  -36.467  20.817  -40.678 0.0000000000
78114  -36.654  20.235  -40.843 0.0000000000
78115  -37.379  19.475  -41.010 0.0000000000
78116  -28.653  18.760  -41.899 0.0000000000
78117  -29.141  19.069  -41.858 0.0000000000
78118  -29.622  19.423  -41.728 0.0000000000
78119  -29.864  19.901  -41.454 0.0000000000
78120  -30.627  20.383  -42.356 0.0000000000
78121  -31.696  20.269  -42.730 0.0000000000
78122  -37.146  20.183  -41.463 0.0000000000
78123  -37.702  19.848  -41.912 0.0000000000
78124  -23.938  20.526  -43.266 0.0000000000
78125  -24.724  20.298  -42.933 0.0000000000
78126  -25.712  20.028  -42.953 0.0000000000
78127  -26.699  19.894  -42.975 0.0000000000
78128  -28.139  19.421  -42.555 0.0000000000
78129  -29.230  19.516  -42.579 0.0000000000
78130  -30.037  19.611  -42.729 0.0000000000
78131  -30.788  19.772  -42.700 0.0000000000
78132  -31.713  19.779  -42.775 0.0000000000
78133  -32.684  19.939  -42.752 0.0000000000
78134  -33.874  20.003  -42.857 0.0000000000
78135  -34.636  20.130  -43.150 0.0000000000
78136  -38.402  20.003  -42.613 0.0000000000
78137  -39.374  19.918  -43.271 0.0000000000
78138  -40.268  19.587  -43.546 0.0000000000
78139  -27.127  19.935  -43.495 0.0000000000
78140  -28.480  19.626  -43.344 0.0000000000
78141  -29.436  19.502  -43.202 0.0000000000
78142  -29.887  19.223  -43.233 0.0000000000
78143  -34.493  19.613  -43.199 0.0000000000
78144  -35.272  19.749  -43.447 0.0000000000
78145  -36.334  19.773  -43.974 0.0000000000
78146  -37.315  19.871  -44.386 0.0000000000
78147  -40.115  20.266  -43.825 0.0000000000
78148  -41.084  19.635  -44.325 0.0000000000
78149  -42.025  19.039  -43.997 0.0000000000
78150  -42.424  18.863  -44.051 0.0000000000
78151  -24.360  20.441  -45.198 0.0000000000
78152  -25.480  20.043  -44.882 0.0000000000
78153  -26.597  19.716  -44.287 0.0000000000
78154  -27.595  19.538  -43.928 0.0000000000
78155  -38.235  19.778  -44.696 0.0000000000
78156  -39.322  19.637  -45.040 0.0000000000
78157  -40.814  19.416  -45.410 0.0000000000
78158  -22.968  20.736  -45.192 0.0000000000
78159  -23.547  20.446  -45.295 0.0000000000
78160  -41.168  18.845  -45.831 0.0000000000
78161  -42.064  19.047  -46.164 0.0000000000
78773  -32.207  22.117  -39.177 0.0000000000
78774  -33.732  21.197  -38.138 0.0000000000
78783  -29.973  21.091  -39.807 0.0000000000
78784  -30.521  21.235  -39.263 0.0000000000
78785  -31.303  21.199  -38.881 0.0000000000
78786  -36.270  21.636  -40.055 0.0000000000
78787  -36.698  21.018  -39.372 0.0000000000
78791  -29.752  21.188  -40.694 0.0000000000
78792  -30.299  21.062  -41.653 0.0000000000
78793  -36.408  21.521  -41.000 0.0000000000
78794  -36.506  20.855  -41.067 0.0000000000
78795  -31.276  20.976  -42.763 0.0000000000
78796  -32.136  20.437  -42.866 0.0000000000
78797  -36.459  21.722  -41.624 0.0000000000
78798  -36.878  21.134  -41.725 0.0000000000
78799  -37.369  20.495  -41.876 0.0000000000
78800  -25.308  20.556  -43.388 0.0000000000
78801  -25.977  20.226  -43.264 0.0000000000
78802  -31.918  21.372  -43.290 0.0000000000
78803  -32.810  20.791  -43.092 0.0000000000
78804  -34.274  20.933  -43.408 0.0000000000
78805  -34.961  20.419  -43.493 0.0000000000
78806  -37.381  21.657  -42.433 0.0000000000
78807  -37.900  20.983  -42.419 0.0000000000
78808  -38.880  20.980  -43.075 0.0000000000
78809  -24.401  21.038  -43.986 0.0000000000
78810  -25.417  20.709  -43.881 0.0000000000
78811  -26.116  20.337  -43.527 0.0000000000
78812  -34.638  21.585  -44.015 0.0000000000
78813  -35.578  21.001  -44.193 0.0000000000
78814  -36.846  20.430  -44.463 0.0000000000
78815  -37.321  20.290  -44.539 0.0000000000
78816  -39.668  21.080  -43.678 0.0000000000
78817  -40.052  20.831  -44.281 0.0000000000
78818  -24.360  20.871  -44.658 0.0000000000
78819  -25.029  20.676  -44.461 0.0000000000
78820  -26.061  20.447  -44.108 0.0000000000
78821  -36.166  21.638  -44.820 0.0000000000
78822  -36.781  21.260  -44.865 0.0000000000
78823  -37.807  20.689  -44.851 0.0000000000
78824  -39.126  20.580  -45.121 0.0000000000
78825  -40.084  20.353  -44.877 0.0000000000
78826  -23.715  20.982  -44.886 0.0000000000
79390  -33.415  23.229  -38.758 0.0000000000
79391  -33.924  22.499  -38.337 0.0000000000
79399  -35.840  22.834  -39.738 0.0000000000
79400  -36.342  22.170  -39.086 0.0000000000
79403  -30.268  22.843  -41.490 0.0000000000
79404  -30.203  21.971  -40.374 0.0000000000
79405  -29.935  21.500  -41.194 0.0000000000
79406  -35.951  22.663  -40.794 0.0000000000
79407  -30.346  22.829  -42.291 0.0000000000
79408  -30.179  22.363  -42.155 0.0000000000
79409  -30.269  21.655  -42.020 0.0000000000
79410  -36.152  22.619  -41.876 0.0000000000
79411  -36.495  21.878  -41.994 0.0000000000
79412  -30.523  23.025  -42.678 0.0000000000
79413  -30.512  22.834  -42.833 0.0000000000
79414  -31.062  22.312  -43.455 0.0000000000
79415  -32.593  21.753  -43.643 0.0000000000
79416  -33.421  21.376  -43.478 0.0000000000
79417  -36.340  23.278  -42.586 0.0000000000
79418  -36.855  22.433  -42.540 0.0000000000
79419  -38.011  22.336  -42.940 0.0000000000
79420  -38.556  21.624  -42.964 0.0000000000
79421  -31.701  23.393  -43.951 0.0000000000
79422  -32.544  23.051  -43.963 0.0000000000
79423  -33.810  22.263  -44.041 0.0000000000
79424  -34.861  22.388  -44.530 0.0000000000
79425  -38.637  22.982  -43.412 0.0000000000
79426  -39.226  22.253  -43.480 0.0000000000
79427  -39.894  22.031  -44.306 0.0000000000
79428  -35.712  22.326  -45.049 0.0000000000
79429  -36.581  22.086  -45.348 0.0000000000
79430  -37.672  21.960  -45.669 0.0000000000
79431  -38.868  21.465  -45.444 0.0000000000
79432  -39.879  21.596  -45.144 0.0000000000
79433  -38.125  22.547  -46.252 0.0000000000
79434  -38.761  22.227  -45.887 0.0000000000
79435  -39.359  21.962  -45.562 0.0000000000
79963  -35.029  23.722  -37.877 0.0000000000
79972  -33.607  24.103  -38.905 0.0000000000
79973  -34.415  23.752  -38.393 0.0000000000
79974  -35.323  23.969  -38.401 0.0000000000
79981  -35.392  23.838  -39.415 0.0000000000
79982  -35.915  23.270  -38.720 0.0000000000
79985  -30.354  23.154  -41.692 0.0000000000
79986  -35.368  23.735  -40.533 0.0000000000
79987  -30.351  23.137  -42.108 0.0000000000
79988  -30.384  23.477  -41.886 0.0000000000
79989  -35.496  23.961  -41.675 0.0000000000
79990  -30.458  23.118  -42.464 0.0000000000
79991  -30.369  23.722  -42.828 0.0000000000
79992  -30.679  23.156  -43.320 0.0000000000
79993  -35.912  24.199  -42.567 0.0000000000
79994  -36.638  24.048  -43.204 0.0000000000
79995  -37.328  23.113  -43.093 0.0000000000
79996  -30.644  24.178  -43.487 0.0000000000
79997  -31.047  23.917  -43.784 0.0000000000
79998  -32.295  24.396  -44.309 0.0000000000
79999  -33.754  24.270  -44.559 0.0000000000
80000  -34.387  23.267  -44.582 0.0000000000
80001  -36.941  24.582  -43.869 0.0000000000
80002  -37.871  23.816  -43.556 0.0000000000
80003  -39.155  23.589  -43.775 0.0000000000
80004  -39.837  23.242  -44.364 0.0000000000
80005  -34.441  24.974  -45.111 0.0000000000
80006  -35.184  24.102  -45.285 0.0000000000
80007  -36.245  23.026  -45.859 0.0000000000
80008  -36.958  22.532  -45.898 0.0000000000
80009  -40.097  22.935  -45.108 0.0000000000
80010  -35.672  24.808  -46.170 0.0000000000
80011  -36.198  24.174  -46.338 0.0000000000
80012  -37.393  23.219  -46.606 0.0000000000
80013  -38.693  23.131  -46.378 0.0000000000
80014  -39.492  22.620  -45.629 0.0000000000
80015  -37.917  23.628  -47.039 0.0000000000
80016  -38.111  23.408  -46.851 0.0000000000
80503  -33.663  24.471  -39.092 0.0000000000
80504  -34.072  24.614  -38.952 0.0000000000
80505  -34.766  24.469  -38.738 0.0000000000
80508  -34.576  24.840  -39.237 0.0000000000
80509  -35.056  24.632  -39.272 0.0000000000
80510  -34.867  24.906  -40.361 0.0000000000
80511  -35.010  24.639  -40.178 0.0000000000
80512  -34.802  25.118  -40.674 0.0000000000
80513  -34.957  25.060  -41.349 0.0000000000
80514  -34.687  26.668  -43.264 0.0000000000
80515  -35.027  25.880  -42.731 0.0000000000
80516  -35.696  25.185  -43.393 0.0000000000
80517  -30.841  24.884  -43.401 0.0000000000
80518  -31.748  25.334  -43.968 0.0000000000
80519  -33.623  26.069  -43.740 0.0000000000
80520  -35.089  26.188  -44.117 0.0000000000
80521  -36.086  25.296  -44.251 0.0000000000
80522  -37.293  25.019  -44.412 0.0000000000
80523  -38.637  24.609  -44.315 0.0000000000
80524  -39.611  24.222  -44.466 0.0000000000
80525  -34.272  25.564  -44.717 0.0000000000
80526  -35.161  25.527  -45.092 0.0000000000
80527  -36.394  25.894  -45.428 0.0000000000
80528  -37.906  25.363  -45.217 0.0000000000
80529  -39.204  24.931  -45.172 0.0000000000
80530  -40.063  24.182  -45.267 0.0000000000
80531  -35.444  25.381  -45.972 0.0000000000
80532  -36.450  25.281  -46.519 0.0000000000
80533  -36.918  24.397  -46.856 0.0000000000
80534  -38.976  23.828  -46.236 0.0000000000
80535  -39.657  23.775  -45.843 0.0000000000
80536  -37.301  24.937  -46.928 0.0000000000
80537  -37.752  24.227  -47.128 0.0000000000
80538  -38.487  23.920  -46.779 0.0000000000
81050  -34.643  25.102  -39.742 0.0000000000
81051  -34.902  24.860  -39.834 0.0000000000
81052  -34.769  25.152  -40.278 0.0000000000
81053  -34.918  24.851  -40.072 0.0000000000
81054  -34.600  26.109  -41.154 0.0000000000
81055  -34.875  26.251  -42.128 0.0000000000
81056  -34.637  27.148  -42.518 0.0000000000
81057  -35.021  26.584  -42.470 0.0000000000
81058  -31.814  26.357  -42.738 0.0000000000
81059  -33.297  26.949  -42.756 0.0000000000
81060  -37.325  25.737  -46.062 0.0000000000
81061  -38.476  25.468  -46.000 0.0000000000
81062  -39.234  24.642  -45.836 0.0000000000
81063  -39.964  24.414  -45.978 0.0000000000
81064  -37.674  25.427  -46.657 0.0000000000
81065  -38.650  25.111  -46.597 0.0000000000
81066  -39.160  24.373  -46.289 0.0000000000
81067  -39.771  24.240  -46.046 0.0000000000
81068  -37.995  24.996  -47.096 0.0000000000
81069  -38.488  24.540  -46.862 0.0000000000
81070  -38.691  24.308  -46.659 0.0000000000
81541  -34.065  25.402  -39.627 0.0000000000
105178  -27.066  15.657  -49.386 0.0000000000
105179  -27.402  15.289  -49.532 0.0000000000
105180  -27.005  15.606  -48.944 0.0000000000
105181  -27.785  14.552  -49.449 0.0000000000
105182  -27.175  15.237  -49.033 0.0000000000
105183  -27.220  15.547  -48.287 0.0000000000
105184  -27.627  15.010  -49.570 0.0000000000
105185  -27.257  15.218  -48.524 0.0000000000
105186  -26.923  16.419  -48.762 0.0000000000
105187  -27.369  15.680  -47.937 0.0000000000
105188  -27.132  15.745  -48.382 0.0000000000
105189  -26.541  17.546  -50.057 0.0000000000
105190  -27.057  17.162  -48.389 0.0000000000
105191  -26.971  17.479  -48.983 0.0000000000
105192  -28.711  16.676  -47.138 0.0000000000
105193  -28.418  17.333  -47.873 0.0000000000
105194  -28.885  16.758  -46.772 0.0000000000
105195  -26.866  16.866  -50.576 0.0000000000
105196  -27.697  17.780  -48.824 0.0000000000
105197  -28.592  17.051  -47.707 0.0000000000
105226  -44.458  19.769  -45.702 0.0000000000
105227  -44.267  19.705  -45.543 0.0000000000
105228  -44.520  19.511  -45.485 0.0000000000
105229  -44.039  19.821  -45.739 0.0000000000
105230  -43.891  19.514  -45.284 0.0000000000
105231  -42.769  19.455  -46.148 0.0000000000
105232  -42.738  19.638  -45.614 0.0000000000
105302  -24.436  20.507  -43.175 0.0000000000
105303  -24.582  20.628  -43.344 0.0000000000
105316  -30.796  23.232  -40.638 0.0000000000
105317  -30.468  21.569  -39.628 0.0000000000
105318  -31.975  24.388  -40.217 0.0000000000
105319  -30.585  23.577  -41.100 0.0000000000
105320  -30.447  23.378  -41.346 0.0000000000
105321  -30.894  21.563  -39.430 0.0000000000
105322  -32.871  23.711  -39.264 0.0000000000
105323  -30.754  24.135  -41.453 0.0000000000
105324  -33.219  24.718  -39.548 0.0000000000
105325  -32.594  24.823  -39.953 0.0000000000
105326  -31.217  25.152  -41.161 0.0000000000
105327  -30.936  25.053  -41.706 0.0000000000
105328  -32.680  25.283  -40.213 0.0000000000
105329  -33.400  25.526  -40.107 0.0000000000
105330  -33.056  26.013  -40.631 0.0000000000
105331  -33.781  26.145  -40.432 0.0000000000
105332  -34.370  25.804  -40.330 0.0000000000
105333  -30.811  25.056  -42.369 0.0000000000
105334  -34.200  26.632  -40.652 0.0000000000
105335  -31.213  25.657  -41.796 0.0000000000
105336  -33.373  26.917  -41.369 0.0000000000
105337  -32.050  25.893  -41.068 0.0000000000
