#!ascii label  , from subject FREESURFER vox2ras=TkReg 
794
72472  -31.107  12.800  -27.229 0.0000000000
72473  -31.591  13.079  -27.042 0.0000000000
72486  -30.471  13.065  -27.613 0.0000000000
72487  -31.023  13.260  -27.615 0.0000000000
73166  -31.776  14.130  -18.024 0.0000000000
73170  -31.172  13.558  -19.167 0.0000000000
73175  -31.007  13.529  -19.902 0.0000000000
73177  -31.046  13.570  -20.643 0.0000000000
73178  -31.153  13.808  -21.174 0.0000000000
73191  -31.132  13.249  -21.114 0.0000000000
73192  -31.283  13.460  -21.720 0.0000000000
73199  -31.468  13.489  -22.682 0.0000000000
73211  -31.555  15.671  -24.942 0.0000000000
73232  -31.607  15.393  -24.980 0.0000000000
73251  -31.634  15.151  -25.269 0.0000000000
73252  -31.806  13.223  -25.994 0.0000000000
73269  -31.729  13.347  -26.651 0.0000000000
73288  -31.428  13.309  -27.458 0.0000000000
73289  -31.626  13.521  -27.222 0.0000000000
73301  -30.614  13.524  -27.699 0.0000000000
73302  -31.205  13.573  -27.624 0.0000000000
73303  -31.511  13.568  -27.518 0.0000000000
73961  -32.203  15.124  -16.964 0.0000000000
73965  -31.885  14.684  -17.696 0.0000000000
73969  -31.249  14.603  -18.793 0.0000000000
73970  -31.567  14.472  -18.221 0.0000000000
73972  -31.029  14.446  -19.517 0.0000000000
73974  -31.018  14.433  -20.220 0.0000000000
73975  -31.126  14.452  -20.916 0.0000000000
73990  -31.240  14.285  -21.484 0.0000000000
74001  -31.363  14.408  -22.163 0.0000000000
74015  -31.526  16.040  -24.821 0.0000000000
74034  -31.515  15.940  -24.951 0.0000000000
74052  -30.074  16.238  -26.519 0.0000000000
74053  -30.193  16.104  -26.269 0.0000000000
74054  -31.412  15.544  -25.521 0.0000000000
74055  -31.671  15.019  -25.447 0.0000000000
74069  -30.510  15.952  -26.028 0.0000000000
74070  -30.995  15.593  -26.133 0.0000000000
74071  -31.233  15.460  -25.949 0.0000000000
74072  -31.433  15.264  -25.798 0.0000000000
74091  -30.312  14.268  -27.157 0.0000000000
74092  -31.249  15.295  -26.120 0.0000000000
74093  -31.404  15.182  -26.018 0.0000000000
74102  -29.683  13.776  -27.635 0.0000000000
74103  -30.122  13.846  -27.578 0.0000000000
74104  -30.835  13.893  -27.497 0.0000000000
74105  -31.379  13.801  -27.375 0.0000000000
74729  -33.019  14.811  -6.853 0.0000000000
74737  -31.908  15.563  -8.217 0.0000000000
74738  -32.171  15.071  -8.543 0.0000000000
74743  -31.922  15.994  -9.133 0.0000000000
74744  -32.223  15.262  -9.018 0.0000000000
74749  -31.941  16.259  -9.631 0.0000000000
74750  -32.274  15.736  -9.952 0.0000000000
74756  -32.556  15.715  -11.027 0.0000000000
74761  -32.718  15.727  -11.990 0.0000000000
74768  -32.813  15.737  -13.003 0.0000000000
74774  -32.823  15.748  -14.055 0.0000000000
74779  -32.724  15.748  -15.085 0.0000000000
74781  -32.100  15.941  -16.823 0.0000000000
74782  -32.466  15.657  -16.129 0.0000000000
74784  -31.822  15.691  -17.471 0.0000000000
74786  -31.176  15.474  -18.838 0.0000000000
74787  -31.467  15.381  -18.252 0.0000000000
74789  -31.057  15.252  -19.249 0.0000000000
74798  -31.030  15.223  -19.840 0.0000000000
74799  -31.119  15.291  -20.538 0.0000000000
74815  -31.269  15.251  -21.456 0.0000000000
74829  -31.712  16.463  -24.749 0.0000000000
74847  -31.647  16.425  -24.955 0.0000000000
74872  -31.415  16.393  -25.497 0.0000000000
74888  -29.792  16.854  -27.103 0.0000000000
74889  -30.121  16.478  -26.761 0.0000000000
74890  -30.583  16.307  -26.461 0.0000000000
74891  -30.939  16.094  -25.907 0.0000000000
74902  -30.428  16.127  -26.194 0.0000000000
74903  -30.768  15.921  -25.948 0.0000000000
74904  -30.879  15.793  -26.056 0.0000000000
75466  -31.628  16.440  -5.763 0.0000000000
75474  -31.497  16.390  -6.619 0.0000000000
75484  -31.521  16.400  -7.576 0.0000000000
75494  -31.596  16.549  -8.518 0.0000000000
75502  -31.710  16.726  -9.330 0.0000000000
75508  -31.928  16.666  -9.998 0.0000000000
75509  -32.190  16.523  -10.708 0.0000000000
75515  -32.384  16.502  -11.553 0.0000000000
75521  -32.504  16.543  -12.478 0.0000000000
75528  -32.578  16.591  -13.477 0.0000000000
75534  -32.609  16.630  -14.494 0.0000000000
75542  -32.539  16.736  -15.496 0.0000000000
75550  -31.883  16.637  -17.194 0.0000000000
75551  -32.242  16.685  -16.401 0.0000000000
75556  -31.568  16.437  -17.984 0.0000000000
75561  -31.098  15.749  -19.098 0.0000000000
75562  -31.276  16.275  -18.879 0.0000000000
75567  -31.096  15.860  -19.478 0.0000000000
75568  -31.229  16.567  -19.770 0.0000000000
75579  -31.123  15.893  -20.071 0.0000000000
75580  -31.254  16.358  -20.739 0.0000000000
75590  -31.338  16.422  -21.864 0.0000000000
75599  -31.909  17.018  -24.931 0.0000000000
75610  -31.830  17.022  -25.296 0.0000000000
75633  -31.646  17.071  -25.906 0.0000000000
75647  -29.565  17.628  -27.483 0.0000000000
75648  -29.835  17.360  -27.527 0.0000000000
75649  -30.384  16.768  -27.364 0.0000000000
75650  -30.966  16.613  -27.042 0.0000000000
75651  -31.400  16.890  -26.566 0.0000000000
75662  -29.837  17.664  -27.992 0.0000000000
75663  -30.178  17.361  -28.015 0.0000000000
75664  -30.838  16.936  -28.139 0.0000000000
75665  -31.373  16.991  -27.678 0.0000000000
75676  -31.175  17.210  -28.476 0.0000000000
75677  -31.300  17.056  -28.227 0.0000000000
76197  -34.110  16.930  -4.383 0.0000000000
76198  -34.544  17.384  -4.232 0.0000000000
76212  -32.034  19.001  -5.342 0.0000000000
76213  -32.431  18.304  -5.085 0.0000000000
76214  -32.951  17.745  -4.855 0.0000000000
76215  -33.714  17.493  -4.552 0.0000000000
76216  -34.160  17.972  -4.428 0.0000000000
76226  -31.107  18.112  -5.902 0.0000000000
76227  -31.302  17.276  -6.188 0.0000000000
76237  -31.023  17.979  -6.691 0.0000000000
76238  -31.245  17.183  -7.076 0.0000000000
76247  -31.046  17.923  -7.579 0.0000000000
76248  -31.290  17.221  -7.967 0.0000000000
76256  -31.129  17.865  -8.272 0.0000000000
76257  -31.363  17.481  -8.840 0.0000000000
76266  -31.612  17.492  -9.762 0.0000000000
76274  -31.898  17.326  -10.506 0.0000000000
76275  -32.105  17.225  -11.155 0.0000000000
76282  -32.230  17.305  -11.943 0.0000000000
76288  -32.324  17.440  -12.895 0.0000000000
76295  -32.428  17.519  -13.930 0.0000000000
76301  -32.559  17.519  -14.910 0.0000000000
76302  -32.645  17.785  -15.357 0.0000000000
76308  -32.620  17.464  -15.483 0.0000000000
76309  -32.648  17.755  -15.685 0.0000000000
76315  -32.025  17.679  -16.814 0.0000000000
76316  -32.478  17.539  -15.961 0.0000000000
76317  -32.638  17.735  -15.845 0.0000000000
76319  -31.678  17.441  -17.740 0.0000000000
76323  -31.460  17.172  -18.462 0.0000000000
76327  -31.364  17.379  -19.243 0.0000000000
76331  -31.335  17.462  -20.222 0.0000000000
76337  -31.327  17.459  -21.263 0.0000000000
76350  -31.888  17.576  -24.983 0.0000000000
76366  -31.876  17.611  -25.224 0.0000000000
76390  -31.805  17.641  -25.770 0.0000000000
76403  -29.602  18.155  -27.468 0.0000000000
76404  -29.746  18.124  -27.652 0.0000000000
76405  -30.137  18.288  -27.721 0.0000000000
76406  -31.669  17.597  -26.521 0.0000000000
76411  -29.686  17.846  -27.920 0.0000000000
76412  -30.078  18.033  -28.309 0.0000000000
76413  -30.460  17.489  -28.345 0.0000000000
76414  -31.539  17.520  -27.397 0.0000000000
76423  -30.655  18.041  -28.437 0.0000000000
76424  -30.875  17.639  -28.545 0.0000000000
76425  -31.373  17.455  -28.183 0.0000000000
76957  -35.193  17.925  -4.137 0.0000000000
76974  -32.115  19.304  -5.345 0.0000000000
76975  -32.598  18.914  -5.119 0.0000000000
76976  -33.225  18.630  -4.891 0.0000000000
76977  -33.900  18.544  -4.723 0.0000000000
76978  -34.649  18.413  -4.558 0.0000000000
76997  -31.828  19.697  -5.491 0.0000000000
77012  -30.864  18.786  -6.384 0.0000000000
77028  -30.842  18.730  -7.270 0.0000000000
77046  -30.949  18.652  -8.328 0.0000000000
77047  -31.137  18.108  -8.689 0.0000000000
77063  -30.953  19.055  -8.965 0.0000000000
77064  -31.213  18.468  -9.334 0.0000000000
77076  -31.621  18.301  -10.536 0.0000000000
77077  -31.908  17.712  -10.881 0.0000000000
77083  -31.745  18.771  -11.539 0.0000000000
77084  -31.957  17.926  -11.371 0.0000000000
77090  -31.852  19.014  -12.441 0.0000000000
77091  -32.049  18.168  -12.244 0.0000000000
77098  -31.893  19.209  -13.029 0.0000000000
77099  -32.117  18.533  -13.328 0.0000000000
77105  -32.314  18.435  -14.497 0.0000000000
77106  -32.538  18.080  -15.135 0.0000000000
77112  -32.358  18.540  -15.335 0.0000000000
77113  -32.562  18.081  -15.577 0.0000000000
77119  -31.922  18.640  -16.798 0.0000000000
77120  -32.267  18.366  -16.059 0.0000000000
77121  -32.577  17.901  -15.840 0.0000000000
77125  -31.725  18.443  -17.507 0.0000000000
77130  -31.511  18.244  -18.505 0.0000000000
77133  -31.403  18.413  -19.621 0.0000000000
77135  -31.347  18.460  -20.675 0.0000000000
77138  -31.238  18.484  -21.743 0.0000000000
77152  -30.719  19.113  -23.150 0.0000000000
77153  -31.801  18.033  -25.289 0.0000000000
77160  -29.855  19.378  -24.007 0.0000000000
77161  -31.379  18.319  -25.899 0.0000000000
77162  -31.695  18.109  -25.740 0.0000000000
77176  -28.814  19.274  -24.810 0.0000000000
77177  -30.739  18.517  -26.604 0.0000000000
77178  -31.182  18.395  -26.419 0.0000000000
77179  -31.597  18.131  -26.413 0.0000000000
77195  -27.144  18.563  -25.420 0.0000000000
77196  -30.025  18.417  -27.198 0.0000000000
77197  -30.447  18.417  -27.172 0.0000000000
77198  -31.110  18.399  -27.105 0.0000000000
77199  -31.519  18.058  -27.213 0.0000000000
77207  -30.559  18.311  -27.717 0.0000000000
77208  -31.109  18.253  -27.791 0.0000000000
77209  -31.459  17.958  -27.978 0.0000000000
77219  -30.677  18.181  -28.169 0.0000000000
77220  -31.060  18.078  -28.332 0.0000000000
77221  -31.251  17.820  -28.355 0.0000000000
77768  -31.794  20.209  -5.548 0.0000000000
77769  -32.254  19.954  -5.421 0.0000000000
77770  -32.927  19.725  -5.301 0.0000000000
77771  -33.575  19.432  -5.211 0.0000000000
77772  -34.323  19.277  -5.178 0.0000000000
77773  -35.084  19.081  -5.170 0.0000000000
77789  -31.513  20.443  -5.657 0.0000000000
77790  -34.776  19.622  -5.593 0.0000000000
77808  -30.708  19.593  -6.936 0.0000000000
77826  -30.724  19.566  -7.862 0.0000000000
77844  -30.806  19.578  -8.712 0.0000000000
77859  -30.975  19.541  -9.476 0.0000000000
77860  -31.245  19.135  -10.078 0.0000000000
77873  -31.105  19.823  -10.181 0.0000000000
77874  -31.378  19.515  -10.864 0.0000000000
77888  -31.568  19.672  -11.826 0.0000000000
77899  -31.704  19.758  -12.691 0.0000000000
77908  -31.886  19.572  -13.639 0.0000000000
77909  -32.113  18.931  -13.960 0.0000000000
77918  -31.897  19.818  -14.596 0.0000000000
77919  -32.079  19.183  -14.352 0.0000000000
77926  -31.903  19.772  -15.453 0.0000000000
77927  -32.128  19.144  -15.003 0.0000000000
77931  -31.884  19.422  -16.341 0.0000000000
77932  -32.124  19.061  -15.665 0.0000000000
77936  -31.723  19.240  -17.162 0.0000000000
77940  -31.553  19.355  -17.938 0.0000000000
77944  -31.422  19.397  -18.974 0.0000000000
77948  -31.339  19.421  -20.047 0.0000000000
77952  -31.233  19.427  -21.102 0.0000000000
77969  -30.854  19.318  -22.810 0.0000000000
77970  -31.018  19.491  -22.162 0.0000000000
77982  -30.046  19.793  -23.615 0.0000000000
77983  -30.548  19.667  -23.128 0.0000000000
77984  -30.792  19.821  -22.672 0.0000000000
78001  -28.979  19.797  -24.522 0.0000000000
78002  -29.524  19.823  -24.088 0.0000000000
78022  -25.595  19.531  -25.560 0.0000000000
78023  -26.591  19.548  -25.408 0.0000000000
78024  -27.592  19.608  -25.189 0.0000000000
78025  -28.390  19.719  -24.886 0.0000000000
78507  -31.852  21.066  -5.589 0.0000000000
78508  -32.516  20.774  -5.537 0.0000000000
78509  -33.300  20.608  -5.544 0.0000000000
78510  -34.028  20.058  -5.541 0.0000000000
78511  -34.442  19.826  -5.594 0.0000000000
78520  -31.434  21.039  -5.703 0.0000000000
78535  -31.008  20.767  -5.783 0.0000000000
78549  -30.617  20.476  -7.532 0.0000000000
78560  -30.665  20.423  -8.458 0.0000000000
78567  -30.778  20.254  -9.166 0.0000000000
78577  -30.905  20.457  -9.866 0.0000000000
78578  -31.101  20.435  -10.604 0.0000000000
78594  -31.282  20.432  -11.298 0.0000000000
78611  -31.436  20.561  -12.126 0.0000000000
78620  -31.589  20.575  -13.060 0.0000000000
78629  -31.680  20.600  -14.018 0.0000000000
78637  -31.701  20.624  -14.976 0.0000000000
78640  -31.675  20.515  -15.956 0.0000000000
78644  -31.571  20.282  -17.094 0.0000000000
78648  -31.377  20.442  -18.260 0.0000000000
78652  -31.259  20.420  -19.372 0.0000000000
78656  -31.166  20.322  -20.452 0.0000000000
78660  -31.004  20.312  -21.464 0.0000000000
78670  -30.431  20.831  -22.611 0.0000000000
78671  -30.675  20.509  -22.362 0.0000000000
78680  -29.677  20.451  -23.654 0.0000000000
78681  -30.217  20.596  -23.006 0.0000000000
78682  -30.609  20.143  -22.815 0.0000000000
78695  -28.569  20.450  -24.572 0.0000000000
78696  -29.093  20.656  -24.095 0.0000000000
78714  -24.964  20.478  -25.609 0.0000000000
78715  -25.986  20.526  -25.451 0.0000000000
78716  -26.997  20.590  -25.212 0.0000000000
78717  -27.924  20.677  -24.866 0.0000000000
79154  -31.933  21.987  -5.668 0.0000000000
79155  -32.158  21.947  -5.612 0.0000000000
79156  -32.857  21.581  -5.531 0.0000000000
79160  -31.412  22.043  -5.771 0.0000000000
79161  -31.716  22.071  -5.705 0.0000000000
79169  -31.165  21.743  -5.830 0.0000000000
79178  -30.582  21.417  -7.187 0.0000000000
79187  -30.571  21.406  -8.189 0.0000000000
79195  -30.696  21.247  -9.282 0.0000000000
79206  -30.905  21.394  -10.454 0.0000000000
79207  -31.097  20.939  -10.945 0.0000000000
79214  -30.933  21.907  -10.927 0.0000000000
79215  -31.128  21.451  -11.417 0.0000000000
79223  -31.344  21.481  -12.453 0.0000000000
79235  -31.474  21.497  -13.397 0.0000000000
79245  -31.532  21.510  -14.356 0.0000000000
79253  -31.530  21.493  -15.342 0.0000000000
79255  -31.463  21.442  -16.376 0.0000000000
79257  -31.310  21.477  -17.466 0.0000000000
79262  -30.910  22.054  -18.803 0.0000000000
79263  -31.072  21.662  -18.616 0.0000000000
79268  -30.814  21.999  -19.271 0.0000000000
79269  -31.008  21.220  -19.806 0.0000000000
79274  -30.665  21.828  -20.258 0.0000000000
79275  -30.889  21.059  -20.848 0.0000000000
79280  -30.521  21.618  -21.282 0.0000000000
79281  -30.708  20.988  -21.772 0.0000000000
79290  -29.831  21.744  -22.696 0.0000000000
79291  -30.234  21.365  -22.378 0.0000000000
79292  -30.605  20.972  -22.196 0.0000000000
79300  -28.869  21.757  -23.857 0.0000000000
79301  -29.422  21.487  -23.362 0.0000000000
79302  -29.998  21.153  -22.944 0.0000000000
79315  -27.893  21.846  -24.644 0.0000000000
79316  -28.411  21.524  -24.327 0.0000000000
79317  -28.993  21.208  -23.962 0.0000000000
79332  -25.270  21.489  -25.531 0.0000000000
79333  -26.301  21.569  -25.306 0.0000000000
79334  -27.447  21.696  -24.887 0.0000000000
79335  -27.948  21.281  -24.741 0.0000000000
79749  -32.064  23.121  -5.301 0.0000000000
79750  -32.880  22.673  -5.151 0.0000000000
79757  -31.104  23.235  -5.735 0.0000000000
79758  -31.624  22.647  -5.597 0.0000000000
79767  -30.817  23.064  -5.959 0.0000000000
79774  -30.481  22.452  -7.811 0.0000000000
79781  -30.532  22.383  -8.893 0.0000000000
79787  -30.671  22.328  -9.934 0.0000000000
79794  -30.812  22.272  -10.645 0.0000000000
79802  -30.926  22.422  -11.206 0.0000000000
79803  -31.119  22.368  -11.952 0.0000000000
79809  -31.277  22.368  -12.802 0.0000000000
79816  -31.364  22.386  -13.711 0.0000000000
79821  -31.392  22.394  -14.672 0.0000000000
79827  -31.362  22.387  -15.662 0.0000000000
79836  -31.254  22.405  -16.668 0.0000000000
79841  -30.855  22.812  -18.049 0.0000000000
79842  -31.015  22.558  -17.742 0.0000000000
79847  -30.796  22.522  -18.554 0.0000000000
79848  -30.984  22.249  -18.291 0.0000000000
79850  -30.103  23.012  -19.883 0.0000000000
79851  -30.351  22.732  -19.636 0.0000000000
79853  -30.048  22.956  -20.282 0.0000000000
79854  -30.282  22.334  -20.714 0.0000000000
79856  -29.917  22.783  -21.168 0.0000000000
79857  -30.149  22.076  -21.668 0.0000000000
79863  -29.735  22.350  -22.271 0.0000000000
79864  -30.073  21.946  -22.126 0.0000000000
79870  -28.705  22.279  -23.784 0.0000000000
79871  -29.040  22.789  -23.086 0.0000000000
79885  -27.768  22.363  -24.581 0.0000000000
79886  -28.115  22.724  -24.186 0.0000000000
79900  -24.477  22.432  -25.685 0.0000000000
79901  -25.506  22.520  -25.467 0.0000000000
79902  -26.474  22.650  -25.158 0.0000000000
79903  -27.169  22.887  -24.822 0.0000000000
80316  -31.839  24.101  -5.147 0.0000000000
80317  -32.481  23.825  -4.912 0.0000000000
80325  -31.015  24.177  -5.744 0.0000000000
80326  -31.476  23.640  -5.485 0.0000000000
80334  -30.544  24.742  -6.536 0.0000000000
80335  -30.682  24.054  -6.085 0.0000000000
80342  -30.457  24.876  -6.857 0.0000000000
80343  -30.484  24.481  -6.693 0.0000000000
80350  -30.363  23.417  -8.548 0.0000000000
80358  -30.467  23.347  -9.623 0.0000000000
80365  -30.672  23.182  -10.732 0.0000000000
80372  -30.895  23.184  -11.637 0.0000000000
80373  -31.070  23.128  -12.316 0.0000000000
80379  -31.163  23.177  -13.115 0.0000000000
80385  -31.209  23.215  -14.037 0.0000000000
80390  -31.210  23.224  -15.003 0.0000000000
80396  -31.156  23.215  -15.959 0.0000000000
80406  -31.040  23.210  -16.840 0.0000000000
80415  -30.686  23.327  -17.909 0.0000000000
80416  -30.916  23.242  -17.379 0.0000000000
80422  -29.994  23.858  -19.121 0.0000000000
80423  -30.361  23.303  -18.787 0.0000000000
80427  -29.979  23.386  -19.790 0.0000000000
80428  -30.155  23.313  -19.310 0.0000000000
80432  -29.731  23.526  -20.570 0.0000000000
80436  -29.532  23.429  -21.492 0.0000000000
80439  -29.212  23.452  -22.326 0.0000000000
80442  -27.859  23.803  -23.988 0.0000000000
80443  -28.252  23.421  -23.732 0.0000000000
80444  -28.769  23.726  -22.926 0.0000000000
80449  -27.014  23.949  -24.696 0.0000000000
80450  -27.500  23.574  -24.401 0.0000000000
80451  -27.969  23.231  -24.132 0.0000000000
80458  -23.763  23.316  -25.995 0.0000000000
80459  -24.737  23.461  -25.712 0.0000000000
80460  -25.706  23.559  -25.371 0.0000000000
80461  -26.677  23.733  -24.928 0.0000000000
80462  -27.116  23.384  -24.758 0.0000000000
80475  -22.341  23.624  -26.563 0.0000000000
80476  -23.090  23.959  -26.475 0.0000000000
80490  -22.429  24.214  -26.873 0.0000000000
80491  -22.872  24.398  -26.812 0.0000000000
80884  -31.675  24.725  -5.090 0.0000000000
80885  -32.086  24.700  -4.848 0.0000000000
80892  -30.993  24.786  -5.758 0.0000000000
80893  -31.316  24.692  -5.417 0.0000000000
80899  -30.526  25.148  -6.467 0.0000000000
80900  -30.738  24.797  -6.081 0.0000000000
80906  -30.382  25.216  -6.853 0.0000000000
80907  -30.354  25.147  -7.183 0.0000000000
80914  -30.315  25.168  -7.432 0.0000000000
80920  -30.229  24.257  -9.254 0.0000000000
80928  -30.308  24.348  -10.417 0.0000000000
80934  -30.592  24.143  -11.739 0.0000000000
80935  -30.895  23.615  -12.028 0.0000000000
80940  -30.612  24.507  -12.915 0.0000000000
80941  -30.911  23.795  -12.562 0.0000000000
80947  -30.639  24.614  -13.937 0.0000000000
80948  -30.951  23.921  -13.467 0.0000000000
80954  -30.642  24.627  -14.924 0.0000000000
80955  -30.969  23.964  -14.432 0.0000000000
80962  -30.613  24.572  -15.862 0.0000000000
80963  -30.950  23.954  -15.392 0.0000000000
80971  -30.548  24.439  -16.707 0.0000000000
80972  -30.885  23.896  -16.293 0.0000000000
80980  -29.996  24.855  -17.858 0.0000000000
80981  -30.420  24.243  -17.490 0.0000000000
80982  -30.781  23.758  -17.089 0.0000000000
80989  -29.750  24.730  -18.794 0.0000000000
80990  -30.202  24.063  -18.310 0.0000000000
80994  -29.586  24.355  -19.853 0.0000000000
80997  -29.369  24.237  -20.885 0.0000000000
81002  -28.788  24.846  -21.917 0.0000000000
81003  -29.158  24.171  -21.713 0.0000000000
81006  -28.115  25.010  -23.020 0.0000000000
81007  -28.543  24.691  -22.600 0.0000000000
81008  -28.887  24.194  -22.388 0.0000000000
81011  -27.793  24.426  -23.774 0.0000000000
81012  -28.380  24.253  -23.150 0.0000000000
81013  -28.676  24.221  -22.780 0.0000000000
81016  -26.871  24.559  -24.650 0.0000000000
81017  -27.335  24.483  -24.265 0.0000000000
81024  -23.950  24.492  -26.161 0.0000000000
81025  -25.002  24.482  -25.642 0.0000000000
81026  -25.872  24.535  -25.244 0.0000000000
81027  -26.396  24.561  -24.981 0.0000000000
81029  -23.204  24.627  -26.673 0.0000000000
81041  -21.935  24.739  -27.228 0.0000000000
81042  -22.620  24.712  -27.024 0.0000000000
81043  -22.929  24.645  -26.886 0.0000000000
81376  -30.889  25.872  -5.063 0.0000000000
81377  -31.405  25.420  -4.949 0.0000000000
81378  -32.326  25.514  -4.584 0.0000000000
81386  -30.214  26.104  -5.978 0.0000000000
81387  -30.739  25.502  -5.620 0.0000000000
81388  -31.170  25.204  -5.337 0.0000000000
81394  -30.232  25.735  -6.486 0.0000000000
81395  -30.544  25.277  -6.176 0.0000000000
81403  -30.042  25.727  -7.310 0.0000000000
81404  -30.147  25.479  -7.609 0.0000000000
81413  -29.846  25.884  -7.901 0.0000000000
81414  -30.024  25.590  -7.863 0.0000000000
81421  -29.754  25.976  -8.199 0.0000000000
81422  -30.007  25.009  -9.744 0.0000000000
81430  -29.552  26.193  -8.412 0.0000000000
81431  -29.975  25.195  -10.513 0.0000000000
81438  -29.685  25.751  -10.972 0.0000000000
81439  -30.096  25.086  -11.344 0.0000000000
81445  -29.726  25.818  -11.982 0.0000000000
81446  -30.192  25.130  -12.421 0.0000000000
81452  -29.789  25.875  -13.070 0.0000000000
81453  -30.240  25.228  -13.493 0.0000000000
81458  -29.854  25.883  -14.139 0.0000000000
81459  -30.265  25.256  -14.518 0.0000000000
81464  -29.878  25.863  -15.159 0.0000000000
81465  -30.262  25.220  -15.502 0.0000000000
81470  -29.866  25.780  -16.154 0.0000000000
81471  -30.233  25.098  -16.423 0.0000000000
81477  -29.820  25.562  -17.199 0.0000000000
81478  -30.214  24.866  -17.131 0.0000000000
81484  -29.555  25.563  -18.269 0.0000000000
81486  -28.938  26.030  -19.803 0.0000000000
81487  -29.197  25.646  -19.432 0.0000000000
81489  -28.860  25.901  -20.247 0.0000000000
81490  -29.130  25.092  -20.475 0.0000000000
81495  -28.690  25.577  -21.240 0.0000000000
81496  -29.042  24.797  -21.243 0.0000000000
81498  -27.947  25.585  -22.882 0.0000000000
81499  -28.268  25.564  -22.303 0.0000000000
81501  -27.667  25.467  -23.389 0.0000000000
81503  -26.700  25.374  -24.594 0.0000000000
81504  -27.154  25.342  -24.137 0.0000000000
81511  -23.953  25.325  -26.250 0.0000000000
81512  -24.492  25.384  -25.914 0.0000000000
81513  -25.315  25.449  -25.455 0.0000000000
81514  -26.183  25.393  -24.962 0.0000000000
81517  -22.993  25.651  -27.024 0.0000000000
81518  -23.367  25.431  -26.715 0.0000000000
81530  -22.540  25.498  -27.257 0.0000000000
81531  -22.943  24.962  -26.927 0.0000000000
81840  -30.432  26.752  -4.993 0.0000000000
81841  -30.954  26.429  -4.748 0.0000000000
81842  -31.797  26.379  -4.520 0.0000000000
81850  -30.174  26.584  -5.542 0.0000000000
81851  -30.626  26.229  -5.166 0.0000000000
81857  -29.395  27.009  -6.757 0.0000000000
81858  -29.761  26.636  -6.277 0.0000000000
81868  -29.122  27.046  -7.312 0.0000000000
81869  -29.687  26.413  -7.013 0.0000000000
81877  -28.844  26.977  -7.951 0.0000000000
81878  -29.496  26.365  -7.687 0.0000000000
81885  -29.031  26.709  -8.295 0.0000000000
81886  -29.426  26.324  -8.223 0.0000000000
81893  -28.859  26.926  -10.873 0.0000000000
81894  -29.350  26.394  -8.459 0.0000000000
81902  -28.909  27.006  -11.794 0.0000000000
81903  -29.287  26.399  -11.448 0.0000000000
81912  -28.919  27.097  -12.337 0.0000000000
81913  -29.249  26.637  -12.586 0.0000000000
81922  -29.421  26.541  -13.767 0.0000000000
81927  -29.488  26.515  -14.814 0.0000000000
81932  -29.502  26.472  -15.823 0.0000000000
81938  -29.473  26.374  -16.811 0.0000000000
81944  -29.374  26.267  -17.751 0.0000000000
81950  -28.883  26.827  -18.864 0.0000000000
81951  -29.187  26.245  -18.606 0.0000000000
81954  -28.735  26.545  -19.752 0.0000000000
81955  -29.008  26.322  -19.160 0.0000000000
81958  -28.413  26.495  -20.813 0.0000000000
81963  -28.205  26.260  -21.706 0.0000000000
81967  -27.673  26.206  -22.812 0.0000000000
81968  -28.021  26.185  -22.241 0.0000000000
81972  -27.238  26.085  -23.658 0.0000000000
81976  -26.551  26.077  -24.480 0.0000000000
81977  -26.971  26.039  -24.098 0.0000000000
81983  -24.034  25.976  -26.299 0.0000000000
81984  -24.748  26.522  -25.743 0.0000000000
81985  -25.625  26.273  -25.151 0.0000000000
81986  -26.107  26.131  -24.882 0.0000000000
81995  -23.076  26.044  -27.113 0.0000000000
81996  -23.596  26.348  -26.786 0.0000000000
81997  -24.044  26.792  -26.447 0.0000000000
82003  -22.638  26.435  -27.592 0.0000000000
82004  -23.277  26.932  -27.277 0.0000000000
82005  -23.697  26.901  -26.857 0.0000000000
82341  -30.139  27.362  -5.163 0.0000000000
82342  -30.613  27.239  -4.782 0.0000000000
82343  -31.321  27.263  -4.576 0.0000000000
82353  -29.219  28.110  -6.276 0.0000000000
82354  -29.569  27.554  -5.882 0.0000000000
82363  -29.047  27.736  -6.719 0.0000000000
82364  -29.436  27.241  -6.405 0.0000000000
82374  -28.025  28.511  -7.762 0.0000000000
82375  -28.440  27.918  -7.552 0.0000000000
82384  -28.014  28.294  -7.979 0.0000000000
82385  -28.363  27.677  -8.029 0.0000000000
82394  -28.137  28.017  -8.164 0.0000000000
82395  -28.576  27.322  -8.188 0.0000000000
82403  -28.055  27.932  -9.781 0.0000000000
82404  -28.373  27.552  -10.395 0.0000000000
82413  -28.524  27.490  -11.294 0.0000000000
82423  -28.612  27.564  -12.202 0.0000000000
82424  -28.888  27.242  -12.751 0.0000000000
82433  -28.615  27.789  -13.137 0.0000000000
82434  -29.005  27.195  -13.480 0.0000000000
82436  -28.697  27.850  -14.138 0.0000000000
82437  -29.098  27.176  -14.479 0.0000000000
82440  -28.779  27.831  -15.171 0.0000000000
82441  -29.144  27.151  -15.494 0.0000000000
82444  -28.810  27.793  -16.179 0.0000000000
82445  -29.146  27.092  -16.488 0.0000000000
82448  -28.798  27.704  -17.173 0.0000000000
82449  -29.108  26.972  -17.438 0.0000000000
82452  -28.743  27.496  -18.219 0.0000000000
82453  -29.069  26.780  -18.177 0.0000000000
82456  -28.483  27.498  -19.275 0.0000000000
82458  -27.616  27.994  -20.849 0.0000000000
82459  -28.002  27.607  -20.448 0.0000000000
82461  -26.836  28.179  -21.833 0.0000000000
82462  -27.280  27.943  -21.441 0.0000000000
82463  -27.857  27.024  -21.500 0.0000000000
82465  -26.131  28.208  -22.761 0.0000000000
82466  -26.536  28.069  -22.390 0.0000000000
82467  -27.258  27.169  -22.430 0.0000000000
82468  -27.830  26.594  -22.141 0.0000000000
82470  -26.048  28.069  -23.121 0.0000000000
82471  -26.504  27.479  -23.254 0.0000000000
82472  -26.993  26.761  -23.402 0.0000000000
82476  -25.819  27.754  -23.918 0.0000000000
82477  -26.310  26.961  -24.136 0.0000000000
82478  -26.839  26.438  -23.987 0.0000000000
82481  -24.754  27.376  -25.580 0.0000000000
82482  -25.339  27.345  -24.917 0.0000000000
82483  -26.004  26.602  -24.755 0.0000000000
82495  -24.327  27.427  -26.093 0.0000000000
82501  -23.751  27.518  -26.849 0.0000000000
82859  -30.393  27.711  -4.997 0.0000000000
82860  -30.826  27.926  -4.862 0.0000000000
82871  -29.434  28.515  -6.035 0.0000000000
82872  -30.105  28.330  -5.321 0.0000000000
82873  -31.006  28.707  -5.096 0.0000000000
82882  -28.516  29.083  -7.055 0.0000000000
82883  -28.982  28.645  -6.615 0.0000000000
82891  -28.054  28.925  -7.455 0.0000000000
82892  -28.585  28.455  -7.092 0.0000000000
82903  -27.700  28.964  -7.893 0.0000000000
82913  -27.678  28.850  -8.169 0.0000000000
82922  -27.873  28.410  -10.590 0.0000000000
82923  -28.229  27.874  -10.953 0.0000000000
82934  -27.759  28.926  -11.826 0.0000000000
82935  -28.196  28.087  -11.562 0.0000000000
82944  -27.877  29.057  -12.939 0.0000000000
82945  -28.216  28.328  -12.555 0.0000000000
82953  -27.924  29.155  -13.527 0.0000000000
82954  -28.220  28.637  -13.715 0.0000000000
82957  -28.400  28.527  -14.861 0.0000000000
82960  -28.468  28.486  -15.883 0.0000000000
82962  -28.479  28.427  -16.870 0.0000000000
82964  -28.441  28.321  -17.833 0.0000000000
82966  -28.324  28.218  -18.753 0.0000000000
82969  -27.702  28.791  -19.801 0.0000000000
82970  -28.087  28.204  -19.599 0.0000000000
82972  -27.468  28.444  -20.634 0.0000000000
82973  -27.849  28.272  -20.131 0.0000000000
82975  -25.968  29.074  -22.023 0.0000000000
82976  -26.662  28.591  -21.644 0.0000000000
82977  -27.110  28.465  -21.180 0.0000000000
82979  -25.853  28.565  -22.744 0.0000000000
82980  -26.247  28.546  -22.205 0.0000000000
82982  -24.901  28.870  -23.953 0.0000000000
82983  -25.492  28.398  -23.571 0.0000000000
82987  -24.700  28.586  -24.722 0.0000000000
82988  -25.200  28.185  -24.353 0.0000000000
82994  -24.540  28.111  -25.468 0.0000000000
82995  -24.952  28.079  -24.895 0.0000000000
83008  -23.989  28.144  -26.335 0.0000000000
83377  -29.290  29.101  -6.398 0.0000000000
83378  -29.760  29.330  -6.065 0.0000000000
83379  -30.532  29.330  -5.556 0.0000000000
83388  -28.144  29.897  -7.247 0.0000000000
83389  -28.916  29.551  -6.780 0.0000000000
83390  -29.380  29.528  -6.469 0.0000000000
83398  -27.315  30.639  -7.893 0.0000000000
83399  -27.572  29.872  -7.760 0.0000000000
83409  -27.200  30.420  -8.134 0.0000000000
83410  -27.408  29.630  -8.159 0.0000000000
83417  -27.126  30.340  -8.371 0.0000000000
83418  -27.389  29.541  -8.383 0.0000000000
83426  -27.050  29.949  -10.505 0.0000000000
83427  -27.397  29.334  -10.958 0.0000000000
83438  -27.118  29.920  -11.207 0.0000000000
83439  -27.315  29.687  -11.700 0.0000000000
83447  -27.479  29.689  -12.546 0.0000000000
83454  -27.647  29.720  -13.536 0.0000000000
83455  -27.921  29.297  -13.971 0.0000000000
83458  -27.725  29.854  -14.466 0.0000000000
83459  -28.043  29.216  -14.663 0.0000000000
83462  -27.805  29.868  -15.382 0.0000000000
83463  -28.128  29.176  -15.623 0.0000000000
83466  -27.839  29.832  -16.352 0.0000000000
83467  -28.156  29.126  -16.602 0.0000000000
83470  -27.825  29.733  -17.325 0.0000000000
83471  -28.145  29.026  -17.536 0.0000000000
83474  -27.826  29.510  -18.120 0.0000000000
83475  -28.074  28.904  -18.415 0.0000000000
83479  -27.613  29.448  -19.038 0.0000000000
83480  -27.987  28.738  -19.135 0.0000000000
83483  -26.620  29.869  -20.537 0.0000000000
83484  -27.031  29.554  -20.179 0.0000000000
83488  -25.471  29.869  -21.871 0.0000000000
83489  -26.326  29.669  -21.067 0.0000000000
83490  -26.939  28.934  -20.955 0.0000000000
83494  -25.313  29.359  -22.596 0.0000000000
83500  -25.199  28.980  -23.247 0.0000000000
83512  -24.253  28.913  -25.131 0.0000000000
83871  -29.824  29.788  -6.269 0.0000000000
83872  -30.173  29.905  -6.106 0.0000000000
83882  -28.098  30.642  -7.249 0.0000000000
83883  -28.639  30.486  -7.026 0.0000000000
83884  -29.566  30.202  -6.557 0.0000000000
83885  -30.475  30.700  -6.352 0.0000000000
83898  -27.252  31.045  -7.841 0.0000000000
83899  -27.619  30.847  -7.562 0.0000000000
83909  -27.038  31.095  -8.045 0.0000000000
83918  -26.825  31.100  -8.349 0.0000000000
83929  -26.732  31.114  -8.565 0.0000000000
83939  -26.830  30.633  -11.316 0.0000000000
83940  -27.082  30.102  -11.582 0.0000000000
83947  -26.849  30.974  -12.421 0.0000000000
83948  -27.115  30.260  -12.123 0.0000000000
83955  -26.877  31.188  -13.083 0.0000000000
83956  -27.173  30.599  -13.204 0.0000000000
83960  -27.390  30.512  -14.170 0.0000000000
83963  -27.481  30.574  -15.112 0.0000000000
83966  -27.538  30.550  -16.083 0.0000000000
83969  -27.519  30.474  -17.062 0.0000000000
83973  -26.986  30.766  -18.849 0.0000000000
83974  -27.398  30.311  -18.213 0.0000000000
83977  -26.733  30.717  -19.489 0.0000000000
83978  -27.121  30.186  -19.285 0.0000000000
83980  -25.950  30.743  -20.657 0.0000000000
83981  -26.449  30.386  -20.297 0.0000000000
83982  -26.854  30.221  -19.834 0.0000000000
83986  -25.641  30.511  -21.187 0.0000000000
83987  -26.098  30.323  -20.814 0.0000000000
84350  -28.161  31.393  -7.219 0.0000000000
84351  -29.040  31.312  -6.930 0.0000000000
84352  -29.974  31.380  -6.769 0.0000000000
84365  -27.148  31.658  -7.807 0.0000000000
84366  -27.580  31.748  -7.507 0.0000000000
84381  -26.735  31.859  -8.222 0.0000000000
84392  -26.223  32.860  -9.424 0.0000000000
84393  -26.490  32.037  -8.711 0.0000000000
84403  -26.079  33.346  -10.135 0.0000000000
84404  -26.338  31.705  -10.712 0.0000000000
84408  -26.500  31.601  -11.921 0.0000000000
84410  -26.626  31.679  -12.905 0.0000000000
84412  -26.855  31.556  -13.829 0.0000000000
84413  -27.142  31.003  -13.983 0.0000000000
84416  -26.856  31.852  -14.544 0.0000000000
84417  -27.103  31.358  -14.766 0.0000000000
84420  -27.227  31.270  -15.827 0.0000000000
84423  -27.250  31.183  -16.740 0.0000000000
84426  -26.763  31.698  -17.996 0.0000000000
84427  -27.169  31.101  -17.607 0.0000000000
84431  -26.595  31.424  -18.880 0.0000000000
84432  -26.999  31.087  -18.317 0.0000000000
84435  -26.297  31.234  -19.700 0.0000000000
84440  -26.013  31.113  -20.262 0.0000000000
84803  -27.830  32.493  -7.356 0.0000000000
84804  -28.595  32.278  -7.112 0.0000000000
84805  -29.465  32.199  -6.989 0.0000000000
84814  -26.839  32.742  -7.977 0.0000000000
84815  -27.326  32.393  -7.626 0.0000000000
84834  -26.269  33.356  -9.030 0.0000000000
84835  -26.487  32.710  -8.585 0.0000000000
84854  -26.152  33.412  -9.695 0.0000000000
84855  -26.291  32.835  -9.097 0.0000000000
84865  -26.099  33.741  -10.525 0.0000000000
84866  -26.067  33.628  -10.820 0.0000000000
84868  -26.169  33.969  -11.215 0.0000000000
84869  -26.128  33.748  -11.296 0.0000000000
84871  -26.303  34.148  -11.652 0.0000000000
84872  -26.246  32.442  -12.588 0.0000000000
84874  -26.423  32.386  -13.606 0.0000000000
84877  -26.565  32.391  -14.596 0.0000000000
84878  -26.821  32.045  -15.025 0.0000000000
84882  -26.563  32.550  -15.553 0.0000000000
84883  -26.900  31.959  -15.696 0.0000000000
84886  -26.581  32.496  -16.445 0.0000000000
84887  -26.942  31.851  -16.566 0.0000000000
84890  -26.561  32.307  -17.395 0.0000000000
84891  -26.963  31.667  -17.267 0.0000000000
84895  -26.165  32.407  -18.461 0.0000000000
84899  -26.111  31.906  -19.284 0.0000000000
85280  -27.788  33.037  -7.380 0.0000000000
85281  -28.196  33.255  -7.279 0.0000000000
85282  -29.055  33.038  -7.107 0.0000000000
85293  -26.795  33.726  -7.930 0.0000000000
85294  -27.441  33.374  -7.561 0.0000000000
85295  -27.884  33.846  -7.405 0.0000000000
85309  -26.274  33.822  -8.947 0.0000000000
85310  -26.471  33.602  -8.488 0.0000000000
85326  -26.207  33.958  -9.410 0.0000000000
85337  -26.166  34.145  -10.161 0.0000000000
85339  -26.235  34.368  -10.979 0.0000000000
85341  -26.485  34.602  -11.829 0.0000000000
85342  -26.511  34.537  -12.138 0.0000000000
85344  -26.647  35.022  -12.840 0.0000000000
85345  -26.054  33.135  -13.380 0.0000000000
85347  -26.048  35.155  -13.848 0.0000000000
85348  -26.143  33.118  -14.325 0.0000000000
85352  -25.721  35.060  -14.528 0.0000000000
85353  -26.189  33.132  -15.287 0.0000000000
85357  -25.794  33.733  -15.942 0.0000000000
85358  -26.192  33.114  -16.235 0.0000000000
85362  -25.754  33.631  -16.919 0.0000000000
85363  -26.176  32.980  -17.158 0.0000000000
85367  -26.169  32.795  -17.787 0.0000000000
85797  -27.005  34.454  -7.722 0.0000000000
85810  -26.292  34.488  -8.912 0.0000000000
85811  -26.561  34.501  -8.199 0.0000000000
85823  -26.218  34.761  -9.725 0.0000000000
85836  -26.246  34.968  -10.562 0.0000000000
85839  -26.376  35.186  -11.460 0.0000000000
86342  -26.149  35.504  -9.255 0.0000000000
86343  -26.383  35.413  -8.530 0.0000000000
86353  -26.002  35.673  -10.073 0.0000000000
