#!ascii label  , from subject FREESURFER vox2ras=TkReg 
1178
86419  -11.150  35.525  -24.638 0.0000000000
86426  -11.690  35.602  -25.218 0.0000000000
86925  -10.703  36.152  -24.673 0.0000000000
86926  -11.247  36.233  -25.051 0.0000000000
86934  -11.690  36.322  -25.675 0.0000000000
86935  -12.077  36.292  -26.422 0.0000000000
87435  -10.476  36.767  -24.929 0.0000000000
87436  -10.922  36.590  -24.967 0.0000000000
87443  -10.317  37.482  -25.389 0.0000000000
87444  -11.199  37.113  -25.386 0.0000000000
87445  -11.852  37.114  -26.099 0.0000000000
87453  -12.191  36.983  -26.755 0.0000000000
87465  -12.352  37.189  -27.512 0.0000000000
87481  -12.292  37.275  -28.640 0.0000000000
87494  -12.088  37.288  -29.989 0.0000000000
87505  -11.782  37.280  -31.322 0.0000000000
87515  -12.104  37.623  -32.320 0.0000000000
87516  -13.175  37.768  -32.667 0.0000000000
87527  -12.323  38.236  -33.076 0.0000000000
87528  -12.775  38.435  -33.233 0.0000000000
87958  -9.980  38.212  -26.035 0.0000000000
87959  -11.023  38.187  -25.760 0.0000000000
87960  -11.674  37.846  -25.891 0.0000000000
87971  -9.958  38.902  -26.439 0.0000000000
87972  -11.689  38.537  -26.057 0.0000000000
87973  -12.233  38.054  -26.615 0.0000000000
87988  -12.371  38.183  -27.769 0.0000000000
88001  -12.299  38.356  -29.011 0.0000000000
88014  -11.929  38.589  -30.551 0.0000000000
88027  -11.565  38.510  -32.080 0.0000000000
88042  -11.756  38.719  -33.068 0.0000000000
88043  -14.179  38.434  -32.733 0.0000000000
88055  -12.419  39.014  -33.423 0.0000000000
88056  -13.378  38.916  -33.365 0.0000000000
88057  -14.339  39.096  -33.119 0.0000000000
88485  -10.709  38.886  -26.183 0.0000000000
88486  -11.291  38.815  -26.078 0.0000000000
88499  -10.343  39.427  -26.641 0.0000000000
88500  -11.502  39.240  -26.809 0.0000000000
88501  -12.205  38.756  -27.208 0.0000000000
88517  -11.614  39.636  -27.608 0.0000000000
88518  -12.177  39.301  -27.976 0.0000000000
88530  -12.395  39.505  -29.304 0.0000000000
88543  -12.191  39.813  -30.342 0.0000000000
88556  -11.773  39.684  -31.579 0.0000000000
88557  -14.829  39.646  -31.592 0.0000000000
88571  -11.578  39.717  -32.887 0.0000000000
88572  -14.518  39.716  -32.715 0.0000000000
88583  -11.936  39.827  -33.601 0.0000000000
88584  -12.697  40.142  -33.910 0.0000000000
88585  -13.812  39.881  -33.458 0.0000000000
88592  -12.034  40.564  -34.149 0.0000000000
88593  -12.303  40.812  -34.236 0.0000000000
89073  -9.790  39.980  -26.996 0.0000000000
89074  -10.584  39.849  -27.123 0.0000000000
89092  -10.149  40.425  -27.620 0.0000000000
89093  -11.084  40.047  -27.647 0.0000000000
89094  -11.667  39.959  -28.044 0.0000000000
89109  -10.678  40.593  -28.102 0.0000000000
89110  -11.347  40.551  -28.318 0.0000000000
89111  -12.131  40.360  -28.661 0.0000000000
89125  -12.413  40.559  -29.619 0.0000000000
89137  -12.310  40.778  -30.810 0.0000000000
89138  -14.719  40.544  -30.713 0.0000000000
89154  -12.151  41.059  -32.394 0.0000000000
89155  -13.980  41.155  -32.877 0.0000000000
89156  -14.384  40.662  -32.034 0.0000000000
89167  -11.695  40.961  -33.738 0.0000000000
89168  -13.365  41.226  -33.752 0.0000000000
89169  -14.089  40.476  -33.073 0.0000000000
89176  -12.075  41.436  -34.330 0.0000000000
89177  -12.535  41.306  -34.233 0.0000000000
89715  -9.506  40.809  -28.079 0.0000000000
89716  -10.156  40.850  -28.224 0.0000000000
89729  -9.815  41.347  -28.570 0.0000000000
89730  -10.734  41.192  -28.613 0.0000000000
89731  -11.700  41.239  -28.857 0.0000000000
89732  -12.250  41.126  -29.173 0.0000000000
89746  -12.032  41.657  -29.286 0.0000000000
89747  -12.416  41.662  -29.894 0.0000000000
89758  -12.490  42.012  -31.183 0.0000000000
89759  -14.539  41.614  -30.985 0.0000000000
89775  -12.294  42.544  -32.305 0.0000000000
89776  -13.781  41.790  -33.148 0.0000000000
89777  -14.107  41.834  -32.163 0.0000000000
89791  -11.799  42.368  -33.366 0.0000000000
89792  -13.407  42.310  -33.805 0.0000000000
89800  -11.781  42.239  -34.162 0.0000000000
89801  -12.474  43.153  -34.728 0.0000000000
90402  -9.376  42.032  -28.938 0.0000000000
90403  -10.271  41.935  -29.093 0.0000000000
90404  -11.166  41.840  -29.187 0.0000000000
90405  -11.705  41.774  -29.228 0.0000000000
90418  -9.885  42.814  -29.273 0.0000000000
90419  -10.818  42.714  -29.344 0.0000000000
90420  -11.801  42.474  -29.531 0.0000000000
90421  -12.405  42.842  -30.366 0.0000000000
90422  -14.858  42.682  -30.018 0.0000000000
90423  -15.231  42.731  -29.284 0.0000000000
90434  -12.529  43.288  -31.478 0.0000000000
90435  -14.381  42.629  -31.310 0.0000000000
90448  -12.113  44.114  -32.896 0.0000000000
90449  -13.781  42.621  -32.921 0.0000000000
90450  -14.143  42.609  -32.093 0.0000000000
90464  -11.499  43.533  -34.069 0.0000000000
90465  -13.401  43.009  -33.943 0.0000000000
91047  -15.917  43.586  -28.597 0.0000000000
91048  -16.325  43.689  -28.235 0.0000000000
91059  -9.526  43.759  -29.235 0.0000000000
91060  -10.473  43.696  -29.253 0.0000000000
91061  -11.350  43.621  -29.476 0.0000000000
91062  -12.073  43.669  -29.883 0.0000000000
91063  -15.005  43.860  -29.854 0.0000000000
91064  -15.325  43.343  -29.271 0.0000000000
91073  -12.474  43.935  -30.653 0.0000000000
91074  -14.726  43.646  -30.843 0.0000000000
91084  -12.483  44.325  -31.543 0.0000000000
91085  -13.638  43.576  -33.328 0.0000000000
91086  -14.241  43.450  -32.117 0.0000000000
91099  -14.026  44.479  -32.819 0.0000000000
91615  -19.070  44.776  -26.220 0.0000000000
91616  -19.419  44.357  -26.092 0.0000000000
91617  -20.184  44.734  -25.682 0.0000000000
91631  -18.820  44.531  -26.585 0.0000000000
91644  -16.874  44.009  -28.132 0.0000000000
91645  -17.341  44.277  -28.029 0.0000000000
91646  -18.164  44.424  -27.371 0.0000000000
91655  -16.035  44.086  -28.852 0.0000000000
91656  -16.589  44.254  -28.607 0.0000000000
91657  -17.393  44.864  -28.593 0.0000000000
91668  -10.130  44.679  -29.092 0.0000000000
91669  -11.070  44.622  -29.193 0.0000000000
91670  -11.788  44.533  -29.590 0.0000000000
91671  -15.232  44.274  -29.839 0.0000000000
91672  -15.707  44.369  -29.439 0.0000000000
91673  -16.601  44.904  -29.429 0.0000000000
91684  -12.261  44.606  -30.105 0.0000000000
91685  -15.173  44.533  -30.374 0.0000000000
91686  -15.722  45.106  -30.281 0.0000000000
91698  -12.398  44.883  -30.888 0.0000000000
91699  -14.713  44.735  -31.649 0.0000000000
91712  -12.182  45.348  -31.794 0.0000000000
92161  -21.032  46.137  -24.947 0.0000000000
92162  -21.764  46.219  -25.024 0.0000000000
92163  -22.246  46.335  -25.135 0.0000000000
92177  -19.054  45.468  -26.123 0.0000000000
92178  -19.799  45.405  -25.655 0.0000000000
92179  -20.533  45.614  -25.372 0.0000000000
92180  -21.432  45.505  -25.333 0.0000000000
92194  -18.504  45.290  -26.906 0.0000000000
92206  -17.842  45.365  -27.987 0.0000000000
92207  -18.233  45.197  -27.424 0.0000000000
92217  -17.154  45.101  -29.150 0.0000000000
92218  -17.491  45.570  -28.829 0.0000000000
92228  -9.727  45.658  -29.023 0.0000000000
92229  -10.699  45.639  -29.051 0.0000000000
92230  -11.598  45.582  -29.584 0.0000000000
92231  -12.046  45.076  -29.798 0.0000000000
92232  -16.340  45.219  -30.006 0.0000000000
92233  -17.042  45.668  -29.752 0.0000000000
92234  -17.328  45.576  -29.280 0.0000000000
92246  -11.851  45.974  -30.077 0.0000000000
92247  -12.116  45.501  -30.343 0.0000000000
92248  -15.276  45.753  -30.943 0.0000000000
92249  -16.064  45.809  -30.473 0.0000000000
92250  -16.580  45.774  -30.221 0.0000000000
92261  -12.225  45.467  -31.040 0.0000000000
92262  -14.754  46.007  -31.899 0.0000000000
92270  -14.389  46.339  -32.838 0.0000000000
92628  -20.280  47.165  -24.157 0.0000000000
92629  -20.639  47.121  -24.115 0.0000000000
92642  -18.932  47.210  -25.166 0.0000000000
92643  -19.315  46.976  -24.925 0.0000000000
92644  -20.206  46.656  -24.642 0.0000000000
92645  -21.281  46.749  -24.428 0.0000000000
92646  -22.198  46.769  -24.789 0.0000000000
92647  -22.915  47.011  -25.081 0.0000000000
92663  -18.945  46.769  -25.685 0.0000000000
92664  -19.583  46.239  -25.412 0.0000000000
92665  -20.054  46.014  -25.321 0.0000000000
92666  -22.601  46.498  -25.206 0.0000000000
92682  -17.813  46.798  -26.997 0.0000000000
92683  -18.382  46.416  -26.653 0.0000000000
92701  -17.889  46.326  -27.509 0.0000000000
92702  -18.217  45.729  -27.315 0.0000000000
92719  -17.304  46.823  -28.954 0.0000000000
92720  -17.496  46.496  -28.528 0.0000000000
92735  -9.285  46.626  -29.096 0.0000000000
92736  -10.219  46.630  -29.024 0.0000000000
92737  -11.041  46.600  -29.393 0.0000000000
92738  -17.146  46.598  -29.364 0.0000000000
92739  -17.407  45.988  -29.219 0.0000000000
92753  -11.577  46.559  -30.099 0.0000000000
92754  -11.867  46.147  -30.489 0.0000000000
92755  -15.355  46.371  -31.022 0.0000000000
92756  -15.716  46.581  -30.849 0.0000000000
92757  -16.528  46.567  -30.214 0.0000000000
92768  -11.753  46.609  -30.809 0.0000000000
92769  -11.980  46.019  -31.123 0.0000000000
92770  -15.266  46.689  -31.412 0.0000000000
92771  -15.593  47.265  -31.180 0.0000000000
92780  -14.872  47.004  -32.251 0.0000000000
93148  -19.885  47.929  -23.825 0.0000000000
93149  -20.271  47.655  -23.845 0.0000000000
93150  -21.234  47.571  -23.820 0.0000000000
93151  -22.194  47.762  -23.785 0.0000000000
93152  -23.112  47.777  -23.904 0.0000000000
93153  -24.092  47.707  -24.062 0.0000000000
93154  -25.168  47.739  -24.172 0.0000000000
93155  -26.262  47.887  -24.165 0.0000000000
93156  -27.234  48.212  -24.206 0.0000000000
93163  -18.918  47.527  -24.807 0.0000000000
93164  -19.547  47.694  -24.215 0.0000000000
93165  -20.050  47.265  -24.153 0.0000000000
93166  -21.900  47.237  -24.250 0.0000000000
93167  -22.618  47.357  -24.453 0.0000000000
93168  -23.450  47.437  -24.726 0.0000000000
93182  -18.095  47.737  -25.695 0.0000000000
93183  -18.551  47.546  -25.317 0.0000000000
93201  -16.961  47.745  -26.939 0.0000000000
93202  -17.698  47.467  -26.428 0.0000000000
93203  -18.379  47.229  -25.985 0.0000000000
93219  -16.623  47.653  -27.747 0.0000000000
93220  -17.391  47.087  -27.482 0.0000000000
93233  -16.964  47.275  -28.808 0.0000000000
93234  -17.223  47.186  -28.183 0.0000000000
93247  -9.730  47.592  -29.185 0.0000000000
93248  -10.528  47.521  -29.425 0.0000000000
93249  -11.115  47.463  -29.947 0.0000000000
93250  -16.193  47.905  -29.932 0.0000000000
93251  -16.649  47.251  -29.649 0.0000000000
93262  -11.518  47.376  -30.697 0.0000000000
93263  -15.996  47.542  -30.696 0.0000000000
93264  -16.392  47.325  -30.154 0.0000000000
93274  -11.805  46.873  -31.625 0.0000000000
93275  -11.901  46.086  -31.687 0.0000000000
93276  -15.387  47.728  -31.760 0.0000000000
93277  -15.637  47.679  -31.189 0.0000000000
93285  -11.782  46.580  -32.780 0.0000000000
93286  -11.863  46.095  -32.153 0.0000000000
93287  -14.536  47.340  -32.956 0.0000000000
93288  -14.899  47.767  -32.624 0.0000000000
93292  -11.871  45.553  -32.797 0.0000000000
93293  -14.713  47.776  -32.963 0.0000000000
93695  -22.297  49.129  -22.874 0.0000000000
93696  -23.243  49.038  -22.827 0.0000000000
93697  -24.233  49.020  -22.904 0.0000000000
93698  -25.211  49.077  -23.058 0.0000000000
93699  -26.111  49.189  -23.232 0.0000000000
93700  -26.626  49.268  -23.343 0.0000000000
93706  -19.970  48.530  -23.701 0.0000000000
93707  -20.776  48.274  -23.497 0.0000000000
93708  -21.645  48.485  -23.268 0.0000000000
93709  -22.681  48.374  -23.261 0.0000000000
93710  -23.668  48.310  -23.320 0.0000000000
93711  -24.680  48.306  -23.421 0.0000000000
93712  -25.692  48.414  -23.518 0.0000000000
93713  -26.639  48.712  -23.612 0.0000000000
93714  -27.442  48.965  -23.782 0.0000000000
93715  -28.204  49.210  -23.923 0.0000000000
93716  -28.942  49.333  -24.144 0.0000000000
93723  -18.055  48.919  -25.091 0.0000000000
93724  -18.548  48.402  -24.773 0.0000000000
93725  -19.228  48.659  -24.088 0.0000000000
93737  -17.766  48.446  -25.551 0.0000000000
93738  -18.213  48.030  -25.309 0.0000000000
93747  -16.327  48.341  -26.906 0.0000000000
93748  -17.065  48.444  -26.373 0.0000000000
93758  -15.432  48.774  -27.702 0.0000000000
93759  -15.766  48.439  -27.574 0.0000000000
93765  -15.498  48.707  -28.152 0.0000000000
93766  -16.120  48.030  -28.450 0.0000000000
93775  -9.261  48.528  -29.449 0.0000000000
93776  -10.135  48.552  -29.593 0.0000000000
93777  -10.751  48.191  -29.837 0.0000000000
93778  -15.638  48.524  -29.184 0.0000000000
93779  -16.336  47.776  -29.226 0.0000000000
93789  -10.711  48.883  -29.958 0.0000000000
93790  -11.182  48.447  -30.424 0.0000000000
93791  -15.161  48.998  -30.833 0.0000000000
93792  -15.462  48.703  -30.414 0.0000000000
93801  -11.546  48.182  -31.358 0.0000000000
93802  -15.175  48.710  -31.327 0.0000000000
93803  -15.659  48.108  -31.144 0.0000000000
93811  -11.662  47.832  -32.389 0.0000000000
93812  -14.965  48.502  -32.352 0.0000000000
93817  -11.580  47.405  -33.384 0.0000000000
93818  -13.666  46.833  -33.769 0.0000000000
93819  -14.510  48.136  -33.236 0.0000000000
93822  -11.622  45.639  -34.219 0.0000000000
93823  -12.105  47.248  -34.847 0.0000000000
93824  -12.826  47.623  -34.534 0.0000000000
94264  -21.389  49.639  -22.987 0.0000000000
94265  -21.908  49.916  -22.820 0.0000000000
94266  -22.847  49.860  -22.711 0.0000000000
94267  -23.809  49.821  -22.684 0.0000000000
94268  -24.785  49.818  -22.743 0.0000000000
94269  -25.756  49.835  -22.864 0.0000000000
94270  -26.752  49.837  -23.112 0.0000000000
94271  -27.289  50.151  -23.184 0.0000000000
94277  -19.374  49.880  -23.851 0.0000000000
94278  -19.974  49.632  -23.576 0.0000000000
94279  -20.870  49.279  -23.233 0.0000000000
94280  -21.598  49.276  -22.979 0.0000000000
94281  -27.015  49.317  -23.444 0.0000000000
94282  -27.621  49.793  -23.434 0.0000000000
94283  -28.623  49.896  -23.701 0.0000000000
94284  -29.663  49.843  -24.130 0.0000000000
94293  -18.276  49.424  -24.873 0.0000000000
94294  -18.858  49.494  -24.265 0.0000000000
94295  -19.457  49.238  -23.857 0.0000000000
94306  -17.788  49.409  -25.327 0.0000000000
94316  -15.901  49.638  -26.961 0.0000000000
94317  -16.433  49.309  -26.511 0.0000000000
94318  -17.219  49.334  -25.893 0.0000000000
94329  -15.502  49.329  -27.566 0.0000000000
94330  -15.849  48.978  -26.988 0.0000000000
94337  -15.252  49.503  -28.533 0.0000000000
94343  -9.591  49.498  -29.700 0.0000000000
94344  -10.333  49.582  -29.890 0.0000000000
94345  -14.981  49.869  -30.008 0.0000000000
94346  -15.159  49.511  -29.566 0.0000000000
94355  -10.965  49.541  -30.328 0.0000000000
94356  -11.363  49.324  -31.078 0.0000000000
94357  -14.812  49.609  -30.738 0.0000000000
94358  -15.123  49.426  -30.185 0.0000000000
94368  -11.492  49.073  -32.075 0.0000000000
94369  -14.147  49.974  -32.546 0.0000000000
94370  -14.633  49.367  -31.921 0.0000000000
94379  -11.383  48.676  -33.135 0.0000000000
94380  -13.981  49.624  -33.477 0.0000000000
94381  -14.581  49.140  -32.929 0.0000000000
94386  -10.770  49.385  -34.565 0.0000000000
94387  -11.259  48.197  -34.091 0.0000000000
94388  -13.580  48.659  -34.131 0.0000000000
94389  -14.232  48.910  -33.497 0.0000000000
94393  -10.602  49.533  -35.048 0.0000000000
94394  -11.387  48.634  -34.730 0.0000000000
94395  -12.271  48.533  -34.973 0.0000000000
94396  -12.824  48.521  -34.614 0.0000000000
94752  -21.246  50.106  -23.043 0.0000000000
94753  -21.721  50.721  -23.196 0.0000000000
94754  -22.524  50.648  -22.990 0.0000000000
94755  -23.426  50.631  -22.819 0.0000000000
94756  -24.371  50.621  -22.717 0.0000000000
94757  -25.333  50.598  -22.725 0.0000000000
94758  -26.294  50.588  -22.827 0.0000000000
94759  -27.229  50.630  -23.047 0.0000000000
94760  -27.666  50.980  -23.096 0.0000000000
94765  -19.064  50.521  -24.157 0.0000000000
94766  -19.737  50.478  -23.740 0.0000000000
94767  -20.607  50.386  -23.365 0.0000000000
94768  -21.200  50.629  -23.259 0.0000000000
94769  -27.551  50.314  -23.234 0.0000000000
94770  -28.081  50.626  -23.294 0.0000000000
94771  -29.136  50.608  -23.648 0.0000000000
94772  -29.933  50.649  -23.995 0.0000000000
94778  -18.046  49.980  -25.157 0.0000000000
94779  -18.442  50.305  -24.734 0.0000000000
94787  -17.617  50.324  -25.630 0.0000000000
94788  -18.079  50.414  -25.194 0.0000000000
94799  -15.746  50.111  -27.246 0.0000000000
94800  -16.278  50.428  -26.794 0.0000000000
94801  -16.880  50.095  -26.178 0.0000000000
94812  -15.442  50.544  -27.855 0.0000000000
94813  -15.888  50.574  -27.312 0.0000000000
94823  -14.808  51.081  -29.366 0.0000000000
94824  -15.026  50.544  -29.023 0.0000000000
94834  -9.097  50.410  -29.808 0.0000000000
94835  -9.876  50.454  -29.876 0.0000000000
94836  -14.752  50.641  -29.914 0.0000000000
94837  -14.976  50.139  -29.627 0.0000000000
94845  -10.597  50.483  -30.224 0.0000000000
94846  -11.084  50.338  -30.885 0.0000000000
94847  -14.418  50.721  -30.707 0.0000000000
94858  -11.204  50.106  -31.756 0.0000000000
94859  -13.854  50.738  -32.276 0.0000000000
94860  -14.208  50.417  -31.560 0.0000000000
94871  -10.614  50.569  -33.227 0.0000000000
94872  -11.018  49.985  -32.895 0.0000000000
94873  -13.735  50.643  -33.122 0.0000000000
94879  -10.565  50.298  -33.910 0.0000000000
94880  -10.971  49.331  -33.794 0.0000000000
94881  -12.454  50.747  -34.604 0.0000000000
94882  -13.133  50.252  -34.226 0.0000000000
94885  -10.450  50.257  -34.840 0.0000000000
94886  -10.797  50.075  -35.339 0.0000000000
94887  -11.956  50.000  -35.007 0.0000000000
94888  -12.746  49.206  -34.679 0.0000000000
95208  -21.741  51.113  -23.416 0.0000000000
95209  -22.219  51.389  -23.418 0.0000000000
95210  -23.088  51.391  -23.103 0.0000000000
95211  -23.978  51.448  -22.841 0.0000000000
95212  -24.941  51.401  -22.741 0.0000000000
95213  -25.869  51.338  -22.764 0.0000000000
95214  -26.771  51.321  -22.927 0.0000000000
95215  -27.376  51.199  -23.073 0.0000000000
95220  -19.078  50.980  -24.235 0.0000000000
95221  -19.437  51.166  -24.154 0.0000000000
95222  -20.215  51.145  -23.761 0.0000000000
95223  -21.285  51.265  -23.578 0.0000000000
95224  -21.926  51.800  -23.783 0.0000000000
95225  -27.294  51.606  -23.189 0.0000000000
95226  -27.896  51.452  -23.290 0.0000000000
95227  -28.766  51.368  -23.490 0.0000000000
95228  -29.574  51.309  -23.775 0.0000000000
95234  -18.850  51.163  -24.553 0.0000000000
95235  -19.264  51.427  -24.519 0.0000000000
95244  -17.752  51.218  -25.829 0.0000000000
95245  -18.164  51.021  -25.213 0.0000000000
95256  -16.619  51.341  -26.890 0.0000000000
95257  -17.101  51.045  -26.302 0.0000000000
95267  -15.661  51.521  -27.885 0.0000000000
95268  -16.080  51.224  -27.384 0.0000000000
95278  -14.930  51.532  -28.998 0.0000000000
95279  -15.252  51.442  -28.407 0.0000000000
95289  -9.349  51.292  -30.008 0.0000000000
95290  -10.073  51.335  -30.218 0.0000000000
95291  -14.678  51.655  -29.587 0.0000000000
95301  -10.582  51.330  -30.930 0.0000000000
95302  -10.923  50.859  -31.522 0.0000000000
95303  -14.424  51.589  -30.338 0.0000000000
95311  -10.618  51.558  -31.980 0.0000000000
95312  -10.836  50.774  -32.344 0.0000000000
95313  -13.858  51.261  -31.800 0.0000000000
95314  -14.147  51.453  -31.145 0.0000000000
95325  -10.354  51.222  -33.177 0.0000000000
95326  -10.675  50.663  -32.896 0.0000000000
95327  -13.618  51.493  -32.498 0.0000000000
95335  -10.237  51.191  -34.343 0.0000000000
95336  -12.701  51.272  -34.240 0.0000000000
95337  -13.216  51.585  -33.477 0.0000000000
95343  -10.433  51.090  -35.022 0.0000000000
95344  -11.129  51.128  -35.168 0.0000000000
95345  -12.019  51.408  -34.687 0.0000000000
95672  -22.854  51.886  -23.354 0.0000000000
95673  -23.557  52.340  -23.206 0.0000000000
95674  -24.600  52.215  -22.875 0.0000000000
95675  -25.546  52.148  -22.854 0.0000000000
95676  -26.330  51.951  -22.961 0.0000000000
95677  -26.922  51.896  -23.180 0.0000000000
95682  -19.950  51.488  -24.145 0.0000000000
95683  -20.563  51.742  -24.190 0.0000000000
95684  -21.546  52.268  -24.153 0.0000000000
95685  -22.562  52.398  -23.689 0.0000000000
95686  -23.237  52.874  -23.567 0.0000000000
95687  -26.096  52.473  -23.143 0.0000000000
95688  -26.689  52.401  -23.424 0.0000000000
95689  -27.510  52.168  -23.569 0.0000000000
95690  -28.454  52.144  -23.770 0.0000000000
95691  -29.239  51.978  -23.840 0.0000000000
95692  -29.884  51.892  -24.021 0.0000000000
95698  -19.129  51.569  -24.746 0.0000000000
95699  -19.702  51.788  -24.674 0.0000000000
95700  -20.712  52.553  -24.806 0.0000000000
95701  -21.501  53.021  -24.579 0.0000000000
95702  -28.968  52.483  -24.181 0.0000000000
95703  -29.587  52.436  -24.377 0.0000000000
95712  -18.122  51.553  -25.678 0.0000000000
95713  -18.777  51.851  -25.316 0.0000000000
95714  -19.840  52.591  -25.539 0.0000000000
95715  -20.652  53.038  -25.488 0.0000000000
95725  -17.052  51.686  -26.723 0.0000000000
95726  -17.809  52.073  -26.332 0.0000000000
95727  -18.965  52.708  -26.106 0.0000000000
95728  -19.748  53.026  -26.219 0.0000000000
95738  -16.036  51.874  -27.708 0.0000000000
95739  -16.729  52.275  -27.351 0.0000000000
95740  -17.696  52.921  -27.146 0.0000000000
95749  -15.174  51.997  -28.657 0.0000000000
95750  -15.754  52.451  -28.293 0.0000000000
95751  -16.540  53.183  -28.102 0.0000000000
95760  -8.957  51.970  -30.171 0.0000000000
95761  -9.471  52.095  -30.374 0.0000000000
95762  -10.005  51.986  -30.709 0.0000000000
95763  -15.070  52.487  -29.152 0.0000000000
95764  -15.650  53.265  -29.084 0.0000000000
95773  -8.442  52.381  -30.237 0.0000000000
95774  -9.672  52.701  -30.757 0.0000000000
95775  -10.168  52.422  -31.444 0.0000000000
95776  -14.599  52.618  -30.006 0.0000000000
95781  -10.206  52.374  -32.674 0.0000000000
95782  -13.848  52.279  -31.761 0.0000000000
95783  -14.243  52.476  -30.854 0.0000000000
95791  -10.004  52.197  -33.859 0.0000000000
95792  -13.433  52.481  -32.695 0.0000000000
95798  -10.253  51.953  -34.608 0.0000000000
95799  -11.872  52.610  -34.269 0.0000000000
95800  -12.553  52.274  -34.050 0.0000000000
95801  -13.067  52.565  -33.354 0.0000000000
95807  -10.636  51.850  -34.840 0.0000000000
95808  -11.331  52.120  -34.640 0.0000000000
95809  -11.964  52.133  -34.454 0.0000000000
96155  -24.443  52.892  -23.195 0.0000000000
96156  -25.245  52.812  -23.109 0.0000000000
96157  -25.750  52.657  -23.129 0.0000000000
96163  -22.195  53.102  -24.234 0.0000000000
96164  -23.029  53.261  -23.976 0.0000000000
96165  -23.933  53.232  -23.745 0.0000000000
96166  -25.027  53.287  -23.768 0.0000000000
96167  -26.084  53.003  -23.713 0.0000000000
96168  -27.156  52.796  -24.163 0.0000000000
96169  -28.060  52.637  -24.320 0.0000000000
96170  -28.592  52.585  -24.277 0.0000000000
96176  -21.280  53.262  -25.197 0.0000000000
96177  -22.037  53.445  -24.960 0.0000000000
96178  -22.853  53.493  -24.779 0.0000000000
96179  -23.743  53.535  -24.667 0.0000000000
96180  -24.701  53.569  -24.615 0.0000000000
96181  -25.781  53.542  -24.753 0.0000000000
96182  -26.768  53.273  -24.811 0.0000000000
96183  -27.725  53.021  -25.308 0.0000000000
96184  -28.860  52.781  -24.967 0.0000000000
96192  -20.395  53.229  -26.031 0.0000000000
96193  -21.154  53.440  -25.905 0.0000000000
96194  -21.937  53.511  -25.777 0.0000000000
96195  -22.735  53.598  -25.641 0.0000000000
96196  -23.553  53.681  -25.547 0.0000000000
96197  -24.508  53.724  -25.645 0.0000000000
96198  -25.280  53.675  -25.426 0.0000000000
96199  -27.940  53.071  -26.116 0.0000000000
96200  -28.504  53.085  -25.947 0.0000000000
96209  -18.501  53.069  -26.781 0.0000000000
96210  -19.353  53.339  -26.562 0.0000000000
96211  -20.098  53.572  -26.406 0.0000000000
96212  -20.929  53.785  -26.401 0.0000000000
96213  -21.799  53.783  -26.388 0.0000000000
96214  -22.628  53.801  -26.370 0.0000000000
96215  -23.445  53.841  -26.330 0.0000000000
96216  -24.105  53.835  -26.253 0.0000000000
96227  -17.256  53.582  -27.730 0.0000000000
96228  -18.121  53.721  -27.190 0.0000000000
96229  -18.974  53.831  -26.847 0.0000000000
96230  -19.809  53.945  -26.670 0.0000000000
96231  -20.458  53.998  -26.588 0.0000000000
96239  -16.254  53.681  -28.767 0.0000000000
96240  -16.771  53.897  -28.325 0.0000000000
96249  -8.984  52.691  -30.294 0.0000000000
96250  -9.316  52.729  -30.499 0.0000000000
96251  -15.323  53.623  -29.834 0.0000000000
96252  -16.026  53.919  -29.474 0.0000000000
96260  -8.391  53.437  -30.381 0.0000000000
96261  -9.209  53.444  -30.610 0.0000000000
96262  -9.794  53.492  -31.206 0.0000000000
96263  -14.669  53.641  -30.740 0.0000000000
96269  -10.136  53.412  -32.163 0.0000000000
96270  -13.831  53.548  -32.213 0.0000000000
96271  -14.159  53.208  -31.390 0.0000000000
96278  -10.112  53.282  -33.367 0.0000000000
96279  -13.260  53.355  -33.054 0.0000000000
96283  -10.319  53.026  -34.351 0.0000000000
96284  -11.278  53.198  -34.265 0.0000000000
96285  -12.214  53.247  -33.862 0.0000000000
96286  -12.805  53.058  -33.548 0.0000000000
96290  -10.426  52.307  -34.643 0.0000000000
96291  -10.724  52.492  -34.612 0.0000000000
96645  -25.923  53.660  -25.753 0.0000000000
96646  -26.581  53.505  -25.606 0.0000000000
96647  -27.111  53.273  -25.525 0.0000000000
96652  -24.727  53.849  -26.601 0.0000000000
96653  -25.471  53.745  -26.478 0.0000000000
96654  -26.427  53.658  -26.542 0.0000000000
96655  -27.360  53.408  -26.266 0.0000000000
96656  -28.254  53.440  -26.430 0.0000000000
96662  -20.980  54.239  -26.643 0.0000000000
96663  -21.643  54.234  -26.694 0.0000000000
96664  -22.479  54.242  -26.780 0.0000000000
96665  -23.368  54.231  -26.874 0.0000000000
96666  -24.303  54.096  -27.009 0.0000000000
96667  -25.218  53.948  -27.365 0.0000000000
96668  -26.095  53.921  -27.634 0.0000000000
96669  -27.001  54.025  -27.148 0.0000000000
96670  -27.920  54.211  -26.723 0.0000000000
96679  -17.024  54.681  -28.076 0.0000000000
96680  -17.762  54.486  -27.428 0.0000000000
96681  -18.597  54.459  -26.971 0.0000000000
96682  -19.510  54.500  -26.785 0.0000000000
96683  -20.461  54.525  -26.720 0.0000000000
96684  -21.377  54.721  -26.826 0.0000000000
96685  -22.241  54.767  -27.006 0.0000000000
96686  -23.162  54.742  -27.183 0.0000000000
96687  -24.133  54.658  -27.397 0.0000000000
96688  -25.013  54.382  -27.783 0.0000000000
96689  -25.567  54.080  -27.982 0.0000000000
96700  -16.353  54.701  -29.242 0.0000000000
96701  -16.627  54.413  -28.661 0.0000000000
96712  -15.401  54.595  -30.540 0.0000000000
96713  -15.980  54.634  -29.976 0.0000000000
96724  -7.980  54.487  -30.375 0.0000000000
96725  -8.770  54.511  -30.544 0.0000000000
96726  -9.489  54.471  -30.936 0.0000000000
96727  -14.514  55.338  -31.555 0.0000000000
96728  -14.827  54.792  -31.226 0.0000000000
96735  -9.963  54.420  -31.712 0.0000000000
96736  -14.195  54.809  -32.034 0.0000000000
96737  -14.367  54.016  -31.530 0.0000000000
96742  -10.160  54.357  -32.819 0.0000000000
96743  -12.711  55.272  -33.246 0.0000000000
96744  -13.352  54.603  -32.985 0.0000000000
96748  -10.190  54.277  -33.846 0.0000000000
96749  -10.812  54.378  -34.164 0.0000000000
96750  -11.994  54.526  -33.655 0.0000000000
96751  -12.762  53.771  -33.429 0.0000000000
97094  -16.583  56.063  -27.283 0.0000000000
97095  -17.022  55.903  -27.080 0.0000000000
97096  -17.864  55.778  -26.808 0.0000000000
97097  -18.795  55.811  -26.717 0.0000000000
97098  -19.712  55.839  -26.683 0.0000000000
97099  -20.569  55.859  -26.689 0.0000000000
97100  -21.301  55.919  -26.747 0.0000000000
97101  -26.221  54.282  -28.025 0.0000000000
97102  -26.539  54.517  -27.735 0.0000000000
97103  -27.438  55.102  -27.302 0.0000000000
97112  -16.018  56.149  -28.264 0.0000000000
97113  -16.583  55.827  -27.929 0.0000000000
97114  -17.384  55.289  -27.373 0.0000000000
97115  -18.234  55.135  -26.980 0.0000000000
97116  -19.159  55.143  -26.839 0.0000000000
97117  -20.070  55.173  -26.784 0.0000000000
97118  -20.959  55.259  -26.794 0.0000000000
97119  -21.904  55.502  -26.941 0.0000000000
97120  -22.864  55.440  -27.198 0.0000000000
97121  -23.850  55.383  -27.446 0.0000000000
97122  -24.817  55.167  -27.929 0.0000000000
97123  -25.924  54.748  -28.271 0.0000000000
97124  -26.834  55.358  -27.843 0.0000000000
97125  -27.300  55.619  -27.605 0.0000000000
97134  -15.298  56.071  -29.164 0.0000000000
97135  -15.869  55.743  -28.875 0.0000000000
97136  -16.533  55.114  -28.616 0.0000000000
97143  -14.494  56.106  -30.113 0.0000000000
97144  -15.238  55.678  -29.879 0.0000000000
97145  -15.933  55.239  -29.553 0.0000000000
97158  -8.327  55.508  -30.468 0.0000000000
97159  -9.187  55.605  -30.886 0.0000000000
97160  -9.713  55.209  -31.374 0.0000000000
97161  -14.632  55.751  -30.908 0.0000000000
97162  -15.199  55.277  -30.748 0.0000000000
97174  -9.610  55.962  -31.619 0.0000000000
97175  -9.928  55.443  -32.334 0.0000000000
97176  -13.536  56.432  -32.086 0.0000000000
97177  -14.057  55.885  -31.851 0.0000000000
97182  -9.999  55.260  -33.494 0.0000000000
97183  -13.211  55.974  -32.783 0.0000000000
97184  -13.793  55.346  -32.475 0.0000000000
97188  -10.249  55.521  -34.229 0.0000000000
97189  -11.053  55.871  -34.340 0.0000000000
97190  -12.160  55.949  -33.550 0.0000000000
97194  -10.273  56.225  -34.788 0.0000000000
97195  -10.497  56.518  -34.824 0.0000000000
97545  -15.787  57.371  -26.086 0.0000000000
97546  -16.208  57.074  -26.055 0.0000000000
97547  -17.067  56.940  -26.038 0.0000000000
97548  -17.984  56.988  -26.062 0.0000000000
97549  -18.761  56.998  -26.042 0.0000000000
97553  -14.689  57.222  -26.761 0.0000000000
97554  -15.351  56.983  -26.500 0.0000000000
97555  -16.414  56.364  -26.722 0.0000000000
97556  -17.452  56.377  -26.518 0.0000000000
97557  -18.377  56.412  -26.426 0.0000000000
97558  -19.358  56.565  -26.308 0.0000000000
97559  -20.257  56.481  -26.393 0.0000000000
97560  -21.077  56.526  -26.439 0.0000000000
97561  -21.970  56.503  -26.639 0.0000000000
97562  -22.764  56.762  -26.842 0.0000000000
97572  -14.114  57.209  -27.681 0.0000000000
97573  -14.627  56.960  -27.363 0.0000000000
97574  -15.717  56.329  -27.613 0.0000000000
97575  -16.317  56.147  -27.386 0.0000000000
97576  -22.579  56.105  -27.038 0.0000000000
97577  -23.446  56.353  -27.207 0.0000000000
97578  -24.542  56.188  -27.572 0.0000000000
97579  -25.520  56.035  -27.960 0.0000000000
97580  -26.399  56.106  -28.094 0.0000000000
97581  -27.303  56.276  -27.686 0.0000000000
97582  -27.536  55.779  -27.491 0.0000000000
97590  -14.305  56.915  -28.181 0.0000000000
97591  -15.035  56.375  -28.502 0.0000000000
97592  -15.679  56.224  -28.364 0.0000000000
97601  -13.544  56.991  -29.420 0.0000000000
97602  -14.071  56.624  -29.214 0.0000000000
97603  -14.913  56.218  -29.219 0.0000000000
97616  -8.648  56.606  -30.861 0.0000000000
97617  -9.312  56.712  -31.511 0.0000000000
97618  -13.502  56.964  -29.933 0.0000000000
97619  -14.012  56.354  -30.406 0.0000000000
97631  -9.630  56.706  -32.496 0.0000000000
97632  -9.787  56.052  -33.227 0.0000000000
97633  -13.428  56.695  -31.166 0.0000000000
97634  -14.083  56.199  -31.114 0.0000000000
97641  -9.462  56.850  -33.670 0.0000000000
97642  -9.691  56.078  -34.102 0.0000000000
97643  -12.971  56.918  -32.238 0.0000000000
97644  -9.193  56.798  -34.712 0.0000000000
97645  -9.710  56.385  -34.862 0.0000000000
97646  -11.642  56.908  -34.084 0.0000000000
97647  -12.294  57.125  -33.222 0.0000000000
97648  -9.076  56.739  -35.715 0.0000000000
97649  -10.012  56.888  -35.418 0.0000000000
97650  -10.872  57.104  -34.740 0.0000000000
97651  -8.950  57.106  -36.228 0.0000000000
97652  -9.313  57.147  -36.020 0.0000000000
98002  -16.139  57.620  -25.916 0.0000000000
98003  -16.792  57.645  -25.813 0.0000000000
98004  -17.665  57.657  -25.717 0.0000000000
98005  -18.567  57.612  -25.672 0.0000000000
98006  -19.496  57.447  -25.736 0.0000000000
98007  -20.386  57.609  -25.729 0.0000000000
98008  -20.998  57.726  -25.877 0.0000000000
98014  -14.221  57.972  -26.650 0.0000000000
98015  -14.638  57.747  -26.495 0.0000000000
98016  -15.608  57.885  -26.051 0.0000000000
98017  -20.051  57.031  -26.045 0.0000000000
98018  -20.730  57.120  -26.098 0.0000000000
98019  -21.548  57.414  -26.231 0.0000000000
98020  -22.475  57.457  -26.520 0.0000000000
98021  -23.311  57.414  -26.875 0.0000000000
98031  -13.485  57.748  -27.703 0.0000000000
98032  -13.958  57.733  -27.118 0.0000000000
98033  -14.408  57.380  -26.894 0.0000000000
98034  -24.212  57.264  -27.281 0.0000000000
98035  -25.183  57.163  -27.713 0.0000000000
98036  -26.001  57.157  -28.228 0.0000000000
98037  -26.806  57.263  -28.035 0.0000000000
98048  -13.223  57.697  -28.198 0.0000000000
98049  -13.750  57.277  -28.094 0.0000000000
98057  -13.101  57.366  -29.117 0.0000000000
98058  -13.499  57.232  -28.654 0.0000000000
98067  -8.181  57.483  -30.791 0.0000000000
98068  -9.069  57.798  -31.548 0.0000000000
98069  -9.483  57.448  -32.142 0.0000000000
98070  -12.191  58.036  -30.721 0.0000000000
98071  -12.730  57.542  -30.224 0.0000000000
98081  -11.919  58.204  -31.531 0.0000000000
98082  -12.580  57.481  -31.392 0.0000000000
98089  -9.181  57.312  -34.111 0.0000000000
98090  -11.652  58.376  -32.584 0.0000000000
98091  -12.263  57.658  -32.378 0.0000000000
98096  -8.888  57.443  -34.587 0.0000000000
98097  -11.317  58.432  -33.979 0.0000000000
98098  -11.890  57.870  -33.073 0.0000000000
98099  -8.546  57.823  -35.708 0.0000000000
98100  -8.701  57.264  -35.401 0.0000000000
98101  -9.667  57.727  -35.834 0.0000000000
98102  -10.404  58.056  -35.267 0.0000000000
98103  -8.644  58.017  -36.027 0.0000000000
98104  -8.639  57.341  -36.063 0.0000000000
98105  -9.052  57.739  -36.220 0.0000000000
98437  -16.439  58.202  -25.805 0.0000000000
98438  -17.337  58.450  -25.627 0.0000000000
98439  -18.301  58.403  -25.489 0.0000000000
98440  -19.227  58.323  -25.448 0.0000000000
98441  -20.107  58.267  -25.516 0.0000000000
98442  -20.817  58.251  -25.682 0.0000000000
98443  -21.373  58.285  -25.994 0.0000000000
98449  -14.305  58.503  -26.506 0.0000000000
98450  -15.212  58.654  -26.207 0.0000000000
98451  -16.117  58.791  -25.969 0.0000000000
98452  -16.802  58.859  -25.739 0.0000000000
98453  -22.132  58.326  -26.271 0.0000000000
98454  -23.033  58.320  -26.579 0.0000000000
98455  -23.879  58.275  -27.064 0.0000000000
98462  -13.259  58.368  -27.476 0.0000000000
98463  -13.695  58.607  -26.850 0.0000000000
98464  -24.764  58.193  -27.604 0.0000000000
98465  -25.581  58.171  -28.223 0.0000000000
98466  -26.434  58.401  -28.624 0.0000000000
98479  -12.110  58.784  -28.640 0.0000000000
98480  -12.626  58.358  -28.247 0.0000000000
98481  -26.691  59.078  -28.878 0.0000000000
98492  -11.812  58.817  -29.332 0.0000000000
98493  -12.336  58.131  -29.239 0.0000000000
98505  -8.485  58.429  -31.133 0.0000000000
98506  -11.639  58.785  -30.428 0.0000000000
98507  -12.106  58.235  -29.986 0.0000000000
98517  -11.230  59.073  -31.612 0.0000000000
98839  -17.389  59.202  -25.714 0.0000000000
98840  -18.103  59.187  -25.601 0.0000000000
98841  -18.999  59.152  -25.558 0.0000000000
98842  -19.900  59.053  -25.654 0.0000000000
98843  -20.702  58.882  -25.803 0.0000000000
98844  -21.124  58.683  -25.889 0.0000000000
98848  -13.428  59.740  -26.824 0.0000000000
98849  -14.015  59.457  -26.561 0.0000000000
98850  -14.963  59.495  -26.341 0.0000000000
98851  -15.910  59.578  -26.142 0.0000000000
98852  -16.908  59.611  -25.995 0.0000000000
98853  -17.907  59.792  -26.050 0.0000000000
98854  -18.797  59.835  -26.015 0.0000000000
98855  -19.712  59.796  -26.033 0.0000000000
98856  -20.655  59.690  -26.123 0.0000000000
98857  -21.620  59.254  -26.172 0.0000000000
98858  -22.691  59.168  -26.517 0.0000000000
98859  -23.483  59.163  -26.962 0.0000000000
98865  -12.244  59.809  -27.704 0.0000000000
98866  -12.805  59.396  -27.357 0.0000000000
98867  -13.371  59.099  -26.958 0.0000000000
98868  -24.336  59.157  -27.538 0.0000000000
98869  -25.117  59.009  -28.186 0.0000000000
98870  -25.721  59.092  -28.763 0.0000000000
98882  -11.806  59.581  -28.424 0.0000000000
98883  -12.258  59.164  -28.043 0.0000000000
98884  -26.340  59.446  -28.939 0.0000000000
98894  -10.964  60.141  -29.688 0.0000000000
98895  -11.346  59.666  -29.389 0.0000000000
98906  -8.315  59.254  -30.987 0.0000000000
98907  -10.704  60.285  -30.185 0.0000000000
98908  -11.048  59.652  -30.426 0.0000000000
98917  -8.728  59.091  -31.528 0.0000000000
98918  -10.537  60.109  -31.300 0.0000000000
99250  -13.266  60.373  -26.910 0.0000000000
99251  -13.992  60.393  -26.702 0.0000000000
99252  -14.828  60.369  -26.578 0.0000000000
99253  -15.763  60.411  -26.456 0.0000000000
99254  -16.737  60.436  -26.427 0.0000000000
99255  -17.702  60.467  -26.479 0.0000000000
99256  -18.626  60.551  -26.481 0.0000000000
99257  -19.550  60.579  -26.447 0.0000000000
99258  -20.463  60.493  -26.520 0.0000000000
99259  -21.522  60.508  -26.950 0.0000000000
99260  -22.550  59.989  -26.963 0.0000000000
99261  -23.098  59.635  -26.987 0.0000000000
99270  -11.954  60.524  -27.649 0.0000000000
99271  -12.633  60.447  -27.233 0.0000000000
99272  -21.842  60.977  -27.705 0.0000000000
99273  -22.499  60.794  -28.029 0.0000000000
99274  -23.626  60.080  -27.755 0.0000000000
99275  -24.764  59.795  -28.373 0.0000000000
99276  -25.326  59.532  -28.641 0.0000000000
99290  -10.989  60.866  -28.709 0.0000000000
99291  -11.373  60.499  -28.414 0.0000000000
99292  -22.830  61.176  -28.856 0.0000000000
99293  -23.463  60.898  -28.872 0.0000000000
99294  -24.548  60.675  -28.992 0.0000000000
99295  -25.676  60.216  -29.110 0.0000000000
99296  -26.699  60.401  -29.055 0.0000000000
99305  -10.722  60.799  -29.377 0.0000000000
99306  -11.069  60.382  -29.108 0.0000000000
99316  -8.103  60.190  -30.985 0.0000000000
99317  -10.417  60.863  -30.204 0.0000000000
99324  -8.690  60.044  -32.055 0.0000000000
99325  -9.079  59.032  -32.161 0.0000000000
99630  -13.208  61.086  -27.033 0.0000000000
99631  -13.911  61.147  -26.975 0.0000000000
99632  -14.758  61.164  -26.970 0.0000000000
99633  -15.677  61.198  -26.915 0.0000000000
99634  -16.644  61.207  -26.922 0.0000000000
99635  -17.603  61.178  -27.022 0.0000000000
99636  -18.517  61.202  -27.087 0.0000000000
99637  -19.432  61.280  -27.128 0.0000000000
99638  -20.351  61.199  -27.086 0.0000000000
99639  -20.945  60.962  -26.996 0.0000000000
99647  -11.235  61.793  -28.005 0.0000000000
99648  -11.703  61.505  -27.666 0.0000000000
99649  -12.714  61.538  -27.281 0.0000000000
99650  -13.751  61.837  -27.327 0.0000000000
99651  -14.661  61.910  -27.409 0.0000000000
99652  -15.599  61.965  -27.396 0.0000000000
99653  -16.579  62.019  -27.354 0.0000000000
99654  -17.590  62.008  -27.445 0.0000000000
99655  -18.517  61.927  -27.602 0.0000000000
99656  -19.327  61.851  -27.784 0.0000000000
99657  -20.303  61.872  -28.196 0.0000000000
99658  -21.335  61.353  -27.796 0.0000000000
99659  -21.976  61.173  -28.102 0.0000000000
99671  -10.801  61.556  -28.542 0.0000000000
99672  -11.170  61.214  -28.225 0.0000000000
99673  -20.741  62.325  -28.941 0.0000000000
99674  -21.298  62.035  -28.846 0.0000000000
99675  -22.280  61.615  -28.750 0.0000000000
99676  -23.312  61.693  -29.218 0.0000000000
99677  -24.299  61.617  -29.512 0.0000000000
99678  -25.534  61.623  -29.956 0.0000000000
99679  -26.545  61.204  -29.717 0.0000000000
99689  -10.023  62.063  -29.781 0.0000000000
99690  -10.352  61.671  -29.353 0.0000000000
99691  -26.080  62.262  -30.559 0.0000000000
99692  -26.538  62.043  -30.310 0.0000000000
99704  -7.495  61.378  -30.974 0.0000000000
99705  -7.809  60.785  -30.983 0.0000000000
99706  -9.840  62.012  -30.455 0.0000000000
99707  -10.131  61.491  -30.245 0.0000000000
99716  -7.755  61.683  -31.725 0.0000000000
99717  -8.065  61.196  -31.782 0.0000000000
99718  -9.791  61.883  -31.407 0.0000000000
99719  -10.007  61.456  -30.926 0.0000000000
99723  -7.646  61.846  -34.501 0.0000000000
99724  -8.097  61.275  -33.384 0.0000000000
99725  -9.797  61.556  -32.717 0.0000000000
99726  -10.202  61.025  -31.753 0.0000000000
99727  -7.699  61.965  -35.008 0.0000000000
99728  -8.426  61.178  -34.593 0.0000000000
99729  -9.543  61.188  -34.288 0.0000000000
99730  -10.542  60.035  -33.249 0.0000000000
100053  -11.087  62.249  -28.103 0.0000000000
100054  -11.710  62.553  -27.771 0.0000000000
100055  -12.588  62.591  -27.536 0.0000000000
100056  -13.576  62.687  -27.547 0.0000000000
100057  -14.528  62.744  -27.697 0.0000000000
100058  -15.484  62.813  -27.710 0.0000000000
100059  -16.477  62.837  -27.713 0.0000000000
100060  -17.530  62.808  -27.869 0.0000000000
100061  -18.651  62.762  -28.132 0.0000000000
100062  -19.361  62.426  -28.271 0.0000000000
100063  -19.794  62.193  -28.388 0.0000000000
100064  -22.824  62.994  -28.685 0.0000000000
100065  -23.191  63.019  -28.617 0.0000000000
100075  -10.665  62.558  -28.463 0.0000000000
100076  -11.284  62.867  -28.037 0.0000000000
100077  -19.114  63.082  -28.488 0.0000000000
100078  -19.437  62.958  -28.693 0.0000000000
100079  -20.193  62.614  -28.960 0.0000000000
100080  -21.122  62.618  -29.377 0.0000000000
100081  -22.100  62.608  -29.116 0.0000000000
100082  -23.162  62.569  -28.903 0.0000000000
100083  -24.148  62.506  -29.226 0.0000000000
100084  -25.046  62.591  -29.830 0.0000000000
100095  -9.820  62.658  -29.835 0.0000000000
100096  -10.172  62.602  -29.173 0.0000000000
100097  -25.799  62.788  -30.505 0.0000000000
100110  -7.145  62.401  -31.077 0.0000000000
100111  -9.502  62.655  -30.701 0.0000000000
100118  -7.644  62.338  -32.247 0.0000000000
100119  -7.809  61.767  -32.077 0.0000000000
100120  -9.425  62.581  -31.941 0.0000000000
100121  -7.656  62.371  -33.887 0.0000000000
100122  -7.803  61.804  -32.688 0.0000000000
100123  -9.302  62.466  -33.332 0.0000000000
100124  -7.252  62.487  -35.021 0.0000000000
100125  -8.078  62.489  -35.021 0.0000000000
100126  -8.774  62.391  -34.349 0.0000000000
100399  -11.825  63.469  -27.848 0.0000000000
100400  -12.516  63.445  -27.738 0.0000000000
100401  -13.503  63.755  -27.962 0.0000000000
100402  -14.372  63.542  -28.076 0.0000000000
100403  -15.322  63.658  -28.160 0.0000000000
100404  -16.301  63.627  -27.971 0.0000000000
100405  -17.349  63.646  -27.965 0.0000000000
100406  -18.576  63.586  -28.186 0.0000000000
100407  -19.200  63.825  -28.375 0.0000000000
100408  -20.827  63.777  -28.772 0.0000000000
100409  -21.499  63.650  -28.690 0.0000000000
100410  -22.347  63.434  -28.499 0.0000000000
100411  -23.349  63.504  -28.274 0.0000000000
100412  -23.894  63.802  -28.173 0.0000000000
100420  -9.977  63.859  -29.070 0.0000000000
100421  -10.449  63.566  -28.610 0.0000000000
100422  -11.205  63.544  -28.145 0.0000000000
100423  -13.903  64.332  -28.637 0.0000000000
100424  -14.311  64.192  -28.601 0.0000000000
100425  -14.883  64.077  -28.568 0.0000000000
100426  -18.944  63.215  -28.361 0.0000000000
100427  -19.335  63.476  -28.544 0.0000000000
100428  -20.088  63.506  -28.963 0.0000000000
100429  -20.869  63.294  -29.374 0.0000000000
100430  -21.609  63.138  -29.249 0.0000000000
100431  -23.432  63.093  -28.599 0.0000000000
100432  -24.024  63.358  -28.601 0.0000000000
100433  -24.891  63.474  -29.321 0.0000000000
100443  -9.584  63.512  -29.829 0.0000000000
100444  -9.984  63.222  -29.268 0.0000000000
100445  -25.670  63.638  -30.097 0.0000000000
100459  -6.375  63.520  -31.077 0.0000000000
100460  -6.836  62.988  -31.106 0.0000000000
100461  -8.876  63.984  -31.754 0.0000000000
100462  -9.150  63.529  -31.024 0.0000000000
100468  -6.861  63.962  -31.886 0.0000000000
100469  -7.242  63.478  -32.049 0.0000000000
100470  -8.643  63.958  -32.780 0.0000000000
100471  -9.100  63.345  -32.452 0.0000000000
100475  -7.549  63.420  -33.725 0.0000000000
100476  -8.196  63.795  -33.873 0.0000000000
100477  -8.749  63.230  -33.648 0.0000000000
100478  -7.333  62.947  -34.523 0.0000000000
100479  -7.716  63.257  -34.769 0.0000000000
100480  -8.478  63.218  -34.629 0.0000000000
100739  -17.305  64.844  -27.235 0.0000000000
100740  -17.766  65.296  -26.997 0.0000000000
100753  -11.851  64.172  -28.021 0.0000000000
100754  -12.524  64.162  -27.986 0.0000000000
100755  -13.013  64.058  -27.957 0.0000000000
100756  -15.384  64.550  -28.326 0.0000000000
100757  -16.116  64.332  -27.968 0.0000000000
100758  -16.985  64.289  -27.727 0.0000000000
100759  -18.198  64.590  -27.504 0.0000000000
100760  -19.430  64.408  -28.156 0.0000000000
100761  -20.419  64.373  -28.437 0.0000000000
100762  -21.295  64.310  -28.246 0.0000000000
100763  -22.064  64.192  -27.867 0.0000000000
100764  -22.974  64.124  -27.550 0.0000000000
100776  -9.731  64.457  -29.289 0.0000000000
100777  -10.376  64.608  -28.741 0.0000000000
100778  -11.341  64.595  -28.367 0.0000000000
100779  -12.443  64.836  -28.423 0.0000000000
100780  -13.430  64.650  -28.567 0.0000000000
100781  -14.255  64.717  -29.021 0.0000000000
100782  -14.825  64.677  -28.819 0.0000000000
100783  -19.427  63.902  -28.471 0.0000000000
100784  -19.742  63.931  -28.589 0.0000000000
100785  -24.202  63.969  -28.204 0.0000000000
100795  -9.337  64.368  -30.031 0.0000000000
100810  -5.940  64.160  -31.040 0.0000000000
100811  -8.596  64.610  -31.788 0.0000000000
100812  -8.968  64.494  -30.858 0.0000000000
100817  -6.124  65.252  -31.609 0.0000000000
100818  -6.648  64.697  -32.063 0.0000000000
100819  -6.996  64.137  -32.415 0.0000000000
100820  -8.226  64.638  -32.887 0.0000000000
100824  -6.844  64.942  -33.239 0.0000000000
100825  -7.160  64.435  -33.261 0.0000000000
100826  -7.693  64.453  -33.545 0.0000000000
101071  -15.188  65.994  -27.216 0.0000000000
101072  -15.710  65.811  -26.970 0.0000000000
101073  -16.870  65.534  -26.758 0.0000000000
101074  -17.834  65.996  -26.774 0.0000000000
101086  -14.419  65.911  -28.278 0.0000000000
101087  -14.944  65.489  -28.048 0.0000000000
101088  -15.937  65.026  -27.589 0.0000000000
101089  -16.641  64.761  -27.448 0.0000000000
101090  -18.450  65.764  -27.237 0.0000000000
101091  -19.242  65.604  -27.724 0.0000000000
101105  -9.511  64.930  -29.522 0.0000000000
101106  -10.034  65.546  -29.161 0.0000000000
101107  -11.114  65.571  -28.770 0.0000000000
101108  -12.151  65.616  -28.719 0.0000000000
101109  -13.162  65.594  -28.981 0.0000000000
101110  -14.195  65.568  -28.893 0.0000000000
101111  -14.641  65.128  -28.906 0.0000000000
101122  -9.267  65.380  -30.021 0.0000000000
101123  -9.675  66.068  -29.583 0.0000000000
101138  -8.315  65.514  -31.751 0.0000000000
101139  -8.772  65.164  -30.943 0.0000000000
101148  -6.324  65.662  -32.332 0.0000000000
101149  -7.279  65.800  -33.331 0.0000000000
101150  -7.769  65.310  -33.042 0.0000000000
101154  -6.696  65.523  -33.123 0.0000000000
101155  -6.980  65.308  -33.607 0.0000000000
101156  -7.364  65.057  -33.549 0.0000000000
101392  -13.887  67.016  -27.950 0.0000000000
101393  -14.406  66.608  -27.608 0.0000000000
101394  -14.925  66.161  -27.358 0.0000000000
101409  -10.996  66.540  -29.072 0.0000000000
101410  -11.862  66.469  -28.940 0.0000000000
101411  -12.767  66.505  -29.016 0.0000000000
101412  -13.681  66.528  -28.566 0.0000000000
101413  -14.196  66.136  -28.421 0.0000000000
101422  -8.935  67.170  -30.336 0.0000000000
101423  -9.290  66.660  -29.978 0.0000000000
101424  -10.164  66.713  -29.366 0.0000000000
101438  -8.550  66.688  -30.952 0.0000000000
101439  -8.801  65.873  -30.649 0.0000000000
101448  -5.957  66.252  -32.317 0.0000000000
101449  -7.197  66.629  -33.052 0.0000000000
101450  -7.702  66.390  -32.247 0.0000000000
101451  -5.925  66.745  -32.840 0.0000000000
101452  -6.347  66.322  -33.065 0.0000000000
101453  -6.794  66.328  -33.295 0.0000000000
101454  -5.993  66.699  -33.162 0.0000000000
101455  -6.379  66.687  -33.076 0.0000000000
101456  -6.690  66.707  -33.212 0.0000000000
101689  -11.716  67.205  -29.170 0.0000000000
101690  -12.365  67.302  -29.103 0.0000000000
101691  -13.022  67.584  -28.756 0.0000000000
101692  -13.564  67.335  -28.153 0.0000000000
101700  -9.250  67.688  -30.058 0.0000000000
101701  -10.035  67.699  -29.624 0.0000000000
101702  -11.142  67.632  -29.452 0.0000000000
101703  -12.147  67.798  -29.681 0.0000000000
101704  -12.643  67.940  -29.465 0.0000000000
101715  -8.721  67.649  -30.610 0.0000000000
101722  -5.702  67.391  -32.469 0.0000000000
101723  -7.427  67.450  -32.371 0.0000000000
101724  -8.152  67.545  -31.464 0.0000000000
101725  -6.107  67.140  -33.215 0.0000000000
101726  -6.478  67.192  -33.141 0.0000000000
101727  -6.837  67.213  -33.104 0.0000000000
101728  -6.146  66.887  -33.098 0.0000000000
101729  -6.478  66.940  -33.131 0.0000000000
101730  -6.912  66.876  -33.267 0.0000000000
102010  -12.746  68.543  -29.252 0.0000000000
102021  -9.003  68.276  -30.297 0.0000000000
102022  -9.760  68.601  -30.107 0.0000000000
102023  -10.882  68.563  -29.912 0.0000000000
102024  -11.879  68.442  -30.080 0.0000000000
102025  -12.592  68.455  -29.996 0.0000000000
102035  -8.491  68.487  -30.848 0.0000000000
102036  -9.071  68.849  -30.402 0.0000000000
102040  -5.669  68.334  -32.235 0.0000000000
102041  -6.501  68.540  -32.525 0.0000000000
102042  -7.122  68.367  -32.498 0.0000000000
102043  -7.850  68.449  -31.753 0.0000000000
102044  -5.887  67.707  -32.959 0.0000000000
102045  -6.194  67.818  -33.052 0.0000000000
102046  -6.614  67.824  -32.977 0.0000000000
102353  -9.406  69.586  -30.291 0.0000000000
102354  -10.580  69.511  -30.183 0.0000000000
102355  -11.632  69.292  -30.249 0.0000000000
102356  -12.309  69.031  -30.251 0.0000000000
102359  -7.377  69.742  -31.393 0.0000000000
102360  -8.023  69.324  -31.047 0.0000000000
102361  -8.689  69.215  -30.560 0.0000000000
102364  -5.096  69.500  -31.630 0.0000000000
102365  -6.188  69.364  -31.939 0.0000000000
102366  -6.948  69.502  -32.104 0.0000000000
102367  -7.526  69.169  -31.880 0.0000000000
102683  -8.222  70.816  -30.077 0.0000000000
102684  -8.848  70.521  -30.000 0.0000000000
102685  -10.111  70.472  -29.857 0.0000000000
102689  -6.177  70.784  -31.308 0.0000000000
102690  -6.777  70.413  -31.240 0.0000000000
102691  -7.838  70.352  -30.529 0.0000000000
102692  -8.555  69.797  -30.466 0.0000000000
102695  -4.409  70.538  -31.604 0.0000000000
102696  -5.801  70.358  -31.478 0.0000000000
102697  -6.511  69.884  -31.681 0.0000000000
102954  -7.859  71.768  -29.820 0.0000000000
102955  -8.344  71.456  -29.765 0.0000000000
102956  -9.588  71.433  -29.573 0.0000000000
102960  -5.435  71.688  -31.145 0.0000000000
102961  -6.050  71.388  -31.016 0.0000000000
102962  -7.379  71.479  -30.293 0.0000000000
102963  -7.941  71.020  -30.163 0.0000000000
102965  -3.725  71.394  -31.675 0.0000000000
102966  -4.979  71.431  -31.385 0.0000000000
102967  -5.818  70.989  -31.347 0.0000000000
103157  -5.642  73.100  -30.087 0.0000000000
103158  -6.795  72.920  -29.643 0.0000000000
103159  -7.902  72.449  -29.563 0.0000000000
103160  -9.213  72.463  -29.398 0.0000000000
103165  -4.095  72.724  -31.252 0.0000000000
103166  -5.204  72.265  -30.956 0.0000000000
103167  -6.397  72.227  -30.346 0.0000000000
103168  -7.133  72.241  -29.945 0.0000000000
103170  -3.880  72.055  -31.510 0.0000000000
103171  -4.500  72.142  -31.343 0.0000000000
103318  -4.564  73.356  -30.682 0.0000000000
105427  -11.606  44.254  -34.903 0.0000000000
105428  -11.917  44.099  -35.266 0.0000000000
105429  -11.371  44.243  -34.508 0.0000000000
105430  -11.744  44.656  -35.029 0.0000000000
105431  -12.206  44.664  -34.995 0.0000000000
105432  -14.382  45.391  -32.537 0.0000000000
105433  -11.450  44.436  -33.886 0.0000000000
105434  -13.002  43.756  -34.571 0.0000000000
105435  -12.836  44.689  -34.927 0.0000000000
105436  -11.320  44.507  -34.215 0.0000000000
105437  -13.227  43.626  -34.276 0.0000000000
105438  -11.403  44.670  -33.949 0.0000000000
105439  -12.710  45.860  -34.697 0.0000000000
105440  -13.875  45.427  -33.447 0.0000000000
105441  -12.965  45.208  -34.860 0.0000000000
105442  -13.072  44.173  -34.620 0.0000000000
105443  -13.236  43.965  -34.456 0.0000000000
105444  -13.527  44.330  -34.015 0.0000000000
105445  -13.278  45.198  -34.498 0.0000000000
105517  -9.285  58.467  -32.083 0.0000000000
105518  -9.065  58.253  -33.389 0.0000000000
105519  -8.919  58.571  -31.651 0.0000000000
105520  -8.395  59.713  -34.610 0.0000000000
105521  -10.792  59.520  -32.236 0.0000000000
105522  -8.864  59.371  -32.741 0.0000000000
105523  -11.149  59.094  -32.769 0.0000000000
105524  -10.203  60.953  -30.865 0.0000000000
105525  -8.587  57.876  -34.999 0.0000000000
105526  -8.667  59.977  -35.221 0.0000000000
105527  -8.531  60.016  -33.559 0.0000000000
105528  -9.882  58.492  -35.748 0.0000000000
105529  -9.447  58.206  -36.016 0.0000000000
105530  -8.968  59.657  -35.548 0.0000000000
105531  -9.184  60.294  -35.253 0.0000000000
105532  -9.477  58.754  -35.895 0.0000000000
105533  -10.699  59.362  -34.228 0.0000000000
105534  -9.207  58.303  -36.110 0.0000000000
105535  -8.506  58.851  -35.476 0.0000000000
105536  -9.371  59.731  -35.538 0.0000000000
105537  -10.165  59.536  -35.201 0.0000000000
105538  -8.959  58.506  -36.050 0.0000000000
105539  -9.216  59.239  -35.748 0.0000000000
