#!ascii label  , from subject FREESURFER vox2ras=TkReg 
1787
40218  -40.527  -21.243  44.876 0.0000000000
40219  -40.861  -21.348  44.716 0.0000000000
40220  -41.579  -21.646  44.424 0.0000000000
40221  -42.157  -21.912  44.188 0.0000000000
40225  -40.474  -21.486  44.485 0.0000000000
40226  -41.004  -21.875  44.063 0.0000000000
40227  -41.719  -22.128  43.743 0.0000000000
40228  -42.584  -22.086  43.619 0.0000000000
40229  -43.364  -21.881  43.295 0.0000000000
40236  -40.396  -21.751  43.561 0.0000000000
40237  -40.959  -22.038  42.913 0.0000000000
40238  -41.893  -22.242  42.752 0.0000000000
40239  -42.872  -22.196  42.487 0.0000000000
40240  -43.678  -21.834  42.677 0.0000000000
40247  -41.248  -22.055  42.033 0.0000000000
40248  -41.911  -22.023  41.683 0.0000000000
40249  -42.643  -21.826  41.430 0.0000000000
41037  -40.102  -20.814  45.246 0.0000000000
41038  -41.335  -20.823  44.902 0.0000000000
41039  -42.119  -21.404  44.373 0.0000000000
41040  -42.456  -21.715  44.079 0.0000000000
41046  -38.318  -20.653  42.571 0.0000000000
41047  -39.614  -21.366  43.904 0.0000000000
41048  -41.510  -20.351  44.523 0.0000000000
41049  -42.023  -20.734  44.284 0.0000000000
41050  -42.942  -21.263  43.859 0.0000000000
41051  -44.147  -21.202  43.151 0.0000000000
41052  -44.873  -20.597  42.811 0.0000000000
41053  -45.142  -20.412  42.707 0.0000000000
41059  -38.831  -20.552  41.014 0.0000000000
41060  -39.895  -21.444  42.186 0.0000000000
41061  -40.715  -21.858  42.006 0.0000000000
41062  -43.432  -21.753  41.814 0.0000000000
41063  -44.147  -21.450  42.282 0.0000000000
41064  -44.839  -20.943  42.437 0.0000000000
41065  -45.065  -20.612  42.622 0.0000000000
41074  -38.875  -20.566  39.850 0.0000000000
41075  -39.652  -21.034  40.489 0.0000000000
41076  -40.818  -21.600  40.987 0.0000000000
41077  -41.933  -21.470  40.691 0.0000000000
41078  -42.953  -21.167  40.692 0.0000000000
41079  -43.934  -21.223  41.437 0.0000000000
41080  -44.487  -21.163  41.925 0.0000000000
41090  -38.875  -20.633  39.260 0.0000000000
41091  -39.352  -20.812  39.421 0.0000000000
41092  -40.151  -21.082  39.597 0.0000000000
41093  -41.191  -20.997  39.632 0.0000000000
41094  -42.101  -20.827  40.021 0.0000000000
41103  -38.947  -20.715  38.772 0.0000000000
41104  -39.587  -20.850  38.676 0.0000000000
41105  -40.381  -20.774  38.612 0.0000000000
41106  -41.225  -20.403  38.542 0.0000000000
41109  -39.047  -20.791  38.024 0.0000000000
41110  -39.727  -20.721  37.794 0.0000000000
41111  -40.579  -20.328  37.600 0.0000000000
41112  -41.393  -19.951  37.789 0.0000000000
41116  -39.113  -20.785  37.174 0.0000000000
41117  -39.817  -20.490  36.818 0.0000000000
41118  -40.507  -20.039  36.747 0.0000000000
41128  -39.168  -20.580  36.429 0.0000000000
41129  -39.557  -20.340  36.046 0.0000000000
41851  -40.582  -20.111  45.308 0.0000000000
41862  -40.937  -19.642  44.555 0.0000000000
41863  -41.563  -19.947  43.831 0.0000000000
41864  -42.365  -20.207  43.330 0.0000000000
41865  -43.445  -20.263  42.991 0.0000000000
41866  -44.416  -20.156  42.952 0.0000000000
41867  -45.153  -19.858  42.784 0.0000000000
41868  -45.749  -19.339  42.470 0.0000000000
41876  -37.825  -20.085  40.982 0.0000000000
41877  -40.993  -19.208  43.392 0.0000000000
41878  -41.644  -19.070  42.741 0.0000000000
41879  -42.723  -19.382  42.521 0.0000000000
41880  -43.356  -19.449  42.501 0.0000000000
41881  -45.061  -20.728  42.158 0.0000000000
41882  -45.415  -20.327  42.344 0.0000000000
41883  -46.543  -19.349  42.046 0.0000000000
41884  -47.340  -19.216  41.501 0.0000000000
41892  -37.235  -19.625  39.831 0.0000000000
41893  -38.101  -20.164  39.932 0.0000000000
41894  -43.087  -20.694  40.325 0.0000000000
41895  -43.587  -20.683  40.546 0.0000000000
41896  -44.750  -20.640  41.422 0.0000000000
41897  -45.900  -20.179  41.338 0.0000000000
41898  -46.745  -19.696  41.093 0.0000000000
41899  -47.411  -19.357  40.762 0.0000000000
41907  -36.628  -19.297  38.673 0.0000000000
41908  -37.538  -19.811  38.864 0.0000000000
41909  -38.383  -20.380  39.013 0.0000000000
41910  -41.827  -20.402  39.303 0.0000000000
41911  -42.778  -20.283  39.788 0.0000000000
41912  -43.948  -19.900  39.822 0.0000000000
41913  -45.059  -19.964  40.403 0.0000000000
41914  -45.967  -19.815  40.365 0.0000000000
41915  -46.743  -19.590  40.217 0.0000000000
41916  -47.285  -19.392  40.145 0.0000000000
41926  -36.941  -19.495  37.566 0.0000000000
41927  -37.938  -20.140  38.070 0.0000000000
41928  -38.557  -20.516  38.286 0.0000000000
41929  -42.096  -19.800  38.493 0.0000000000
41930  -43.027  -19.460  38.871 0.0000000000
41931  -43.632  -19.271  38.822 0.0000000000
41940  -37.148  -19.713  36.484 0.0000000000
41941  -37.799  -20.126  37.072 0.0000000000
41942  -38.492  -20.508  37.542 0.0000000000
41943  -41.179  -19.715  37.026 0.0000000000
41944  -41.969  -19.471  37.379 0.0000000000
41945  -42.842  -19.143  37.706 0.0000000000
41946  -43.299  -19.164  38.314 0.0000000000
41951  -37.264  -19.849  35.628 0.0000000000
41952  -37.883  -20.217  36.083 0.0000000000
41953  -38.540  -20.498  36.634 0.0000000000
41954  -40.179  -20.001  36.111 0.0000000000
41955  -40.864  -19.476  36.264 0.0000000000
41956  -41.852  -18.987  36.464 0.0000000000
41957  -42.415  -19.035  36.988 0.0000000000
41962  -37.261  -19.901  34.835 0.0000000000
41963  -37.944  -20.195  35.118 0.0000000000
41964  -38.880  -20.348  35.561 0.0000000000
41965  -39.818  -19.866  35.410 0.0000000000
41966  -40.541  -19.422  35.522 0.0000000000
41967  -41.240  -18.961  35.623 0.0000000000
41976  -37.124  -19.951  34.046 0.0000000000
41977  -37.846  -20.147  34.222 0.0000000000
41978  -38.671  -20.096  34.435 0.0000000000
41979  -39.497  -19.757  34.623 0.0000000000
41980  -40.422  -19.228  34.629 0.0000000000
41981  -40.918  -19.093  35.095 0.0000000000
41993  -36.970  -19.922  33.223 0.0000000000
41994  -37.701  -20.105  33.381 0.0000000000
41995  -38.485  -19.981  33.575 0.0000000000
41996  -39.391  -19.520  33.638 0.0000000000
41997  -39.921  -19.361  34.108 0.0000000000
42009  -36.366  -19.567  31.717 0.0000000000
42010  -36.732  -19.827  32.319 0.0000000000
42011  -37.514  -20.013  32.549 0.0000000000
42012  -38.404  -19.790  32.749 0.0000000000
42013  -38.916  -19.665  33.134 0.0000000000
42025  -36.203  -19.649  30.964 0.0000000000
42026  -36.701  -19.865  31.355 0.0000000000
42027  -37.340  -19.930  31.725 0.0000000000
42028  -38.073  -19.729  31.979 0.0000000000
42035  -35.885  -19.703  30.133 0.0000000000
42036  -36.501  -19.780  30.577 0.0000000000
42037  -37.287  -19.725  30.885 0.0000000000
42038  -37.863  -19.546  31.369 0.0000000000
42045  -34.645  -20.153  28.566 0.0000000000
42046  -35.331  -19.873  29.196 0.0000000000
42047  -36.278  -19.680  29.729 0.0000000000
42048  -36.940  -19.621  30.238 0.0000000000
42057  -35.090  -20.198  28.133 0.0000000000
42058  -35.816  -19.632  28.858 0.0000000000
42791  -40.310  -18.885  43.435 0.0000000000
42792  -43.840  -19.524  42.582 0.0000000000
42793  -44.443  -19.092  42.447 0.0000000000
42794  -45.208  -18.444  42.386 0.0000000000
42795  -46.008  -18.341  42.392 0.0000000000
42807  -39.373  -18.441  42.594 0.0000000000
42808  -40.448  -18.427  42.359 0.0000000000
42809  -41.190  -18.098  41.781 0.0000000000
42810  -42.224  -18.440  41.873 0.0000000000
42811  -43.453  -18.597  42.123 0.0000000000
42812  -44.434  -17.950  42.183 0.0000000000
42813  -44.970  -17.459  42.295 0.0000000000
42814  -46.645  -18.222  42.240 0.0000000000
42815  -47.463  -18.497  41.999 0.0000000000
42816  -48.191  -18.255  41.721 0.0000000000
42827  -39.365  -17.857  41.304 0.0000000000
42828  -40.311  -17.734  41.305 0.0000000000
42829  -40.912  -17.453  41.180 0.0000000000
42830  -48.026  -18.932  41.332 0.0000000000
42831  -48.620  -18.347  41.113 0.0000000000
42845  -39.108  -17.643  40.275 0.0000000000
42846  -44.586  -19.653  39.739 0.0000000000
42847  -45.127  -19.501  39.659 0.0000000000
42848  -45.941  -19.365  39.536 0.0000000000
42849  -46.853  -19.300  39.534 0.0000000000
42850  -47.964  -19.052  40.100 0.0000000000
42851  -49.186  -18.205  40.090 0.0000000000
42852  -49.703  -17.939  39.160 0.0000000000
42864  -44.308  -19.301  39.137 0.0000000000
42865  -44.995  -18.968  38.842 0.0000000000
42866  -45.981  -18.876  38.741 0.0000000000
42867  -47.064  -18.933  38.773 0.0000000000
42868  -48.191  -18.752  38.850 0.0000000000
42869  -49.056  -18.377  38.589 0.0000000000
42870  -49.655  -18.023  38.166 0.0000000000
42880  -36.418  -19.273  36.567 0.0000000000
42881  -43.182  -18.781  37.379 0.0000000000
42882  -43.793  -18.798  37.958 0.0000000000
42883  -45.053  -18.495  37.909 0.0000000000
42884  -46.158  -18.463  37.894 0.0000000000
42885  -47.237  -18.513  37.875 0.0000000000
42886  -48.228  -18.430  37.791 0.0000000000
42887  -49.038  -18.237  37.477 0.0000000000
42888  -49.523  -18.036  37.561 0.0000000000
42896  -36.120  -19.164  35.976 0.0000000000
42897  -36.647  -19.468  35.902 0.0000000000
42898  -42.260  -18.552  36.241 0.0000000000
42899  -42.972  -18.407  36.543 0.0000000000
42900  -44.270  -18.220  36.948 0.0000000000
42901  -45.398  -18.159  37.016 0.0000000000
42902  -46.473  -18.199  37.029 0.0000000000
42903  -47.509  -18.220  37.030 0.0000000000
42904  -48.427  -18.208  37.018 0.0000000000
42905  -48.846  -18.188  37.012 0.0000000000
42910  -36.309  -19.267  35.363 0.0000000000
42911  -36.810  -19.595  35.294 0.0000000000
42912  -42.059  -18.419  35.680 0.0000000000
42913  -42.735  -17.940  35.408 0.0000000000
42918  -36.071  -19.143  34.654 0.0000000000
42919  -36.667  -19.556  34.691 0.0000000000
42920  -40.915  -18.721  34.111 0.0000000000
42921  -41.397  -18.589  34.681 0.0000000000
42922  -42.292  -18.014  34.660 0.0000000000
42931  -35.939  -19.108  33.741 0.0000000000
42932  -36.530  -19.526  33.916 0.0000000000
42933  -39.873  -18.967  33.116 0.0000000000
42934  -40.401  -18.835  33.599 0.0000000000
42935  -41.454  -18.190  33.573 0.0000000000
42936  -41.928  -18.093  34.113 0.0000000000
42945  -35.281  -18.517  32.344 0.0000000000
42946  -36.001  -19.193  32.610 0.0000000000
42947  -36.448  -19.510  33.151 0.0000000000
42948  -38.748  -19.330  32.113 0.0000000000
42949  -39.367  -19.132  32.644 0.0000000000
42950  -40.381  -18.398  32.588 0.0000000000
42951  -40.932  -18.294  33.057 0.0000000000
42963  -35.219  -18.584  31.228 0.0000000000
42964  -35.870  -19.141  31.547 0.0000000000
42965  -38.534  -19.145  31.509 0.0000000000
42966  -39.355  -18.698  31.741 0.0000000000
42967  -39.856  -18.538  32.140 0.0000000000
42978  -35.034  -18.893  30.182 0.0000000000
42979  -35.704  -19.272  30.571 0.0000000000
42980  -37.481  -19.189  30.350 0.0000000000
42981  -38.222  -18.901  30.745 0.0000000000
42982  -39.011  -18.609  31.107 0.0000000000
42989  -34.517  -19.567  29.225 0.0000000000
42990  -35.346  -19.523  29.780 0.0000000000
42991  -36.487  -19.149  29.212 0.0000000000
42992  -37.207  -18.897  29.675 0.0000000000
42993  -37.938  -18.656  30.075 0.0000000000
43003  -35.573  -19.427  28.146 0.0000000000
43004  -36.362  -18.790  28.581 0.0000000000
43005  -36.983  -18.591  28.995 0.0000000000
43015  -35.401  -19.000  27.615 0.0000000000
43016  -36.000  -18.650  28.065 0.0000000000
43734  -45.538  -17.372  42.396 0.0000000000
43735  -46.174  -17.456  42.426 0.0000000000
43750  -41.716  -17.521  41.343 0.0000000000
43751  -42.779  -17.618  41.481 0.0000000000
43752  -43.849  -17.499  41.746 0.0000000000
43753  -44.602  -17.196  42.096 0.0000000000
43754  -45.076  -17.014  42.328 0.0000000000
43755  -46.814  -17.485  42.251 0.0000000000
43756  -47.594  -17.442  41.893 0.0000000000
43757  -48.291  -17.700  41.533 0.0000000000
43773  -39.721  -17.574  40.605 0.0000000000
43774  -40.362  -17.404  40.510 0.0000000000
43775  -41.158  -17.096  40.621 0.0000000000
43776  -42.152  -16.825  40.856 0.0000000000
43777  -43.237  -16.894  41.231 0.0000000000
43778  -44.166  -16.850  41.562 0.0000000000
43779  -47.910  -17.058  41.473 0.0000000000
43780  -48.532  -17.248  41.073 0.0000000000
43799  -39.586  -17.508  39.664 0.0000000000
43800  -40.581  -17.232  39.675 0.0000000000
43801  -41.499  -16.824  39.836 0.0000000000
43802  -42.289  -16.429  40.021 0.0000000000
43803  -48.860  -16.782  40.504 0.0000000000
43804  -49.600  -17.114  39.856 0.0000000000
43821  -38.915  -17.487  38.579 0.0000000000
43822  -39.921  -17.300  38.689 0.0000000000
43823  -40.954  -17.027  38.788 0.0000000000
43824  -42.037  -16.618  38.969 0.0000000000
43825  -42.548  -16.276  39.541 0.0000000000
43826  -50.266  -17.326  38.797 0.0000000000
43827  -50.654  -16.999  37.924 0.0000000000
43844  -39.294  -17.231  37.737 0.0000000000
43845  -40.276  -17.024  37.829 0.0000000000
43846  -41.369  -16.722  37.850 0.0000000000
43847  -42.060  -16.579  38.253 0.0000000000
43848  -49.414  -18.042  37.237 0.0000000000
43849  -49.947  -17.640  37.415 0.0000000000
43850  -50.558  -16.938  36.992 0.0000000000
43864  -39.685  -16.905  36.976 0.0000000000
43865  -40.585  -16.731  37.076 0.0000000000
43866  -41.129  -16.599  37.134 0.0000000000
43867  -43.399  -17.995  36.043 0.0000000000
43868  -43.846  -17.874  36.117 0.0000000000
43869  -44.839  -17.817  36.176 0.0000000000
43870  -45.888  -17.962  36.172 0.0000000000
43871  -46.938  -18.089  36.188 0.0000000000
43872  -47.989  -18.138  36.250 0.0000000000
43873  -49.107  -18.016  36.571 0.0000000000
43874  -50.055  -17.231  36.175 0.0000000000
43875  -50.487  -16.818  36.409 0.0000000000
43885  -43.467  -17.714  35.524 0.0000000000
43886  -44.447  -17.595  35.354 0.0000000000
43887  -45.470  -17.709  35.319 0.0000000000
43888  -46.498  -17.923  35.317 0.0000000000
43889  -47.534  -18.019  35.352 0.0000000000
43890  -48.560  -17.844  35.432 0.0000000000
43891  -49.384  -17.436  35.483 0.0000000000
43892  -49.852  -17.019  35.314 0.0000000000
43897  -43.118  -17.524  34.545 0.0000000000
43898  -44.140  -17.441  34.478 0.0000000000
43899  -45.178  -17.532  34.427 0.0000000000
43900  -46.196  -17.754  34.426 0.0000000000
43901  -47.189  -17.949  34.465 0.0000000000
43902  -48.163  -17.826  34.534 0.0000000000
43903  -49.186  -17.333  34.521 0.0000000000
43904  -49.603  -17.105  34.957 0.0000000000
43912  -41.994  -17.623  33.024 0.0000000000
43913  -42.567  -17.539  33.556 0.0000000000
43914  -43.866  -17.358  33.488 0.0000000000
43915  -44.964  -17.443  33.464 0.0000000000
43916  -45.997  -17.619  33.487 0.0000000000
43917  -46.973  -17.868  33.548 0.0000000000
43918  -47.866  -17.785  33.707 0.0000000000
43919  -48.607  -17.508  33.870 0.0000000000
43926  -40.836  -17.789  32.075 0.0000000000
43927  -41.449  -17.671  32.499 0.0000000000
43928  -42.611  -17.342  32.389 0.0000000000
43929  -43.708  -17.304  32.426 0.0000000000
43930  -44.824  -17.412  32.428 0.0000000000
43931  -45.855  -17.552  32.480 0.0000000000
43932  -46.820  -17.669  32.611 0.0000000000
43933  -47.785  -17.602  32.749 0.0000000000
43934  -48.439  -17.373  33.240 0.0000000000
43942  -39.638  -18.214  31.103 0.0000000000
43943  -40.305  -17.963  31.580 0.0000000000
43944  -41.302  -17.384  31.517 0.0000000000
43945  -42.399  -17.222  31.412 0.0000000000
43946  -43.619  -17.253  31.317 0.0000000000
43947  -44.746  -17.450  31.351 0.0000000000
43948  -45.724  -17.601  31.451 0.0000000000
43949  -46.705  -17.507  31.565 0.0000000000
43950  -47.440  -17.445  31.992 0.0000000000
43961  -34.454  -18.188  30.900 0.0000000000
43962  -38.574  -18.287  30.086 0.0000000000
43963  -39.255  -18.107  30.469 0.0000000000
43964  -40.107  -17.644  30.682 0.0000000000
43965  -40.959  -17.278  30.691 0.0000000000
43966  -42.003  -17.127  30.578 0.0000000000
43967  -43.381  -17.150  30.024 0.0000000000
43968  -44.649  -17.540  30.279 0.0000000000
43969  -45.603  -17.730  30.383 0.0000000000
43970  -46.298  -17.615  30.764 0.0000000000
43977  -34.356  -18.557  29.958 0.0000000000
43978  -37.559  -18.186  29.065 0.0000000000
43979  -38.206  -18.053  29.498 0.0000000000
43980  -39.098  -17.703  29.731 0.0000000000
43981  -39.925  -17.384  29.907 0.0000000000
43982  -40.566  -17.284  30.176 0.0000000000
43983  -43.790  -17.519  28.769 0.0000000000
43984  -44.631  -17.683  29.181 0.0000000000
43985  -45.298  -17.818  29.668 0.0000000000
43992  -36.558  -18.161  28.150 0.0000000000
43993  -37.226  -17.918  28.444 0.0000000000
43994  -38.084  -17.569  28.743 0.0000000000
43995  -38.934  -17.354  29.045 0.0000000000
43996  -39.601  -17.284  29.321 0.0000000000
43997  -43.247  -17.549  27.412 0.0000000000
43998  -43.652  -17.704  27.964 0.0000000000
43999  -44.398  -17.788  28.350 0.0000000000
44008  -36.120  -17.899  27.728 0.0000000000
44009  -36.905  -17.618  27.980 0.0000000000
44010  -43.320  -17.488  27.061 0.0000000000
44011  -43.751  -17.549  27.305 0.0000000000
44012  -44.242  -17.665  27.732 0.0000000000
44812  -45.850  -16.990  42.560 0.0000000000
44813  -46.211  -16.919  42.470 0.0000000000
44827  -44.823  -16.818  41.975 0.0000000000
44828  -45.518  -16.707  42.160 0.0000000000
44829  -46.571  -16.609  42.005 0.0000000000
44830  -47.289  -16.656  41.585 0.0000000000
44839  -42.824  -16.469  40.639 0.0000000000
44840  -43.561  -16.330  40.847 0.0000000000
44841  -44.529  -16.288  41.188 0.0000000000
44842  -45.486  -16.287  41.116 0.0000000000
44843  -46.512  -16.380  41.024 0.0000000000
44844  -47.579  -16.456  40.991 0.0000000000
44845  -48.211  -16.414  40.767 0.0000000000
44852  -42.888  -16.031  40.100 0.0000000000
44853  -43.617  -15.647  40.148 0.0000000000
44854  -44.476  -15.458  40.024 0.0000000000
44855  -45.428  -16.071  39.908 0.0000000000
44856  -46.660  -16.347  40.019 0.0000000000
44857  -47.620  -16.269  40.103 0.0000000000
44858  -48.390  -15.827  40.215 0.0000000000
44859  -49.138  -15.979  40.261 0.0000000000
44870  -42.352  -16.405  38.492 0.0000000000
44871  -42.867  -16.007  39.021 0.0000000000
44872  -43.664  -15.150  39.058 0.0000000000
44873  -44.110  -14.926  39.363 0.0000000000
44874  -45.923  -16.009  38.873 0.0000000000
44875  -46.958  -16.213  38.981 0.0000000000
44876  -47.806  -16.033  39.156 0.0000000000
44877  -48.160  -15.367  39.359 0.0000000000
44878  -49.959  -16.209  39.692 0.0000000000
44879  -50.661  -16.262  38.719 0.0000000000
44892  -41.597  -16.508  37.162 0.0000000000
44893  -42.372  -16.325  37.786 0.0000000000
44894  -43.212  -15.669  38.080 0.0000000000
44895  -43.634  -15.213  38.084 0.0000000000
44896  -46.358  -15.879  37.669 0.0000000000
44897  -47.263  -15.957  38.014 0.0000000000
44898  -47.777  -15.479  38.145 0.0000000000
44899  -48.100  -15.137  38.706 0.0000000000
44900  -50.884  -16.244  37.590 0.0000000000
44914  -40.182  -16.686  36.240 0.0000000000
44915  -41.121  -16.499  36.488 0.0000000000
44916  -42.058  -16.250  36.651 0.0000000000
44917  -43.024  -15.780  36.971 0.0000000000
44918  -43.445  -15.520  37.571 0.0000000000
44919  -46.373  -15.732  36.537 0.0000000000
44920  -47.005  -15.745  36.874 0.0000000000
44921  -47.415  -15.651  37.455 0.0000000000
44922  -50.446  -16.673  36.017 0.0000000000
44923  -50.681  -16.262  36.512 0.0000000000
44940  -40.812  -16.458  35.495 0.0000000000
44941  -41.693  -16.241  35.732 0.0000000000
44942  -42.448  -15.849  35.905 0.0000000000
44943  -46.508  -15.666  36.101 0.0000000000
44944  -46.690  -15.655  36.333 0.0000000000
44945  -50.211  -16.673  35.458 0.0000000000
44946  -50.512  -16.176  35.640 0.0000000000
44962  -42.118  -16.022  35.264 0.0000000000
44963  -49.589  -16.873  34.095 0.0000000000
44964  -49.996  -16.576  34.583 0.0000000000
44965  -50.337  -16.284  35.118 0.0000000000
44980  -49.241  -16.822  33.518 0.0000000000
44981  -49.764  -16.575  33.920 0.0000000000
44995  -48.016  -17.195  31.984 0.0000000000
44996  -48.533  -16.785  32.547 0.0000000000
45010  -46.839  -17.282  30.740 0.0000000000
45011  -47.632  -16.963  31.226 0.0000000000
45012  -48.189  -16.625  31.802 0.0000000000
45024  -40.975  -17.177  30.078 0.0000000000
45025  -41.519  -17.089  29.947 0.0000000000
45026  -42.376  -17.052  29.733 0.0000000000
45027  -45.719  -17.760  29.685 0.0000000000
45028  -46.332  -17.365  29.896 0.0000000000
45029  -47.041  -16.630  30.425 0.0000000000
45037  -40.069  -17.170  29.314 0.0000000000
45038  -40.779  -17.098  29.427 0.0000000000
45039  -41.931  -16.995  29.062 0.0000000000
45040  -42.938  -17.188  28.983 0.0000000000
45041  -44.878  -17.812  28.591 0.0000000000
45042  -45.447  -17.510  28.956 0.0000000000
45043  -46.166  -16.790  29.098 0.0000000000
45050  -37.319  -17.406  27.992 0.0000000000
45051  -37.825  -17.250  28.074 0.0000000000
45052  -38.727  -17.079  28.244 0.0000000000
45053  -39.887  -17.021  28.568 0.0000000000
45054  -41.210  -16.981  28.263 0.0000000000
45055  -42.592  -17.328  27.993 0.0000000000
45056  -43.283  -17.476  28.404 0.0000000000
45057  -44.778  -17.585  28.105 0.0000000000
45058  -45.119  -16.928  27.969 0.0000000000
45066  -35.775  -16.965  27.216 0.0000000000
45067  -37.140  -16.897  27.566 0.0000000000
45068  -38.242  -16.726  27.573 0.0000000000
45069  -39.240  -16.698  27.527 0.0000000000
45070  -40.369  -16.773  27.396 0.0000000000
45071  -41.549  -17.087  27.132 0.0000000000
45072  -42.664  -17.371  26.871 0.0000000000
45073  -43.396  -17.251  26.724 0.0000000000
45074  -44.327  -17.039  27.116 0.0000000000
45075  -44.875  -16.380  27.398 0.0000000000
45081  -37.817  -16.345  27.125 0.0000000000
45082  -38.554  -16.312  26.872 0.0000000000
45083  -39.546  -16.400  26.534 0.0000000000
45084  -40.640  -16.770  26.322 0.0000000000
45085  -41.662  -17.134  26.069 0.0000000000
45086  -42.599  -17.077  25.966 0.0000000000
45087  -43.451  -16.690  26.069 0.0000000000
45088  -44.097  -16.334  26.410 0.0000000000
45094  -39.856  -16.395  25.617 0.0000000000
45095  -40.714  -16.785  25.288 0.0000000000
45096  -41.655  -16.891  25.154 0.0000000000
45097  -42.492  -16.560  25.195 0.0000000000
45098  -43.160  -16.205  25.451 0.0000000000
45105  -39.209  -16.366  24.240 0.0000000000
45106  -39.623  -16.417  24.550 0.0000000000
45107  -40.681  -16.607  24.315 0.0000000000
45108  -41.582  -16.466  24.473 0.0000000000
45109  -42.115  -16.170  24.561 0.0000000000
45118  -39.228  -16.422  23.970 0.0000000000
45119  -39.733  -16.453  23.722 0.0000000000
45120  -40.322  -16.325  23.563 0.0000000000
45838  -44.403  -15.023  39.457 0.0000000000
45839  -44.687  -15.286  39.458 0.0000000000
45840  -48.357  -14.918  40.119 0.0000000000
45841  -48.836  -14.895  40.636 0.0000000000
45842  -49.528  -14.611  40.475 0.0000000000
45855  -43.844  -14.929  38.543 0.0000000000
45856  -44.254  -14.956  38.856 0.0000000000
45857  -45.013  -15.383  38.844 0.0000000000
45858  -48.272  -14.729  39.250 0.0000000000
45859  -49.531  -15.336  40.310 0.0000000000
45860  -50.238  -15.096  39.617 0.0000000000
45872  -43.959  -14.968  38.094 0.0000000000
45873  -44.473  -15.171  37.935 0.0000000000
45874  -45.335  -15.534  37.812 0.0000000000
45875  -47.816  -15.246  37.642 0.0000000000
45876  -48.072  -14.882  37.967 0.0000000000
45877  -50.809  -15.245  38.244 0.0000000000
45887  -43.370  -15.549  36.707 0.0000000000
45888  -43.777  -15.374  37.135 0.0000000000
45889  -44.714  -15.417  36.870 0.0000000000
45890  -45.645  -15.674  36.703 0.0000000000
45891  -47.182  -15.547  36.528 0.0000000000
45892  -47.619  -15.303  36.895 0.0000000000
45893  -48.037  -14.651  37.002 0.0000000000
45894  -50.843  -15.357  37.019 0.0000000000
45905  -43.297  -15.493  36.041 0.0000000000
45906  -44.198  -15.370  35.910 0.0000000000
45907  -45.134  -15.564  35.771 0.0000000000
45908  -46.098  -15.723  35.737 0.0000000000
45909  -46.926  -15.505  35.943 0.0000000000
45910  -47.469  -14.891  35.702 0.0000000000
45911  -50.754  -15.442  35.925 0.0000000000
45922  -42.673  -15.673  34.796 0.0000000000
45923  -43.766  -15.358  34.881 0.0000000000
45924  -44.726  -15.417  34.814 0.0000000000
45925  -45.634  -15.493  34.782 0.0000000000
45926  -46.457  -15.305  34.771 0.0000000000
45927  -47.065  -15.070  35.065 0.0000000000
45928  -50.289  -15.917  34.285 0.0000000000
45929  -50.503  -15.669  34.897 0.0000000000
45944  -43.498  -15.464  33.831 0.0000000000
45945  -44.400  -15.378  33.925 0.0000000000
45946  -45.368  -15.193  33.774 0.0000000000
45947  -45.995  -15.253  34.180 0.0000000000
45948  -49.200  -15.670  32.820 0.0000000000
45949  -49.993  -15.880  33.695 0.0000000000
45950  -50.334  -15.453  34.209 0.0000000000
45967  -43.324  -15.365  32.718 0.0000000000
45968  -44.243  -15.370  33.057 0.0000000000
45969  -44.822  -15.246  33.307 0.0000000000
45970  -48.499  -15.835  32.028 0.0000000000
45989  -47.475  -15.782  30.831 0.0000000000
45990  -48.022  -16.080  31.434 0.0000000000
46004  -46.627  -15.977  29.655 0.0000000000
46005  -47.002  -15.897  30.321 0.0000000000
46018  -45.682  -16.549  28.521 0.0000000000
46019  -46.105  -15.906  28.822 0.0000000000
46026  -45.290  -15.857  27.865 0.0000000000
46027  -45.712  -15.866  28.418 0.0000000000
46029  -36.711  -16.181  26.916 0.0000000000
46030  -37.356  -16.240  27.051 0.0000000000
46031  -44.540  -15.943  26.807 0.0000000000
46032  -44.879  -15.857  27.314 0.0000000000
46036  -36.471  -15.731  26.121 0.0000000000
46037  -37.638  -15.861  26.395 0.0000000000
46038  -38.739  -16.020  26.048 0.0000000000
46039  -39.325  -16.171  25.862 0.0000000000
46040  -43.759  -15.848  25.855 0.0000000000
46041  -44.182  -15.855  26.324 0.0000000000
46049  -37.037  -15.515  25.320 0.0000000000
46050  -38.168  -15.739  25.279 0.0000000000
46051  -39.108  -16.105  25.182 0.0000000000
46052  -42.703  -15.899  24.915 0.0000000000
46053  -43.235  -15.728  25.337 0.0000000000
46060  -36.367  -15.180  24.345 0.0000000000
46061  -37.528  -15.603  24.342 0.0000000000
46062  -38.740  -16.177  24.291 0.0000000000
46063  -39.167  -16.231  24.654 0.0000000000
46064  -40.959  -16.307  23.822 0.0000000000
46065  -41.519  -15.846  23.956 0.0000000000
46066  -42.169  -15.719  24.434 0.0000000000
46072  -36.920  -15.373  23.461 0.0000000000
46073  -37.812  -16.012  23.366 0.0000000000
46074  -38.819  -16.360  23.235 0.0000000000
46075  -39.637  -16.228  22.990 0.0000000000
46076  -40.539  -15.780  23.119 0.0000000000
46077  -41.169  -15.477  23.480 0.0000000000
46086  -37.153  -15.672  22.588 0.0000000000
46087  -37.895  -16.149  22.450 0.0000000000
46088  -38.725  -16.059  22.269 0.0000000000
46089  -39.565  -15.723  22.468 0.0000000000
46090  -40.022  -15.388  22.547 0.0000000000
46098  -37.248  -15.795  21.921 0.0000000000
46099  -37.773  -15.787  21.755 0.0000000000
46100  -38.322  -15.551  21.718 0.0000000000
46742  -48.480  -14.070  40.014 0.0000000000
46743  -49.105  -13.910  40.486 0.0000000000
46744  -49.968  -13.901  40.167 0.0000000000
46755  -48.330  -14.057  38.717 0.0000000000
46756  -50.628  -13.908  38.844 0.0000000000
46767  -48.218  -14.106  37.514 0.0000000000
46768  -50.922  -14.274  37.471 0.0000000000
46779  -47.872  -14.577  36.261 0.0000000000
46780  -48.157  -14.138  36.595 0.0000000000
46781  -50.875  -14.474  36.310 0.0000000000
46792  -47.766  -14.106  35.560 0.0000000000
46793  -48.058  -14.164  36.063 0.0000000000
46794  -50.763  -14.650  35.290 0.0000000000
46806  -46.807  -14.766  34.515 0.0000000000
46807  -47.222  -14.384  34.866 0.0000000000
46808  -50.490  -14.775  34.472 0.0000000000
46820  -45.619  -14.634  33.365 0.0000000000
46821  -46.299  -14.518  33.810 0.0000000000
46822  -46.845  -14.358  34.326 0.0000000000
46823  -49.201  -14.821  32.784 0.0000000000
46824  -49.655  -14.612  33.270 0.0000000000
46825  -50.205  -14.966  33.886 0.0000000000
46837  -43.992  -14.977  32.319 0.0000000000
46838  -45.077  -14.518  32.729 0.0000000000
46839  -45.723  -14.293  33.227 0.0000000000
46840  -48.739  -14.710  32.293 0.0000000000
46841  -49.181  -14.280  32.718 0.0000000000
46847  -43.280  -14.973  31.817 0.0000000000
46848  -44.244  -14.129  31.659 0.0000000000
46849  -44.916  -13.834  31.986 0.0000000000
46850  -47.472  -14.662  30.726 0.0000000000
46851  -48.030  -14.949  31.445 0.0000000000
46858  -43.454  -14.244  30.744 0.0000000000
46859  -44.051  -13.795  31.037 0.0000000000
46860  -46.643  -14.821  29.634 0.0000000000
46861  -46.925  -15.031  30.250 0.0000000000
46873  -43.177  -14.078  29.711 0.0000000000
46874  -46.320  -14.936  28.995 0.0000000000
46887  -43.152  -13.717  29.203 0.0000000000
46888  -45.343  -14.877  27.749 0.0000000000
46889  -45.722  -15.092  28.357 0.0000000000
46901  -42.257  -13.682  28.124 0.0000000000
46902  -44.534  -15.429  26.728 0.0000000000
46903  -44.811  -15.163  27.123 0.0000000000
46909  -43.854  -15.377  25.825 0.0000000000
46910  -44.256  -15.170  26.219 0.0000000000
46911  -44.772  -14.389  26.545 0.0000000000
46915  -43.007  -15.463  25.051 0.0000000000
46916  -43.485  -15.070  25.405 0.0000000000
46917  -44.019  -14.410  25.601 0.0000000000
46924  -36.175  -14.910  23.459 0.0000000000
46925  -41.957  -15.425  24.182 0.0000000000
46926  -42.547  -15.065  24.562 0.0000000000
46927  -43.162  -14.429  24.797 0.0000000000
46931  -35.600  -14.560  22.906 0.0000000000
46932  -36.388  -15.089  22.688 0.0000000000
46933  -40.971  -15.158  23.197 0.0000000000
46934  -41.624  -14.994  23.736 0.0000000000
46935  -42.260  -14.416  23.904 0.0000000000
46941  -35.782  -14.771  21.949 0.0000000000
46942  -36.578  -15.368  21.864 0.0000000000
46943  -38.950  -15.516  21.969 0.0000000000
46944  -39.502  -14.994  22.149 0.0000000000
46945  -40.405  -14.865  22.662 0.0000000000
46953  -35.062  -14.406  21.181 0.0000000000
46954  -35.916  -15.111  21.081 0.0000000000
46955  -36.854  -15.387  21.224 0.0000000000
46956  -37.611  -15.121  21.231 0.0000000000
46957  -38.554  -14.846  21.603 0.0000000000
46958  -39.130  -14.270  21.824 0.0000000000
46965  -35.247  -14.612  20.255 0.0000000000
46966  -36.031  -15.036  20.284 0.0000000000
46967  -36.786  -14.966  20.560 0.0000000000
46968  -37.271  -14.558  20.675 0.0000000000
46973  -35.268  -14.662  19.516 0.0000000000
46974  -35.763  -14.699  19.698 0.0000000000
46980  -35.343  -14.561  19.022 0.0000000000
46986  -35.156  -14.615  18.052 0.0000000000
46993  -35.085  -14.576  17.031 0.0000000000
47559  -48.782  -13.115  40.010 0.0000000000
47560  -49.413  -13.070  40.076 0.0000000000
47561  -50.203  -12.942  39.602 0.0000000000
47571  -48.487  -13.203  39.201 0.0000000000
47572  -50.714  -12.610  38.644 0.0000000000
47583  -48.357  -13.313  38.016 0.0000000000
47584  -51.033  -13.103  37.721 0.0000000000
47595  -48.285  -13.467  36.909 0.0000000000
47596  -50.959  -13.423  36.634 0.0000000000
47608  -47.757  -13.219  35.474 0.0000000000
47609  -48.126  -13.676  36.073 0.0000000000
47610  -50.842  -13.674  35.623 0.0000000000
47622  -47.399  -13.636  34.954 0.0000000000
47623  -50.643  -13.874  34.762 0.0000000000
47635  -46.603  -13.455  33.581 0.0000000000
47636  -46.990  -13.723  34.257 0.0000000000
47637  -49.743  -13.600  33.407 0.0000000000
47638  -50.149  -13.989  34.011 0.0000000000
47650  -45.409  -13.438  32.170 0.0000000000
47651  -45.979  -13.614  32.967 0.0000000000
47652  -48.941  -13.666  32.282 0.0000000000
47653  -49.400  -13.628  32.851 0.0000000000
47663  -44.358  -13.620  31.156 0.0000000000
47664  -44.904  -13.312  31.381 0.0000000000
47665  -47.790  -13.775  30.908 0.0000000000
47666  -48.400  -13.783  31.645 0.0000000000
47672  -43.631  -13.734  30.150 0.0000000000
47673  -44.215  -13.305  30.536 0.0000000000
47674  -44.839  -12.871  30.850 0.0000000000
47675  -46.837  -14.361  29.831 0.0000000000
47676  -47.175  -13.827  30.076 0.0000000000
47681  -43.623  -13.260  29.645 0.0000000000
47682  -44.041  -12.881  29.995 0.0000000000
47683  -46.727  -13.904  29.223 0.0000000000
47684  -47.041  -13.391  29.510 0.0000000000
47690  -42.651  -13.549  28.367 0.0000000000
47691  -43.153  -13.265  28.725 0.0000000000
47692  -45.672  -14.468  27.881 0.0000000000
47693  -46.149  -14.009  28.104 0.0000000000
47704  -41.891  -13.558  27.542 0.0000000000
47705  -42.705  -13.096  27.811 0.0000000000
47706  -43.229  -12.814  28.212 0.0000000000
47707  -45.460  -14.035  27.217 0.0000000000
47708  -45.977  -13.613  27.454 0.0000000000
47716  -41.306  -13.313  26.960 0.0000000000
47717  -42.216  -13.057  27.069 0.0000000000
47718  -42.632  -12.822  27.285 0.0000000000
47719  -44.437  -14.178  25.962 0.0000000000
47720  -44.974  -13.570  26.078 0.0000000000
47723  -43.633  -14.183  25.146 0.0000000000
47724  -44.242  -13.513  25.247 0.0000000000
47725  -44.808  -13.154  25.501 0.0000000000
47731  -42.767  -14.232  24.319 0.0000000000
47732  -43.382  -13.663  24.490 0.0000000000
47733  -43.892  -13.164  24.634 0.0000000000
47736  -41.078  -14.580  23.105 0.0000000000
47737  -41.663  -14.038  23.291 0.0000000000
47738  -42.582  -13.722  23.703 0.0000000000
47739  -43.172  -13.214  23.799 0.0000000000
47742  -39.803  -14.122  22.252 0.0000000000
47743  -40.685  -13.854  22.703 0.0000000000
47744  -41.337  -13.344  22.845 0.0000000000
47748  -37.873  -14.323  21.049 0.0000000000
47749  -38.519  -13.885  21.424 0.0000000000
47750  -39.215  -13.487  21.833 0.0000000000
47755  -36.245  -14.726  20.022 0.0000000000
47756  -36.661  -14.217  20.218 0.0000000000
47757  -37.345  -13.836  20.551 0.0000000000
47760  -35.994  -14.087  19.521 0.0000000000
47761  -36.472  -13.700  19.824 0.0000000000
47767  -35.500  -13.985  18.684 0.0000000000
47774  -35.368  -13.842  17.765 0.0000000000
47782  -35.424  -13.736  16.777 0.0000000000
48327  -49.082  -12.267  39.666 0.0000000000
48328  -49.647  -12.193  39.603 0.0000000000
48329  -50.300  -11.996  39.222 0.0000000000
48334  -48.702  -12.303  39.298 0.0000000000
48335  -50.686  -11.639  38.509 0.0000000000
48341  -48.500  -12.406  38.368 0.0000000000
48342  -51.062  -12.012  37.766 0.0000000000
48347  -48.361  -12.597  37.228 0.0000000000
48348  -51.078  -12.367  36.836 0.0000000000
48353  -47.729  -12.262  35.531 0.0000000000
48354  -48.129  -12.858  36.227 0.0000000000
48355  -50.860  -12.698  35.896 0.0000000000
48360  -47.312  -12.768  34.687 0.0000000000
48361  -50.661  -12.978  35.037 0.0000000000
48369  -46.611  -12.501  33.171 0.0000000000
48370  -46.940  -12.895  33.910 0.0000000000
48371  -50.003  -12.831  33.711 0.0000000000
48372  -50.377  -13.205  34.396 0.0000000000
48381  -45.469  -12.788  31.755 0.0000000000
48382  -45.918  -12.555  32.300 0.0000000000
48383  -49.164  -12.687  32.385 0.0000000000
48384  -49.625  -12.957  33.043 0.0000000000
48395  -45.357  -12.337  31.156 0.0000000000
48396  -45.644  -12.340  31.762 0.0000000000
48397  -48.044  -12.687  31.221 0.0000000000
48398  -48.665  -12.968  31.820 0.0000000000
48408  -44.288  -12.738  30.130 0.0000000000
48409  -44.735  -12.485  30.375 0.0000000000
48410  -47.561  -12.831  30.310 0.0000000000
48416  -43.614  -12.840  29.162 0.0000000000
48417  -44.213  -12.344  29.538 0.0000000000
48418  -44.809  -12.007  30.025 0.0000000000
48419  -47.003  -13.035  29.116 0.0000000000
48420  -47.244  -12.925  29.613 0.0000000000
48426  -43.602  -12.574  28.645 0.0000000000
48427  -44.045  -11.944  28.493 0.0000000000
48428  -46.692  -13.118  28.401 0.0000000000
48438  -42.896  -12.680  27.398 0.0000000000
48439  -43.465  -12.296  27.653 0.0000000000
48440  -44.015  -11.749  27.911 0.0000000000
48441  -45.882  -13.453  27.151 0.0000000000
48442  -46.286  -13.070  27.340 0.0000000000
48449  -40.095  -12.481  26.966 0.0000000000
48450  -40.846  -12.550  26.640 0.0000000000
48451  -41.741  -12.526  26.592 0.0000000000
48452  -42.730  -12.371  26.904 0.0000000000
48453  -43.277  -12.002  27.007 0.0000000000
48454  -45.690  -13.215  26.589 0.0000000000
48455  -46.043  -12.584  26.309 0.0000000000
48459  -44.656  -12.940  25.217 0.0000000000
48460  -45.268  -12.672  25.506 0.0000000000
48461  -45.864  -12.359  25.758 0.0000000000
48468  -43.640  -13.013  24.212 0.0000000000
48469  -44.364  -12.627  24.527 0.0000000000
48470  -44.998  -12.353  24.816 0.0000000000
48475  -42.017  -13.387  23.090 0.0000000000
48476  -42.642  -13.023  23.193 0.0000000000
48477  -43.482  -12.582  23.540 0.0000000000
48478  -44.083  -12.293  23.778 0.0000000000
48482  -39.919  -13.328  22.297 0.0000000000
48483  -40.593  -12.804  22.454 0.0000000000
48484  -41.712  -12.684  22.686 0.0000000000
48485  -42.622  -12.316  22.784 0.0000000000
48486  -43.305  -12.047  22.922 0.0000000000
48490  -37.929  -13.541  20.941 0.0000000000
48491  -38.466  -12.891  21.279 0.0000000000
48492  -39.532  -12.592  21.805 0.0000000000
48493  -40.254  -12.096  21.957 0.0000000000
48497  -36.863  -13.505  20.095 0.0000000000
48498  -37.470  -12.834  20.410 0.0000000000
48499  -38.188  -12.177  20.749 0.0000000000
48503  -35.882  -13.562  19.050 0.0000000000
48504  -36.434  -13.010  19.440 0.0000000000
48505  -37.081  -12.121  19.777 0.0000000000
48511  -35.741  -13.244  18.507 0.0000000000
48512  -36.129  -12.410  18.403 0.0000000000
48518  -35.644  -12.978  17.581 0.0000000000
48519  -36.128  -12.192  17.396 0.0000000000
48525  -35.802  -12.890  16.669 0.0000000000
48526  -36.239  -12.211  16.434 0.0000000000
49146  -49.281  -11.286  39.464 0.0000000000
49147  -49.862  -11.388  39.400 0.0000000000
49148  -50.302  -11.182  39.030 0.0000000000
49154  -48.838  -11.360  39.269 0.0000000000
49155  -50.527  -10.899  38.467 0.0000000000
49160  -48.595  -11.419  38.566 0.0000000000
49161  -50.854  -11.083  37.822 0.0000000000
49166  -48.114  -10.885  36.680 0.0000000000
49167  -48.404  -11.586  37.505 0.0000000000
49168  -51.026  -11.324  36.946 0.0000000000
49172  -47.700  -11.196  35.719 0.0000000000
49173  -48.087  -11.902  36.454 0.0000000000
49174  -50.815  -11.714  36.065 0.0000000000
49179  -47.377  -11.610  34.796 0.0000000000
49180  -50.301  -11.414  34.624 0.0000000000
49181  -50.635  -12.082  35.231 0.0000000000
49184  -46.683  -11.334  33.454 0.0000000000
49185  -47.044  -12.041  33.993 0.0000000000
49186  -49.942  -11.659  33.760 0.0000000000
49187  -50.395  -12.362  34.431 0.0000000000
49191  -46.318  -11.522  32.537 0.0000000000
49192  -48.925  -11.524  32.318 0.0000000000
49193  -49.526  -12.057  33.009 0.0000000000
49198  -45.664  -11.271  31.088 0.0000000000
49199  -45.843  -11.755  31.775 0.0000000000
49200  -48.142  -11.643  31.172 0.0000000000
49201  -48.496  -12.063  31.782 0.0000000000
49209  -45.282  -11.750  30.408 0.0000000000
49210  -47.777  -11.873  30.509 0.0000000000
49218  -44.624  -11.400  28.963 0.0000000000
49219  -45.021  -11.482  29.719 0.0000000000
49220  -47.158  -12.576  29.241 0.0000000000
49221  -47.386  -12.020  29.470 0.0000000000
49233  -44.377  -11.316  28.186 0.0000000000
49234  -47.022  -12.442  28.760 0.0000000000
49235  -47.269  -11.772  28.377 0.0000000000
49246  -43.534  -11.786  27.105 0.0000000000
49247  -43.993  -11.319  27.365 0.0000000000
49248  -46.846  -12.397  27.888 0.0000000000
49249  -47.165  -11.862  27.512 0.0000000000
49253  -40.392  -11.780  26.368 0.0000000000
49254  -41.176  -11.850  26.132 0.0000000000
49255  -42.135  -11.766  26.144 0.0000000000
49256  -43.215  -11.359  26.514 0.0000000000
49257  -43.758  -10.683  26.882 0.0000000000
49258  -46.699  -12.292  26.903 0.0000000000
49259  -47.270  -11.732  26.670 0.0000000000
49265  -39.916  -11.228  25.939 0.0000000000
49266  -40.536  -11.239  25.629 0.0000000000
49267  -41.435  -11.182  25.498 0.0000000000
49268  -42.343  -10.906  25.688 0.0000000000
49269  -42.910  -10.504  26.015 0.0000000000
49270  -45.746  -12.243  25.454 0.0000000000
49271  -46.383  -12.058  25.753 0.0000000000
49272  -47.410  -11.545  25.555 0.0000000000
49273  -48.080  -11.341  25.007 0.0000000000
49282  -44.867  -12.214  24.463 0.0000000000
49283  -45.479  -12.038  24.776 0.0000000000
49284  -46.443  -11.638  24.652 0.0000000000
49285  -47.356  -11.424  24.406 0.0000000000
49286  -48.264  -11.393  24.157 0.0000000000
49292  -43.861  -12.089  23.323 0.0000000000
49293  -44.614  -11.975  23.754 0.0000000000
49294  -45.621  -11.659  23.721 0.0000000000
49295  -46.572  -11.479  23.595 0.0000000000
49296  -47.507  -11.409  23.386 0.0000000000
49297  -48.386  -11.347  23.164 0.0000000000
49300  -40.976  -12.115  22.278 0.0000000000
49301  -41.760  -11.849  22.266 0.0000000000
49302  -42.747  -11.682  22.328 0.0000000000
49303  -43.816  -11.679  22.654 0.0000000000
49304  -44.870  -11.537  22.770 0.0000000000
49305  -45.852  -11.466  22.736 0.0000000000
49306  -46.800  -11.431  22.604 0.0000000000
49307  -47.753  -11.369  22.367 0.0000000000
49308  -48.526  -11.282  22.423 0.0000000000
49312  -38.856  -12.115  21.166 0.0000000000
49313  -39.626  -11.770  21.316 0.0000000000
49314  -40.749  -11.562  21.570 0.0000000000
49315  -41.940  -11.256  21.480 0.0000000000
49316  -43.138  -11.222  21.720 0.0000000000
49317  -44.199  -11.225  21.861 0.0000000000
49318  -45.207  -11.273  21.886 0.0000000000
49319  -46.162  -11.328  21.828 0.0000000000
49320  -47.046  -11.335  21.715 0.0000000000
49321  -47.710  -11.267  21.566 0.0000000000
49325  -37.676  -11.864  20.260 0.0000000000
49326  -38.650  -11.430  20.429 0.0000000000
49327  -39.910  -11.162  20.702 0.0000000000
49328  -40.962  -10.972  20.789 0.0000000000
49329  -41.775  -10.836  20.674 0.0000000000
49332  -36.626  -11.946  19.135 0.0000000000
49333  -37.445  -11.222  19.453 0.0000000000
49334  -38.409  -10.735  19.651 0.0000000000
49340  -36.650  -11.450  18.245 0.0000000000
49341  -37.363  -10.819  18.452 0.0000000000
49348  -36.526  -11.433  17.059 0.0000000000
49355  -36.672  -11.573  16.114 0.0000000000
50017  -49.268  -10.633  39.323 0.0000000000
50018  -49.621  -10.772  39.304 0.0000000000
50019  -50.002  -10.897  39.265 0.0000000000
50030  -48.943  -10.335  39.111 0.0000000000
50031  -49.370  -10.080  38.984 0.0000000000
50032  -50.042  -10.304  38.803 0.0000000000
50042  -48.659  -10.572  38.700 0.0000000000
50043  -50.491  -10.225  38.003 0.0000000000
50052  -48.066  -10.148  36.801 0.0000000000
50053  -48.343  -10.327  37.684 0.0000000000
50054  -50.688  -10.370  37.160 0.0000000000
50062  -47.641  -10.216  36.123 0.0000000000
50063  -50.178  -10.200  35.523 0.0000000000
50064  -50.474  -10.492  36.047 0.0000000000
50072  -46.740  -10.006  34.490 0.0000000000
50073  -47.128  -10.290  34.940 0.0000000000
50074  -50.120  -10.455  35.056 0.0000000000
50075  -50.509  -11.262  35.406 0.0000000000
50083  -46.635  -10.311  34.009 0.0000000000
50084  -46.948  -11.133  34.227 0.0000000000
50085  -49.754  -10.565  34.015 0.0000000000
50092  -46.369  -10.450  32.955 0.0000000000
50093  -48.828  -10.737  32.214 0.0000000000
50094  -49.274  -10.696  32.942 0.0000000000
50101  -45.634  -10.530  31.114 0.0000000000
50102  -45.930  -10.513  31.865 0.0000000000
50103  -48.219  -11.235  31.142 0.0000000000
50104  -48.427  -10.913  31.464 0.0000000000
50112  -45.415  -10.657  30.392 0.0000000000
50113  -48.052  -11.163  30.798 0.0000000000
50114  -48.165  -10.401  30.478 0.0000000000
50126  -44.657  -10.682  28.602 0.0000000000
50127  -44.979  -10.384  29.379 0.0000000000
50128  -47.746  -11.049  29.960 0.0000000000
50129  -48.137  -10.258  29.480 0.0000000000
50143  -44.349  -10.517  27.984 0.0000000000
50144  -47.687  -11.023  28.907 0.0000000000
50145  -48.368  -10.337  28.440 0.0000000000
50146  -49.006  -10.133  28.019 0.0000000000
50155  -43.965  -10.276  27.389 0.0000000000
50156  -47.720  -11.168  27.709 0.0000000000
50157  -48.583  -10.602  27.424 0.0000000000
50158  -49.664  -10.204  27.340 0.0000000000
50159  -50.461  -10.147  26.851 0.0000000000
50163  -39.486  -10.858  26.065 0.0000000000
50164  -43.393  -10.217  26.503 0.0000000000
50165  -43.684  -10.046  26.975 0.0000000000
50166  -48.013  -11.166  26.596 0.0000000000
50167  -48.900  -10.757  26.401 0.0000000000
50168  -49.870  -10.528  26.210 0.0000000000
50169  -50.797  -10.266  26.244 0.0000000000
50170  -51.259  -10.171  26.070 0.0000000000
50177  -39.725  -10.359  25.341 0.0000000000
50178  -40.745  -10.543  25.139 0.0000000000
50179  -41.542  -10.142  25.156 0.0000000000
50180  -42.434  -9.986  25.555 0.0000000000
50181  -42.986  -9.809  26.031 0.0000000000
50182  -48.290  -11.182  25.744 0.0000000000
50183  -49.104  -11.101  25.133 0.0000000000
50184  -50.217  -10.734  25.338 0.0000000000
50185  -50.878  -10.460  25.465 0.0000000000
50186  -51.294  -10.237  25.576 0.0000000000
50194  -39.746  -9.684  24.915 0.0000000000
50195  -40.330  -9.860  24.911 0.0000000000
50196  -40.911  -9.992  24.927 0.0000000000
50197  -49.132  -11.319  23.828 0.0000000000
50198  -49.946  -11.099  24.338 0.0000000000
50199  -50.594  -10.720  24.664 0.0000000000
50200  -51.108  -10.454  24.857 0.0000000000
50208  -49.125  -11.216  22.858 0.0000000000
50209  -49.812  -11.087  23.355 0.0000000000
50210  -50.507  -10.708  23.711 0.0000000000
50211  -50.876  -10.568  24.277 0.0000000000
50215  -48.311  -11.223  21.768 0.0000000000
50216  -48.995  -11.093  22.024 0.0000000000
50217  -49.755  -10.788  22.461 0.0000000000
50218  -50.172  -10.793  23.051 0.0000000000
50221  -42.622  -10.839  20.884 0.0000000000
50222  -43.642  -10.833  21.022 0.0000000000
50223  -44.656  -10.887  21.085 0.0000000000
50224  -45.629  -10.996  21.076 0.0000000000
50225  -46.538  -11.103  21.024 0.0000000000
50226  -47.350  -11.111  20.994 0.0000000000
50227  -48.070  -11.039  21.063 0.0000000000
50228  -48.694  -10.863  21.311 0.0000000000
50229  -49.283  -10.616  21.549 0.0000000000
50233  -39.308  -10.738  19.924 0.0000000000
50234  -40.316  -10.665  20.053 0.0000000000
50235  -41.281  -10.606  20.054 0.0000000000
50236  -42.227  -10.609  20.060 0.0000000000
50237  -43.208  -10.631  20.141 0.0000000000
50238  -44.210  -10.641  20.229 0.0000000000
50239  -45.190  -10.665  20.289 0.0000000000
50240  -46.121  -10.717  20.320 0.0000000000
50241  -46.979  -10.799  20.322 0.0000000000
50242  -47.740  -10.792  20.407 0.0000000000
50243  -48.476  -10.540  20.539 0.0000000000
50244  -48.965  -10.534  20.996 0.0000000000
50247  -38.026  -10.457  18.895 0.0000000000
50248  -38.924  -10.340  19.161 0.0000000000
50249  -39.836  -10.353  19.319 0.0000000000
50250  -40.789  -10.337  19.340 0.0000000000
50251  -41.804  -10.328  19.266 0.0000000000
50252  -42.853  -10.462  19.230 0.0000000000
50253  -43.882  -10.541  19.315 0.0000000000
50254  -44.858  -10.520  19.418 0.0000000000
50255  -45.790  -10.498  19.506 0.0000000000
50256  -46.638  -10.537  19.600 0.0000000000
50257  -47.480  -10.503  19.622 0.0000000000
50258  -48.018  -10.554  20.023 0.0000000000
50261  -37.114  -10.826  17.571 0.0000000000
50262  -37.865  -10.449  17.948 0.0000000000
50263  -38.722  -10.157  18.236 0.0000000000
50264  -39.494  -10.123  18.584 0.0000000000
50265  -40.350  -10.088  18.640 0.0000000000
50266  -41.306  -10.067  18.547 0.0000000000
50267  -42.500  -10.191  18.161 0.0000000000
50268  -43.650  -10.443  18.354 0.0000000000
50269  -44.668  -10.499  18.479 0.0000000000
50270  -45.549  -10.438  18.666 0.0000000000
50271  -46.463  -10.405  18.724 0.0000000000
50272  -47.002  -10.470  19.131 0.0000000000
50278  -37.028  -10.872  16.597 0.0000000000
50279  -37.727  -10.510  17.027 0.0000000000
50280  -38.447  -10.243  17.397 0.0000000000
50281  -42.921  -10.151  17.408 0.0000000000
50282  -43.497  -10.314  17.508 0.0000000000
50283  -44.595  -10.447  17.427 0.0000000000
50284  -45.567  -10.427  17.735 0.0000000000
50285  -46.026  -10.404  18.204 0.0000000000
50293  -37.155  -11.096  15.793 0.0000000000
50294  -37.703  -10.640  16.104 0.0000000000
50295  -38.409  -10.327  16.495 0.0000000000
50296  -45.172  -10.403  16.957 0.0000000000
50297  -45.307  -10.421  17.222 0.0000000000
50307  -38.502  -10.484  15.490 0.0000000000
50308  -39.192  -10.246  15.339 0.0000000000
51034  -48.998  -8.998  38.582 0.0000000000
51035  -49.601  -9.141  38.502 0.0000000000
51036  -50.174  -9.200  38.158 0.0000000000
51048  -48.119  -8.613  37.575 0.0000000000
51049  -48.535  -9.464  38.290 0.0000000000
51050  -50.390  -9.349  37.411 0.0000000000
51062  -47.771  -9.306  36.848 0.0000000000
51063  -48.223  -9.404  37.648 0.0000000000
51064  -50.013  -8.927  36.119 0.0000000000
51065  -50.376  -9.578  36.619 0.0000000000
51077  -46.581  -8.807  35.537 0.0000000000
51078  -47.067  -9.480  35.854 0.0000000000
51079  -49.849  -9.509  35.446 0.0000000000
51080  -50.214  -9.672  36.076 0.0000000000
51091  -46.545  -9.345  34.560 0.0000000000
51092  -46.810  -9.488  35.213 0.0000000000
51093  -49.589  -9.453  34.340 0.0000000000
51105  -46.326  -9.425  33.477 0.0000000000
51106  -49.429  -9.527  33.333 0.0000000000
51118  -46.061  -9.518  32.568 0.0000000000
51119  -48.878  -9.865  32.056 0.0000000000
51120  -49.229  -9.647  32.693 0.0000000000
51132  -45.542  -9.603  31.113 0.0000000000
51133  -45.776  -9.343  31.904 0.0000000000
51134  -48.574  -9.751  31.034 0.0000000000
51146  -45.219  -9.424  30.130 0.0000000000
51147  -48.544  -9.611  30.053 0.0000000000
51159  -44.574  -9.625  28.610 0.0000000000
51160  -44.914  -9.201  29.381 0.0000000000
51161  -48.833  -9.603  29.061 0.0000000000
51162  -49.345  -9.367  28.951 0.0000000000
51175  -44.137  -9.661  27.885 0.0000000000
51176  -48.892  -9.860  28.445 0.0000000000
51177  -49.573  -9.655  28.387 0.0000000000
51178  -50.440  -9.590  28.169 0.0000000000
51179  -51.226  -9.627  28.223 0.0000000000
51190  -43.453  -8.898  26.925 0.0000000000
51191  -43.674  -9.203  27.260 0.0000000000
51192  -50.109  -9.801  27.831 0.0000000000
51193  -50.698  -9.822  27.535 0.0000000000
51194  -51.574  -9.834  27.651 0.0000000000
51203  -43.296  -9.172  26.545 0.0000000000
51204  -43.535  -9.688  26.821 0.0000000000
51205  -51.089  -9.928  26.986 0.0000000000
51206  -51.639  -9.984  26.865 0.0000000000
51218  -38.863  -9.760  25.391 0.0000000000
51219  -41.451  -9.571  25.057 0.0000000000
51220  -41.814  -9.255  25.222 0.0000000000
51221  -42.631  -8.961  25.775 0.0000000000
51235  -39.061  -9.266  24.854 0.0000000000
51236  -39.880  -9.062  24.721 0.0000000000
51237  -40.949  -9.163  24.857 0.0000000000
51238  -41.420  -8.426  25.112 0.0000000000
51249  -50.769  -10.447  23.438 0.0000000000
51258  -50.064  -10.505  22.356 0.0000000000
51259  -50.486  -10.342  22.752 0.0000000000
51265  -49.903  -10.322  21.886 0.0000000000
51271  -48.668  -10.216  20.293 0.0000000000
51272  -49.314  -9.943  20.686 0.0000000000
51277  -47.727  -10.325  19.300 0.0000000000
51278  -48.282  -10.166  19.663 0.0000000000
51282  -38.979  -10.031  17.995 0.0000000000
51283  -39.271  -9.988  18.002 0.0000000000
51284  -39.966  -9.894  17.975 0.0000000000
51285  -40.823  -9.869  17.882 0.0000000000
51286  -41.664  -9.928  17.764 0.0000000000
51287  -46.800  -10.326  18.373 0.0000000000
51288  -47.393  -10.224  18.707 0.0000000000
51294  -38.987  -10.029  17.674 0.0000000000
51295  -39.567  -9.946  17.377 0.0000000000
51296  -40.385  -9.860  17.131 0.0000000000
51297  -41.347  -9.804  17.010 0.0000000000
51298  -42.396  -9.940  17.077 0.0000000000
51299  -43.309  -10.114  16.857 0.0000000000
51300  -44.045  -10.318  16.857 0.0000000000
51301  -45.990  -10.330  17.430 0.0000000000
51302  -46.528  -10.241  17.793 0.0000000000
51303  -47.662  -9.575  17.607 0.0000000000
51310  -39.032  -10.027  16.909 0.0000000000
51311  -39.792  -9.861  16.445 0.0000000000
51312  -40.850  -9.670  15.992 0.0000000000
51313  -42.026  -9.663  16.104 0.0000000000
51314  -43.059  -9.771  16.140 0.0000000000
51315  -43.973  -10.049  16.160 0.0000000000
51316  -44.888  -10.269  16.423 0.0000000000
51317  -45.882  -10.229  16.851 0.0000000000
51318  -46.867  -9.706  16.888 0.0000000000
51330  -39.120  -10.107  15.986 0.0000000000
51331  -39.910  -9.916  15.225 0.0000000000
51332  -40.907  -9.704  14.919 0.0000000000
51333  -41.759  -9.625  15.096 0.0000000000
51334  -42.788  -9.675  15.199 0.0000000000
51335  -43.811  -9.794  15.272 0.0000000000
51336  -44.748  -9.860  15.451 0.0000000000
51337  -45.760  -9.708  15.565 0.0000000000
51338  -46.630  -9.484  16.116 0.0000000000
51359  -42.545  -9.776  14.213 0.0000000000
51360  -43.582  -9.698  14.291 0.0000000000
51361  -44.754  -9.420  14.396 0.0000000000
51362  -45.298  -9.565  14.981 0.0000000000
51373  -43.334  -9.803  13.279 0.0000000000
51374  -44.247  -9.359  13.349 0.0000000000
52122  -48.854  -7.864  38.348 0.0000000000
52123  -49.329  -8.053  38.416 0.0000000000
52124  -49.932  -8.086  38.238 0.0000000000
52137  -48.040  -7.734  37.560 0.0000000000
52138  -48.486  -8.117  38.056 0.0000000000
52139  -50.243  -8.147  37.555 0.0000000000
52152  -47.067  -7.360  36.582 0.0000000000
52153  -47.433  -7.903  36.935 0.0000000000
52154  -49.920  -8.025  36.131 0.0000000000
52155  -50.218  -8.393  36.736 0.0000000000
52169  -46.616  -7.687  36.079 0.0000000000
52170  -46.951  -8.657  36.324 0.0000000000
52171  -49.716  -8.107  35.480 0.0000000000
52185  -46.251  -8.004  34.955 0.0000000000
52186  -49.637  -8.186  34.535 0.0000000000
52199  -46.120  -8.311  33.915 0.0000000000
52200  -49.725  -8.270  33.537 0.0000000000
52213  -45.575  -7.796  32.600 0.0000000000
52214  -46.006  -8.554  33.012 0.0000000000
52215  -49.107  -9.122  31.457 0.0000000000
52216  -49.576  -8.636  32.417 0.0000000000
52226  -45.537  -8.251  31.678 0.0000000000
52227  -45.812  -8.704  32.336 0.0000000000
52228  -49.055  -9.077  30.607 0.0000000000
52229  -49.622  -8.455  31.269 0.0000000000
52240  -45.245  -8.333  30.717 0.0000000000
52241  -49.135  -9.152  29.709 0.0000000000
52242  -49.598  -8.604  30.199 0.0000000000
52253  -44.580  -8.235  29.009 0.0000000000
52254  -44.876  -8.233  29.889 0.0000000000
52255  -49.259  -9.272  29.223 0.0000000000
52256  -49.821  -9.019  29.153 0.0000000000
52257  -50.832  -8.847  29.340 0.0000000000
52258  -51.743  -8.846  29.581 0.0000000000
52274  -44.099  -8.499  28.118 0.0000000000
52275  -50.138  -9.355  28.550 0.0000000000
52276  -50.696  -9.313  28.697 0.0000000000
52277  -51.528  -9.369  28.927 0.0000000000
52291  -43.321  -8.238  26.955 0.0000000000
52292  -43.636  -8.042  27.543 0.0000000000
52300  -42.867  -8.178  26.336 0.0000000000
52310  -41.946  -8.213  25.488 0.0000000000
52311  -42.362  -7.973  25.931 0.0000000000
52326  -38.126  -8.310  24.563 0.0000000000
52327  -39.090  -8.149  24.490 0.0000000000
52328  -40.023  -7.981  24.630 0.0000000000
52329  -40.786  -7.769  24.985 0.0000000000
52330  -41.293  -7.562  25.457 0.0000000000
52345  -44.187  -7.891  23.238 0.0000000000
52346  -44.571  -8.076  23.234 0.0000000000
52347  -45.298  -8.227  23.162 0.0000000000
52361  -42.433  -7.664  22.334 0.0000000000
52362  -42.890  -7.755  22.426 0.0000000000
52363  -43.902  -7.974  22.779 0.0000000000
52364  -44.838  -8.317  22.528 0.0000000000
52365  -45.725  -8.272  22.548 0.0000000000
52374  -40.559  -7.812  21.198 0.0000000000
52375  -41.085  -7.891  21.429 0.0000000000
52376  -42.159  -7.878  21.894 0.0000000000
52377  -43.249  -8.120  21.803 0.0000000000
52378  -44.257  -8.295  21.769 0.0000000000
52379  -45.239  -8.330  21.691 0.0000000000
52380  -46.106  -8.117  21.744 0.0000000000
52388  -40.046  -7.922  20.080 0.0000000000
52389  -40.555  -7.967  20.616 0.0000000000
52390  -41.535  -8.231  20.888 0.0000000000
52391  -42.604  -8.322  21.063 0.0000000000
52392  -43.656  -8.337  21.045 0.0000000000
52393  -44.688  -8.282  20.915 0.0000000000
52394  -45.747  -8.018  20.820 0.0000000000
52395  -46.337  -7.882  21.228 0.0000000000
52403  -40.337  -8.005  19.816 0.0000000000
52404  -40.961  -8.164  19.996 0.0000000000
52405  -41.995  -8.364  20.313 0.0000000000
52406  -43.118  -8.424  20.512 0.0000000000
52407  -44.104  -8.299  20.395 0.0000000000
52408  -45.163  -7.923  20.060 0.0000000000
52409  -45.720  -7.826  20.206 0.0000000000
52416  -42.878  -8.456  20.277 0.0000000000
52417  -43.619  -8.378  20.216 0.0000000000
52418  -44.508  -8.122  19.940 0.0000000000
52419  -45.266  -7.712  19.338 0.0000000000
52425  -44.263  -7.780  18.216 0.0000000000
52426  -45.582  -7.517  18.628 0.0000000000
52440  -46.065  -9.336  15.132 0.0000000000
52456  -45.363  -8.844  13.968 0.0000000000
52457  -45.914  -9.017  14.595 0.0000000000
52469  -45.049  -8.835  13.369 0.0000000000
53207  -48.582  -7.306  38.055 0.0000000000
53208  -49.038  -7.136  38.263 0.0000000000
53209  -49.580  -7.348  38.189 0.0000000000
53222  -47.767  -7.149  37.397 0.0000000000
53223  -48.244  -7.235  37.775 0.0000000000
53224  -49.465  -6.743  37.904 0.0000000000
53225  -49.991  -6.988  37.647 0.0000000000
53239  -46.905  -6.985  36.442 0.0000000000
53240  -47.341  -7.057  36.897 0.0000000000
53241  -50.077  -7.609  36.358 0.0000000000
53242  -50.185  -7.025  36.668 0.0000000000
53257  -46.547  -6.919  36.019 0.0000000000
53258  -50.049  -6.993  35.765 0.0000000000
53259  -50.233  -6.483  36.050 0.0000000000
53273  -46.177  -6.992  35.370 0.0000000000
53274  -49.895  -6.911  34.735 0.0000000000
53291  -45.484  -6.504  33.755 0.0000000000
53292  -45.646  -7.041  34.241 0.0000000000
53293  -49.950  -6.904  33.750 0.0000000000
53312  -45.295  -6.762  33.128 0.0000000000
53313  -45.688  -7.666  33.382 0.0000000000
53314  -50.207  -7.043  32.936 0.0000000000
53336  -44.443  -6.426  31.513 0.0000000000
53337  -44.975  -7.071  32.123 0.0000000000
53338  -50.269  -7.364  32.156 0.0000000000
53339  -50.870  -7.148  32.311 0.0000000000
53340  -52.551  -6.768  32.405 0.0000000000
53341  -53.417  -6.711  32.242 0.0000000000
53342  -53.831  -6.628  32.035 0.0000000000
53361  -44.099  -6.671  30.803 0.0000000000
53362  -44.804  -7.302  31.246 0.0000000000
53363  -50.250  -8.092  30.821 0.0000000000
53364  -51.043  -7.549  31.306 0.0000000000
53365  -52.096  -7.370  31.469 0.0000000000
53366  -53.144  -7.391  31.352 0.0000000000
53367  -53.856  -7.213  31.348 0.0000000000
53368  -54.171  -7.045  31.192 0.0000000000
53385  -43.255  -6.546  29.173 0.0000000000
53386  -43.889  -7.052  29.844 0.0000000000
53387  -44.602  -7.464  30.507 0.0000000000
53388  -47.405  -7.038  28.882 0.0000000000
53389  -48.104  -7.011  28.875 0.0000000000
53390  -48.518  -6.869  28.816 0.0000000000
53391  -50.228  -8.436  29.858 0.0000000000
53392  -50.968  -8.262  30.157 0.0000000000
53393  -51.915  -8.185  30.393 0.0000000000
53394  -52.883  -8.130  30.380 0.0000000000
53410  -43.084  -6.689  28.463 0.0000000000
53411  -43.793  -7.347  28.774 0.0000000000
53412  -46.925  -7.115  28.327 0.0000000000
53413  -47.801  -7.235  28.201 0.0000000000
53414  -48.644  -6.961  28.236 0.0000000000
53415  -49.115  -6.783  27.998 0.0000000000
53423  -42.125  -6.616  27.292 0.0000000000
53424  -42.845  -7.052  27.647 0.0000000000
53425  -43.555  -7.471  28.087 0.0000000000
53426  -45.666  -6.723  27.154 0.0000000000
53427  -46.376  -7.084  27.473 0.0000000000
53428  -47.375  -7.353  27.405 0.0000000000
53429  -48.304  -7.259  27.371 0.0000000000
53430  -49.178  -6.918  27.400 0.0000000000
53431  -49.683  -6.748  27.101 0.0000000000
53438  -41.875  -6.769  26.804 0.0000000000
53439  -42.610  -7.348  26.880 0.0000000000
53440  -44.749  -6.062  26.283 0.0000000000
53441  -45.251  -6.566  26.470 0.0000000000
53442  -46.021  -7.202  26.473 0.0000000000
53443  -46.918  -7.461  26.504 0.0000000000
53444  -47.873  -7.433  26.477 0.0000000000
53445  -48.788  -7.254  26.481 0.0000000000
53446  -49.580  -6.975  26.523 0.0000000000
53453  -40.867  -6.534  26.061 0.0000000000
53454  -41.553  -7.095  26.122 0.0000000000
53455  -42.315  -7.466  26.372 0.0000000000
53456  -44.359  -5.758  25.819 0.0000000000
53457  -44.846  -6.469  25.580 0.0000000000
53458  -45.557  -7.169  25.575 0.0000000000
53459  -46.437  -7.508  25.558 0.0000000000
53460  -47.379  -7.561  25.541 0.0000000000
53461  -48.327  -7.417  25.532 0.0000000000
53462  -49.254  -7.217  25.576 0.0000000000
53472  -37.300  -7.390  24.488 0.0000000000
53473  -38.223  -7.137  24.505 0.0000000000
53474  -39.148  -6.895  24.665 0.0000000000
53475  -39.951  -6.757  25.131 0.0000000000
53476  -40.615  -6.754  25.634 0.0000000000
53477  -41.092  -7.015  25.813 0.0000000000
53478  -43.369  -5.783  24.497 0.0000000000
53479  -43.966  -5.977  24.793 0.0000000000
53480  -44.918  -7.152  24.690 0.0000000000
53481  -45.843  -7.652  24.650 0.0000000000
53482  -46.809  -7.722  24.581 0.0000000000
53483  -47.776  -7.541  24.558 0.0000000000
53484  -48.717  -7.287  24.565 0.0000000000
53485  -49.633  -7.068  24.640 0.0000000000
53493  -36.030  -6.791  24.041 0.0000000000
53494  -41.374  -5.961  23.079 0.0000000000
53495  -41.814  -6.134  23.359 0.0000000000
53496  -42.990  -6.247  23.944 0.0000000000
53497  -44.082  -7.447  23.678 0.0000000000
53498  -45.141  -7.880  23.868 0.0000000000
53499  -46.111  -8.011  23.577 0.0000000000
53500  -47.173  -7.765  23.580 0.0000000000
53501  -48.115  -7.435  23.564 0.0000000000
53502  -49.069  -7.065  23.567 0.0000000000
53503  -49.846  -6.827  23.886 0.0000000000
53513  -39.387  -6.222  21.883 0.0000000000
53514  -39.937  -6.293  22.127 0.0000000000
53515  -41.060  -6.350  22.690 0.0000000000
53516  -42.213  -7.266  22.729 0.0000000000
53517  -43.295  -7.487  23.164 0.0000000000
53518  -43.770  -7.697  23.212 0.0000000000
53519  -46.595  -7.978  22.619 0.0000000000
53520  -47.461  -7.608  22.604 0.0000000000
53521  -48.370  -7.293  22.581 0.0000000000
53522  -49.150  -6.985  22.593 0.0000000000
53530  -37.671  -6.705  21.000 0.0000000000
53531  -38.186  -6.737  21.102 0.0000000000
53532  -39.199  -6.805  21.452 0.0000000000
53533  -40.337  -7.400  21.682 0.0000000000
53534  -41.443  -7.508  22.168 0.0000000000
53535  -41.953  -7.587  22.244 0.0000000000
53536  -46.799  -7.744  21.741 0.0000000000
53537  -47.639  -7.441  21.642 0.0000000000
53538  -48.706  -7.116  21.627 0.0000000000
53539  -49.308  -6.888  22.095 0.0000000000
53545  -36.891  -6.896  20.052 0.0000000000
53546  -37.500  -6.957  20.449 0.0000000000
53547  -38.480  -7.242  20.461 0.0000000000
53548  -39.656  -7.612  20.535 0.0000000000
53549  -40.278  -7.739  21.018 0.0000000000
53550  -46.032  -7.782  20.338 0.0000000000
53551  -46.683  -7.628  20.723 0.0000000000
53552  -47.844  -7.281  20.705 0.0000000000
53553  -48.640  -7.012  20.750 0.0000000000
53558  -37.098  -7.018  19.730 0.0000000000
53559  -37.713  -7.226  19.533 0.0000000000
53560  -38.756  -7.524  19.475 0.0000000000
53561  -39.734  -7.778  19.339 0.0000000000
53562  -40.455  -7.854  19.104 0.0000000000
53563  -41.019  -8.020  19.361 0.0000000000
53564  -45.531  -7.670  19.448 0.0000000000
53565  -46.060  -7.629  19.741 0.0000000000
53566  -47.147  -7.322  19.787 0.0000000000
53567  -48.297  -6.919  19.906 0.0000000000
53568  -48.843  -6.831  20.412 0.0000000000
53573  -38.084  -7.243  18.560 0.0000000000
53574  -38.979  -7.535  18.375 0.0000000000
53575  -39.948  -7.653  18.022 0.0000000000
53576  -40.696  -7.635  18.126 0.0000000000
53577  -41.919  -7.781  18.464 0.0000000000
53578  -42.833  -7.828  18.357 0.0000000000
53579  -43.343  -7.886  18.441 0.0000000000
53580  -45.842  -7.501  18.807 0.0000000000
53581  -46.645  -7.286  18.880 0.0000000000
53582  -47.506  -6.954  19.027 0.0000000000
53583  -48.284  -6.626  19.060 0.0000000000
53586  -38.387  -7.231  17.757 0.0000000000
53587  -39.063  -7.392  17.116 0.0000000000
53588  -40.025  -7.475  16.982 0.0000000000
53589  -40.687  -7.466  17.153 0.0000000000
53590  -41.340  -7.320  16.960 0.0000000000
53591  -42.671  -7.510  17.581 0.0000000000
53592  -43.695  -7.623  17.845 0.0000000000
53593  -45.811  -7.304  17.866 0.0000000000
53594  -46.349  -7.214  18.057 0.0000000000
53595  -47.224  -6.870  18.149 0.0000000000
53596  -47.774  -6.724  18.612 0.0000000000
53602  -39.089  -6.961  16.015 0.0000000000
53603  -39.834  -7.203  16.274 0.0000000000
53604  -40.644  -7.257  16.393 0.0000000000
53605  -41.421  -7.168  16.419 0.0000000000
53606  -42.516  -6.792  16.153 0.0000000000
53607  -44.021  -6.564  16.322 0.0000000000
53608  -45.304  -6.854  16.803 0.0000000000
53609  -46.158  -6.968  17.315 0.0000000000
53610  -46.662  -6.930  17.644 0.0000000000
53617  -39.217  -6.703  15.450 0.0000000000
53618  -39.750  -6.845  15.550 0.0000000000
53619  -40.539  -6.962  15.694 0.0000000000
53620  -41.367  -6.991  15.849 0.0000000000
53621  -41.925  -6.952  15.975 0.0000000000
54403  -48.383  -6.945  37.867 0.0000000000
54404  -48.606  -6.826  37.953 0.0000000000
54417  -47.661  -6.769  37.155 0.0000000000
54418  -48.172  -6.520  37.512 0.0000000000
54419  -49.007  -6.298  37.801 0.0000000000
54420  -49.668  -6.101  37.395 0.0000000000
54433  -46.844  -6.676  36.218 0.0000000000
54434  -47.388  -6.379  36.643 0.0000000000
54435  -47.984  -6.106  37.093 0.0000000000
54436  -50.132  -5.976  36.845 0.0000000000
54451  -46.625  -6.421  35.787 0.0000000000
54452  -47.046  -5.931  35.919 0.0000000000
54453  -50.276  -6.124  35.683 0.0000000000
54454  -50.320  -5.896  36.090 0.0000000000
54469  -46.114  -6.144  34.896 0.0000000000
54470  -46.614  -5.981  35.448 0.0000000000
54471  -50.196  -5.738  35.062 0.0000000000
54472  -50.336  -5.704  35.582 0.0000000000
54486  -45.567  -6.148  33.545 0.0000000000
54487  -45.677  -6.267  34.102 0.0000000000
54488  -49.846  -5.150  33.426 0.0000000000
54489  -50.130  -5.780  33.988 0.0000000000
54502  -45.383  -6.160  32.845 0.0000000000
54503  -48.645  -5.554  32.333 0.0000000000
54504  -49.538  -5.277  32.663 0.0000000000
54505  -50.285  -5.707  33.128 0.0000000000
54506  -52.924  -5.155  33.603 0.0000000000
54507  -53.376  -4.995  33.380 0.0000000000
54524  -44.533  -5.799  31.467 0.0000000000
54525  -44.918  -6.251  32.222 0.0000000000
54526  -47.280  -6.173  31.334 0.0000000000
54527  -48.275  -6.076  31.507 0.0000000000
54528  -49.088  -5.593  31.833 0.0000000000
54529  -49.798  -5.382  32.475 0.0000000000
54530  -50.818  -6.182  32.964 0.0000000000
54531  -51.865  -5.962  33.239 0.0000000000
54532  -52.845  -6.028  33.152 0.0000000000
54533  -53.811  -5.833  32.633 0.0000000000
54534  -54.240  -5.627  31.941 0.0000000000
54549  -43.642  -5.703  30.268 0.0000000000
54550  -43.918  -5.937  30.943 0.0000000000
54551  -45.926  -5.890  30.166 0.0000000000
54552  -46.891  -6.388  30.388 0.0000000000
54553  -47.924  -6.528  30.540 0.0000000000
54554  -48.848  -6.183  30.772 0.0000000000
54555  -49.422  -5.507  31.174 0.0000000000
54556  -51.298  -7.068  32.216 0.0000000000
54557  -51.724  -6.716  32.522 0.0000000000
54558  -54.071  -6.681  31.751 0.0000000000
54559  -54.460  -6.487  31.233 0.0000000000
54560  -54.812  -5.964  30.834 0.0000000000
54566  -43.076  -5.965  29.732 0.0000000000
54567  -43.528  -6.214  30.426 0.0000000000
54568  -45.764  -6.057  29.292 0.0000000000
54569  -46.632  -6.624  29.330 0.0000000000
54570  -47.590  -6.785  29.591 0.0000000000
54571  -48.590  -6.678  29.482 0.0000000000
54572  -49.468  -5.849  29.873 0.0000000000
54573  -49.926  -5.480  29.484 0.0000000000
54581  -42.742  -5.953  28.830 0.0000000000
54582  -44.605  -5.456  28.374 0.0000000000
54583  -45.278  -5.804  28.609 0.0000000000
54584  -46.111  -6.559  28.484 0.0000000000
54585  -48.750  -6.778  28.751 0.0000000000
54586  -49.260  -6.577  28.570 0.0000000000
54587  -50.151  -5.916  28.698 0.0000000000
54588  -50.773  -5.785  28.161 0.0000000000
54594  -42.063  -6.202  27.683 0.0000000000
54595  -42.412  -6.099  28.162 0.0000000000
54596  -44.275  -5.355  27.892 0.0000000000
54597  -45.003  -5.950  27.486 0.0000000000
54598  -45.687  -6.464  27.844 0.0000000000
54599  -49.345  -6.703  27.893 0.0000000000
54600  -49.787  -6.553  27.713 0.0000000000
54601  -50.579  -6.238  27.581 0.0000000000
54608  -41.104  -5.455  26.848 0.0000000000
54609  -41.448  -5.791  27.203 0.0000000000
54610  -44.247  -5.467  26.869 0.0000000000
54611  -44.827  -6.028  26.768 0.0000000000
54612  -50.150  -6.622  26.851 0.0000000000
54613  -50.965  -6.349  26.545 0.0000000000
54614  -51.540  -6.069  26.077 0.0000000000
54621  -40.446  -5.288  26.024 0.0000000000
54622  -40.778  -5.657  26.453 0.0000000000
54623  -41.311  -6.351  26.752 0.0000000000
54624  -43.119  -4.932  25.558 0.0000000000
54625  -43.545  -5.134  25.817 0.0000000000
54626  -50.222  -6.881  25.738 0.0000000000
54627  -51.052  -6.392  25.435 0.0000000000
54628  -51.762  -5.865  25.305 0.0000000000
54636  -36.689  -6.798  24.226 0.0000000000
54637  -37.400  -6.411  24.207 0.0000000000
54638  -38.319  -5.822  24.431 0.0000000000
54639  -39.242  -5.636  24.973 0.0000000000
54640  -40.100  -5.499  25.667 0.0000000000
54641  -40.460  -6.118  26.078 0.0000000000
54642  -42.377  -5.024  24.768 0.0000000000
54643  -42.960  -5.219  24.934 0.0000000000
54644  -43.547  -5.400  25.130 0.0000000000
54645  -50.424  -6.690  24.586 0.0000000000
54646  -51.157  -6.154  24.401 0.0000000000
54654  -36.481  -6.359  23.547 0.0000000000
54655  -37.569  -5.708  23.500 0.0000000000
54656  -38.388  -5.185  23.789 0.0000000000
54657  -40.708  -4.981  23.190 0.0000000000
54658  -41.157  -5.370  23.294 0.0000000000
54659  -42.105  -5.289  24.302 0.0000000000
54660  -42.730  -5.570  24.350 0.0000000000
54661  -49.633  -6.775  23.212 0.0000000000
54662  -50.371  -6.448  23.491 0.0000000000
54675  -36.570  -6.055  22.652 0.0000000000
54676  -37.611  -5.720  22.516 0.0000000000
54677  -38.371  -5.658  22.234 0.0000000000
54678  -39.284  -5.613  22.188 0.0000000000
54679  -40.390  -5.244  22.789 0.0000000000
54680  -40.900  -5.618  22.875 0.0000000000
54681  -49.743  -6.650  22.578 0.0000000000
54682  -50.473  -6.228  22.496 0.0000000000
54694  -36.625  -6.271  21.718 0.0000000000
54695  -37.641  -6.350  21.516 0.0000000000
54696  -38.642  -6.201  21.697 0.0000000000
54697  -39.137  -6.190  21.785 0.0000000000
54698  -49.042  -6.957  21.192 0.0000000000
54699  -49.606  -6.689  21.658 0.0000000000
54706  -36.702  -6.628  20.651 0.0000000000
54707  -37.369  -6.689  20.919 0.0000000000
54708  -49.209  -6.803  20.844 0.0000000000
54709  -49.840  -6.543  20.978 0.0000000000
54716  -37.108  -6.957  19.312 0.0000000000
54717  -48.959  -6.513  19.579 0.0000000000
54718  -49.337  -6.584  20.270 0.0000000000
54723  -37.274  -6.826  18.732 0.0000000000
54724  -49.188  -6.343  19.061 0.0000000000
54730  -37.640  -6.698  17.532 0.0000000000
54731  -38.320  -7.071  17.228 0.0000000000
54732  -47.785  -6.529  17.794 0.0000000000
54733  -48.328  -6.468  18.372 0.0000000000
54739  -38.303  -6.831  16.545 0.0000000000
54740  -42.946  -6.487  15.807 0.0000000000
54741  -43.626  -6.368  15.960 0.0000000000
54742  -44.738  -6.374  16.201 0.0000000000
54743  -45.902  -6.558  16.561 0.0000000000
54744  -47.160  -6.588  17.184 0.0000000000
54745  -48.695  -6.260  17.616 0.0000000000
54752  -38.580  -6.403  15.355 0.0000000000
54753  -39.546  -6.512  14.966 0.0000000000
54754  -40.392  -6.610  15.001 0.0000000000
54755  -41.297  -6.600  15.202 0.0000000000
54756  -42.313  -6.527  15.553 0.0000000000
54757  -43.317  -6.179  15.543 0.0000000000
54758  -44.276  -5.865  15.590 0.0000000000
54759  -45.437  -5.983  15.928 0.0000000000
54760  -46.760  -6.137  16.168 0.0000000000
54761  -48.449  -6.143  16.536 0.0000000000
54776  -39.361  -5.838  14.382 0.0000000000
54777  -40.195  -6.159  14.457 0.0000000000
54778  -41.108  -6.092  14.456 0.0000000000
54779  -42.047  -6.069  14.839 0.0000000000
54780  -43.044  -5.924  15.080 0.0000000000
54781  -43.688  -5.826  15.268 0.0000000000
54786  -39.808  -5.437  13.960 0.0000000000
54787  -40.224  -5.684  14.051 0.0000000000
54788  -40.660  -5.871  14.193 0.0000000000
55511  -48.254  -5.958  37.244 0.0000000000
55512  -48.720  -5.728  37.338 0.0000000000
55513  -49.378  -5.604  37.284 0.0000000000
55519  -47.520  -5.866  36.322 0.0000000000
55520  -48.226  -5.581  36.643 0.0000000000
55521  -49.311  -5.029  36.768 0.0000000000
55522  -49.919  -5.264  36.874 0.0000000000
55528  -47.603  -5.612  35.967 0.0000000000
55529  -48.323  -5.213  35.756 0.0000000000
55530  -49.909  -4.694  36.229 0.0000000000
55531  -50.312  -5.135  36.185 0.0000000000
55535  -46.362  -5.820  34.681 0.0000000000
55536  -47.098  -5.608  35.095 0.0000000000
55537  -48.690  -4.985  35.023 0.0000000000
55538  -49.880  -4.763  35.264 0.0000000000
55539  -50.336  -5.330  35.609 0.0000000000
55545  -45.739  -5.928  33.619 0.0000000000
55546  -46.132  -5.773  34.059 0.0000000000
55547  -47.577  -5.414  34.035 0.0000000000
55548  -49.094  -4.949  33.940 0.0000000000
55549  -50.070  -5.026  34.246 0.0000000000
55556  -45.733  -5.923  33.230 0.0000000000
55557  -46.539  -5.724  33.116 0.0000000000
55558  -47.942  -5.502  32.957 0.0000000000
55559  -49.108  -5.284  33.047 0.0000000000
55560  -51.786  -3.870  33.510 0.0000000000
55561  -52.174  -4.412  34.135 0.0000000000
55562  -53.014  -4.409  33.761 0.0000000000
55569  -44.782  -5.543  31.269 0.0000000000
55570  -45.463  -5.801  32.069 0.0000000000
55571  -46.805  -5.885  32.164 0.0000000000
55572  -47.775  -5.842  32.058 0.0000000000
55573  -49.822  -4.745  32.206 0.0000000000
55574  -50.127  -4.679  32.920 0.0000000000
55575  -51.213  -4.535  33.753 0.0000000000
55576  -52.188  -5.240  33.739 0.0000000000
55577  -53.543  -4.646  33.053 0.0000000000
55578  -54.092  -4.917  32.264 0.0000000000
55587  -43.876  -5.448  30.085 0.0000000000
55588  -44.303  -5.471  30.590 0.0000000000
55589  -45.207  -5.488  30.885 0.0000000000
55590  -46.193  -5.880  31.196 0.0000000000
55591  -49.786  -5.015  31.421 0.0000000000
55592  -50.293  -4.638  31.728 0.0000000000
55593  -50.956  -4.203  32.454 0.0000000000
55594  -54.573  -5.289  31.354 0.0000000000
55600  -43.605  -5.507  29.614 0.0000000000
55601  -44.154  -5.334  29.696 0.0000000000
55602  -45.021  -5.411  29.776 0.0000000000
55603  -49.656  -5.299  30.669 0.0000000000
55604  -50.111  -5.022  30.248 0.0000000000
55605  -51.304  -4.286  30.788 0.0000000000
55606  -52.185  -3.954  30.267 0.0000000000
55612  -43.208  -5.459  28.854 0.0000000000
55613  -43.940  -5.255  28.805 0.0000000000
55614  -44.564  -5.370  29.068 0.0000000000
55615  -50.250  -5.353  29.316 0.0000000000
55616  -50.961  -5.116  28.956 0.0000000000
55617  -52.090  -4.421  29.387 0.0000000000
55625  -42.129  -5.448  27.589 0.0000000000
55626  -42.809  -5.362  27.955 0.0000000000
55627  -43.598  -5.156  27.931 0.0000000000
55628  -51.313  -5.723  27.468 0.0000000000
55629  -52.080  -4.916  27.990 0.0000000000
55636  -41.255  -5.010  26.728 0.0000000000
55637  -41.915  -4.829  26.952 0.0000000000
55638  -42.618  -4.820  27.095 0.0000000000
55639  -43.345  -4.871  27.075 0.0000000000
55640  -51.509  -5.929  26.632 0.0000000000
55641  -52.096  -5.372  26.470 0.0000000000
55645  -40.585  -4.889  25.803 0.0000000000
55646  -41.165  -4.630  26.002 0.0000000000
55647  -41.885  -4.511  26.112 0.0000000000
55648  -42.725  -4.644  26.057 0.0000000000
55649  -43.076  -4.720  26.510 0.0000000000
55656  -38.917  -4.910  24.280 0.0000000000
55657  -39.698  -4.764  24.662 0.0000000000
55658  -40.444  -4.622  24.963 0.0000000000
55659  -41.128  -4.509  25.184 0.0000000000
55660  -41.987  -4.664  25.152 0.0000000000
55661  -42.413  -4.679  25.534 0.0000000000
55668  -38.230  -5.185  23.130 0.0000000000
55669  -38.846  -4.774  23.443 0.0000000000
55670  -39.539  -4.572  23.727 0.0000000000
55671  -40.420  -4.653  23.736 0.0000000000
55672  -41.163  -4.708  24.334 0.0000000000
55673  -41.613  -4.709  24.722 0.0000000000
55684  -38.257  -5.346  22.679 0.0000000000
55685  -38.741  -5.089  22.730 0.0000000000
55686  -39.480  -4.784  22.912 0.0000000000
55687  -39.997  -4.631  23.211 0.0000000000
55740  -44.451  -5.576  15.284 0.0000000000
55741  -44.963  -5.500  15.405 0.0000000000
55742  -46.137  -5.512  15.517 0.0000000000
55743  -47.603  -5.579  15.562 0.0000000000
55758  -41.346  -5.790  14.172 0.0000000000
55759  -41.791  -5.730  14.247 0.0000000000
55760  -42.770  -5.530  14.479 0.0000000000
55761  -44.131  -5.347  14.839 0.0000000000
55762  -45.493  -5.019  14.947 0.0000000000
55763  -46.705  -4.850  15.023 0.0000000000
55764  -48.086  -4.610  15.036 0.0000000000
55774  -39.445  -5.028  13.810 0.0000000000
55775  -40.243  -5.138  13.593 0.0000000000
55776  -41.171  -5.507  13.819 0.0000000000
55777  -42.324  -5.226  13.828 0.0000000000
55778  -43.348  -4.902  14.027 0.0000000000
55779  -44.228  -4.588  14.093 0.0000000000
56564  -49.040  -4.830  36.174 0.0000000000
56565  -49.544  -4.693  36.247 0.0000000000
56573  -49.066  -4.749  35.642 0.0000000000
56574  -49.591  -4.644  35.792 0.0000000000
56579  -49.455  -4.701  35.464 0.0000000000
56580  -49.709  -4.661  35.523 0.0000000000
56591  -51.508  -4.032  34.036 0.0000000000
56592  -51.834  -3.773  34.136 0.0000000000
56593  -52.493  -3.846  33.969 0.0000000000
56598  -51.622  -3.846  33.766 0.0000000000
56599  -52.121  -3.669  33.542 0.0000000000
56600  -53.017  -3.816  33.193 0.0000000000
56601  -53.648  -4.197  32.463 0.0000000000
56610  -51.587  -3.815  33.097 0.0000000000
56611  -52.355  -3.667  32.575 0.0000000000
56612  -53.276  -3.758  31.950 0.0000000000
56613  -54.161  -4.239  31.406 0.0000000000
56614  -54.714  -4.624  30.657 0.0000000000
56620  -51.700  -3.836  32.065 0.0000000000
56621  -52.492  -3.673  31.149 0.0000000000
56622  -53.698  -3.800  30.406 0.0000000000
56623  -54.537  -4.055  30.096 0.0000000000
56629  -52.904  -3.894  29.808 0.0000000000
56630  -53.781  -3.614  29.003 0.0000000000
56638  -52.993  -4.219  28.533 0.0000000000
56647  -52.912  -4.381  27.195 0.0000000000
56733  -45.070  -4.559  14.350 0.0000000000
56734  -46.057  -4.406  14.479 0.0000000000
56735  -47.011  -3.961  14.500 0.0000000000
56748  -39.994  -4.195  13.105 0.0000000000
56749  -40.962  -4.639  13.142 0.0000000000
56750  -41.941  -4.716  13.293 0.0000000000
56751  -42.863  -4.512  13.497 0.0000000000
56752  -43.808  -4.055  13.524 0.0000000000
56753  -44.814  -3.980  13.779 0.0000000000
56754  -45.758  -3.941  14.013 0.0000000000
56755  -46.364  -3.924  14.223 0.0000000000
56763  -40.367  -3.605  12.809 0.0000000000
56764  -40.842  -3.818  12.778 0.0000000000
56765  -41.708  -3.961  12.869 0.0000000000
56766  -42.620  -3.983  13.095 0.0000000000
56767  -43.211  -3.994  13.286 0.0000000000
57725  -47.021  -3.472  14.312 0.0000000000
57737  -43.933  -3.546  13.359 0.0000000000
57738  -44.448  -3.253  13.388 0.0000000000
57739  -45.525  -3.199  13.650 0.0000000000
57740  -46.646  -3.228  14.081 0.0000000000
57750  -40.032  -3.179  12.838 0.0000000000
57751  -40.689  -3.058  12.681 0.0000000000
57752  -41.483  -3.092  12.673 0.0000000000
57753  -42.441  -3.147  12.821 0.0000000000
57754  -43.566  -3.258  13.160 0.0000000000
57755  -44.209  -2.816  13.229 0.0000000000
58726  -44.527  -2.626  13.274 0.0000000000
58727  -45.163  -2.338  13.362 0.0000000000
58735  -40.374  -2.269  12.761 0.0000000000
58736  -41.179  -2.184  12.608 0.0000000000
58737  -42.116  -2.188  12.648 0.0000000000
58738  -43.142  -2.207  12.855 0.0000000000
58739  -44.267  -2.095  13.147 0.0000000000
59667  -40.787  -1.283  12.672 0.0000000000
59668  -41.734  -1.129  12.456 0.0000000000
59669  -42.728  -1.355  12.539 0.0000000000
59670  -43.728  -1.289  12.690 0.0000000000
59690  -41.903  -0.606  12.197 0.0000000000
59691  -42.378  -0.693  12.155 0.0000000000
59692  -43.273  -0.750  12.117 0.0000000000
60644  -41.130  -0.270  12.306 0.0000000000
60645  -41.655  -0.523  12.227 0.0000000000
60656  -41.349  0.163  11.939 0.0000000000
60657  -41.826  -0.120  11.746 0.0000000000
60658  -42.782  -0.352  11.472 0.0000000000
60659  -43.760  -0.465  11.286 0.0000000000
60674  -41.882  0.197  11.280 0.0000000000
60675  -42.276  0.112  11.014 0.0000000000
60676  -43.243  0.009  10.510 0.0000000000
60696  -43.397  0.317  10.024 0.0000000000
60697  -43.924  0.192  9.895 0.0000000000
61782  -40.940  0.649  11.865 0.0000000000
61783  -41.416  0.325  11.673 0.0000000000
61797  -40.911  1.147  11.384 0.0000000000
61798  -41.564  0.651  11.094 0.0000000000
61799  -42.570  0.718  10.291 0.0000000000
61800  -43.131  0.433  10.117 0.0000000000
61815  -42.801  1.109  9.919 0.0000000000
61816  -43.364  0.822  9.794 0.0000000000
62702  -41.871  1.646  10.229 0.0000000000
62703  -42.512  1.285  10.028 0.0000000000
62718  -42.846  1.731  9.738 0.0000000000
