#!ascii label  , from subject FREESURFER vox2ras=TkReg 
2252
51163  -53.757  -9.471  29.402 0.0000000000
51164  -54.029  -9.379  29.571 0.0000000000
51180  -52.080  -9.680  28.480 0.0000000000
51181  -53.108  -9.624  28.964 0.0000000000
51182  -54.132  -9.567  29.074 0.0000000000
51183  -54.846  -9.336  28.736 0.0000000000
51195  -52.379  -9.887  27.876 0.0000000000
51196  -53.300  -9.776  28.047 0.0000000000
51197  -54.243  -9.493  27.990 0.0000000000
51198  -55.205  -9.217  27.914 0.0000000000
51207  -52.487  -9.953  27.032 0.0000000000
51208  -53.395  -9.643  26.957 0.0000000000
51209  -54.468  -9.225  26.766 0.0000000000
51210  -55.465  -8.970  26.967 0.0000000000
51222  -51.763  -10.028  26.165 0.0000000000
51223  -52.477  -9.768  26.001 0.0000000000
51224  -53.394  -9.278  25.666 0.0000000000
51225  -54.292  -8.920  25.632 0.0000000000
51239  -51.676  -10.065  25.224 0.0000000000
51240  -52.357  -9.554  24.722 0.0000000000
51241  -53.104  -9.125  24.623 0.0000000000
51250  -51.275  -10.184  23.877 0.0000000000
51251  -52.092  -9.431  23.505 0.0000000000
51260  -51.333  -9.461  22.507 0.0000000000
51261  -52.056  -9.073  22.750 0.0000000000
51266  -50.420  -9.599  21.593 0.0000000000
51267  -51.001  -9.227  21.776 0.0000000000
51273  -50.040  -9.492  20.898 0.0000000000
51279  -49.018  -9.474  19.461 0.0000000000
51289  -48.433  -9.485  18.560 0.0000000000
51290  -48.966  -9.243  18.877 0.0000000000
51304  -48.287  -9.213  17.907 0.0000000000
51305  -56.554  -9.178  18.091 0.0000000000
51319  -47.458  -9.236  16.733 0.0000000000
51320  -55.406  -9.256  17.112 0.0000000000
51321  -57.263  -10.004  17.559 0.0000000000
51322  -58.210  -10.120  17.261 0.0000000000
51339  -47.140  -9.294  16.374 0.0000000000
51340  -54.578  -9.601  14.543 0.0000000000
51341  -55.231  -9.641  14.823 0.0000000000
51342  -55.319  -9.730  15.513 0.0000000000
51343  -56.715  -9.999  16.500 0.0000000000
51344  -57.738  -10.095  16.715 0.0000000000
51363  -53.648  -9.691  13.815 0.0000000000
51364  -54.283  -9.631  13.997 0.0000000000
51365  -55.150  -9.420  14.314 0.0000000000
51366  -55.980  -9.552  14.971 0.0000000000
51367  -56.786  -9.775  15.730 0.0000000000
51368  -57.343  -10.005  16.249 0.0000000000
51375  -52.594  -9.779  13.005 0.0000000000
51376  -53.215  -9.737  13.239 0.0000000000
51377  -53.931  -9.388  13.482 0.0000000000
51378  -54.568  -9.393  13.871 0.0000000000
51383  -52.538  -9.589  12.668 0.0000000000
51384  -53.000  -9.649  12.767 0.0000000000
51385  -53.384  -9.559  13.035 0.0000000000
52259  -52.642  -8.894  29.733 0.0000000000
52260  -53.515  -9.083  29.717 0.0000000000
52261  -54.419  -8.898  29.688 0.0000000000
52262  -54.737  -8.385  29.586 0.0000000000
52278  -52.396  -9.377  29.194 0.0000000000
52279  -52.978  -9.356  29.431 0.0000000000
52280  -54.814  -9.264  29.230 0.0000000000
52281  -55.562  -8.811  28.975 0.0000000000
52282  -56.192  -8.254  28.647 0.0000000000
52293  -56.114  -8.758  27.541 0.0000000000
52294  -56.795  -8.281  27.858 0.0000000000
52295  -57.446  -7.978  27.508 0.0000000000
52301  -55.130  -8.740  25.992 0.0000000000
52302  -56.107  -8.586  26.345 0.0000000000
52303  -57.054  -8.498  26.663 0.0000000000
52304  -57.847  -8.118  26.783 0.0000000000
52305  -58.307  -7.834  26.332 0.0000000000
52312  -53.792  -8.812  24.773 0.0000000000
52313  -54.698  -8.569  24.875 0.0000000000
52314  -55.744  -8.433  25.102 0.0000000000
52315  -56.867  -8.451  25.363 0.0000000000
52316  -57.840  -8.382  25.587 0.0000000000
52317  -58.392  -7.934  25.729 0.0000000000
52331  -52.700  -9.168  24.002 0.0000000000
52332  -53.264  -8.778  23.905 0.0000000000
52333  -54.085  -8.390  23.807 0.0000000000
52334  -55.176  -8.205  23.808 0.0000000000
52335  -56.392  -8.256  23.952 0.0000000000
52336  -57.516  -8.238  24.160 0.0000000000
52337  -58.354  -7.850  24.389 0.0000000000
52348  -52.634  -8.905  23.224 0.0000000000
52349  -53.305  -8.424  22.884 0.0000000000
52350  -54.383  -7.959  22.387 0.0000000000
52351  -55.794  -7.923  22.490 0.0000000000
52352  -57.009  -8.101  22.558 0.0000000000
52353  -58.076  -7.949  22.852 0.0000000000
52366  -51.773  -8.941  22.290 0.0000000000
52367  -52.339  -8.592  22.224 0.0000000000
52368  -53.143  -8.066  21.619 0.0000000000
52369  -53.997  -7.759  21.294 0.0000000000
52381  -50.813  -9.110  21.446 0.0000000000
52382  -51.368  -8.779  21.595 0.0000000000
52383  -52.104  -8.197  21.049 0.0000000000
52384  -52.641  -7.914  20.844 0.0000000000
52396  -49.899  -9.395  20.589 0.0000000000
52397  -50.484  -8.980  20.793 0.0000000000
52398  -51.300  -8.301  20.419 0.0000000000
52399  -51.804  -8.058  20.443 0.0000000000
52410  -49.754  -9.147  20.038 0.0000000000
52411  -50.523  -8.481  19.655 0.0000000000
52412  -51.087  -8.243  19.903 0.0000000000
52420  -48.939  -9.052  18.585 0.0000000000
52421  -49.509  -8.859  19.027 0.0000000000
52422  -50.097  -8.539  19.085 0.0000000000
52427  -48.210  -9.088  17.606 0.0000000000
52428  -48.986  -8.665  17.930 0.0000000000
52429  -50.013  -8.449  18.693 0.0000000000
52430  -50.358  -8.394  19.073 0.0000000000
52433  -48.064  -8.876  17.042 0.0000000000
52434  -48.702  -8.211  16.545 0.0000000000
52435  -57.432  -9.099  18.092 0.0000000000
52436  -58.047  -9.410  17.485 0.0000000000
52441  -46.508  -9.085  15.318 0.0000000000
52442  -47.655  -8.565  15.890 0.0000000000
52443  -48.265  -8.291  16.067 0.0000000000
52444  -58.265  -9.587  16.650 0.0000000000
52458  -47.132  -8.198  14.704 0.0000000000
52459  -47.734  -8.063  15.175 0.0000000000
52460  -52.683  -9.401  14.151 0.0000000000
52461  -53.745  -9.551  14.542 0.0000000000
52462  -54.025  -9.721  14.185 0.0000000000
52463  -55.595  -9.077  14.184 0.0000000000
52464  -56.128  -9.167  14.508 0.0000000000
52465  -57.209  -9.226  14.993 0.0000000000
52466  -57.749  -9.727  15.980 0.0000000000
52470  -45.915  -8.314  13.411 0.0000000000
52471  -46.434  -8.266  14.062 0.0000000000
52472  -52.249  -9.469  13.470 0.0000000000
52473  -52.966  -9.756  13.665 0.0000000000
52474  -54.237  -8.746  13.331 0.0000000000
52475  -55.066  -8.911  13.781 0.0000000000
52476  -56.123  -8.741  14.196 0.0000000000
52477  -56.702  -8.886  14.484 0.0000000000
52481  -45.447  -8.453  12.599 0.0000000000
52482  -51.136  -8.924  12.150 0.0000000000
52483  -51.895  -9.397  12.562 0.0000000000
52484  -52.771  -9.164  12.379 0.0000000000
52485  -53.537  -9.059  12.858 0.0000000000
52492  -46.226  -8.320  11.269 0.0000000000
52493  -49.954  -8.854  11.210 0.0000000000
52494  -50.673  -8.967  11.510 0.0000000000
52495  -51.612  -8.997  11.589 0.0000000000
52496  -52.269  -8.982  11.909 0.0000000000
52506  -51.220  -8.935  10.775 0.0000000000
53395  -53.670  -7.978  30.271 0.0000000000
53396  -54.266  -7.625  30.303 0.0000000000
53397  -54.887  -7.799  29.615 0.0000000000
53416  -55.593  -7.779  29.004 0.0000000000
53417  -56.381  -7.685  28.447 0.0000000000
53432  -57.013  -7.579  27.800 0.0000000000
53433  -57.598  -7.488  27.231 0.0000000000
53447  -58.068  -7.397  26.580 0.0000000000
53448  -58.387  -7.324  25.876 0.0000000000
53463  -58.656  -7.097  24.894 0.0000000000
53504  -55.315  -7.810  20.451 0.0000000000
53505  -56.429  -7.975  21.504 0.0000000000
53523  -53.207  -7.687  20.529 0.0000000000
53540  -52.103  -7.790  20.120 0.0000000000
53554  -51.675  -8.030  20.156 0.0000000000
53569  -51.445  -8.012  19.663 0.0000000000
53597  -50.350  -8.100  18.250 0.0000000000
53598  -50.791  -8.132  18.982 0.0000000000
53599  -56.052  -6.177  17.878 0.0000000000
53611  -56.133  -6.991  17.054 0.0000000000
53612  -56.535  -7.636  18.467 0.0000000000
53613  -57.519  -8.737  17.680 0.0000000000
53622  -48.458  -8.043  15.884 0.0000000000
53623  -56.339  -7.138  16.526 0.0000000000
53624  -56.731  -7.578  16.708 0.0000000000
53625  -57.743  -8.512  16.774 0.0000000000
53636  -47.625  -7.566  14.194 0.0000000000
53637  -48.472  -7.462  15.011 0.0000000000
53638  -52.030  -8.279  14.637 0.0000000000
53639  -52.842  -8.707  14.960 0.0000000000
53640  -57.842  -8.714  14.856 0.0000000000
53641  -58.305  -8.804  15.568 0.0000000000
53643  -46.438  -7.863  12.841 0.0000000000
53644  -46.980  -7.681  13.459 0.0000000000
53645  -48.137  -7.251  13.584 0.0000000000
53646  -49.249  -7.090  13.766 0.0000000000
53647  -50.353  -7.401  14.005 0.0000000000
53648  -51.462  -7.917  14.246 0.0000000000
53649  -52.058  -8.840  14.159 0.0000000000
53650  -54.044  -8.276  13.016 0.0000000000
53651  -54.922  -7.985  13.413 0.0000000000
53652  -56.089  -8.135  13.807 0.0000000000
53653  -57.230  -8.367  14.332 0.0000000000
53654  -58.116  -8.225  14.696 0.0000000000
53657  -46.127  -8.063  12.211 0.0000000000
53658  -46.929  -7.649  12.259 0.0000000000
53659  -47.861  -7.295  12.450 0.0000000000
53660  -48.983  -7.193  12.597 0.0000000000
53661  -50.060  -7.509  12.825 0.0000000000
53662  -51.072  -8.231  12.992 0.0000000000
53663  -51.717  -8.836  13.448 0.0000000000
53664  -52.754  -8.445  11.966 0.0000000000
53665  -53.494  -7.990  12.451 0.0000000000
53666  -54.359  -7.625  12.914 0.0000000000
53672  -46.168  -8.209  11.578 0.0000000000
53673  -46.756  -8.023  11.297 0.0000000000
53674  -47.741  -7.633  11.425 0.0000000000
53675  -48.752  -7.603  11.617 0.0000000000
53676  -49.795  -8.069  11.829 0.0000000000
53677  -50.556  -8.362  12.221 0.0000000000
53678  -51.720  -8.361  10.970 0.0000000000
53679  -52.329  -8.020  11.440 0.0000000000
53680  -52.996  -7.677  11.836 0.0000000000
53683  -47.090  -8.386  10.761 0.0000000000
53684  -47.691  -8.224  10.771 0.0000000000
53685  -48.609  -8.171  10.898 0.0000000000
53686  -49.355  -8.298  11.193 0.0000000000
53688  -51.992  -7.539  10.756 0.0000000000
54574  -54.612  -7.193  30.277 0.0000000000
54575  -55.066  -6.656  29.998 0.0000000000
54589  -55.662  -6.739  28.823 0.0000000000
54590  -56.404  -6.721  28.110 0.0000000000
54602  -57.092  -6.631  27.522 0.0000000000
54603  -57.648  -6.512  26.865 0.0000000000
54615  -58.098  -6.347  25.998 0.0000000000
54616  -58.525  -6.580  25.380 0.0000000000
54629  -58.503  -5.830  25.297 0.0000000000
54630  -58.947  -6.069  24.768 0.0000000000
54647  -51.875  -5.515  24.306 0.0000000000
54663  -51.252  -5.757  23.354 0.0000000000
54664  -51.944  -5.265  23.552 0.0000000000
54665  -54.761  -5.535  22.706 0.0000000000
54683  -51.305  -5.640  22.382 0.0000000000
54684  -51.766  -5.342  22.326 0.0000000000
54700  -50.567  -6.194  21.603 0.0000000000
54701  -51.682  -5.724  21.581 0.0000000000
54725  -49.943  -6.308  19.731 0.0000000000
54746  -55.689  -6.034  17.084 0.0000000000
54762  -56.210  -6.774  15.981 0.0000000000
54763  -57.568  -7.561  15.902 0.0000000000
54764  -58.316  -8.015  15.917 0.0000000000
54782  -56.474  -6.314  15.161 0.0000000000
54783  -57.341  -6.736  15.214 0.0000000000
54784  -58.226  -7.398  15.051 0.0000000000
54789  -49.660  -7.181  14.614 0.0000000000
54790  -50.709  -7.450  15.713 0.0000000000
54791  -52.067  -7.913  15.180 0.0000000000
54792  -55.075  -7.209  13.093 0.0000000000
54793  -56.016  -7.340  13.393 0.0000000000
54794  -57.115  -7.513  13.696 0.0000000000
54795  -58.026  -7.330  14.024 0.0000000000
54797  -53.522  -6.809  11.934 0.0000000000
54798  -54.490  -6.827  12.546 0.0000000000
54799  -55.818  -6.608  12.923 0.0000000000
54800  -57.073  -6.795  13.232 0.0000000000
54801  -57.765  -6.998  13.500 0.0000000000
54807  -52.563  -6.766  10.965 0.0000000000
54808  -52.935  -7.044  11.493 0.0000000000
54811  -52.077  -6.723  10.128 0.0000000000
55595  -55.043  -5.390  30.429 0.0000000000
55607  -55.470  -5.537  29.453 0.0000000000
55618  -55.954  -5.628  28.530 0.0000000000
55619  -56.602  -5.580  27.865 0.0000000000
55630  -57.218  -5.472  27.222 0.0000000000
55631  -57.669  -5.319  26.436 0.0000000000
55642  -58.178  -5.057  25.609 0.0000000000
55650  -52.424  -5.142  25.181 0.0000000000
55651  -58.719  -5.115  24.810 0.0000000000
55652  -59.251  -5.435  24.018 0.0000000000
55662  -52.650  -4.860  24.083 0.0000000000
55663  -53.212  -4.552  23.877 0.0000000000
55664  -54.460  -4.481  23.487 0.0000000000
55674  -51.716  -5.300  22.921 0.0000000000
55675  -52.270  -5.106  23.142 0.0000000000
55676  -53.092  -4.904  23.260 0.0000000000
55677  -53.975  -5.274  22.982 0.0000000000
55678  -54.921  -5.038  23.247 0.0000000000
55688  -51.687  -5.314  22.563 0.0000000000
55689  -51.923  -5.169  22.661 0.0000000000
55690  -52.245  -5.218  22.515 0.0000000000
55691  -52.878  -5.565  22.265 0.0000000000
55734  -55.519  -5.022  17.327 0.0000000000
55744  -49.542  -5.482  15.739 0.0000000000
55745  -51.025  -5.454  16.355 0.0000000000
55746  -55.296  -4.644  16.643 0.0000000000
55747  -55.404  -5.594  16.229 0.0000000000
55765  -55.078  -4.917  15.652 0.0000000000
55766  -55.702  -5.598  15.081 0.0000000000
55767  -56.875  -5.930  14.647 0.0000000000
55768  -57.978  -6.262  14.676 0.0000000000
55780  -56.091  -5.304  14.465 0.0000000000
55781  -56.778  -5.247  14.304 0.0000000000
55782  -58.489  -6.213  14.157 0.0000000000
55783  -59.142  -5.508  13.589 0.0000000000
55784  -59.523  -5.107  13.331 0.0000000000
55786  -53.622  -6.270  11.747 0.0000000000
55787  -54.084  -6.095  11.983 0.0000000000
55788  -55.380  -5.820  12.273 0.0000000000
55789  -56.904  -6.021  12.669 0.0000000000
55790  -58.336  -6.180  13.180 0.0000000000
55791  -59.361  -5.347  13.095 0.0000000000
55792  -59.654  -4.981  13.144 0.0000000000
55798  -52.860  -6.248  10.944 0.0000000000
55799  -53.358  -6.032  11.284 0.0000000000
55800  -54.543  -5.417  11.561 0.0000000000
55801  -55.500  -5.138  11.664 0.0000000000
55803  -52.768  -6.104  10.548 0.0000000000
55804  -53.319  -5.416  10.297 0.0000000000
55808  -53.339  -5.163  9.525 0.0000000000
56624  -55.204  -4.448  29.764 0.0000000000
56631  -55.711  -4.496  28.862 0.0000000000
56632  -56.231  -4.738  28.220 0.0000000000
56639  -53.754  -3.616  27.751 0.0000000000
56640  -56.045  -3.985  28.125 0.0000000000
56641  -56.722  -4.271  27.492 0.0000000000
56642  -57.326  -4.525  26.840 0.0000000000
56648  -53.631  -3.657  26.539 0.0000000000
56649  -57.149  -3.798  26.759 0.0000000000
56650  -57.758  -4.036  26.148 0.0000000000
56654  -52.895  -4.438  25.952 0.0000000000
56655  -53.582  -3.745  25.404 0.0000000000
56656  -54.038  -3.536  24.812 0.0000000000
56657  -58.361  -3.998  25.129 0.0000000000
56658  -58.660  -4.697  24.187 0.0000000000
56661  -52.952  -4.428  24.995 0.0000000000
56662  -53.466  -4.156  24.418 0.0000000000
56663  -54.306  -3.829  24.066 0.0000000000
56664  -55.267  -4.033  23.722 0.0000000000
56665  -56.318  -3.852  24.001 0.0000000000
56666  -57.626  -4.211  23.973 0.0000000000
56667  -58.802  -5.147  23.038 0.0000000000
56671  -53.611  -4.376  23.811 0.0000000000
56672  -53.890  -4.519  23.494 0.0000000000
56718  -55.761  -3.783  17.257 0.0000000000
56719  -56.679  -3.693  17.628 0.0000000000
56725  -50.978  -4.405  15.758 0.0000000000
56726  -52.145  -3.797  16.328 0.0000000000
56727  -54.848  -3.984  15.938 0.0000000000
56736  -47.896  -3.769  14.679 0.0000000000
56737  -48.653  -3.890  14.889 0.0000000000
56738  -49.366  -4.415  15.214 0.0000000000
56739  -54.981  -4.443  14.702 0.0000000000
56740  -55.589  -4.978  14.554 0.0000000000
56741  -57.765  -5.523  14.421 0.0000000000
56742  -58.334  -5.759  14.401 0.0000000000
56756  -55.079  -4.130  14.030 0.0000000000
56757  -55.862  -4.626  14.094 0.0000000000
56758  -57.263  -4.800  14.052 0.0000000000
56759  -58.606  -5.124  14.169 0.0000000000
56760  -59.370  -4.901  13.646 0.0000000000
56761  -59.616  -4.827  13.334 0.0000000000
56768  -56.523  -5.235  12.037 0.0000000000
56769  -57.879  -5.447  12.319 0.0000000000
56770  -58.964  -5.309  12.578 0.0000000000
56771  -59.537  -4.759  12.870 0.0000000000
56772  -59.725  -4.761  13.093 0.0000000000
56778  -54.104  -5.010  10.827 0.0000000000
56779  -55.072  -4.788  11.116 0.0000000000
56780  -56.086  -4.626  11.241 0.0000000000
56781  -57.308  -4.769  11.678 0.0000000000
56782  -58.467  -4.812  12.049 0.0000000000
56783  -59.120  -4.776  12.383 0.0000000000
56785  -53.940  -4.765  9.913 0.0000000000
56786  -54.940  -4.460  10.361 0.0000000000
56787  -55.487  -4.517  10.803 0.0000000000
56793  -54.544  -4.283  9.431 0.0000000000
57605  -54.518  -3.561  29.196 0.0000000000
57606  -55.105  -3.708  29.216 0.0000000000
57607  -55.403  -3.985  29.128 0.0000000000
57613  -54.545  -3.119  28.151 0.0000000000
57614  -55.228  -3.173  28.359 0.0000000000
57615  -55.570  -3.667  28.530 0.0000000000
57622  -54.445  -2.921  27.017 0.0000000000
57623  -55.311  -2.598  27.351 0.0000000000
57624  -56.148  -3.157  27.489 0.0000000000
57625  -56.758  -3.498  26.988 0.0000000000
57632  -54.256  -3.041  25.912 0.0000000000
57633  -55.132  -2.370  26.198 0.0000000000
57634  -56.212  -2.323  26.431 0.0000000000
57635  -57.144  -3.056  26.300 0.0000000000
57636  -57.800  -3.412  25.703 0.0000000000
57642  -54.154  -3.278  25.278 0.0000000000
57643  -54.807  -2.959  25.004 0.0000000000
57644  -55.971  -2.383  25.318 0.0000000000
57645  -56.966  -2.551  25.461 0.0000000000
57646  -57.724  -3.109  25.244 0.0000000000
57651  -55.020  -3.336  24.238 0.0000000000
57652  -55.714  -3.091  24.451 0.0000000000
57653  -56.742  -2.979  24.672 0.0000000000
57654  -57.378  -2.975  24.825 0.0000000000
57702  -57.193  -3.333  17.691 0.0000000000
57707  -53.219  -2.567  17.065 0.0000000000
57708  -53.777  -2.805  17.479 0.0000000000
57709  -55.649  -3.227  16.598 0.0000000000
57710  -56.469  -3.401  17.293 0.0000000000
57715  -50.470  -3.547  15.314 0.0000000000
57716  -51.058  -3.177  15.463 0.0000000000
57717  -52.081  -3.040  16.234 0.0000000000
57718  -53.178  -3.090  17.000 0.0000000000
57719  -54.825  -3.151  15.757 0.0000000000
57726  -47.438  -3.173  14.405 0.0000000000
57727  -48.409  -3.161  14.712 0.0000000000
57728  -49.661  -3.425  15.027 0.0000000000
57729  -50.329  -3.126  15.169 0.0000000000
57730  -54.492  -3.378  14.927 0.0000000000
57741  -47.201  -2.793  14.199 0.0000000000
57742  -54.691  -3.493  13.956 0.0000000000
57743  -55.326  -3.831  13.653 0.0000000000
57744  -56.396  -4.022  13.604 0.0000000000
57745  -57.785  -4.134  13.767 0.0000000000
57746  -58.927  -4.260  13.751 0.0000000000
57747  -59.480  -4.503  13.443 0.0000000000
57756  -54.955  -3.337  13.428 0.0000000000
57757  -55.535  -3.322  13.154 0.0000000000
57758  -56.761  -3.334  13.183 0.0000000000
57759  -58.196  -3.387  13.428 0.0000000000
57760  -59.419  -3.785  13.234 0.0000000000
57761  -59.615  -4.602  13.205 0.0000000000
57767  -56.241  -4.398  10.905 0.0000000000
57768  -56.742  -4.351  11.019 0.0000000000
57769  -57.840  -4.246  11.349 0.0000000000
57770  -58.979  -3.908  12.112 0.0000000000
57772  -55.384  -4.301  10.252 0.0000000000
57773  -55.903  -4.257  10.512 0.0000000000
57774  -56.994  -3.781  10.523 0.0000000000
57775  -58.128  -3.552  10.958 0.0000000000
57776  -58.772  -3.066  11.329 0.0000000000
57783  -55.306  -4.147  9.902 0.0000000000
57784  -55.990  -3.682  9.659 0.0000000000
57785  -56.861  -3.241  9.804 0.0000000000
57797  -55.126  -3.905  9.161 0.0000000000
57798  -55.503  -3.500  8.538 0.0000000000
57803  -57.946  -2.766  7.172 0.0000000000
58690  -54.287  -2.192  17.946 0.0000000000
58691  -57.286  -2.981  17.531 0.0000000000
58692  -57.629  -2.718  17.827 0.0000000000
58697  -52.933  -2.092  16.879 0.0000000000
58698  -53.564  -2.156  17.415 0.0000000000
58699  -55.913  -2.731  16.624 0.0000000000
58700  -56.741  -2.745  17.205 0.0000000000
58701  -57.304  -2.124  17.577 0.0000000000
58706  -50.860  -2.619  15.245 0.0000000000
58707  -51.296  -2.313  15.474 0.0000000000
58708  -52.331  -2.106  16.386 0.0000000000
58709  -55.311  -2.585  16.131 0.0000000000
58715  -47.476  -2.625  14.263 0.0000000000
58716  -48.027  -2.407  14.398 0.0000000000
58717  -49.040  -2.428  14.671 0.0000000000
58718  -50.297  -2.361  14.968 0.0000000000
58719  -50.953  -1.562  14.958 0.0000000000
58720  -54.723  -2.446  15.265 0.0000000000
58728  -46.248  -2.281  13.645 0.0000000000
58729  -47.291  -2.172  14.004 0.0000000000
58730  -48.109  -1.696  14.077 0.0000000000
58731  -54.554  -2.465  14.260 0.0000000000
58740  -45.164  -1.520  13.116 0.0000000000
58741  -54.799  -2.586  13.312 0.0000000000
58742  -55.666  -2.506  12.549 0.0000000000
58743  -57.079  -2.654  12.735 0.0000000000
58744  -58.441  -2.587  12.990 0.0000000000
58745  -59.254  -2.828  12.601 0.0000000000
58746  -59.552  -2.362  12.300 0.0000000000
58752  -56.283  -2.058  12.192 0.0000000000
58753  -57.205  -2.021  12.334 0.0000000000
58754  -57.978  -1.896  12.441 0.0000000000
58755  -59.282  -2.776  11.928 0.0000000000
58756  -59.820  -2.159  11.801 0.0000000000
58758  -57.550  -3.205  10.232 0.0000000000
58759  -58.336  -2.850  10.411 0.0000000000
58760  -59.365  -2.454  10.831 0.0000000000
58761  -60.256  -1.870  10.931 0.0000000000
58768  -56.419  -2.994  9.068 0.0000000000
58769  -57.544  -2.698  9.473 0.0000000000
58770  -58.811  -2.323  9.581 0.0000000000
58771  -60.002  -1.770  9.670 0.0000000000
58772  -60.632  -1.568  10.126 0.0000000000
58783  -56.163  -3.029  8.201 0.0000000000
58784  -57.050  -2.665  8.492 0.0000000000
58785  -58.253  -2.325  8.620 0.0000000000
58786  -59.452  -1.740  8.620 0.0000000000
58791  -56.662  -2.960  7.757 0.0000000000
58792  -57.658  -2.614  7.843 0.0000000000
58793  -59.202  -2.035  7.757 0.0000000000
58794  -60.119  -1.544  7.915 0.0000000000
58800  -59.381  -2.388  7.098 0.0000000000
58801  -60.139  -1.880  7.365 0.0000000000
58870  -40.460  -2.281  1.486 0.0000000000
58871  -40.903  -2.186  2.160 0.0000000000
58885  -40.071  -2.446  0.837 0.0000000000
59606  -55.667  -1.427  19.046 0.0000000000
59621  -53.957  -1.515  17.811 0.0000000000
59622  -54.988  -1.656  18.562 0.0000000000
59623  -57.252  -1.310  17.747 0.0000000000
59624  -57.700  -1.717  18.059 0.0000000000
59625  -58.145  -1.889  18.685 0.0000000000
59631  -52.783  -1.458  16.726 0.0000000000
59632  -53.250  -1.051  17.274 0.0000000000
59633  -55.990  -2.259  16.616 0.0000000000
59634  -56.646  -1.529  17.238 0.0000000000
59635  -57.308  -1.812  17.625 0.0000000000
59640  -51.589  -1.288  15.469 0.0000000000
59641  -52.250  -0.943  15.969 0.0000000000
59642  -55.350  -1.618  15.955 0.0000000000
59643  -55.632  -0.678  16.220 0.0000000000
59648  -48.664  -1.809  14.308 0.0000000000
59649  -49.478  -1.583  14.355 0.0000000000
59650  -50.442  -1.132  14.399 0.0000000000
59651  -51.215  -0.751  14.782 0.0000000000
59652  -54.792  -1.390  14.761 0.0000000000
59658  -45.972  -1.473  13.252 0.0000000000
59659  -46.930  -1.363  13.448 0.0000000000
59660  -47.885  -1.237  13.573 0.0000000000
59661  -48.863  -1.180  13.738 0.0000000000
59662  -49.885  -0.896  13.728 0.0000000000
59663  -50.616  -0.601  13.748 0.0000000000
59664  -54.658  -1.359  13.776 0.0000000000
59671  -44.750  -1.079  12.705 0.0000000000
59672  -45.738  -0.925  12.678 0.0000000000
59673  -46.688  -0.784  12.810 0.0000000000
59674  -47.662  -0.741  12.884 0.0000000000
59675  -48.632  -0.760  12.927 0.0000000000
59676  -49.602  -0.740  12.952 0.0000000000
59677  -50.648  -0.669  12.982 0.0000000000
59678  -51.592  -0.745  12.548 0.0000000000
59679  -52.108  -0.775  12.260 0.0000000000
59680  -54.872  -1.397  12.933 0.0000000000
59681  -55.563  -1.353  12.399 0.0000000000
59682  -58.831  -2.073  12.627 0.0000000000
59683  -59.587  -2.139  12.389 0.0000000000
59684  -59.820  -2.015  12.262 0.0000000000
59693  -44.275  -0.722  12.029 0.0000000000
59694  -45.434  -0.654  11.706 0.0000000000
59695  -46.512  -0.624  11.924 0.0000000000
59696  -47.492  -0.602  12.018 0.0000000000
59697  -48.463  -0.699  12.062 0.0000000000
59698  -49.413  -0.851  12.109 0.0000000000
59699  -50.338  -0.935  12.162 0.0000000000
59700  -51.162  -1.002  12.125 0.0000000000
59701  -51.849  -1.016  11.910 0.0000000000
59702  -56.343  -1.398  12.020 0.0000000000
59703  -57.191  -1.398  11.990 0.0000000000
59704  -58.090  -1.361  12.136 0.0000000000
59705  -59.159  -1.443  12.298 0.0000000000
59706  -60.472  -1.585  12.068 0.0000000000
59707  -61.711  -1.040  12.213 0.0000000000
59708  -62.233  -0.721  12.208 0.0000000000
59711  -45.757  -0.580  10.842 0.0000000000
59712  -46.423  -0.607  10.999 0.0000000000
59713  -47.350  -0.592  11.107 0.0000000000
59714  -48.309  -0.644  11.186 0.0000000000
59715  -49.260  -0.758  11.257 0.0000000000
59716  -50.197  -0.882  11.328 0.0000000000
59717  -51.045  -0.976  11.454 0.0000000000
59718  -51.516  -1.041  11.615 0.0000000000
59719  -61.076  -1.437  10.741 0.0000000000
59720  -61.778  -1.294  11.478 0.0000000000
59721  -62.513  -0.993  11.746 0.0000000000
59727  -60.343  -1.215  8.624 0.0000000000
59728  -61.077  -0.968  9.267 0.0000000000
59729  -61.912  -1.067  10.417 0.0000000000
59730  -62.288  -1.096  11.122 0.0000000000
59739  -60.275  -1.025  7.841 0.0000000000
59740  -60.760  -0.873  8.578 0.0000000000
59742  -60.164  -0.896  7.756 0.0000000000
59743  -60.153  -1.130  7.397 0.0000000000
59760  -54.030  -1.910  5.318 0.0000000000
59761  -54.891  -1.598  5.386 0.0000000000
59762  -55.726  -1.327  5.130 0.0000000000
59763  -56.493  -1.062  4.759 0.0000000000
59779  -52.541  -1.490  3.780 0.0000000000
59780  -53.074  -2.076  4.662 0.0000000000
59799  -52.469  -1.662  3.139 0.0000000000
59813  -40.738  -1.820  1.190 0.0000000000
59814  -41.322  -1.825  1.806 0.0000000000
59815  -42.348  -1.658  2.010 0.0000000000
59816  -43.215  -1.417  2.434 0.0000000000
59817  -43.523  -1.295  1.628 0.0000000000
59820  -52.200  -1.724  2.274 0.0000000000
59831  -40.275  -1.846  0.586 0.0000000000
59832  -41.029  -1.342  1.094 0.0000000000
59833  -41.948  -1.323  1.028 0.0000000000
59834  -42.887  -1.308  1.065 0.0000000000
59835  -43.395  -1.215  1.121 0.0000000000
59836  -50.848  -1.338  1.823 0.0000000000
59837  -51.492  -1.455  1.356 0.0000000000
59838  -52.385  -1.440  1.112 0.0000000000
59843  -42.431  -1.137  0.568 0.0000000000
59844  -42.709  -1.159  0.398 0.0000000000
59845  -51.804  -1.432  0.442 0.0000000000
59846  -52.522  -1.491  0.229 0.0000000000
59847  -53.144  -1.441  -0.057 0.0000000000
59852  -51.916  -1.360  -0.283 0.0000000000
59853  -52.517  -1.368  -0.709 0.0000000000
59854  -53.494  -1.353  -0.865 0.0000000000
59855  -54.147  -1.196  -1.449 0.0000000000
59860  -52.846  -1.235  -1.470 0.0000000000
59861  -53.581  -1.212  -2.043 0.0000000000
59862  -54.498  -1.219  -2.372 0.0000000000
59869  -54.056  -1.189  -3.004 0.0000000000
59870  -54.722  -1.271  -3.392 0.0000000000
60584  -54.542  0.151  18.842 0.0000000000
60585  -55.614  -0.611  19.023 0.0000000000
60586  -56.678  -0.683  18.824 0.0000000000
60587  -57.640  -1.815  18.957 0.0000000000
60602  -53.823  -0.470  18.007 0.0000000000
60603  -54.743  -0.653  18.624 0.0000000000
60604  -56.884  -0.632  17.951 0.0000000000
60605  -57.595  -1.082  18.536 0.0000000000
60612  -52.726  -0.325  16.440 0.0000000000
60613  -53.139  -0.288  17.152 0.0000000000
60614  -55.950  -0.069  16.833 0.0000000000
60618  -51.832  -0.221  15.315 0.0000000000
60619  -52.295  -0.262  15.810 0.0000000000
60620  -55.220  -0.490  15.270 0.0000000000
60621  -55.522  0.294  15.675 0.0000000000
60626  -51.042  -0.411  14.192 0.0000000000
60627  -51.510  -0.033  14.608 0.0000000000
60628  -54.893  0.008  14.394 0.0000000000
60629  -55.265  0.303  14.997 0.0000000000
60634  -51.087  -0.340  13.708 0.0000000000
60635  -51.714  0.069  13.832 0.0000000000
60636  -52.933  0.198  13.522 0.0000000000
60637  -53.997  0.214  13.426 0.0000000000
60638  -54.606  -0.333  13.520 0.0000000000
60646  -50.902  -0.491  13.434 0.0000000000
60647  -51.373  -0.438  13.239 0.0000000000
60648  -52.421  -0.377  12.722 0.0000000000
60649  -53.797  0.048  12.600 0.0000000000
60650  -54.886  -0.174  12.855 0.0000000000
60651  -55.799  -0.538  12.250 0.0000000000
60660  -44.731  -0.573  11.128 0.0000000000
60661  -45.312  -0.610  10.993 0.0000000000
60662  -52.460  -0.708  11.807 0.0000000000
60663  -53.219  -0.259  11.806 0.0000000000
60664  -56.489  -0.825  11.893 0.0000000000
60665  -57.137  -0.611  11.757 0.0000000000
60666  -58.146  -0.481  11.787 0.0000000000
60667  -59.411  -0.510  11.952 0.0000000000
60668  -60.705  -0.425  12.059 0.0000000000
60669  -61.736  -0.266  12.157 0.0000000000
60670  -62.426  -0.190  11.975 0.0000000000
60671  -62.494  0.052  12.031 0.0000000000
60677  -44.304  -0.291  10.425 0.0000000000
60678  -45.325  -0.433  10.382 0.0000000000
60679  -46.281  -0.395  10.280 0.0000000000
60680  -47.196  -0.398  10.320 0.0000000000
60681  -48.149  -0.436  10.382 0.0000000000
60682  -49.100  -0.484  10.473 0.0000000000
60683  -50.031  -0.527  10.570 0.0000000000
60684  -51.050  -0.477  10.642 0.0000000000
60685  -51.957  -0.727  11.078 0.0000000000
60686  -52.767  -0.311  11.180 0.0000000000
60687  -62.659  -0.299  11.399 0.0000000000
60688  -62.648  0.019  11.678 0.0000000000
60698  -44.926  0.073  9.755 0.0000000000
60699  -45.984  0.056  9.755 0.0000000000
60700  -46.985  0.029  9.759 0.0000000000
60701  -47.958  -0.004  9.754 0.0000000000
60702  -48.923  0.025  9.855 0.0000000000
60703  -49.849  0.011  9.970 0.0000000000
60704  -50.620  -0.008  10.139 0.0000000000
60705  -61.511  -0.149  8.797 0.0000000000
60706  -61.951  -0.368  9.513 0.0000000000
60707  -62.445  -0.581  10.658 0.0000000000
60715  -60.246  -0.272  7.934 0.0000000000
60716  -60.656  -0.061  8.562 0.0000000000
60718  -58.804  0.140  7.244 0.0000000000
60719  -59.490  -0.097  7.485 0.0000000000
60720  -59.996  -0.081  7.631 0.0000000000
60724  -58.530  0.168  6.862 0.0000000000
60725  -59.124  0.040  6.729 0.0000000000
60726  -60.097  -0.087  6.943 0.0000000000
60735  -53.239  0.002  4.749 0.0000000000
60736  -53.496  -0.306  4.905 0.0000000000
60737  -54.904  -0.899  5.433 0.0000000000
60738  -55.502  -0.522  5.351 0.0000000000
60739  -56.435  -0.213  5.198 0.0000000000
60740  -57.776  0.282  5.787 0.0000000000
60741  -59.042  0.152  5.793 0.0000000000
60757  -52.492  -0.567  3.486 0.0000000000
60758  -53.248  -0.945  4.647 0.0000000000
60759  -57.124  -0.282  4.896 0.0000000000
60760  -58.003  -0.018  4.841 0.0000000000
60782  -52.492  -0.658  3.199 0.0000000000
60797  -40.016  -0.481  1.401 0.0000000000
60799  -44.013  -0.994  2.545 0.0000000000
60800  -44.856  -0.643  2.312 0.0000000000
60801  -45.861  -0.468  2.270 0.0000000000
60802  -46.936  -0.416  2.297 0.0000000000
60803  -48.011  -0.415  2.274 0.0000000000
60804  -49.063  -0.459  2.173 0.0000000000
60805  -50.139  -0.898  2.078 0.0000000000
60806  -52.580  -0.828  2.508 0.0000000000
60812  -39.714  -1.158  0.814 0.0000000000
60813  -40.620  -0.780  1.000 0.0000000000
60814  -41.479  -0.718  0.664 0.0000000000
60815  -42.070  -0.948  0.503 0.0000000000
60816  -43.280  -1.189  0.797 0.0000000000
60817  -43.815  -0.963  1.130 0.0000000000
60818  -44.867  -0.638  1.066 0.0000000000
60819  -45.942  -0.556  1.111 0.0000000000
60820  -47.031  -0.487  1.144 0.0000000000
60821  -48.135  -0.354  1.125 0.0000000000
60822  -49.284  -0.332  1.065 0.0000000000
60823  -50.466  -0.713  0.961 0.0000000000
60824  -51.112  -1.078  0.462 0.0000000000
60825  -52.896  -0.927  1.604 0.0000000000
60826  -53.359  -0.635  0.945 0.0000000000
60830  -41.980  -0.559  0.390 0.0000000000
60831  -42.426  -0.869  0.244 0.0000000000
60832  -42.998  -1.194  0.116 0.0000000000
60833  -43.816  -0.975  -0.249 0.0000000000
60834  -44.886  -0.697  -0.141 0.0000000000
60835  -45.973  -0.618  -0.077 0.0000000000
60836  -47.105  -0.656  -0.054 0.0000000000
60837  -48.258  -0.520  -0.093 0.0000000000
60838  -49.404  -0.441  -0.161 0.0000000000
60839  -50.406  -0.605  -0.242 0.0000000000
60840  -51.227  -1.011  -0.301 0.0000000000
60841  -53.093  -1.275  0.702 0.0000000000
60842  -53.766  -0.860  0.119 0.0000000000
60843  -54.370  -0.504  -0.461 0.0000000000
60847  -44.103  -0.842  -1.031 0.0000000000
60848  -44.925  -0.821  -1.242 0.0000000000
60849  -46.064  -0.741  -1.166 0.0000000000
60850  -47.203  -0.567  -1.256 0.0000000000
60851  -48.408  -0.585  -1.396 0.0000000000
60852  -49.520  -0.499  -1.354 0.0000000000
60853  -50.479  -0.496  -1.162 0.0000000000
60854  -51.470  -0.855  -1.073 0.0000000000
60855  -52.146  -0.979  -1.471 0.0000000000
60856  -54.176  -1.047  -0.750 0.0000000000
60857  -54.860  -0.719  -1.440 0.0000000000
60861  -45.351  -0.460  -1.805 0.0000000000
60862  -46.176  -0.366  -2.070 0.0000000000
60863  -47.390  -0.186  -2.586 0.0000000000
60864  -48.723  -0.440  -2.679 0.0000000000
60865  -49.653  -0.316  -2.238 0.0000000000
60866  -50.444  -0.121  -1.761 0.0000000000
60867  -51.438  -0.278  -1.676 0.0000000000
60868  -52.566  -0.564  -2.128 0.0000000000
60869  -53.495  -0.976  -2.909 0.0000000000
60870  -55.516  -1.091  -2.942 0.0000000000
60871  -56.323  -1.044  -3.985 0.0000000000
60877  -48.255  -0.064  -3.134 0.0000000000
60878  -48.580  -0.208  -3.205 0.0000000000
60879  -53.324  -0.507  -2.953 0.0000000000
60880  -54.050  -0.983  -4.035 0.0000000000
60881  -55.437  -1.216  -4.320 0.0000000000
60882  -56.263  -0.932  -4.860 0.0000000000
60885  -54.409  -0.535  -4.860 0.0000000000
60886  -55.039  -0.774  -5.065 0.0000000000
60887  -55.767  -0.953  -5.149 0.0000000000
61705  -55.442  1.712  19.823 0.0000000000
61706  -55.685  1.659  19.871 0.0000000000
61720  -54.357  0.858  19.023 0.0000000000
61721  -55.131  1.149  19.508 0.0000000000
61722  -56.032  0.916  19.377 0.0000000000
61735  -53.773  0.770  18.352 0.0000000000
61736  -56.358  0.758  18.592 0.0000000000
61743  -52.739  0.268  16.300 0.0000000000
61744  -53.039  0.719  16.868 0.0000000000
61745  -56.056  1.001  17.494 0.0000000000
61750  -52.051  0.202  15.280 0.0000000000
61751  -52.489  0.376  15.661 0.0000000000
61752  -53.257  1.549  15.427 0.0000000000
61753  -55.756  1.283  16.158 0.0000000000
61758  -51.995  0.362  14.928 0.0000000000
61759  -52.767  0.932  14.818 0.0000000000
61760  -53.854  1.350  14.561 0.0000000000
61761  -54.773  1.268  14.512 0.0000000000
61762  -55.375  1.183  15.021 0.0000000000
61767  -51.841  0.248  14.441 0.0000000000
61768  -52.362  0.449  14.306 0.0000000000
61769  -53.354  0.612  14.154 0.0000000000
61770  -54.234  0.503  14.113 0.0000000000
61777  -54.058  0.574  12.184 0.0000000000
61778  -54.487  0.790  12.527 0.0000000000
61779  -55.584  0.626  12.551 0.0000000000
61780  -56.092  1.256  12.683 0.0000000000
61784  -53.741  0.431  11.769 0.0000000000
61785  -54.044  0.997  11.858 0.0000000000
61786  -56.295  -0.124  11.998 0.0000000000
61787  -56.810  0.694  11.910 0.0000000000
61788  -58.203  0.746  11.665 0.0000000000
61789  -59.523  0.807  11.717 0.0000000000
61790  -60.858  0.715  11.879 0.0000000000
61791  -61.837  0.629  11.945 0.0000000000
61792  -62.340  0.556  11.749 0.0000000000
61793  -62.556  0.420  11.563 0.0000000000
61801  -51.842  -0.050  10.447 0.0000000000
61802  -52.503  0.252  10.588 0.0000000000
61803  -53.293  0.425  11.020 0.0000000000
61804  -53.743  0.948  11.279 0.0000000000
61805  -62.631  0.160  10.727 0.0000000000
61806  -62.690  0.237  11.301 0.0000000000
61817  -44.462  0.816  9.530 0.0000000000
61818  -45.648  0.900  9.446 0.0000000000
61819  -46.739  0.749  9.499 0.0000000000
61820  -47.724  0.720  9.517 0.0000000000
61821  -48.700  0.773  9.532 0.0000000000
61822  -49.679  0.826  9.593 0.0000000000
61823  -50.603  0.739  9.757 0.0000000000
61824  -51.444  0.467  10.095 0.0000000000
61825  -52.044  0.483  10.296 0.0000000000
61826  -59.084  1.008  8.819 0.0000000000
61827  -60.208  0.870  8.734 0.0000000000
61828  -61.117  0.478  8.902 0.0000000000
61829  -61.817  0.347  9.165 0.0000000000
61830  -62.324  0.213  9.857 0.0000000000
61837  -57.595  0.878  8.055 0.0000000000
61838  -58.582  0.570  8.197 0.0000000000
61839  -59.753  0.240  8.213 0.0000000000
61840  -60.508  0.283  8.568 0.0000000000
61842  -57.406  0.585  7.265 0.0000000000
61843  -58.356  0.292  7.433 0.0000000000
61844  -59.038  0.227  7.801 0.0000000000
61846  -55.364  1.208  5.927 0.0000000000
61847  -56.085  0.880  5.963 0.0000000000
61848  -57.032  0.524  6.276 0.0000000000
61849  -57.705  0.369  6.581 0.0000000000
61854  -53.307  0.582  4.723 0.0000000000
61855  -53.922  0.428  5.257 0.0000000000
61856  -55.270  0.402  5.563 0.0000000000
61857  -55.901  0.393  5.591 0.0000000000
61858  -56.755  0.424  5.764 0.0000000000
61859  -57.310  0.447  6.047 0.0000000000
61863  -52.574  0.391  3.314 0.0000000000
61869  -39.929  0.849  2.402 0.0000000000
61870  -40.407  1.059  2.188 0.0000000000
61871  -52.609  0.251  2.813 0.0000000000
61881  -39.664  0.015  2.023 0.0000000000
61882  -40.631  0.470  1.523 0.0000000000
61883  -41.258  0.881  1.252 0.0000000000
61884  -52.844  0.100  2.117 0.0000000000
61890  -41.113  -0.194  0.893 0.0000000000
61891  -41.685  0.236  0.585 0.0000000000
61892  -42.458  0.519  0.069 0.0000000000
61893  -43.015  0.704  -0.365 0.0000000000
61894  -43.404  0.815  -0.653 0.0000000000
61895  -53.235  0.101  1.445 0.0000000000
61896  -53.660  0.184  0.753 0.0000000000
61901  -42.164  -0.407  0.258 0.0000000000
61902  -42.472  -0.365  0.044 0.0000000000
61903  -42.911  -0.318  -0.501 0.0000000000
61904  -43.441  -0.044  -0.979 0.0000000000
61905  -54.168  0.227  0.071 0.0000000000
61906  -54.761  0.250  -0.608 0.0000000000
61913  -44.081  -0.104  -1.416 0.0000000000
61914  -44.681  0.033  -1.813 0.0000000000
61915  -55.398  0.278  -1.341 0.0000000000
61916  -55.954  0.355  -2.105 0.0000000000
61923  -45.357  0.246  -2.212 0.0000000000
61924  -46.206  0.463  -2.565 0.0000000000
61925  -46.914  0.770  -3.040 0.0000000000
61926  -49.215  -0.274  -3.019 0.0000000000
61927  -49.510  0.215  -2.891 0.0000000000
61928  -50.331  0.415  -1.945 0.0000000000
61929  -51.473  0.344  -1.875 0.0000000000
61930  -52.148  0.084  -2.088 0.0000000000
61931  -55.655  -0.359  -2.132 0.0000000000
61932  -56.375  -0.228  -3.115 0.0000000000
61939  -47.763  0.530  -3.360 0.0000000000
61940  -48.717  0.124  -3.448 0.0000000000
61941  -49.100  0.411  -3.475 0.0000000000
61942  -51.942  0.544  -2.057 0.0000000000
61943  -52.584  0.205  -2.484 0.0000000000
61944  -53.450  0.103  -3.321 0.0000000000
61945  -56.898  -0.212  -4.505 0.0000000000
61946  -57.176  0.433  -5.330 0.0000000000
61950  -54.110  -0.028  -4.370 0.0000000000
61951  -54.672  0.002  -5.227 0.0000000000
61952  -56.058  -0.046  -5.483 0.0000000000
61953  -56.729  0.751  -5.589 0.0000000000
62616  -55.640  2.125  20.033 0.0000000000
62617  -56.446  2.172  20.162 0.0000000000
62618  -57.057  2.487  20.473 0.0000000000
62629  -54.273  1.541  18.856 0.0000000000
62630  -54.867  2.319  19.374 0.0000000000
62631  -56.593  1.874  19.395 0.0000000000
62632  -57.059  2.497  20.078 0.0000000000
62647  -53.796  1.944  17.594 0.0000000000
62648  -54.417  2.388  18.377 0.0000000000
62649  -56.535  2.256  18.243 0.0000000000
62650  -56.925  2.713  19.277 0.0000000000
62659  -53.590  2.131  16.249 0.0000000000
62660  -56.262  2.369  16.836 0.0000000000
62664  -54.193  2.375  15.318 0.0000000000
62665  -55.105  2.748  15.032 0.0000000000
62666  -55.848  2.467  15.523 0.0000000000
62669  -53.942  1.944  14.862 0.0000000000
62670  -54.600  2.034  14.712 0.0000000000
62671  -55.268  2.053  14.742 0.0000000000
62682  -54.905  1.350  12.688 0.0000000000
62683  -55.559  1.726  12.945 0.0000000000
62684  -56.631  1.944  13.057 0.0000000000
62685  -57.264  2.550  13.580 0.0000000000
62689  -54.444  1.607  11.956 0.0000000000
62690  -54.890  1.951  12.540 0.0000000000
62691  -57.354  1.505  12.128 0.0000000000
62692  -58.110  2.201  12.659 0.0000000000
62693  -59.708  2.063  12.095 0.0000000000
62694  -61.076  1.819  11.930 0.0000000000
62695  -62.043  1.469  11.749 0.0000000000
62696  -62.496  1.112  11.297 0.0000000000
62697  -62.605  0.602  11.301 0.0000000000
62704  -52.971  0.972  10.455 0.0000000000
62705  -53.534  1.487  10.603 0.0000000000
62706  -54.005  1.442  11.276 0.0000000000
62707  -62.448  1.002  10.400 0.0000000000
62708  -62.639  0.746  10.781 0.0000000000
62719  -43.970  1.637  9.464 0.0000000000
62720  -45.015  1.642  9.353 0.0000000000
62721  -45.849  1.781  9.365 0.0000000000
62722  -46.571  1.597  9.399 0.0000000000
62723  -47.492  1.550  9.436 0.0000000000
62724  -48.413  1.557  9.416 0.0000000000
62725  -49.415  1.790  9.329 0.0000000000
62726  -50.471  1.821  9.379 0.0000000000
62727  -51.414  1.464  9.664 0.0000000000
62728  -52.350  1.235  10.085 0.0000000000
62729  -53.014  1.527  10.229 0.0000000000
62730  -57.532  2.349  9.144 0.0000000000
62731  -58.572  1.994  9.293 0.0000000000
62732  -59.719  1.777  9.244 0.0000000000
62733  -60.830  1.572  9.135 0.0000000000
62734  -61.647  1.246  9.265 0.0000000000
62735  -62.097  0.915  9.585 0.0000000000
62740  -49.768  2.375  9.221 0.0000000000
62741  -50.010  2.186  9.230 0.0000000000
62742  -56.210  2.362  8.144 0.0000000000
62743  -57.045  1.811  8.489 0.0000000000
62744  -57.982  1.319  8.743 0.0000000000
62746  -55.684  2.113  7.487 0.0000000000
62747  -56.709  1.466  7.926 0.0000000000
62749  -54.488  2.424  5.876 0.0000000000
62750  -54.905  2.035  6.266 0.0000000000
62751  -55.392  1.704  6.506 0.0000000000
62752  -56.134  1.058  6.912 0.0000000000
62754  -53.308  1.300  4.725 0.0000000000
62755  -54.088  2.412  5.512 0.0000000000
62756  -54.718  1.665  5.919 0.0000000000
62760  -52.915  1.588  3.629 0.0000000000
62761  -53.346  1.643  4.640 0.0000000000
62768  -39.550  1.537  3.045 0.0000000000
62769  -40.397  1.559  2.674 0.0000000000
62770  -40.879  1.584  2.488 0.0000000000
62771  -52.787  1.235  3.160 0.0000000000
62778  -40.698  1.252  2.164 0.0000000000
62779  -41.261  1.377  2.027 0.0000000000
62780  -42.045  1.520  1.916 0.0000000000
62781  -42.679  1.640  1.734 0.0000000000
62782  -52.956  1.182  2.492 0.0000000000
62783  -53.313  1.566  1.949 0.0000000000
62790  -41.660  1.111  1.280 0.0000000000
62791  -42.236  1.147  0.999 0.0000000000
62792  -43.115  1.257  0.942 0.0000000000
62793  -43.777  1.315  0.279 0.0000000000
62794  -44.456  1.650  0.125 0.0000000000
62795  -53.125  0.843  1.864 0.0000000000
62796  -53.523  1.177  1.301 0.0000000000
62801  -43.906  0.899  -0.832 0.0000000000
62802  -44.842  1.423  -0.646 0.0000000000
62803  -45.454  1.717  -0.997 0.0000000000
62804  -53.987  1.190  0.541 0.0000000000
62805  -54.502  1.206  -0.143 0.0000000000
62812  -44.252  0.723  -1.519 0.0000000000
62813  -44.758  1.190  -1.994 0.0000000000
62814  -45.825  1.731  -1.836 0.0000000000
62815  -46.624  1.878  -2.211 0.0000000000
62816  -55.110  1.195  -0.806 0.0000000000
62817  -55.783  1.186  -1.583 0.0000000000
62821  -45.536  1.019  -2.449 0.0000000000
62822  -46.306  1.311  -2.673 0.0000000000
62823  -47.358  1.622  -3.144 0.0000000000
62824  -48.494  1.531  -3.285 0.0000000000
62825  -49.462  1.094  -2.793 0.0000000000
62826  -50.482  1.188  -1.875 0.0000000000
62827  -51.420  1.292  -1.909 0.0000000000
62828  -51.924  1.613  -2.098 0.0000000000
62829  -56.556  0.978  -2.633 0.0000000000
62830  -57.261  1.195  -3.462 0.0000000000
62833  -48.219  0.967  -3.736 0.0000000000
62834  -48.919  0.800  -3.600 0.0000000000
62835  -49.252  0.613  -3.365 0.0000000000
62836  -52.076  0.951  -2.224 0.0000000000
62837  -52.639  1.195  -2.640 0.0000000000
62838  -53.642  1.053  -3.496 0.0000000000
62839  -54.316  1.364  -3.874 0.0000000000
62840  -57.068  0.465  -3.647 0.0000000000
62841  -57.648  0.924  -4.428 0.0000000000
62844  -54.329  0.632  -4.486 0.0000000000
62845  -55.048  1.059  -4.839 0.0000000000
62846  -56.177  1.213  -5.190 0.0000000000
62847  -57.096  1.337  -5.151 0.0000000000
63494  -56.311  2.838  20.428 0.0000000000
63495  -57.023  2.844  20.635 0.0000000000
63496  -57.263  2.705  20.393 0.0000000000
63505  -55.748  3.322  19.667 0.0000000000
63506  -56.746  3.709  20.199 0.0000000000
63507  -57.301  3.287  19.757 0.0000000000
63522  -54.433  2.904  17.504 0.0000000000
63523  -55.024  3.322  18.306 0.0000000000
63524  -56.682  3.193  17.510 0.0000000000
63525  -57.044  3.478  18.498 0.0000000000
63536  -54.212  2.833  16.572 0.0000000000
63537  -55.124  3.679  16.817 0.0000000000
63538  -56.243  3.532  16.744 0.0000000000
63539  -56.983  3.857  17.571 0.0000000000
63544  -54.128  2.666  15.892 0.0000000000
63545  -54.713  3.048  15.766 0.0000000000
63546  -55.456  3.242  15.801 0.0000000000
63558  -55.753  2.544  13.670 0.0000000000
63559  -56.718  2.796  14.130 0.0000000000
63560  -57.940  3.085  13.935 0.0000000000
63561  -58.971  3.824  13.651 0.0000000000
63562  -59.564  4.244  13.319 0.0000000000
63567  -54.761  2.411  11.850 0.0000000000
63568  -55.277  2.525  12.705 0.0000000000
63569  -58.240  2.787  13.357 0.0000000000
63570  -58.812  2.919  13.147 0.0000000000
63571  -59.996  3.396  12.489 0.0000000000
63572  -61.528  2.669  11.536 0.0000000000
63573  -62.244  1.887  11.442 0.0000000000
63581  -53.715  2.121  10.293 0.0000000000
63582  -54.183  2.207  10.836 0.0000000000
63583  -59.073  3.930  10.345 0.0000000000
63584  -60.122  3.665  10.381 0.0000000000
63585  -61.006  3.331  10.326 0.0000000000
63586  -61.693  2.858  10.615 0.0000000000
63587  -62.356  2.042  10.886 0.0000000000
63599  -43.605  2.550  9.424 0.0000000000
63600  -44.618  2.449  9.321 0.0000000000
63601  -45.567  2.428  9.307 0.0000000000
63602  -46.423  2.382  9.364 0.0000000000
63603  -47.241  2.319  9.412 0.0000000000
63604  -48.200  2.475  9.393 0.0000000000
63605  -48.844  2.140  9.331 0.0000000000
63606  -50.827  2.507  9.272 0.0000000000
63607  -51.336  2.337  9.366 0.0000000000
63608  -52.141  2.177  9.524 0.0000000000
63609  -53.183  2.375  9.797 0.0000000000
63610  -53.864  2.451  10.146 0.0000000000
63611  -57.385  3.485  9.300 0.0000000000
63612  -58.214  3.080  9.766 0.0000000000
63613  -59.307  2.807  9.824 0.0000000000
63614  -60.443  2.615  9.699 0.0000000000
63615  -61.398  2.334  9.682 0.0000000000
63616  -62.074  1.815  9.952 0.0000000000
63618  -48.614  3.092  9.257 0.0000000000
63619  -49.266  2.742  9.234 0.0000000000
63620  -50.284  2.754  9.156 0.0000000000
63621  -51.138  3.011  9.151 0.0000000000
63622  -51.904  2.931  9.267 0.0000000000
63623  -52.481  2.738  9.383 0.0000000000
63624  -56.302  3.286  8.089 0.0000000000
63625  -56.716  2.855  8.746 0.0000000000
63627  -55.423  3.222  6.910 0.0000000000
63628  -55.704  2.895  7.549 0.0000000000
63630  -54.481  2.727  5.833 0.0000000000
63631  -54.739  2.937  6.197 0.0000000000
63632  -55.256  2.473  6.831 0.0000000000
63634  -54.237  2.930  5.472 0.0000000000
63635  -54.581  3.262  5.704 0.0000000000
63637  -53.197  1.916  4.157 0.0000000000
63638  -53.534  2.686  4.297 0.0000000000
63643  -39.260  2.466  3.443 0.0000000000
63644  -40.186  2.380  3.260 0.0000000000
63645  -41.136  2.170  2.946 0.0000000000
63646  -41.859  2.557  2.847 0.0000000000
63647  -53.063  2.007  3.510 0.0000000000
63648  -53.395  2.574  3.271 0.0000000000
63653  -41.771  1.961  2.509 0.0000000000
63654  -42.444  2.315  2.410 0.0000000000
63655  -43.286  2.305  1.884 0.0000000000
63656  -43.912  2.682  1.592 0.0000000000
63657  -53.021  1.885  2.990 0.0000000000
63658  -53.399  2.253  2.444 0.0000000000
63664  -43.784  1.928  1.270 0.0000000000
63665  -44.444  2.333  1.066 0.0000000000
63666  -45.149  2.403  0.445 0.0000000000
63667  -45.816  2.679  0.275 0.0000000000
63668  -53.727  2.275  1.594 0.0000000000
63669  -54.224  2.552  1.082 0.0000000000
63675  -45.491  2.139  -0.244 0.0000000000
63676  -46.163  2.406  -0.514 0.0000000000
63677  -46.933  2.571  -0.679 0.0000000000
63678  -53.910  1.941  0.951 0.0000000000
63679  -54.510  2.269  0.357 0.0000000000
63680  -55.180  2.597  -0.263 0.0000000000
63686  -46.564  2.185  -1.363 0.0000000000
63687  -47.448  2.255  -1.518 0.0000000000
63688  -48.374  2.360  -1.432 0.0000000000
63689  -49.042  2.536  -1.320 0.0000000000
63690  -54.870  1.948  -0.402 0.0000000000
63691  -55.544  2.184  -1.002 0.0000000000
63696  -48.074  1.964  -2.479 0.0000000000
63697  -48.824  1.881  -2.197 0.0000000000
63698  -49.731  2.098  -1.646 0.0000000000
63699  -50.694  2.165  -1.574 0.0000000000
63700  -51.448  2.318  -1.751 0.0000000000
63701  -52.153  2.307  -2.129 0.0000000000
63702  -56.340  2.010  -1.868 0.0000000000
63703  -57.025  1.940  -2.814 0.0000000000
63706  -52.957  2.196  -2.609 0.0000000000
63707  -53.857  2.156  -2.992 0.0000000000
63708  -54.800  2.118  -3.538 0.0000000000
63709  -55.555  2.350  -3.616 0.0000000000
63710  -57.532  1.898  -3.689 0.0000000000
63715  -55.602  1.723  -4.287 0.0000000000
63716  -56.378  2.063  -4.281 0.0000000000
63717  -57.393  2.097  -4.395 0.0000000000
64337  -56.426  4.164  19.281 0.0000000000
64338  -57.180  4.252  19.216 0.0000000000
64339  -57.420  3.919  18.912 0.0000000000
64352  -55.854  4.034  18.460 0.0000000000
64353  -56.638  4.338  18.326 0.0000000000
64354  -57.214  4.216  18.254 0.0000000000
64364  -55.523  3.861  17.687 0.0000000000
64365  -56.023  4.180  17.480 0.0000000000
64366  -56.695  4.171  17.606 0.0000000000
64386  -56.064  3.411  14.139 0.0000000000
64387  -57.114  3.917  14.334 0.0000000000
64388  -58.335  4.278  14.378 0.0000000000
64389  -59.326  4.784  13.818 0.0000000000
64390  -60.058  4.770  12.951 0.0000000000
64394  -55.165  3.067  11.987 0.0000000000
64395  -55.796  3.506  12.859 0.0000000000
64396  -56.417  4.023  13.621 0.0000000000
64397  -60.762  4.240  11.724 0.0000000000
64398  -61.303  3.380  11.208 0.0000000000
64405  -54.753  3.097  11.061 0.0000000000
64406  -55.357  3.835  11.466 0.0000000000
64407  -59.202  5.063  10.288 0.0000000000
64408  -60.069  4.928  10.490 0.0000000000
64409  -60.696  4.485  10.878 0.0000000000
64410  -61.137  3.682  10.950 0.0000000000
64421  -43.321  3.479  9.235 0.0000000000
64422  -44.291  3.277  9.159 0.0000000000
64423  -45.260  3.161  9.140 0.0000000000
64424  -46.194  3.094  9.214 0.0000000000
64425  -47.060  3.003  9.351 0.0000000000
64426  -47.628  2.837  9.393 0.0000000000
64427  -53.491  3.550  9.353 0.0000000000
64428  -54.231  3.211  9.948 0.0000000000
64429  -54.944  3.880  10.476 0.0000000000
64430  -57.528  4.439  9.240 0.0000000000
64431  -58.200  4.407  9.859 0.0000000000
64434  -43.153  4.334  8.987 0.0000000000
64435  -43.982  4.087  8.766 0.0000000000
64436  -44.926  3.843  8.683 0.0000000000
64437  -45.907  3.715  8.753 0.0000000000
64438  -46.879  3.631  8.909 0.0000000000
64439  -47.939  3.426  9.117 0.0000000000
64440  -48.956  3.562  8.958 0.0000000000
64441  -49.855  3.576  8.940 0.0000000000
64442  -50.747  3.672  8.958 0.0000000000
64443  -51.621  3.715  9.039 0.0000000000
64444  -52.610  3.486  9.163 0.0000000000
64445  -56.523  3.836  8.007 0.0000000000
64446  -56.909  4.041  8.616 0.0000000000
64448  -55.715  3.613  6.852 0.0000000000
64449  -56.236  3.792  7.372 0.0000000000
64450  -56.786  4.358  7.996 0.0000000000
64452  -55.357  3.604  6.461 0.0000000000
64453  -55.936  3.979  6.706 0.0000000000
64455  -54.494  3.493  5.348 0.0000000000
64456  -55.019  3.793  5.762 0.0000000000
64457  -55.661  4.102  6.217 0.0000000000
64459  -54.227  3.588  4.612 0.0000000000
64460  -54.705  3.951  5.091 0.0000000000
64465  -39.894  3.335  3.579 0.0000000000
64466  -40.826  3.241  3.418 0.0000000000
64467  -41.609  3.180  3.158 0.0000000000
64468  -42.236  3.207  2.840 0.0000000000
64469  -53.933  3.401  3.552 0.0000000000
64475  -42.938  3.254  2.427 0.0000000000
64476  -43.645  3.335  1.976 0.0000000000
64477  -44.320  3.374  1.608 0.0000000000
64478  -53.801  3.082  2.732 0.0000000000
64483  -45.026  3.329  1.213 0.0000000000
64484  -45.678  3.360  0.791 0.0000000000
64485  -46.321  3.271  0.411 0.0000000000
64486  -53.868  3.080  2.035 0.0000000000
64487  -54.293  3.087  1.475 0.0000000000
64492  -46.866  3.016  0.023 0.0000000000
64493  -47.527  3.206  -0.308 0.0000000000
64494  -48.129  3.655  -0.389 0.0000000000
64495  -54.729  3.089  0.951 0.0000000000
64496  -55.256  3.190  0.283 0.0000000000
64500  -48.070  2.897  -0.774 0.0000000000
64501  -48.726  3.316  -0.703 0.0000000000
64502  -49.589  3.266  -0.954 0.0000000000
64503  -50.236  3.582  -1.041 0.0000000000
64504  -55.889  3.194  -0.608 0.0000000000
64505  -56.582  3.304  -1.213 0.0000000000
64510  -50.232  2.860  -1.221 0.0000000000
64511  -50.877  3.232  -1.331 0.0000000000
64512  -51.686  3.226  -1.710 0.0000000000
64513  -52.431  3.193  -2.090 0.0000000000
64514  -56.224  2.770  -1.347 0.0000000000
64515  -57.018  2.937  -2.000 0.0000000000
64516  -57.782  3.234  -2.470 0.0000000000
64519  -53.248  3.189  -2.389 0.0000000000
64520  -54.165  3.197  -2.711 0.0000000000
64521  -55.105  3.229  -3.140 0.0000000000
64522  -55.886  2.809  -3.489 0.0000000000
64523  -57.571  2.664  -3.004 0.0000000000
64524  -58.298  3.270  -3.121 0.0000000000
64525  -59.231  3.572  -3.442 0.0000000000
64526  -59.797  3.767  -3.713 0.0000000000
64532  -55.743  3.497  -3.472 0.0000000000
64533  -56.657  3.008  -3.611 0.0000000000
64534  -57.608  3.016  -3.728 0.0000000000
64535  -58.620  3.411  -4.168 0.0000000000
64536  -59.461  3.702  -4.285 0.0000000000
64537  -59.838  3.851  -4.041 0.0000000000
64542  -59.054  3.706  -4.703 0.0000000000
64543  -59.390  3.834  -4.788 0.0000000000
65197  -57.837  4.625  14.116 0.0000000000
65198  -58.660  5.387  13.811 0.0000000000
65199  -60.027  6.015  13.470 0.0000000000
65200  -60.467  5.552  12.380 0.0000000000
65204  -56.387  4.232  12.911 0.0000000000
65205  -57.390  4.862  13.020 0.0000000000
65206  -58.532  6.069  12.867 0.0000000000
65207  -60.521  6.679  12.185 0.0000000000
65208  -60.671  5.588  11.426 0.0000000000
65218  -56.124  4.681  11.981 0.0000000000
65219  -56.900  5.617  11.732 0.0000000000
65220  -58.785  5.678  10.047 0.0000000000
65221  -60.015  6.445  10.660 0.0000000000
65222  -60.537  5.473  10.804 0.0000000000
65232  -54.031  4.113  9.254 0.0000000000
65233  -54.746  4.571  9.647 0.0000000000
65234  -55.521  4.877  10.588 0.0000000000
65235  -57.460  4.972  8.931 0.0000000000
65236  -57.944  5.541  9.514 0.0000000000
65238  -42.900  4.973  8.817 0.0000000000
65239  -43.637  5.016  8.278 0.0000000000
65240  -44.572  4.584  8.144 0.0000000000
65241  -45.547  4.323  8.145 0.0000000000
65242  -46.540  4.204  8.303 0.0000000000
65243  -47.525  4.160  8.460 0.0000000000
65244  -48.511  4.170  8.512 0.0000000000
65245  -49.443  4.230  8.546 0.0000000000
65246  -50.317  4.306  8.608 0.0000000000
65247  -51.178  4.436  8.700 0.0000000000
65248  -52.125  4.475  8.740 0.0000000000
65249  -53.347  4.566  8.668 0.0000000000
65250  -54.248  4.826  8.925 0.0000000000
65251  -57.325  5.268  8.427 0.0000000000
65252  -57.569  5.780  9.035 0.0000000000
65254  -43.802  5.472  7.753 0.0000000000
65255  -44.244  5.275  7.632 0.0000000000
65256  -45.153  5.019  7.364 0.0000000000
65257  -46.152  4.602  7.536 0.0000000000
65258  -47.117  4.572  7.719 0.0000000000
65259  -48.061  4.584  7.811 0.0000000000
65260  -49.058  4.653  7.766 0.0000000000
65261  -49.903  4.716  8.037 0.0000000000
65262  -50.686  4.964  8.188 0.0000000000
65263  -51.571  5.145  8.252 0.0000000000
65264  -52.509  5.114  8.117 0.0000000000
65265  -56.494  4.433  6.966 0.0000000000
65266  -57.037  5.015  7.582 0.0000000000
65268  -45.368  5.248  6.820 0.0000000000
65269  -45.835  5.000  6.835 0.0000000000
65270  -46.702  4.842  6.927 0.0000000000
65271  -47.614  4.832  7.036 0.0000000000
65272  -48.445  4.849  7.137 0.0000000000
65273  -56.302  4.479  6.411 0.0000000000
65274  -56.877  5.124  6.847 0.0000000000
65276  -55.239  4.274  5.166 0.0000000000
65277  -56.002  4.558  5.639 0.0000000000
65278  -56.760  5.015  6.185 0.0000000000
65280  -54.397  4.013  3.871 0.0000000000
65281  -54.989  4.419  4.393 0.0000000000
65282  -55.717  4.614  4.873 0.0000000000
65286  -39.562  4.305  3.506 0.0000000000
65287  -40.482  4.210  3.434 0.0000000000
65288  -41.440  4.219  3.182 0.0000000000
65289  -41.944  3.718  3.018 0.0000000000
65290  -54.411  3.972  3.265 0.0000000000
65291  -54.816  4.455  3.461 0.0000000000
65298  -41.880  4.845  2.867 0.0000000000
65299  -42.436  4.233  2.718 0.0000000000
65300  -43.318  4.100  2.240 0.0000000000
65301  -43.976  4.169  1.912 0.0000000000
65302  -54.235  3.699  2.739 0.0000000000
65303  -54.712  4.294  2.710 0.0000000000
65308  -44.687  4.293  1.509 0.0000000000
65309  -45.419  4.240  1.105 0.0000000000
65310  -46.063  4.212  0.739 0.0000000000
65311  -54.073  3.475  2.330 0.0000000000
65312  -54.603  3.884  1.860 0.0000000000
65313  -55.170  4.234  1.478 0.0000000000
65317  -46.919  4.136  0.287 0.0000000000
65318  -47.777  4.322  -0.090 0.0000000000
65319  -48.451  4.387  -0.359 0.0000000000
65320  -54.713  3.509  1.324 0.0000000000
65321  -55.217  3.933  0.967 0.0000000000
65326  -49.171  4.337  -0.665 0.0000000000
65327  -49.904  4.233  -0.913 0.0000000000
65328  -50.487  4.244  -1.229 0.0000000000
65329  -55.924  3.990  0.082 0.0000000000
65330  -56.795  3.984  -0.781 0.0000000000
65331  -57.417  4.346  -1.013 0.0000000000
65336  -51.191  4.175  -1.592 0.0000000000
65337  -51.941  4.027  -1.931 0.0000000000
65338  -52.617  4.084  -2.194 0.0000000000
65339  -57.029  3.548  -1.420 0.0000000000
65340  -57.745  3.937  -1.733 0.0000000000
65341  -58.427  4.310  -1.947 0.0000000000
65346  -53.438  4.232  -2.510 0.0000000000
65347  -54.370  4.277  -2.951 0.0000000000
65348  -55.236  4.284  -3.412 0.0000000000
65349  -58.172  3.559  -2.461 0.0000000000
65350  -58.821  3.904  -2.456 0.0000000000
65351  -60.146  4.004  -2.927 0.0000000000
65352  -60.600  4.688  -3.059 0.0000000000
65358  -56.129  4.143  -3.749 0.0000000000
65359  -57.044  3.894  -4.063 0.0000000000
65360  -57.883  3.845  -4.467 0.0000000000
65361  -58.604  4.019  -4.857 0.0000000000
65362  -59.942  3.966  -4.318 0.0000000000
65363  -60.218  4.052  -3.865 0.0000000000
65364  -60.597  4.514  -3.579 0.0000000000
65367  -59.221  4.164  -5.077 0.0000000000
65368  -59.806  4.190  -4.856 0.0000000000
65369  -60.323  4.400  -4.431 0.0000000000
65370  -60.540  4.447  -4.038 0.0000000000
66044  -59.182  6.570  13.329 0.0000000000
66045  -59.817  7.205  12.912 0.0000000000
66051  -57.899  6.472  11.840 0.0000000000
66052  -58.903  7.314  12.422 0.0000000000
66053  -59.669  7.758  11.802 0.0000000000
66065  -56.253  5.617  11.039 0.0000000000
66066  -56.851  6.620  10.993 0.0000000000
66067  -58.575  6.942  10.016 0.0000000000
66068  -59.259  7.895  10.663 0.0000000000
66078  -55.326  5.375  9.736 0.0000000000
66079  -55.988  6.311  10.057 0.0000000000
66080  -56.681  6.991  10.396 0.0000000000
66081  -57.770  6.624  9.421 0.0000000000
66084  -42.962  5.736  8.231 0.0000000000
66085  -43.514  5.645  7.828 0.0000000000
66086  -54.087  5.208  8.423 0.0000000000
66087  -54.987  5.849  8.837 0.0000000000
66088  -55.740  6.596  9.376 0.0000000000
66089  -57.250  6.405  8.306 0.0000000000
66090  -57.488  6.521  8.891 0.0000000000
66092  -43.372  6.064  7.624 0.0000000000
66093  -43.835  5.902  7.246 0.0000000000
66094  -44.512  5.608  6.965 0.0000000000
66095  -45.026  5.442  6.733 0.0000000000
66096  -49.618  4.940  7.529 0.0000000000
66097  -50.170  5.164  7.482 0.0000000000
66098  -51.017  5.555  7.541 0.0000000000
66099  -52.067  5.696  7.480 0.0000000000
66100  -53.643  5.851  7.561 0.0000000000
66101  -54.648  6.378  8.015 0.0000000000
66102  -57.125  6.224  7.470 0.0000000000
66104  -44.162  6.069  6.567 0.0000000000
66105  -44.706  5.885  6.207 0.0000000000
66106  -45.466  5.476  6.306 0.0000000000
66107  -46.293  5.263  6.280 0.0000000000
66108  -47.151  5.218  6.328 0.0000000000
66109  -48.099  5.225  6.377 0.0000000000
66110  -49.293  5.144  6.744 0.0000000000
66111  -50.417  5.535  6.664 0.0000000000
66112  -51.452  6.051  6.550 0.0000000000
66113  -52.550  6.364  6.713 0.0000000000
66114  -53.184  6.592  6.746 0.0000000000
66115  -57.102  5.928  6.535 0.0000000000
66117  -45.213  5.924  5.672 0.0000000000
66118  -45.940  5.712  5.655 0.0000000000
66119  -46.681  5.562  5.769 0.0000000000
66120  -47.445  5.694  5.654 0.0000000000
66121  -48.535  5.838  5.504 0.0000000000
66122  -49.738  5.604  5.738 0.0000000000
66123  -50.669  5.787  5.805 0.0000000000
66124  -51.347  6.093  5.748 0.0000000000
66125  -56.413  4.898  4.946 0.0000000000
66126  -57.080  5.480  5.527 0.0000000000
66127  -57.538  6.200  5.390 0.0000000000
66129  -48.633  6.377  5.019 0.0000000000
66130  -49.176  6.238  5.064 0.0000000000
66131  -50.057  5.908  5.034 0.0000000000
66132  -50.841  5.839  5.135 0.0000000000
66133  -55.440  4.790  3.627 0.0000000000
66134  -56.111  4.904  4.167 0.0000000000
66135  -57.082  5.294  4.517 0.0000000000
66136  -57.669  5.986  4.831 0.0000000000
66141  -40.201  5.252  3.229 0.0000000000
66142  -40.862  4.783  3.237 0.0000000000
66143  -55.320  4.827  2.892 0.0000000000
66144  -56.126  5.085  3.196 0.0000000000
66145  -57.064  5.285  3.578 0.0000000000
66146  -57.845  5.814  3.981 0.0000000000
66153  -40.609  5.796  2.906 0.0000000000
66154  -41.240  5.360  2.909 0.0000000000
66155  -42.281  5.463  2.408 0.0000000000
66156  -43.145  4.891  2.190 0.0000000000
66157  -43.622  4.596  2.017 0.0000000000
66158  -51.435  6.379  2.378 0.0000000000
66159  -51.661  6.507  2.301 0.0000000000
66160  -55.223  4.564  2.130 0.0000000000
66161  -56.017  4.976  2.304 0.0000000000
66162  -56.986  5.287  2.605 0.0000000000
66163  -58.004  5.867  2.947 0.0000000000
66164  -58.604  6.262  2.668 0.0000000000
66170  -42.569  6.004  1.954 0.0000000000
66171  -43.074  5.677  1.878 0.0000000000
66172  -43.964  5.154  1.663 0.0000000000
66173  -45.117  5.289  1.056 0.0000000000
66174  -45.687  4.779  0.859 0.0000000000
66175  -51.263  6.295  2.145 0.0000000000
66176  -51.490  6.457  2.073 0.0000000000
66177  -55.172  4.357  1.713 0.0000000000
66178  -55.746  4.647  1.409 0.0000000000
66179  -56.825  5.121  1.630 0.0000000000
66180  -57.828  5.557  1.927 0.0000000000
66181  -58.649  6.062  2.193 0.0000000000
66185  -45.537  5.858  0.685 0.0000000000
66186  -46.169  5.287  0.569 0.0000000000
66187  -47.413  5.406  0.004 0.0000000000
66188  -48.087  4.957  -0.189 0.0000000000
66189  -55.987  4.445  0.549 0.0000000000
66190  -56.690  4.848  0.682 0.0000000000
66191  -57.747  5.294  0.850 0.0000000000
66192  -58.729  5.816  1.248 0.0000000000
66197  -47.706  5.939  -0.497 0.0000000000
66198  -48.497  5.526  -0.702 0.0000000000
66199  -49.588  5.013  -1.088 0.0000000000
66200  -50.092  4.710  -1.265 0.0000000000
66201  -56.123  4.325  0.236 0.0000000000
66202  -56.478  4.453  0.058 0.0000000000
66203  -57.492  4.819  -0.373 0.0000000000
66204  -58.947  5.604  -0.071 0.0000000000
66205  -59.842  5.820  -0.421 0.0000000000
66210  -48.754  6.088  -1.299 0.0000000000
66211  -49.298  5.749  -1.443 0.0000000000
66212  -50.406  5.319  -1.837 0.0000000000
66213  -51.545  4.764  -2.191 0.0000000000
66214  -52.122  4.496  -2.253 0.0000000000
66215  -57.753  4.523  -1.141 0.0000000000
66216  -58.484  4.852  -1.396 0.0000000000
66217  -59.856  5.561  -1.216 0.0000000000
66218  -60.476  5.947  -1.692 0.0000000000
66222  -50.768  6.004  -2.471 0.0000000000
66223  -51.388  5.617  -2.537 0.0000000000
66224  -52.505  5.118  -2.580 0.0000000000
66225  -53.752  5.244  -2.901 0.0000000000
66226  -54.727  5.247  -3.400 0.0000000000
66227  -58.780  4.451  -2.012 0.0000000000
66228  -59.423  4.688  -2.100 0.0000000000
66229  -60.439  5.382  -2.408 0.0000000000
66233  -55.732  5.217  -3.786 0.0000000000
66234  -56.665  4.979  -4.117 0.0000000000
66235  -57.425  4.707  -4.494 0.0000000000
66236  -58.115  4.759  -4.890 0.0000000000
66237  -60.741  5.359  -3.406 0.0000000000
66240  -58.845  4.944  -5.298 0.0000000000
66241  -59.623  5.043  -5.310 0.0000000000
66242  -60.284  5.143  -4.982 0.0000000000
66243  -60.731  5.143  -4.258 0.0000000000
66858  -57.596  7.349  11.149 0.0000000000
66859  -58.335  7.751  11.612 0.0000000000
66860  -58.917  8.116  11.949 0.0000000000
66871  -57.140  7.364  10.631 0.0000000000
66872  -57.982  7.842  10.633 0.0000000000
66873  -58.835  8.239  11.357 0.0000000000
66878  -56.068  6.945  9.612 0.0000000000
66879  -56.728  7.450  9.951 0.0000000000
66880  -57.660  7.425  9.710 0.0000000000
66885  -55.110  6.651  8.294 0.0000000000
66886  -55.846  7.146  8.957 0.0000000000
66887  -57.119  7.623  9.064 0.0000000000
66888  -57.588  7.165  9.234 0.0000000000
66890  -43.108  6.583  7.631 0.0000000000
66891  -43.482  6.430  7.191 0.0000000000
66892  -53.693  6.773  6.908 0.0000000000
66893  -54.802  7.302  7.527 0.0000000000
66894  -56.165  7.998  8.648 0.0000000000
66895  -57.026  7.662  8.295 0.0000000000
66898  -43.351  6.880  6.973 0.0000000000
66899  -43.706  6.641  6.449 0.0000000000
66900  -44.199  6.372  6.024 0.0000000000
66901  -51.691  6.330  6.086 0.0000000000
66902  -52.179  6.636  6.162 0.0000000000
66903  -53.236  7.429  6.340 0.0000000000
66904  -54.035  8.064  6.768 0.0000000000
66905  -57.019  7.247  7.153 0.0000000000
66908  -44.023  6.843  5.701 0.0000000000
66909  -44.627  6.557  5.323 0.0000000000
66910  -45.538  6.293  5.083 0.0000000000
66911  -46.566  6.156  5.118 0.0000000000
66912  -47.570  6.336  5.024 0.0000000000
66913  -48.218  6.441  4.897 0.0000000000
66914  -51.874  6.436  5.769 0.0000000000
66915  -52.759  6.994  5.604 0.0000000000
66916  -53.251  7.771  5.665 0.0000000000
66917  -57.291  6.807  5.968 0.0000000000
66918  -57.821  6.853  5.139 0.0000000000
66922  -45.164  6.896  4.678 0.0000000000
66923  -45.923  6.816  4.340 0.0000000000
66924  -46.890  6.640  4.321 0.0000000000
66925  -47.738  6.620  4.299 0.0000000000
66926  -48.577  6.572  4.435 0.0000000000
66927  -49.439  6.423  4.384 0.0000000000
66928  -50.341  6.127  4.426 0.0000000000
66929  -51.534  6.121  4.912 0.0000000000
66930  -52.513  6.689  4.741 0.0000000000
66931  -53.053  6.928  4.386 0.0000000000
66932  -58.280  6.759  4.302 0.0000000000
66933  -58.717  7.137  3.650 0.0000000000
66939  -39.461  5.878  3.173 0.0000000000
66940  -46.445  7.110  3.794 0.0000000000
66941  -47.145  6.998  3.515 0.0000000000
66942  -48.009  6.800  3.607 0.0000000000
66943  -48.808  6.633  3.590 0.0000000000
66944  -49.674  6.418  3.578 0.0000000000
66945  -50.652  6.217  3.669 0.0000000000
66946  -51.680  6.218  3.756 0.0000000000
66947  -52.532  6.508  3.707 0.0000000000
66948  -53.289  6.869  3.600 0.0000000000
66949  -58.419  6.445  3.520 0.0000000000
66950  -58.917  6.965  3.142 0.0000000000
66960  -40.041  6.256  2.777 0.0000000000
66961  -40.817  6.150  2.479 0.0000000000
66962  -41.528  6.029  2.340 0.0000000000
66963  -47.603  7.132  2.964 0.0000000000
66964  -48.223  6.944  2.849 0.0000000000
66965  -49.012  6.712  2.619 0.0000000000
66966  -49.968  6.340  2.662 0.0000000000
66967  -51.007  6.235  2.578 0.0000000000
66968  -51.833  6.442  2.774 0.0000000000
66969  -52.658  6.698  2.748 0.0000000000
66970  -53.405  7.057  2.640 0.0000000000
66971  -53.759  7.278  2.375 0.0000000000
66972  -58.609  6.442  2.966 0.0000000000
66973  -59.216  6.713  2.547 0.0000000000
66974  -59.942  7.044  1.983 0.0000000000
66981  -39.531  6.697  2.218 0.0000000000
66982  -40.181  6.656  1.867 0.0000000000
66983  -41.070  6.442  1.767 0.0000000000
66984  -41.957  6.268  1.702 0.0000000000
66985  -42.714  6.246  1.422 0.0000000000
66986  -43.521  6.137  1.341 0.0000000000
66987  -44.331  6.013  1.165 0.0000000000
66988  -49.514  6.778  1.936 0.0000000000
66989  -50.283  6.584  1.767 0.0000000000
66990  -51.148  6.562  1.728 0.0000000000
66991  -51.923  6.789  1.987 0.0000000000
66992  -52.811  7.182  2.007 0.0000000000
66993  -53.519  7.346  1.999 0.0000000000
66994  -53.902  7.364  2.109 0.0000000000
66995  -59.451  6.382  1.697 0.0000000000
66996  -60.292  6.859  1.262 0.0000000000
67000  -40.575  6.778  1.189 0.0000000000
67001  -41.239  6.683  0.957 0.0000000000
67002  -42.068  6.590  0.779 0.0000000000
67003  -42.918  6.647  0.705 0.0000000000
67004  -43.825  6.651  0.659 0.0000000000
67005  -44.900  6.475  0.544 0.0000000000
67006  -45.805  6.253  0.329 0.0000000000
67007  -46.555  6.101  0.123 0.0000000000
67008  -59.699  6.186  0.772 0.0000000000
67009  -60.648  6.784  0.286 0.0000000000
67010  -60.977  7.208  -0.593 0.0000000000
67015  -45.365  6.822  -0.044 0.0000000000
67016  -46.033  6.747  -0.283 0.0000000000
67017  -47.030  6.517  -0.536 0.0000000000
67018  -47.781  6.276  -0.851 0.0000000000
67019  -59.977  6.040  0.044 0.0000000000
67020  -60.474  6.283  -0.578 0.0000000000
67021  -60.956  6.853  -1.145 0.0000000000
67026  -47.422  6.830  -1.123 0.0000000000
67027  -48.182  6.673  -1.375 0.0000000000
67028  -48.951  6.435  -1.713 0.0000000000
67029  -49.575  6.179  -2.016 0.0000000000
67030  -60.604  6.220  -1.280 0.0000000000
67031  -61.002  6.685  -1.941 0.0000000000
67034  -48.565  7.065  -1.973 0.0000000000
67035  -49.163  6.912  -2.300 0.0000000000
67036  -50.124  6.648  -2.703 0.0000000000
67037  -51.121  6.328  -2.955 0.0000000000
67038  -52.097  6.163  -3.102 0.0000000000
67039  -53.234  6.087  -3.262 0.0000000000
67040  -54.204  5.961  -3.487 0.0000000000
67041  -60.966  6.607  -3.053 0.0000000000
67045  -50.788  6.806  -3.394 0.0000000000
67046  -51.566  6.657  -3.662 0.0000000000
67047  -52.693  6.626  -4.200 0.0000000000
67048  -54.031  6.452  -4.244 0.0000000000
67049  -55.246  6.173  -4.246 0.0000000000
67050  -56.422  5.955  -4.542 0.0000000000
67051  -57.285  5.662  -4.689 0.0000000000
67052  -57.749  5.307  -4.792 0.0000000000
67053  -60.866  6.491  -4.040 0.0000000000
67057  -52.965  6.820  -5.002 0.0000000000
67058  -53.687  6.713  -5.087 0.0000000000
67059  -55.106  6.601  -5.732 0.0000000000
67060  -56.314  6.448  -5.653 0.0000000000
67061  -57.260  6.384  -5.660 0.0000000000
67062  -58.254  6.140  -5.334 0.0000000000
67063  -59.353  6.204  -5.649 0.0000000000
67064  -60.070  6.230  -5.529 0.0000000000
67065  -60.651  6.524  -5.026 0.0000000000
67068  -56.034  7.072  -7.042 0.0000000000
67069  -56.540  6.913  -6.785 0.0000000000
67070  -57.436  7.169  -6.762 0.0000000000
67071  -58.163  7.335  -6.708 0.0000000000
67072  -59.155  7.250  -6.693 0.0000000000
67073  -60.116  7.073  -6.562 0.0000000000
67074  -60.630  7.171  -6.009 0.0000000000
67077  -56.529  7.375  -7.551 0.0000000000
67078  -56.866  7.363  -7.491 0.0000000000
67079  -57.343  7.406  -7.324 0.0000000000
67764  -54.817  8.640  7.111 0.0000000000
67765  -55.748  8.560  8.106 0.0000000000
67766  -56.478  8.696  8.415 0.0000000000
67770  -43.188  7.303  7.219 0.0000000000
67771  -43.443  7.461  6.479 0.0000000000
67772  -53.420  8.205  5.739 0.0000000000
67773  -53.736  8.659  6.147 0.0000000000
67774  -56.965  8.624  7.812 0.0000000000
67777  -43.774  7.418  5.768 0.0000000000
67778  -44.203  7.415  5.224 0.0000000000
67779  -53.061  7.451  5.189 0.0000000000
67780  -53.535  8.302  5.429 0.0000000000
67781  -53.685  8.671  5.525 0.0000000000
67782  -57.166  8.337  6.665 0.0000000000
67783  -57.614  8.003  5.545 0.0000000000
67787  -44.699  7.448  4.694 0.0000000000
67788  -45.295  7.545  4.216 0.0000000000
67789  -53.038  7.220  4.817 0.0000000000
67790  -53.718  7.817  4.582 0.0000000000
67791  -54.736  8.629  4.155 0.0000000000
67792  -55.300  8.985  3.875 0.0000000000
67793  -58.196  7.830  4.713 0.0000000000
67794  -58.715  7.825  3.995 0.0000000000
67796  -45.888  7.602  3.719 0.0000000000
67797  -46.501  7.661  3.271 0.0000000000
67798  -53.897  7.212  3.292 0.0000000000
67799  -54.564  7.777  3.442 0.0000000000
67800  -55.598  8.452  3.285 0.0000000000
67801  -56.327  8.637  2.716 0.0000000000
67802  -59.332  7.856  3.301 0.0000000000
67803  -59.748  8.443  2.861 0.0000000000
67812  -47.088  7.660  2.802 0.0000000000
67813  -47.761  7.663  2.368 0.0000000000
67814  -48.416  7.307  2.267 0.0000000000
67815  -53.820  7.183  2.686 0.0000000000
67816  -54.192  7.354  2.557 0.0000000000
67817  -55.023  7.703  2.434 0.0000000000
67818  -56.046  8.143  2.237 0.0000000000
67819  -59.347  7.296  2.893 0.0000000000
67820  -59.850  7.824  2.491 0.0000000000
67830  -39.946  7.024  1.059 0.0000000000
67831  -48.247  7.838  1.846 0.0000000000
67832  -48.930  7.424  1.759 0.0000000000
67833  -49.745  7.476  1.361 0.0000000000
67834  -50.638  7.301  1.284 0.0000000000
67835  -51.462  7.311  1.275 0.0000000000
67836  -52.281  7.470  1.329 0.0000000000
67837  -53.131  7.577  1.361 0.0000000000
67838  -54.124  7.529  1.599 0.0000000000
67839  -55.264  7.792  1.390 0.0000000000
67840  -56.421  8.248  1.241 0.0000000000
67841  -56.918  8.710  0.905 0.0000000000
67842  -60.446  7.905  1.588 0.0000000000
67843  -60.813  8.528  0.789 0.0000000000
67852  -39.366  7.360  0.403 0.0000000000
67853  -40.356  7.035  0.289 0.0000000000
67854  -41.306  6.886  0.011 0.0000000000
67855  -42.202  6.889  -0.089 0.0000000000
67856  -43.090  7.096  -0.054 0.0000000000
67857  -44.016  7.183  -0.052 0.0000000000
67858  -44.748  7.117  -0.201 0.0000000000
67859  -50.270  7.960  0.893 0.0000000000
67860  -51.003  7.974  0.852 0.0000000000
67861  -51.774  7.988  0.831 0.0000000000
67862  -52.566  8.033  0.637 0.0000000000
67863  -53.471  7.799  0.631 0.0000000000
67864  -54.417  7.762  0.547 0.0000000000
67865  -55.450  7.947  0.425 0.0000000000
67866  -56.550  8.461  0.299 0.0000000000
67867  -57.112  8.934  0.651 0.0000000000
67868  -60.754  7.610  0.787 0.0000000000
67869  -61.034  8.235  -0.163 0.0000000000
67875  -38.796  7.674  -0.274 0.0000000000
67876  -39.532  7.481  -0.654 0.0000000000
67877  -40.524  7.219  -0.786 0.0000000000
67878  -41.438  7.063  -0.945 0.0000000000
67879  -42.355  7.109  -0.954 0.0000000000
67880  -43.237  7.332  -0.892 0.0000000000
67881  -44.132  7.459  -0.859 0.0000000000
67882  -45.143  7.343  -0.782 0.0000000000
67883  -46.075  7.230  -1.013 0.0000000000
67884  -46.787  7.169  -1.210 0.0000000000
67885  -52.989  8.155  0.049 0.0000000000
67886  -53.660  7.949  -0.291 0.0000000000
67887  -54.614  7.773  -0.368 0.0000000000
67888  -55.583  7.821  -0.478 0.0000000000
67889  -56.549  8.107  -0.582 0.0000000000
67890  -57.324  8.282  -0.886 0.0000000000
67891  -58.137  8.591  -1.050 0.0000000000
67892  -61.179  8.014  -1.469 0.0000000000
67897  -39.929  7.616  -1.366 0.0000000000
67898  -40.689  7.570  -1.713 0.0000000000
67899  -41.641  7.408  -1.713 0.0000000000
67900  -42.478  7.477  -1.703 0.0000000000
67901  -43.328  7.603  -1.696 0.0000000000
67902  -44.232  7.655  -1.686 0.0000000000
67903  -45.159  7.624  -1.726 0.0000000000
67904  -46.082  7.560  -1.816 0.0000000000
67905  -47.139  7.433  -1.799 0.0000000000
67906  -47.900  7.364  -2.092 0.0000000000
67907  -54.022  7.884  -1.008 0.0000000000
67908  -54.735  7.727  -1.385 0.0000000000
67909  -55.746  7.589  -1.421 0.0000000000
67910  -56.636  7.750  -1.567 0.0000000000
67911  -57.556  7.988  -1.751 0.0000000000
67912  -58.731  8.417  -1.829 0.0000000000
67913  -59.584  8.688  -2.380 0.0000000000
67914  -61.404  7.921  -2.732 0.0000000000
67917  -41.194  7.803  -2.213 0.0000000000
67918  -41.832  7.780  -2.289 0.0000000000
67919  -42.575  7.821  -2.369 0.0000000000
67920  -43.379  7.838  -2.524 0.0000000000
67921  -44.240  7.741  -2.538 0.0000000000
67922  -45.103  7.688  -2.644 0.0000000000
67923  -46.089  7.699  -2.716 0.0000000000
67924  -47.113  7.650  -2.816 0.0000000000
67925  -48.225  7.426  -2.814 0.0000000000
67926  -49.158  7.271  -3.046 0.0000000000
67927  -49.689  7.204  -3.257 0.0000000000
67928  -55.204  7.869  -2.273 0.0000000000
67929  -55.957  7.671  -2.333 0.0000000000
67930  -56.801  7.792  -2.565 0.0000000000
67931  -57.806  7.901  -2.831 0.0000000000
67932  -58.876  8.166  -3.140 0.0000000000
67933  -59.873  8.740  -3.338 0.0000000000
67934  -61.396  7.791  -3.856 0.0000000000
67937  -43.635  7.908  -3.035 0.0000000000
67938  -44.142  7.794  -3.414 0.0000000000
67939  -45.051  7.627  -3.600 0.0000000000
67940  -46.047  7.682  -3.733 0.0000000000
67941  -47.185  7.843  -3.897 0.0000000000
67942  -48.362  7.727  -3.706 0.0000000000
67943  -49.258  7.502  -3.725 0.0000000000
67944  -50.112  7.245  -3.723 0.0000000000
67945  -50.977  7.090  -4.090 0.0000000000
67946  -51.746  6.936  -4.390 0.0000000000
67947  -55.558  8.028  -2.769 0.0000000000
67948  -56.077  8.080  -3.285 0.0000000000
67949  -57.046  8.043  -3.696 0.0000000000
67950  -58.016  8.102  -4.147 0.0000000000
67951  -59.034  8.468  -4.418 0.0000000000
67952  -59.988  9.111  -4.476 0.0000000000
67953  -61.179  7.555  -4.724 0.0000000000
67957  -44.306  7.746  -4.332 0.0000000000
67958  -45.051  7.435  -4.577 0.0000000000
67959  -46.027  7.489  -4.761 0.0000000000
67960  -46.746  7.754  -4.643 0.0000000000
67961  -48.724  7.805  -4.246 0.0000000000
67962  -49.399  7.650  -4.562 0.0000000000
67963  -50.332  7.409  -4.673 0.0000000000
67964  -51.229  7.314  -4.955 0.0000000000
67965  -52.303  7.074  -5.171 0.0000000000
67966  -53.254  6.875  -5.646 0.0000000000
67967  -54.134  6.702  -5.966 0.0000000000
67968  -56.530  8.304  -4.314 0.0000000000
67969  -57.353  8.308  -5.232 0.0000000000
67970  -58.243  8.441  -5.624 0.0000000000
67971  -59.196  8.967  -5.757 0.0000000000
67972  -60.065  9.587  -5.327 0.0000000000
67973  -61.173  7.903  -5.693 0.0000000000
67978  -45.104  7.217  -5.573 0.0000000000
67979  -45.949  7.170  -5.676 0.0000000000
67980  -49.758  7.635  -5.282 0.0000000000
67981  -50.451  7.591  -5.596 0.0000000000
67982  -51.497  7.636  -6.037 0.0000000000
67983  -52.782  7.298  -6.125 0.0000000000
67984  -53.835  6.962  -6.504 0.0000000000
67985  -54.972  6.899  -6.749 0.0000000000
67986  -57.968  8.330  -6.932 0.0000000000
67987  -58.112  8.528  -6.900 0.0000000000
67988  -59.223  9.060  -7.152 0.0000000000
67989  -60.198  8.051  -7.466 0.0000000000
67990  -60.950  8.119  -6.777 0.0000000000
67995  -46.133  7.142  -6.364 0.0000000000
67996  -52.383  7.744  -6.603 0.0000000000
67997  -53.424  7.524  -6.875 0.0000000000
67998  -54.733  7.405  -7.227 0.0000000000
67999  -56.052  7.495  -7.508 0.0000000000
68000  -56.965  7.728  -7.795 0.0000000000
68001  -57.521  7.855  -7.756 0.0000000000
68002  -59.818  9.752  -6.762 0.0000000000
68003  -60.753  9.196  -7.021 0.0000000000
68004  -61.045  8.578  -7.700 0.0000000000
68010  -61.191  9.236  -7.830 0.0000000000
68011  -61.301  9.222  -7.607 0.0000000000
68747  -55.188  9.218  7.097 0.0000000000
68748  -55.713  9.164  7.782 0.0000000000
68749  -56.120  9.121  8.349 0.0000000000
68754  -43.301  8.144  6.946 0.0000000000
68755  -54.588  9.491  6.303 0.0000000000
68756  -55.553  9.712  7.085 0.0000000000
68757  -56.522  9.732  8.050 0.0000000000
68761  -43.739  8.325  5.702 0.0000000000
68762  -43.985  7.887  5.326 0.0000000000
68763  -53.773  9.071  5.267 0.0000000000
68764  -53.905  9.450  5.399 0.0000000000
68765  -57.579  9.873  7.519 0.0000000000
68766  -57.433  9.551  6.036 0.0000000000
68769  -43.997  8.712  5.178 0.0000000000
68770  -44.375  8.387  4.712 0.0000000000
68771  -44.895  7.977  4.297 0.0000000000
68772  -53.679  8.806  5.129 0.0000000000
68773  -54.070  9.522  4.852 0.0000000000
68774  -55.059  9.625  4.212 0.0000000000
68775  -57.850  9.088  4.892 0.0000000000
68776  -58.446  8.866  4.198 0.0000000000
68778  -44.746  8.930  4.044 0.0000000000
68779  -45.372  8.515  3.654 0.0000000000
68780  -46.054  8.093  3.315 0.0000000000
68781  -55.770  9.469  3.716 0.0000000000
68782  -56.468  9.233  3.141 0.0000000000
68783  -59.032  8.854  3.617 0.0000000000
68784  -59.595  9.038  3.127 0.0000000000
68787  -45.817  9.023  2.969 0.0000000000
68788  -46.508  8.591  2.656 0.0000000000
68789  -47.229  8.136  2.348 0.0000000000
68790  -57.081  8.985  2.166 0.0000000000
68791  -57.673  9.738  1.721 0.0000000000
68792  -60.150  9.214  2.449 0.0000000000
68793  -60.504  9.875  2.017 0.0000000000
68796  -46.886  9.087  1.945 0.0000000000
68797  -47.600  8.666  1.632 0.0000000000
68798  -48.629  8.167  1.293 0.0000000000
68799  -49.180  7.864  1.259 0.0000000000
68800  -57.016  8.745  1.354 0.0000000000
68801  -57.336  9.289  1.152 0.0000000000
68802  -60.307  8.533  2.033 0.0000000000
68803  -60.595  9.352  1.463 0.0000000000
68811  -47.985  9.257  0.972 0.0000000000
68812  -48.529  8.952  0.825 0.0000000000
68813  -49.499  8.444  0.743 0.0000000000
68814  -50.521  8.675  0.399 0.0000000000
68815  -51.348  8.521  0.440 0.0000000000
68816  -51.957  8.469  0.398 0.0000000000
68817  -56.905  8.697  -0.055 0.0000000000
68818  -57.532  9.342  0.324 0.0000000000
68819  -58.374  9.992  -0.062 0.0000000000
68820  -60.873  9.617  0.212 0.0000000000
68828  -38.566  7.926  -1.068 0.0000000000
68829  -39.302  7.909  -1.380 0.0000000000
68830  -51.081  8.982  0.010 0.0000000000
68831  -51.674  8.855  0.032 0.0000000000
68832  -52.338  8.671  -0.153 0.0000000000
68833  -52.983  8.403  -0.531 0.0000000000
68834  -57.213  8.692  -0.279 0.0000000000
68835  -57.925  9.087  -0.408 0.0000000000
68836  -59.070  9.644  -0.758 0.0000000000
68837  -60.112  10.121  -1.271 0.0000000000
68838  -60.931  9.712  -1.145 0.0000000000
68848  -38.853  8.558  -1.513 0.0000000000
68849  -39.805  8.325  -1.802 0.0000000000
68850  -40.694  8.357  -2.191 0.0000000000
68851  -52.587  8.845  -1.020 0.0000000000
68852  -53.366  8.381  -1.241 0.0000000000
68853  -53.995  8.121  -1.652 0.0000000000
68854  -59.714  9.142  -1.547 0.0000000000
68855  -60.434  9.088  -2.121 0.0000000000
68856  -61.069  8.945  -2.459 0.0000000000
68860  -41.385  8.283  -2.432 0.0000000000
68861  -41.981  8.259  -2.596 0.0000000000
68862  -42.716  8.314  -2.805 0.0000000000
68863  -43.282  8.149  -2.960 0.0000000000
68864  -52.775  8.902  -1.950 0.0000000000
68865  -53.569  8.542  -2.218 0.0000000000
68866  -54.402  8.224  -2.332 0.0000000000
68867  -60.689  9.167  -3.448 0.0000000000
68868  -61.355  8.880  -3.661 0.0000000000
68871  -43.193  8.398  -2.975 0.0000000000
68872  -43.564  8.238  -3.295 0.0000000000
68874  -47.759  7.948  -4.158 0.0000000000
68875  -48.131  7.979  -4.356 0.0000000000
68876  -53.022  9.003  -2.951 0.0000000000
68877  -53.962  8.732  -3.102 0.0000000000
68878  -55.074  8.414  -3.327 0.0000000000
68879  -55.882  8.482  -4.172 0.0000000000
68880  -60.788  9.438  -4.583 0.0000000000
68881  -61.423  8.812  -4.943 0.0000000000
68885  -46.519  7.587  -5.136 0.0000000000
68886  -47.351  7.916  -4.844 0.0000000000
68887  -48.391  8.005  -5.049 0.0000000000
68888  -49.103  7.848  -5.438 0.0000000000
68889  -53.508  9.247  -3.688 0.0000000000
68890  -54.392  9.104  -3.996 0.0000000000
68891  -55.420  8.950  -4.728 0.0000000000
68892  -56.492  8.640  -5.355 0.0000000000
68893  -57.358  8.643  -6.427 0.0000000000
68894  -59.770  9.611  -6.143 0.0000000000
68895  -60.657  9.909  -5.749 0.0000000000
68896  -61.346  9.139  -6.188 0.0000000000
68902  -46.671  7.522  -5.771 0.0000000000
68903  -47.504  7.868  -5.924 0.0000000000
68904  -48.422  7.945  -6.176 0.0000000000
68905  -49.458  7.840  -6.244 0.0000000000
68906  -50.374  7.837  -6.500 0.0000000000
68907  -50.930  7.928  -6.638 0.0000000000
68908  -56.160  9.073  -5.829 0.0000000000
68909  -56.901  8.868  -6.715 0.0000000000
68910  -57.507  8.464  -7.393 0.0000000000
68911  -59.901  9.940  -6.619 0.0000000000
68912  -60.671  10.204  -6.789 0.0000000000
68913  -61.435  9.321  -6.880 0.0000000000
68919  -46.738  7.411  -6.680 0.0000000000
68920  -47.553  7.695  -7.074 0.0000000000
68921  -48.487  7.904  -7.385 0.0000000000
68922  -49.474  7.969  -7.375 0.0000000000
68923  -50.390  8.088  -7.175 0.0000000000
68924  -51.468  8.089  -6.949 0.0000000000
68925  -52.723  8.061  -7.199 0.0000000000
68926  -54.110  7.918  -7.590 0.0000000000
68927  -55.879  8.009  -7.954 0.0000000000
68928  -56.836  8.390  -7.569 0.0000000000
68929  -57.387  8.187  -7.977 0.0000000000
68930  -59.840  9.921  -7.030 0.0000000000
68931  -60.746  10.036  -6.890 0.0000000000
68932  -61.352  9.150  -7.870 0.0000000000
68943  -50.589  8.467  -7.663 0.0000000000
68944  -51.796  8.547  -7.580 0.0000000000
68945  -53.128  8.456  -7.866 0.0000000000
68946  -54.675  8.361  -8.398 0.0000000000
68947  -56.337  8.133  -8.912 0.0000000000
68948  -56.936  8.462  -9.585 0.0000000000
68949  -61.433  9.691  -7.300 0.0000000000
68950  -61.182  9.205  -8.084 0.0000000000
68959  -55.266  8.425  -9.137 0.0000000000
68960  -55.998  8.445  -9.776 0.0000000000
68961  -56.756  8.727  -10.138 0.0000000000
68962  -57.101  9.078  -10.368 0.0000000000
68969  -56.175  8.829  -10.374 0.0000000000
68970  -56.643  9.121  -10.643 0.0000000000
68971  -57.132  9.335  -10.781 0.0000000000
69690  -43.758  8.944  6.278 0.0000000000
69692  -55.113  10.211  6.252 0.0000000000
69693  -55.958  10.707  6.851 0.0000000000
69694  -57.398  11.064  7.697 0.0000000000
69695  -57.988  11.764  7.616 0.0000000000
69699  -43.856  9.017  5.634 0.0000000000
69700  -44.191  9.496  5.896 0.0000000000
69701  -54.404  10.547  5.572 0.0000000000
69702  -55.084  10.820  5.894 0.0000000000
69703  -58.012  10.753  7.795 0.0000000000
69704  -58.055  11.088  6.967 0.0000000000
69706  -43.896  8.843  5.371 0.0000000000
69707  -44.118  9.296  5.078 0.0000000000
69708  -54.076  10.858  4.988 0.0000000000
69709  -55.176  10.935  4.404 0.0000000000
69710  -55.928  11.595  4.021 0.0000000000
69711  -57.969  10.754  4.939 0.0000000000
69712  -58.161  9.704  4.345 0.0000000000
69714  -44.556  9.363  4.319 0.0000000000
69715  -44.970  9.446  3.693 0.0000000000
69716  -55.591  10.181  3.987 0.0000000000
69717  -56.563  10.611  3.745 0.0000000000
69718  -57.634  10.963  3.645 0.0000000000
69719  -58.588  10.056  3.594 0.0000000000
69720  -59.267  9.602  3.321 0.0000000000
69723  -45.502  9.512  3.120 0.0000000000
69724  -46.034  9.507  2.590 0.0000000000
69725  -57.042  9.779  2.902 0.0000000000
69726  -57.810  10.403  2.449 0.0000000000
69727  -58.845  11.033  2.599 0.0000000000
69728  -59.613  10.316  2.803 0.0000000000
69729  -60.281  10.396  2.226 0.0000000000
69732  -46.519  9.565  2.084 0.0000000000
69733  -47.027  9.627  1.554 0.0000000000
69734  -58.123  10.302  1.090 0.0000000000
69735  -58.826  11.201  1.498 0.0000000000
69736  -60.503  10.448  1.638 0.0000000000
69739  -47.611  9.708  1.042 0.0000000000
69740  -48.339  9.815  0.571 0.0000000000
69741  -49.346  9.600  0.121 0.0000000000
69742  -49.946  9.077  0.195 0.0000000000
69743  -58.330  10.270  0.402 0.0000000000
69744  -59.244  11.037  0.212 0.0000000000
69745  -60.339  11.486  0.196 0.0000000000
69746  -60.554  10.681  0.763 0.0000000000
69748  -49.761  10.019  -0.407 0.0000000000
69749  -50.434  9.632  -0.404 0.0000000000
69750  -51.372  9.237  -0.416 0.0000000000
69751  -51.839  9.009  -0.294 0.0000000000
69752  -59.707  10.756  -0.823 0.0000000000
69753  -60.324  11.024  -0.735 0.0000000000
69754  -60.810  10.737  -0.235 0.0000000000
69763  -39.267  9.313  -1.710 0.0000000000
69764  -40.196  9.232  -1.941 0.0000000000
69767  -50.702  10.093  -0.962 0.0000000000
69768  -51.215  9.769  -1.166 0.0000000000
69769  -51.917  9.174  -0.746 0.0000000000
69776  -41.645  8.634  -2.452 0.0000000000
69780  -51.431  9.779  -2.135 0.0000000000
69781  -52.014  9.308  -1.599 0.0000000000
69788  -51.471  10.054  -3.174 0.0000000000
69789  -52.139  9.373  -2.641 0.0000000000
69794  -51.890  10.326  -3.759 0.0000000000
69795  -52.576  9.817  -3.755 0.0000000000
69796  -53.867  9.872  -4.397 0.0000000000
69797  -54.780  9.554  -4.709 0.0000000000
69802  -54.675  10.062  -5.025 0.0000000000
69803  -55.464  9.597  -5.734 0.0000000000
69804  -56.376  9.133  -6.580 0.0000000000
69805  -60.687  10.500  -7.329 0.0000000000
69806  -61.206  10.353  -7.244 0.0000000000
69812  -56.290  9.198  -7.234 0.0000000000
69813  -56.788  9.043  -7.123 0.0000000000
69814  -61.021  10.182  -7.608 0.0000000000
69815  -61.479  10.036  -7.829 0.0000000000
69826  -52.104  9.055  -8.109 0.0000000000
69827  -53.360  8.871  -8.497 0.0000000000
69828  -54.347  8.731  -8.927 0.0000000000
69829  -57.028  8.763  -8.077 0.0000000000
69830  -57.592  8.777  -9.005 0.0000000000
69831  -61.407  9.560  -7.751 0.0000000000
69832  -61.344  9.422  -8.080 0.0000000000
69843  -52.397  9.547  -8.671 0.0000000000
69844  -53.575  9.323  -9.094 0.0000000000
69845  -54.829  8.966  -9.507 0.0000000000
69846  -55.567  8.998  -10.113 0.0000000000
69847  -57.424  9.067  -9.886 0.0000000000
69848  -57.531  9.404  -10.439 0.0000000000
69855  -54.054  9.583  -9.519 0.0000000000
69856  -54.878  9.621  -9.938 0.0000000000
69857  -55.896  9.560  -10.602 0.0000000000
69858  -56.777  9.800  -10.925 0.0000000000
69859  -57.470  9.781  -10.953 0.0000000000
70587  -56.613  11.768  6.780 0.0000000000
70588  -57.477  12.181  7.372 0.0000000000
70589  -58.106  12.438  7.087 0.0000000000
70591  -44.686  10.020  5.477 0.0000000000
70593  -54.725  11.111  5.542 0.0000000000
70594  -55.437  11.556  5.767 0.0000000000
70595  -57.858  12.288  5.786 0.0000000000
70597  -44.663  10.026  4.627 0.0000000000
70598  -45.208  10.537  4.160 0.0000000000
70599  -54.577  11.260  5.299 0.0000000000
70600  -55.090  11.772  4.905 0.0000000000
70601  -55.754  12.240  4.274 0.0000000000
70602  -57.096  12.395  4.223 0.0000000000
70604  -44.775  10.003  3.953 0.0000000000
70605  -45.330  10.286  3.401 0.0000000000
70606  -56.412  11.876  3.847 0.0000000000
70607  -56.926  11.678  3.706 0.0000000000
70609  -45.807  10.273  2.662 0.0000000000
70610  -46.194  10.105  2.224 0.0000000000
70611  -59.539  11.121  2.340 0.0000000000
70612  -59.994  11.119  2.156 0.0000000000
70613  -60.324  10.986  1.811 0.0000000000
70615  -46.091  10.639  2.191 0.0000000000
70616  -46.510  10.501  1.619 0.0000000000
70617  -47.139  10.280  1.115 0.0000000000
70618  -59.539  11.425  1.690 0.0000000000
70619  -60.080  11.417  1.470 0.0000000000
70620  -60.325  11.057  1.321 0.0000000000
70623  -46.953  10.898  0.919 0.0000000000
70624  -47.707  10.653  0.547 0.0000000000
70625  -48.866  10.707  -0.115 0.0000000000
70626  -49.460  10.254  -0.311 0.0000000000
70627  -59.397  11.575  1.051 0.0000000000
70628  -59.861  11.745  0.890 0.0000000000
70629  -60.245  11.409  0.907 0.0000000000
70631  -49.335  11.270  -0.458 0.0000000000
70632  -49.895  10.749  -0.708 0.0000000000
70633  -50.440  10.276  -0.876 0.0000000000
70644  -50.151  11.123  -1.166 0.0000000000
70645  -50.496  10.584  -1.498 0.0000000000
70646  -50.990  10.074  -1.787 0.0000000000
70656  -50.480  10.858  -2.402 0.0000000000
70657  -50.881  10.305  -2.375 0.0000000000
70665  -50.394  11.206  -2.728 0.0000000000
70666  -50.753  10.862  -3.126 0.0000000000
70672  -51.472  10.840  -3.764 0.0000000000
70673  -52.224  10.756  -4.173 0.0000000000
70674  -53.136  10.628  -4.529 0.0000000000
70680  -54.160  10.647  -5.205 0.0000000000
70681  -54.830  10.216  -5.549 0.0000000000
70687  -54.298  10.958  -5.813 0.0000000000
70688  -55.002  10.408  -6.361 0.0000000000
70694  -55.979  10.107  -8.106 0.0000000000
70695  -57.283  9.507  -8.527 0.0000000000
70704  -52.753  10.024  -9.194 0.0000000000
70705  -53.459  9.799  -9.383 0.0000000000
70706  -56.175  10.881  -8.820 0.0000000000
70707  -57.283  10.246  -9.459 0.0000000000
70708  -57.798  9.612  -10.016 0.0000000000
70716  -53.628  10.371  -9.623 0.0000000000
70717  -55.108  10.429  -10.156 0.0000000000
70718  -56.226  10.485  -10.705 0.0000000000
70719  -57.226  10.607  -10.816 0.0000000000
70720  -57.863  10.004  -10.423 0.0000000000
71412  -56.151  12.308  6.066 0.0000000000
71413  -56.847  12.605  6.553 0.0000000000
71414  -57.383  12.723  6.805 0.0000000000
71418  -55.716  12.443  5.308 0.0000000000
71419  -56.366  12.939  5.807 0.0000000000
71420  -57.503  13.063  6.279 0.0000000000
71424  -55.639  12.471  4.796 0.0000000000
71425  -55.886  13.363  4.948 0.0000000000
71426  -57.137  13.428  5.085 0.0000000000
71429  -45.710  11.086  3.647 0.0000000000
71431  -56.049  13.400  5.155 0.0000000000
71432  -56.207  13.300  4.961 0.0000000000
71435  -45.805  10.954  2.867 0.0000000000
71439  -45.947  10.836  2.445 0.0000000000
71440  -46.136  11.426  2.135 0.0000000000
71443  -46.656  11.535  1.245 0.0000000000
71444  -47.294  11.595  0.666 0.0000000000
71445  -48.136  11.659  0.164 0.0000000000
71448  -48.987  11.787  -0.208 0.0000000000
71449  -49.564  11.807  -0.617 0.0000000000
71460  -49.980  11.740  -1.069 0.0000000000
71461  -50.125  11.354  -1.448 0.0000000000
71471  -49.999  11.920  -1.578 0.0000000000
71472  -50.143  11.541  -2.197 0.0000000000
71480  -50.385  11.695  -3.110 0.0000000000
71481  -51.020  11.657  -3.737 0.0000000000
71507  -54.880  11.280  -7.060 0.0000000000
71525  -55.947  11.421  -9.348 0.0000000000
71526  -56.689  11.154  -10.211 0.0000000000
71538  -54.092  11.258  -9.703 0.0000000000
71539  -55.553  11.284  -10.095 0.0000000000
71540  -56.501  10.966  -10.617 0.0000000000
72196  -56.965  12.830  6.449 0.0000000000
72197  -56.929  13.016  6.301 0.0000000000
72201  -56.712  13.384  6.320 0.0000000000
72202  -56.390  13.404  5.993 0.0000000000
72206  -56.335  13.800  6.250 0.0000000000
72207  -56.416  13.384  5.029 0.0000000000
72211  -56.176  13.547  4.932 0.0000000000
72212  -56.056  13.424  5.008 0.0000000000
73018  -56.658  13.738  5.975 0.0000000000
73019  -56.452  13.710  5.993 0.0000000000
73023  -56.547  13.854  5.510 0.0000000000
73024  -57.056  13.679  5.759 0.0000000000
73028  -56.395  13.630  4.985 0.0000000000
73029  -56.520  13.591  5.237 0.0000000000
104784  -56.753  -7.518  19.486 0.0000000000
104785  -56.686  -7.331  19.353 0.0000000000
104786  -56.976  -6.630  20.030 0.0000000000
104787  -56.754  -8.002  20.110 0.0000000000
104788  -56.303  -5.193  19.518 0.0000000000
104789  -56.417  -5.772  18.993 0.0000000000
104790  -54.445  -8.613  16.856 0.0000000000
104791  -55.534  -5.165  19.527 0.0000000000
104792  -55.164  -5.072  18.932 0.0000000000
104793  -55.533  -5.281  18.423 0.0000000000
104794  -54.383  -8.682  16.566 0.0000000000
104795  -54.521  -5.627  19.258 0.0000000000
104796  -55.933  -5.110  18.012 0.0000000000
104797  -55.274  -4.352  18.555 0.0000000000
104798  -55.065  -5.660  19.725 0.0000000000
104799  -53.997  -6.206  19.883 0.0000000000
104800  -55.929  -4.288  18.101 0.0000000000
104801  -58.539  -6.854  21.219 0.0000000000
104802  -58.225  -6.866  20.916 0.0000000000
104803  -58.599  -6.504  21.292 0.0000000000
104804  -54.221  -8.937  15.805 0.0000000000
104805  -55.369  -5.377  19.655 0.0000000000
104806  -52.942  -6.229  19.563 0.0000000000
104807  -53.082  -6.179  19.077 0.0000000000
104808  -53.111  -5.812  18.305 0.0000000000
104809  -54.641  -3.360  18.089 0.0000000000
104810  -55.829  -4.239  17.488 0.0000000000
104811  -56.852  -8.103  21.127 0.0000000000
104812  -56.820  -8.074  20.659 0.0000000000
104813  -58.442  -7.085  21.546 0.0000000000
104814  -58.947  -6.247  22.100 0.0000000000
104815  -52.824  -6.065  18.595 0.0000000000
104816  -55.867  -8.718  18.030 0.0000000000
104817  -58.696  -6.066  21.351 0.0000000000
104818  -58.257  -5.880  20.838 0.0000000000
104819  -52.548  -5.431  17.332 0.0000000000
104820  -56.734  -3.630  18.513 0.0000000000
104821  -57.276  -2.608  19.487 0.0000000000
104822  -56.439  -8.035  20.819 0.0000000000
104823  -56.969  -8.042  21.592 0.0000000000
104824  -56.561  -8.037  20.485 0.0000000000
104825  -57.482  -7.797  21.305 0.0000000000
104826  -58.155  -7.599  22.007 0.0000000000
104827  -58.578  -7.265  22.391 0.0000000000
104828  -58.847  -6.922  22.725 0.0000000000
104829  -57.440  -5.443  20.313 0.0000000000
104830  -53.689  -3.015  17.391 0.0000000000
104831  -56.812  -8.065  20.394 0.0000000000
104832  -53.305  -4.354  17.327 0.0000000000
104833  -52.739  -3.962  16.765 0.0000000000
104834  -58.599  -5.769  21.394 0.0000000000
104835  -58.338  -5.454  21.220 0.0000000000
104836  -56.004  -2.641  19.109 0.0000000000
104837  -57.767  -3.303  18.333 0.0000000000
104838  -55.941  -1.878  19.249 0.0000000000
104839  -57.733  -3.263  19.001 0.0000000000
104840  -58.266  -2.496  18.847 0.0000000000
104841  -58.647  -7.368  23.264 0.0000000000
104842  -58.805  -7.126  23.969 0.0000000000
104843  -59.190  -6.408  24.030 0.0000000000
104844  -59.049  -6.690  23.209 0.0000000000
104845  -51.888  -7.702  19.484 0.0000000000
104846  -51.802  -6.142  19.744 0.0000000000
104847  -52.553  -5.888  21.312 0.0000000000
104848  -54.042  -6.049  21.611 0.0000000000
104849  -56.087  -5.365  20.460 0.0000000000
104850  -53.486  -3.651  17.299 0.0000000000
104851  -52.800  -3.670  16.790 0.0000000000
104852  -54.541  -8.530  17.173 0.0000000000
104853  -51.925  -5.155  16.582 0.0000000000
104854  -53.991  -4.944  18.202 0.0000000000
104855  -58.447  -5.434  21.787 0.0000000000
104856  -57.663  -5.105  21.185 0.0000000000
104857  -56.453  -2.236  19.438 0.0000000000
104858  -55.949  -1.440  19.233 0.0000000000
104859  -56.541  -1.651  19.360 0.0000000000
104860  -57.888  -2.279  19.293 0.0000000000
104861  -59.308  -5.927  23.232 0.0000000000
104862  -56.307  -8.012  20.409 0.0000000000
104863  -50.509  -6.255  20.632 0.0000000000
104864  -56.129  -5.290  22.723 0.0000000000
104865  -56.910  -5.157  21.266 0.0000000000
104866  -54.777  -8.206  18.089 0.0000000000
104867  -51.654  -5.676  16.781 0.0000000000
104868  -58.051  -5.114  22.428 0.0000000000
104869  -57.744  -5.225  21.985 0.0000000000
104870  -52.138  -7.595  18.644 0.0000000000
104871  -52.319  -6.121  18.490 0.0000000000
104872  -56.965  -4.968  20.852 0.0000000000
104873  -57.245  -5.284  21.930 0.0000000000
104874  -53.354  -8.122  16.539 0.0000000000
104875  -51.021  -6.107  17.464 0.0000000000
104876  -57.449  -5.125  22.664 0.0000000000
104877  -49.876  -7.835  17.097 0.0000000000
104878  -50.139  -6.244  19.243 0.0000000000
104879  -49.809  -6.204  18.550 0.0000000000
104880  -52.152  -6.118  18.019 0.0000000000
104881  -49.196  -7.664  16.138 0.0000000000
104882  -49.250  -7.876  16.555 0.0000000000
