#!ascii label  , from subject FREESURFER vox2ras=TkReg 
1472
54651  -33.629  -6.314  23.802 0.0000000000
54652  -34.451  -6.689  23.674 0.0000000000
54653  -35.417  -6.656  23.452 0.0000000000
54672  -33.845  -6.188  23.113 0.0000000000
54673  -34.582  -6.320  22.718 0.0000000000
54674  -35.585  -6.331  22.699 0.0000000000
54692  -34.890  -6.152  22.090 0.0000000000
54693  -35.552  -6.213  21.784 0.0000000000
54705  -35.773  -6.240  20.946 0.0000000000
54714  -35.827  -6.034  20.057 0.0000000000
54715  -36.541  -6.481  19.365 0.0000000000
54722  -36.768  -6.144  18.168 0.0000000000
54729  -36.869  -5.924  17.151 0.0000000000
54737  -36.908  -5.693  16.605 0.0000000000
54738  -37.389  -6.125  16.203 0.0000000000
54751  -37.836  -5.702  15.205 0.0000000000
54774  -38.083  -5.381  14.799 0.0000000000
54775  -38.476  -5.665  14.686 0.0000000000
55655  -33.226  -5.978  23.993 0.0000000000
55666  -32.878  -5.197  23.772 0.0000000000
55667  -33.255  -5.557  23.411 0.0000000000
55682  -33.822  -5.578  22.302 0.0000000000
55683  -34.422  -5.910  22.099 0.0000000000
55701  -33.914  -5.206  21.649 0.0000000000
55702  -34.516  -5.583  21.371 0.0000000000
55703  -35.175  -5.998  21.116 0.0000000000
55712  -34.648  -5.143  20.527 0.0000000000
55713  -35.121  -5.655  20.521 0.0000000000
55718  -34.896  -5.169  20.156 0.0000000000
55719  -35.274  -5.236  19.730 0.0000000000
55720  -35.841  -5.662  19.333 0.0000000000
55724  -35.586  -5.044  19.033 0.0000000000
55725  -36.068  -5.463  18.555 0.0000000000
55729  -36.390  -5.342  17.717 0.0000000000
55732  -36.617  -5.142  16.870 0.0000000000
55733  -36.916  -5.433  16.278 0.0000000000
55738  -36.781  -4.843  16.241 0.0000000000
55739  -37.178  -5.130  15.642 0.0000000000
55755  -37.739  -5.002  14.934 0.0000000000
55756  -38.333  -4.988  14.450 0.0000000000
55757  -38.882  -5.298  14.250 0.0000000000
55773  -38.854  -4.783  14.029 0.0000000000
56669  -32.707  -4.847  24.017 0.0000000000
56670  -32.920  -4.791  23.503 0.0000000000
56674  -33.230  -4.742  22.759 0.0000000000
56682  -33.659  -4.633  21.819 0.0000000000
56683  -33.974  -4.907  21.308 0.0000000000
56693  -33.950  -4.378  21.238 0.0000000000
56694  -34.264  -4.614  20.804 0.0000000000
56704  -34.713  -4.548  20.030 0.0000000000
56705  -35.205  -4.392  19.249 0.0000000000
56708  -35.720  -4.401  18.425 0.0000000000
56709  -36.079  -4.897  18.064 0.0000000000
56713  -35.892  -3.949  17.991 0.0000000000
56714  -36.198  -4.374  17.571 0.0000000000
56717  -36.567  -4.246  16.649 0.0000000000
56723  -36.907  -4.148  15.913 0.0000000000
56724  -37.429  -4.255  15.278 0.0000000000
56731  -37.979  -4.251  14.668 0.0000000000
56732  -38.539  -4.205  14.135 0.0000000000
56747  -39.114  -4.208  13.605 0.0000000000
57649  -32.775  -4.279  24.241 0.0000000000
57650  -33.081  -3.617  24.511 0.0000000000
57657  -32.822  -4.457  23.791 0.0000000000
57658  -33.014  -3.949  23.473 0.0000000000
57661  -33.408  -3.866  22.383 0.0000000000
57668  -33.904  -3.698  21.433 0.0000000000
57669  -34.225  -3.190  21.076 0.0000000000
57676  -34.085  -4.070  20.971 0.0000000000
57677  -34.355  -3.628  20.554 0.0000000000
57687  -34.827  -3.571  19.604 0.0000000000
57688  -35.310  -3.534  18.838 0.0000000000
57695  -35.682  -3.510  18.222 0.0000000000
57700  -35.972  -3.526  17.710 0.0000000000
57701  -36.320  -3.526  17.087 0.0000000000
57705  -36.779  -3.429  16.305 0.0000000000
57706  -37.079  -3.054  16.049 0.0000000000
57713  -36.935  -3.663  15.945 0.0000000000
57714  -37.234  -3.451  15.712 0.0000000000
57723  -37.750  -3.484  15.030 0.0000000000
57724  -38.279  -3.426  14.437 0.0000000000
57735  -38.782  -3.383  13.812 0.0000000000
57736  -39.412  -3.334  13.282 0.0000000000
58639  -33.495  -3.052  23.986 0.0000000000
58640  -34.073  -2.476  23.526 0.0000000000
58642  -33.513  -3.113  22.968 0.0000000000
58643  -34.067  -2.516  22.550 0.0000000000
58647  -33.751  -3.164  22.146 0.0000000000
58648  -34.201  -2.730  21.604 0.0000000000
58655  -34.482  -2.713  20.828 0.0000000000
58664  -34.728  -2.687  20.052 0.0000000000
58665  -35.152  -2.662  19.256 0.0000000000
58666  -41.239  -3.286  18.987 0.0000000000
58667  -41.715  -3.313  18.801 0.0000000000
58668  -42.137  -3.223  18.439 0.0000000000
58677  -35.617  -2.682  18.484 0.0000000000
58678  -35.992  -2.473  17.928 0.0000000000
58679  -41.192  -3.382  18.519 0.0000000000
58680  -41.630  -3.355  18.161 0.0000000000
58681  -42.076  -3.131  18.057 0.0000000000
58688  -35.789  -2.987  17.932 0.0000000000
58689  -36.111  -2.882  17.473 0.0000000000
58695  -36.542  -2.801  16.902 0.0000000000
58696  -36.998  -2.728  16.382 0.0000000000
58704  -37.462  -2.753  15.906 0.0000000000
58705  -37.940  -2.556  15.502 0.0000000000
58713  -37.683  -2.942  15.402 0.0000000000
58714  -38.157  -2.656  14.924 0.0000000000
58724  -38.615  -2.547  14.218 0.0000000000
58725  -39.101  -2.470  13.609 0.0000000000
58734  -39.697  -2.382  13.107 0.0000000000
59552  -34.672  -1.931  23.104 0.0000000000
59553  -35.171  -1.532  22.721 0.0000000000
59556  -34.608  -1.965  22.170 0.0000000000
59557  -35.212  -1.426  21.937 0.0000000000
59558  -43.898  -2.966  20.777 0.0000000000
59559  -44.327  -3.084  20.696 0.0000000000
59560  -45.119  -3.176  20.524 0.0000000000
59566  -34.738  -2.037  21.319 0.0000000000
59567  -35.267  -1.430  20.989 0.0000000000
59568  -42.004  -2.642  20.067 0.0000000000
59569  -42.441  -2.736  20.096 0.0000000000
59570  -43.548  -2.962  20.321 0.0000000000
59571  -44.632  -3.205  19.896 0.0000000000
59572  -45.649  -3.061  19.864 0.0000000000
59580  -34.868  -2.086  20.581 0.0000000000
59581  -35.360  -1.686  19.884 0.0000000000
59582  -36.038  -1.481  19.203 0.0000000000
59583  -40.203  -3.032  18.606 0.0000000000
59584  -40.678  -3.121  18.817 0.0000000000
59585  -41.612  -2.865  19.620 0.0000000000
59586  -42.580  -3.152  19.220 0.0000000000
59587  -43.761  -2.927  19.216 0.0000000000
59588  -44.915  -2.634  19.122 0.0000000000
59589  -45.765  -2.245  19.529 0.0000000000
59597  -35.638  -2.028  19.019 0.0000000000
59598  -36.270  -1.847  18.382 0.0000000000
59599  -36.883  -1.796  17.787 0.0000000000
59600  -40.132  -3.210  18.136 0.0000000000
59601  -40.894  -3.340  17.879 0.0000000000
59602  -41.707  -2.804  17.691 0.0000000000
59603  -42.718  -2.688  18.321 0.0000000000
59604  -43.874  -2.159  18.831 0.0000000000
59605  -44.565  -1.762  18.920 0.0000000000
59615  -36.539  -2.267  17.501 0.0000000000
59616  -37.295  -2.139  17.189 0.0000000000
59617  -37.885  -2.365  16.704 0.0000000000
59618  -40.333  -2.972  17.373 0.0000000000
59619  -40.949  -2.604  17.266 0.0000000000
59620  -41.492  -2.172  17.225 0.0000000000
59628  -36.938  -2.388  16.874 0.0000000000
59629  -37.539  -2.474  16.470 0.0000000000
59630  -38.281  -2.390  16.075 0.0000000000
59638  -37.952  -2.466  15.877 0.0000000000
59639  -38.520  -2.162  15.388 0.0000000000
59647  -38.711  -1.808  14.690 0.0000000000
59656  -38.936  -1.615  14.022 0.0000000000
59657  -39.445  -1.522  13.497 0.0000000000
59666  -40.024  -1.412  12.993 0.0000000000
60436  -35.554  0.278  32.150 0.0000000000
60437  -35.843  0.201  32.119 0.0000000000
60443  -35.017  0.208  31.653 0.0000000000
60444  -35.381  0.197  31.825 0.0000000000
60445  -36.228  0.037  31.635 0.0000000000
60453  -35.093  0.117  31.398 0.0000000000
60454  -35.694  -0.054  31.061 0.0000000000
60455  -36.651  -0.143  30.911 0.0000000000
60456  -37.205  -0.108  30.588 0.0000000000
60465  -36.111  -0.193  30.482 0.0000000000
60466  -36.730  -0.209  30.231 0.0000000000
60467  -37.339  -0.062  30.157 0.0000000000
60518  -47.879  -1.085  23.048 0.0000000000
60524  -47.023  -1.523  22.472 0.0000000000
60525  -47.819  -0.975  21.992 0.0000000000
60528  -35.890  -0.844  21.732 0.0000000000
60529  -36.622  -0.344  21.436 0.0000000000
60530  -43.286  -1.864  21.451 0.0000000000
60531  -43.801  -2.567  21.251 0.0000000000
60532  -44.853  -2.860  21.331 0.0000000000
60533  -45.829  -2.683  20.906 0.0000000000
60534  -46.764  -1.702  21.321 0.0000000000
60535  -47.697  -0.680  21.065 0.0000000000
60542  -35.923  -0.810  20.652 0.0000000000
60543  -36.873  -0.390  20.340 0.0000000000
60544  -37.626  -0.406  19.714 0.0000000000
60545  -41.988  -2.260  20.396 0.0000000000
60546  -42.913  -2.255  20.893 0.0000000000
60547  -43.426  -2.620  20.840 0.0000000000
60548  -46.272  -2.123  20.222 0.0000000000
60549  -46.850  -0.854  20.437 0.0000000000
60550  -47.537  -0.308  20.626 0.0000000000
60558  -36.176  -1.012  19.787 0.0000000000
60559  -36.927  -1.063  18.990 0.0000000000
60560  -38.233  -1.062  18.782 0.0000000000
60561  -39.242  -1.777  18.583 0.0000000000
60562  -40.048  -2.504  18.889 0.0000000000
60563  -40.783  -2.464  19.724 0.0000000000
60564  -41.313  -2.232  20.238 0.0000000000
60565  -45.194  -1.240  19.259 0.0000000000
60566  -46.164  -1.129  19.830 0.0000000000
60567  -46.566  -0.709  20.024 0.0000000000
60575  -36.904  -1.543  18.230 0.0000000000
60576  -37.655  -1.778  17.738 0.0000000000
60577  -38.807  -2.416  17.325 0.0000000000
60578  -39.636  -2.751  17.394 0.0000000000
60579  -41.449  -1.106  17.384 0.0000000000
60580  -42.147  -1.660  17.586 0.0000000000
60581  -43.251  -1.470  18.234 0.0000000000
60582  -44.128  -1.214  18.642 0.0000000000
60583  -44.612  -1.129  18.931 0.0000000000
60597  -37.837  -2.215  17.072 0.0000000000
60598  -38.548  -2.359  16.526 0.0000000000
60599  -40.455  -2.224  16.790 0.0000000000
60600  -41.103  -1.785  17.041 0.0000000000
60601  -41.525  -1.722  17.236 0.0000000000
60611  -39.025  -1.733  15.646 0.0000000000
60617  -38.921  -1.119  15.095 0.0000000000
60625  -38.988  -0.813  14.479 0.0000000000
60632  -39.224  -0.662  13.877 0.0000000000
60633  -39.710  -0.552  13.352 0.0000000000
60643  -40.319  -0.432  12.841 0.0000000000
61457  -33.749  0.504  33.436 0.0000000000
61458  -34.744  0.518  33.578 0.0000000000
61459  -35.811  0.598  33.521 0.0000000000
61460  -36.780  0.853  33.518 0.0000000000
61472  -33.599  0.258  32.464 0.0000000000
61473  -34.501  0.342  32.672 0.0000000000
61474  -35.423  0.347  32.553 0.0000000000
61475  -36.583  0.362  32.427 0.0000000000
61476  -37.563  0.860  32.777 0.0000000000
61477  -38.147  1.355  33.073 0.0000000000
61489  -33.627  0.241  31.402 0.0000000000
61490  -34.611  0.206  31.787 0.0000000000
61491  -34.971  0.307  32.196 0.0000000000
61492  -37.079  0.077  31.420 0.0000000000
61493  -37.702  0.483  31.783 0.0000000000
61494  -38.492  1.033  32.200 0.0000000000
61495  -38.968  1.176  31.859 0.0000000000
61509  -33.630  0.330  30.314 0.0000000000
61510  -34.822  0.087  30.714 0.0000000000
61511  -35.609  -0.081  30.494 0.0000000000
61512  -37.229  -0.030  30.923 0.0000000000
61513  -37.671  0.239  30.725 0.0000000000
61514  -38.529  0.686  31.153 0.0000000000
61515  -38.856  0.930  31.643 0.0000000000
61529  -32.589  0.526  28.932 0.0000000000
61530  -33.537  0.451  29.267 0.0000000000
61531  -34.598  0.260  29.548 0.0000000000
61532  -35.839  -0.066  29.788 0.0000000000
61533  -36.957  -0.056  29.578 0.0000000000
61534  -37.666  0.204  29.765 0.0000000000
61535  -38.261  0.537  30.127 0.0000000000
61550  -31.736  0.813  27.645 0.0000000000
61551  -32.522  0.612  28.006 0.0000000000
61552  -33.409  0.516  28.301 0.0000000000
61553  -34.374  0.436  28.540 0.0000000000
61554  -35.417  0.302  28.703 0.0000000000
61555  -36.476  0.224  28.825 0.0000000000
61556  -37.353  0.283  28.993 0.0000000000
61557  -37.987  0.545  29.166 0.0000000000
61572  -31.747  1.029  26.913 0.0000000000
61573  -32.427  0.739  27.197 0.0000000000
61574  -33.255  0.576  27.433 0.0000000000
61575  -34.177  0.495  27.627 0.0000000000
61576  -35.104  0.505  27.811 0.0000000000
61577  -36.104  0.604  27.821 0.0000000000
61578  -37.096  0.574  28.287 0.0000000000
61579  -37.650  0.589  28.621 0.0000000000
61593  -31.711  1.125  26.510 0.0000000000
61594  -32.247  0.881  26.617 0.0000000000
61595  -33.061  0.626  26.764 0.0000000000
61596  -33.936  0.517  26.871 0.0000000000
61597  -34.980  0.579  26.917 0.0000000000
61598  -35.555  0.639  27.332 0.0000000000
61612  -32.957  0.670  26.502 0.0000000000
61613  -33.614  0.584  26.512 0.0000000000
61614  -34.581  0.643  26.403 0.0000000000
61615  -35.067  0.736  26.341 0.0000000000
61647  -46.293  -1.613  22.823 0.0000000000
61648  -48.514  -0.583  23.612 0.0000000000
61655  -40.541  0.632  22.328 0.0000000000
61656  -41.550  0.574  22.190 0.0000000000
61657  -42.722  0.284  22.123 0.0000000000
61658  -43.982  -0.365  22.199 0.0000000000
61659  -44.826  -1.096  22.524 0.0000000000
61660  -45.490  -1.791  22.567 0.0000000000
61661  -46.214  -1.965  22.121 0.0000000000
61662  -48.602  -0.252  22.598 0.0000000000
61663  -48.887  0.444  22.017 0.0000000000
61667  -38.769  0.422  21.638 0.0000000000
61668  -39.714  0.542  21.441 0.0000000000
61669  -40.699  0.348  21.301 0.0000000000
61670  -41.679  -0.201  21.328 0.0000000000
61671  -42.770  -1.073  21.439 0.0000000000
61672  -43.835  -1.504  21.917 0.0000000000
61673  -44.493  -2.039  22.304 0.0000000000
61674  -45.497  -2.373  21.838 0.0000000000
61675  -46.118  -2.287  21.542 0.0000000000
61676  -48.497  -0.164  21.566 0.0000000000
61677  -48.927  0.704  21.373 0.0000000000
61682  -37.301  -0.056  21.283 0.0000000000
61683  -37.931  0.051  20.755 0.0000000000
61684  -38.922  0.203  20.579 0.0000000000
61685  -39.865  -0.008  20.406 0.0000000000
61686  -40.711  -0.592  20.527 0.0000000000
61687  -41.502  -1.423  20.671 0.0000000000
61688  -42.265  -1.725  20.903 0.0000000000
61689  -47.300  -0.019  20.297 0.0000000000
61690  -48.163  0.303  20.664 0.0000000000
61691  -48.846  1.124  20.862 0.0000000000
61697  -38.341  -0.251  19.870 0.0000000000
61698  -39.083  -0.568  19.600 0.0000000000
61699  -39.860  -1.188  19.718 0.0000000000
61700  -40.555  -1.716  20.065 0.0000000000
61701  -40.957  -1.985  20.292 0.0000000000
61702  -45.241  -0.311  19.138 0.0000000000
61703  -45.791  -0.248  19.462 0.0000000000
61704  -46.629  -0.103  19.865 0.0000000000
61713  -39.097  -2.615  16.731 0.0000000000
61714  -39.347  -2.552  16.718 0.0000000000
61715  -41.368  -0.425  17.587 0.0000000000
61716  -41.906  -0.433  17.733 0.0000000000
61717  -42.749  -0.423  18.052 0.0000000000
61718  -43.705  -0.298  18.376 0.0000000000
61719  -44.675  -0.266  18.762 0.0000000000
61732  -39.209  -2.330  16.411 0.0000000000
61733  -39.888  -1.565  16.500 0.0000000000
61734  -40.757  -0.662  17.325 0.0000000000
61741  -39.306  -1.179  16.031 0.0000000000
61742  -39.524  -0.095  16.571 0.0000000000
61749  -39.110  -0.383  15.494 0.0000000000
61757  -39.005  -0.002  14.893 0.0000000000
61765  -39.078  0.165  14.268 0.0000000000
61766  -39.353  0.273  13.675 0.0000000000
61775  -39.810  0.405  13.073 0.0000000000
61776  -40.386  0.473  12.485 0.0000000000
62485  -38.713  1.573  32.817 0.0000000000
62486  -39.191  1.644  32.280 0.0000000000
62487  -39.980  2.103  32.011 0.0000000000
62498  -38.941  0.762  31.000 0.0000000000
62499  -39.283  1.149  31.315 0.0000000000
62500  -40.136  1.902  31.053 0.0000000000
62510  -38.890  0.793  30.541 0.0000000000
62511  -39.509  1.183  30.245 0.0000000000
62512  -40.304  1.706  30.028 0.0000000000
62522  -38.703  0.853  29.526 0.0000000000
62523  -39.410  1.323  29.094 0.0000000000
62524  -40.287  1.863  28.951 0.0000000000
62531  -31.104  1.230  27.214 0.0000000000
62532  -36.313  0.804  27.381 0.0000000000
62533  -36.808  0.862  27.521 0.0000000000
62534  -38.101  0.974  28.134 0.0000000000
62535  -39.355  1.830  27.894 0.0000000000
62536  -40.286  2.223  28.154 0.0000000000
62541  -30.430  1.681  26.655 0.0000000000
62542  -31.194  1.360  26.410 0.0000000000
62543  -31.572  1.219  26.251 0.0000000000
62544  -35.355  0.809  26.446 0.0000000000
62545  -36.008  0.911  26.846 0.0000000000
62546  -37.191  1.297  26.785 0.0000000000
62547  -38.344  1.688  26.830 0.0000000000
62548  -39.233  2.256  26.790 0.0000000000
62553  -30.596  1.711  25.799 0.0000000000
62554  -31.011  1.569  25.637 0.0000000000
62555  -32.224  1.354  25.453 0.0000000000
62556  -33.066  1.243  25.270 0.0000000000
62557  -33.955  1.290  25.391 0.0000000000
62558  -35.402  1.078  25.801 0.0000000000
62559  -36.386  1.452  25.764 0.0000000000
62560  -37.513  1.826  25.723 0.0000000000
62561  -38.551  2.197  25.929 0.0000000000
62562  -39.198  2.688  26.125 0.0000000000
62567  -49.258  -0.151  25.049 0.0000000000
62568  -49.468  0.417  25.790 0.0000000000
62570  -30.621  1.825  25.106 0.0000000000
62571  -30.756  1.907  24.758 0.0000000000
62572  -32.489  1.640  24.674 0.0000000000
62573  -33.355  1.635  24.655 0.0000000000
62574  -34.947  1.697  24.496 0.0000000000
62575  -35.643  1.741  24.682 0.0000000000
62576  -36.610  1.990  24.936 0.0000000000
62577  -37.293  2.368  25.013 0.0000000000
62583  -48.903  -0.058  24.304 0.0000000000
62585  -32.016  2.023  24.151 0.0000000000
62586  -32.718  2.025  24.027 0.0000000000
62587  -34.235  2.251  23.740 0.0000000000
62588  -34.815  2.142  23.911 0.0000000000
62589  -35.429  2.289  23.991 0.0000000000
62594  -48.588  0.492  23.418 0.0000000000
62596  -44.305  -1.168  22.228 0.0000000000
62597  -44.510  -1.475  22.426 0.0000000000
62598  -48.690  0.916  22.627 0.0000000000
62599  -49.125  1.239  22.006 0.0000000000
62601  -44.327  -1.577  22.307 0.0000000000
62602  -44.427  -1.720  22.442 0.0000000000
62603  -49.142  1.559  21.419 0.0000000000
62605  -46.645  1.077  19.698 0.0000000000
62606  -47.162  0.830  19.898 0.0000000000
62607  -48.212  1.392  20.457 0.0000000000
62608  -48.950  1.883  20.882 0.0000000000
62613  -45.335  0.393  19.104 0.0000000000
62614  -46.209  0.806  19.561 0.0000000000
62615  -46.695  0.523  19.751 0.0000000000
62624  -41.491  0.272  17.788 0.0000000000
62625  -42.305  0.513  18.027 0.0000000000
62626  -43.213  0.796  18.212 0.0000000000
62627  -44.143  0.755  18.446 0.0000000000
62628  -44.799  0.805  18.777 0.0000000000
62643  -40.019  0.261  17.192 0.0000000000
62644  -40.918  1.030  17.664 0.0000000000
62645  -41.951  1.281  17.824 0.0000000000
62646  -42.671  1.338  17.969 0.0000000000
62656  -39.239  0.621  16.034 0.0000000000
62657  -39.689  1.168  16.755 0.0000000000
62658  -40.368  1.418  17.130 0.0000000000
62663  -39.007  0.839  15.302 0.0000000000
62668  -38.955  0.972  14.643 0.0000000000
62675  -39.047  1.000  14.009 0.0000000000
62676  -39.342  1.157  13.448 0.0000000000
62680  -39.784  1.427  12.625 0.0000000000
62681  -40.357  1.043  12.181 0.0000000000
62687  -39.845  2.066  12.164 0.0000000000
62688  -40.339  1.616  11.745 0.0000000000
62701  -40.891  1.732  10.921 0.0000000000
62717  -42.192  2.226  9.832 0.0000000000
63383  -41.030  2.352  30.965 0.0000000000
63396  -41.068  2.243  29.914 0.0000000000
63397  -41.903  2.553  29.843 0.0000000000
63412  -41.041  2.376  28.871 0.0000000000
63413  -41.944  2.673  28.760 0.0000000000
63414  -42.992  2.911  28.750 0.0000000000
63415  -44.096  3.391  28.773 0.0000000000
63416  -45.381  3.500  29.197 0.0000000000
63417  -46.606  3.348  29.282 0.0000000000
63418  -47.735  3.306  29.443 0.0000000000
63419  -48.305  3.342  29.545 0.0000000000
63427  -39.939  2.371  27.440 0.0000000000
63428  -40.910  2.615  27.741 0.0000000000
63429  -42.032  3.053  27.722 0.0000000000
63430  -43.086  3.333  27.916 0.0000000000
63431  -43.741  3.666  27.955 0.0000000000
63433  -51.304  3.718  28.399 0.0000000000
63438  -30.032  1.946  25.891 0.0000000000
63439  -40.033  2.808  26.707 0.0000000000
63440  -41.051  3.187  26.890 0.0000000000
63441  -41.760  3.581  26.989 0.0000000000
63442  -49.693  1.540  26.576 0.0000000000
63443  -50.147  2.681  27.294 0.0000000000
63448  -29.478  2.312  25.420 0.0000000000
63449  -30.127  2.066  25.156 0.0000000000
63450  -37.940  2.449  25.337 0.0000000000
63451  -38.606  3.002  25.448 0.0000000000
63452  -39.522  3.329  25.962 0.0000000000
63453  -48.707  0.946  25.064 0.0000000000
63454  -48.932  1.967  25.800 0.0000000000
63457  -28.981  2.761  24.926 0.0000000000
63458  -29.587  2.619  24.491 0.0000000000
63459  -30.363  2.263  24.352 0.0000000000
63460  -30.635  2.258  24.100 0.0000000000
63461  -36.035  2.271  24.344 0.0000000000
63462  -36.667  2.745  24.509 0.0000000000
63463  -37.616  3.065  24.865 0.0000000000
63464  -38.226  3.627  24.988 0.0000000000
63465  -48.315  1.405  24.149 0.0000000000
63467  -29.947  2.771  23.777 0.0000000000
63468  -30.511  2.856  23.332 0.0000000000
63469  -31.930  2.444  23.445 0.0000000000
63470  -33.486  2.734  23.109 0.0000000000
63471  -34.101  2.645  23.338 0.0000000000
63472  -34.890  2.824  23.503 0.0000000000
63473  -35.803  2.890  23.880 0.0000000000
63474  -36.378  3.360  24.141 0.0000000000
63475  -48.330  1.723  23.261 0.0000000000
63477  -30.799  3.221  22.739 0.0000000000
63478  -31.299  3.235  22.604 0.0000000000
63479  -32.508  3.228  22.571 0.0000000000
63480  -33.424  3.151  22.775 0.0000000000
63481  -34.176  3.157  23.009 0.0000000000
63482  -48.736  1.925  22.537 0.0000000000
63483  -49.287  2.126  22.017 0.0000000000
63485  -49.278  2.388  21.471 0.0000000000
63487  -46.442  1.562  19.873 0.0000000000
63488  -47.260  1.947  20.282 0.0000000000
63489  -48.265  2.386  20.629 0.0000000000
63490  -49.017  2.635  20.970 0.0000000000
63492  -45.215  1.416  19.196 0.0000000000
63493  -45.761  1.670  19.652 0.0000000000
63502  -43.166  1.689  17.983 0.0000000000
63503  -43.801  1.756  18.227 0.0000000000
63504  -44.518  1.596  18.661 0.0000000000
63518  -41.012  1.921  17.120 0.0000000000
63519  -41.733  1.991  17.388 0.0000000000
63520  -42.712  2.147  17.596 0.0000000000
63521  -43.393  2.219  17.905 0.0000000000
63531  -39.067  1.604  15.620 0.0000000000
63532  -39.449  1.927  16.168 0.0000000000
63533  -40.468  2.321  16.571 0.0000000000
63534  -41.534  2.595  16.874 0.0000000000
63535  -42.228  2.641  17.169 0.0000000000
63541  -38.816  1.767  15.009 0.0000000000
63542  -39.271  2.520  15.412 0.0000000000
63543  -39.921  2.715  15.936 0.0000000000
63548  -38.953  1.705  14.278 0.0000000000
63549  -39.061  2.492  14.555 0.0000000000
63553  -39.109  1.544  13.831 0.0000000000
63554  -39.207  2.190  13.570 0.0000000000
63557  -39.538  2.502  12.624 0.0000000000
63565  -39.868  2.676  11.715 0.0000000000
63566  -40.355  2.215  11.259 0.0000000000
63578  -39.984  3.218  11.322 0.0000000000
63579  -40.493  2.863  10.774 0.0000000000
63580  -41.173  2.259  10.443 0.0000000000
63596  -40.867  3.483  10.226 0.0000000000
63597  -41.552  2.853  9.968 0.0000000000
63598  -42.617  2.770  9.568 0.0000000000
64237  -48.651  3.443  29.628 0.0000000000
64238  -49.407  3.797  29.771 0.0000000000
64239  -50.465  3.722  29.736 0.0000000000
64240  -51.182  3.892  29.428 0.0000000000
64245  -44.195  3.743  28.216 0.0000000000
64246  -44.805  3.926  28.466 0.0000000000
64247  -45.989  4.311  28.704 0.0000000000
64248  -47.343  4.264  29.063 0.0000000000
64249  -48.510  4.108  29.443 0.0000000000
64250  -49.214  4.419  29.595 0.0000000000
64251  -51.532  4.160  28.900 0.0000000000
64256  -42.418  3.623  27.352 0.0000000000
64257  -43.090  4.104  27.355 0.0000000000
64258  -44.181  4.223  27.785 0.0000000000
64259  -45.138  4.564  28.203 0.0000000000
64260  -45.692  4.758  28.411 0.0000000000
64261  -50.750  3.947  27.758 0.0000000000
64262  -51.225  4.568  28.356 0.0000000000
64267  -40.329  3.490  26.350 0.0000000000
64268  -41.068  4.081  26.415 0.0000000000
64269  -42.187  4.225  26.863 0.0000000000
64270  -42.714  4.452  26.952 0.0000000000
64271  -49.421  3.191  26.426 0.0000000000
64272  -49.958  3.866  27.152 0.0000000000
64277  -38.991  3.958  25.385 0.0000000000
64278  -40.039  4.111  25.886 0.0000000000
64279  -40.550  4.478  26.077 0.0000000000
64280  -48.250  2.715  24.966 0.0000000000
64281  -48.712  3.290  25.747 0.0000000000
64286  -28.794  3.275  24.206 0.0000000000
64287  -29.421  3.129  23.768 0.0000000000
64288  -36.967  3.426  24.469 0.0000000000
64289  -37.513  4.024  24.573 0.0000000000
64290  -38.299  4.233  24.919 0.0000000000
64291  -47.990  2.793  23.884 0.0000000000
64293  -28.320  3.909  23.735 0.0000000000
64294  -28.980  3.780  23.315 0.0000000000
64295  -29.830  3.334  23.149 0.0000000000
64296  -30.431  3.330  22.784 0.0000000000
64297  -35.307  3.283  23.511 0.0000000000
64298  -35.771  3.845  23.678 0.0000000000
64299  -36.689  4.012  24.222 0.0000000000
64300  -37.028  4.319  24.396 0.0000000000
64301  -48.320  2.825  23.040 0.0000000000
64303  -29.457  3.970  22.722 0.0000000000
64304  -30.078  3.775  22.491 0.0000000000
64305  -30.878  3.660  22.260 0.0000000000
64306  -31.771  3.615  22.236 0.0000000000
64307  -32.730  3.844  22.227 0.0000000000
64308  -33.789  3.757  22.572 0.0000000000
64309  -34.805  3.718  23.079 0.0000000000
64310  -35.261  4.197  23.279 0.0000000000
64311  -48.930  2.747  22.461 0.0000000000
64312  -49.495  3.099  22.090 0.0000000000
64313  -49.669  3.693  21.772 0.0000000000
64315  -31.384  3.952  21.995 0.0000000000
64318  -49.386  3.165  21.374 0.0000000000
64319  -49.468  3.901  21.190 0.0000000000
64321  -45.869  2.041  19.893 0.0000000000
64322  -46.331  2.423  20.028 0.0000000000
64323  -47.248  3.086  20.314 0.0000000000
64324  -48.593  3.513  20.682 0.0000000000
64325  -49.061  4.314  20.680 0.0000000000
64328  -44.818  2.063  18.962 0.0000000000
64329  -45.392  2.498  19.377 0.0000000000
64330  -46.213  3.259  19.685 0.0000000000
64331  -46.872  3.852  19.719 0.0000000000
64334  -43.750  2.424  18.087 0.0000000000
64335  -44.366  2.641  18.461 0.0000000000
64336  -45.022  3.249  18.736 0.0000000000
64349  -42.795  2.984  17.255 0.0000000000
64350  -43.513  2.936  17.722 0.0000000000
64351  -44.154  3.391  17.920 0.0000000000
64359  -40.585  3.085  15.975 0.0000000000
64360  -41.356  3.176  16.315 0.0000000000
64361  -42.334  3.252  16.662 0.0000000000
64362  -43.323  3.534  16.837 0.0000000000
64363  -43.963  3.590  17.320 0.0000000000
64369  -39.450  3.118  14.861 0.0000000000
64370  -40.075  3.387  15.347 0.0000000000
64371  -41.081  3.677  15.679 0.0000000000
64372  -42.126  3.758  15.903 0.0000000000
64373  -42.923  3.754  16.171 0.0000000000
64376  -39.403  3.258  14.142 0.0000000000
64377  -39.786  3.591  14.703 0.0000000000
64382  -39.402  3.179  13.289 0.0000000000
64385  -39.521  3.385  12.481 0.0000000000
64393  -39.719  3.615  11.742 0.0000000000
64403  -40.048  3.706  11.133 0.0000000000
64404  -40.431  3.823  10.586 0.0000000000
64418  -40.771  4.051  10.167 0.0000000000
64419  -41.311  3.908  9.832 0.0000000000
64420  -42.302  3.894  9.391 0.0000000000
64433  -42.687  4.504  9.135 0.0000000000
65052  -49.618  4.640  29.620 0.0000000000
65053  -50.206  4.727  29.653 0.0000000000
65054  -50.787  4.605  29.549 0.0000000000
65059  -46.114  5.003  28.501 0.0000000000
65060  -47.066  5.327  28.661 0.0000000000
65061  -48.345  5.218  29.084 0.0000000000
65062  -49.347  5.035  29.387 0.0000000000
65063  -49.871  5.042  29.573 0.0000000000
65064  -51.199  4.869  29.272 0.0000000000
65069  -42.990  4.598  26.990 0.0000000000
65070  -43.538  4.986  27.115 0.0000000000
65071  -44.657  5.126  27.705 0.0000000000
65072  -45.662  5.266  28.194 0.0000000000
65073  -46.343  5.411  28.403 0.0000000000
65074  -49.543  5.659  27.759 0.0000000000
65075  -50.403  5.287  27.995 0.0000000000
65076  -51.224  5.250  28.787 0.0000000000
65081  -40.884  4.945  26.192 0.0000000000
65082  -41.693  4.925  26.447 0.0000000000
65083  -42.639  4.983  26.680 0.0000000000
65084  -43.057  5.414  26.804 0.0000000000
65085  -48.361  5.366  26.485 0.0000000000
65086  -49.222  4.903  26.967 0.0000000000
65087  -50.104  4.540  27.492 0.0000000000
65092  -38.677  4.839  25.210 0.0000000000
65093  -39.474  4.772  25.606 0.0000000000
65094  -40.220  4.881  25.888 0.0000000000
65095  -48.194  4.464  25.746 0.0000000000
65096  -48.846  3.985  26.171 0.0000000000
65102  -36.636  5.242  24.434 0.0000000000
65103  -37.090  4.847  24.496 0.0000000000
65104  -37.923  4.848  24.766 0.0000000000
65105  -47.686  4.103  24.487 0.0000000000
65111  -35.499  4.738  23.518 0.0000000000
65112  -36.314  4.785  24.103 0.0000000000
65113  -36.787  4.472  24.306 0.0000000000
65114  -47.831  3.907  23.458 0.0000000000
65123  -34.243  4.456  22.610 0.0000000000
65124  -34.929  4.597  23.000 0.0000000000
65125  -48.620  3.813  22.692 0.0000000000
65126  -49.505  4.196  22.281 0.0000000000
65127  -49.768  4.401  21.701 0.0000000000
65136  -49.606  4.645  20.977 0.0000000000
65139  -47.623  4.009  20.070 0.0000000000
65140  -48.337  4.718  20.048 0.0000000000
65141  -49.106  4.895  20.453 0.0000000000
65145  -45.586  3.443  19.090 0.0000000000
65146  -46.218  4.030  19.073 0.0000000000
65147  -47.227  4.725  19.205 0.0000000000
65148  -47.953  5.094  19.424 0.0000000000
65151  -44.640  3.492  18.255 0.0000000000
65152  -45.346  3.934  18.341 0.0000000000
65153  -46.354  4.621  18.107 0.0000000000
65154  -46.964  4.974  18.453 0.0000000000
65164  -44.600  3.842  17.610 0.0000000000
65165  -45.337  4.313  17.287 0.0000000000
65166  -46.067  4.786  16.938 0.0000000000
65169  -43.447  3.943  16.222 0.0000000000
65170  -44.241  4.090  16.549 0.0000000000
65171  -45.364  4.684  16.245 0.0000000000
65172  -45.979  4.870  16.359 0.0000000000
65175  -40.121  3.836  14.852 0.0000000000
65176  -40.641  4.085  15.058 0.0000000000
65177  -41.696  4.304  15.271 0.0000000000
65178  -43.182  4.511  15.489 0.0000000000
65179  -44.445  4.730  15.760 0.0000000000
65180  -45.082  4.899  15.680 0.0000000000
65183  -39.560  3.660  13.725 0.0000000000
65184  -40.033  4.132  14.201 0.0000000000
65185  -41.048  4.665  14.578 0.0000000000
65186  -42.091  4.935  14.731 0.0000000000
65187  -42.855  5.177  14.736 0.0000000000
65192  -39.646  3.915  13.234 0.0000000000
65193  -40.179  4.538  13.245 0.0000000000
65195  -39.793  4.268  12.419 0.0000000000
65196  -40.297  4.883  12.581 0.0000000000
65203  -39.921  4.322  11.605 0.0000000000
65216  -40.171  4.385  10.967 0.0000000000
65217  -40.547  4.503  10.460 0.0000000000
65229  -40.986  4.609  9.972 0.0000000000
65230  -41.670  4.668  9.568 0.0000000000
65231  -42.343  4.819  9.200 0.0000000000
65884  -50.452  5.169  29.524 0.0000000000
65885  -50.575  4.962  29.557 0.0000000000
65890  -47.547  6.015  28.437 0.0000000000
65891  -48.344  5.941  28.654 0.0000000000
65892  -49.396  5.876  29.123 0.0000000000
65893  -50.239  5.443  29.437 0.0000000000
65894  -50.752  5.177  29.461 0.0000000000
65898  -43.315  5.944  26.980 0.0000000000
65899  -44.152  5.960  27.426 0.0000000000
65900  -45.271  6.059  27.837 0.0000000000
65901  -46.610  6.091  28.235 0.0000000000
65902  -47.999  6.382  28.134 0.0000000000
65903  -49.368  6.024  28.369 0.0000000000
65904  -50.471  5.969  28.914 0.0000000000
65905  -50.924  5.503  29.263 0.0000000000
65908  -39.592  5.792  26.331 0.0000000000
65909  -40.317  5.666  26.385 0.0000000000
65910  -41.205  5.757  26.492 0.0000000000
65911  -41.995  5.779  26.569 0.0000000000
65912  -42.673  5.887  26.722 0.0000000000
65913  -48.245  6.104  27.197 0.0000000000
65914  -48.937  5.952  27.668 0.0000000000
65918  -37.266  5.818  25.288 0.0000000000
65919  -38.001  5.595  25.432 0.0000000000
65920  -39.002  5.565  25.836 0.0000000000
65921  -39.752  5.344  25.937 0.0000000000
65922  -47.880  5.845  26.189 0.0000000000
65926  -36.226  5.642  24.424 0.0000000000
65927  -36.821  5.673  24.800 0.0000000000
65928  -37.469  5.391  24.881 0.0000000000
65929  -47.634  5.481  25.104 0.0000000000
65938  -34.948  5.514  23.306 0.0000000000
65939  -35.669  5.556  23.926 0.0000000000
65940  -47.698  5.310  23.812 0.0000000000
65941  -48.162  5.906  23.455 0.0000000000
65954  -48.031  4.607  23.131 0.0000000000
65955  -48.704  5.350  22.853 0.0000000000
65956  -49.950  5.216  22.239 0.0000000000
65957  -50.606  5.521  21.924 0.0000000000
65971  -50.037  5.131  21.441 0.0000000000
65972  -50.474  5.679  21.169 0.0000000000
65977  -48.877  5.229  20.075 0.0000000000
65978  -49.651  5.555  20.361 0.0000000000
65979  -50.325  5.907  20.640 0.0000000000
65984  -47.774  5.231  19.085 0.0000000000
65985  -48.585  5.575  19.256 0.0000000000
65986  -49.379  5.891  19.569 0.0000000000
65995  -46.885  5.051  18.095 0.0000000000
65996  -47.495  5.330  18.323 0.0000000000
65997  -48.329  5.861  17.905 0.0000000000
66007  -46.799  5.156  17.456 0.0000000000
66008  -47.651  5.723  16.967 0.0000000000
66009  -48.291  6.020  17.232 0.0000000000
66012  -45.917  4.923  16.067 0.0000000000
66013  -46.548  5.176  16.261 0.0000000000
66014  -47.448  5.715  15.748 0.0000000000
66016  -44.002  5.121  15.359 0.0000000000
66017  -44.704  5.233  15.305 0.0000000000
66018  -45.738  5.125  15.499 0.0000000000
66019  -46.752  5.454  15.255 0.0000000000
66020  -47.443  5.884  14.956 0.0000000000
66025  -40.658  4.783  13.847 0.0000000000
66026  -41.422  5.186  13.935 0.0000000000
66027  -42.426  5.484  14.094 0.0000000000
66028  -43.733  5.726  14.535 0.0000000000
66029  -45.177  5.713  14.803 0.0000000000
66030  -46.206  5.661  14.750 0.0000000000
66031  -46.988  5.810  14.635 0.0000000000
66032  -47.397  6.094  14.618 0.0000000000
66036  -40.766  5.194  13.150 0.0000000000
66037  -41.659  5.905  13.071 0.0000000000
66038  -42.804  6.067  13.569 0.0000000000
66039  -43.440  6.314  13.693 0.0000000000
66041  -40.116  4.841  12.025 0.0000000000
66042  -40.691  5.624  12.073 0.0000000000
66043  -41.359  6.078  12.273 0.0000000000
66049  -40.224  4.970  11.413 0.0000000000
66050  -40.547  5.548  11.018 0.0000000000
66063  -40.372  4.943  10.816 0.0000000000
66064  -40.745  5.239  10.333 0.0000000000
66075  -41.274  5.323  9.807 0.0000000000
66076  -41.953  5.516  9.276 0.0000000000
66077  -42.525  5.394  8.878 0.0000000000
66083  -42.406  5.894  8.739 0.0000000000
66707  -39.322  6.821  27.949 0.0000000000
66708  -40.070  6.896  27.727 0.0000000000
66709  -43.611  6.857  27.260 0.0000000000
66710  -44.666  7.031  27.681 0.0000000000
66711  -45.810  7.069  28.240 0.0000000000
66712  -46.974  7.091  28.396 0.0000000000
66713  -47.608  7.096  27.867 0.0000000000
66718  -37.465  6.684  27.454 0.0000000000
66719  -38.661  6.466  27.288 0.0000000000
66720  -39.699  6.334  27.058 0.0000000000
66721  -40.577  6.651  26.989 0.0000000000
66722  -41.420  6.610  26.687 0.0000000000
66723  -42.137  6.607  26.650 0.0000000000
66724  -42.803  6.722  26.877 0.0000000000
66725  -47.701  6.957  26.905 0.0000000000
66730  -36.195  6.390  26.114 0.0000000000
66731  -37.163  6.169  26.165 0.0000000000
66732  -38.221  6.141  26.420 0.0000000000
66733  -39.050  6.081  26.562 0.0000000000
66734  -47.690  6.726  25.759 0.0000000000
66739  -35.968  6.283  25.173 0.0000000000
66740  -36.695  6.062  25.471 0.0000000000
66741  -47.768  6.518  24.689 0.0000000000
66754  -35.671  6.097  24.468 0.0000000000
66755  -48.020  6.481  23.877 0.0000000000
66756  -48.482  6.477  23.325 0.0000000000
66757  -51.317  6.863  23.186 0.0000000000
66758  -51.601  7.259  23.312 0.0000000000
66772  -49.021  6.463  22.934 0.0000000000
66773  -49.780  6.106  22.734 0.0000000000
66774  -50.945  6.242  22.647 0.0000000000
66775  -51.988  6.987  23.134 0.0000000000
66776  -52.534  7.309  23.182 0.0000000000
66791  -51.121  6.095  21.738 0.0000000000
66792  -52.010  6.710  22.279 0.0000000000
66793  -52.543  7.175  22.897 0.0000000000
66797  -50.307  6.190  20.244 0.0000000000
66798  -50.881  6.300  20.774 0.0000000000
66799  -51.703  6.653  21.245 0.0000000000
66802  -49.384  6.097  19.068 0.0000000000
66803  -49.999  6.286  19.524 0.0000000000
66804  -50.956  6.718  19.789 0.0000000000
66805  -51.534  6.853  20.413 0.0000000000
66812  -49.160  6.180  18.303 0.0000000000
66813  -49.946  6.491  18.607 0.0000000000
66814  -50.721  6.788  18.904 0.0000000000
66817  -48.367  6.153  16.765 0.0000000000
66818  -48.906  6.344  17.277 0.0000000000
66819  -49.928  6.760  17.658 0.0000000000
66820  -50.598  6.939  18.209 0.0000000000
66822  -48.215  6.146  16.069 0.0000000000
66823  -48.924  6.447  16.356 0.0000000000
66824  -49.616  6.805  16.716 0.0000000000
66826  -48.055  6.293  15.267 0.0000000000
66827  -48.929  6.637  15.533 0.0000000000
66828  -49.579  6.711  16.008 0.0000000000
66833  -44.827  6.322  14.259 0.0000000000
66834  -45.790  6.187  14.278 0.0000000000
66835  -46.663  6.162  14.267 0.0000000000
66836  -47.308  6.296  14.326 0.0000000000
66837  -47.925  6.550  14.563 0.0000000000
66838  -48.589  6.765  14.902 0.0000000000
66840  -42.474  6.397  12.851 0.0000000000
66841  -43.198  6.555  13.108 0.0000000000
66842  -44.130  6.821  13.465 0.0000000000
66843  -45.377  6.823  13.774 0.0000000000
66844  -46.375  6.674  13.813 0.0000000000
66845  -47.194  6.663  13.873 0.0000000000
66846  -47.722  6.750  14.058 0.0000000000
66848  -41.315  6.263  11.771 0.0000000000
66849  -41.935  6.492  12.178 0.0000000000
66850  -42.922  6.892  12.286 0.0000000000
66851  -43.514  6.908  12.821 0.0000000000
66855  -41.036  6.202  11.147 0.0000000000
66856  -41.828  6.842  11.214 0.0000000000
66857  -42.344  6.881  11.746 0.0000000000
66869  -40.973  5.951  10.428 0.0000000000
66870  -41.461  6.617  10.400 0.0000000000
66876  -41.049  5.695  10.048 0.0000000000
66877  -41.501  6.178  9.717 0.0000000000
66883  -42.113  6.341  9.026 0.0000000000
66884  -42.607  6.488  8.354 0.0000000000
67539  -45.032  9.019  29.515 0.0000000000
67540  -45.762  8.769  29.640 0.0000000000
67541  -46.814  8.678  29.434 0.0000000000
67542  -47.419  8.723  28.855 0.0000000000
67551  -40.445  7.541  27.847 0.0000000000
67552  -43.984  7.897  27.537 0.0000000000
67553  -44.884  8.258  28.729 0.0000000000
67554  -46.251  7.848  29.067 0.0000000000
67555  -47.238  7.893  28.694 0.0000000000
67556  -47.737  8.165  27.839 0.0000000000
67564  -40.697  7.631  26.880 0.0000000000
67565  -41.537  7.263  26.441 0.0000000000
67566  -42.222  7.307  26.427 0.0000000000
67567  -43.086  7.685  26.685 0.0000000000
67568  -47.767  7.943  26.471 0.0000000000
67575  -40.236  8.029  25.889 0.0000000000
67576  -40.897  7.690  25.835 0.0000000000
67577  -41.566  7.613  25.720 0.0000000000
67578  -42.237  7.718  25.723 0.0000000000
67579  -42.844  8.098  25.728 0.0000000000
67580  -47.784  7.724  25.310 0.0000000000
67587  -40.368  7.966  25.134 0.0000000000
67588  -40.886  7.827  24.785 0.0000000000
67589  -41.608  7.755  24.842 0.0000000000
67590  -42.245  7.838  24.797 0.0000000000
67591  -42.892  8.071  24.729 0.0000000000
67592  -47.999  7.482  24.351 0.0000000000
67603  -41.146  7.822  24.059 0.0000000000
67604  -41.690  7.770  23.940 0.0000000000
67605  -42.349  7.752  23.815 0.0000000000
67606  -43.091  7.840  23.706 0.0000000000
67607  -48.330  7.207  23.720 0.0000000000
67608  -48.901  7.425  23.294 0.0000000000
67609  -49.847  7.752  23.266 0.0000000000
67610  -50.988  7.622  23.349 0.0000000000
67611  -52.058  7.907  23.491 0.0000000000
67612  -52.981  8.101  23.819 0.0000000000
67613  -53.703  8.162  23.698 0.0000000000
67628  -41.140  7.818  23.219 0.0000000000
67629  -41.763  7.639  22.993 0.0000000000
67630  -42.490  7.651  22.820 0.0000000000
67631  -43.235  7.909  22.718 0.0000000000
67632  -49.549  6.899  22.993 0.0000000000
67633  -50.359  6.813  23.049 0.0000000000
67634  -50.930  6.759  23.151 0.0000000000
67635  -52.553  7.535  23.387 0.0000000000
67636  -53.103  7.561  23.313 0.0000000000
67637  -53.996  7.965  23.105 0.0000000000
67654  -41.263  7.895  22.407 0.0000000000
67655  -41.853  7.940  22.059 0.0000000000
67656  -42.593  8.149  21.992 0.0000000000
67657  -43.194  8.410  22.027 0.0000000000
67658  -52.403  7.137  21.529 0.0000000000
67659  -53.123  7.556  22.308 0.0000000000
67660  -54.197  8.104  22.350 0.0000000000
67667  -52.275  7.251  20.629 0.0000000000
67668  -53.111  7.630  21.053 0.0000000000
67669  -53.988  8.100  21.473 0.0000000000
67673  -51.486  7.203  19.055 0.0000000000
67674  -52.061  7.393  19.651 0.0000000000
67675  -53.165  7.844  19.906 0.0000000000
67676  -53.847  8.203  20.488 0.0000000000
67683  -43.215  8.409  18.247 0.0000000000
67684  -43.958  8.379  18.282 0.0000000000
67685  -44.773  8.280  18.202 0.0000000000
67686  -45.246  8.240  17.973 0.0000000000
67687  -51.406  7.359  18.380 0.0000000000
67688  -52.427  7.862  18.695 0.0000000000
67689  -52.946  7.963  19.203 0.0000000000
67692  -41.957  8.261  17.540 0.0000000000
67693  -42.583  8.134  17.784 0.0000000000
67694  -43.442  8.040  17.681 0.0000000000
67695  -44.297  8.122  17.522 0.0000000000
67696  -44.967  8.163  17.672 0.0000000000
67697  -50.360  7.189  16.964 0.0000000000
67698  -51.110  7.373  17.584 0.0000000000
67699  -52.274  7.996  17.982 0.0000000000
67701  -41.686  8.307  17.242 0.0000000000
67702  -42.106  8.162  17.111 0.0000000000
67703  -42.896  8.085  17.057 0.0000000000
67704  -43.649  8.146  17.046 0.0000000000
67705  -50.311  7.088  16.250 0.0000000000
67706  -51.160  7.518  16.749 0.0000000000
67707  -52.149  7.986  17.320 0.0000000000
67709  -49.226  7.066  14.930 0.0000000000
67710  -49.938  7.149  15.444 0.0000000000
67711  -51.130  7.625  15.942 0.0000000000
67712  -51.941  7.996  16.667 0.0000000000
67717  -48.276  7.039  14.074 0.0000000000
67718  -48.892  7.174  14.404 0.0000000000
67719  -49.859  7.507  14.616 0.0000000000
67720  -50.591  7.726  15.183 0.0000000000
67722  -44.485  7.338  12.867 0.0000000000
67723  -45.108  7.343  13.115 0.0000000000
67724  -46.082  7.255  13.274 0.0000000000
67725  -47.017  7.132  13.353 0.0000000000
67726  -47.986  7.229  13.517 0.0000000000
67727  -48.901  7.478  13.838 0.0000000000
67728  -49.513  7.589  14.086 0.0000000000
67730  -43.348  7.312  11.885 0.0000000000
67731  -43.907  7.362  12.414 0.0000000000
67732  -44.896  7.783  12.431 0.0000000000
67733  -45.844  7.781  12.649 0.0000000000
67734  -46.792  7.713  12.806 0.0000000000
67735  -47.550  7.596  12.994 0.0000000000
67739  -42.356  7.240  10.795 0.0000000000
67740  -42.847  7.268  11.325 0.0000000000
67741  -43.815  7.693  11.495 0.0000000000
67742  -44.440  7.885  11.895 0.0000000000
67751  -42.051  7.246  10.316 0.0000000000
67752  -42.879  7.602  10.380 0.0000000000
67753  -43.488  7.717  10.841 0.0000000000
67755  -41.877  6.998  9.638 0.0000000000
67756  -42.595  7.626  9.506 0.0000000000
67759  -41.957  6.695  9.302 0.0000000000
67760  -42.441  7.163  8.758 0.0000000000
67763  -42.887  7.153  7.874 0.0000000000
68503  -44.471  9.463  29.276 0.0000000000
68504  -45.383  9.658  29.787 0.0000000000
68505  -46.457  9.621  29.872 0.0000000000
68506  -47.245  9.574  29.388 0.0000000000
68513  -43.680  8.305  27.156 0.0000000000
68514  -43.892  9.079  27.925 0.0000000000
68515  -47.553  9.463  28.400 0.0000000000
68523  -43.544  8.463  26.644 0.0000000000
68524  -43.982  9.242  26.700 0.0000000000
68525  -44.495  9.428  26.313 0.0000000000
68526  -47.775  9.265  27.134 0.0000000000
68534  -43.483  8.481  25.698 0.0000000000
68535  -44.156  8.837  25.605 0.0000000000
68536  -44.931  9.239  25.523 0.0000000000
68537  -47.994  8.940  25.943 0.0000000000
68545  -40.215  8.146  24.367 0.0000000000
68546  -43.626  8.306  24.649 0.0000000000
68547  -44.416  8.634  24.549 0.0000000000
68548  -45.093  9.197  24.393 0.0000000000
68549  -48.237  8.749  24.913 0.0000000000
68550  -48.751  9.087  24.425 0.0000000000
68559  -40.535  8.122  23.574 0.0000000000
68560  -43.798  8.246  23.594 0.0000000000
68561  -44.500  8.777  23.459 0.0000000000
68562  -45.095  9.317  23.398 0.0000000000
68563  -48.446  8.166  23.950 0.0000000000
68564  -49.227  8.778  23.798 0.0000000000
68565  -50.291  9.037  23.498 0.0000000000
68566  -51.490  9.162  23.466 0.0000000000
68567  -52.632  9.165  23.733 0.0000000000
68568  -53.614  8.986  23.930 0.0000000000
68569  -54.499  8.783  23.484 0.0000000000
68570  -55.212  9.152  22.887 0.0000000000
68579  -40.731  8.249  22.523 0.0000000000
68580  -43.820  8.523  22.591 0.0000000000
68581  -44.562  9.265  22.360 0.0000000000
68582  -45.194  9.516  22.793 0.0000000000
68583  -54.789  8.590  22.712 0.0000000000
68584  -55.579  9.202  22.129 0.0000000000
68595  -41.217  8.691  21.757 0.0000000000
68596  -42.044  8.940  21.347 0.0000000000
68597  -42.799  8.821  21.386 0.0000000000
68598  -43.586  9.039  21.561 0.0000000000
68599  -44.225  9.603  21.295 0.0000000000
68600  -54.971  8.543  21.792 0.0000000000
68601  -55.812  9.292  20.991 0.0000000000
68602  -56.139  9.715  20.173 0.0000000000
68606  -42.489  9.461  20.801 0.0000000000
68607  -43.018  9.358  20.833 0.0000000000
68608  -43.529  9.733  20.681 0.0000000000
68609  -44.096  10.102  20.605 0.0000000000
68610  -54.817  8.612  20.668 0.0000000000
68611  -55.557  9.338  19.897 0.0000000000
68612  -56.081  9.748  19.744 0.0000000000
68617  -44.730  9.815  18.840 0.0000000000
68618  -45.146  9.644  18.932 0.0000000000
68619  -46.086  9.503  19.004 0.0000000000
68620  -47.037  9.611  19.042 0.0000000000
68621  -47.863  9.833  19.040 0.0000000000
68622  -53.480  8.333  19.280 0.0000000000
68623  -54.379  8.788  19.399 0.0000000000
68624  -55.427  9.621  19.128 0.0000000000
68634  -40.794  8.942  18.235 0.0000000000
68635  -41.735  9.041  18.356 0.0000000000
68636  -42.639  8.985  18.368 0.0000000000
68637  -43.549  9.180  18.531 0.0000000000
68638  -44.490  9.328  18.704 0.0000000000
68639  -45.582  8.678  18.427 0.0000000000
68640  -46.742  8.937  18.498 0.0000000000
68641  -47.737  9.236  18.555 0.0000000000
68642  -48.801  9.642  18.753 0.0000000000
68643  -49.507  9.601  18.494 0.0000000000
68644  -53.268  8.638  18.171 0.0000000000
68645  -53.641  8.636  18.723 0.0000000000
68646  -54.346  9.034  18.713 0.0000000000
68654  -40.454  8.695  17.411 0.0000000000
68655  -41.404  8.521  17.655 0.0000000000
68656  -42.033  8.462  18.020 0.0000000000
68657  -44.881  8.244  17.174 0.0000000000
68658  -45.513  8.388  17.488 0.0000000000
68659  -46.444  8.656  17.676 0.0000000000
68660  -47.428  8.928  17.841 0.0000000000
68661  -48.474  9.185  17.957 0.0000000000
68662  -49.195  9.452  18.209 0.0000000000
68663  -53.381  8.751  17.886 0.0000000000
68664  -53.980  9.390  18.180 0.0000000000
68669  -41.303  8.524  16.763 0.0000000000
68670  -42.323  8.394  16.493 0.0000000000
68671  -43.267  8.362  16.444 0.0000000000
68672  -44.270  8.380  16.632 0.0000000000
68673  -45.224  8.513  16.660 0.0000000000
68674  -46.123  8.687  16.828 0.0000000000
68676  -47.959  9.158  17.342 0.0000000000
68677  -52.916  8.517  17.177 0.0000000000
68678  -53.865  9.107  17.627 0.0000000000
68688  -51.398  8.141  15.463 0.0000000000
68689  -52.347  8.411  16.295 0.0000000000
68690  -53.544  9.013  17.177 0.0000000000
68695  -50.104  7.944  14.126 0.0000000000
68696  -50.848  8.228  14.713 0.0000000000
68697  -52.165  8.747  15.459 0.0000000000
68698  -53.228  8.999  16.424 0.0000000000
68700  -48.195  7.839  12.958 0.0000000000
68701  -48.894  7.881  13.261 0.0000000000
68702  -49.753  8.022  13.600 0.0000000000
68703  -50.741  8.512  13.891 0.0000000000
68704  -51.527  8.805  14.631 0.0000000000
68706  -45.020  8.221  11.834 0.0000000000
68707  -45.705  8.281  12.039 0.0000000000
68708  -46.596  8.312  12.241 0.0000000000
68709  -47.679  8.366  12.451 0.0000000000
68710  -48.766  8.440  12.664 0.0000000000
68711  -49.647  8.461  12.941 0.0000000000
68712  -50.316  8.561  13.239 0.0000000000
68716  -44.074  8.069  10.852 0.0000000000
68717  -44.696  8.272  11.235 0.0000000000
68718  -45.567  8.567  11.382 0.0000000000
68719  -46.467  8.802  11.542 0.0000000000
68720  -47.178  8.833  11.918 0.0000000000
68729  -43.223  7.990  9.734 0.0000000000
68730  -43.802  8.143  10.191 0.0000000000
68731  -44.626  8.508  10.445 0.0000000000
68732  -45.467  8.854  10.643 0.0000000000
68733  -46.120  8.980  10.974 0.0000000000
68735  -43.205  8.124  9.191 0.0000000000
68736  -43.798  8.368  9.395 0.0000000000
68737  -44.593  8.748  9.635 0.0000000000
68738  -45.153  8.995  10.060 0.0000000000
68740  -43.033  7.957  8.628 0.0000000000
68741  -43.683  8.421  8.690 0.0000000000
68742  -44.352  8.766  8.885 0.0000000000
68744  -43.085  7.721  7.914 0.0000000000
68745  -43.636  8.459  7.826 0.0000000000
68746  -44.224  8.798  8.241 0.0000000000
68753  -43.132  7.574  7.485 0.0000000000
69415  -44.302  10.270  28.716 0.0000000000
69416  -44.908  10.455  29.497 0.0000000000
69417  -46.027  10.517  29.776 0.0000000000
69418  -47.155  10.551  29.918 0.0000000000
69425  -44.433  10.246  27.616 0.0000000000
69426  -45.028  10.715  27.338 0.0000000000
69427  -47.272  10.412  29.000 0.0000000000
69435  -44.407  9.813  26.835 0.0000000000
69436  -45.028  10.156  26.558 0.0000000000
69437  -47.467  10.578  27.755 0.0000000000
69444  -45.627  10.119  25.275 0.0000000000
69445  -46.181  10.682  25.009 0.0000000000
69446  -47.961  10.412  26.252 0.0000000000
69447  -48.406  11.022  25.808 0.0000000000
69456  -45.512  9.700  24.126 0.0000000000
69457  -45.986  10.288  24.247 0.0000000000
69458  -48.291  9.587  25.592 0.0000000000
69459  -48.756  10.253  25.160 0.0000000000
69460  -49.205  10.865  24.914 0.0000000000
69474  -45.624  9.785  23.316 0.0000000000
69475  -46.232  10.406  23.249 0.0000000000
69476  -49.097  9.593  24.416 0.0000000000
69477  -49.607  10.272  24.303 0.0000000000
69478  -50.787  10.381  23.759 0.0000000000
69479  -52.060  10.653  24.011 0.0000000000
69480  -53.271  10.235  23.808 0.0000000000
69481  -54.170  9.805  23.386 0.0000000000
69482  -54.882  9.570  22.999 0.0000000000
69493  -44.757  9.689  21.713 0.0000000000
69494  -45.448  9.929  22.162 0.0000000000
69495  -46.303  10.721  22.164 0.0000000000
69496  -52.829  11.497  23.300 0.0000000000
69497  -53.742  10.905  22.840 0.0000000000
69498  -54.688  10.394  22.438 0.0000000000
69499  -55.556  9.921  22.350 0.0000000000
69511  -41.503  9.653  21.089 0.0000000000
69512  -44.756  10.147  21.139 0.0000000000
69513  -45.658  10.744  21.003 0.0000000000
69514  -46.413  11.015  21.505 0.0000000000
69515  -53.218  11.951  22.193 0.0000000000
69516  -54.230  11.297  21.664 0.0000000000
69517  -55.501  10.851  21.171 0.0000000000
69518  -56.224  10.104  21.337 0.0000000000
69519  -56.445  10.080  20.521 0.0000000000
69522  -41.913  10.090  20.387 0.0000000000
69523  -42.747  10.122  20.196 0.0000000000
69524  -43.526  10.412  20.038 0.0000000000
69525  -44.477  10.590  20.137 0.0000000000
69526  -45.349  10.946  19.850 0.0000000000
69527  -45.916  10.839  19.645 0.0000000000
69528  -48.595  11.333  19.985 0.0000000000
69529  -49.210  11.331  19.995 0.0000000000
69530  -50.118  11.403  20.027 0.0000000000
69531  -53.241  11.617  20.990 0.0000000000
69532  -54.610  11.048  20.163 0.0000000000
69533  -55.572  11.156  20.225 0.0000000000
69534  -55.984  9.816  19.371 0.0000000000
69535  -56.436  10.264  19.628 0.0000000000
69543  -42.029  10.311  19.395 0.0000000000
69544  -42.884  10.334  19.339 0.0000000000
69545  -43.732  10.380  19.294 0.0000000000
69546  -44.620  10.253  19.091 0.0000000000
69547  -45.569  10.300  19.306 0.0000000000
69548  -46.445  10.403  19.390 0.0000000000
69549  -47.323  10.397  19.346 0.0000000000
69550  -48.435  10.637  19.472 0.0000000000
69551  -49.635  10.699  19.519 0.0000000000
69552  -50.931  10.940  19.647 0.0000000000
69553  -52.694  10.742  19.807 0.0000000000
69554  -54.342  10.602  19.194 0.0000000000
69555  -55.000  9.762  18.614 0.0000000000
69556  -56.052  10.286  18.954 0.0000000000
69557  -56.555  10.677  19.149 0.0000000000
69568  -41.343  9.782  18.780 0.0000000000
69569  -42.286  9.878  18.752 0.0000000000
69570  -43.147  10.002  18.677 0.0000000000
69571  -43.956  10.010  18.716 0.0000000000
69572  -44.333  9.964  18.773 0.0000000000
69573  -49.206  10.120  19.215 0.0000000000
69574  -49.985  9.883  19.039 0.0000000000
69575  -51.470  10.172  18.807 0.0000000000
69576  -53.013  9.941  18.249 0.0000000000
69577  -54.097  9.338  18.209 0.0000000000
69578  -54.288  9.173  18.530 0.0000000000
69588  -49.148  9.422  17.844 0.0000000000
69589  -50.094  9.735  18.085 0.0000000000
69590  -51.858  10.336  18.082 0.0000000000
69591  -53.187  10.018  17.667 0.0000000000
69592  -53.945  9.993  17.312 0.0000000000
69606  -54.247  9.493  17.966 0.0000000000
69639  -52.357  9.187  15.028 0.0000000000
69645  -50.909  9.079  13.305 0.0000000000
69646  -51.738  9.322  14.211 0.0000000000
69647  -52.889  9.647  14.994 0.0000000000
69651  -47.819  9.125  11.899 0.0000000000
69652  -48.527  9.109  12.132 0.0000000000
69653  -49.462  9.241  12.364 0.0000000000
69654  -50.274  9.103  12.814 0.0000000000
69658  -46.733  9.288  10.948 0.0000000000
69659  -47.408  9.358  11.311 0.0000000000
69660  -48.363  9.688  11.472 0.0000000000
69661  -49.016  9.706  11.880 0.0000000000
69670  -45.737  9.328  10.036 0.0000000000
69671  -46.384  9.419  10.368 0.0000000000
69672  -47.322  9.784  10.501 0.0000000000
69673  -47.970  9.902  10.886 0.0000000000
69675  -44.943  9.148  8.984 0.0000000000
69676  -45.469  9.352  9.417 0.0000000000
69677  -46.343  9.765  9.567 0.0000000000
69678  -46.963  9.924  9.917 0.0000000000
69680  -44.808  9.210  8.354 0.0000000000
69681  -45.510  9.597  8.576 0.0000000000
69682  -46.029  9.798  8.990 0.0000000000
69684  -43.790  8.931  7.027 0.0000000000
69685  -44.540  9.311  7.514 0.0000000000
69686  -45.228  9.651  7.936 0.0000000000
69691  -44.270  9.448  6.660 0.0000000000
70328  -44.803  10.895  28.869 0.0000000000
70329  -45.606  11.139  29.166 0.0000000000
70330  -46.651  11.125  29.389 0.0000000000
70331  -47.167  10.923  29.362 0.0000000000
70338  -44.637  10.715  28.393 0.0000000000
70339  -45.249  11.135  28.071 0.0000000000
70340  -46.324  11.369  28.498 0.0000000000
70341  -47.023  11.034  28.726 0.0000000000
70348  -45.568  11.014  26.946 0.0000000000
70349  -46.290  11.457  27.354 0.0000000000
70350  -46.962  11.370  27.848 0.0000000000
70360  -45.666  10.658  26.227 0.0000000000
70361  -46.344  11.160  25.946 0.0000000000
70362  -47.398  11.514  26.564 0.0000000000
70363  -48.168  11.566  26.154 0.0000000000
70373  -46.695  11.046  24.492 0.0000000000
70374  -47.319  11.816  25.390 0.0000000000
70375  -48.709  11.590  25.556 0.0000000000
70376  -49.029  11.131  25.173 0.0000000000
70388  -47.024  11.034  23.192 0.0000000000
70389  -47.551  11.736  24.202 0.0000000000
70390  -48.918  12.138  25.241 0.0000000000
70391  -49.308  11.568  24.810 0.0000000000
70392  -50.077  11.250  23.921 0.0000000000
70393  -51.078  11.359  23.607 0.0000000000
70402  -47.088  11.169  22.051 0.0000000000
70403  -47.805  11.600  23.003 0.0000000000
70404  -51.831  11.766  23.300 0.0000000000
70415  -45.986  11.101  20.311 0.0000000000
70416  -46.708  11.280  20.957 0.0000000000
70417  -48.039  11.725  21.721 0.0000000000
70418  -48.809  11.971  21.566 0.0000000000
70419  -51.528  12.068  21.740 0.0000000000
70420  -52.104  12.029  22.415 0.0000000000
70421  -56.066  11.172  20.222 0.0000000000
70422  -56.374  10.803  20.546 0.0000000000
70423  -56.477  10.449  20.621 0.0000000000
70430  -45.896  11.098  19.910 0.0000000000
70431  -46.533  11.165  19.913 0.0000000000
70432  -47.560  11.446  20.472 0.0000000000
70433  -48.780  11.793  20.744 0.0000000000
70434  -49.870  11.850  20.597 0.0000000000
70435  -51.059  11.782  20.794 0.0000000000
70436  -52.230  11.919  21.515 0.0000000000
70437  -55.145  11.105  19.038 0.0000000000
70438  -55.820  11.292  19.506 0.0000000000
70439  -56.567  11.164  19.762 0.0000000000
70440  -56.648  10.671  20.089 0.0000000000
70448  -46.885  10.811  19.553 0.0000000000
70449  -47.424  11.062  19.706 0.0000000000
70450  -48.111  11.329  20.010 0.0000000000
70451  -51.681  11.250  20.254 0.0000000000
70452  -52.171  11.496  20.717 0.0000000000
70453  -54.931  10.474  19.138 0.0000000000
70454  -55.760  10.745  19.084 0.0000000000
70455  -56.502  11.056  18.955 0.0000000000
70456  -56.732  10.846  19.438 0.0000000000
70530  -50.701  9.546  12.946 0.0000000000
70531  -51.335  10.062  13.317 0.0000000000
70532  -52.617  10.197  14.335 0.0000000000
70541  -49.468  9.936  12.044 0.0000000000
70542  -50.231  10.212  12.419 0.0000000000
70543  -50.911  10.589  12.838 0.0000000000
70552  -48.426  10.192  11.010 0.0000000000
70553  -49.158  10.544  11.407 0.0000000000
70554  -49.896  10.867  11.827 0.0000000000
70568  -47.422  10.224  9.991 0.0000000000
70569  -48.169  10.615  10.305 0.0000000000
70570  -48.871  11.026  10.690 0.0000000000
70572  -46.473  10.093  9.044 0.0000000000
70573  -47.254  10.504  9.230 0.0000000000
70574  -47.958  10.986  9.543 0.0000000000
70576  -45.636  9.949  8.036 0.0000000000
70577  -46.242  10.275  8.380 0.0000000000
70578  -47.069  10.913  8.151 0.0000000000
70580  -44.770  9.778  6.945 0.0000000000
70581  -45.480  10.324  7.262 0.0000000000
70582  -46.466  10.911  7.672 0.0000000000
70583  -46.988  11.194  7.679 0.0000000000
70585  -44.788  9.956  6.364 0.0000000000
70586  -45.325  10.553  5.992 0.0000000000
70592  -45.265  10.560  5.019 0.0000000000
71218  -47.996  12.006  26.241 0.0000000000
71219  -48.301  12.096  25.972 0.0000000000
71229  -47.908  12.178  25.836 0.0000000000
71230  -48.446  12.250  25.436 0.0000000000
71240  -48.004  12.368  24.957 0.0000000000
71241  -48.804  12.233  24.584 0.0000000000
71242  -49.458  11.778  23.810 0.0000000000
71243  -50.306  11.640  23.240 0.0000000000
71244  -51.074  11.633  22.958 0.0000000000
71252  -48.292  12.138  23.897 0.0000000000
71253  -49.008  12.077  23.450 0.0000000000
71254  -49.701  11.916  22.872 0.0000000000
71255  -50.512  11.918  22.509 0.0000000000
71256  -51.338  11.895  22.470 0.0000000000
71267  -48.519  11.890  22.905 0.0000000000
71268  -49.071  12.045  22.307 0.0000000000
71269  -49.870  12.208  22.046 0.0000000000
71270  -50.752  12.153  21.742 0.0000000000
71271  -51.451  12.029  22.086 0.0000000000
71278  -49.291  12.058  21.581 0.0000000000
71279  -49.821  12.079  21.288 0.0000000000
71280  -50.359  12.030  21.096 0.0000000000
71344  -52.198  10.947  13.598 0.0000000000
71355  -50.792  11.152  12.546 0.0000000000
71356  -51.359  11.053  13.066 0.0000000000
71366  -49.850  11.432  11.432 0.0000000000
71367  -50.325  11.278  11.997 0.0000000000
71385  -48.792  11.356  10.275 0.0000000000
71386  -49.339  11.565  10.768 0.0000000000
71397  -47.933  11.227  9.106 0.0000000000
71398  -48.507  11.566  9.527 0.0000000000
71399  -49.101  11.943  10.052 0.0000000000
71401  -47.691  11.308  8.487 0.0000000000
71402  -48.293  11.731  8.735 0.0000000000
71404  -46.200  11.214  7.115 0.0000000000
71405  -46.818  11.449  7.311 0.0000000000
71406  -47.467  11.621  7.633 0.0000000000
71407  -48.117  11.856  8.072 0.0000000000
71409  -45.932  11.180  6.407 0.0000000000
71410  -46.656  11.745  6.626 0.0000000000
71411  -47.144  11.928  7.053 0.0000000000
71416  -45.856  11.145  5.456 0.0000000000
71417  -46.382  11.722  5.863 0.0000000000
71422  -45.776  11.139  4.526 0.0000000000
71423  -46.309  11.790  4.985 0.0000000000
71430  -46.175  11.835  4.021 0.0000000000
71436  -46.044  11.752  3.079 0.0000000000
72128  -51.852  11.514  13.212 0.0000000000
72139  -50.715  11.726  12.203 0.0000000000
72140  -51.422  12.137  12.648 0.0000000000
72150  -49.826  12.009  11.066 0.0000000000
72151  -50.493  12.341  11.526 0.0000000000
72152  -51.310  13.120  11.934 0.0000000000
72165  -49.799  12.554  10.368 0.0000000000
72166  -50.487  13.176  10.684 0.0000000000
72181  -48.683  12.071  8.953 0.0000000000
72182  -49.224  12.492  9.217 0.0000000000
72187  -48.748  12.441  8.328 0.0000000000
72188  -49.264  12.800  8.562 0.0000000000
72190  -47.505  12.157  7.143 0.0000000000
72191  -48.092  12.458  7.358 0.0000000000
72193  -46.762  12.109  6.135 0.0000000000
72194  -47.345  12.532  6.446 0.0000000000
72195  -47.963  12.865  6.799 0.0000000000
72199  -46.740  12.331  5.570 0.0000000000
72200  -47.134  12.949  5.383 0.0000000000
72204  -46.720  12.692  4.553 0.0000000000
72205  -47.090  13.147  4.852 0.0000000000
72210  -46.416  12.609  3.457 0.0000000000
72215  -46.347  12.500  2.534 0.0000000000
72218  -46.648  12.480  1.630 0.0000000000
72219  -47.172  12.840  1.131 0.0000000000
72222  -47.005  12.229  0.978 0.0000000000
72223  -47.688  12.569  0.603 0.0000000000
72224  -48.580  12.599  0.118 0.0000000000
72961  -51.074  13.493  11.171 0.0000000000
72976  -50.287  13.390  10.033 0.0000000000
72977  -50.951  13.994  10.272 0.0000000000
72996  -49.903  13.241  9.428 0.0000000000
72997  -50.433  13.823  9.413 0.0000000000
73007  -49.268  13.004  8.185 0.0000000000
73008  -49.679  13.331  8.601 0.0000000000
73009  -50.127  13.636  8.949 0.0000000000
73011  -48.924  13.165  7.616 0.0000000000
73012  -49.457  13.449  7.974 0.0000000000
73014  -47.938  13.297  6.453 0.0000000000
73015  -48.381  13.241  6.976 0.0000000000
73017  -47.524  13.385  5.880 0.0000000000
73021  -47.095  13.349  4.472 0.0000000000
73022  -47.329  13.634  5.040 0.0000000000
73026  -46.917  13.450  3.723 0.0000000000
73027  -47.318  13.873  4.246 0.0000000000
73032  -46.579  13.313  2.925 0.0000000000
73034  -46.681  13.285  2.167 0.0000000000
73035  -47.036  13.404  1.522 0.0000000000
73038  -47.542  13.506  0.935 0.0000000000
73039  -48.241  13.485  0.406 0.0000000000
73769  -50.925  14.463  9.471 0.0000000000
73786  -49.776  13.749  8.105 0.0000000000
73787  -50.330  14.228  8.496 0.0000000000
73788  -51.156  15.058  9.020 0.0000000000
73799  -48.773  13.668  7.184 0.0000000000
73800  -49.422  14.121  7.492 0.0000000000
73801  -50.108  14.897  7.684 0.0000000000
73805  -47.852  13.743  6.175 0.0000000000
73806  -48.405  14.144  6.543 0.0000000000
73807  -49.057  14.918  6.817 0.0000000000
73813  -47.707  14.107  5.706 0.0000000000
73814  -48.071  14.936  5.630 0.0000000000
73820  -47.704  14.517  4.694 0.0000000000
73821  -48.207  15.255  4.816 0.0000000000
73823  -46.874  13.834  3.146 0.0000000000
73824  -47.432  14.480  3.362 0.0000000000
73827  -46.860  13.956  2.604 0.0000000000
73828  -47.246  14.610  2.204 0.0000000000
73830  -46.918  13.960  1.928 0.0000000000
73831  -47.392  14.312  1.382 0.0000000000
73834  -47.947  14.345  0.725 0.0000000000
73835  -48.750  14.396  0.163 0.0000000000
74556  -50.673  15.489  8.263 0.0000000000
74575  -49.615  15.125  7.167 0.0000000000
74576  -50.124  15.815  7.268 0.0000000000
74591  -48.606  15.226  6.257 0.0000000000
74592  -49.406  15.859  6.403 0.0000000000
74593  -49.937  16.180  6.700 0.0000000000
74609  -48.764  15.765  5.368 0.0000000000
74610  -49.270  16.202  5.668 0.0000000000
74625  -48.037  15.244  4.046 0.0000000000
74626  -48.539  15.760  4.357 0.0000000000
74637  -48.111  15.614  3.258 0.0000000000
74638  -48.367  15.742  3.811 0.0000000000
74647  -47.753  15.289  2.492 0.0000000000
74654  -47.818  15.279  1.592 0.0000000000
74655  -48.309  15.620  1.319 0.0000000000
74658  -47.793  14.864  1.061 0.0000000000
74659  -48.419  15.294  0.829 0.0000000000
75321  -51.119  16.193  8.482 0.0000000000
75331  -50.851  16.612  7.786 0.0000000000
75341  -49.892  16.444  6.361 0.0000000000
75342  -50.324  16.625  6.782 0.0000000000
75352  -49.285  16.318  5.179 0.0000000000
75353  -49.796  16.698  5.667 0.0000000000
75354  -50.115  16.791  6.228 0.0000000000
75365  -49.027  16.253  4.552 0.0000000000
75366  -49.529  16.726  4.696 0.0000000000
75378  -48.407  16.143  2.993 0.0000000000
75379  -48.798  16.326  3.609 0.0000000000
75380  -49.270  16.631  4.151 0.0000000000
75390  -48.211  15.904  2.514 0.0000000000
75391  -48.796  16.474  2.586 0.0000000000
75392  -49.257  16.718  2.383 0.0000000000
75404  -47.992  15.677  2.066 0.0000000000
75405  -48.483  16.019  1.727 0.0000000000
75406  -49.204  16.644  1.925 0.0000000000
75415  -48.621  15.825  1.170 0.0000000000
76104  -50.888  17.226  7.053 0.0000000000
76114  -50.247  17.222  5.479 0.0000000000
76115  -50.582  17.336  6.091 0.0000000000
76123  -50.107  17.256  4.891 0.0000000000
76124  -50.624  17.603  5.296 0.0000000000
76132  -49.246  16.803  3.014 0.0000000000
76133  -49.780  17.219  3.787 0.0000000000
76141  -49.266  16.751  2.622 0.0000000000
76870  -50.930  17.789  5.652 0.0000000000
