#!ascii label  , from subject FREESURFER vox2ras=TkReg 
1460
37458  -40.600  -25.043  5.503 0.0000000000
38230  -40.581  -24.135  6.323 0.0000000000
38234  -39.690  -24.294  5.308 0.0000000000
38235  -40.372  -24.666  5.662 0.0000000000
38236  -40.793  -24.634  6.127 0.0000000000
38242  -39.961  -24.787  5.163 0.0000000000
38966  -40.779  -22.867  7.118 0.0000000000
38971  -39.673  -23.010  6.073 0.0000000000
38972  -40.349  -23.326  6.530 0.0000000000
38973  -40.945  -23.733  6.927 0.0000000000
38978  -38.703  -23.171  5.152 0.0000000000
38979  -39.346  -23.535  5.505 0.0000000000
38980  -39.977  -23.855  5.930 0.0000000000
38985  -37.917  -23.071  4.395 0.0000000000
38986  -38.348  -23.543  4.427 0.0000000000
38987  -39.050  -23.974  4.875 0.0000000000
38992  -37.689  -23.319  3.795 0.0000000000
39782  -40.689  -22.254  7.214 0.0000000000
39783  -41.187  -22.272  7.705 0.0000000000
39787  -38.842  -21.898  5.773 0.0000000000
39788  -39.246  -22.147  5.989 0.0000000000
39789  -40.148  -22.283  6.693 0.0000000000
39794  -38.034  -22.260  4.882 0.0000000000
39795  -38.515  -22.178  5.413 0.0000000000
39796  -39.075  -22.820  5.647 0.0000000000
39801  -37.676  -22.486  4.387 0.0000000000
39802  -38.186  -22.791  4.790 0.0000000000
39804  -36.768  -22.223  3.215 0.0000000000
39805  -37.150  -22.516  3.580 0.0000000000
40568  -40.973  -21.034  7.839 0.0000000000
40581  -39.867  -21.120  7.074 0.0000000000
40582  -40.549  -21.592  7.351 0.0000000000
40583  -41.103  -21.597  7.785 0.0000000000
40590  -38.759  -21.405  5.921 0.0000000000
40591  -39.564  -21.536  6.541 0.0000000000
40592  -40.046  -21.618  6.917 0.0000000000
40597  -37.818  -21.577  4.849 0.0000000000
40598  -38.263  -21.468  5.379 0.0000000000
40601  -36.955  -21.250  3.766 0.0000000000
40602  -37.271  -21.746  4.113 0.0000000000
40605  -36.562  -21.580  3.172 0.0000000000
40606  -36.915  -21.872  3.598 0.0000000000
40610  -35.949  -21.225  2.228 0.0000000000
40611  -36.236  -21.612  2.552 0.0000000000
41306  -46.927  -19.959  16.443 0.0000000000
41327  -46.962  -19.822  16.119 0.0000000000
41328  -47.300  -19.804  16.108 0.0000000000
41329  -47.992  -19.704  16.082 0.0000000000
41394  -40.907  -20.484  7.823 0.0000000000
41395  -41.408  -20.486  8.143 0.0000000000
41412  -39.817  -20.647  7.030 0.0000000000
41413  -40.339  -20.563  7.441 0.0000000000
41423  -38.750  -20.610  5.934 0.0000000000
41424  -39.339  -20.701  6.538 0.0000000000
41427  -37.709  -21.004  4.801 0.0000000000
41428  -38.094  -20.743  5.159 0.0000000000
41431  -37.027  -20.890  3.827 0.0000000000
41432  -37.378  -20.743  4.201 0.0000000000
41433  -37.829  -20.333  4.545 0.0000000000
41437  -36.799  -20.691  3.417 0.0000000000
41438  -37.115  -20.327  3.567 0.0000000000
41442  -35.879  -20.448  2.081 0.0000000000
41443  -36.244  -20.884  2.718 0.0000000000
42200  -45.598  -19.068  15.566 0.0000000000
42201  -46.698  -19.580  15.886 0.0000000000
42202  -47.712  -19.361  15.651 0.0000000000
42203  -48.635  -18.979  15.735 0.0000000000
42220  -46.050  -18.793  14.827 0.0000000000
42221  -46.625  -18.895  14.974 0.0000000000
42222  -47.510  -18.826  15.202 0.0000000000
42223  -48.091  -18.806  15.398 0.0000000000
42274  -40.929  -19.911  7.770 0.0000000000
42275  -41.868  -19.508  8.117 0.0000000000
42276  -42.897  -19.387  8.564 0.0000000000
42289  -55.606  -20.465  7.862 0.0000000000
42290  -56.462  -20.619  7.590 0.0000000000
42298  -39.814  -20.254  6.909 0.0000000000
42299  -40.315  -19.629  6.980 0.0000000000
42300  -41.220  -19.122  7.390 0.0000000000
42301  -57.266  -20.709  7.340 0.0000000000
42302  -58.243  -20.622  6.937 0.0000000000
42303  -59.426  -20.468  6.601 0.0000000000
42304  -60.476  -20.332  6.648 0.0000000000
42305  -61.597  -20.004  6.788 0.0000000000
42306  -62.717  -19.470  6.595 0.0000000000
42309  -39.047  -20.297  6.135 0.0000000000
42310  -39.456  -19.914  6.268 0.0000000000
42311  -40.079  -19.288  5.938 0.0000000000
42312  -59.956  -19.896  6.131 0.0000000000
42313  -60.796  -19.826  5.668 0.0000000000
42314  -62.066  -19.490  5.395 0.0000000000
42315  -62.993  -19.221  5.625 0.0000000000
42319  -38.745  -20.094  5.610 0.0000000000
42320  -39.262  -19.596  5.214 0.0000000000
42321  -40.022  -19.214  4.801 0.0000000000
42322  -62.532  -19.117  4.913 0.0000000000
42323  -62.817  -18.844  5.114 0.0000000000
42328  -37.700  -20.135  4.169 0.0000000000
42329  -38.262  -19.843  4.424 0.0000000000
42330  -39.182  -19.299  3.820 0.0000000000
42331  -40.062  -19.114  3.774 0.0000000000
42336  -36.918  -20.126  3.240 0.0000000000
42337  -37.406  -19.727  3.330 0.0000000000
42338  -38.247  -19.110  3.085 0.0000000000
42339  -38.927  -18.783  2.660 0.0000000000
42343  -36.041  -19.958  2.133 0.0000000000
42344  -36.490  -19.774  2.512 0.0000000000
42345  -37.088  -18.961  2.403 0.0000000000
42349  -35.906  -19.635  1.703 0.0000000000
42350  -36.335  -18.946  1.798 0.0000000000
43113  -44.964  -18.733  15.201 0.0000000000
43114  -48.805  -18.473  15.417 0.0000000000
43115  -49.249  -18.462  15.482 0.0000000000
43133  -45.586  -18.518  14.581 0.0000000000
43134  -46.462  -18.331  14.457 0.0000000000
43135  -47.380  -18.000  14.583 0.0000000000
43136  -48.522  -18.076  15.020 0.0000000000
43137  -49.720  -18.170  14.827 0.0000000000
43146  -45.355  -17.959  13.960 0.0000000000
43147  -46.173  -17.887  13.936 0.0000000000
43148  -46.941  -17.608  14.162 0.0000000000
43149  -47.360  -17.453  14.278 0.0000000000
43150  -49.249  -17.702  14.249 0.0000000000
43151  -50.083  -18.291  13.521 0.0000000000
43160  -50.345  -18.108  12.282 0.0000000000
43161  -51.169  -18.468  12.541 0.0000000000
43175  -50.546  -17.909  11.708 0.0000000000
43176  -51.105  -18.135  11.749 0.0000000000
43177  -52.041  -18.237  11.841 0.0000000000
43195  -42.025  -18.767  7.526 0.0000000000
43196  -42.749  -18.692  7.920 0.0000000000
43197  -43.661  -18.623  8.223 0.0000000000
43198  -44.569  -18.550  8.353 0.0000000000
43199  -45.648  -18.250  8.264 0.0000000000
43200  -46.725  -18.330  8.503 0.0000000000
43201  -47.741  -18.381  8.608 0.0000000000
43202  -48.758  -18.478  8.633 0.0000000000
43203  -49.778  -18.632  8.607 0.0000000000
43207  -54.022  -19.535  8.175 0.0000000000
43208  -55.086  -19.503  8.022 0.0000000000
43209  -56.100  -19.383  7.720 0.0000000000
43210  -56.760  -19.981  7.503 0.0000000000
43215  -40.887  -18.866  6.485 0.0000000000
43216  -41.794  -18.555  6.787 0.0000000000
43217  -42.801  -18.263  6.971 0.0000000000
43218  -43.668  -18.176  7.434 0.0000000000
43219  -44.499  -18.141  7.743 0.0000000000
43220  -45.045  -18.148  7.966 0.0000000000
43221  -56.536  -18.607  7.534 0.0000000000
43222  -57.294  -19.332  7.291 0.0000000000
43223  -58.628  -19.264  6.513 0.0000000000
43224  -59.432  -19.678  6.229 0.0000000000
43225  -63.218  -18.942  6.689 0.0000000000
43228  -40.791  -18.815  5.409 0.0000000000
43229  -41.652  -18.502  5.805 0.0000000000
43230  -42.545  -18.246  6.034 0.0000000000
43231  -58.972  -18.521  5.924 0.0000000000
43232  -59.751  -19.104  5.537 0.0000000000
43233  -61.074  -18.981  4.565 0.0000000000
43234  -62.029  -19.103  4.693 0.0000000000
43235  -62.982  -18.695  5.890 0.0000000000
43240  -40.783  -18.898  4.265 0.0000000000
43241  -41.632  -18.584  4.690 0.0000000000
43242  -42.529  -18.317  4.986 0.0000000000
43243  -61.316  -18.228  4.445 0.0000000000
43244  -62.100  -18.558  4.677 0.0000000000
43245  -62.588  -18.492  5.295 0.0000000000
43251  -39.726  -18.861  2.802 0.0000000000
43252  -40.676  -18.922  3.117 0.0000000000
43253  -41.610  -18.728  3.528 0.0000000000
43254  -42.558  -18.494  3.839 0.0000000000
43259  -37.613  -18.541  2.474 0.0000000000
43260  -38.444  -18.321  2.244 0.0000000000
43261  -39.386  -18.245  1.773 0.0000000000
43262  -40.419  -18.560  2.073 0.0000000000
43263  -41.461  -18.646  2.463 0.0000000000
43264  -42.462  -18.595  2.763 0.0000000000
43270  -36.335  -17.930  1.764 0.0000000000
43271  -36.680  -18.458  2.045 0.0000000000
43272  -37.114  -18.286  2.244 0.0000000000
43273  -39.700  -17.835  1.316 0.0000000000
43274  -40.007  -18.140  1.369 0.0000000000
43275  -41.250  -18.249  1.609 0.0000000000
43276  -42.179  -18.441  2.025 0.0000000000
43283  -35.956  -18.420  1.336 0.0000000000
43284  -36.351  -18.415  1.707 0.0000000000
43285  -40.306  -17.687  1.209 0.0000000000
43286  -40.737  -17.797  1.275 0.0000000000
44120  -47.594  -17.394  14.343 0.0000000000
44121  -47.945  -17.401  14.439 0.0000000000
44129  -44.629  -17.504  13.698 0.0000000000
44130  -45.819  -17.226  13.428 0.0000000000
44131  -46.721  -17.116  13.737 0.0000000000
44132  -47.554  -16.944  13.950 0.0000000000
44133  -48.585  -17.055  14.054 0.0000000000
44134  -49.210  -17.560  13.511 0.0000000000
44139  -45.204  -16.961  13.131 0.0000000000
44140  -45.662  -16.774  13.147 0.0000000000
44141  -48.104  -16.684  13.361 0.0000000000
44142  -48.729  -17.184  12.682 0.0000000000
44143  -49.581  -17.819  12.717 0.0000000000
44151  -48.962  -16.992  11.290 0.0000000000
44152  -49.893  -17.609  11.609 0.0000000000
44153  -50.940  -17.736  11.218 0.0000000000
44154  -51.860  -17.761  11.238 0.0000000000
44155  -52.837  -17.667  11.383 0.0000000000
44164  -49.214  -16.695  10.623 0.0000000000
44165  -49.807  -17.035  10.670 0.0000000000
44166  -50.732  -17.245  10.674 0.0000000000
44167  -51.705  -17.243  10.714 0.0000000000
44168  -52.670  -17.202  10.810 0.0000000000
44188  -46.074  -17.736  7.769 0.0000000000
44189  -46.652  -17.696  7.969 0.0000000000
44190  -47.598  -17.684  8.120 0.0000000000
44191  -48.605  -17.724  8.221 0.0000000000
44192  -49.621  -17.804  8.262 0.0000000000
44193  -50.636  -17.930  8.256 0.0000000000
44194  -51.655  -18.081  8.208 0.0000000000
44195  -52.689  -18.228  8.148 0.0000000000
44196  -53.742  -18.397  8.117 0.0000000000
44197  -54.762  -18.610  8.030 0.0000000000
44198  -55.411  -18.845  7.899 0.0000000000
44203  -43.333  -18.035  6.072 0.0000000000
44204  -43.879  -17.868  6.484 0.0000000000
44205  -44.648  -17.705  6.891 0.0000000000
44206  -45.542  -17.691  7.387 0.0000000000
44207  -46.531  -17.416  7.351 0.0000000000
44208  -47.491  -17.245  7.363 0.0000000000
44209  -48.493  -17.235  7.533 0.0000000000
44210  -49.485  -17.240  7.599 0.0000000000
44211  -50.471  -17.268  7.618 0.0000000000
44212  -51.450  -17.334  7.613 0.0000000000
44213  -52.451  -17.420  7.614 0.0000000000
44214  -53.500  -17.484  7.698 0.0000000000
44215  -54.597  -17.644  7.772 0.0000000000
44216  -55.772  -18.083  7.704 0.0000000000
44217  -57.028  -17.880  7.199 0.0000000000
44218  -57.748  -18.564  6.862 0.0000000000
44219  -62.218  -17.464  7.248 0.0000000000
44220  -62.825  -18.312  6.971 0.0000000000
44225  -43.409  -18.092  5.186 0.0000000000
44226  -44.198  -17.866  5.412 0.0000000000
44227  -44.870  -17.596  5.784 0.0000000000
44228  -45.664  -17.328  6.161 0.0000000000
44229  -46.434  -17.170  6.656 0.0000000000
44230  -47.081  -17.057  6.883 0.0000000000
44231  -57.384  -17.359  6.515 0.0000000000
44232  -58.192  -17.923  6.292 0.0000000000
44233  -59.360  -17.855  5.283 0.0000000000
44234  -60.153  -18.452  4.830 0.0000000000
44235  -61.739  -17.519  6.093 0.0000000000
44236  -62.457  -18.140  6.085 0.0000000000
44243  -43.503  -18.247  4.088 0.0000000000
44244  -44.422  -18.045  4.324 0.0000000000
44245  -45.252  -17.732  4.559 0.0000000000
44246  -45.590  -17.393  5.191 0.0000000000
44247  -59.708  -17.214  4.827 0.0000000000
44248  -60.482  -17.763  4.613 0.0000000000
44249  -61.411  -17.663  4.907 0.0000000000
44250  -62.198  -17.984  5.235 0.0000000000
44256  -36.233  -17.276  3.842 0.0000000000
44257  -36.941  -17.382  3.737 0.0000000000
44258  -37.784  -17.435  3.431 0.0000000000
44259  -38.612  -17.424  3.037 0.0000000000
44260  -39.098  -17.311  2.728 0.0000000000
44261  -43.467  -18.422  2.981 0.0000000000
44262  -44.427  -18.198  3.298 0.0000000000
44263  -45.263  -18.027  3.674 0.0000000000
44270  -35.861  -17.306  3.163 0.0000000000
44271  -36.511  -17.508  3.171 0.0000000000
44272  -37.155  -17.790  2.705 0.0000000000
44273  -38.056  -17.793  2.530 0.0000000000
44274  -39.002  -17.483  1.996 0.0000000000
44275  -39.548  -17.362  1.495 0.0000000000
44276  -43.094  -18.385  2.089 0.0000000000
44277  -44.163  -18.074  2.265 0.0000000000
44278  -44.992  -17.920  2.973 0.0000000000
44285  -35.106  -16.925  1.965 0.0000000000
44286  -35.553  -17.291  2.086 0.0000000000
44287  -36.424  -17.735  2.417 0.0000000000
44288  -36.883  -17.958  2.224 0.0000000000
44289  -39.516  -17.641  1.455 0.0000000000
44290  -39.971  -17.503  1.273 0.0000000000
44291  -41.358  -17.779  1.398 0.0000000000
44292  -42.277  -17.970  1.595 0.0000000000
44293  -43.279  -17.804  1.733 0.0000000000
44298  -35.163  -16.991  1.446 0.0000000000
44299  -35.548  -17.637  1.003 0.0000000000
44300  -40.548  -17.498  1.234 0.0000000000
44301  -40.987  -17.536  1.295 0.0000000000
45206  -46.052  -16.590  13.146 0.0000000000
45207  -46.620  -16.565  13.355 0.0000000000
45208  -47.100  -16.613  13.562 0.0000000000
45215  -45.585  -16.327  12.836 0.0000000000
45216  -46.483  -16.067  12.982 0.0000000000
45217  -47.423  -16.107  12.970 0.0000000000
45218  -48.102  -16.580  12.810 0.0000000000
45223  -47.671  -15.743  11.663 0.0000000000
45224  -48.126  -16.552  11.972 0.0000000000
45226  -47.803  -15.583  10.931 0.0000000000
45227  -48.517  -16.096  10.545 0.0000000000
45228  -49.647  -16.462  10.113 0.0000000000
45229  -50.600  -16.604  10.130 0.0000000000
45230  -51.563  -16.642  10.226 0.0000000000
45231  -52.533  -16.646  10.313 0.0000000000
45232  -53.518  -16.629  10.407 0.0000000000
45244  -48.880  -15.584  9.761 0.0000000000
45245  -49.481  -15.789  9.674 0.0000000000
45246  -50.440  -15.943  9.650 0.0000000000
45247  -51.410  -16.003  9.737 0.0000000000
45248  -52.389  -16.044  9.828 0.0000000000
45249  -53.378  -16.105  9.866 0.0000000000
45250  -54.397  -16.125  9.942 0.0000000000
45262  -47.695  -16.778  6.787 0.0000000000
45263  -48.415  -16.690  6.971 0.0000000000
45264  -49.374  -16.604  7.071 0.0000000000
45265  -50.357  -16.575  7.067 0.0000000000
45266  -51.301  -16.620  6.991 0.0000000000
45267  -52.224  -16.740  6.890 0.0000000000
45268  -53.229  -16.791  6.936 0.0000000000
45269  -54.331  -16.838  7.105 0.0000000000
45270  -55.469  -17.033  7.261 0.0000000000
45271  -56.226  -17.345  7.282 0.0000000000
45272  -60.619  -16.226  7.196 0.0000000000
45273  -61.443  -16.562  7.434 0.0000000000
45280  -46.069  -17.113  5.305 0.0000000000
45281  -46.523  -16.853  5.843 0.0000000000
45282  -47.284  -16.592  6.300 0.0000000000
45283  -48.252  -16.283  6.422 0.0000000000
45284  -49.227  -16.129  6.511 0.0000000000
45285  -50.250  -16.060  6.484 0.0000000000
45286  -51.191  -16.108  6.315 0.0000000000
45287  -52.035  -16.251  6.082 0.0000000000
45288  -52.940  -16.269  5.994 0.0000000000
45289  -54.002  -16.345  6.091 0.0000000000
45290  -55.185  -16.509  6.254 0.0000000000
45291  -56.579  -16.816  6.466 0.0000000000
45292  -57.830  -16.985  5.886 0.0000000000
45293  -58.551  -17.342  5.575 0.0000000000
45294  -60.084  -16.273  6.399 0.0000000000
45295  -60.820  -16.919  5.918 0.0000000000
45302  -34.878  -15.878  4.983 0.0000000000
45303  -35.215  -16.022  5.043 0.0000000000
45304  -36.077  -16.204  5.176 0.0000000000
45305  -37.105  -16.244  5.194 0.0000000000
45306  -38.118  -16.289  5.075 0.0000000000
45307  -39.114  -16.298  4.797 0.0000000000
45308  -40.085  -16.315  4.408 0.0000000000
45309  -40.862  -16.162  3.904 0.0000000000
45310  -45.890  -17.996  3.922 0.0000000000
45311  -45.920  -17.262  4.474 0.0000000000
45312  -46.458  -16.608  5.124 0.0000000000
45313  -47.154  -16.227  5.563 0.0000000000
45314  -47.998  -15.949  5.829 0.0000000000
45315  -48.985  -15.784  5.933 0.0000000000
45316  -50.044  -15.633  5.998 0.0000000000
45317  -51.131  -15.655  5.816 0.0000000000
45318  -51.843  -15.957  5.436 0.0000000000
45319  -52.652  -16.070  4.975 0.0000000000
45320  -53.643  -16.006  5.045 0.0000000000
45321  -54.758  -16.074  5.158 0.0000000000
45322  -56.001  -16.174  5.256 0.0000000000
45323  -57.356  -16.245  5.137 0.0000000000
45324  -58.802  -16.640  4.915 0.0000000000
45325  -59.979  -16.556  5.018 0.0000000000
45326  -60.685  -17.237  4.969 0.0000000000
45333  -34.827  -16.081  4.629 0.0000000000
45334  -35.507  -16.751  4.239 0.0000000000
45335  -36.535  -16.917  4.562 0.0000000000
45336  -37.493  -16.971  4.459 0.0000000000
45337  -38.435  -17.015  4.157 0.0000000000
45338  -39.325  -17.015  3.609 0.0000000000
45339  -40.179  -16.735  3.212 0.0000000000
45340  -41.033  -16.234  2.838 0.0000000000
45341  -45.597  -17.445  3.519 0.0000000000
45342  -45.794  -16.657  4.173 0.0000000000
45343  -51.760  -15.633  5.283 0.0000000000
45344  -52.253  -15.758  4.816 0.0000000000
45345  -52.735  -15.964  4.242 0.0000000000
45346  -57.991  -16.104  4.397 0.0000000000
45347  -58.520  -15.979  4.110 0.0000000000
45353  -34.714  -16.351  3.698 0.0000000000
45354  -35.189  -16.890  3.038 0.0000000000
45355  -39.505  -17.143  2.594 0.0000000000
45356  -40.021  -16.862  1.892 0.0000000000
45357  -41.340  -16.467  1.848 0.0000000000
45358  -42.367  -16.649  1.685 0.0000000000
45359  -43.485  -17.062  1.909 0.0000000000
45360  -44.613  -17.012  2.753 0.0000000000
45363  -34.273  -15.982  2.065 0.0000000000
45364  -34.650  -16.453  2.342 0.0000000000
45365  -35.123  -16.884  2.507 0.0000000000
45366  -40.666  -17.124  1.362 0.0000000000
45367  -41.540  -17.276  1.419 0.0000000000
45368  -42.762  -17.396  1.593 0.0000000000
45369  -43.245  -17.459  1.685 0.0000000000
45371  -34.287  -15.921  1.628 0.0000000000
45372  -34.701  -16.490  1.116 0.0000000000
45373  -41.095  -17.131  1.295 0.0000000000
45374  -41.160  -17.349  1.330 0.0000000000
46176  -45.013  -15.572  12.241 0.0000000000
46177  -46.173  -15.508  12.561 0.0000000000
46178  -46.815  -15.605  12.750 0.0000000000
46184  -44.158  -14.968  11.797 0.0000000000
46185  -44.965  -14.731  11.756 0.0000000000
46186  -45.857  -14.744  12.072 0.0000000000
46187  -46.970  -15.006  12.198 0.0000000000
46192  -47.396  -15.062  11.203 0.0000000000
46193  -47.831  -15.213  10.441 0.0000000000
46199  -48.380  -15.223  9.830 0.0000000000
46200  -49.279  -14.921  9.345 0.0000000000
46201  -50.255  -15.239  9.217 0.0000000000
46202  -51.215  -15.378  9.179 0.0000000000
46203  -52.207  -15.450  9.269 0.0000000000
46204  -53.199  -15.530  9.346 0.0000000000
46205  -54.208  -15.568  9.401 0.0000000000
46206  -55.292  -15.504  9.530 0.0000000000
46213  -49.680  -14.365  9.135 0.0000000000
46214  -50.143  -14.529  8.970 0.0000000000
46215  -50.969  -14.701  8.648 0.0000000000
46216  -51.969  -14.876  8.558 0.0000000000
46217  -52.985  -14.977  8.731 0.0000000000
46218  -53.968  -15.026  8.854 0.0000000000
46219  -54.986  -14.934  8.954 0.0000000000
46220  -56.118  -14.734  9.116 0.0000000000
46221  -57.283  -14.520  9.202 0.0000000000
46222  -61.296  -14.602  8.406 0.0000000000
46223  -61.941  -15.308  8.319 0.0000000000
46230  -59.167  -14.765  6.977 0.0000000000
46231  -60.191  -15.207  7.598 0.0000000000
46232  -61.192  -15.489  7.852 0.0000000000
46240  -39.321  -14.701  5.893 0.0000000000
46241  -39.798  -14.700  5.789 0.0000000000
46242  -58.942  -15.288  5.646 0.0000000000
46243  -59.506  -15.785  6.136 0.0000000000
46250  -34.709  -15.396  5.050 0.0000000000
46251  -35.661  -15.313  5.375 0.0000000000
46252  -36.710  -15.303  5.478 0.0000000000
46253  -37.756  -15.371  5.564 0.0000000000
46254  -38.759  -15.453  5.533 0.0000000000
46255  -39.846  -15.338  5.407 0.0000000000
46256  -40.921  -15.656  4.898 0.0000000000
46257  -41.871  -15.491  3.930 0.0000000000
46258  -42.936  -14.920  3.996 0.0000000000
46259  -43.403  -14.693  4.095 0.0000000000
46260  -46.331  -16.304  4.644 0.0000000000
46261  -47.020  -15.897  4.966 0.0000000000
46262  -47.778  -15.606  5.234 0.0000000000
46263  -48.694  -15.535  5.308 0.0000000000
46264  -49.714  -15.447  5.425 0.0000000000
46265  -50.777  -15.342  5.521 0.0000000000
46266  -51.418  -15.425  5.427 0.0000000000
46267  -53.409  -16.067  4.159 0.0000000000
46268  -54.352  -15.938  4.254 0.0000000000
46269  -55.511  -15.767  4.226 0.0000000000
46270  -56.716  -15.746  4.323 0.0000000000
46271  -57.439  -15.904  4.394 0.0000000000
46272  -59.181  -15.750  4.461 0.0000000000
46273  -59.487  -15.880  5.179 0.0000000000
46278  -33.842  -15.112  3.847 0.0000000000
46279  -34.322  -15.684  4.261 0.0000000000
46280  -41.964  -15.800  2.540 0.0000000000
46281  -42.847  -15.306  2.971 0.0000000000
46282  -43.863  -15.092  3.487 0.0000000000
46283  -44.964  -15.985  3.798 0.0000000000
46284  -45.883  -15.625  4.428 0.0000000000
46285  -46.711  -15.320  4.635 0.0000000000
46286  -47.513  -15.101  4.783 0.0000000000
46287  -48.371  -15.026  4.871 0.0000000000
46288  -49.336  -15.066  4.936 0.0000000000
46289  -50.403  -15.079  5.129 0.0000000000
46290  -51.608  -15.333  5.036 0.0000000000
46291  -52.547  -15.585  4.440 0.0000000000
46292  -53.240  -15.697  3.913 0.0000000000
46293  -54.112  -15.672  3.741 0.0000000000
46294  -55.085  -15.623  3.538 0.0000000000
46295  -56.361  -15.617  3.145 0.0000000000
46296  -57.646  -15.751  3.664 0.0000000000
46297  -58.557  -15.566  3.528 0.0000000000
46300  -33.922  -15.176  3.017 0.0000000000
46301  -34.234  -15.790  3.353 0.0000000000
46302  -42.103  -16.116  1.975 0.0000000000
46303  -42.793  -16.011  2.124 0.0000000000
46304  -43.770  -16.003  2.557 0.0000000000
46305  -44.444  -15.978  3.001 0.0000000000
46306  -56.797  -15.770  2.384 0.0000000000
46307  -57.407  -15.767  2.650 0.0000000000
46308  -58.026  -15.591  3.036 0.0000000000
46310  -34.098  -15.422  2.182 0.0000000000
46311  -34.188  -15.745  2.745 0.0000000000
46313  -34.037  -15.138  1.272 0.0000000000
47035  -44.394  -14.144  11.456 0.0000000000
47036  -45.355  -14.057  11.537 0.0000000000
47037  -46.432  -14.069  11.498 0.0000000000
47038  -47.049  -14.550  11.410 0.0000000000
47044  -46.617  -13.546  11.026 0.0000000000
47045  -47.321  -14.183  10.541 0.0000000000
47046  -47.869  -14.786  9.986 0.0000000000
47051  -47.739  -13.758  9.896 0.0000000000
47052  -48.296  -14.234  9.613 0.0000000000
47053  -49.286  -14.027  9.235 0.0000000000
47054  -59.523  -13.967  9.183 0.0000000000
47055  -60.648  -13.820  9.088 0.0000000000
47056  -61.307  -13.984  8.793 0.0000000000
47059  -49.953  -13.909  8.947 0.0000000000
47060  -50.646  -13.927  8.516 0.0000000000
47061  -51.695  -13.888  8.002 0.0000000000
47062  -52.765  -14.330  8.088 0.0000000000
47063  -53.730  -14.450  8.313 0.0000000000
47064  -54.632  -14.416  8.497 0.0000000000
47065  -55.654  -14.045  8.511 0.0000000000
47066  -56.925  -13.864  8.737 0.0000000000
47067  -58.351  -13.712  8.795 0.0000000000
47068  -59.550  -13.438  8.441 0.0000000000
47069  -60.600  -14.031  8.413 0.0000000000
47082  -52.145  -13.271  7.716 0.0000000000
47083  -52.663  -13.536  7.724 0.0000000000
47084  -53.540  -13.766  7.824 0.0000000000
47085  -54.422  -13.896  8.072 0.0000000000
47086  -54.994  -13.952  8.304 0.0000000000
47087  -59.051  -13.598  7.541 0.0000000000
47088  -59.773  -14.098  7.874 0.0000000000
47096  -38.395  -13.716  5.961 0.0000000000
47097  -39.132  -13.922  6.185 0.0000000000
47098  -40.050  -14.169  6.116 0.0000000000
47099  -40.926  -13.922  6.031 0.0000000000
47100  -41.571  -14.097  5.629 0.0000000000
47101  -42.053  -14.264  5.285 0.0000000000
47102  -58.108  -13.351  6.149 0.0000000000
47103  -58.474  -14.148  6.326 0.0000000000
47109  -34.153  -14.265  5.089 0.0000000000
47110  -35.169  -14.415  5.521 0.0000000000
47111  -36.268  -14.356  5.629 0.0000000000
47112  -37.486  -14.264  5.730 0.0000000000
47113  -38.456  -14.575  5.874 0.0000000000
47114  -40.075  -14.693  5.727 0.0000000000
47115  -40.701  -14.665  5.577 0.0000000000
47116  -41.678  -14.921  5.194 0.0000000000
47117  -42.524  -14.616  4.897 0.0000000000
47118  -43.147  -14.397  4.552 0.0000000000
47119  -58.258  -13.788  5.541 0.0000000000
47120  -58.659  -14.585  4.905 0.0000000000
47123  -34.027  -15.004  4.585 0.0000000000
47124  -43.707  -14.410  4.307 0.0000000000
47125  -44.413  -14.664  4.191 0.0000000000
47126  -45.280  -14.687  4.390 0.0000000000
47127  -46.188  -14.474  4.587 0.0000000000
47128  -47.086  -14.313  4.704 0.0000000000
47129  -47.985  -14.246  4.680 0.0000000000
47130  -48.920  -14.264  4.787 0.0000000000
47131  -49.937  -14.385  4.846 0.0000000000
47132  -51.031  -14.571  4.892 0.0000000000
47133  -52.085  -14.852  4.638 0.0000000000
47134  -52.966  -15.069  4.130 0.0000000000
47135  -53.917  -15.141  3.656 0.0000000000
47136  -54.800  -15.359  3.371 0.0000000000
47137  -55.551  -15.468  3.001 0.0000000000
47138  -59.119  -15.006  3.644 0.0000000000
47139  -59.461  -14.923  2.795 0.0000000000
47143  -54.691  -14.881  3.334 0.0000000000
47144  -55.286  -15.066  2.935 0.0000000000
47145  -56.234  -15.403  2.364 0.0000000000
47146  -57.244  -15.826  1.985 0.0000000000
47147  -58.506  -15.386  2.504 0.0000000000
47148  -59.947  -15.333  1.929 0.0000000000
47149  -60.803  -15.423  1.118 0.0000000000
47152  -56.902  -15.276  1.837 0.0000000000
47153  -57.790  -15.210  1.948 0.0000000000
47154  -58.989  -15.167  1.575 0.0000000000
47155  -60.030  -15.433  0.954 0.0000000000
47156  -60.741  -15.343  0.310 0.0000000000
47159  -59.367  -15.113  0.893 0.0000000000
47160  -59.893  -15.143  0.250 0.0000000000
47161  -60.457  -15.004  -0.211 0.0000000000
47164  -60.025  -14.867  -0.195 0.0000000000
47165  -60.266  -14.742  -0.270 0.0000000000
47822  -43.719  -13.395  11.328 0.0000000000
47823  -44.694  -13.221  11.179 0.0000000000
47824  -45.690  -13.415  11.288 0.0000000000
47825  -46.227  -13.487  11.242 0.0000000000
47832  -44.757  -12.726  11.019 0.0000000000
47833  -45.230  -12.788  11.015 0.0000000000
47834  -46.098  -12.934  11.023 0.0000000000
47835  -46.871  -13.069  10.662 0.0000000000
47838  -47.487  -13.192  10.148 0.0000000000
47839  -48.107  -13.262  9.703 0.0000000000
47840  -48.871  -13.319  9.417 0.0000000000
47848  -49.626  -13.271  9.121 0.0000000000
47849  -50.267  -13.217  8.713 0.0000000000
47850  -50.956  -13.099  8.231 0.0000000000
47851  -55.806  -13.488  8.300 0.0000000000
47852  -56.413  -13.212  8.381 0.0000000000
47853  -57.604  -12.868  8.465 0.0000000000
47854  -58.620  -12.635  8.334 0.0000000000
47867  -51.716  -12.771  7.765 0.0000000000
47868  -52.512  -12.793  7.574 0.0000000000
47869  -53.334  -12.943  7.558 0.0000000000
47870  -54.288  -13.117  7.686 0.0000000000
47871  -55.279  -13.373  8.067 0.0000000000
47872  -55.874  -13.214  8.213 0.0000000000
47873  -58.950  -12.506  7.853 0.0000000000
47878  -38.449  -13.236  5.903 0.0000000000
47879  -38.939  -13.035  6.040 0.0000000000
47880  -39.807  -13.200  6.327 0.0000000000
47881  -40.721  -13.284  6.370 0.0000000000
47882  -41.622  -13.360  6.159 0.0000000000
47883  -42.579  -13.594  5.520 0.0000000000
47884  -43.304  -13.212  5.448 0.0000000000
47885  -57.913  -12.568  6.368 0.0000000000
47886  -58.482  -13.012  6.980 0.0000000000
47890  -34.715  -13.460  5.600 0.0000000000
47891  -35.773  -13.431  5.773 0.0000000000
47892  -36.905  -13.318  5.779 0.0000000000
47893  -37.983  -13.185  5.821 0.0000000000
47894  -38.490  -12.970  5.892 0.0000000000
47895  -42.890  -14.031  4.948 0.0000000000
47896  -43.438  -13.710  4.930 0.0000000000
47897  -44.195  -13.330  4.938 0.0000000000
47898  -44.812  -13.067  4.836 0.0000000000
47899  -57.799  -13.064  5.392 0.0000000000
47900  -58.311  -13.691  4.918 0.0000000000
47905  -44.066  -13.917  4.483 0.0000000000
47906  -44.717  -13.825  4.521 0.0000000000
47907  -45.571  -13.469  4.628 0.0000000000
47908  -46.598  -13.406  4.583 0.0000000000
47909  -47.540  -13.353  4.528 0.0000000000
47910  -48.491  -13.348  4.566 0.0000000000
47911  -49.482  -13.430  4.647 0.0000000000
47912  -50.518  -13.603  4.675 0.0000000000
47913  -51.566  -13.831  4.647 0.0000000000
47914  -52.573  -14.078  4.493 0.0000000000
47915  -53.491  -14.232  4.127 0.0000000000
47916  -54.261  -14.306  3.676 0.0000000000
47917  -58.107  -13.118  4.581 0.0000000000
47918  -58.734  -13.820  4.138 0.0000000000
47919  -59.381  -14.111  3.367 0.0000000000
47924  -54.896  -14.301  3.289 0.0000000000
47925  -55.661  -14.360  2.817 0.0000000000
47926  -56.483  -14.582  2.323 0.0000000000
47927  -60.040  -14.257  2.578 0.0000000000
47928  -60.775  -14.483  1.583 0.0000000000
47932  -57.206  -14.558  2.087 0.0000000000
47933  -58.056  -14.428  1.730 0.0000000000
47934  -58.786  -14.723  1.242 0.0000000000
47935  -61.332  -14.679  0.606 0.0000000000
47939  -58.396  -14.083  1.377 0.0000000000
47940  -59.042  -14.345  0.768 0.0000000000
47941  -59.648  -14.413  0.124 0.0000000000
47942  -61.135  -14.598  -0.235 0.0000000000
47946  -60.017  -14.368  -0.209 0.0000000000
47947  -60.544  -14.339  -0.334 0.0000000000
48568  -43.938  -12.452  11.092 0.0000000000
48569  -44.496  -12.660  11.028 0.0000000000
48575  -44.130  -11.955  10.929 0.0000000000
48576  -44.639  -12.226  10.863 0.0000000000
48577  -45.495  -12.185  10.738 0.0000000000
48578  -46.339  -12.231  10.622 0.0000000000
48579  -47.125  -12.330  10.350 0.0000000000
48581  -47.801  -12.440  9.910 0.0000000000
48582  -48.534  -12.501  9.587 0.0000000000
48583  -49.292  -12.512  9.302 0.0000000000
48593  -49.922  -12.544  8.936 0.0000000000
48594  -50.452  -12.459  8.548 0.0000000000
48595  -51.026  -12.210  8.105 0.0000000000
48596  -56.898  -12.235  8.261 0.0000000000
48597  -57.934  -11.853  8.167 0.0000000000
48598  -58.632  -12.105  8.131 0.0000000000
48609  -51.553  -11.940  7.718 0.0000000000
48610  -52.193  -12.040  7.494 0.0000000000
48611  -53.020  -12.114  7.373 0.0000000000
48612  -53.981  -12.220  7.328 0.0000000000
48613  -55.140  -12.288  7.585 0.0000000000
48614  -55.982  -12.687  8.075 0.0000000000
48615  -57.815  -11.549  7.467 0.0000000000
48616  -58.467  -11.924  7.855 0.0000000000
48618  -34.918  -11.946  5.968 0.0000000000
48619  -35.638  -11.889  6.061 0.0000000000
48620  -36.096  -11.699  6.079 0.0000000000
48621  -39.071  -12.481  6.011 0.0000000000
48622  -39.616  -12.286  6.115 0.0000000000
48623  -40.497  -12.421  6.344 0.0000000000
48624  -41.415  -12.486  6.400 0.0000000000
48625  -42.419  -12.581  6.251 0.0000000000
48626  -43.439  -12.575  5.880 0.0000000000
48627  -43.992  -12.172  6.008 0.0000000000
48628  -57.660  -11.713  6.627 0.0000000000
48629  -58.291  -12.147  7.257 0.0000000000
48633  -34.393  -12.577  5.695 0.0000000000
48634  -35.292  -12.620  5.882 0.0000000000
48635  -36.385  -12.268  5.945 0.0000000000
48636  -37.582  -12.351  5.851 0.0000000000
48637  -38.604  -12.406  5.900 0.0000000000
48638  -39.152  -12.180  5.978 0.0000000000
48639  -43.761  -13.055  5.369 0.0000000000
48640  -44.369  -12.481  5.485 0.0000000000
48641  -45.257  -12.407  4.891 0.0000000000
48642  -57.370  -12.077  5.634 0.0000000000
48646  -46.141  -12.443  4.565 0.0000000000
48647  -47.074  -12.429  4.410 0.0000000000
48648  -48.028  -12.371  4.393 0.0000000000
48649  -49.029  -12.398  4.439 0.0000000000
48650  -50.058  -12.556  4.503 0.0000000000
48651  -51.090  -12.748  4.543 0.0000000000
48652  -52.105  -12.982  4.514 0.0000000000
48653  -53.043  -13.196  4.387 0.0000000000
48654  -53.941  -13.167  3.996 0.0000000000
48655  -54.497  -13.734  3.591 0.0000000000
48656  -57.518  -12.360  4.657 0.0000000000
48657  -58.367  -12.606  3.838 0.0000000000
48658  -59.009  -13.378  3.659 0.0000000000
48662  -54.194  -12.448  3.797 0.0000000000
48663  -54.896  -13.112  3.433 0.0000000000
48664  -56.139  -13.171  2.838 0.0000000000
48665  -56.812  -13.915  2.458 0.0000000000
48666  -58.800  -12.129  3.362 0.0000000000
48667  -59.468  -12.893  3.155 0.0000000000
48668  -60.545  -13.145  2.208 0.0000000000
48672  -56.438  -12.435  2.664 0.0000000000
48673  -57.199  -13.065  2.233 0.0000000000
48674  -57.930  -13.671  1.688 0.0000000000
48675  -61.407  -13.164  0.992 0.0000000000
48676  -61.843  -12.452  0.592 0.0000000000
48680  -57.400  -12.263  1.845 0.0000000000
48681  -58.107  -13.009  1.399 0.0000000000
48682  -59.258  -13.260  0.577 0.0000000000
48683  -59.701  -13.916  0.023 0.0000000000
48684  -61.750  -13.683  -0.104 0.0000000000
48685  -62.157  -12.740  0.103 0.0000000000
48690  -59.543  -12.904  0.356 0.0000000000
48691  -60.011  -13.332  -0.071 0.0000000000
48692  -61.220  -13.308  -0.817 0.0000000000
48693  -62.237  -12.734  -0.905 0.0000000000
48699  -61.894  -12.562  -1.462 0.0000000000
48700  -62.273  -12.275  -1.488 0.0000000000
49389  -43.227  -11.782  11.439 0.0000000000
49390  -43.772  -11.615  11.112 0.0000000000
49395  -44.261  -11.499  10.862 0.0000000000
49396  -44.928  -11.439  10.660 0.0000000000
49397  -45.763  -11.411  10.535 0.0000000000
49398  -46.627  -11.451  10.388 0.0000000000
49399  -47.440  -11.593  10.139 0.0000000000
49401  -48.156  -11.711  9.796 0.0000000000
49402  -48.927  -11.707  9.555 0.0000000000
49403  -49.783  -11.674  9.217 0.0000000000
49404  -50.146  -11.221  9.128 0.0000000000
49416  -50.132  -12.062  8.803 0.0000000000
49417  -50.464  -11.561  8.662 0.0000000000
49418  -51.154  -11.370  8.069 0.0000000000
49419  -56.971  -11.371  7.942 0.0000000000
49420  -57.356  -11.286  7.708 0.0000000000
49429  -51.819  -11.267  7.651 0.0000000000
49430  -52.613  -11.276  7.444 0.0000000000
49431  -53.508  -11.305  7.304 0.0000000000
49432  -54.519  -11.326  7.351 0.0000000000
49433  -55.452  -11.278  7.581 0.0000000000
49434  -56.166  -11.739  7.882 0.0000000000
49435  -57.330  -10.999  7.357 0.0000000000
49437  -34.746  -11.312  5.950 0.0000000000
49438  -35.270  -11.395  6.096 0.0000000000
49439  -35.858  -11.289  6.129 0.0000000000
49440  -39.873  -11.702  5.975 0.0000000000
49441  -40.327  -11.735  6.114 0.0000000000
49442  -41.127  -11.540  6.191 0.0000000000
49443  -42.061  -11.696  6.323 0.0000000000
49444  -43.167  -11.604  6.198 0.0000000000
49445  -43.739  -11.988  6.182 0.0000000000
49446  -57.369  -10.945  6.833 0.0000000000
49451  -36.479  -11.288  6.002 0.0000000000
49452  -37.305  -11.411  5.817 0.0000000000
49453  -38.309  -11.475  5.738 0.0000000000
49454  -39.347  -11.554  5.819 0.0000000000
49455  -40.216  -11.255  5.848 0.0000000000
49456  -40.682  -11.298  5.977 0.0000000000
49457  -43.622  -11.048  5.843 0.0000000000
49458  -44.110  -11.525  5.844 0.0000000000
49459  -44.908  -11.548  5.253 0.0000000000
49460  -57.121  -11.117  5.928 0.0000000000
49464  -45.731  -11.475  4.729 0.0000000000
49465  -46.637  -11.491  4.446 0.0000000000
49466  -47.519  -11.490  4.260 0.0000000000
49467  -48.526  -11.224  4.075 0.0000000000
49468  -49.627  -11.525  4.232 0.0000000000
49469  -50.653  -11.684  4.387 0.0000000000
49470  -51.694  -11.900  4.436 0.0000000000
49471  -52.667  -12.233  4.329 0.0000000000
49472  -53.297  -12.564  4.222 0.0000000000
49473  -57.145  -11.328  4.953 0.0000000000
49474  -57.683  -11.445  4.121 0.0000000000
49478  -48.747  -10.544  3.665 0.0000000000
49479  -49.307  -10.700  3.751 0.0000000000
49480  -50.226  -10.811  3.894 0.0000000000
49481  -51.266  -10.939  4.009 0.0000000000
49482  -52.323  -11.266  3.970 0.0000000000
49483  -53.468  -11.825  3.955 0.0000000000
49484  -54.409  -11.824  3.618 0.0000000000
49485  -55.319  -11.898  3.314 0.0000000000
49486  -58.436  -11.416  3.493 0.0000000000
49487  -59.185  -11.588  3.029 0.0000000000
49488  -60.058  -11.872  2.548 0.0000000000
49491  -56.009  -11.913  2.946 0.0000000000
49492  -56.381  -11.693  2.530 0.0000000000
49493  -61.026  -11.943  1.857 0.0000000000
49494  -61.717  -11.888  0.992 0.0000000000
49498  -56.886  -11.572  2.080 0.0000000000
49499  -57.486  -11.521  1.641 0.0000000000
49500  -58.411  -11.796  1.175 0.0000000000
49501  -62.147  -12.012  0.340 0.0000000000
49505  -59.362  -12.055  0.507 0.0000000000
49506  -60.352  -11.935  -0.314 0.0000000000
49507  -61.324  -11.921  -1.183 0.0000000000
49508  -62.435  -11.876  -0.409 0.0000000000
49517  -62.015  -11.792  -1.638 0.0000000000
49518  -62.397  -11.638  -1.285 0.0000000000
50331  -42.881  -10.761  12.114 0.0000000000
50337  -43.375  -10.942  11.558 0.0000000000
50338  -43.825  -10.610  11.295 0.0000000000
50342  -43.880  -11.061  11.084 0.0000000000
50343  -44.344  -10.701  10.864 0.0000000000
50344  -45.183  -10.618  10.592 0.0000000000
50345  -46.044  -10.581  10.463 0.0000000000
50346  -47.038  -10.604  10.275 0.0000000000
50347  -47.891  -10.364  10.135 0.0000000000
50348  -48.637  -10.374  10.108 0.0000000000
50351  -47.798  -11.045  10.017 0.0000000000
50352  -48.457  -11.002  9.868 0.0000000000
50353  -49.286  -10.860  9.778 0.0000000000
50354  -49.978  -10.866  9.527 0.0000000000
50367  -50.375  -10.798  9.132 0.0000000000
50368  -50.814  -10.732  8.619 0.0000000000
50369  -56.757  -11.056  7.754 0.0000000000
50370  -56.971  -11.032  7.715 0.0000000000
50377  -51.378  -10.537  8.047 0.0000000000
50378  -52.132  -10.468  7.615 0.0000000000
50379  -52.972  -10.438  7.411 0.0000000000
50380  -53.916  -10.410  7.318 0.0000000000
50381  -54.976  -10.415  7.427 0.0000000000
50382  -56.263  -10.681  7.616 0.0000000000
50383  -56.950  -10.764  7.487 0.0000000000
50386  -34.965  -10.956  6.040 0.0000000000
50387  -35.497  -10.906  6.086 0.0000000000
50388  -41.297  -11.095  5.982 0.0000000000
50389  -41.693  -11.054  6.040 0.0000000000
50390  -42.454  -11.024  6.075 0.0000000000
50391  -56.498  -10.135  7.227 0.0000000000
50392  -57.011  -10.418  7.070 0.0000000000
50397  -35.267  -10.406  5.837 0.0000000000
50398  -36.100  -10.514  5.916 0.0000000000
50399  -37.046  -10.500  5.742 0.0000000000
50400  -37.995  -10.531  5.580 0.0000000000
50401  -38.996  -10.558  5.534 0.0000000000
50402  -39.997  -10.556  5.574 0.0000000000
50403  -41.063  -10.725  5.724 0.0000000000
50404  -42.125  -10.423  5.662 0.0000000000
50405  -43.119  -10.552  5.650 0.0000000000
50406  -43.974  -10.569  5.391 0.0000000000
50407  -44.540  -10.897  5.295 0.0000000000
50408  -56.526  -9.854  6.783 0.0000000000
50409  -56.776  -10.200  6.262 0.0000000000
50413  -44.466  -10.324  5.023 0.0000000000
50414  -45.147  -10.531  4.847 0.0000000000
50415  -46.211  -10.438  4.426 0.0000000000
50416  -47.052  -10.713  4.137 0.0000000000
50417  -47.733  -10.756  3.930 0.0000000000
50418  -56.982  -10.306  5.304 0.0000000000
50419  -57.443  -10.392  4.524 0.0000000000
50422  -46.751  -10.056  3.915 0.0000000000
50423  -47.343  -10.139  3.654 0.0000000000
50424  -48.186  -10.255  3.532 0.0000000000
50425  -48.953  -10.119  3.357 0.0000000000
50426  -49.783  -10.155  3.403 0.0000000000
50427  -50.758  -10.236  3.454 0.0000000000
50428  -51.902  -10.351  3.441 0.0000000000
50429  -52.913  -10.736  3.533 0.0000000000
50430  -53.822  -10.935  3.465 0.0000000000
50431  -54.638  -11.056  3.297 0.0000000000
50432  -58.067  -10.392  3.797 0.0000000000
50433  -59.012  -10.316  3.103 0.0000000000
50434  -59.678  -10.935  2.678 0.0000000000
50438  -52.670  -10.137  3.240 0.0000000000
50439  -53.350  -10.258  3.202 0.0000000000
50440  -54.188  -10.343  3.041 0.0000000000
50441  -55.370  -10.728  2.731 0.0000000000
50442  -56.194  -10.845  2.236 0.0000000000
50443  -59.869  -10.225  2.681 0.0000000000
50444  -60.603  -10.748  2.366 0.0000000000
50445  -61.540  -10.814  1.551 0.0000000000
50449  -55.815  -10.234  2.105 0.0000000000
50450  -56.603  -10.477  1.783 0.0000000000
50451  -57.553  -10.437  1.261 0.0000000000
50452  -58.523  -10.853  0.899 0.0000000000
50453  -62.135  -10.948  0.305 0.0000000000
50459  -58.066  -10.052  0.706 0.0000000000
50460  -59.182  -10.506  0.255 0.0000000000
50461  -60.546  -10.431  -0.799 0.0000000000
50462  -61.540  -11.056  -1.380 0.0000000000
50463  -62.515  -10.781  -0.855 0.0000000000
50475  -61.433  -10.244  -1.484 0.0000000000
50476  -62.086  -10.705  -1.536 0.0000000000
50477  -62.356  -10.726  -1.317 0.0000000000
51381  -43.282  -10.262  12.264 0.0000000000
51382  -44.049  -9.564  12.345 0.0000000000
51390  -43.608  -10.434  11.631 0.0000000000
51391  -44.026  -10.035  11.472 0.0000000000
51394  -44.719  -9.901  10.856 0.0000000000
51395  -45.443  -9.853  10.640 0.0000000000
51396  -46.270  -9.708  10.512 0.0000000000
51397  -47.217  -9.615  10.369 0.0000000000
51398  -48.176  -9.656  10.311 0.0000000000
51399  -49.284  -9.940  10.280 0.0000000000
51400  -49.923  -9.724  10.451 0.0000000000
51403  -49.770  -10.483  9.922 0.0000000000
51404  -50.347  -10.132  9.831 0.0000000000
51405  -50.743  -9.644  9.614 0.0000000000
51419  -50.627  -10.366  9.112 0.0000000000
51420  -50.996  -9.836  8.892 0.0000000000
51426  -51.693  -9.701  7.986 0.0000000000
51427  -52.402  -9.645  7.604 0.0000000000
51428  -53.229  -9.528  7.387 0.0000000000
51429  -54.205  -9.475  7.318 0.0000000000
51430  -55.272  -9.432  7.216 0.0000000000
51431  -56.044  -9.852  7.306 0.0000000000
51433  -55.357  -8.871  6.904 0.0000000000
51434  -55.903  -9.290  6.833 0.0000000000
51439  -35.757  -9.617  5.595 0.0000000000
51440  -36.696  -9.604  5.614 0.0000000000
51441  -37.661  -9.585  5.581 0.0000000000
51442  -38.644  -9.574  5.542 0.0000000000
51443  -39.645  -9.577  5.512 0.0000000000
51444  -40.663  -9.608  5.472 0.0000000000
51445  -41.686  -9.594  5.415 0.0000000000
51446  -42.681  -9.591  5.259 0.0000000000
51447  -43.711  -9.644  4.989 0.0000000000
51448  -44.156  -10.037  4.981 0.0000000000
51449  -56.305  -9.246  6.256 0.0000000000
51450  -56.659  -9.328  5.554 0.0000000000
51455  -44.089  -9.322  4.757 0.0000000000
51456  -44.510  -9.587  4.705 0.0000000000
51457  -45.525  -9.531  4.329 0.0000000000
51458  -46.308  -9.506  3.936 0.0000000000
51459  -57.108  -9.395  4.801 0.0000000000
51460  -57.720  -9.414  4.151 0.0000000000
51463  -46.867  -9.466  3.571 0.0000000000
51464  -47.599  -9.421  3.388 0.0000000000
51465  -48.446  -9.444  3.298 0.0000000000
51466  -49.280  -9.454  3.325 0.0000000000
51467  -50.191  -9.514  3.429 0.0000000000
51468  -51.205  -9.583  3.436 0.0000000000
51469  -52.272  -9.577  3.359 0.0000000000
51470  -53.104  -9.372  3.317 0.0000000000
51471  -53.812  -9.268  3.142 0.0000000000
51472  -58.469  -9.365  3.588 0.0000000000
51473  -59.191  -9.216  3.165 0.0000000000
51477  -52.999  -9.822  3.195 0.0000000000
51478  -53.626  -9.782  3.025 0.0000000000
51479  -54.425  -9.670  2.654 0.0000000000
51480  -55.243  -9.764  2.236 0.0000000000
51481  -59.760  -9.505  2.827 0.0000000000
51482  -60.461  -9.709  2.582 0.0000000000
51483  -61.320  -9.722  2.160 0.0000000000
51486  -55.973  -9.685  1.920 0.0000000000
51487  -56.672  -9.638  1.447 0.0000000000
51488  -57.399  -9.444  0.964 0.0000000000
51489  -61.841  -9.572  1.001 0.0000000000
51501  -58.224  -9.412  0.421 0.0000000000
51502  -59.233  -9.425  -0.187 0.0000000000
51503  -60.070  -9.199  -0.864 0.0000000000
51504  -62.440  -9.569  -0.411 0.0000000000
51515  -61.017  -9.427  -1.421 0.0000000000
51516  -61.880  -9.602  -1.799 0.0000000000
51517  -62.472  -9.671  -1.528 0.0000000000
52480  -44.800  -8.917  12.423 0.0000000000
52490  -44.762  -9.271  11.424 0.0000000000
52491  -45.621  -8.532  11.583 0.0000000000
52499  -45.059  -9.459  10.862 0.0000000000
52500  -45.533  -9.142  10.839 0.0000000000
52501  -46.474  -8.719  10.759 0.0000000000
52502  -47.515  -8.874  10.540 0.0000000000
52503  -48.466  -8.940  10.546 0.0000000000
52504  -49.473  -9.044  10.703 0.0000000000
52505  -50.461  -9.445  10.611 0.0000000000
52509  -50.610  -9.566  9.960 0.0000000000
52510  -51.037  -9.006  9.706 0.0000000000
52524  -51.655  -8.756  8.465 0.0000000000
52525  -52.069  -8.223  8.165 0.0000000000
52527  -51.989  -9.153  7.844 0.0000000000
52528  -52.444  -8.649  7.698 0.0000000000
52529  -53.432  -8.617  7.354 0.0000000000
52530  -54.270  -8.552  7.187 0.0000000000
52531  -54.869  -8.401  6.941 0.0000000000
52533  -55.348  -8.332  6.670 0.0000000000
52534  -55.852  -8.363  6.320 0.0000000000
52539  -36.255  -8.702  5.391 0.0000000000
52540  -37.252  -8.659  5.469 0.0000000000
52541  -38.250  -8.612  5.561 0.0000000000
52542  -39.254  -8.584  5.653 0.0000000000
52543  -40.266  -8.581  5.662 0.0000000000
52544  -41.277  -8.584  5.516 0.0000000000
52545  -42.271  -8.593  5.278 0.0000000000
52546  -43.196  -8.682  4.956 0.0000000000
52547  -56.347  -8.368  5.793 0.0000000000
52548  -56.825  -8.405  5.115 0.0000000000
52554  -44.054  -8.767  4.631 0.0000000000
52555  -44.945  -8.614  4.209 0.0000000000
52556  -45.967  -8.597  3.748 0.0000000000
52557  -46.478  -9.036  3.598 0.0000000000
52558  -50.015  -8.324  4.094 0.0000000000
52559  -50.826  -8.481  4.149 0.0000000000
52560  -51.938  -8.589  4.037 0.0000000000
52561  -52.948  -8.364  4.138 0.0000000000
52562  -53.746  -8.157  4.119 0.0000000000
52563  -54.240  -8.055  4.052 0.0000000000
52564  -57.403  -8.466  4.468 0.0000000000
52565  -58.102  -8.444  3.907 0.0000000000
52569  -46.390  -8.114  3.572 0.0000000000
52570  -46.906  -8.541  3.454 0.0000000000
52571  -47.934  -8.617  3.358 0.0000000000
52572  -48.764  -8.749  3.385 0.0000000000
52573  -49.563  -8.703  3.612 0.0000000000
52574  -50.570  -8.908  3.705 0.0000000000
52575  -51.551  -8.960  3.708 0.0000000000
52576  -52.514  -8.893  3.667 0.0000000000
52577  -53.417  -8.778  3.587 0.0000000000
52578  -54.547  -8.640  3.309 0.0000000000
52579  -55.682  -8.328  2.938 0.0000000000
52580  -56.217  -8.094  2.687 0.0000000000
52581  -58.934  -8.419  3.428 0.0000000000
52582  -59.983  -8.540  2.972 0.0000000000
52583  -61.094  -8.027  2.784 0.0000000000
52584  -61.745  -7.738  2.782 0.0000000000
52588  -54.908  -9.309  2.588 0.0000000000
52589  -55.496  -9.067  2.324 0.0000000000
52590  -56.266  -8.552  2.119 0.0000000000
52591  -56.947  -8.297  1.648 0.0000000000
52592  -60.268  -9.162  2.751 0.0000000000
52593  -60.887  -8.935  2.635 0.0000000000
52594  -61.972  -8.406  2.209 0.0000000000
52606  -56.189  -9.170  1.774 0.0000000000
52607  -56.738  -8.916  1.339 0.0000000000
52608  -57.663  -8.555  0.887 0.0000000000
52609  -58.582  -8.267  0.516 0.0000000000
52610  -62.321  -8.146  0.423 0.0000000000
52622  -58.508  -8.805  0.235 0.0000000000
52623  -59.465  -8.460  -0.165 0.0000000000
52624  -60.772  -8.405  -1.030 0.0000000000
52625  -61.779  -8.033  -1.535 0.0000000000
52626  -62.620  -8.300  -1.288 0.0000000000
52632  -61.580  -8.819  -1.753 0.0000000000
52633  -62.290  -8.840  -1.925 0.0000000000
52634  -62.651  -8.908  -1.828 0.0000000000
53687  -51.531  -7.927  10.162 0.0000000000
53691  -51.544  -7.925  9.176 0.0000000000
53705  -51.926  -7.838  8.512 0.0000000000
53706  -52.357  -7.768  8.077 0.0000000000
53708  -52.908  -7.801  7.634 0.0000000000
53709  -53.589  -7.798  7.375 0.0000000000
53710  -54.222  -7.655  7.145 0.0000000000
53711  -54.828  -7.530  6.853 0.0000000000
53713  -55.428  -7.454  6.532 0.0000000000
53714  -56.034  -7.422  6.107 0.0000000000
53719  -36.755  -7.766  5.266 0.0000000000
53720  -37.780  -7.672  5.381 0.0000000000
53721  -38.808  -7.602  5.550 0.0000000000
53722  -39.826  -7.566  5.663 0.0000000000
53723  -40.844  -7.557  5.667 0.0000000000
53724  -41.861  -7.556  5.505 0.0000000000
53725  -42.920  -7.560  5.156 0.0000000000
53726  -43.746  -7.207  4.908 0.0000000000
53727  -56.600  -7.455  5.532 0.0000000000
53728  -57.234  -7.413  4.870 0.0000000000
53729  -57.937  -6.953  4.504 0.0000000000
53736  -43.625  -7.952  4.720 0.0000000000
53737  -44.405  -7.607  4.420 0.0000000000
53738  -45.432  -7.576  3.985 0.0000000000
53739  -46.089  -7.184  3.777 0.0000000000
53740  -47.751  -7.173  3.667 0.0000000000
53741  -48.162  -7.282  3.769 0.0000000000
53742  -49.120  -7.710  4.042 0.0000000000
53743  -49.904  -7.750  4.375 0.0000000000
53744  -51.227  -7.379  4.614 0.0000000000
53745  -52.177  -7.334  4.638 0.0000000000
53746  -53.346  -7.348  4.593 0.0000000000
53747  -54.054  -7.380  4.471 0.0000000000
53748  -54.668  -7.156  4.324 0.0000000000
53749  -57.819  -7.714  4.288 0.0000000000
53750  -58.731  -7.337  3.945 0.0000000000
53751  -59.849  -6.950  3.642 0.0000000000
53752  -60.744  -6.813  3.587 0.0000000000
53758  -46.086  -7.795  3.671 0.0000000000
53759  -46.665  -7.539  3.563 0.0000000000
53760  -47.538  -7.554  3.545 0.0000000000
53761  -48.413  -8.022  3.581 0.0000000000
53762  -48.956  -8.304  3.652 0.0000000000
53763  -54.578  -7.815  4.066 0.0000000000
53764  -55.270  -7.580  3.821 0.0000000000
53765  -56.113  -7.543  3.218 0.0000000000
53766  -59.533  -7.725  3.381 0.0000000000
53767  -60.429  -7.506  3.198 0.0000000000
53768  -61.436  -7.198  3.208 0.0000000000
53769  -62.116  -7.310  2.812 0.0000000000
53776  -56.746  -7.726  2.467 0.0000000000
53777  -57.602  -7.616  1.721 0.0000000000
53778  -58.472  -7.164  1.364 0.0000000000
53779  -62.356  -7.039  1.621 0.0000000000
53792  -58.275  -7.851  1.007 0.0000000000
53793  -59.361  -7.408  0.541 0.0000000000
53794  -60.644  -6.831  -0.133 0.0000000000
53795  -61.250  -6.434  -0.718 0.0000000000
53796  -62.295  -6.977  0.394 0.0000000000
53803  -60.297  -7.704  -0.284 0.0000000000
53804  -61.172  -7.342  -0.821 0.0000000000
53805  -61.848  -7.029  -0.889 0.0000000000
53806  -62.286  -7.200  -0.413 0.0000000000
54810  -51.749  -7.177  9.479 0.0000000000
54814  -51.932  -7.203  8.781 0.0000000000
54815  -52.137  -6.470  9.115 0.0000000000
54829  -52.220  -7.394  8.400 0.0000000000
54830  -52.704  -6.882  8.165 0.0000000000
54831  -53.284  -6.459  7.893 0.0000000000
54833  -53.182  -7.333  7.662 0.0000000000
54834  -53.569  -6.977  7.588 0.0000000000
54835  -54.278  -6.784  7.234 0.0000000000
54836  -54.906  -6.622  6.834 0.0000000000
54838  -55.573  -6.498  6.419 0.0000000000
54839  -56.294  -6.413  5.891 0.0000000000
54840  -56.819  -5.966  5.502 0.0000000000
54843  -37.186  -6.735  5.096 0.0000000000
54844  -38.296  -6.645  5.401 0.0000000000
54845  -39.341  -6.566  5.548 0.0000000000
54846  -40.368  -6.543  5.586 0.0000000000
54847  -41.377  -6.524  5.569 0.0000000000
54848  -42.399  -6.505  5.508 0.0000000000
54849  -43.404  -6.454  5.328 0.0000000000
54850  -44.362  -6.451  4.880 0.0000000000
54851  -45.094  -6.138  4.557 0.0000000000
54852  -56.876  -6.698  5.367 0.0000000000
54853  -57.538  -6.225  5.070 0.0000000000
54854  -58.670  -6.148  4.591 0.0000000000
54855  -59.744  -5.835  4.488 0.0000000000
54861  -45.007  -6.847  4.398 0.0000000000
54862  -45.714  -6.490  4.148 0.0000000000
54863  -46.634  -6.595  3.824 0.0000000000
54864  -47.584  -6.739  3.816 0.0000000000
54865  -48.558  -6.614  4.165 0.0000000000
54866  -49.329  -6.634  4.424 0.0000000000
54867  -50.598  -6.506  4.703 0.0000000000
54868  -51.550  -6.445  4.860 0.0000000000
54869  -52.863  -6.171  4.776 0.0000000000
54870  -53.489  -6.381  4.679 0.0000000000
54871  -54.281  -6.393  4.531 0.0000000000
54872  -55.074  -6.488  4.333 0.0000000000
54873  -59.464  -6.488  4.154 0.0000000000
54874  -60.482  -6.266  4.182 0.0000000000
54875  -61.424  -6.372  3.879 0.0000000000
54876  -62.034  -6.149  3.721 0.0000000000
54883  -47.147  -7.080  3.569 0.0000000000
54884  -47.403  -7.115  3.605 0.0000000000
54885  -55.854  -6.598  3.861 0.0000000000
54886  -56.714  -6.638  3.246 0.0000000000
54887  -57.419  -6.249  2.893 0.0000000000
54888  -61.988  -6.742  3.425 0.0000000000
54889  -62.377  -6.334  2.843 0.0000000000
54899  -57.313  -6.982  2.546 0.0000000000
54900  -58.112  -6.509  2.191 0.0000000000
54901  -59.288  -6.293  1.325 0.0000000000
54902  -60.298  -5.727  0.730 0.0000000000
54903  -62.437  -5.967  1.722 0.0000000000
54913  -60.149  -6.427  0.483 0.0000000000
54914  -60.871  -5.799  -0.181 0.0000000000
54915  -61.650  -5.891  -0.420 0.0000000000
54916  -62.268  -5.974  0.466 0.0000000000
54923  -62.108  -6.448  -0.414 0.0000000000
54924  -62.205  -6.607  -0.060 0.0000000000
55807  -52.710  -5.789  9.606 0.0000000000
55821  -52.770  -5.934  8.710 0.0000000000
55822  -53.216  -6.010  8.188 0.0000000000
55824  -53.720  -6.091  7.657 0.0000000000
55825  -54.355  -5.924  7.226 0.0000000000
55826  -54.981  -5.613  6.749 0.0000000000
55828  -55.729  -5.487  6.303 0.0000000000
55829  -56.368  -5.333  5.852 0.0000000000
55830  -57.179  -5.146  5.477 0.0000000000
55832  -37.843  -5.838  5.048 0.0000000000
55833  -38.814  -5.566  5.392 0.0000000000
55834  -39.883  -5.560  5.593 0.0000000000
55835  -40.894  -5.543  5.634 0.0000000000
55836  -41.876  -5.482  5.629 0.0000000000
55837  -42.895  -5.446  5.566 0.0000000000
55838  -43.922  -5.453  5.324 0.0000000000
55839  -44.815  -5.413  4.884 0.0000000000
55840  -45.554  -5.531  4.512 0.0000000000
55841  -58.158  -5.166  5.078 0.0000000000
55842  -59.318  -4.961  4.823 0.0000000000
55843  -60.813  -5.368  4.814 0.0000000000
55844  -61.573  -5.150  4.832 0.0000000000
55848  -38.273  -5.162  4.877 0.0000000000
55849  -46.246  -5.651  4.278 0.0000000000
55850  -47.107  -5.659  4.212 0.0000000000
55851  -48.082  -5.675  4.264 0.0000000000
55852  -48.993  -5.668  4.440 0.0000000000
55853  -49.597  -5.465  4.604 0.0000000000
55854  -50.930  -5.557  4.791 0.0000000000
55855  -52.231  -5.220  4.710 0.0000000000
55856  -52.918  -5.392  4.717 0.0000000000
55857  -53.797  -5.433  4.666 0.0000000000
55858  -54.701  -5.490  4.565 0.0000000000
55859  -55.563  -5.616  4.355 0.0000000000
55860  -61.187  -5.927  4.403 0.0000000000
55861  -61.778  -5.580  4.416 0.0000000000
55862  -62.261  -5.435  3.491 0.0000000000
55869  -56.361  -5.665  3.939 0.0000000000
55870  -57.137  -5.539  3.415 0.0000000000
55871  -57.889  -5.507  2.812 0.0000000000
55872  -62.441  -5.277  2.322 0.0000000000
55882  -58.797  -5.439  2.175 0.0000000000
55883  -59.861  -5.137  1.414 0.0000000000
55884  -60.946  -4.902  0.516 0.0000000000
55885  -61.533  -4.641  0.645 0.0000000000
55886  -62.337  -5.189  1.217 0.0000000000
55894  -61.331  -5.357  -0.069 0.0000000000
55895  -61.745  -5.083  0.313 0.0000000000
55896  -62.174  -5.185  0.617 0.0000000000
56791  -53.139  -5.310  8.875 0.0000000000
56792  -53.742  -4.701  8.982 0.0000000000
56806  -53.191  -5.602  8.485 0.0000000000
56807  -53.622  -5.216  8.096 0.0000000000
56808  -54.531  -4.193  8.210 0.0000000000
56809  -55.163  -3.763  7.766 0.0000000000
56811  -53.986  -5.533  7.571 0.0000000000
56812  -54.381  -5.060  7.371 0.0000000000
56813  -55.398  -4.303  6.902 0.0000000000
56814  -56.130  -3.855  6.676 0.0000000000
56816  -41.667  -4.000  5.866 0.0000000000
56817  -41.963  -3.886  5.881 0.0000000000
56818  -55.973  -4.824  6.261 0.0000000000
56819  -56.569  -4.269  6.175 0.0000000000
56820  -57.974  -4.068  5.706 0.0000000000
56821  -58.695  -3.628  5.996 0.0000000000
56824  -38.748  -4.801  5.067 0.0000000000
56825  -39.453  -4.625  5.264 0.0000000000
56826  -40.465  -4.652  5.581 0.0000000000
56827  -41.396  -4.603  5.752 0.0000000000
56828  -42.307  -4.350  5.773 0.0000000000
56829  -43.444  -4.452  5.496 0.0000000000
56830  -44.454  -4.476  5.223 0.0000000000
56831  -45.499  -4.500  4.807 0.0000000000
56832  -46.027  -4.003  4.723 0.0000000000
56833  -54.003  -3.744  5.160 0.0000000000
56834  -54.780  -3.833  5.091 0.0000000000
56835  -55.315  -3.741  4.933 0.0000000000
56836  -58.597  -4.541  5.243 0.0000000000
56837  -59.124  -4.006  5.553 0.0000000000
56838  -60.347  -4.272  5.397 0.0000000000
56839  -61.598  -4.396  5.196 0.0000000000
56840  -62.184  -3.857  5.107 0.0000000000
56845  -38.463  -4.507  4.268 0.0000000000
56846  -38.979  -4.463  4.845 0.0000000000
56847  -45.947  -5.051  4.487 0.0000000000
56848  -46.506  -4.569  4.479 0.0000000000
56849  -47.632  -4.647  4.360 0.0000000000
56850  -48.642  -4.724  4.467 0.0000000000
56851  -49.419  -4.860  4.593 0.0000000000
56852  -50.148  -4.514  4.593 0.0000000000
56853  -51.348  -4.446  4.417 0.0000000000
56854  -52.279  -4.513  4.459 0.0000000000
56855  -53.271  -4.361  4.775 0.0000000000
56856  -54.291  -4.566  4.848 0.0000000000
56857  -55.326  -4.479  4.676 0.0000000000
56858  -56.160  -4.182  4.435 0.0000000000
56859  -61.856  -4.985  4.752 0.0000000000
56860  -62.252  -4.459  4.263 0.0000000000
56867  -56.032  -4.913  4.321 0.0000000000
56868  -56.793  -4.593  3.982 0.0000000000
56869  -57.727  -4.544  3.326 0.0000000000
56870  -58.540  -4.040  2.920 0.0000000000
56871  -62.364  -4.503  2.898 0.0000000000
56880  -58.395  -4.760  2.699 0.0000000000
56881  -59.368  -4.314  2.273 0.0000000000
56882  -60.529  -4.180  1.468 0.0000000000
56883  -61.485  -4.129  1.137 0.0000000000
56884  -62.244  -4.187  1.611 0.0000000000
56892  -61.843  -4.535  0.842 0.0000000000
56893  -62.096  -4.786  0.843 0.0000000000
57800  -55.670  -3.457  7.669 0.0000000000
57801  -56.179  -3.443  7.180 0.0000000000
57802  -57.054  -3.131  7.200 0.0000000000
57806  -41.507  -3.846  5.709 0.0000000000
57807  -41.744  -3.778  5.741 0.0000000000
57808  -56.630  -3.595  6.712 0.0000000000
57809  -57.430  -3.447  6.564 0.0000000000
57810  -58.650  -3.033  6.625 0.0000000000
57811  -59.651  -2.738  6.612 0.0000000000
57812  -60.701  -2.544  6.640 0.0000000000
57813  -61.721  -2.493  6.690 0.0000000000
57817  -39.584  -4.214  5.022 0.0000000000
57818  -40.041  -4.057  5.098 0.0000000000
57819  -41.201  -3.677  5.461 0.0000000000
57820  -42.141  -3.505  5.645 0.0000000000
57821  -43.085  -3.525  5.597 0.0000000000
57822  -44.067  -3.551  5.457 0.0000000000
57823  -44.993  -3.591  5.280 0.0000000000
57824  -45.734  -3.515  4.981 0.0000000000
57825  -53.984  -3.177  5.289 0.0000000000
57826  -54.545  -3.149  5.294 0.0000000000
57827  -55.307  -3.153  5.142 0.0000000000
57828  -59.191  -3.360  6.140 0.0000000000
57829  -60.006  -3.345  5.978 0.0000000000
57830  -61.117  -3.342  5.933 0.0000000000
57831  -62.123  -3.042  5.836 0.0000000000
57836  -38.844  -4.168  4.142 0.0000000000
57837  -39.320  -4.061  4.459 0.0000000000
57838  -40.307  -3.305  4.297 0.0000000000
57839  -41.186  -2.833  4.584 0.0000000000
57840  -46.382  -3.501  4.691 0.0000000000
57841  -47.221  -3.605  4.436 0.0000000000
57842  -48.264  -3.687  4.368 0.0000000000
57843  -49.445  -3.838  4.455 0.0000000000
57844  -50.617  -3.765  4.199 0.0000000000
57845  -51.636  -3.756  3.965 0.0000000000
57846  -52.465  -3.533  4.213 0.0000000000
57847  -53.359  -3.206  4.956 0.0000000000
57848  -55.918  -3.444  4.734 0.0000000000
57849  -56.826  -3.431  4.356 0.0000000000
57850  -57.770  -2.930  4.017 0.0000000000
57851  -58.523  -2.666  3.518 0.0000000000
57852  -62.411  -3.152  4.703 0.0000000000
57858  -38.789  -3.996  3.547 0.0000000000
57859  -39.523  -3.397  3.112 0.0000000000
57860  -40.238  -2.880  3.199 0.0000000000
57861  -51.988  -3.326  3.529 0.0000000000
57862  -52.248  -2.955  3.520 0.0000000000
57863  -57.456  -3.831  3.889 0.0000000000
57864  -58.177  -3.520  3.432 0.0000000000
57865  -59.359  -3.079  2.898 0.0000000000
57866  -60.642  -2.607  2.240 0.0000000000
57867  -61.621  -2.483  1.941 0.0000000000
57868  -62.271  -3.110  2.800 0.0000000000
57877  -60.262  -3.502  2.135 0.0000000000
57878  -61.102  -3.235  1.525 0.0000000000
57879  -61.997  -3.275  1.539 0.0000000000
57880  -62.291  -3.446  1.849 0.0000000000
58790  -56.129  -3.193  7.690 0.0000000000
58795  -63.344  -0.880  7.182 0.0000000000
58796  -63.530  -0.580  7.206 0.0000000000
58802  -61.516  -1.748  7.532 0.0000000000
58803  -62.843  -1.700  7.147 0.0000000000
58804  -63.520  -0.989  7.071 0.0000000000
58810  -41.920  -2.749  5.085 0.0000000000
58811  -42.801  -2.757  5.330 0.0000000000
58812  -43.752  -2.645  5.401 0.0000000000
58813  -44.674  -2.773  5.425 0.0000000000
58814  -45.413  -2.841  5.228 0.0000000000
58815  -46.019  -2.764  4.950 0.0000000000
58816  -54.162  -2.556  5.326 0.0000000000
58817  -55.121  -2.351  5.293 0.0000000000
58818  -56.094  -2.228  4.827 0.0000000000
58819  -56.713  -1.564  4.586 0.0000000000
58820  -62.819  -2.213  5.700 0.0000000000
58821  -63.280  -1.422  6.344 0.0000000000
58828  -40.867  -2.584  3.636 0.0000000000
58829  -41.809  -2.177  3.951 0.0000000000
58830  -42.656  -2.173  4.661 0.0000000000
58831  -43.310  -2.207  5.003 0.0000000000
58832  -46.777  -2.665  4.641 0.0000000000
58833  -47.788  -2.651  4.414 0.0000000000
58834  -48.864  -2.735  4.298 0.0000000000
58835  -49.994  -2.701  3.914 0.0000000000
58836  -51.073  -3.175  3.558 0.0000000000
58837  -51.633  -3.266  3.473 0.0000000000
58838  -52.633  -2.487  4.110 0.0000000000
58839  -53.384  -2.449  5.008 0.0000000000
58840  -56.490  -2.805  4.598 0.0000000000
58841  -57.157  -2.066  4.340 0.0000000000
58842  -58.315  -1.835  3.847 0.0000000000
58843  -59.198  -1.898  3.332 0.0000000000
58844  -62.569  -1.997  4.310 0.0000000000
58845  -63.034  -1.603  5.436 0.0000000000
58852  -39.990  -2.791  2.233 0.0000000000
58853  -40.621  -2.491  2.584 0.0000000000
58854  -41.254  -2.206  2.842 0.0000000000
58855  -50.251  -2.058  3.486 0.0000000000
58856  -50.812  -2.452  3.254 0.0000000000
58857  -51.711  -2.722  2.986 0.0000000000
58858  -52.278  -2.392  3.061 0.0000000000
58859  -60.107  -1.889  2.879 0.0000000000
58860  -61.137  -1.757  2.568 0.0000000000
58861  -61.990  -1.893  2.640 0.0000000000
58862  -62.265  -2.090  3.209 0.0000000000
58872  -51.915  -2.234  2.559 0.0000000000
58873  -52.097  -2.342  2.709 0.0000000000
59744  -63.415  -0.212  7.444 0.0000000000
59745  -63.493  -0.389  7.174 0.0000000000
59747  -61.003  -0.876  7.824 0.0000000000
59748  -62.274  -0.708  8.123 0.0000000000
59749  -63.273  -0.597  7.822 0.0000000000
59750  -63.443  -0.696  6.524 0.0000000000
59756  -43.851  -1.957  5.007 0.0000000000
59757  -44.481  -2.063  5.176 0.0000000000
59758  -45.238  -2.205  5.162 0.0000000000
59759  -45.675  -2.392  5.052 0.0000000000
59764  -63.276  -1.022  5.692 0.0000000000
59770  -42.247  -1.834  3.479 0.0000000000
59771  -42.635  -1.707  3.901 0.0000000000
59772  -43.477  -1.593  4.384 0.0000000000
59773  -44.259  -1.575  4.656 0.0000000000
59774  -45.041  -1.622  4.756 0.0000000000
59775  -46.017  -1.882  4.792 0.0000000000
59776  -47.165  -1.772  4.490 0.0000000000
59777  -48.373  -1.606  4.220 0.0000000000
59778  -49.224  -2.092  4.127 0.0000000000
59781  -57.212  -0.919  4.498 0.0000000000
59782  -58.153  -0.825  4.266 0.0000000000
59783  -59.404  -0.674  3.753 0.0000000000
59784  -60.308  -0.257  3.859 0.0000000000
59785  -62.546  -1.081  4.372 0.0000000000
59786  -62.932  -1.284  4.965 0.0000000000
59792  -41.924  -1.862  2.875 0.0000000000
59793  -42.589  -1.604  3.059 0.0000000000
59794  -43.195  -1.371  3.515 0.0000000000
59795  -48.717  -1.033  3.750 0.0000000000
59796  -49.508  -1.532  3.660 0.0000000000
59797  -50.525  -1.627  2.930 0.0000000000
59798  -51.133  -2.224  2.838 0.0000000000
59800  -59.786  -1.302  3.269 0.0000000000
59801  -60.601  -0.891  3.344 0.0000000000
59802  -61.615  -1.200  3.227 0.0000000000
59803  -62.193  -1.491  3.506 0.0000000000
59818  -50.726  -1.472  2.311 0.0000000000
59819  -51.385  -1.840  2.417 0.0000000000
60721  -63.305  0.214  7.612 0.0000000000
60722  -63.361  0.058  7.373 0.0000000000
60727  -61.354  0.205  7.319 0.0000000000
60728  -62.845  0.317  7.376 0.0000000000
60729  -63.203  0.200  6.705 0.0000000000
60742  -60.293  0.121  5.892 0.0000000000
60743  -61.586  0.490  6.042 0.0000000000
60744  -62.660  0.376  5.902 0.0000000000
60745  -63.136  -0.317  5.777 0.0000000000
60751  -43.742  -1.347  4.172 0.0000000000
60752  -43.997  -1.256  4.191 0.0000000000
60753  -44.635  -1.167  4.173 0.0000000000
60754  -45.468  -1.134  4.154 0.0000000000
60755  -46.440  -1.124  4.095 0.0000000000
60756  -47.362  -1.073  4.031 0.0000000000
60761  -59.144  0.192  4.716 0.0000000000
60762  -60.455  0.179  4.683 0.0000000000
60763  -61.676  0.263  4.817 0.0000000000
60764  -62.505  -0.253  4.718 0.0000000000
60765  -62.984  -0.749  5.061 0.0000000000
60774  -43.695  -1.216  3.887 0.0000000000
60775  -44.132  -0.994  3.607 0.0000000000
60776  -44.797  -0.740  3.416 0.0000000000
60777  -45.714  -0.629  3.326 0.0000000000
60778  -46.730  -0.633  3.298 0.0000000000
60779  -47.892  -0.730  3.389 0.0000000000
60780  -48.870  -0.706  3.140 0.0000000000
60781  -49.702  -0.912  2.909 0.0000000000
60783  -60.918  -0.191  4.092 0.0000000000
60784  -61.596  -0.434  3.923 0.0000000000
60785  -62.087  -0.859  3.885 0.0000000000
60798  -43.642  -1.120  3.222 0.0000000000
