#!ascii label  , from subject 0050299 vox2ras=TkReg 
2097
32642  -2.842  -18.878  45.645 0.6250000000
33604  -2.288  -18.102  46.401 0.6250000000
33615  -2.244  -17.933  45.631 0.6250000000
32653  -2.811  -18.595  44.577 0.6250000000
33627  -2.178  -18.151  44.453 0.6250000000
34551  -1.954  -17.030  45.125 0.5000000000
35561  -2.720  -16.292  45.684 0.5000000000
32667  -2.969  -18.427  43.958 0.6250000000
33628  -2.446  -18.112  43.952 0.6250000000
34563  -2.498  -17.064  44.042 0.6250000000
35571  -2.587  -16.238  44.837 0.5000000000
32669  -4.272  -19.324  43.255 0.5000000000
35572  -3.267  -15.994  44.382 0.5000000000
35550  -3.221  -15.618  46.090 0.5000000000
35563  -3.923  -15.413  44.736 0.5000000000
35573  -4.075  -15.670  43.967 0.6250000000
36523  -4.669  -15.141  43.820 0.6250000000
36519  -4.607  -15.002  44.461 0.5000000000
36520  -5.270  -14.469  45.010 0.1250000000
36524  -5.429  -14.523  43.645 0.3750000000
35582  -5.132  -14.936  42.921 0.6250000000
37503  -5.947  -13.799  44.585 0.1250000000
36528  -5.601  -14.649  42.341 0.6250000000
36534  -5.896  -14.813  41.224 0.6250000000
37497  -5.947  -13.905  45.595 0.1250000000
43660  -23.597  -6.457  42.425 0.3750000000
42818  -22.265  -7.644  41.594 0.3750000000
42819  -23.104  -7.286  41.872 0.3750000000
36525  -6.119  -13.971  43.399 0.3750000000
42826  -22.037  -7.859  40.524 0.3750000000
42827  -23.041  -7.571  40.910 0.3750000000
43673  -23.768  -6.906  41.288 0.3750000000
36529  -6.253  -14.081  42.807 0.6250000000
41977  -21.456  -8.871  39.448 0.7500000000
42835  -21.861  -8.388  39.591 0.5000000000
43687  -23.656  -7.105  40.290 0.5000000000
43688  -24.411  -6.555  40.580 0.5000000000
43690  -26.340  -6.539  40.968 0.3750000000
36535  -6.692  -14.188  41.656 0.7500000000
42836  -22.831  -7.651  39.733 0.7500000000
43705  -24.993  -6.428  39.857 0.5000000000
42837  -27.421  -7.209  39.918 0.3750000000
42828  -27.648  -7.319  40.541 0.3750000000
36557  -7.444  -14.399  39.643 0.7500000000
41979  -21.373  -9.336  39.351 0.8750000000
41980  -21.706  -9.040  38.771 0.8750000000
42847  -22.365  -8.184  38.681 0.8750000000
43703  -23.535  -7.093  39.488 0.7500000000
43719  -23.870  -6.837  39.039 0.7500000000
43720  -24.618  -6.805  39.097 0.5000000000
43721  -25.508  -6.804  39.228 0.5000000000
42838  -27.964  -7.333  39.849 0.3750000000
42829  -28.370  -7.233  40.766 0.3750000000
42848  -23.202  -7.337  38.658 0.7500000000
42849  -24.110  -7.051  38.390 0.7500000000
42851  -25.997  -7.060  38.593 0.6250000000
43723  -26.801  -7.004  39.540 0.6250000000
42852  -27.104  -7.002  39.096 0.5000000000
42861  -22.624  -7.869  37.719 1.0000000000
42850  -25.029  -7.056  38.419 0.8750000000
42865  -26.443  -7.273  37.816 0.5000000000
42853  -28.186  -7.270  38.846 0.5000000000
42872  -23.852  -7.530  36.867 1.0000000000
42863  -24.463  -7.248  37.609 0.8750000000
42864  -25.436  -7.267  37.660 0.7500000000
42866  -27.448  -7.275  37.875 0.5000000000
42871  -23.052  -7.735  37.013 1.0000000000
42874  -25.799  -7.659  36.904 0.7500000000
42875  -26.772  -7.775  37.013 0.6250000000
41988  -22.285  -8.395  36.677 1.0000000000
41991  -25.153  -7.942  36.061 0.8750000000
41992  -26.141  -8.063  36.133 0.7500000000
41989  -23.153  -7.884  36.221 1.0000000000
41990  -24.143  -7.856  36.071 1.0000000000
42002  -25.507  -8.365  35.310 0.8750000000
42001  -24.462  -8.409  35.341 1.0000000000
42013  -25.942  -8.829  34.612 0.8750000000
41999  -22.322  -8.225  35.532 1.0000000000
42000  -23.403  -8.115  35.299 1.0000000000
42012  -24.891  -9.112  34.754 1.0000000000
41145  -25.442  -9.585  34.076 1.0000000000
42010  -22.577  -8.276  34.490 1.0000000000
42011  -23.710  -8.792  34.408 1.0000000000
35664  -14.490  -15.440  33.174 0.1250000000
35665  -15.652  -15.449  33.086 0.1250000000
42023  -22.781  -8.618  33.524 1.0000000000
42024  -23.558  -9.221  33.377 1.0000000000
41175  -24.596  -10.187  32.269 1.0000000000
41158  -21.588  -8.827  32.928 1.0000000000
42033  -22.926  -8.805  32.542 1.0000000000
41174  -23.866  -9.781  32.230 1.0000000000
34652  -17.125  -16.594  33.336 0.1250000000
34653  -17.838  -16.612  33.315 0.1250000000
34663  -18.338  -16.639  33.086 0.1250000000
41172  -21.623  -9.076  32.282 1.0000000000
42039  -22.615  -9.059  31.763 1.0000000000
41187  -22.852  -9.487  31.302 1.0000000000
39450  -20.271  -11.472  31.411 0.8750000000
41171  -21.330  -9.875  31.866 1.0000000000
40352  -21.400  -9.820  30.100 1.0000000000
41206  -22.294  -9.725  29.809 1.0000000000
35679  -19.156  -15.720  32.464 0.3750000000
40340  -21.086  -9.882  30.722 0.8750000000
40361  -21.122  -10.273  29.256 0.8750000000
39473  -22.025  -11.386  28.727 0.8750000000
36639  -19.379  -14.832  32.202 0.6250000000
36647  -19.514  -14.725  31.385 0.6250000000
42824  -20.388  -8.481  40.515 0.5000000000
42825  -20.993  -8.244  40.214 0.5000000000
41975  -20.372  -9.106  40.403 0.5000000000
41976  -20.925  -8.993  39.851 0.5000000000
36546  -7.541  -14.116  40.741 0.7500000000
41111  -20.822  -9.375  40.477 0.6250000000
42834  -21.313  -8.612  39.750 0.6250000000
41112  -21.500  -9.827  40.047 0.6250000000
42839  -28.952  -7.302  39.882 0.3750000000
37562  -7.880  -14.015  38.834 0.8750000000
40273  -21.448  -11.021  41.091 0.6250000000
39387  -22.061  -12.256  39.864 0.7500000000
40284  -22.000  -10.974  39.426 0.8750000000
37574  -8.110  -13.914  38.017 0.8750000000
41119  -21.400  -10.033  38.735 0.8750000000
42854  -29.053  -7.562  38.636 0.2500000000
37575  -9.226  -13.844  37.691 0.7500000000
39400  -22.208  -12.201  38.614 0.8750000000
40293  -21.639  -11.184  38.143 0.8750000000
41120  -21.586  -9.578  38.011 1.0000000000
41984  -21.992  -8.961  37.698 1.0000000000
37583  -10.299  -13.776  36.794 0.7500000000
41126  -21.136  -10.220  37.312 0.8750000000
41127  -21.585  -9.558  37.580 1.0000000000
42876  -27.667  -7.683  36.975 0.5000000000
37595  -10.621  -14.135  36.013 0.5000000000
41993  -27.081  -8.069  36.188 0.5000000000
37608  -11.944  -13.644  34.323 0.6250000000
42003  -26.515  -8.190  35.268 0.7500000000
37618  -12.305  -13.965  33.794 0.6250000000
41147  -27.011  -9.107  34.013 1.0000000000
42014  -27.004  -8.602  34.441 0.8750000000
35662  -12.813  -14.728  33.718 0.5000000000
42008  -20.635  -8.815  34.984 1.0000000000
41162  -27.219  -9.476  33.435 1.0000000000
36621  -13.920  -14.359  33.210 0.3750000000
36622  -15.006  -14.412  33.315 0.5000000000
42009  -21.528  -8.468  34.758 1.0000000000
41177  -26.624  -10.055  32.602 1.0000000000
41161  -26.026  -9.790  33.340 1.0000000000
41146  -26.432  -9.264  34.018 1.0000000000
40312  -20.117  -11.253  34.402 1.0000000000
40308  -20.263  -10.223  34.744 1.0000000000
41143  -20.661  -9.742  34.311 1.0000000000
42022  -21.761  -8.577  33.644 1.0000000000
40329  -25.330  -10.403  31.826 1.0000000000
41160  -25.001  -10.164  33.336 1.0000000000
34651  -16.171  -16.577  33.153 0.1250000000
40313  -20.405  -10.828  34.253 1.0000000000
40320  -20.766  -10.641  33.360 1.0000000000
41157  -21.217  -9.498  33.104 1.0000000000
40328  -24.769  -10.311  31.676 1.0000000000
35667  -17.640  -15.619  33.251 0.1250000000
35668  -18.309  -15.627  33.071 0.1250000000
35678  -18.660  -15.972  32.788 0.1250000000
39439  -20.230  -11.546  33.507 1.0000000000
40365  -24.825  -10.996  29.761 0.8750000000
40355  -24.411  -10.636  30.528 1.0000000000
40327  -20.833  -10.568  32.233 1.0000000000
39464  -24.438  -11.296  29.173 0.8750000000
40375  -23.592  -11.113  29.224 0.7500000000
36630  -19.134  -14.922  32.741 0.6250000000
37634  -19.490  -13.874  32.038 0.7500000000
37645  -19.574  -13.788  31.156 0.6250000000
38543  -19.667  -12.862  31.825 0.7500000000
39449  -19.908  -11.993  31.946 0.7500000000
38570  -24.271  -12.125  28.343 0.7500000000
38569  -23.534  -12.154  28.468 0.7500000000
37518  -7.059  -13.712  42.463 0.5000000000
36536  -7.386  -13.939  41.418 0.6250000000
40272  -20.442  -10.333  41.751 0.6250000000
39353  -18.947  -11.496  42.839 0.6250000000
40259  -18.774  -10.886  42.334 0.6250000000
37551  -8.220  -13.756  39.753 0.8750000000
39355  -20.156  -12.028  42.704 0.6250000000
37532  -19.089  -13.623  42.275 0.7500000000
41104  -21.073  -9.856  41.033 0.6250000000
39368  -20.555  -12.092  41.786 0.7500000000
38451  -20.328  -12.878  42.555 0.7500000000
36530  -20.068  -14.308  42.501 0.7500000000
37563  -8.655  -13.567  38.688 0.8750000000
39378  -21.126  -12.229  40.846 0.7500000000
37534  -21.216  -13.985  41.501 0.7500000000
36539  -20.800  -14.685  41.849 0.7500000000
38477  -21.634  -13.144  40.297 0.8750000000
36550  -22.421  -14.630  41.015 0.7500000000
37576  -10.038  -13.439  37.777 0.7500000000
38500  -22.584  -13.274  38.992 0.8750000000
42867  -28.363  -7.389  37.779 0.3750000000
39411  -21.576  -12.355  37.607 0.8750000000
40300  -21.204  -11.481  37.328 0.8750000000
42877  -28.460  -7.440  36.744 0.3750000000
38522  -11.449  -12.498  35.602 0.7500000000
37597  -11.920  -12.497  34.974 0.7500000000
42004  -27.503  -8.230  35.397 0.3750000000
41994  -27.830  -7.898  36.197 0.3750000000
37596  -11.142  -13.484  35.553 0.7500000000
41125  -20.673  -10.657  36.833 1.0000000000
41987  -21.567  -9.283  36.837 1.0000000000
37609  -12.665  -12.878  34.277 0.6250000000
41132  -20.886  -9.608  36.291 1.0000000000
41998  -21.229  -8.943  35.757 1.0000000000
42026  -28.016  -9.453  34.043 1.0000000000
36620  -13.060  -14.287  33.360 0.6250000000
37621  -14.307  -13.349  33.459 0.6250000000
41136  -19.918  -10.468  35.766 1.0000000000
41137  -20.338  -9.623  35.490 1.0000000000
41138  -20.810  -9.338  35.861 1.0000000000
41178  -27.758  -9.824  32.183 1.0000000000
39431  -19.804  -11.899  34.176 1.0000000000
40331  -26.928  -10.352  32.042 1.0000000000
36623  -16.301  -14.283  33.576 0.5000000000
35666  -16.763  -15.517  33.222 0.3750000000
40344  -25.830  -10.516  31.177 1.0000000000
39432  -20.213  -11.399  34.116 1.0000000000
39443  -20.348  -11.407  32.526 0.8750000000
40356  -25.322  -10.657  30.435 1.0000000000
36626  -18.782  -14.608  33.157 0.6250000000
35669  -18.834  -15.364  32.858 0.3750000000
39442  -19.809  -12.135  32.661 0.8750000000
39465  -25.278  -11.233  29.051 0.8750000000
37627  -19.268  -13.985  32.889 0.6250000000
37519  -7.833  -13.389  42.196 0.6250000000
37538  -8.246  -13.671  40.671 0.6250000000
41116  -15.324  -11.807  38.096 0.8750000000
37552  -9.082  -13.357  39.438 0.8750000000
41117  -15.896  -11.677  38.871 1.0000000000
41118  -16.162  -11.915  38.896 0.8750000000
39385  -17.583  -12.175  40.360 0.8750000000
38463  -18.394  -12.711  41.699 0.7500000000
81954  -14.440  -11.076  37.293 1.0000000000
81963  -15.887  -11.457  36.846 0.8750000000
40292  -16.763  -12.146  38.932 0.8750000000
38488  -17.729  -12.882  39.935 0.7500000000
36537  -19.236  -14.093  41.376 0.7500000000
81953  -14.114  -10.985  36.636 1.0000000000
41124  -15.842  -12.324  37.798 0.8750000000
37542  -19.122  -14.087  40.269 0.8750000000
36549  -20.441  -15.265  41.210 0.8750000000
38511  -10.663  -12.995  36.762 1.0000000000
81965  -14.342  -10.853  36.202 1.0000000000
41142  -14.830  -10.381  35.249 1.0000000000
40298  -16.540  -12.328  38.309 0.8750000000
37567  -19.904  -14.678  38.473 0.8750000000
36560  -22.283  -15.267  39.269 0.8750000000
38512  -11.041  -12.213  36.370 1.0000000000
81975  -14.543  -10.657  35.745 1.0000000000
40318  -16.072  -9.789  34.150 1.0000000000
81971  -15.946  -11.857  36.749 1.0000000000
81964  -16.598  -12.448  37.693 0.8750000000
37566  -19.086  -13.769  37.953 0.8750000000
36581  -20.608  -15.287  37.821 0.8750000000
37568  -22.134  -14.428  38.539 0.8750000000
42868  -29.221  -7.451  37.646 0.2500000000
37584  -10.794  -13.108  36.372 0.6250000000
38523  -11.707  -11.953  35.581 0.8750000000
39409  -17.464  -12.332  37.935 0.8750000000
36582  -21.081  -15.225  37.601 0.8750000000
37579  -21.191  -14.389  37.368 0.8750000000
37578  -20.225  -14.476  37.289 0.8750000000
38507  -21.143  -13.344  37.083 0.8750000000
42005  -28.451  -7.959  35.613 0.3750000000
37610  -13.455  -12.137  34.260 0.7500000000
38517  -20.515  -13.182  36.396 1.0000000000
39420  -20.396  -12.281  36.365 1.0000000000
40299  -20.662  -11.278  36.805 1.0000000000
42015  -28.059  -8.950  34.771 0.5000000000
37620  -13.297  -13.375  33.524 0.6250000000
40304  -20.109  -11.470  36.330 1.0000000000
41131  -20.300  -10.501  36.384 1.0000000000
41148  -28.807  -9.613  34.215 1.0000000000
39419  -19.899  -12.177  35.834 1.0000000000
41130  -19.872  -10.629  36.100 1.0000000000
41163  -28.428  -9.651  33.330 1.0000000000
41164  -29.384  -9.861  33.373 0.8750000000
37622  -15.271  -13.572  33.718 0.7500000000
39425  -19.654  -12.023  35.098 1.0000000000
40303  -19.796  -11.152  35.820 1.0000000000
41179  -29.145  -9.673  32.494 1.0000000000
38534  -19.461  -12.895  34.413 1.0000000000
40345  -26.898  -10.377  31.246 1.0000000000
41191  -28.883  -9.410  31.497 1.0000000000
36624  -17.444  -14.707  33.548 0.7500000000
40357  -26.207  -10.492  30.330 1.0000000000
36625  -18.192  -14.765  33.395 0.5000000000
38536  -19.429  -12.951  33.558 0.7500000000
39438  -19.720  -12.289  33.334 0.8750000000
39477  -25.798  -11.489  28.428 0.8750000000
39466  -25.928  -11.010  28.953 0.8750000000
38539  -19.541  -13.016  32.736 0.7500000000
37539  -8.815  -13.387  40.262 0.7500000000
37540  -9.482  -13.179  39.940 0.8750000000
38495  -10.109  -13.296  39.109 0.8750000000
38496  -10.660  -12.944  38.734 1.0000000000
37564  -9.729  -13.369  38.634 0.8750000000
37565  -10.290  -13.233  38.186 1.0000000000
38503  -10.880  -12.216  37.742 1.0000000000
38498  -13.898  -11.063  36.904 1.0000000000
81956  -14.640  -11.570  37.828 1.0000000000
39418  -12.858  -11.137  36.740 1.0000000000
39405  -11.518  -11.588  37.138 1.0000000000
39417  -12.256  -11.296  36.651 1.0000000000
81959  -13.269  -11.235  36.178 1.0000000000
81960  -14.252  -11.020  35.939 1.0000000000
38513  -12.086  -11.448  35.984 1.0000000000
37586  -12.753  -11.484  35.629 1.0000000000
38524  -13.624  -11.266  35.840 1.0000000000
39437  -16.539  -10.370  34.085 1.0000000000
81973  -16.289  -12.279  36.449 1.0000000000
37585  -12.265  -11.740  35.337 1.0000000000
37599  -13.125  -11.605  35.330 0.8750000000
38531  -14.110  -11.478  34.483 1.0000000000
39435  -15.186  -10.561  33.711 1.0000000000
39430  -16.453  -11.243  34.771 1.0000000000
81958  -17.197  -12.658  37.065 1.0000000000
37577  -19.147  -13.816  36.886 1.0000000000
37598  -12.718  -12.021  34.959 0.8750000000
38532  -15.143  -11.951  34.241 1.0000000000
38525  -16.544  -12.505  35.390 1.0000000000
38526  -17.175  -12.872  36.156 1.0000000000
38515  -18.455  -13.443  36.553 1.0000000000
37590  -19.815  -13.820  36.489 1.0000000000
37591  -20.561  -13.865  36.739 1.0000000000
42890  -29.263  -7.889  33.324 0.5000000000
42017  -29.557  -8.524  34.011 0.5000000000
42016  -29.040  -8.861  34.754 0.3750000000
38533  -15.904  -12.194  34.706 1.0000000000
37600  -16.583  -12.892  34.785 1.0000000000
37588  -17.986  -13.511  36.034 1.0000000000
37589  -18.906  -13.816  36.122 1.0000000000
37604  -20.100  -13.530  36.288 1.0000000000
42027  -30.022  -8.366  33.315 0.6250000000
37611  -14.750  -12.523  33.815 1.0000000000
37612  -15.958  -13.105  34.196 1.0000000000
37601  -17.379  -13.305  35.273 1.0000000000
37603  -19.441  -13.466  35.766 1.0000000000
38528  -19.977  -13.258  35.998 1.0000000000
42897  -31.287  -7.737  31.697 0.8750000000
41167  -31.396  -8.809  32.379 0.8750000000
37602  -18.486  -13.684  35.362 1.0000000000
38527  -19.680  -12.980  35.347 1.0000000000
41200  -28.521  -9.091  30.549 1.0000000000
42048  -30.547  -8.608  30.734 1.0000000000
37613  -17.013  -13.453  34.481 1.0000000000
37614  -17.935  -13.729  34.600 1.0000000000
37615  -18.874  -13.497  34.570 1.0000000000
41209  -27.997  -9.185  29.804 1.0000000000
41190  -27.877  -9.801  30.868 1.0000000000
36607  -16.675  -13.713  34.070 0.8750000000
36608  -17.313  -13.958  33.979 1.0000000000
36609  -18.122  -14.032  33.863 1.0000000000
40368  -26.967  -9.802  29.346 1.0000000000
41199  -27.691  -9.525  29.944 1.0000000000
37623  -19.003  -13.583  33.675 1.0000000000
40376  -26.587  -10.219  28.516 1.0000000000
40367  -26.365  -10.444  29.324 1.0000000000
40358  -27.041  -10.106  30.162 1.0000000000
36610  -18.570  -13.957  33.601 0.7500000000
39478  -26.369  -10.987  28.462 1.0000000000
37553  -9.711  -13.281  39.353 0.8750000000
38497  -10.963  -12.366  38.402 1.0000000000
42895  -29.534  -7.880  32.299 0.6250000000
42891  -30.063  -8.061  32.781 0.6250000000
42046  -28.293  -8.581  30.539 1.0000000000
42901  -29.894  -7.907  31.362 0.8750000000
42056  -28.050  -8.893  29.823 1.0000000000
42047  -29.616  -8.600  31.105 1.0000000000
42906  -30.467  -7.977  30.697 0.8750000000
41208  -27.483  -9.180  29.217 1.0000000000
41213  -26.879  -9.162  28.498 1.0000000000
40377  -26.848  -9.577  28.786 1.0000000000
42041  -28.161  -8.033  31.061 0.7500000000
42040  -27.747  -7.657  30.927 0.6250000000
42064  -27.075  -8.621  28.686 1.0000000000
42055  -27.491  -8.405  29.562 1.0000000000
42045  -27.664  -7.927  30.378 0.7500000000
41221  -26.718  -9.207  27.996 1.0000000000
42074  -26.796  -8.793  28.005 1.0000000000
42929  -26.890  -8.219  28.128 1.0000000000
42899  -27.800  -7.410  31.680 0.6250000000
42905  -27.493  -7.228  30.638 0.6250000000
42914  -27.201  -7.387  29.596 1.0000000000
42073  -26.879  -8.285  27.382 1.0000000000
43762  -27.540  -6.432  31.250 0.3750000000
42920  -26.797  -7.192  28.843 0.8750000000
42921  -27.017  -7.887  28.759 1.0000000000
42928  -26.656  -7.487  27.921 1.0000000000
42936  -26.508  -7.513  26.738 1.0000000000
43768  -27.363  -6.457  29.978 0.6250000000
44785  -27.810  -5.740  31.984 0.3750000000
42913  -26.939  -7.034  29.267 0.7500000000
43767  -27.115  -6.895  29.467 0.6250000000
43776  -27.042  -6.666  29.090 0.7500000000
43777  -27.340  -6.104  29.233 0.6250000000
44803  -27.568  -5.579  29.730 0.6250000000
43785  -26.675  -6.644  28.316 0.6250000000
43791  -26.476  -6.615  27.291 0.7500000000
43798  -26.377  -6.539  25.896 1.0000000000
43797  -26.079  -6.970  25.190 1.0000000000
44811  -27.117  -6.190  28.650 0.6250000000
44818  -26.915  -5.866  27.933 0.6250000000
44821  -26.564  -5.707  26.899 0.6250000000
43802  -26.105  -6.496  24.530 0.8750000000
43803  -26.570  -5.919  25.103 0.8750000000
45824  -27.060  -5.229  27.477 0.6250000000
45831  -26.904  -4.783  26.768 0.7500000000
45832  -27.506  -4.228  26.958 0.3750000000
44824  -26.505  -5.430  25.936 0.8750000000
45839  -26.718  -4.603  25.821 0.8750000000
44829  -26.512  -5.171  25.112 0.8750000000
46803  -26.811  -4.492  24.522 0.8750000000
46793  -27.431  -4.404  25.644 0.6250000000
46784  -28.007  -4.001  26.461 0.6250000000
48502  -32.771  -1.914  27.528 0.1250000000
46794  -28.256  -4.371  25.520 0.6250000000
46804  -27.484  -4.533  24.773 0.8750000000
46795  -29.132  -4.194  25.374 0.7500000000
46786  -29.785  -3.581  26.102 0.3750000000
46787  -30.827  -3.601  26.163 0.2500000000
46788  -31.770  -4.148  26.209 0.2500000000
45833  -32.249  -4.677  26.788 0.2500000000
46805  -28.354  -4.470  24.598 1.0000000000
46796  -29.927  -3.728  25.311 0.7500000000
46797  -30.905  -3.502  25.405 0.3750000000
46815  -27.596  -4.486  23.996 0.8750000000
46806  -29.170  -4.129  24.435 0.8750000000
46807  -29.934  -3.535  24.403 0.8750000000
46816  -28.272  -4.327  23.595 0.8750000000
46817  -29.153  -3.908  23.441 0.8750000000
47693  -28.260  -3.132  21.014 0.8750000000
47707  -28.103  -3.213  20.433 0.8750000000
49289  -32.479  -1.128  27.173 0.1250000000
50072  -32.108  0.448  26.762 0.1250000000
47667  -33.590  -2.746  27.316 0.1250000000
48515  -33.329  -1.469  27.210 0.1250000000
46789  -33.301  -4.541  26.811 0.2500000000
45840  -32.325  -4.768  26.239 0.2500000000
45834  -32.792  -5.072  26.775 0.2500000000
46798  -32.030  -4.079  25.472 0.2500000000
46808  -30.860  -3.097  24.461 0.5000000000
46809  -32.132  -3.476  24.660 0.5000000000
46818  -29.962  -3.328  23.233 0.8750000000
47684  -30.438  -3.037  23.109 0.8750000000
46825  -29.072  -3.715  22.424 1.0000000000
47690  -30.204  -2.992  22.441 0.8750000000
46836  -28.932  -3.342  21.641 0.8750000000
46826  -29.639  -3.291  22.103 0.8750000000
49303  -33.035  -0.610  26.814 0.1250000000
47668  -34.324  -2.309  27.740 0.1250000000
48503  -33.883  -1.869  27.807 0.1250000000
46799  -32.839  -4.369  25.133 0.2500000000
45842  -33.269  -4.606  25.774 0.2500000000
46810  -32.997  -3.678  24.522 0.3750000000
47679  -32.350  -2.775  24.028 0.5000000000
47678  -31.349  -2.711  24.175 0.6250000000
48530  -31.366  -2.162  23.933 0.8750000000
46819  -30.431  -3.034  23.606 0.8750000000
47685  -30.605  -2.662  23.659 0.8750000000
48534  -30.639  -1.758  23.765 0.8750000000
48536  -31.968  -2.006  23.543 0.8750000000
47691  -30.470  -2.564  22.837 0.8750000000
48535  -30.644  -2.016  23.276 0.8750000000
48541  -30.473  -1.893  22.534 1.0000000000
46837  -29.352  -3.029  21.622 0.8750000000
47695  -29.721  -2.539  21.636 0.8750000000
48549  -30.298  -1.619  21.572 1.0000000000
47694  -28.938  -2.728  21.219 0.8750000000
47672  -34.569  -2.477  27.396 0.1250000000
48516  -34.234  -1.465  27.206 0.1250000000
47671  -33.913  -2.851  26.817 0.2500000000
47675  -34.048  -2.775  26.316 0.1250000000
48550  -31.001  -1.150  20.899 1.0000000000
48517  -35.096  -2.110  27.192 0.1250000000
46800  -33.442  -3.774  25.394 0.2500000000
47681  -33.780  -2.741  25.151 0.2500000000
47680  -33.190  -2.977  24.354 0.5000000000
47686  -32.523  -2.326  23.640 0.5000000000
48542  -32.110  -1.482  23.291 0.8750000000
49326  -31.381  -1.207  23.376 0.8750000000
49331  -31.566  -0.922  22.846 0.8750000000
48543  -32.495  -1.383  23.017 0.8750000000
49338  -30.743  -1.210  22.345 0.8750000000
49339  -31.283  -0.758  21.800 1.0000000000
48561  -30.444  -1.559  20.397 0.8750000000
49351  -31.635  -0.555  20.716 1.0000000000
48524  -34.703  -1.771  26.251 0.1250000000
47688  -33.426  -2.345  24.288 0.3750000000
48531  -33.859  -1.664  24.946 0.3750000000
47687  -32.957  -2.447  23.730 0.5000000000
48537  -32.600  -1.978  23.341 0.6250000000
48538  -33.283  -1.534  23.503 0.5000000000
49332  -32.268  -0.741  22.523 0.7500000000
48544  -32.833  -1.157  22.810 0.7500000000
49327  -33.591  -0.502  23.515 0.6250000000
49333  -33.111  -0.552  22.469 0.7500000000
50111  -33.631  0.330  21.934 0.7500000000
49340  -32.276  -0.342  21.570 0.8750000000
49341  -33.058  -0.031  21.288 0.7500000000
48562  -31.223  -1.112  20.045 0.8750000000
49352  -32.563  -0.014  20.462 1.0000000000
49353  -33.132  0.094  20.692 0.8750000000
49363  -32.436  0.180  19.781 0.8750000000
49322  -33.851  -0.688  24.556 0.3750000000
50107  -33.756  0.239  23.094 0.7500000000
50108  -34.262  0.926  22.653 0.6250000000
50119  -33.708  0.279  20.689 0.7500000000
50112  -34.370  0.842  21.555 0.7500000000
50118  -33.148  0.158  20.378 1.0000000000
50129  -33.150  0.270  19.683 0.8750000000
50845  -34.959  1.343  22.266 0.5000000000
50856  -35.041  1.236  21.391 0.6250000000
50120  -34.748  0.852  20.519 0.8750000000
50130  -34.228  0.397  19.641 0.7500000000
50842  -36.481  1.461  22.566 0.3750000000
50846  -35.710  1.394  21.903 0.5000000000
50857  -35.627  1.363  20.851 0.5000000000
50121  -35.320  1.127  20.088 0.8750000000
50139  -33.794  0.270  18.687 0.8750000000
50131  -35.015  0.781  19.581 0.7500000000
50132  -35.475  1.174  19.576 0.6250000000
50141  -35.384  1.061  18.951 0.7500000000
50889  -35.847  1.451  18.634 0.8750000000
50882  -38.093  1.896  18.433 0.8750000000
51569  -38.766  2.707  18.192 0.7500000000
52251  -39.286  3.805  18.574 0.6250000000
52862  -39.805  5.029  19.442 0.6250000000
50847  -36.431  1.540  21.560 0.5000000000
50843  -37.154  1.756  22.248 0.2500000000
50858  -36.469  1.551  20.628 0.5000000000
50848  -37.140  1.769  21.260 0.5000000000
50869  -35.873  1.373  20.024 0.7500000000
50879  -35.897  1.433  19.321 0.7500000000
50870  -36.534  1.507  19.791 0.7500000000
50880  -36.496  1.602  18.992 0.7500000000
50881  -37.229  1.756  18.682 0.7500000000
50872  -37.962  1.764  19.340 0.7500000000
51560  -38.428  2.534  19.239 0.7500000000
52239  -39.305  3.984  19.769 0.6250000000
52250  -38.913  3.241  19.164 0.7500000000
51528  -37.736  2.210  21.896 0.2500000000
51537  -37.735  2.092  20.933 0.3750000000
51538  -38.304  2.666  21.478 0.1250000000
50859  -37.250  1.683  20.353 0.7500000000
50871  -37.213  1.624  19.515 0.7500000000
51552  -37.788  1.882  20.397 0.3750000000
51553  -38.226  2.346  20.305 0.3750000000
52238  -38.807  3.220  20.057 0.5000000000
52227  -39.418  3.868  20.788 0.2500000000
52850  -40.724  5.178  20.498 0.2500000000
52205  -38.893  3.374  22.167 0.1250000000
52226  -38.964  3.139  21.094 0.1250000000
52206  -39.719  3.828  21.839 0.1250000000
52189  -39.700  3.628  22.902 0.1250000000
52190  -40.610  3.659  22.635 0.1250000000
52174  -41.953  3.872  23.161 0.1250000000
52207  -40.700  3.917  21.824 0.2500000000
52833  -40.744  4.491  21.255 0.2500000000
52823  -41.949  4.175  22.029 0.1250000000
53532  -43.101  5.352  23.221 0.1250000000
52849  -39.889  4.601  20.591 0.2500000000
52834  -41.648  4.977  21.431 0.2500000000
53542  -42.929  5.895  22.488 0.1250000000
54210  -43.638  6.078  22.303 0.1250000000
54221  -44.132  6.266  21.920 0.1250000000
54209  -43.268  6.275  22.019 0.1250000000
32654  -3.484  -19.271  44.770 0.3750000000
34550  -1.934  -17.568  44.462 0.5000000000
32668  -3.717  -18.882  43.781 0.6250000000
33641  -2.874  -17.992  43.583 0.6250000000
35562  -3.316  -15.585  45.279 0.5000000000
32682  -4.144  -18.799  42.717 0.3750000000
32681  -3.635  -18.401  43.152 0.6250000000
34564  -3.371  -16.486  43.714 0.5000000000
35581  -4.555  -15.438  43.154 0.6250000000
35589  -5.023  -15.238  42.491 0.6250000000
35604  -6.024  -15.023  40.380 0.7500000000
37511  -6.143  -13.766  43.826 0.1250000000
43706  -25.966  -6.508  40.021 0.3750000000
36545  -6.570  -14.705  40.443 0.7500000000
43704  -24.174  -6.754  39.718 0.6250000000
43707  -26.865  -7.024  40.101 0.3750000000
43722  -26.393  -6.901  39.422 0.5000000000
42862  -23.524  -7.379  37.683 0.8750000000
42873  -24.821  -7.445  36.785 1.0000000000
41144  -24.378  -9.667  33.962 1.0000000000
34650  -15.081  -16.553  33.164 0.1250000000
41159  -24.071  -9.921  33.050 1.0000000000
42034  -23.557  -9.398  32.653 1.0000000000
42032  -22.102  -8.625  32.790 1.0000000000
42038  -22.180  -8.844  32.052 1.0000000000
41188  -23.544  -9.913  31.474 1.0000000000
41173  -23.305  -9.272  31.946 1.0000000000
41189  -24.057  -10.014  31.847 1.0000000000
41186  -21.863  -9.483  31.194 1.0000000000
41198  -23.109  -9.857  31.023 1.0000000000
41196  -22.056  -9.645  30.166 1.0000000000
41197  -22.689  -9.734  30.549 1.0000000000
40339  -20.741  -10.412  31.112 0.8750000000
41185  -21.192  -9.857  31.223 1.0000000000
40363  -22.813  -10.102  29.789 1.0000000000
40362  -21.934  -9.842  29.399 0.8750000000
40373  -22.440  -10.586  28.959 0.8750000000
40351  -20.736  -10.368  30.065 0.8750000000
39474  -22.936  -11.452  28.739 0.8750000000
37512  -6.710  -13.554  43.311 0.2500000000
37528  -7.374  -13.771  41.833 0.6250000000
37582  -9.586  -14.234  37.112 0.7500000000
41983  -21.580  -9.499  37.346 1.0000000000
36589  -10.272  -14.520  36.189 0.6250000000
36597  -11.211  -14.357  34.960 0.5000000000
37607  -11.434  -13.990  34.729 0.7500000000
37619  -12.623  -13.688  33.733 0.6250000000
42021  -21.068  -8.908  34.139 1.0000000000
41176  -25.625  -10.299  32.602 1.0000000000
40330  -26.212  -10.510  31.957 1.0000000000
40307  -19.928  -10.895  34.959 1.0000000000
40342  -24.177  -10.262  31.376 1.0000000000
40364  -23.812  -10.935  29.626 0.8750000000
39463  -24.014  -11.259  29.239 0.8750000000
40354  -23.446  -10.204  30.670 1.0000000000
40341  -23.695  -10.187  31.208 1.0000000000
40343  -24.968  -10.474  31.184 1.0000000000
39475  -23.841  -11.437  28.908 0.7500000000
40374  -23.214  -10.918  29.171 0.8750000000
38544  -19.939  -12.356  31.326 0.7500000000
38579  -24.120  -12.732  28.140 0.7500000000
38450  -19.715  -12.669  42.974 0.6250000000
40260  -19.670  -10.736  42.439 0.6250000000
34596  -21.578  -16.160  40.520 0.8750000000
37556  -22.382  -14.184  39.510 0.8750000000
38502  -10.554  -12.954  37.493 1.0000000000
38508  -21.865  -13.538  37.940 0.8750000000
39410  -20.980  -12.353  36.868 1.0000000000
40366  -25.669  -10.804  29.627 0.8750000000
38580  -24.962  -12.447  27.681 0.5000000000
81966  -14.833  -10.952  36.905 1.0000000000
81978  -15.015  -10.668  36.324 1.0000000000
38462  -17.900  -12.243  41.176 0.7500000000
81955  -14.413  -11.314  37.804 1.0000000000
40291  -16.937  -12.253  38.583 0.8750000000
37555  -19.607  -14.413  39.610 0.8750000000
41156  -15.788  -10.385  35.635 1.0000000000
39399  -17.311  -12.385  38.870 0.8750000000
37554  -18.734  -13.854  39.373 0.8750000000
36558  -20.279  -15.308  39.329 0.8750000000
39424  -14.259  -10.891  35.772 1.0000000000
40311  -14.932  -10.216  34.169 1.0000000000
81972  -16.265  -11.476  35.851 1.0000000000
81979  -16.029  -11.309  34.919 1.0000000000
38499  -17.994  -13.068  38.556 0.8750000000
35626  -21.327  -16.280  38.597 0.8750000000
36583  -21.432  -15.040  37.657 0.8750000000
39416  -11.683  -11.500  36.482 1.0000000000
39428  -14.561  -10.895  34.234 1.0000000000
38506  -18.267  -12.990  37.329 1.0000000000
38516  -20.089  -12.893  35.993 1.0000000000
41149  -29.620  -9.439  33.972 0.8750000000
41150  -30.272  -9.188  33.546 0.7500000000
41203  -31.077  -9.418  31.135 1.0000000000
39392  -11.032  -12.408  38.757 1.0000000000
38505  -13.438  -11.112  36.575 1.0000000000
38504  -13.081  -11.247  36.739 1.0000000000
37587  -13.129  -11.378  35.902 1.0000000000
39429  -15.558  -11.269  34.052 1.0000000000
81957  -17.810  -13.066  36.621 1.0000000000
42006  -29.156  -7.977  35.051 0.5000000000
42896  -30.593  -7.706  32.068 0.6250000000
42028  -30.727  -8.383  32.905 0.7500000000
41201  -29.786  -9.082  31.107 1.0000000000
42042  -28.943  -8.428  31.259 0.7500000000
42900  -28.761  -8.003  31.737 0.6250000000
42894  -28.532  -7.627  32.581 0.6250000000
42944  -26.198  -7.627  25.609 1.0000000000
46783  -27.255  -4.322  26.320 0.7500000000
45846  -26.834  -4.584  25.069 0.8750000000
46785  -28.910  -3.808  26.232 0.6250000000
47708  -28.548  -2.878  20.205 0.8750000000
46863  -27.797  -3.670  19.422 0.8750000000
49302  -32.017  -0.404  27.084 0.1250000000
46780  -33.394  -3.683  26.881 0.1250000000
45841  -32.788  -4.960  25.883 0.2500000000
46790  -33.448  -3.961  26.341 0.2500000000
47696  -30.217  -2.374  22.207 0.8750000000
50860  -37.757  1.715  19.988 0.7500000000
52832  -40.061  4.230  21.319 0.2500000000
52191  -41.487  3.794  22.445 0.1250000000
52208  -41.368  4.135  21.730 0.2500000000
52192  -42.116  4.139  22.668 0.1250000000
52824  -42.372  4.897  22.433 0.2500000000
52835  -42.254  5.658  21.902 0.2500000000
35631  -6.241  -15.277  37.685 0.6250000000
35632  -6.838  -14.948  37.465 0.6250000000
36578  -7.397  -14.589  37.745 0.6250000000
35637  -7.201  -15.430  37.164 0.5000000000
36586  -7.998  -14.977  37.283 0.5000000000
36587  -8.775  -14.996  37.148 0.5000000000
36595  -10.145  -15.154  36.054 0.2500000000
35644  -10.412  -15.759  35.704 0.3750000000
42820  -27.962  -7.213  41.257 0.2500000000
36577  -6.744  -14.827  37.738 0.6250000000
36568  -7.356  -14.537  38.678 0.7500000000
36579  -8.423  -14.425  37.480 0.6250000000
36580  -9.126  -14.454  37.216 0.6250000000
36588  -9.601  -14.825  36.661 0.6250000000
36596  -10.701  -14.746  35.505 0.3750000000
36604  -11.181  -15.011  34.822 0.3750000000
36605  -11.662  -14.639  34.343 0.6250000000
36606  -12.286  -14.441  33.908 0.5000000000
35663  -13.452  -15.312  33.627 0.3750000000
36648  -19.766  -14.659  30.579 0.5000000000
37672  -23.020  -13.222  28.265 0.7500000000
37674  -24.671  -13.393  27.671 0.1250000000
36619  -12.581  -14.220  33.594 0.5000000000
36657  -20.429  -14.511  29.981 0.6250000000
37654  -20.534  -13.452  29.761 0.7500000000
38559  -20.735  -12.374  29.683 0.7500000000
37663  -21.711  -13.237  28.702 0.7500000000
37664  -22.347  -13.203  28.357 0.7500000000
38568  -22.712  -12.379  28.484 0.7500000000
38567  -21.904  -12.379  28.682 0.7500000000
38578  -23.420  -12.778  28.288 0.7500000000
37682  -25.213  -13.086  27.174 0.2500000000
37683  -25.836  -13.290  26.686 0.2500000000
40248  -10.884  -10.492  42.331 0.3750000000
39342  -10.365  -10.960  42.811 0.3750000000
38485  -10.083  -13.078  39.556 0.7500000000
38486  -10.418  -12.695  39.633 0.7500000000
40276  -10.815  -11.422  39.775 0.7500000000
39382  -10.915  -12.204  39.428 0.7500000000
42881  -28.743  -7.336  36.239 0.2500000000
37646  -19.979  -13.655  30.443 0.6250000000
39458  -20.469  -11.360  30.303 0.7500000000
39461  -20.879  -11.289  29.346 0.7500000000
40372  -21.708  -10.513  28.894 0.7500000000
39476  -24.891  -11.731  28.480 0.7500000000
39489  -25.570  -11.901  27.873 0.6250000000
38593  -25.467  -12.623  26.967 0.3750000000
38594  -25.560  -12.247  26.209 0.2500000000
39352  -10.259  -11.088  42.168 0.3750000000
39365  -9.992  -11.203  41.250 0.5000000000
40255  -10.687  -10.526  41.282 0.5000000000
39364  -9.743  -12.011  41.373 0.5000000000
38461  -9.201  -12.652  41.279 0.5000000000
39373  -9.758  -12.289  40.844 0.5000000000
39374  -10.291  -11.895  40.440 0.5000000000
40265  -10.539  -10.866  40.329 0.6250000000
37531  -9.214  -13.052  40.592 0.6250000000
38472  -9.832  -12.633  40.271 0.5000000000
38473  -10.379  -12.379  39.963 0.6250000000
39383  -11.378  -11.453  39.190 0.7500000000
39384  -11.706  -11.020  39.131 0.7500000000
39393  -11.290  -11.767  38.321 0.8750000000
39394  -11.944  -11.141  38.551 0.8750000000
39406  -12.321  -11.138  37.470 0.8750000000
38554  -20.163  -12.504  30.509 0.7500000000
39490  -26.147  -11.314  27.573 0.7500000000
39491  -26.608  -10.805  27.923 0.8750000000
38553  -19.711  -12.992  30.988 0.6250000000
38581  -25.563  -11.971  27.123 0.5000000000
40266  -11.531  -10.560  40.372 0.6250000000
40277  -11.307  -10.913  39.623 0.6250000000
40296  -12.877  -10.903  37.568 0.8750000000
40388  -26.492  -10.152  27.626 0.8750000000
39506  -25.711  -11.272  26.515 0.5000000000
40267  -12.757  -10.395  40.424 0.7500000000
40278  -12.397  -10.792  39.220 0.7500000000
39367  -18.154  -11.740  41.899 0.6250000000
40288  -13.497  -10.799  38.290 0.8750000000
40287  -12.730  -10.888  38.095 0.8750000000
39395  -13.673  -10.909  37.574 0.8750000000
42882  -29.041  -7.105  35.731 0.2500000000
43743  -30.583  -6.090  36.405 0.2500000000
42885  -28.922  -7.133  34.479 0.3750000000
41231  -26.562  -9.283  26.548 0.7500000000
41212  -26.686  -9.608  28.135 0.8750000000
41239  -25.856  -9.180  25.425 0.6250000000
40401  -26.411  -9.764  26.944 0.6250000000
40413  -25.223  -9.977  25.277 0.6250000000
40414  -25.513  -10.236  25.681 0.6250000000
40270  -17.917  -10.804  41.340 0.5000000000
40279  -13.650  -10.622  39.336 0.7500000000
39376  -17.581  -11.668  40.882 0.6250000000
39408  -13.804  -10.981  37.140 0.8750000000
42091  -26.149  -8.498  25.646 0.7500000000
41240  -26.361  -9.056  25.995 0.6250000000
42082  -26.614  -8.507  26.412 0.8750000000
41250  -25.725  -9.026  24.564 0.6250000000
42099  -25.773  -8.205  23.786 0.5000000000
82151  -25.770  -7.700  23.264 0.5000000000
42107  -26.042  -8.058  22.884 0.2500000000
40289  -14.258  -10.887  38.516 0.8750000000
40283  -17.061  -11.603  40.036 0.7500000000
41110  -16.817  -11.155  40.072 0.6250000000
39396  -14.004  -10.897  37.875 0.8750000000
42943  -25.849  -7.242  24.742 0.6250000000
42950  -25.680  -7.117  23.553 0.6250000000
82146  -25.783  -7.445  22.937 0.6250000000
40290  -14.807  -11.229  38.512 0.8750000000
82145  -25.921  -6.592  23.102 0.6250000000
45876  -25.946  -7.337  22.380 0.3750000000
44863  -26.269  -6.443  22.296 0.3750000000
44896  -26.242  -7.202  21.664 0.3750000000
44881  -26.383  -6.789  21.499 0.3750000000
43853  -26.580  -6.987  21.050 0.3750000000
43854  -27.076  -6.669  20.559 0.5000000000
43855  -27.528  -6.060  19.663 0.5000000000
43032  -27.817  -6.513  19.205 0.5000000000
82147  -26.066  -6.287  23.559 0.6250000000
43837  -26.608  -6.569  21.196 0.5000000000
43838  -26.991  -6.019  20.850 0.5000000000
44897  -27.640  -5.263  18.639 0.5000000000
44911  -27.718  -5.325  17.657 0.3750000000
44812  -27.480  -5.487  28.833 0.3750000000
44819  -27.490  -5.250  28.062 0.2500000000
44828  -26.330  -5.674  24.205 0.7500000000
82150  -26.159  -6.172  24.085 0.7500000000
45845  -26.401  -4.859  24.518 0.7500000000
43817  -26.455  -5.614  23.292 0.7500000000
44834  -26.555  -5.041  23.629 0.7500000000
44850  -26.841  -5.363  22.550 0.6250000000
44864  -27.049  -5.462  21.617 0.6250000000
43839  -27.396  -5.629  20.227 0.5000000000
44882  -27.504  -5.063  19.735 0.6250000000
46880  -27.660  -4.024  18.228 0.5000000000
46881  -28.263  -3.669  17.850 0.5000000000
48577  -30.730  -1.672  18.865 0.6250000000
48571  -31.227  -1.054  19.139 0.7500000000
49362  -31.764  -0.215  19.581 0.8750000000
45904  -27.625  -4.539  17.975 0.5000000000
47737  -29.775  -2.775  18.015 0.5000000000
47731  -30.248  -2.255  18.487 0.6250000000
48578  -31.164  -1.150  18.286 0.6250000000
49368  -31.426  -0.347  18.534 0.6250000000
50137  -31.903  0.349  18.637 0.7500000000
46885  -28.417  -4.256  17.308 0.2500000000
46882  -29.318  -3.281  17.621 0.3750000000
46883  -29.926  -3.034  17.666 0.5000000000
47738  -30.514  -2.489  17.697 0.3750000000
49376  -31.440  -0.899  17.079 0.6250000000
50138  -32.795  0.402  18.582 0.6250000000
45849  -26.492  -4.547  24.017 0.7500000000
46814  -27.047  -4.410  24.163 0.7500000000
44842  -26.786  -5.074  23.174 0.6250000000
45877  -27.419  -4.764  21.275 0.6250000000
44865  -27.335  -5.266  20.688 0.6250000000
45895  -27.586  -4.367  18.862 0.6250000000
46872  -27.797  -3.759  18.590 0.5000000000
48570  -30.759  -1.513  19.594 0.7500000000
46873  -28.161  -3.315  18.859 0.6250000000
47729  -28.712  -2.907  18.649 0.5000000000
47730  -29.505  -2.587  18.685 0.5000000000
47722  -30.055  -2.068  19.556 0.6250000000
50148  -32.147  0.438  17.609 0.6250000000
49377  -32.061  -0.523  16.792 0.5000000000
49374  -31.859  -0.012  17.141 0.6250000000
48586  -32.363  -1.530  16.519 0.3750000000
48587  -33.186  -1.680  16.222 0.2500000000
48589  -33.807  -1.672  15.821 0.1250000000
45856  -27.146  -4.743  22.903 0.6250000000
45851  -27.508  -4.472  23.357 0.8750000000
45862  -27.339  -4.755  22.124 0.6250000000
45857  -27.689  -4.381  22.795 0.7500000000
46824  -28.346  -4.083  22.667 0.8750000000
45863  -27.788  -4.259  22.173 0.8750000000
50840  -35.027  1.273  23.303 0.2500000000
46835  -28.104  -3.797  21.662 0.7500000000
45878  -27.465  -4.525  20.498 0.7500000000
46852  -27.733  -3.688  20.493 0.7500000000
48548  -29.750  -1.959  21.201 0.7500000000
45889  -27.532  -4.248  19.775 0.7500000000
47709  -29.425  -2.199  20.573 0.7500000000
46864  -28.206  -3.222  19.554 0.7500000000
47720  -28.535  -2.959  19.332 0.7500000000
47721  -29.110  -2.555  19.483 0.7500000000
50149  -33.288  0.381  17.712 0.7500000000
50155  -32.771  0.232  16.852 0.5000000000
50150  -34.370  0.310  17.836 0.6250000000
49378  -33.253  -0.670  16.372 0.3750000000
49385  -34.049  -0.931  15.840 0.2500000000
49384  -33.571  -1.235  16.051 0.2500000000
50104  -33.944  0.191  24.247 0.3750000000
50105  -34.413  0.842  23.791 0.2500000000
50835  -35.868  1.080  23.828 0.2500000000
50841  -35.760  1.314  22.890 0.2500000000
48560  -29.939  -1.798  20.826 0.8750000000
50140  -34.755  0.520  18.762 0.7500000000
50156  -33.812  0.258  16.906 0.5000000000
49379  -34.385  -0.231  16.338 0.5000000000
50162  -37.155  0.399  14.905 0.2500000000
50911  -37.761  1.413  13.256 0.1250000000
50921  -38.283  1.561  12.122 0.1250000000
51616  -38.980  2.160  11.796 0.2500000000
51617  -39.680  2.066  11.515 0.1250000000
51610  -39.783  2.091  12.456 0.2500000000
50922  -40.350  2.053  11.770 0.2500000000
50151  -35.446  0.950  17.927 0.7500000000
50157  -34.910  0.322  17.042 0.5000000000
49380  -35.382  -0.029  16.371 0.5000000000
50158  -36.026  0.752  16.841 0.5000000000
49381  -36.009  0.129  16.307 0.3750000000
50900  -36.980  1.414  15.346 0.3750000000
50904  -37.311  1.337  14.350 0.2500000000
50912  -38.291  1.811  12.910 0.2500000000
51609  -38.827  2.117  12.708 0.1250000000
50923  -40.736  2.111  11.836 0.2500000000
50152  -36.091  1.339  17.458 0.6250000000
50899  -36.679  1.511  16.247 0.3750000000
51601  -37.789  1.970  14.108 0.3750000000
51593  -37.359  2.266  14.853 0.3750000000
51602  -38.466  2.223  13.589 0.3750000000
51603  -39.472  2.419  13.414 0.3750000000
51604  -40.404  2.572  13.311 0.3750000000
52273  -40.896  3.019  13.353 0.5000000000
52274  -41.510  3.377  12.954 0.3750000000
51611  -40.665  2.272  12.403 0.3750000000
51612  -41.261  2.618  12.289 0.3750000000
52301  -42.469  2.984  11.482 0.3750000000
52300  -41.987  2.763  11.445 0.2500000000
51621  -43.038  2.673  10.852 0.2500000000
51631  -43.613  1.993  10.362 0.1250000000
50890  -36.341  1.732  18.067 0.7500000000
51581  -37.040  2.128  16.792 0.6250000000
50894  -36.699  1.737  17.096 0.6250000000
51588  -36.996  2.465  15.854 0.3750000000
52898  -44.383  5.294  14.412 0.5000000000
52899  -45.691  5.168  14.304 0.1250000000
53654  -45.366  5.468  15.162 0.1250000000
52900  -46.767  4.949  14.352 0.1250000000
52907  -43.408  4.328  13.395 0.6250000000
52908  -44.079  4.552  13.473 0.2500000000
52909  -45.166  4.814  13.416 0.2500000000
52910  -46.289  4.678  13.509 0.1250000000
51595  -39.274  2.854  14.322 0.5000000000
52275  -42.728  4.013  13.202 0.7500000000
52276  -43.906  3.831  13.066 0.7500000000
52278  -45.952  4.021  12.936 0.3750000000
52287  -41.850  2.969  11.970 0.3750000000
52288  -42.544  3.428  12.222 0.5000000000
52302  -43.337  3.010  11.608 0.6250000000
52290  -44.736  3.247  12.450 0.7500000000
52277  -44.919  3.935  12.994 0.5000000000
51622  -43.935  2.355  11.123 0.3750000000
52303  -44.370  2.718  11.810 0.6250000000
52863  -40.559  5.484  19.792 0.3750000000
53580  -40.691  5.572  19.114 0.3750000000
53581  -41.865  5.597  19.242 0.2500000000
53579  -39.962  5.389  18.664 0.3750000000
53602  -40.361  5.522  18.280 0.5000000000
53603  -41.276  5.558  18.382 0.3750000000
53604  -42.426  5.548  18.461 0.2500000000
53619  -42.822  5.489  17.653 0.1250000000
50891  -37.269  1.964  17.816 0.7500000000
52875  -39.611  4.847  18.143 0.6250000000
53618  -41.719  5.447  17.650 0.2500000000
50895  -37.363  2.071  17.067 0.7500000000
52256  -39.272  3.779  17.391 0.7500000000
53616  -39.985  5.296  17.787 0.5000000000
53617  -40.651  5.437  17.537 0.7500000000
53628  -42.038  5.253  16.908 0.2500000000
53629  -43.057  5.359  16.826 0.2500000000
54298  -47.340  6.805  16.061 0.1250000000
52879  -39.903  4.844  16.973 0.7500000000
52880  -40.520  5.253  16.921 0.7500000000
53627  -41.131  5.309  16.926 0.7500000000
53640  -42.182  5.280  16.001 0.6250000000
53641  -43.237  5.264  15.965 0.2500000000
53642  -44.206  5.540  15.856 0.1250000000
53634  -47.699  5.770  16.204 0.1250000000
54292  -47.476  6.256  16.284 0.1250000000
54294  -49.099  6.251  16.639 0.1250000000
51587  -36.899  2.107  16.503 0.6250000000
52884  -40.545  5.240  16.256 0.7500000000
53639  -41.354  5.360  16.211 0.7500000000
52889  -42.448  5.103  15.058 0.5000000000
53643  -45.189  5.647  15.921 0.1250000000
53644  -46.100  5.498  15.880 0.1250000000
53645  -47.020  5.342  15.870 0.1250000000
53646  -47.973  5.372  15.839 0.1250000000
53647  -48.917  5.491  15.800 0.1250000000
53637  -50.065  5.740  16.316 0.1250000000
54300  -48.820  6.769  16.168 0.1250000000
51589  -38.014  2.751  15.603 0.3750000000
52883  -39.950  4.664  15.663 0.7500000000
52888  -40.959  4.998  14.977 0.7500000000
52890  -43.511  5.297  15.084 0.5000000000
53653  -44.614  5.561  15.298 0.1250000000
53655  -46.348  5.226  15.164 0.1250000000
52901  -47.763  4.799  14.378 0.1250000000
53657  -48.327  5.119  15.073 0.1250000000
54308  -49.910  5.117  14.709 0.1250000000
53649  -50.247  5.688  15.464 0.1250000000
54303  -50.596  6.243  15.101 0.1250000000
51594  -38.253  2.650  14.593 0.5000000000
52887  -40.144  4.499  14.982 0.7500000000
52896  -41.912  4.690  14.270 0.7500000000
52897  -43.045  4.782  14.045 0.6250000000
52913  -49.232  4.199  14.152 0.1250000000
52266  -39.985  3.139  14.406 0.5000000000
52263  -40.346  4.223  14.696 0.7500000000
52895  -41.253  4.363  14.225 0.7500000000
52269  -42.299  4.429  13.793 0.7500000000
52292  -46.743  3.830  12.063 0.3750000000
52279  -46.974  3.981  12.905 0.3750000000
52280  -47.963  3.852  12.992 0.3750000000
52267  -40.657  3.607  14.065 0.5000000000
52268  -41.701  4.077  13.764 0.7500000000
52291  -45.738  3.625  12.202 0.5000000000
52304  -45.653  3.199  11.265 0.6250000000
51623  -44.830  2.383  11.126 0.5000000000
50944  -45.052  1.783  10.006 0.2500000000
50892  -38.047  2.076  17.519 0.7500000000
51570  -39.201  3.223  17.909 0.7500000000
50896  -37.786  2.326  16.920 0.7500000000
51578  -38.410  2.554  17.166 0.7500000000
51579  -39.045  2.911  17.443 0.7500000000
51582  -37.247  2.430  16.607 0.7500000000
51583  -37.869  2.570  16.443 0.7500000000
51584  -38.825  2.907  16.525 0.7500000000
52259  -39.192  3.958  16.110 0.7500000000
54867  -49.936  7.181  15.622 0.1250000000
52914  -50.113  4.195  13.839 0.1250000000
53667  -50.410  5.023  13.828 0.1250000000
54316  -51.440  6.181  13.005 0.1250000000
55473  -50.796  7.753  13.406 0.1250000000
55456  -50.242  7.818  14.154 0.1250000000
51590  -39.010  2.955  15.420 0.5000000000
52262  -39.717  3.778  14.899 0.6250000000
52281  -48.889  3.791  13.192 0.1250000000
52296  -50.162  3.925  12.748 0.1250000000
52915  -50.707  4.412  13.075 0.1250000000
53683  -51.256  5.405  11.418 0.1250000000
54325  -52.536  6.089  11.076 0.1250000000
55504  -51.906  7.705  11.377 0.1250000000
52307  -48.495  2.894  11.045 0.3750000000
51633  -45.329  2.478  10.401 0.2500000000
50945  -45.368  2.182  9.778 0.2500000000
52311  -45.898  3.494  10.191 0.5000000000
39472  -21.318  -10.964  28.855 0.7500000000
37573  -7.635  -14.195  38.294 0.6250000000
39397  -14.402  -11.217  38.086 0.8750000000
39407  -13.217  -11.002  37.109 0.8750000000
41220  -26.807  -9.246  27.349 0.8750000000
42893  -27.914  -7.087  32.696 0.5000000000
45850  -26.949  -4.575  23.559 0.7500000000
50128  -32.374  0.330  19.280 0.7500000000
37673  -23.792  -13.344  28.184 0.6250000000
46851  -27.471  -4.136  21.129 0.7500000000
36567  -6.750  -14.871  38.298 0.6250000000
35639  -9.168  -15.718  37.010 0.5000000000
35652  -12.591  -15.424  34.142 0.2500000000
37655  -21.194  -13.276  29.224 0.6250000000
38560  -21.343  -12.370  29.117 0.7500000000
39462  -21.476  -11.659  28.936 0.7500000000
39351  -9.780  -11.706  42.156 0.5000000000
39522  -25.511  -11.304  25.536 0.3750000000
41230  -26.078  -9.638  26.278 0.6250000000
42090  -25.802  -8.120  24.766 0.6250000000
82148  -25.753  -7.062  22.735 0.6250000000
82143  -26.305  -7.750  22.178 0.2500000000
43006  -26.780  -7.306  21.177 0.2500000000
43852  -26.572  -7.268  21.357 0.2500000000
43875  -27.856  -6.121  18.277 0.3750000000
43808  -26.376  -5.345  23.762 0.7500000000
47736  -29.042  -2.888  18.031 0.5000000000
48582  -30.748  -1.796  18.155 0.6250000000
48583  -31.168  -1.478  17.543 0.6250000000
47739  -31.153  -2.133  17.207 0.5000000000
49373  -31.526  -0.432  17.569 0.6250000000
50147  -31.599  0.135  18.039 0.6250000000
46834  -27.578  -4.323  21.666 0.7500000000
47710  -29.974  -1.911  20.346 0.8750000000
50168  -37.462  0.509  13.820 0.1250000000
49387  -36.010  -0.613  16.012 0.3750000000
51596  -40.019  2.780  13.990 0.3750000000
51605  -40.959  2.721  12.914 0.3750000000
51632  -44.532  1.999  10.571 0.1250000000
52911  -47.322  4.435  13.648 0.2500000000
52289  -43.606  3.404  12.396 0.7500000000
53601  -39.872  5.367  18.216 0.5000000000
53630  -44.060  5.592  16.718 0.1250000000
53633  -46.818  5.803  16.291 0.1250000000
53635  -48.596  5.787  16.306 0.1250000000
54301  -49.592  6.787  16.268 0.1250000000
52891  -44.106  5.510  15.149 0.1250000000
53656  -47.334  5.032  15.187 0.1250000000
52903  -49.089  4.928  14.126 0.1250000000
53650  -50.752  5.822  14.821 0.1250000000
54876  -50.976  7.251  14.240 0.1250000000
52912  -48.248  4.095  13.922 0.1250000000
52293  -47.763  3.662  12.002 0.3750000000
54873  -49.046  7.535  14.687 0.1250000000
53672  -51.514  5.428  12.295 0.1250000000
52929  -50.236  4.671  11.453 0.1250000000
30121  1.311  -21.593  49.438 0.1250000000
30954  0.268  -20.488  48.987 0.2500000000
30958  0.075  -21.225  48.590 0.2500000000
30123  0.398  -22.282  48.711 0.1250000000
30124  -0.090  -21.462  48.373 0.2500000000
29302  2.162  -22.211  49.659 0.1250000000
29313  -1.402  -22.000  46.069 0.2500000000
30122  2.904  -21.226  48.538 0.1250000000
30953  1.306  -20.341  49.420 0.3750000000
30959  -0.515  -20.679  48.360 0.2500000000
30120  2.186  -21.249  49.548 0.3750000000
30962  -0.811  -20.963  47.836 0.2500000000
30129  -0.929  -21.092  47.510 0.2500000000
30957  2.547  -20.432  48.711 0.3750000000
29314  -1.741  -21.685  46.254 0.2500000000
30955  -1.007  -19.949  49.303 0.3750000000
31762  1.308  -18.994  49.728 0.3750000000
30960  -1.338  -19.832  48.734 0.3750000000
30952  2.128  -20.174  49.341 0.3750000000
31761  2.056  -19.400  49.325 0.3750000000
30963  -1.196  -20.362  47.614 0.2500000000
31766  2.268  -19.620  48.802 0.3750000000
30968  -1.940  -20.484  46.696 0.2500000000
30142  -2.579  -21.460  45.468 0.2500000000
30976  -2.945  -20.753  45.452 0.2500000000
30993  -3.948  -21.150  43.926 0.2500000000
30983  -3.850  -20.721  44.378 0.2500000000
30161  -3.882  -21.419  43.563 0.2500000000
30994  -4.141  -20.743  43.673 0.2500000000
31814  -4.552  -19.820  42.746 0.2500000000
31015  -4.522  -20.639  41.922 0.1250000000
32726  -7.096  -19.174  39.096 0.1250000000
31763  0.291  -19.458  49.851 0.3750000000
31764  -0.775  -19.606  50.085 0.3750000000
30956  -1.588  -19.685  49.362 0.3750000000
31779  -2.484  -19.708  46.307 0.3750000000
31788  -3.715  -19.964  44.991 0.2500000000
31796  -4.312  -20.153  43.931 0.2500000000
31825  -4.691  -19.613  41.913 0.2500000000
32724  -5.524  -18.594  39.843 0.1250000000
32725  -6.644  -18.659  39.374 0.1250000000
32738  -7.342  -18.625  38.764 0.1250000000
80392  -0.429  -18.928  50.342 0.2500000000
80395  -0.664  -18.298  50.528 0.2500000000
31768  -2.060  -19.324  49.098 0.3750000000
31771  -1.641  -19.353  48.091 0.3750000000
80402  0.416  -17.579  50.099 0.2500000000
31778  -1.736  -19.539  47.053 0.3750000000
31787  -3.060  -19.992  45.516 0.3750000000
31805  -4.356  -19.850  43.603 0.2500000000
32693  -4.462  -18.664  41.601 0.3750000000
32706  -4.771  -18.611  40.511 0.2500000000
33682  -5.925  -17.797  39.349 0.1250000000
32737  -7.117  -18.110  39.267 0.1250000000
33689  -7.268  -17.525  38.912 0.1250000000
33694  -7.331  -17.320  38.103 0.1250000000
33695  -8.043  -17.628  38.011 0.1250000000
31874  -8.814  -18.960  37.384 0.1250000000
32760  -9.900  -18.248  36.946 0.1250000000
32761  -10.525  -18.372  36.289 0.1250000000
33696  -8.873  -17.640  37.874 0.1250000000
32750  -9.199  -18.357  37.476 0.1250000000
33700  -9.863  -17.366  36.894 0.1250000000
34631  -10.314  -16.706  36.024 0.1250000000
34522  -1.178  -17.054  50.807 0.1250000000
80404  -1.442  -17.502  50.299 0.1250000000
80403  -1.598  -17.870  49.979 0.1250000000
34524  -1.535  -17.127  49.430 0.2500000000
80400  -1.067  -17.869  50.580 0.2500000000
41945  -17.390  -7.559  43.823 0.1250000000
42798  -17.649  -7.024  44.477 0.1250000000
34520  -0.404  -17.409  50.798 0.2500000000
80410  -1.205  -18.120  50.468 0.1250000000
32627  -1.674  -18.266  48.317 0.2500000000
35537  -1.150  -17.084  48.191 0.5000000000
33590  0.106  -17.147  50.696 0.2500000000
80407  -1.800  -18.499  49.682 0.3750000000
33603  -1.711  -18.263  47.056 0.5000000000
80396  0.095  -18.463  50.340 0.2500000000
32634  -1.752  -18.840  47.436 0.5000000000
32635  -2.251  -18.860  46.707 0.5000000000
32643  -3.282  -19.519  45.196 0.3750000000
33653  -3.590  -17.875  42.797 0.3750000000
33654  -3.996  -17.834  42.139 0.5000000000
33664  -4.133  -17.722  41.127 0.2500000000
33673  -4.452  -17.591  40.185 0.2500000000
33681  -4.954  -17.572  39.460 0.1250000000
34618  -8.375  -16.877  37.801 0.1250000000
34619  -9.117  -16.958  37.633 0.1250000000
33697  -9.477  -17.527  37.359 0.1250000000
34626  -9.530  -16.660  36.979 0.1250000000
34627  -9.971  -16.957  36.569 0.1250000000
34634  -10.789  -16.339  35.458 0.2500000000
35718  -21.033  -15.148  29.894 0.5000000000
34523  -1.755  -16.392  49.929 0.1250000000
43623  -16.842  -5.834  45.607 0.1250000000
82384  -18.705  -5.123  47.905 0.2500000000
44534  -19.229  -5.505  47.128 0.2500000000
35542  -1.505  -16.638  47.518 0.2500000000
82116  -16.794  -8.226  43.676 0.1250000000
41944  -17.010  -7.554  43.690 0.1250000000
43624  -17.521  -6.220  45.689 0.1250000000
43625  -18.116  -5.811  45.971 0.1250000000
44557  -20.254  -6.018  46.013 0.2500000000
80412  -1.436  -17.434  47.227 0.5000000000
82111  -15.615  -8.784  43.384 0.1250000000
82110  -16.469  -8.831  43.379 0.1250000000
41952  -17.702  -8.327  43.653 0.1250000000
42790  -17.925  -6.680  45.577 0.1250000000
42799  -18.676  -7.368  44.817 0.1250000000
43633  -19.480  -6.312  45.511 0.2500000000
42800  -20.207  -7.254  44.721 0.2500000000
42807  -21.095  -7.233  43.920 0.2500000000
42812  -21.508  -7.601  42.617 0.2500000000
34536  -1.900  -17.729  46.753 0.3750000000
82112  -16.850  -9.025  43.334 0.1250000000
41959  -17.318  -8.905  43.345 0.1250000000
41953  -18.560  -8.308  43.711 0.1250000000
42805  -19.194  -8.203  43.958 0.2500000000
82108  -16.478  -9.156  43.106 0.1250000000
41960  -18.013  -9.064  42.999 0.1250000000
41961  -18.858  -8.743  42.820 0.1250000000
41954  -19.291  -8.401  43.335 0.2500000000
41962  -19.603  -8.507  42.567 0.2500000000
42811  -20.435  -8.164  42.063 0.2500000000
42817  -21.212  -7.803  41.264 0.2500000000
82113  -16.264  -9.371  42.610 0.2500000000
41090  -17.050  -9.439  42.670 0.2500000000
41965  -18.493  -9.254  42.350 0.1250000000
41966  -19.099  -9.049  42.120 0.2500000000
41967  -19.744  -8.684  41.653 0.2500000000
42816  -20.346  -8.243  40.995 0.2500000000
34574  -3.464  -16.988  43.107 0.3750000000
82109  -16.445  -9.598  41.814 0.2500000000
41095  -17.016  -9.625  41.833 0.3750000000
41096  -17.697  -9.584  41.955 0.2500000000
41969  -18.491  -9.508  41.822 0.2500000000
41970  -19.115  -9.429  41.642 0.3750000000
41971  -19.958  -8.959  40.957 0.3750000000
34583  -3.745  -17.152  42.543 0.5000000000
34595  -4.416  -16.764  39.637 0.5000000000
33687  -5.365  -17.232  38.754 0.2500000000
34614  -5.428  -16.614  37.888 0.2500000000
34616  -6.807  -16.860  37.598 0.1250000000
34624  -7.848  -16.226  37.412 0.2500000000
34625  -8.768  -16.310  37.432 0.1250000000
35643  -9.799  -15.922  36.343 0.1250000000
35650  -10.997  -15.681  35.143 0.2500000000
36658  -21.310  -14.323  29.352 0.5000000000
35531  -2.074  -15.603  50.507 0.1250000000
35533  -1.767  -16.058  50.243 0.1250000000
35530  -1.402  -15.968  50.737 0.1250000000
35534  -2.193  -15.761  49.721 0.1250000000
35527  -0.831  -16.656  51.073 0.1250000000
80408  -1.540  -16.694  50.295 0.1250000000
35538  -1.902  -16.113  48.367 0.1250000000
41951  -14.383  -8.894  44.389 0.1250000000
41943  -14.667  -8.370  44.592 0.1250000000
82117  -15.141  -8.314  44.151 0.1250000000
82119  -15.498  -7.977  44.220 0.1250000000
42788  -17.125  -6.485  44.891 0.1250000000
82381  -17.294  -4.143  48.792 0.2500000000
44515  -20.047  -4.968  48.266 0.2500000000
44516  -21.061  -4.965  47.722 0.2500000000
82118  -14.843  -8.601  43.955 0.1250000000
82120  -16.017  -7.796  44.057 0.1250000000
82389  -18.420  -5.045  46.894 0.2500000000
44523  -21.492  -5.439  47.136 0.2500000000
43635  -21.537  -6.213  44.451 0.2500000000
34529  -1.725  -16.798  47.012 0.3750000000
35549  -2.705  -16.126  46.436 0.3750000000
82122  -14.455  -8.799  43.749 0.1250000000
82115  -14.789  -8.757  43.531 0.1250000000
44535  -20.780  -5.842  46.704 0.2500000000
44558  -21.248  -6.103  45.699 0.2500000000
41094  -14.080  -9.495  42.017 0.2500000000
41089  -14.194  -8.936  43.107 0.1250000000
82121  -14.878  -9.362  42.356 0.2500000000
40268  -14.061  -10.136  40.454 0.3750000000
41099  -14.887  -9.460  41.200 0.3750000000
82133  -15.447  -9.551  41.321 0.3750000000
34565  -3.834  -16.134  43.335 0.5000000000
35588  -4.527  -15.801  42.199 0.5000000000
82123  -15.788  -9.626  40.895 0.3750000000
41100  -16.754  -9.949  40.964 0.2500000000
41101  -17.777  -10.128  41.164 0.3750000000
41102  -19.021  -9.721  41.613 0.3750000000
40271  -19.302  -10.209  41.857 0.3750000000
41103  -20.171  -9.540  41.171 0.3750000000
34575  -3.962  -16.339  42.713 0.5000000000
40269  -15.113  -10.063  39.982 0.5000000000
41108  -15.762  -10.616  39.704 0.3750000000
41109  -16.378  -10.918  39.875 0.5000000000
34584  -4.049  -16.753  41.810 0.5000000000
35594  -4.569  -15.917  41.170 0.5000000000
40281  -15.258  -10.870  39.070 0.6250000000
40282  -15.517  -11.050  38.937 0.6250000000
34603  -4.723  -16.791  38.797 0.2500000000
35611  -4.593  -16.036  38.992 0.5000000000
35630  -5.464  -16.123  37.526 0.3750000000
34622  -6.371  -16.491  37.199 0.2500000000
35636  -6.256  -15.917  36.927 0.3750000000
35638  -8.300  -15.605  37.279 0.3750000000
36667  -21.607  -13.787  28.925 0.3750000000
36668  -22.394  -14.236  28.679 0.1250000000
35535  -2.814  -15.317  48.893 0.1250000000
35539  -2.827  -15.361  47.831 0.1250000000
35543  -2.215  -16.182  47.160 0.2500000000
41949  -13.400  -9.315  44.097 0.1250000000
41950  -13.898  -9.255  44.220 0.1250000000
41957  -13.677  -9.079  43.722 0.1250000000
41088  -13.001  -9.280  43.405 0.2500000000
40257  -13.103  -9.863  41.695 0.2500000000
40258  -14.039  -9.716  41.310 0.2500000000
35595  -5.205  -15.316  41.693 0.5000000000
40280  -14.597  -10.596  39.261 0.3750000000
35603  -5.458  -15.349  40.566 0.6250000000
35613  -6.074  -15.193  39.843 0.5000000000
35544  -3.060  -15.492  46.872 0.1250000000
41941  -14.114  -9.403  44.930 0.1250000000
82124  -14.751  -8.073  44.681 0.1250000000
36510  -3.518  -15.163  45.801 0.3750000000
41084  -12.975  -9.788  44.524 0.1250000000
41085  -13.624  -9.596  44.607 0.1250000000
40249  -11.923  -9.874  42.856 0.2500000000
40256  -11.772  -10.217  41.461 0.1250000000
36679  -23.271  -13.849  28.281 0.1250000000
36491  -3.532  -14.614  48.492 0.1250000000
36496  -3.631  -14.775  47.342 0.1250000000
36502  -4.327  -14.391  46.684 0.1250000000
40239  -11.633  -10.426  44.788 0.1250000000
41078  -12.722  -10.100  45.455 0.1250000000
41936  -14.017  -8.724  46.119 0.1250000000
42787  -14.164  -8.229  45.615 0.1250000000
36501  -3.573  -14.932  46.366 0.1250000000
36511  -4.135  -14.764  45.508 0.1250000000
40244  -10.629  -10.693  43.530 0.1250000000
40245  -11.557  -10.214  44.136 0.2500000000
41083  -12.209  -10.259  44.730 0.1250000000
42796  -14.371  -7.820  45.129 0.1250000000
36556  -6.805  -14.958  39.308 0.6250000000
37684  -26.428  -13.695  26.067 0.1250000000
37691  -25.924  -12.981  25.458 0.1250000000
36497  -4.592  -14.152  47.871 0.1250000000
36512  -5.093  -14.152  46.048 0.1250000000
40243  -9.938  -11.097  43.739 0.1250000000
39341  -9.799  -11.550  43.199 0.2500000000
38437  -9.543  -12.031  42.664 0.3750000000
38447  -8.570  -12.844  42.249 0.3750000000
38448  -9.293  -12.242  42.147 0.3750000000
37529  -7.923  -13.658  41.402 0.5000000000
37520  -8.331  -13.247  41.724 0.5000000000
38606  -25.561  -12.078  25.239 0.1250000000
38618  -25.784  -12.294  24.434 0.1250000000
39553  -25.889  -11.358  23.887 0.1250000000
38634  -26.125  -12.054  23.666 0.1250000000
39534  -25.565  -11.349  24.655 0.1250000000
40443  -26.149  -10.628  23.461 0.1250000000
40459  -26.714  -10.285  22.847 0.1250000000
40400  -26.085  -10.466  26.898 0.7500000000
40387  -26.352  -10.737  27.535 0.7500000000
40425  -25.364  -10.586  24.895 0.2500000000
40441  -25.231  -10.108  24.471 0.2500000000
41260  -25.472  -9.837  24.183 0.2500000000
41238  -25.362  -9.652  25.097 0.5000000000
41261  -25.856  -9.225  23.802 0.3750000000
45825  -27.648  -4.533  27.730 0.3750000000
51656  -46.251  2.340  7.511 0.1250000000
50961  -46.849  1.335  7.061 0.1250000000
51655  -46.075  3.097  7.859 0.2500000000
52316  -46.070  3.933  9.242 0.3750000000
52938  -45.876  4.998  9.352 0.3750000000
52323  -46.135  3.934  8.224 0.2500000000
52334  -45.986  3.901  7.408 0.2500000000
52926  -46.495  4.132  10.850 0.5000000000
52925  -46.045  4.348  10.607 0.3750000000
52932  -45.916  4.599  9.939 0.3750000000
52944  -46.014  4.939  8.612 0.3750000000
53711  -45.490  5.682  8.204 0.2500000000
52955  -45.913  4.833  7.711 0.2500000000
52962  -45.702  4.632  6.939 0.2500000000
54370  -46.272  6.188  6.463 0.2500000000
52348  -47.130  3.498  5.044 0.2500000000
52305  -46.528  3.814  11.378 0.5000000000
53677  -45.855  4.996  10.810 0.5000000000
54338  -45.234  6.332  10.392 0.5000000000
54344  -44.664  6.691  10.005 0.5000000000
53693  -45.403  5.496  9.809 0.5000000000
54351  -45.010  6.479  8.838 0.3750000000
54927  -45.368  7.400  8.548 0.3750000000
54362  -45.326  6.441  7.858 0.3750000000
54938  -45.695  7.108  7.494 0.3750000000
54369  -45.582  6.315  6.976 0.3750000000
53720  -45.891  5.438  6.619 0.3750000000
53726  -46.605  5.343  5.978 0.3750000000
54375  -46.955  6.163  5.989 0.3750000000
52977  -47.099  4.399  4.623 0.2500000000
56130  -46.505  8.777  9.030 0.2500000000
54928  -46.037  7.741  7.907 0.3750000000
54949  -46.067  6.876  6.835 0.3750000000
54939  -46.570  7.489  7.270 0.3750000000
54950  -46.767  6.968  6.398 0.2500000000
34537  -2.119  -17.066  46.364 0.5000000000
31804  -4.160  -19.496  43.936 0.2500000000
34573  -3.075  -17.254  43.506 0.3750000000
37530  -8.652  -13.279  41.102 0.5000000000
46775  -28.771  -3.263  27.251 0.3750000000
30984  -4.204  -20.334  44.090 0.2500000000
33642  -3.243  -17.936  43.224 0.5000000000
35624  -6.097  -15.296  38.816 0.5000000000
36678  -22.727  -13.649  28.326 0.3750000000
36680  -24.227  -14.007  28.132 0.1250000000
40424  -25.075  -10.046  24.997 0.3750000000
43008  -27.635  -7.132  19.919 0.2500000000
43892  -27.927  -5.791  17.403 0.2500000000
29301  2.955  -21.920  49.341 0.1250000000
30119  2.710  -21.006  49.275 0.2500000000
30969  -2.603  -20.624  45.992 0.2500000000
30151  -3.033  -21.459  44.723 0.2500000000
30977  -3.322  -20.654  45.060 0.2500000000
30178  -3.971  -21.676  42.902 0.2500000000
31004  -4.275  -20.780  42.760 0.2500000000
31765  -1.627  -19.469  49.811 0.3750000000
31767  2.020  -18.749  48.986 0.3750000000
31835  -4.862  -19.485  41.050 0.2500000000
32723  -4.837  -18.123  39.943 0.1250000000
32707  -5.288  -19.037  40.220 0.1250000000
33683  -6.706  -17.791  39.318 0.1250000000
80393  -1.017  -18.762  50.446 0.3750000000
80397  -1.470  -18.988  50.256 0.3750000000
33688  -6.247  -17.317  38.682 0.1250000000
33690  -7.648  -17.914  38.386 0.1250000000
33693  -6.741  -17.178  38.187 0.2500000000
32748  -7.831  -18.552  37.956 0.1250000000
32749  -8.511  -18.420  37.704 0.1250000000
31885  -9.324  -19.254  37.034 0.1250000000
31886  -10.243  -19.349  36.512 0.1250000000
33701  -10.230  -17.527  36.451 0.1250000000
34630  -9.899  -16.560  36.475 0.1250000000
41946  -18.044  -7.691  44.077 0.1250000000
34610  -5.593  -16.981  38.216 0.1250000000
34617  -7.528  -16.817  37.735 0.2500000000
44508  -19.086  -4.887  49.011 0.2500000000
82383  -16.944  -5.171  46.503 0.2500000000
42801  -20.873  -6.860  44.560 0.2500000000
42806  -20.112  -8.096  43.596 0.2500000000
82114  -15.623  -9.563  41.966 0.2500000000
34590  -4.161  -16.735  40.641 0.5000000000
35602  -4.572  -15.952  40.048 0.5000000000
34609  -5.112  -16.734  38.235 0.2500000000
35623  -5.301  -15.643  38.364 0.5000000000
34623  -6.990  -16.337  37.137 0.2500000000
41958  -14.089  -8.932  43.828 0.1250000000
41942  -14.353  -8.710  45.279 0.1250000000
82125  -16.205  -7.529  44.084 0.1250000000
82134  -15.746  -7.611  44.247 0.1250000000
46582  -17.876  -4.437  46.669 0.2500000000
41093  -13.409  -9.402  42.532 0.2500000000
35612  -5.285  -15.535  39.422 0.5000000000
41087  -12.252  -9.762  43.973 0.2500000000
40250  -12.832  -9.554  42.588 0.2500000000
41080  -14.094  -9.310  45.631 0.1250000000
41079  -13.566  -9.791  45.368 0.1250000000
40238  -10.900  -10.369  44.769 0.1250000000
41072  -13.170  -9.850  46.134 0.1250000000
42795  -13.878  -7.337  45.350 0.1250000000
43631  -13.818  -6.857  45.053 0.1250000000
38460  -8.679  -13.003  41.600 0.3750000000
40442  -25.595  -10.376  24.013 0.2500000000
40458  -26.133  -9.765  23.246 0.1250000000
41249  -25.439  -9.661  24.526 0.3750000000
43033  -28.222  -6.772  18.993 0.2500000000
46776  -29.538  -3.271  26.822 0.2500000000
51665  -46.101  3.139  7.189 0.1250000000
52341  -46.103  3.741  6.706 0.2500000000
53686  -45.666  5.219  10.417 0.3750000000
53699  -45.404  5.669  9.066 0.3750000000
53719  -45.518  5.559  7.334 0.3750000000
52963  -46.233  4.536  6.294 0.2500000000
52342  -46.577  3.609  5.980 0.2500000000
53733  -46.956  5.077  5.181 0.3750000000
53678  -46.164  4.968  11.141 0.5000000000
54350  -44.727  6.751  9.518 0.5000000000
55534  -45.673  8.000  9.253 0.3750000000
55535  -46.239  8.337  8.593 0.3750000000
55526  -46.269  8.561  9.600 0.2500000000
54940  -47.286  7.554  6.793 0.2500000000
35687  -19.601  -15.718  31.687 0.2500000000
35703  -20.479  -15.625  30.527 0.1250000000
35719  -21.783  -15.223  29.754 0.1250000000
36659  -22.013  -14.770  29.308 0.2500000000
43694  -31.453  -6.387  40.789 0.1250000000
43681  -31.567  -6.158  41.556 0.1250000000
43693  -30.539  -6.688  40.784 0.1250000000
43710  -31.267  -6.548  39.424 0.1250000000
44669  -32.060  -5.688  38.709 0.1250000000
43708  -29.588  -7.150  39.777 0.1250000000
43709  -30.186  -7.063  39.495 0.1250000000
43724  -30.733  -7.100  38.333 0.1250000000
43680  -30.858  -5.991  41.812 0.1250000000
43725  -31.345  -6.208  38.035 0.1250000000
43692  -29.642  -6.933  40.596 0.1250000000
43734  -30.863  -6.785  37.266 0.1250000000
42869  -30.095  -7.312  37.504 0.1250000000
42878  -29.309  -7.112  36.757 0.1250000000
42879  -30.116  -6.801  36.856 0.1250000000
44603  -31.401  -5.307  43.251 0.1250000000
43679  -29.572  -6.445  42.248 0.1250000000
43665  -29.033  -6.268  42.822 0.1250000000
43678  -28.784  -6.664  42.274 0.1250000000
43676  -26.711  -6.397  41.839 0.1250000000
43677  -27.875  -6.693  41.856 0.1250000000
43742  -29.720  -6.610  36.271 0.1250000000
43675  -25.641  -6.172  41.788 0.1250000000
43666  -29.244  -6.161  42.995 0.1250000000
44620  -29.295  -5.739  42.859 0.1250000000
45573  -28.465  -4.899  41.887 0.1250000000
43664  -28.286  -6.173  42.376 0.1250000000
43663  -27.146  -5.880  42.198 0.1250000000
44598  -26.379  -5.137  42.661 0.1250000000
45554  -27.263  -4.919  42.108 0.1250000000
43749  -28.776  -6.432  33.912 0.2500000000
42888  -28.012  -6.877  33.072 0.2500000000
43011  -30.713  -7.209  19.592 0.1250000000
44794  -27.877  -5.309  30.881 0.2500000000
42171  -29.324  -8.032  19.880 0.1250000000
43034  -29.010  -6.715  19.029 0.1250000000
43010  -29.735  -7.115  19.451 0.1250000000
43877  -29.862  -6.025  18.645 0.1250000000
45808  -27.955  -4.534  29.792 0.2500000000
43876  -28.747  -6.257  18.292 0.1250000000
43901  -29.097  -5.751  17.276 0.1250000000
44898  -30.256  -5.369  18.290 0.1250000000
45818  -27.687  -4.627  28.645 0.2500000000
44925  -28.822  -5.268  16.959 0.1250000000
45917  -29.341  -4.527  17.173 0.1250000000
47741  -30.875  -2.798  17.189 0.2500000000
49386  -34.982  -0.750  15.871 0.1250000000
48591  -35.451  -1.529  15.634 0.1250000000
52308  -49.440  3.349  11.147 0.1250000000
52294  -48.685  3.528  12.143 0.2500000000
52314  -49.477  3.174  9.909 0.1250000000
52312  -47.943  2.608  9.950 0.2500000000
51636  -49.362  2.333  10.215 0.1250000000
52306  -47.623  3.501  10.964 0.2500000000
54329  -45.794  5.562  10.857 0.3750000000
52928  -49.618  4.336  10.337 0.1250000000
52941  -49.282  3.351  9.046 0.2500000000
53688  -48.435  4.800  9.723 0.2500000000
52933  -47.604  3.701  9.999 0.2500000000
53694  -48.034  4.179  9.520 0.2500000000
52927  -47.147  4.099  10.759 0.2500000000
53680  -48.020  5.340  10.649 0.2500000000
53679  -47.084  4.950  11.180 0.3750000000
54339  -45.609  6.793  10.788 0.3750000000
54922  -45.167  7.513  9.545 0.3750000000
54330  -46.254  6.261  11.364 0.3750000000
54916  -45.932  7.250  10.896 0.3750000000
55525  -45.675  7.904  10.012 0.3750000000
55546  -46.634  8.110  7.847 0.2500000000
53727  -47.103  5.643  5.523 0.2500000000
43689  -25.336  -6.209  40.785 0.2500000000
43691  -27.218  -7.046  41.172 0.1250000000
42830  -29.000  -6.948  41.241 0.1250000000
42840  -29.559  -7.353  39.227 0.1250000000
42855  -29.886  -7.517  38.461 0.1250000000
35702  -19.765  -15.402  30.957 0.2500000000
42821  -28.538  -6.960  41.610 0.1250000000
42889  -28.458  -7.030  33.439 0.2500000000
45905  -28.036  -4.641  17.349 0.1250000000
44912  -28.127  -5.345  17.005 0.1250000000
46886  -28.962  -3.973  17.277 0.2500000000
45916  -28.572  -4.682  17.039 0.2500000000
48585  -31.566  -1.474  16.890 0.3750000000
46887  -30.045  -3.506  17.383 0.2500000000
47742  -31.648  -2.450  16.838 0.1250000000
54915  -45.243  7.261  10.347 0.3750000000
54376  -47.363  6.206  5.372 0.2500000000
35688  -20.091  -15.989  31.190 0.2500000000
44622  -31.821  -5.905  42.410 0.1250000000
45555  -31.112  -5.009  43.193 0.1250000000
44621  -30.489  -5.725  43.280 0.1250000000
42822  -28.983  -6.895  41.989 0.1250000000
44601  -29.036  -6.012  42.987 0.1250000000
43662  -25.874  -5.592  42.740 0.1250000000
45574  -29.383  -4.797  42.073 0.1250000000
44599  -27.490  -5.456  42.262 0.1250000000
45572  -27.621  -4.778  41.803 0.1250000000
45571  -26.643  -4.502  41.590 0.1250000000
45553  -26.443  -4.646  42.358 0.1250000000
43856  -30.486  -6.597  19.213 0.1250000000
43009  -28.623  -7.561  19.585 0.1250000000
43894  -29.195  -5.715  17.802 0.1250000000
44913  -29.803  -5.242  18.055 0.1250000000
44926  -29.406  -5.191  17.390 0.1250000000
43893  -28.562  -5.911  17.331 0.1250000000
45918  -30.333  -4.351  17.411 0.2500000000
44927  -29.994  -4.867  17.730 0.1250000000
53682  -50.809  5.767  10.610 0.1250000000
53681  -49.187  5.240  10.538 0.1250000000
53687  -47.668  4.551  10.207 0.2500000000
55513  -45.790  7.616  10.468 0.3750000000
45539  -25.932  -4.583  42.939 0.1250000000
31025  -5.150  -20.212  40.619 0.1250000000
31032  -5.818  -20.369  39.822 0.1250000000
31836  -5.215  -19.474  40.449 0.1250000000
33713  -11.973  -17.213  34.861 0.1250000000
34636  -12.253  -16.468  34.535 0.1250000000
34637  -13.235  -16.445  34.287 0.1250000000
35651  -11.641  -15.649  34.572 0.1250000000
35653  -13.235  -15.770  34.053 0.1250000000
46774  -27.995  -3.671  27.542 0.2500000000
46766  -28.367  -2.969  28.045 0.2500000000
34635  -11.407  -16.570  35.009 0.1250000000
43647  -24.126  -5.882  43.445 0.2500000000
44525  -23.460  -5.147  46.454 0.1250000000
44538  -23.860  -5.359  45.793 0.1250000000
44579  -23.797  -5.699  44.271 0.1250000000
45492  -20.492  -4.113  47.859 0.1250000000
45493  -21.517  -4.213  47.423 0.1250000000
44524  -22.609  -5.255  46.908 0.1250000000
44560  -23.221  -5.719  45.006 0.1250000000
46560  -19.321  -3.468  48.920 0.1250000000
44536  -21.947  -5.820  46.378 0.1250000000
43636  -22.461  -5.912  44.641 0.1250000000
44559  -22.238  -5.884  45.395 0.1250000000
43646  -22.872  -6.036  43.731 0.1250000000
43659  -22.607  -6.657  42.711 0.1250000000
43645  -21.895  -6.716  43.291 0.1250000000
42813  -22.468  -7.271  42.328 0.1250000000
42814  -22.950  -6.942  42.319 0.2500000000
44539  -24.474  -5.056  45.523 0.1250000000
44561  -24.134  -5.378  44.950 0.1250000000
43648  -25.035  -5.637  43.444 0.2500000000
45499  -23.201  -4.428  46.737 0.1250000000
46562  -21.120  -3.179  47.696 0.1250000000
46563  -22.052  -3.373  47.214 0.1250000000
47497  -19.637  -2.441  48.123 0.1250000000
82390  -16.814  -4.605  46.238 0.1250000000
45508  -18.025  -4.511  45.528 0.1250000000
47509  -19.216  -2.833  47.202 0.1250000000
47521  -19.836  -2.574  46.282 0.1250000000
45523  -17.773  -4.507  44.746 0.1250000000
43661  -24.831  -6.014  42.597 0.2500000000
48322  -20.643  -1.879  47.439 0.1250000000
43674  -24.590  -6.312  41.584 0.2500000000
45524  -18.683  -4.250  44.769 0.1250000000
46583  -19.105  -3.707  45.991 0.1250000000
45535  -18.382  -4.684  43.955 0.1250000000
35732  -23.332  -14.996  29.032 0.1250000000
43750  -29.249  -6.045  34.512 0.1250000000
42884  -28.745  -6.878  33.976 0.1250000000
45695  -30.261  -4.810  35.137 0.1250000000
44750  -29.054  -5.689  34.038 0.1250000000
45716  -30.358  -4.538  34.989 0.1250000000
44751  -29.682  -4.868  34.584 0.1250000000
82440  -30.314  -4.273  34.711 0.1250000000
43754  -28.305  -6.337  33.251 0.1250000000
82441  -30.442  -3.542  34.343 0.1250000000
48427  -31.971  -2.224  35.214 0.1250000000
44766  -28.695  -5.880  33.517 0.1250000000
82435  -29.715  -4.176  33.897 0.1250000000
43758  -28.066  -6.154  32.892 0.1250000000
44767  -29.101  -5.316  33.538 0.1250000000
82438  -29.652  -3.905  32.953 0.1250000000
82436  -29.446  -4.646  33.558 0.1250000000
44778  -29.287  -5.011  32.800 0.1250000000
49224  -31.950  -1.120  34.332 0.1250000000
44777  -28.450  -5.710  32.793 0.1250000000
44786  -28.827  -5.188  31.873 0.1250000000
44795  -28.692  -4.772  31.280 0.1250000000
44787  -29.403  -4.614  32.283 0.1250000000
82472  -30.667  -1.741  32.002 0.1250000000
45779  -29.441  -4.095  31.618 0.1250000000
82456  -29.111  -3.449  30.550 0.1250000000
82465  -29.912  -3.016  29.975 0.1250000000
82447  -28.586  -4.417  30.821 0.1250000000
82473  -30.684  -2.723  29.751 0.1250000000
46765  -28.278  -3.347  28.965 0.1250000000
82479  -30.409  -0.562  30.893 0.1250000000
47662  -29.571  -2.805  28.780 0.1250000000
47663  -29.043  -2.663  28.093 0.1250000000
82475  -31.005  -0.592  29.766 0.1250000000
82467  -31.261  -2.050  29.149 0.1250000000
82457  -30.668  -2.858  28.718 0.1250000000
82466  -29.439  -2.750  28.252 0.1250000000
45906  -30.954  -4.429  17.490 0.1250000000
46888  -31.036  -3.419  17.072 0.1250000000
49288  -31.535  -0.917  27.985 0.1250000000
47664  -29.846  -2.869  27.826 0.1250000000
47665  -31.226  -2.883  27.798 0.1250000000
50087  -36.530  0.206  26.063 0.1250000000
48501  -31.812  -2.157  27.845 0.1250000000
46777  -30.523  -3.348  26.956 0.1250000000
50097  -36.596  0.608  25.216 0.1250000000
50096  -35.901  0.393  25.192 0.1250000000
50831  -37.296  1.570  24.557 0.1250000000
50834  -35.268  0.973  24.248 0.1250000000
50829  -35.989  0.671  24.561 0.1250000000
50830  -36.587  1.017  24.478 0.1250000000
50836  -36.553  1.310  23.583 0.1250000000
47666  -32.411  -3.007  27.416 0.1250000000
46778  -31.853  -4.006  27.014 0.1250000000
50086  -35.682  0.089  25.730 0.1250000000
50095  -34.923  0.557  24.967 0.1250000000
50828  -35.527  0.664  24.753 0.1250000000
50837  -37.183  1.745  23.330 0.1250000000
51519  -37.722  2.283  22.961 0.1250000000
45826  -32.204  -4.578  27.032 0.1250000000
50085  -34.987  0.014  25.755 0.1250000000
50094  -34.215  0.048  25.340 0.1250000000
51529  -38.321  2.790  22.557 0.1250000000
50161  -36.544  0.426  15.894 0.2500000000
51627  -39.174  2.211  11.056 0.1250000000
50994  -47.289  2.176  5.466 0.1250000000
50976  -47.068  1.864  5.982 0.1250000000
54320  -46.628  6.863  11.764 0.2500000000
55501  -46.774  7.916  11.234 0.2500000000
55515  -46.808  8.872  10.216 0.2500000000
55514  -46.369  8.007  10.651 0.2500000000
51640  -45.687  2.761  9.593 0.2500000000
54904  -46.606  7.363  11.461 0.2500000000
55502  -47.159  8.467  11.241 0.2500000000
55527  -46.718  8.987  9.655 0.1250000000
56121  -47.166  9.379  9.495 0.1250000000
52970  -46.694  4.418  5.498 0.1250000000
51671  -46.998  2.752  5.723 0.1250000000
51672  -47.449  2.598  5.143 0.1250000000
51019  -48.219  2.010  4.486 0.1250000000
55536  -46.893  8.641  8.065 0.1250000000
52349  -47.619  3.034  4.811 0.1250000000
51682  -48.363  2.467  4.141 0.1250000000
55547  -47.437  8.336  7.394 0.1250000000
52355  -47.294  3.819  4.508 0.1250000000
52356  -47.819  3.346  4.151 0.1250000000
52357  -48.440  2.840  3.802 0.1250000000
43760  -27.660  -6.544  32.209 0.1250000000
43658  -22.125  -7.059  42.714 0.1250000000
82382  -17.926  -3.676  48.156 0.1250000000
47508  -18.474  -3.373  47.730 0.1250000000
47485  -18.646  -2.684  48.730 0.1250000000
44517  -21.927  -4.955  47.414 0.1250000000
56120  -46.699  8.989  9.286 0.1250000000
56148  -47.419  9.118  7.985 0.1250000000
56131  -46.941  9.044  8.695 0.1250000000
44776  -27.857  -6.102  32.585 0.1250000000
54331  -47.453  5.996  11.478 0.2500000000
44537  -22.958  -5.639  46.057 0.1250000000
47498  -20.822  -2.250  47.906 0.1250000000
45498  -22.406  -4.373  47.139 0.1250000000
47510  -20.147  -1.992  46.963 0.1250000000
44578  -17.618  -5.251  44.294 0.1250000000
47650  -28.658  -2.661  28.579 0.1250000000
50295  -48.124  0.544  5.821 0.1250000000
51666  -46.466  2.660  6.558 0.1250000000
54905  -46.975  7.812  11.489 0.2500000000
54321  -47.041  6.711  11.884 0.2500000000
51681  -47.893  2.517  4.668 0.1250000000
56132  -47.862  9.677  8.580 0.1250000000
32639  1.549  -18.837  46.391 0.1250000000
32633  0.943  -17.872  46.253 0.1250000000
32626  1.611  -18.163  48.013 0.1250000000
33601  1.331  -17.790  47.311 0.1250000000
33602  0.818  -17.390  46.695 0.1250000000
33613  0.401  -17.444  45.788 0.1250000000
34561  0.346  -16.546  45.063 0.1250000000
32621  1.383  -17.689  49.061 0.1250000000
33596  1.226  -17.309  47.719 0.1250000000
80401  0.606  -16.839  49.479 0.1250000000
80409  1.032  -16.644  48.327 0.1250000000
80399  0.390  -17.096  50.039 0.1250000000
38436  -9.107  -12.366  43.034 0.2500000000
38446  -8.002  -13.068  42.652 0.2500000000
82149  -26.265  -7.971  22.415 0.1250000000
82144  -26.487  -7.872  22.057 0.1250000000
42985  -26.993  -7.486  21.141 0.1250000000
42119  -26.528  -8.189  22.317 0.1250000000
42987  -28.046  -8.058  20.187 0.1250000000
42974  -27.117  -8.093  21.583 0.1250000000
42986  -27.342  -7.889  20.932 0.1250000000
41276  -26.287  -8.856  23.020 0.1250000000
43007  -27.045  -7.237  20.756 0.2500000000
31769  2.227  -19.900  47.967 0.2500000000
31770  1.942  -19.055  47.963 0.1250000000
32632  1.485  -18.333  46.882 0.1250000000
42149  -27.495  -8.329  21.043 0.1250000000
28537  -1.901  -23.338  44.415 0.1250000000
79677  -0.254  -21.974  46.768 0.1250000000
29320  -2.042  -22.100  45.996 0.1250000000
29337  -2.245  -22.871  44.362 0.1250000000
30150  -2.529  -21.814  44.957 0.1250000000
29328  -2.574  -22.022  44.692 0.1250000000
30177  -3.689  -21.944  43.317 0.1250000000
30134  -2.133  -21.335  46.287 0.1250000000
30143  -2.984  -21.069  45.175 0.1250000000
29338  -2.760  -22.442  44.172 0.1250000000
79703  -4.025  -22.383  42.473 0.1250000000
30160  -3.534  -21.657  43.925 0.1250000000
30192  -4.276  -22.139  41.751 0.1250000000
34677  -19.947  -16.676  31.626 0.1250000000
34676  -19.419  -16.627  32.216 0.1250000000
39331  -9.205  -11.672  44.199 0.1250000000
39340  -9.260  -12.076  43.621 0.1250000000
38428  -8.704  -12.377  43.857 0.1250000000
38427  -7.788  -12.722  44.254 0.1250000000
37505  -7.350  -13.082  43.586 0.1250000000
38435  -8.133  -12.800  43.229 0.1250000000
37513  -7.496  -13.250  42.907 0.1250000000
49388  -36.940  -0.642  15.455 0.1250000000
52851  -41.440  5.750  20.699 0.1250000000
53564  -41.258  5.626  19.922 0.1250000000
53550  -42.083  6.195  21.194 0.1250000000
53565  -42.361  6.010  20.208 0.1250000000
53582  -43.150  5.791  19.321 0.1250000000
54332  -48.503  6.043  11.439 0.1250000000
54322  -47.882  6.687  12.103 0.1250000000
54892  -47.340  7.532  11.922 0.1250000000
55485  -47.986  8.490  12.127 0.1250000000
56110  -47.471  9.466  10.464 0.1250000000
56100  -47.874  9.409  11.404 0.1250000000
56111  -48.167  10.222  10.635 0.1250000000
56721  -48.562  10.826  9.861 0.1250000000
56710  -48.852  11.084  10.894 0.1250000000
56122  -47.980  10.059  9.619 0.1250000000
51619  -41.530  2.346  11.392 0.1250000000
51620  -42.227  2.554  10.979 0.1250000000
51630  -42.634  2.060  10.290 0.1250000000
30128  -0.361  -21.616  47.662 0.1250000000
51645  -45.915  2.849  8.695 0.1250000000
54891  -46.870  7.122  11.862 0.1250000000
29327  -1.939  -22.420  44.962 0.1250000000
54893  -48.385  7.611  12.557 0.1250000000
30133  -1.184  -21.388  46.767 0.2500000000
31031  -5.460  -20.073  40.221 0.1250000000
31795  -4.153  -19.802  44.271 0.2500000000
31861  -7.192  -19.726  38.665 0.1250000000
32641  -2.376  -18.426  45.160 0.6250000000
32652  -2.291  -18.362  44.809 0.6250000000
33614  -1.827  -18.028  44.981 0.6250000000
34562  -2.174  -17.734  44.130 0.6250000000
34597  -21.954  -16.313  40.473 0.8750000000
34598  -22.317  -16.218  40.337 0.8750000000
34604  -21.528  -16.282  40.012 0.8750000000
34605  -22.047  -16.386  39.711 0.8750000000
34606  -22.378  -16.202  40.051 0.8750000000
34611  -21.529  -16.334  39.323 0.8750000000
34612  -21.717  -16.291  39.101 0.8750000000
34615  -6.055  -16.753  37.762 0.2500000000
35596  -21.155  -15.527  41.266 0.8750000000
35597  -21.742  -15.463  41.341 0.8750000000
35598  -22.213  -15.479  41.310 0.7500000000
35605  -21.084  -15.927  40.584 0.8750000000
35606  -21.654  -16.009  40.970 0.8750000000
35607  -22.327  -15.932  41.020 0.8750000000
35614  -20.754  -16.027  38.712 0.8750000000
35615  -20.929  -16.110  39.521 0.8750000000
35616  -22.374  -15.981  39.732 0.8750000000
35617  -22.529  -15.925  40.382 0.8750000000
35622  -4.883  -16.257  38.198 0.2500000000
35625  -20.843  -16.193  38.238 0.8750000000
35627  -22.009  -16.131  38.974 0.8750000000
35629  -5.149  -16.438  37.904 0.2500000000
35635  -5.938  -16.377  37.177 0.2500000000
36531  -20.339  -14.137  42.504 0.7500000000
36538  -19.671  -14.695  42.001 0.7500000000
36540  -22.022  -14.923  41.445 0.7500000000
36541  -22.397  -15.445  41.227 0.7500000000
36544  -5.986  -14.947  40.656 0.6250000000
36547  -19.165  -14.047  40.808 0.7500000000
36548  -19.768  -14.627  40.639 0.8750000000
36551  -22.665  -15.277  40.885 0.7500000000
36559  -20.485  -15.477  40.276 0.8750000000
36561  -22.545  -15.500  40.106 0.8750000000
36569  -20.576  -15.665  38.314 0.8750000000
36570  -21.007  -15.997  37.822 0.8750000000
36571  -21.762  -15.570  38.068 0.8750000000
37521  -19.359  -13.131  42.870 0.6250000000
37522  -19.904  -13.632  42.803 0.7500000000
37523  -20.563  -13.767  42.303 0.7500000000
37533  -19.645  -14.108  42.545 0.7500000000
37535  -21.985  -14.257  41.139 0.7500000000
37541  -18.630  -13.503  40.854 0.8750000000
37543  -21.619  -13.733  40.870 0.8750000000
37544  -22.213  -14.100  40.438 0.7500000000
37545  -22.517  -14.718  40.679 0.7500000000
37557  -22.534  -14.839  40.161 0.7500000000
37580  -21.636  -14.666  37.858 0.8750000000
38449  -18.887  -12.484  42.740 0.6250000000
38464  -20.560  -13.124  41.704 0.7500000000
38474  -17.725  -12.380  40.531 0.8750000000
38475  -18.001  -12.743  40.869 0.7500000000
38476  -20.935  -13.210  40.886 0.7500000000
38487  -17.583  -12.355  40.205 0.8750000000
38489  -22.247  -13.351  39.757 0.8750000000
38514  -12.886  -11.241  36.302 1.0000000000
39354  -19.559  -11.899  42.943 0.6250000000
39366  -17.764  -11.912  41.199 0.7500000000
39369  -20.954  -11.631  41.328 0.7500000000
39375  -17.633  -12.066  40.684 0.7500000000
39377  -20.665  -12.625  41.225 0.7500000000
39386  -17.385  -12.124  39.982 0.8750000000
39398  -16.949  -12.307  38.296 0.8750000000
39436  -15.954  -10.515  33.771 1.0000000000
40251  -19.254  -11.038  42.769 0.6250000000
40252  -19.658  -11.297  42.799 0.6250000000
40253  -19.981  -11.581  42.808 0.6250000000
40261  -20.461  -11.249  42.280 0.6250000000
40262  -20.823  -11.436  41.623 0.7500000000
40297  -13.240  -10.841  37.704 0.8750000000
40317  -15.410  -10.009  33.790 1.0000000000
40319  -16.597  -10.443  34.673 1.0000000000
40321  -30.336  -9.967  32.706 0.8750000000
40322  -30.486  -9.810  32.856 0.8750000000
40332  -30.423  -10.091  32.388 1.0000000000
40333  -30.662  -9.968  32.503 0.8750000000
40346  -30.365  -10.115  32.190 1.0000000000
40347  -30.665  -10.184  32.033 1.0000000000
40353  -23.000  -9.939  30.310 1.0000000000
41064  -13.454  -9.413  46.394 0.1250000000
41073  -13.772  -9.468  46.071 0.1250000000
41151  -30.660  -8.920  33.292 0.7500000000
41155  -15.300  -9.852  34.505 1.0000000000
41165  -30.161  -9.763  33.188 0.8750000000
41166  -30.934  -9.305  32.833 0.8750000000
41180  -30.014  -10.029  32.604 1.0000000000
41181  -31.193  -9.842  32.073 0.8750000000
41182  -31.487  -9.100  32.029 0.8750000000
41192  -30.107  -9.814  31.760 1.0000000000
41193  -30.926  -9.857  31.475 1.0000000000
41194  -31.275  -9.336  31.455 1.0000000000
41202  -30.658  -9.326  31.073 1.0000000000
41207  -22.456  -9.704  30.049 1.0000000000
41927  -13.731  -9.190  46.361 0.1250000000
41972  -20.467  -8.704  40.288 0.5000000000
41997  -20.704  -9.055  35.423 1.0000000000
42018  -30.298  -8.720  33.453 0.7500000000
42025  -27.448  -9.163  34.186 1.0000000000
42029  -31.271  -8.509  32.542 0.8750000000
42035  -31.230  -7.948  32.307 0.8750000000
42036  -31.510  -8.325  31.936 0.8750000000
42043  -31.444  -8.643  31.358 1.0000000000
42049  -31.187  -8.853  30.873 1.0000000000
42131  -27.410  -8.412  21.339 0.1250000000
42789  -17.599  -6.699  45.302 0.1250000000
42902  -30.896  -7.637  31.127 0.8750000000
42903  -31.425  -7.994  31.182 0.8750000000
42907  -31.169  -8.058  30.562 0.8750000000
42908  -31.354  -8.337  30.923 1.0000000000
42973  -26.719  -7.683  21.639 0.2500000000
43634  -20.541  -6.369  45.054 0.2500000000
43753  -28.147  -6.693  33.174 0.1250000000
43757  -27.924  -6.541  32.858 0.2500000000
43900  -29.007  -5.653  16.998 0.1250000000
44507  -18.543  -4.741  49.270 0.2500000000
44509  -19.451  -4.792  48.665 0.2500000000
44513  -18.639  -5.111  48.514 0.2500000000
44514  -19.342  -5.057  48.519 0.2500000000
44521  -19.515  -5.298  48.040 0.2500000000
44522  -20.373  -5.434  47.537 0.2500000000
44602  -31.014  -5.505  43.267 0.1250000000
44833  -26.266  -5.056  23.992 0.7500000000
45478  -18.156  -4.209  49.528 0.2500000000
45479  -18.458  -3.727  49.465 0.2500000000
45484  -18.962  -4.092  49.220 0.2500000000
45485  -19.283  -4.542  48.914 0.2500000000
45490  -19.293  -3.891  48.956 0.1250000000
45491  -19.532  -4.139  48.574 0.1250000000
45827  -32.441  -4.653  27.060 0.2500000000
45835  -33.303  -4.931  26.337 0.2500000000
46541  -17.598  -4.993  48.852 0.2500000000
46542  -17.466  -4.516  49.349 0.2500000000
46543  -17.642  -3.977  49.383 0.2500000000
46544  -18.100  -3.588  49.442 0.2500000000
46552  -17.805  -3.196  49.035 0.2500000000
46553  -18.707  -3.112  49.264 0.1250000000
46554  -19.341  -2.834  48.785 0.1250000000
46561  -20.034  -3.125  48.310 0.1250000000
46570  -18.746  -3.675  47.001 0.1250000000
46571  -22.759  -3.644  46.855 0.1250000000
46811  -33.392  -3.383  24.791 0.3750000000
46853  -28.049  -3.315  20.014 0.8750000000
47484  -18.217  -2.974  48.421 0.1250000000
47486  -19.073  -2.623  48.843 0.1250000000
47495  -18.372  -2.991  48.151 0.1250000000
47496  -18.713  -2.751  48.105 0.1250000000
47676  -34.754  -2.601  26.920 0.2500000000
48504  -34.665  -2.017  27.717 0.1250000000
48521  -30.157  -1.983  24.459 0.8750000000
48522  -30.415  -2.027  24.294 0.8750000000
48523  -30.699  -1.971  23.996 0.8750000000
48525  -34.930  -2.365  26.690 0.1250000000
48528  -30.444  -1.948  24.142 0.8750000000
48529  -30.686  -2.226  23.996 0.8750000000
49310  -30.315  -1.791  24.269 0.8750000000
49311  -30.673  -1.774  24.112 0.8750000000
49312  -31.102  -1.792  24.136 0.8750000000
49319  -30.581  -1.508  24.099 0.8750000000
49320  -31.077  -1.432  24.337 0.8750000000
49321  -31.265  -1.552  23.797 0.8750000000
49324  -30.646  -1.337  23.752 0.8750000000
49325  -30.742  -1.372  23.381 0.8750000000
49330  -30.718  -1.309  22.974 0.8750000000
50091  -30.921  -0.924  24.200 0.8750000000
50092  -31.076  -1.087  24.000 0.8750000000
50093  -31.169  -1.044  23.698 0.8750000000
50101  -30.735  -1.110  23.930 0.8750000000
50102  -30.786  -0.987  23.707 0.8750000000
50103  -30.970  -0.913  23.407 0.8750000000
50154  -32.147  0.171  16.944 0.6250000000
51624  -48.643  2.324  10.743 0.1250000000
51625  -48.942  2.394  10.778 0.1250000000
51634  -48.026  1.936  9.996 0.2500000000
51635  -48.505  2.080  10.331 0.1250000000
51641  -48.309  1.970  9.660 0.2500000000
51642  -49.078  1.806  9.428 0.1250000000
51643  -49.564  2.500  9.471 0.1250000000
52282  -49.672  3.889  13.302 0.1250000000
52283  -50.212  3.939  13.288 0.1250000000
52295  -49.486  3.742  12.440 0.1250000000
52309  -50.028  3.932  12.018 0.1250000000
52313  -48.143  2.699  10.554 0.3750000000
52317  -48.562  2.567  9.246 0.2500000000
52318  -49.267  2.686  8.958 0.2500000000
52319  -49.463  3.069  9.282 0.2500000000
52902  -48.633  4.857  14.254 0.1250000000
52916  -51.140  4.907  12.730 0.1250000000
52920  -50.552  4.346  12.241 0.1250000000
52921  -51.044  4.810  12.274 0.1250000000
52930  -50.789  4.783  11.869 0.1250000000
52934  -49.363  3.697  9.451 0.2500000000
52939  -48.240  3.419  9.368 0.2500000000
52940  -48.860  3.351  8.953 0.2500000000
53636  -49.407  5.650  16.545 0.1250000000
53648  -49.736  5.234  15.864 0.1250000000
53658  -49.283  5.267  14.812 0.1250000000
53659  -49.887  5.262  15.011 0.1250000000
53660  -50.333  5.352  14.641 0.1250000000
53661  -51.015  5.603  14.078 0.1250000000
53665  -49.442  5.052  14.205 0.1250000000
53666  -49.836  5.007  14.316 0.1250000000
53668  -51.115  5.208  13.220 0.1250000000
53673  -52.059  5.610  11.493 0.1250000000
53684  -52.206  5.515  10.736 0.1250000000
53689  -49.186  4.475  9.500 0.1250000000
53691  -52.226  5.594  9.888 0.1250000000
53695  -48.647  4.077  9.214 0.2500000000
53696  -49.117  3.836  9.111 0.2500000000
54293  -48.313  6.221  16.302 0.1250000000
54295  -49.782  6.197  16.580 0.1250000000
54299  -48.024  6.701  15.975 0.1250000000
54302  -50.174  6.483  15.737 0.1250000000
54307  -49.715  5.265  14.777 0.1250000000
54309  -50.661  6.758  14.895 0.1250000000
54310  -51.129  6.451  14.286 0.1250000000
54314  -49.724  5.161  14.549 0.1250000000
54315  -49.992  5.003  14.518 0.1250000000
54324  -52.088  6.175  11.888 0.1250000000
54335  -52.562  6.101  10.297 0.1250000000
54337  -44.822  6.662  10.226 0.5000000000
54342  -52.387  6.198  9.812 0.1250000000
54345  -44.900  6.219  9.615 0.5000000000
54872  -48.194  7.606  14.536 0.1250000000
54874  -49.767  7.547  14.866 0.1250000000
54875  -50.355  7.255  14.852 0.1250000000
54884  -51.334  7.137  13.235 0.1250000000
54896  -51.993  7.086  12.076 0.1250000000
54897  -52.436  6.721  11.336 0.1250000000
54908  -52.330  7.335  11.038 0.1250000000
54909  -52.597  6.770  10.607 0.1250000000
54914  -44.802  6.909  10.222 0.5000000000
54918  -52.198  7.401  10.134 0.1250000000
54919  -52.491  6.693  9.926 0.1250000000
54921  -44.720  7.129  9.839 0.3750000000
54926  -44.853  7.100  9.239 0.2500000000
55457  -50.598  7.548  14.173 0.1250000000
55489  -51.367  7.687  12.288 0.1250000000
55503  -51.365  7.887  11.390 0.1250000000
55516  -51.860  7.801  10.788 0.1250000000
55517  -52.136  7.668  10.800 0.1250000000
80394  -1.076  -18.301  50.497 0.3750000000
80398  -1.376  -18.265  50.327 0.1250000000
81952  -14.220  -11.068  37.506 1.0000000000
81961  -14.368  -10.896  36.569 1.0000000000
81962  -16.594  -10.985  34.881 1.0000000000
81967  -14.580  -10.844  36.605 1.0000000000
81968  -14.383  -10.814  35.979 1.0000000000
81969  -14.555  -10.737  36.241 1.0000000000
81970  -16.709  -10.830  34.664 1.0000000000
81974  -16.438  -11.253  35.035 1.0000000000
81976  -14.720  -10.550  35.877 1.0000000000
81977  -16.454  -11.267  35.228 1.0000000000
81980  -16.512  -10.820  34.765 1.0000000000
82129  -15.882  -7.458  44.218 0.1250000000
82376  -18.172  -4.750  47.937 0.2500000000
82379  -17.733  -4.397  49.493 0.2500000000
82380  -17.933  -4.848  49.340 0.2500000000
82385  -18.216  -3.189  48.158 0.1250000000
