#!ascii label  , from subject FREESURFER vox2ras=TkReg 
163
37773  40.340  -20.369  7.090 0.0000000000
37774  39.816  -20.460  7.122 0.0000000000
37775  39.557  -20.426  6.996 0.0000000000
37781  40.240  -20.329  6.876 0.0000000000
37782  39.949  -20.473  6.957 0.0000000000
37783  39.762  -20.489  6.805 0.0000000000
38678  42.206  -19.270  7.168 0.0000000000
38679  41.926  -19.460  7.175 0.0000000000
38680  41.121  -19.942  7.259 0.0000000000
38681  40.210  -20.209  7.433 0.0000000000
38682  39.361  -20.184  7.326 0.0000000000
38683  38.277  -19.944  7.279 0.0000000000
38684  37.153  -19.865  7.252 0.0000000000
38685  36.123  -19.853  7.244 0.0000000000
38691  42.123  -19.403  6.992 0.0000000000
38692  41.748  -19.647  7.009 0.0000000000
38693  40.873  -20.042  6.850 0.0000000000
38694  40.089  -20.143  6.728 0.0000000000
38695  39.153  -20.215  6.856 0.0000000000
38696  37.862  -19.996  6.881 0.0000000000
38697  36.839  -19.999  6.830 0.0000000000
38698  35.857  -19.975  6.797 0.0000000000
38706  38.342  -19.782  6.498 0.0000000000
38707  37.525  -19.660  6.382 0.0000000000
38708  36.573  -19.597  6.301 0.0000000000
38709  35.632  -19.499  6.240 0.0000000000
39576  44.080  -18.490  7.757 0.0000000000
39577  43.482  -18.608  7.836 0.0000000000
39578  42.509  -18.791  7.980 0.0000000000
39579  41.483  -18.847  8.110 0.0000000000
39593  44.815  -18.412  7.484 0.0000000000
39594  44.524  -18.425  7.574 0.0000000000
39595  43.788  -18.593  7.457 0.0000000000
39596  42.630  -18.991  7.327 0.0000000000
39597  41.765  -19.349  7.567 0.0000000000
39598  40.824  -19.608  7.776 0.0000000000
39599  39.808  -19.625  7.873 0.0000000000
39600  38.743  -19.416  7.781 0.0000000000
39601  37.535  -19.106  7.715 0.0000000000
39602  36.411  -19.257  7.661 0.0000000000
39609  44.762  -18.432  7.248 0.0000000000
39610  44.334  -18.487  7.157 0.0000000000
39611  43.512  -18.712  7.009 0.0000000000
39612  42.505  -19.043  6.899 0.0000000000
39613  41.630  -19.245  6.672 0.0000000000
39614  40.648  -19.310  6.420 0.0000000000
39615  39.700  -19.558  6.378 0.0000000000
39616  38.948  -19.572  6.309 0.0000000000
39621  40.072  -18.823  6.084 0.0000000000
39622  39.337  -18.854  5.940 0.0000000000
39623  38.325  -19.037  5.941 0.0000000000
39624  37.270  -18.898  5.854 0.0000000000
39625  36.317  -18.799  5.775 0.0000000000
39626  35.402  -18.709  5.700 0.0000000000
40637  45.821  -17.464  8.033 0.0000000000
40638  45.320  -17.800  8.058 0.0000000000
40639  44.368  -18.214  8.064 0.0000000000
40640  43.193  -18.113  8.260 0.0000000000
40654  48.800  -17.445  7.239 0.0000000000
40655  48.308  -17.628  7.256 0.0000000000
40656  47.474  -17.754  7.278 0.0000000000
40657  46.258  -17.785  7.540 0.0000000000
40658  45.093  -18.280  7.531 0.0000000000
40659  44.701  -18.384  7.759 0.0000000000
40667  48.945  -17.975  7.166 0.0000000000
40668  48.264  -18.198  7.043 0.0000000000
40669  47.242  -18.066  6.862 0.0000000000
40670  45.964  -18.171  6.985 0.0000000000
40671  44.978  -18.273  6.903 0.0000000000
40672  44.140  -18.181  6.667 0.0000000000
40673  43.265  -18.332  6.576 0.0000000000
40674  42.350  -18.386  6.451 0.0000000000
40675  41.408  -18.423  6.261 0.0000000000
40676  40.645  -18.416  6.058 0.0000000000
40685  48.355  -18.070  6.574 0.0000000000
40686  47.745  -17.795  6.464 0.0000000000
40687  43.748  -17.809  6.277 0.0000000000
40688  43.062  -17.662  6.056 0.0000000000
40689  42.058  -17.558  5.941 0.0000000000
40690  41.049  -17.643  5.812 0.0000000000
40691  40.016  -17.937  5.726 0.0000000000
40692  38.939  -18.014  5.544 0.0000000000
40693  37.911  -18.043  5.494 0.0000000000
40694  36.940  -18.024  5.395 0.0000000000
40695  36.030  -17.938  5.270 0.0000000000
40696  35.177  -17.950  5.267 0.0000000000
40705  35.658  -17.476  4.969 0.0000000000
40706  35.056  -17.333  4.822 0.0000000000
41727  46.160  -16.891  8.094 0.0000000000
41728  45.396  -17.015  8.238 0.0000000000
41729  44.622  -17.204  8.309 0.0000000000
41730  43.694  -17.296  8.410 0.0000000000
41742  48.494  -16.733  7.425 0.0000000000
41743  47.647  -16.885  7.509 0.0000000000
41744  46.896  -17.154  7.665 0.0000000000
41754  46.386  -17.716  6.517 0.0000000000
41755  45.518  -17.679  6.453 0.0000000000
41756  44.651  -17.677  6.346 0.0000000000
41757  44.156  -17.713  6.268 0.0000000000
41766  47.058  -17.262  6.123 0.0000000000
41767  45.950  -17.064  5.928 0.0000000000
41768  44.971  -17.046  5.832 0.0000000000
41769  43.947  -17.207  5.781 0.0000000000
41770  42.805  -16.723  5.338 0.0000000000
41771  41.583  -16.825  5.401 0.0000000000
41772  40.526  -16.939  5.375 0.0000000000
41773  39.490  -17.078  5.274 0.0000000000
41774  38.461  -17.149  5.208 0.0000000000
41775  37.467  -17.208  5.146 0.0000000000
41776  36.567  -17.303  5.019 0.0000000000
41777  36.054  -17.378  4.950 0.0000000000
41785  42.648  -16.124  4.777 0.0000000000
41786  41.987  -16.187  4.844 0.0000000000
41787  41.002  -16.240  4.860 0.0000000000
41788  39.982  -16.318  4.828 0.0000000000
41789  38.960  -16.405  4.770 0.0000000000
41790  37.946  -16.464  4.764 0.0000000000
41791  36.956  -16.595  4.697 0.0000000000
41792  35.896  -16.854  4.643 0.0000000000
41793  34.909  -16.670  4.448 0.0000000000
42748  46.123  -16.051  8.454 0.0000000000
42749  45.547  -16.346  8.441 0.0000000000
42750  44.840  -16.388  8.578 0.0000000000
42762  47.834  -15.921  7.980 0.0000000000
42763  46.884  -16.275  7.992 0.0000000000
42778  46.336  -16.317  5.301 0.0000000000
42779  45.299  -16.277  5.282 0.0000000000
42780  44.305  -16.367  5.277 0.0000000000
42781  43.622  -16.512  5.273 0.0000000000
42791  45.612  -15.597  4.550 0.0000000000
42792  44.561  -15.645  4.599 0.0000000000
42793  43.380  -15.906  4.647 0.0000000000
42794  42.371  -15.780  4.278 0.0000000000
42795  41.436  -15.750  4.245 0.0000000000
42796  40.441  -15.738  4.272 0.0000000000
42797  39.419  -15.736  4.309 0.0000000000
42798  38.402  -15.777  4.339 0.0000000000
42799  37.405  -15.846  4.376 0.0000000000
42800  36.402  -15.959  4.372 0.0000000000
42801  35.420  -16.077  4.252 0.0000000000
42802  34.762  -16.183  4.157 0.0000000000
42813  43.876  -15.276  3.739 0.0000000000
42814  42.854  -15.405  3.638 0.0000000000
42815  41.881  -15.419  3.560 0.0000000000
42816  40.902  -15.362  3.593 0.0000000000
42817  39.883  -15.246  3.686 0.0000000000
42818  38.845  -15.208  3.783 0.0000000000
42819  37.852  -15.215  3.922 0.0000000000
42820  36.879  -15.200  4.089 0.0000000000
42821  35.840  -15.291  4.028 0.0000000000
42822  34.660  -15.558  3.812 0.0000000000
43963  41.395  -15.036  2.924 0.0000000000
43964  40.432  -14.778  3.115 0.0000000000
43965  39.322  -14.544  3.218 0.0000000000
43966  38.268  -14.628  3.437 0.0000000000
43967  37.366  -14.597  3.645 0.0000000000
43968  36.408  -14.559  3.704 0.0000000000
43969  35.324  -14.578  3.519 0.0000000000
43970  34.406  -14.764  3.361 0.0000000000
45141  38.520  -14.025  2.944 0.0000000000
45142  37.775  -14.118  3.236 0.0000000000
45143  37.015  -13.886  3.424 0.0000000000
45144  36.040  -13.848  3.356 0.0000000000
