#!ascii label  , from subject FREESURFER vox2ras=TkReg 
849
65713  3.196  7.895  13.152 0.0000000000
65724  3.163  7.159  13.078 0.0000000000
65725  2.652  7.542  12.749 0.0000000000
65726  1.991  7.565  12.361 0.0000000000
66646  4.238  8.629  14.032 0.0000000000
66647  3.541  8.664  13.427 0.0000000000
66648  2.887  8.625  12.979 0.0000000000
66655  2.253  8.528  12.573 0.0000000000
66656  1.637  8.480  12.257 0.0000000000
67569  4.595  9.643  15.455 0.0000000000
67575  4.404  9.866  14.510 0.0000000000
67580  3.852  9.688  13.718 0.0000000000
67581  3.165  9.605  13.203 0.0000000000
67582  2.504  9.534  12.747 0.0000000000
67585  1.838  9.458  12.387 0.0000000000
67586  1.304  9.337  12.080 0.0000000000
68468  4.440  10.875  15.908 0.0000000000
68469  3.804  10.611  16.579 0.0000000000
68476  4.527  10.839  15.055 0.0000000000
68480  4.300  10.988  14.406 0.0000000000
68485  3.982  10.729  13.886 0.0000000000
68486  3.385  10.588  13.380 0.0000000000
68487  2.722  10.516  12.928 0.0000000000
68490  2.056  10.462  12.496 0.0000000000
68491  1.298  10.412  12.154 0.0000000000
69384  4.439  12.000  15.842 0.0000000000
69385  4.108  11.758  16.369 0.0000000000
69386  3.219  11.598  16.777 0.0000000000
69391  4.515  11.831  15.272 0.0000000000
69394  4.388  11.784  14.563 0.0000000000
69398  4.060  11.702  13.928 0.0000000000
69399  3.546  11.529  13.442 0.0000000000
69400  2.932  11.444  13.032 0.0000000000
69403  2.283  11.438  12.595 0.0000000000
69404  1.588  11.378  12.335 0.0000000000
69405  1.047  11.430  12.112 0.0000000000
70234  4.300  12.762  16.043 0.0000000000
70235  3.651  12.663  16.537 0.0000000000
70236  2.565  12.556  16.716 0.0000000000
70237  1.403  12.413  16.533 0.0000000000
70238  0.731  12.360  16.686 0.0000000000
70242  4.476  12.772  15.386 0.0000000000
70246  4.452  12.708  14.693 0.0000000000
70250  4.186  12.643  14.000 0.0000000000
70251  3.595  12.566  13.391 0.0000000000
70252  3.146  12.156  13.064 0.0000000000
70255  3.042  12.843  12.864 0.0000000000
70256  2.552  12.419  12.632 0.0000000000
70257  1.769  12.381  12.307 0.0000000000
70258  1.240  12.061  12.195 0.0000000000
70263  1.267  12.699  12.018 0.0000000000
70264  0.868  12.265  11.927 0.0000000000
71048  2.902  14.113  21.130 0.0000000000
71049  2.343  14.290  21.244 0.0000000000
71064  0.320  13.381  17.414 0.0000000000
71069  3.952  13.653  16.147 0.0000000000
71070  3.139  13.607  16.547 0.0000000000
71071  1.949  13.525  16.420 0.0000000000
71072  0.914  13.357  16.204 0.0000000000
71073  0.469  13.356  16.627 0.0000000000
71077  4.332  13.707  15.508 0.0000000000
71081  4.468  13.662  14.816 0.0000000000
71085  4.272  13.596  14.128 0.0000000000
71086  3.796  13.551  13.518 0.0000000000
71090  3.234  13.566  12.931 0.0000000000
71091  2.573  13.529  12.444 0.0000000000
71092  2.092  13.118  12.259 0.0000000000
71097  2.081  13.773  11.990 0.0000000000
71098  1.617  13.410  11.908 0.0000000000
71099  1.062  13.240  11.735 0.0000000000
71813  1.947  14.386  21.317 0.0000000000
71814  1.586  14.239  21.600 0.0000000000
71821  2.402  14.746  20.717 0.0000000000
71822  1.372  14.627  21.116 0.0000000000
71823  0.860  14.627  20.825 0.0000000000
71830  3.184  15.109  20.203 0.0000000000
71831  0.687  14.549  20.216 0.0000000000
71835  0.619  14.532  19.129 0.0000000000
71839  0.367  14.422  17.830 0.0000000000
71843  3.563  14.348  16.209 0.0000000000
71844  2.693  14.732  16.251 0.0000000000
71845  1.298  14.412  15.913 0.0000000000
71846  0.471  14.312  16.070 0.0000000000
71847  0.160  14.322  16.722 0.0000000000
71851  4.041  14.803  15.670 0.0000000000
71852  3.531  14.887  16.087 0.0000000000
71859  4.399  14.664  14.920 0.0000000000
71865  4.298  14.564  14.232 0.0000000000
71866  3.949  14.493  13.595 0.0000000000
71871  3.441  14.465  12.999 0.0000000000
71872  2.852  14.460  12.459 0.0000000000
71876  2.297  14.474  11.959 0.0000000000
71877  1.804  14.356  11.692 0.0000000000
71878  1.409  14.223  11.583 0.0000000000
71880  1.130  14.019  11.525 0.0000000000
72555  1.608  15.526  20.535 0.0000000000
72556  0.938  15.497  20.557 0.0000000000
72557  0.730  15.092  20.415 0.0000000000
72563  3.498  15.725  19.845 0.0000000000
72564  2.495  15.702  20.181 0.0000000000
72565  0.703  16.022  20.320 0.0000000000
72566  0.574  15.587  19.873 0.0000000000
72570  0.477  15.502  18.463 0.0000000000
72574  0.135  15.375  17.126 0.0000000000
72582  2.658  15.767  16.060 0.0000000000
72583  1.720  15.502  15.844 0.0000000000
72584  0.693  15.303  15.643 0.0000000000
72585  0.067  15.266  16.109 0.0000000000
72594  4.017  15.870  15.423 0.0000000000
72595  3.471  15.606  15.936 0.0000000000
72603  4.299  15.693  14.945 0.0000000000
72610  4.293  15.573  14.273 0.0000000000
72611  4.067  15.432  13.628 0.0000000000
72614  3.639  15.377  13.036 0.0000000000
72615  3.098  15.355  12.483 0.0000000000
72618  2.523  15.351  11.990 0.0000000000
72619  1.901  15.386  11.527 0.0000000000
72620  1.604  14.848  11.516 0.0000000000
72623  1.612  15.893  11.285 0.0000000000
72624  1.465  15.364  11.340 0.0000000000
72625  0.157  14.985  10.537 0.0000000000
72628  0.341  16.032  10.310 0.0000000000
73259  1.200  15.986  20.508 0.0000000000
73260  0.944  16.196  20.440 0.0000000000
73265  3.942  16.519  19.533 0.0000000000
73266  2.798  16.557  19.717 0.0000000000
73267  1.564  16.522  20.153 0.0000000000
73268  0.710  16.623  20.038 0.0000000000
73269  0.555  16.537  19.114 0.0000000000
73274  0.329  16.490  17.814 0.0000000000
73288  0.028  16.350  16.514 0.0000000000
73302  3.020  16.459  15.892 0.0000000000
73303  2.192  16.416  15.789 0.0000000000
73304  1.103  16.394  15.338 0.0000000000
73305  0.352  16.216  15.709 0.0000000000
73314  4.201  16.655  14.986 0.0000000000
73315  3.681  16.589  15.511 0.0000000000
73316  1.725  16.871  15.499 0.0000000000
73317  1.316  17.024  15.325 0.0000000000
73322  4.319  16.597  14.315 0.0000000000
73326  4.141  16.508  13.550 0.0000000000
73327  3.821  16.107  13.104 0.0000000000
73330  3.799  16.803  12.895 0.0000000000
73331  3.314  16.422  12.464 0.0000000000
73332  2.768  16.055  12.083 0.0000000000
73335  2.731  16.753  11.908 0.0000000000
73336  2.276  16.356  11.606 0.0000000000
73337  1.763  16.412  11.266 0.0000000000
73340  1.520  16.356  11.134 0.0000000000
73341  1.445  16.703  11.008 0.0000000000
74038  4.513  17.502  19.294 0.0000000000
74039  3.297  17.323  19.368 0.0000000000
74040  2.186  17.577  19.542 0.0000000000
74041  1.073  17.666  19.706 0.0000000000
74042  0.681  17.163  19.470 0.0000000000
74062  4.262  18.107  19.022 0.0000000000
74063  3.577  17.939  19.111 0.0000000000
74064  2.904  17.820  19.279 0.0000000000
74065  0.870  18.180  19.159 0.0000000000
74066  0.581  17.630  18.655 0.0000000000
74085  0.291  17.490  17.150 0.0000000000
74098  2.690  16.813  15.741 0.0000000000
74099  2.321  17.004  15.627 0.0000000000
74100  0.596  16.812  15.485 0.0000000000
74101  0.304  17.355  15.886 0.0000000000
74115  3.924  17.541  15.097 0.0000000000
74116  3.003  17.388  15.571 0.0000000000
74117  1.820  17.528  15.403 0.0000000000
74118  0.878  17.405  15.300 0.0000000000
74119  0.581  17.828  15.556 0.0000000000
74125  4.319  17.596  14.416 0.0000000000
74130  4.342  17.548  13.656 0.0000000000
74134  4.070  17.499  12.970 0.0000000000
74135  3.597  17.468  12.411 0.0000000000
74138  3.042  17.446  11.908 0.0000000000
74139  2.411  17.432  11.461 0.0000000000
74140  1.961  17.068  11.246 0.0000000000
74143  1.975  17.755  11.060 0.0000000000
74144  1.603  17.339  10.954 0.0000000000
74145  1.439  17.695  10.715 0.0000000000
74817  5.947  18.381  19.375 0.0000000000
74818  5.304  17.910  19.326 0.0000000000
74819  1.966  18.140  19.376 0.0000000000
74820  1.637  17.999  19.509 0.0000000000
74832  5.750  18.835  19.022 0.0000000000
74833  5.037  18.467  18.957 0.0000000000
74834  3.902  18.509  18.778 0.0000000000
74835  2.667  18.343  19.022 0.0000000000
74836  1.528  18.428  19.097 0.0000000000
74837  0.865  18.550  18.591 0.0000000000
74848  0.581  18.606  17.680 0.0000000000
74859  0.367  18.464  16.535 0.0000000000
74879  3.468  18.270  15.132 0.0000000000
74880  2.409  18.609  15.104 0.0000000000
74881  1.270  18.326  15.091 0.0000000000
74882  0.758  18.220  15.364 0.0000000000
74883  0.482  18.405  15.727 0.0000000000
74894  4.084  18.634  14.543 0.0000000000
74895  3.367  19.024  14.844 0.0000000000
74901  4.437  18.564  13.747 0.0000000000
74906  4.328  18.505  12.911 0.0000000000
74907  3.919  18.149  12.453 0.0000000000
74911  4.008  18.804  12.233 0.0000000000
74912  3.461  18.447  11.798 0.0000000000
74913  2.824  18.113  11.464 0.0000000000
74916  2.961  18.757  11.192 0.0000000000
74917  2.383  18.437  10.995 0.0000000000
74918  1.833  18.432  10.620 0.0000000000
74919  1.520  18.163  10.579 0.0000000000
74923  1.635  18.794  10.277 0.0000000000
74924  1.504  18.528  10.348 0.0000000000
75554  6.709  19.358  19.348 0.0000000000
75555  6.073  18.985  19.079 0.0000000000
75568  6.507  19.736  18.771 0.0000000000
75569  5.839  19.434  18.629 0.0000000000
75570  4.554  19.211  18.486 0.0000000000
75571  3.344  19.149  18.477 0.0000000000
75572  2.193  19.134  18.529 0.0000000000
75573  1.290  19.096  18.370 0.0000000000
75574  0.865  18.968  18.111 0.0000000000
75585  5.729  19.961  18.241 0.0000000000
75586  5.127  19.905  18.152 0.0000000000
75587  4.015  19.849  18.064 0.0000000000
75588  2.833  19.830  18.033 0.0000000000
75589  1.701  19.802  17.950 0.0000000000
75590  0.820  19.553  17.715 0.0000000000
75602  0.414  19.475  16.950 0.0000000000
75626  2.024  19.306  14.740 0.0000000000
75627  1.457  19.156  14.814 0.0000000000
75628  0.735  19.246  15.177 0.0000000000
75629  0.357  19.449  16.020 0.0000000000
75652  3.757  19.784  14.374 0.0000000000
75653  2.666  19.683  14.639 0.0000000000
75654  1.660  19.826  14.473 0.0000000000
75655  1.034  19.774  14.587 0.0000000000
75662  4.341  19.562  13.822 0.0000000000
75669  4.512  19.512  13.056 0.0000000000
75674  4.290  19.459  12.329 0.0000000000
75675  3.902  19.433  11.736 0.0000000000
75680  3.372  19.418  11.207 0.0000000000
75681  2.782  19.413  10.696 0.0000000000
75682  2.226  19.090  10.486 0.0000000000
75688  2.402  19.773  10.183 0.0000000000
75689  1.935  19.427  10.074 0.0000000000
75690  1.709  19.484  9.900 0.0000000000
76317  6.444  20.168  18.352 0.0000000000
76318  5.976  19.998  18.266 0.0000000000
76329  6.690  20.890  17.871 0.0000000000
76330  5.819  20.464  17.833 0.0000000000
76331  4.693  20.476  17.646 0.0000000000
76332  3.534  20.491  17.604 0.0000000000
76333  2.325  20.530  17.567 0.0000000000
76334  1.042  20.579  17.358 0.0000000000
76335  0.547  20.072  17.173 0.0000000000
76346  0.685  21.036  16.871 0.0000000000
76347  0.420  20.556  16.498 0.0000000000
76366  0.732  20.224  14.727 0.0000000000
76367  0.393  20.533  15.313 0.0000000000
76391  3.789  20.512  14.095 0.0000000000
76392  3.144  20.522  14.283 0.0000000000
76393  2.079  20.516  14.073 0.0000000000
76394  1.073  20.610  14.111 0.0000000000
76395  0.598  20.993  14.498 0.0000000000
76409  4.144  20.392  13.848 0.0000000000
76414  4.429  20.459  13.247 0.0000000000
76420  4.451  20.514  12.250 0.0000000000
76421  4.221  19.966  11.830 0.0000000000
76427  4.386  21.070  11.628 0.0000000000
76428  3.885  20.505  11.159 0.0000000000
76429  3.264  19.952  10.789 0.0000000000
76438  3.585  21.023  10.432 0.0000000000
76439  3.028  20.503  10.219 0.0000000000
76440  2.201  20.502  9.634 0.0000000000
76441  1.887  20.015  9.675 0.0000000000
76453  1.987  21.007  9.308 0.0000000000
76454  1.876  20.756  9.353 0.0000000000
77029  6.993  21.558  17.632 0.0000000000
77030  6.291  21.430  17.321 0.0000000000
77031  5.298  21.139  17.233 0.0000000000
77032  4.229  21.120  17.189 0.0000000000
77033  3.080  21.169  17.183 0.0000000000
77034  1.921  21.231  17.133 0.0000000000
77035  1.102  21.278  16.945 0.0000000000
77041  5.713  21.747  16.821 0.0000000000
77042  4.840  21.689  16.705 0.0000000000
77043  3.769  21.733  16.690 0.0000000000
77044  2.637  21.805  16.702 0.0000000000
77045  1.576  21.807  16.630 0.0000000000
77046  0.714  21.580  16.420 0.0000000000
77047  0.350  21.540  15.659 0.0000000000
77065  0.365  21.709  14.730 0.0000000000
77087  3.968  20.794  13.873 0.0000000000
77088  3.561  21.042  13.887 0.0000000000
77089  2.660  21.272  13.771 0.0000000000
77090  1.553  21.440  13.509 0.0000000000
77091  0.705  21.936  13.705 0.0000000000
77117  4.068  21.244  13.526 0.0000000000
77118  3.301  21.906  13.485 0.0000000000
77119  2.189  22.195  13.116 0.0000000000
77120  1.157  22.426  12.901 0.0000000000
77121  0.766  22.719  13.100 0.0000000000
77123  4.404  21.518  12.801 0.0000000000
77126  4.502  21.657  11.961 0.0000000000
77136  4.393  21.645  11.175 0.0000000000
77137  3.953  21.577  10.513 0.0000000000
77152  3.396  21.549  9.948 0.0000000000
77153  2.607  21.529  9.405 0.0000000000
77154  2.159  21.178  9.315 0.0000000000
77169  2.338  22.042  9.032 0.0000000000
77170  2.056  21.701  9.021 0.0000000000
77171  1.803  21.886  8.806 0.0000000000
77783  6.840  21.913  17.230 0.0000000000
77785  7.326  22.939  16.497 0.0000000000
77786  6.522  22.298  16.635 0.0000000000
77787  5.427  22.300  16.313 0.0000000000
77788  4.374  22.375  16.282 0.0000000000
77789  3.262  22.487  16.336 0.0000000000
77790  2.137  22.537  16.326 0.0000000000
77791  1.149  22.438  16.167 0.0000000000
77792  0.590  22.226  15.802 0.0000000000
77801  6.842  23.029  15.927 0.0000000000
77802  5.979  22.918  15.777 0.0000000000
77803  4.910  23.003  15.804 0.0000000000
77804  3.804  23.197  15.913 0.0000000000
77805  2.660  23.326  15.970 0.0000000000
77806  1.581  23.272  15.832 0.0000000000
77807  0.828  22.973  15.527 0.0000000000
77808  0.415  22.575  15.112 0.0000000000
77822  0.492  22.749  14.215 0.0000000000
77851  4.000  22.616  13.142 0.0000000000
77852  2.896  23.116  13.093 0.0000000000
77853  1.703  23.343  12.596 0.0000000000
77854  0.910  23.446  12.809 0.0000000000
77855  0.637  23.158  13.414 0.0000000000
77872  4.410  22.623  12.340 0.0000000000
77885  4.563  22.620  11.458 0.0000000000
77908  4.329  22.599  10.506 0.0000000000
77909  3.828  22.218  9.989 0.0000000000
77929  3.950  22.924  9.790 0.0000000000
77930  3.247  22.559  9.374 0.0000000000
77931  2.613  22.323  9.049 0.0000000000
77941  2.753  22.897  8.840 0.0000000000
77942  2.290  22.618  8.701 0.0000000000
77943  1.885  22.637  8.480 0.0000000000
77944  1.723  22.454  8.483 0.0000000000
77953  1.773  22.912  8.285 0.0000000000
78555  7.377  23.699  15.985 0.0000000000
78556  6.492  23.847  15.332 0.0000000000
78557  5.372  23.708  15.363 0.0000000000
78558  4.306  23.855  15.445 0.0000000000
78559  3.104  24.199  15.463 0.0000000000
78560  2.032  24.128  15.507 0.0000000000
78561  1.013  24.018  15.077 0.0000000000
78562  0.630  23.276  15.102 0.0000000000
78574  6.253  24.406  14.973 0.0000000000
78575  5.690  24.380  14.950 0.0000000000
78576  4.726  24.501  15.014 0.0000000000
78577  3.781  24.678  15.096 0.0000000000
78578  0.720  24.438  14.124 0.0000000000
78579  0.609  23.466  14.589 0.0000000000
78599  3.500  23.963  12.835 0.0000000000
78600  2.337  24.391  12.483 0.0000000000
78601  1.230  24.573  12.476 0.0000000000
78602  0.720  24.433  13.227 0.0000000000
78603  0.587  23.675  13.883 0.0000000000
78617  4.162  23.717  12.562 0.0000000000
78639  4.518  23.695  11.828 0.0000000000
78665  4.610  23.645  10.876 0.0000000000
78681  4.337  23.772  9.903 0.0000000000
78682  3.708  23.599  9.327 0.0000000000
78694  3.140  23.523  8.823 0.0000000000
78695  2.591  23.527  8.417 0.0000000000
78696  2.138  23.261  8.294 0.0000000000
78705  2.303  23.887  8.005 0.0000000000
78706  1.997  23.640  7.958 0.0000000000
79262  7.742  24.359  16.241 0.0000000000
79264  7.806  25.011  16.125 0.0000000000
79265  7.326  24.691  15.482 0.0000000000
79266  6.652  24.557  15.016 0.0000000000
79267  2.369  24.683  15.184 0.0000000000
79268  1.714  24.902  14.890 0.0000000000
79269  1.070  25.027  14.393 0.0000000000
79277  6.873  25.089  14.850 0.0000000000
79278  6.135  24.961  14.629 0.0000000000
79279  5.109  25.109  14.521 0.0000000000
79280  4.010  25.327  14.570 0.0000000000
79281  2.694  25.343  14.692 0.0000000000
79282  1.491  25.722  14.211 0.0000000000
79283  0.896  25.528  13.633 0.0000000000
79303  3.833  24.484  12.599 0.0000000000
79304  3.184  25.264  12.560 0.0000000000
79305  1.829  25.709  12.298 0.0000000000
79306  0.934  25.642  12.850 0.0000000000
79317  4.118  24.986  12.195 0.0000000000
79318  3.614  25.752  12.349 0.0000000000
79338  4.567  24.726  11.255 0.0000000000
79352  4.788  25.496  9.889 0.0000000000
79353  4.645  24.675  10.324 0.0000000000
79360  4.693  25.536  9.477 0.0000000000
79361  4.429  24.967  9.353 0.0000000000
79362  4.040  24.223  9.312 0.0000000000
79366  4.171  25.150  8.786 0.0000000000
79367  3.634  24.581  8.644 0.0000000000
79368  3.024  24.024  8.433 0.0000000000
79373  3.351  24.981  7.975 0.0000000000
79374  2.849  24.494  7.920 0.0000000000
79375  2.300  24.515  7.525 0.0000000000
79383  2.101  24.627  7.288 0.0000000000
79854  8.073  25.639  16.424 0.0000000000
79855  7.778  25.614  15.681 0.0000000000
79857  7.344  25.645  15.007 0.0000000000
79858  6.632  25.819  14.409 0.0000000000
79859  5.595  25.753  14.157 0.0000000000
79860  4.514  25.928  14.020 0.0000000000
79861  3.297  26.149  13.944 0.0000000000
79862  2.053  26.257  13.811 0.0000000000
79863  1.270  26.107  13.568 0.0000000000
79879  6.052  26.412  13.888 0.0000000000
79880  5.138  26.385  13.619 0.0000000000
79881  4.060  26.435  13.171 0.0000000000
79882  2.702  26.279  13.022 0.0000000000
79883  1.477  26.209  13.126 0.0000000000
79884  0.968  26.115  13.262 0.0000000000
79901  3.859  26.326  12.292 0.0000000000
79902  3.453  26.143  12.631 0.0000000000
79920  4.330  25.900  11.513 0.0000000000
79930  4.884  26.258  10.116 0.0000000000
79931  4.687  25.620  10.662 0.0000000000
79938  4.878  26.075  9.381 0.0000000000
79939  4.646  25.596  9.226 0.0000000000
79943  4.877  26.360  8.913 0.0000000000
79944  4.474  25.839  8.671 0.0000000000
79945  4.021  25.281  8.520 0.0000000000
79948  4.153  26.168  8.070 0.0000000000
79949  3.744  25.612  8.024 0.0000000000
79950  3.125  25.386  7.541 0.0000000000
79951  2.620  25.286  7.254 0.0000000000
79956  2.269  25.247  7.009 0.0000000000
79957  2.054  25.165  6.900 0.0000000000
80334  8.057  26.424  15.962 0.0000000000
80335  7.720  26.376  15.241 0.0000000000
80338  7.315  26.463  14.633 0.0000000000
80339  6.789  26.709  14.136 0.0000000000
80350  6.363  26.997  13.763 0.0000000000
80351  5.698  26.998  13.428 0.0000000000
80352  4.932  26.851  13.170 0.0000000000
80362  5.251  27.275  13.054 0.0000000000
80363  4.568  27.145  12.665 0.0000000000
80370  4.185  27.018  11.800 0.0000000000
80375  4.841  26.854  10.189 0.0000000000
80376  4.556  26.810  10.811 0.0000000000
80384  4.985  26.850  9.695 0.0000000000
80388  5.073  26.846  9.054 0.0000000000
80389  4.826  26.756  8.556 0.0000000000
80392  4.440  26.681  8.061 0.0000000000
80393  3.867  26.610  7.590 0.0000000000
80394  3.333  26.166  7.322 0.0000000000
80395  2.909  25.928  7.066 0.0000000000
80398  3.398  26.865  7.115 0.0000000000
80399  3.002  26.698  6.843 0.0000000000
80400  2.532  26.220  6.739 0.0000000000
80401  2.257  25.745  6.752 0.0000000000
80409  2.368  26.338  6.589 0.0000000000
80410  0.790  26.403  5.585 0.0000000000
80818  8.105  27.227  16.390 0.0000000000
80821  7.871  27.282  15.394 0.0000000000
80822  7.630  26.896  14.885 0.0000000000
80825  7.750  27.820  14.986 0.0000000000
80826  7.314  27.502  14.412 0.0000000000
80827  6.754  27.223  13.941 0.0000000000
80830  7.025  28.064  13.927 0.0000000000
80831  6.414  27.743  13.488 0.0000000000
80832  5.710  27.451  13.168 0.0000000000
80834  6.064  28.259  12.940 0.0000000000
80835  5.470  27.841  12.731 0.0000000000
80836  4.628  27.836  12.097 0.0000000000
80839  4.404  27.711  11.299 0.0000000000
80843  4.806  27.596  10.153 0.0000000000
80844  4.530  27.612  10.753 0.0000000000
80854  5.120  27.604  9.288 0.0000000000
80858  5.072  27.599  8.508 0.0000000000
80859  4.766  27.272  8.084 0.0000000000
80862  4.859  27.870  7.879 0.0000000000
80863  4.271  27.581  7.516 0.0000000000
80864  3.673  27.309  7.181 0.0000000000
80867  3.698  27.933  6.963 0.0000000000
80868  3.224  27.582  6.740 0.0000000000
80869  2.729  27.503  6.409 0.0000000000
80870  2.496  27.023  6.402 0.0000000000
80881  2.536  28.022  6.102 0.0000000000
80882  1.403  27.419  5.364 0.0000000000
80883  0.761  27.158  5.040 0.0000000000
80891  0.986  27.711  4.781 0.0000000000
81295  7.667  28.591  16.565 0.0000000000
81298  7.987  27.972  16.042 0.0000000000
81299  7.748  28.680  15.706 0.0000000000
81302  7.836  28.046  15.394 0.0000000000
81303  7.631  28.468  14.876 0.0000000000
81305  7.232  28.482  14.224 0.0000000000
81306  6.866  28.582  13.731 0.0000000000
81308  6.403  28.745  13.162 0.0000000000
81309  5.791  28.785  12.466 0.0000000000
81310  5.150  28.393  12.144 0.0000000000
81313  5.205  28.979  11.870 0.0000000000
81314  4.724  28.511  11.508 0.0000000000
81317  4.745  28.394  10.167 0.0000000000
81318  4.552  28.360  10.749 0.0000000000
81329  4.994  28.427  9.596 0.0000000000
81334  5.254  28.462  8.752 0.0000000000
81337  5.151  28.518  7.949 0.0000000000
81338  4.661  28.503  7.420 0.0000000000
81342  4.089  28.547  6.938 0.0000000000
81343  3.424  28.605  6.344 0.0000000000
81344  2.969  28.135  6.335 0.0000000000
81357  3.248  29.056  5.819 0.0000000000
81358  2.831  28.741  5.751 0.0000000000
81359  2.584  28.601  5.640 0.0000000000
81364  2.742  29.188  5.140 0.0000000000
81365  2.558  29.019  5.139 0.0000000000
81722  7.313  29.515  16.120 0.0000000000
81723  6.682  29.946  16.683 0.0000000000
81726  7.469  29.333  15.253 0.0000000000
81729  7.198  29.311  14.452 0.0000000000
81730  6.895  29.824  14.196 0.0000000000
81733  7.086  28.978  13.998 0.0000000000
81734  6.727  29.513  13.702 0.0000000000
81737  6.199  29.659  12.773 0.0000000000
81738  5.533  29.779  12.002 0.0000000000
81741  4.829  29.423  11.222 0.0000000000
81742  4.593  28.826  11.092 0.0000000000
81748  4.789  29.218  10.214 0.0000000000
81749  4.613  28.969  10.823 0.0000000000
81761  5.262  29.368  9.133 0.0000000000
81767  5.400  29.419  8.139 0.0000000000
81770  5.066  29.435  7.107 0.0000000000
81771  4.499  29.011  6.939 0.0000000000
81775  4.924  29.884  6.458 0.0000000000
81776  4.244  29.482  6.177 0.0000000000
81777  3.545  29.196  5.900 0.0000000000
81789  4.041  29.937  5.447 0.0000000000
81790  3.416  29.644  5.303 0.0000000000
81791  2.937  29.325  5.178 0.0000000000
81795  3.212  30.141  4.721 0.0000000000
81796  2.898  29.821  4.694 0.0000000000
81797  2.726  29.532  4.704 0.0000000000
81802  2.816  30.435  4.250 0.0000000000
82141  6.257  30.715  16.961 0.0000000000
82147  7.087  29.952  15.475 0.0000000000
82148  6.638  30.522  16.022 0.0000000000
82152  7.116  29.829  14.945 0.0000000000
82153  6.685  30.522  15.019 0.0000000000
82156  6.923  29.992  14.541 0.0000000000
82157  6.632  30.488  14.102 0.0000000000
82159  6.311  30.529  13.208 0.0000000000
82161  5.857  30.609  12.364 0.0000000000
82162  5.522  30.459  11.919 0.0000000000
82164  5.488  30.897  11.866 0.0000000000
82165  5.188  30.502  11.428 0.0000000000
82173  4.954  30.330  10.581 0.0000000000
82185  5.251  30.337  9.618 0.0000000000
82191  5.492  30.444  8.535 0.0000000000
82195  5.540  30.461  7.486 0.0000000000
82203  5.329  30.514  6.541 0.0000000000
82204  4.848  30.221  6.091 0.0000000000
82217  5.094  30.805  5.897 0.0000000000
82218  4.489  30.539  5.470 0.0000000000
82219  3.923  30.292  5.081 0.0000000000
82225  4.098  30.870  4.878 0.0000000000
82226  3.522  30.692  4.644 0.0000000000
82227  3.092  30.524  4.469 0.0000000000
82232  3.146  31.105  4.321 0.0000000000
82233  2.879  30.938  4.212 0.0000000000
82547  6.171  31.532  16.398 0.0000000000
82551  6.239  31.480  15.494 0.0000000000
82554  6.283  31.491  14.531 0.0000000000
82556  6.247  31.460  13.590 0.0000000000
82561  6.024  31.423  12.752 0.0000000000
82568  5.671  31.450  12.079 0.0000000000
82569  5.267  31.391  11.477 0.0000000000
82579  4.928  31.136  10.910 0.0000000000
82590  5.172  31.276  10.133 0.0000000000
82593  5.532  31.425  9.102 0.0000000000
82598  6.014  32.129  7.461 0.0000000000
82599  5.720  31.730  7.826 0.0000000000
82609  6.174  32.059  7.122 0.0000000000
82610  5.851  31.361  6.866 0.0000000000
82621  6.189  32.030  6.414 0.0000000000
82622  5.672  31.546  5.903 0.0000000000
82623  5.054  31.245  5.460 0.0000000000
82628  5.261  31.871  5.268 0.0000000000
82629  4.603  31.597  4.867 0.0000000000
82630  3.968  31.353  4.543 0.0000000000
82633  4.123  31.967  4.396 0.0000000000
82634  3.534  31.752  4.208 0.0000000000
82635  3.050  31.568  4.106 0.0000000000
82643  3.203  32.086  3.933 0.0000000000
82644  2.911  31.862  3.850 0.0000000000
82946  6.940  33.054  17.268 0.0000000000
82947  6.495  32.527  16.721 0.0000000000
82951  6.139  32.419  15.911 0.0000000000
82954  5.948  32.515  14.991 0.0000000000
82957  6.006  32.490  13.963 0.0000000000
82963  5.992  32.290  13.030 0.0000000000
82970  5.814  32.143  12.309 0.0000000000
82971  5.506  32.154  11.693 0.0000000000
82981  4.973  32.109  10.861 0.0000000000
82994  5.179  32.310  9.726 0.0000000000
83003  5.778  32.928  8.121 0.0000000000
83004  5.637  32.505  8.679 0.0000000000
83010  6.060  32.644  7.519 0.0000000000
83011  5.741  32.462  8.001 0.0000000000
83024  6.367  32.748  6.646 0.0000000000
83032  6.173  32.734  5.635 0.0000000000
83033  5.632  32.218  5.379 0.0000000000
83036  6.087  33.354  4.992 0.0000000000
83037  5.279  32.808  4.717 0.0000000000
83038  4.527  32.289  4.454 0.0000000000
83041  4.896  33.462  3.989 0.0000000000
83042  4.165  32.826  3.918 0.0000000000
83043  3.528  32.358  3.885 0.0000000000
83053  3.871  33.281  3.357 0.0000000000
83054  3.435  32.726  3.542 0.0000000000
83361  7.236  33.820  17.527 0.0000000000
83365  6.947  33.712  16.378 0.0000000000
83366  6.466  33.025  16.133 0.0000000000
83370  6.587  34.018  15.723 0.0000000000
83371  6.123  33.528  15.507 0.0000000000
83377  5.530  33.815  14.338 0.0000000000
83378  5.016  34.564  13.976 0.0000000000
83385  5.712  33.263  13.261 0.0000000000
83386  5.310  34.233  13.393 0.0000000000
83394  5.773  32.891  12.402 0.0000000000
83395  5.567  33.842  12.459 0.0000000000
83403  5.689  32.594  11.963 0.0000000000
83404  5.466  33.156  11.508 0.0000000000
83413  4.946  33.221  10.374 0.0000000000
83423  5.324  33.332  9.329 0.0000000000
83437  5.859  33.658  7.924 0.0000000000
83438  5.661  33.355  8.565 0.0000000000
83456  6.299  33.601  7.083 0.0000000000
83472  6.560  33.699  6.157 0.0000000000
83476  6.749  34.507  4.894 0.0000000000
83477  6.612  33.978  5.178 0.0000000000
83482  6.593  34.412  4.703 0.0000000000
83483  6.091  34.004  4.459 0.0000000000
83484  5.412  33.755  4.137 0.0000000000
83491  5.724  34.282  3.862 0.0000000000
83492  5.209  34.109  3.537 0.0000000000
83493  4.640  33.691  3.519 0.0000000000
83502  4.806  34.212  3.092 0.0000000000
83503  4.267  33.827  3.112 0.0000000000
83504  3.791  33.720  2.926 0.0000000000
83817  7.495  34.614  16.964 0.0000000000
83821  7.328  34.696  16.194 0.0000000000
83824  6.959  34.482  15.672 0.0000000000
83825  6.295  34.422  15.307 0.0000000000
83831  5.544  34.459  14.986 0.0000000000
83832  4.584  35.311  14.322 0.0000000000
83839  4.833  34.870  13.595 0.0000000000
83845  5.103  34.981  12.616 0.0000000000
83853  5.435  34.375  11.659 0.0000000000
83865  5.275  34.015  10.867 0.0000000000
83877  5.219  34.233  9.971 0.0000000000
83894  5.772  34.344  8.047 0.0000000000
83895  5.578  34.344  8.775 0.0000000000
83913  6.051  34.427  7.527 0.0000000000
83924  6.439  34.585  6.723 0.0000000000
83934  6.860  34.763  5.077 0.0000000000
83935  6.778  34.853  5.767 0.0000000000
83942  6.803  34.965  4.618 0.0000000000
83943  6.511  34.671  4.331 0.0000000000
83949  6.666  35.163  4.115 0.0000000000
83950  6.244  34.871  3.736 0.0000000000
83951  5.688  34.631  3.420 0.0000000000
83957  5.862  35.125  3.162 0.0000000000
83958  5.288  34.850  2.911 0.0000000000
83959  4.612  34.728  2.558 0.0000000000
83960  4.155  34.404  2.588 0.0000000000
83964  4.299  34.999  2.178 0.0000000000
84298  7.677  35.366  16.463 0.0000000000
84301  7.807  35.997  16.015 0.0000000000
84302  7.278  35.401  15.592 0.0000000000
84303  6.658  34.967  15.233 0.0000000000
84306  6.657  35.511  15.057 0.0000000000
84307  5.691  35.310  14.988 0.0000000000
84319  5.297  35.124  11.735 0.0000000000
84332  5.425  35.054  10.891 0.0000000000
84345  5.520  35.308  9.700 0.0000000000
84358  5.691  34.964  8.021 0.0000000000
84359  5.574  35.543  8.674 0.0000000000
84370  6.050  35.457  7.346 0.0000000000
84371  5.575  35.739  7.946 0.0000000000
84382  6.485  35.638  6.476 0.0000000000
84395  6.881  35.770  5.038 0.0000000000
84396  6.717  35.889  5.788 0.0000000000
84406  6.811  35.771  4.276 0.0000000000
84410  6.585  35.732  3.715 0.0000000000
84411  6.198  35.719  3.182 0.0000000000
84415  5.690  35.677  2.691 0.0000000000
84416  5.001  35.677  2.145 0.0000000000
84417  4.535  35.308  2.095 0.0000000000
84732  7.686  36.464  15.153 0.0000000000
84733  7.062  35.855  15.054 0.0000000000
84737  7.557  36.882  14.071 0.0000000000
84738  6.357  36.256  14.604 0.0000000000
84741  7.484  37.232  13.327 0.0000000000
84742  6.834  36.909  13.877 0.0000000000
84748  7.340  37.420  12.946 0.0000000000
84749  6.857  37.230  13.229 0.0000000000
84758  4.926  36.011  11.830 0.0000000000
84759  4.434  35.809  12.770 0.0000000000
84771  5.381  36.230  10.553 0.0000000000
84780  5.561  36.417  9.372 0.0000000000
84788  5.599  36.492  8.334 0.0000000000
84797  6.011  36.562  6.978 0.0000000000
84798  5.723  36.330  7.615 0.0000000000
84809  6.505  36.641  6.236 0.0000000000
84819  6.906  36.845  4.958 0.0000000000
84820  6.784  36.709  5.513 0.0000000000
84831  6.907  36.669  4.421 0.0000000000
84837  6.788  36.544  3.810 0.0000000000
85189  8.295  37.456  14.418 0.0000000000
85192  8.146  37.575  13.467 0.0000000000
85193  4.105  37.797  14.354 0.0000000000
85194  3.718  36.890  14.345 0.0000000000
85200  7.730  37.733  12.865 0.0000000000
85201  7.004  37.758  12.779 0.0000000000
85202  5.989  37.637  13.349 0.0000000000
85203  3.106  36.566  13.149 0.0000000000
85204  2.659  36.818  13.434 0.0000000000
85213  4.389  36.578  11.889 0.0000000000
85214  3.537  36.717  12.455 0.0000000000
85215  2.482  37.190  12.777 0.0000000000
85224  4.645  36.988  11.323 0.0000000000
85225  4.009  37.494  11.505 0.0000000000
85234  5.192  37.345  10.089 0.0000000000
85243  5.490  37.514  8.920 0.0000000000
85252  5.814  37.129  7.045 0.0000000000
85253  5.711  37.489  7.611 0.0000000000
85263  6.026  37.435  6.693 0.0000000000
85264  5.706  38.275  6.946 0.0000000000
85272  6.978  37.500  5.239 0.0000000000
85273  6.656  37.733  5.895 0.0000000000
85666  4.347  38.339  13.968 0.0000000000
85667  3.547  38.524  14.112 0.0000000000
85668  3.086  38.041  14.319 0.0000000000
85675  8.213  38.440  12.985 0.0000000000
85676  7.435  38.507  12.615 0.0000000000
85677  6.384  38.505  12.624 0.0000000000
85678  5.118  38.570  13.222 0.0000000000
85679  4.123  38.896  13.661 0.0000000000
85680  2.400  37.762  14.109 0.0000000000
85688  2.499  37.813  12.186 0.0000000000
85689  2.045  37.853  13.040 0.0000000000
85695  4.294  38.136  10.651 0.0000000000
85696  3.359  38.032  11.508 0.0000000000
85703  4.828  38.416  9.541 0.0000000000
85710  5.177  38.737  8.478 0.0000000000
85716  5.370  38.993  7.471 0.0000000000
85723  6.005  38.422  6.342 0.0000000000
85724  5.497  39.160  6.676 0.0000000000
85732  6.383  38.876  5.770 0.0000000000
85733  5.700  39.185  6.065 0.0000000000
86175  2.841  38.671  14.106 0.0000000000
86176  2.522  38.394  14.219 0.0000000000
86182  7.871  39.406  12.710 0.0000000000
86183  6.909  39.481  12.445 0.0000000000
86184  5.712  39.543  12.587 0.0000000000
86185  4.479  39.617  13.084 0.0000000000
86186  3.267  39.391  13.557 0.0000000000
86187  2.276  39.026  13.508 0.0000000000
86193  2.756  38.608  11.616 0.0000000000
86194  2.222  39.185  12.001 0.0000000000
86200  4.188  38.940  9.962 0.0000000000
86201  3.233  39.468  10.554 0.0000000000
86202  2.474  40.027  11.141 0.0000000000
86207  4.335  39.806  9.251 0.0000000000
86208  3.648  40.391  9.639 0.0000000000
86214  4.716  40.029  7.992 0.0000000000
86221  4.942  40.119  7.039 0.0000000000
86230  5.232  40.028  6.226 0.0000000000
86672  7.397  40.461  12.505 0.0000000000
86673  6.266  40.601  12.451 0.0000000000
86674  5.007  40.661  12.627 0.0000000000
86675  3.695  40.626  12.944 0.0000000000
86676  2.482  40.556  13.071 0.0000000000
86677  2.038  41.003  12.546 0.0000000000
86683  1.987  40.306  12.532 0.0000000000
86684  1.951  41.132  12.157 0.0000000000
86692  2.564  40.648  10.568 0.0000000000
86693  2.094  40.863  11.427 0.0000000000
86694  2.031  41.595  11.677 0.0000000000
86704  3.941  41.125  9.228 0.0000000000
86705  3.171  41.276  9.752 0.0000000000
86714  4.484  41.302  8.538 0.0000000000
86721  4.713  41.339  7.527 0.0000000000
87186  6.698  41.487  12.120 0.0000000000
87187  5.524  41.708  12.333 0.0000000000
87188  4.282  41.743  12.513 0.0000000000
87189  3.057  41.635  12.553 0.0000000000
87190  2.253  41.421  12.430 0.0000000000
87191  2.028  41.295  12.341 0.0000000000
87197  6.884  42.053  11.380 0.0000000000
87198  5.747  42.543  11.605 0.0000000000
87199  4.785  42.685  12.011 0.0000000000
87200  3.633  42.708  12.025 0.0000000000
87201  2.568  42.398  11.749 0.0000000000
87202  2.097  41.627  12.054 0.0000000000
87210  6.751  42.165  10.218 0.0000000000
87211  5.836  42.701  10.603 0.0000000000
87212  2.480  41.744  10.359 0.0000000000
87213  2.264  42.289  10.950 0.0000000000
87214  2.173  41.984  11.628 0.0000000000
87225  5.254  42.860  9.186 0.0000000000
87226  3.740  42.667  8.751 0.0000000000
87227  2.849  42.655  9.645 0.0000000000
87228  2.476  42.559  10.182 0.0000000000
87241  4.682  42.374  8.095 0.0000000000
87781  5.393  42.903  11.355 0.0000000000
87782  5.037  43.114  11.359 0.0000000000
87783  4.150  43.507  11.254 0.0000000000
87784  3.230  43.529  11.241 0.0000000000
87789  5.318  43.102  10.981 0.0000000000
87790  4.503  43.678  10.551 0.0000000000
87791  4.189  43.826  10.713 0.0000000000
87792  2.680  43.428  10.696 0.0000000000
87800  5.042  43.360  10.135 0.0000000000
87801  4.168  43.932  9.516 0.0000000000
87802  3.063  43.750  9.341 0.0000000000
87803  2.554  43.262  10.040 0.0000000000
88441  3.987  43.919  10.781 0.0000000000
88442  3.665  43.962  10.817 0.0000000000
88446  4.118  44.156  10.004 0.0000000000
88447  3.877  44.179  10.331 0.0000000000
88448  3.158  44.250  10.508 0.0000000000
88455  3.908  44.327  9.846 0.0000000000
88456  3.437  44.410  9.786 0.0000000000
88457  2.689  44.162  9.949 0.0000000000
104659  4.894  35.561  14.982 0.0000000000
104660  5.075  36.181  14.839 0.0000000000
104661  4.523  35.351  13.385 0.0000000000
104662  5.290  36.560  14.773 0.0000000000
104663  6.270  37.107  13.848 0.0000000000
104664  6.202  36.797  14.244 0.0000000000
104665  3.483  36.313  13.516 0.0000000000
104666  5.513  36.473  14.696 0.0000000000
104667  3.971  35.821  13.330 0.0000000000
104668  5.316  36.972  14.444 0.0000000000
104669  4.972  37.876  13.987 0.0000000000
