#!ascii label  , from subject FREESURFER vox2ras=TkReg 
188
71015  19.553  13.659  23.885 0.0000000000
71772  24.303  14.552  24.710 0.0000000000
71773  23.202  14.570  24.711 0.0000000000
71774  22.040  14.523  24.664 0.0000000000
71775  20.787  14.430  24.392 0.0000000000
71776  19.755  14.883  24.293 0.0000000000
71777  19.170  15.127  24.211 0.0000000000
71778  16.563  14.313  23.782 0.0000000000
71795  20.443  13.916  24.123 0.0000000000
71796  19.955  14.172  24.052 0.0000000000
71797  19.001  14.525  23.882 0.0000000000
71798  18.052  14.172  23.687 0.0000000000
72484  21.901  15.918  25.715 0.0000000000
72485  21.282  15.700  25.679 0.0000000000
72486  20.596  15.603  25.509 0.0000000000
72507  25.755  15.273  24.679 0.0000000000
72508  24.758  15.326  24.726 0.0000000000
72509  23.704  15.366  24.831 0.0000000000
72510  22.406  15.479  25.171 0.0000000000
72511  21.229  15.221  24.997 0.0000000000
72512  20.233  15.376  24.900 0.0000000000
72513  19.368  15.532  24.620 0.0000000000
72514  18.549  15.469  24.244 0.0000000000
72515  17.537  15.465  24.048 0.0000000000
72516  16.528  15.122  23.935 0.0000000000
72517  15.471  15.115  24.319 0.0000000000
72535  18.092  14.899  23.853 0.0000000000
72536  17.362  14.715  23.768 0.0000000000
72537  16.887  14.542  23.748 0.0000000000
73172  21.837  16.210  26.797 0.0000000000
73173  21.020  15.878  27.248 0.0000000000
73174  20.482  16.270  27.286 0.0000000000
73186  26.902  16.692  25.112 0.0000000000
73187  25.887  16.798  25.133 0.0000000000
73188  24.838  16.778  25.268 0.0000000000
73189  23.774  16.649  25.486 0.0000000000
73190  22.523  16.353  25.858 0.0000000000
73191  21.442  15.975  26.306 0.0000000000
73192  20.162  16.042  26.348 0.0000000000
73193  19.352  16.638  25.471 0.0000000000
73194  18.911  16.822  25.184 0.0000000000
73195  15.579  16.666  25.047 0.0000000000
73212  26.275  16.020  24.790 0.0000000000
73213  25.282  16.076  24.841 0.0000000000
73214  24.266  16.088  24.940 0.0000000000
73215  23.345  16.007  25.224 0.0000000000
73216  20.145  15.719  25.554 0.0000000000
73217  19.674  15.923  25.316 0.0000000000
73218  18.840  16.334  24.872 0.0000000000
73219  17.886  16.257  24.469 0.0000000000
73220  16.911  16.180  24.300 0.0000000000
73221  15.955  16.039  24.401 0.0000000000
73222  15.263  15.844  24.774 0.0000000000
73905  22.298  16.889  28.897 0.0000000000
73906  22.004  16.840  29.356 0.0000000000
73914  22.440  16.841  28.189 0.0000000000
73915  21.533  16.625  28.865 0.0000000000
73916  20.878  16.828  28.791 0.0000000000
73924  24.822  17.864  26.255 0.0000000000
73925  23.994  17.603  26.654 0.0000000000
73926  23.017  16.989  27.268 0.0000000000
73927  21.830  16.431  27.663 0.0000000000
73928  20.729  16.568  28.060 0.0000000000
73929  20.327  16.918  27.129 0.0000000000
73946  26.605  17.444  25.526 0.0000000000
73947  25.476  17.549  25.694 0.0000000000
73948  24.352  17.338  25.834 0.0000000000
73949  23.332  17.027  26.225 0.0000000000
73950  22.515  16.590  26.745 0.0000000000
73951  19.975  17.275  26.471 0.0000000000
73952  19.590  17.319  25.873 0.0000000000
73953  18.800  17.404  25.316 0.0000000000
73954  17.893  17.730  25.108 0.0000000000
73955  16.983  17.821  25.101 0.0000000000
73956  16.044  17.761  25.457 0.0000000000
73974  18.673  16.883  25.078 0.0000000000
73975  18.228  16.958  24.886 0.0000000000
73976  17.352  17.010  24.709 0.0000000000
73977  16.413  16.956  24.742 0.0000000000
74673  22.539  17.741  30.951 0.0000000000
74674  22.048  17.757  30.571 0.0000000000
74681  22.655  17.578  30.212 0.0000000000
74682  22.044  17.542  29.989 0.0000000000
74687  23.596  17.879  29.588 0.0000000000
74688  22.625  17.431  29.298 0.0000000000
74689  21.675  17.470  29.421 0.0000000000
74690  21.295  17.808  28.887 0.0000000000
74698  24.784  18.531  27.760 0.0000000000
74699  24.086  18.130  28.331 0.0000000000
74700  23.003  17.354  28.351 0.0000000000
74701  21.092  17.152  29.073 0.0000000000
74702  20.895  17.570  28.444 0.0000000000
74715  25.997  18.694  26.625 0.0000000000
74716  24.807  18.372  27.091 0.0000000000
74717  23.660  17.649  27.556 0.0000000000
74718  23.049  17.187  27.837 0.0000000000
74719  20.560  17.797  27.534 0.0000000000
74720  20.225  18.047  26.702 0.0000000000
74737  26.342  18.148  26.009 0.0000000000
74738  25.484  18.186  26.270 0.0000000000
74739  19.871  18.191  26.048 0.0000000000
74740  19.280  18.315  25.629 0.0000000000
74741  18.495  18.495  25.393 0.0000000000
74742  17.631  18.635  25.361 0.0000000000
74743  16.780  18.710  25.566 0.0000000000
75389  22.076  18.359  31.145 0.0000000000
75401  21.819  18.461  30.042 0.0000000000
75411  24.577  18.401  28.955 0.0000000000
75412  21.626  18.769  28.919 0.0000000000
75413  21.239  18.457  28.437 0.0000000000
75428  25.105  18.725  28.191 0.0000000000
75429  24.620  18.437  28.461 0.0000000000
75430  21.498  19.257  28.115 0.0000000000
75431  21.074  18.902  27.657 0.0000000000
75446  25.660  18.932  27.392 0.0000000000
75447  25.096  18.695  27.574 0.0000000000
75448  20.628  19.018  26.808 0.0000000000
75449  20.227  19.064  26.100 0.0000000000
75466  19.723  19.038  25.729 0.0000000000
75467  19.129  19.344  25.456 0.0000000000
75468  18.266  19.486  25.384 0.0000000000
75469  17.405  19.541  25.517 0.0000000000
75470  16.556  19.628  25.796 0.0000000000
76117  22.485  20.140  31.369 0.0000000000
76118  22.442  19.134  31.613 0.0000000000
76133  22.550  20.396  30.702 0.0000000000
76134  22.192  19.747  30.559 0.0000000000
76152  21.979  19.938  29.310 0.0000000000
76170  21.894  20.192  28.116 0.0000000000
76171  21.521  19.886  27.532 0.0000000000
76186  21.731  20.691  27.262 0.0000000000
76187  21.192  20.249  26.706 0.0000000000
76188  20.579  19.851  26.173 0.0000000000
76204  20.686  20.631  25.958 0.0000000000
76205  19.968  20.154  25.572 0.0000000000
76206  18.892  20.480  25.224 0.0000000000
76207  17.951  20.331  25.279 0.0000000000
76208  17.116  20.349  25.442 0.0000000000
76225  18.299  21.033  25.054 0.0000000000
76226  17.612  21.033  25.054 0.0000000000
76227  16.774  21.026  25.072 0.0000000000
76879  22.975  21.135  30.578 0.0000000000
76880  22.623  20.587  30.337 0.0000000000
76891  23.100  21.706  29.883 0.0000000000
76892  22.716  21.087  29.613 0.0000000000
76902  22.333  21.255  28.479 0.0000000000
76917  22.040  21.569  27.520 0.0000000000
76918  21.634  21.494  26.748 0.0000000000
76932  21.059  21.428  26.099 0.0000000000
76933  20.377  21.391  25.609 0.0000000000
76934  19.604  21.392  25.239 0.0000000000
76947  18.837  21.581  24.971 0.0000000000
76948  18.110  21.726  24.806 0.0000000000
76949  17.307  21.752  24.724 0.0000000000
77643  23.227  22.331  30.135 0.0000000000
77651  23.051  22.307  29.438 0.0000000000
77652  22.755  22.259  28.727 0.0000000000
77662  22.318  22.497  27.821 0.0000000000
77663  22.103  23.085  27.470 0.0000000000
77677  22.103  22.223  27.447 0.0000000000
77678  21.879  22.571  27.104 0.0000000000
77690  21.321  22.417  26.319 0.0000000000
77691  20.720  22.338  25.770 0.0000000000
77692  20.051  22.334  25.338 0.0000000000
77712  19.347  22.377  25.012 0.0000000000
77713  18.622  22.484  24.772 0.0000000000
77714  17.835  22.557  24.639 0.0000000000
77715  16.971  22.586  24.570 0.0000000000
78406  23.115  23.359  29.622 0.0000000000
78407  22.815  23.765  29.003 0.0000000000
78419  22.956  23.039  28.982 0.0000000000
78420  22.611  23.403  28.412 0.0000000000
78431  22.256  23.576  27.799 0.0000000000
78432  21.860  23.683  27.289 0.0000000000
78448  21.317  23.532  26.581 0.0000000000
78449  20.749  23.742  26.083 0.0000000000
78466  20.946  23.081  26.006 0.0000000000
78467  20.352  23.336  25.563 0.0000000000
78468  19.733  23.158  25.115 0.0000000000
78490  19.091  23.314  24.859 0.0000000000
78491  18.324  23.356  24.718 0.0000000000
79163  22.344  24.056  28.183 0.0000000000
79177  21.310  24.580  27.167 0.0000000000
79178  20.641  24.539  26.531 0.0000000000
79179  19.854  24.786  26.257 0.0000000000
79196  20.272  24.192  25.903 0.0000000000
79197  19.403  24.314  25.484 0.0000000000
79216  18.698  24.029  24.931 0.0000000000
