#!ascii label  , from subject FREESURFER vox2ras=TkReg 
267
1750  -0.001  -72.312  16.979 0.0000000000
1751  -0.722  -72.045  16.966 0.0000000000
1752  -1.048  -71.794  16.883 0.0000000000
1755  0.449  -72.340  16.115 0.0000000000
1756  -0.418  -72.272  16.280 0.0000000000
1757  -1.011  -72.037  16.426 0.0000000000
1761  -0.218  -72.421  15.394 0.0000000000
1762  -0.937  -72.222  15.690 0.0000000000
1767  -1.047  -72.403  14.659 0.0000000000
1768  -1.503  -72.188  14.212 0.0000000000
2132  -0.540  -71.542  18.354 0.0000000000
2133  -1.076  -71.055  18.194 0.0000000000
2139  0.265  -72.110  17.798 0.0000000000
2140  -0.454  -71.936  17.543 0.0000000000
2141  -1.067  -71.422  17.395 0.0000000000
2142  -1.373  -71.031  17.265 0.0000000000
2148  0.970  -72.256  16.932 0.0000000000
2149  -1.259  -71.599  16.625 0.0000000000
2150  -1.423  -71.148  16.882 0.0000000000
2157  -1.342  -71.877  15.906 0.0000000000
2158  -1.554  -71.310  16.122 0.0000000000
2165  -1.301  -72.101  15.352 0.0000000000
2166  -1.561  -71.717  15.040 0.0000000000
2172  -1.260  -71.375  13.234 0.0000000000
2173  -1.583  -71.768  13.590 0.0000000000
2483  -0.892  -70.571  18.448 0.0000000000
2485  -1.207  -70.627  17.421 0.0000000000
2486  -1.402  -70.864  17.068 0.0000000000
2488  -1.255  -70.259  16.806 0.0000000000
2489  -1.453  -70.600  16.520 0.0000000000
2493  -1.611  -70.706  15.502 0.0000000000
2498  -1.565  -70.941  14.651 0.0000000000
2507  -1.095  -70.787  13.344 0.0000000000
2508  -1.428  -70.608  14.073 0.0000000000
2517  -0.782  -70.447  12.634 0.0000000000
2835  -0.689  -69.962  17.783 0.0000000000
2841  0.042  -69.500  16.925 0.0000000000
2842  -0.887  -69.781  16.794 0.0000000000
2843  -1.265  -69.962  16.377 0.0000000000
2847  1.025  -69.266  15.968 0.0000000000
2848  -0.122  -69.145  15.940 0.0000000000
2849  -1.092  -69.331  16.021 0.0000000000
2850  -1.479  -69.773  15.698 0.0000000000
2853  2.096  -69.035  14.852 0.0000000000
2854  0.889  -68.924  15.170 0.0000000000
2855  0.140  -68.495  15.234 0.0000000000
2856  -1.719  -69.694  14.766 0.0000000000
2861  1.864  -68.736  14.165 0.0000000000
2862  1.296  -68.681  14.501 0.0000000000
2863  0.765  -68.590  14.841 0.0000000000
2864  -0.942  -69.967  13.035 0.0000000000
2865  -1.500  -69.699  13.564 0.0000000000
2874  -0.913  -69.589  12.365 0.0000000000
2875  -1.259  -69.562  12.914 0.0000000000
3206  -0.868  -68.545  15.623 0.0000000000
3207  -1.664  -68.854  15.598 0.0000000000
3208  -1.929  -69.189  15.349 0.0000000000
3212  2.678  -68.825  14.401 0.0000000000
3213  -0.528  -67.723  15.124 0.0000000000
3214  -1.650  -68.002  15.477 0.0000000000
3215  -2.309  -68.471  15.093 0.0000000000
3225  2.529  -68.616  13.855 0.0000000000
3226  1.463  -68.161  13.844 0.0000000000
3227  0.605  -68.145  14.612 0.0000000000
3228  -2.487  -68.509  13.830 0.0000000000
3229  -3.060  -67.956  13.337 0.0000000000
3238  2.947  -68.220  12.981 0.0000000000
3239  2.098  -68.073  13.098 0.0000000000
3240  1.662  -67.752  13.371 0.0000000000
3241  -1.300  -69.175  12.280 0.0000000000
3242  -1.752  -68.998  12.686 0.0000000000
3243  -2.784  -68.196  12.809 0.0000000000
3253  -1.311  -68.962  11.815 0.0000000000
3254  -2.291  -68.343  11.910 0.0000000000
3255  -2.891  -67.808  12.125 0.0000000000
3270  -2.697  -67.919  11.330 0.0000000000
3271  -2.790  -67.652  11.776 0.0000000000
3571  -0.739  -67.118  14.843 0.0000000000
3572  -1.554  -67.334  15.047 0.0000000000
3573  -2.177  -67.700  15.157 0.0000000000
3583  1.331  -67.511  13.646 0.0000000000
3584  0.357  -67.087  14.261 0.0000000000
3585  -1.243  -66.839  14.474 0.0000000000
3586  -2.521  -67.370  14.440 0.0000000000
3587  -3.004  -67.667  13.679 0.0000000000
3598  2.619  -67.623  12.417 0.0000000000
3599  1.559  -67.033  13.074 0.0000000000
3600  0.391  -66.483  13.382 0.0000000000
3601  -2.973  -67.183  13.638 0.0000000000
3602  -3.148  -67.447  12.945 0.0000000000
3615  3.200  -67.059  11.659 0.0000000000
3616  2.147  -66.820  11.817 0.0000000000
3617  1.481  -66.525  12.292 0.0000000000
3618  -2.484  -66.774  11.607 0.0000000000
3619  -2.782  -67.197  12.059 0.0000000000
3632  2.645  -66.750  11.161 0.0000000000
3633  2.270  -66.625  11.254 0.0000000000
3634  -2.519  -67.280  11.073 0.0000000000
3635  -2.696  -67.554  11.568 0.0000000000
4009  -0.740  -66.446  13.708 0.0000000000
4010  -2.010  -66.701  13.801 0.0000000000
4011  -2.678  -66.947  13.793 0.0000000000
4022  3.797  -66.946  12.011 0.0000000000
4023  0.801  -66.224  12.645 0.0000000000
4024  -0.356  -66.119  12.901 0.0000000000
4025  -1.574  -66.317  12.989 0.0000000000
4026  -2.686  -66.783  13.086 0.0000000000
4027  -3.038  -67.000  12.668 0.0000000000
4039  4.442  -65.782  11.342 0.0000000000
4040  3.919  -66.526  11.421 0.0000000000
4041  1.973  -66.513  11.334 0.0000000000
4042  1.287  -66.037  11.637 0.0000000000
4043  0.067  -65.556  12.326 0.0000000000
4044  -1.104  -65.692  12.350 0.0000000000
4045  -2.106  -66.324  12.077 0.0000000000
4046  -2.736  -66.863  12.516 0.0000000000
4058  4.093  -66.058  10.757 0.0000000000
4059  3.316  -66.397  10.647 0.0000000000
4060  2.192  -66.344  10.800 0.0000000000
4061  1.515  -65.693  10.823 0.0000000000
4062  -2.207  -66.314  11.218 0.0000000000
4074  2.714  -66.046  10.081 0.0000000000
4075  1.984  -65.742  10.191 0.0000000000
4076  1.605  -65.347  10.478 0.0000000000
4551  1.094  -65.395  11.269 0.0000000000
4552  0.402  -64.890  11.698 0.0000000000
4553  -0.748  -64.774  12.135 0.0000000000
4554  -1.597  -64.984  11.813 0.0000000000
4564  4.443  -65.355  10.396 0.0000000000
4565  3.928  -65.818  10.254 0.0000000000
4566  1.144  -64.861  10.947 0.0000000000
4567  0.625  -64.455  11.392 0.0000000000
4568  -1.985  -65.257  11.315 0.0000000000
4580  4.054  -65.395  9.926 0.0000000000
4581  3.458  -65.586  9.808 0.0000000000
4582  2.525  -65.365  9.679 0.0000000000
4583  1.739  -64.910  10.109 0.0000000000
4585  -1.913  -65.634  10.741 0.0000000000
5085  0.270  -64.157  11.627 0.0000000000
5086  -0.394  -64.055  11.920 0.0000000000
5087  -1.334  -64.031  11.861 0.0000000000
5097  4.900  -64.342  10.340 0.0000000000
5098  1.246  -64.094  10.551 0.0000000000
5099  0.681  -63.931  11.216 0.0000000000
5100  -1.891  -64.190  11.336 0.0000000000
5110  4.130  -64.616  9.467 0.0000000000
5111  3.087  -64.848  9.264 0.0000000000
5112  2.246  -64.443  9.539 0.0000000000
5113  1.658  -64.118  9.992 0.0000000000
5115  -1.867  -64.469  10.450 0.0000000000
5125  3.852  -63.802  8.874 0.0000000000
5126  3.238  -64.132  9.017 0.0000000000
5127  2.712  -64.260  9.221 0.0000000000
5668  0.002  -63.645  11.590 0.0000000000
5669  -0.802  -63.448  11.548 0.0000000000
5670  -1.573  -63.527  11.359 0.0000000000
5680  5.087  -63.320  10.036 0.0000000000
5681  4.749  -63.828  9.589 0.0000000000
5682  0.854  -63.527  10.806 0.0000000000
5683  0.078  -63.086  11.007 0.0000000000
5684  -1.277  -62.944  10.935 0.0000000000
5685  -1.912  -63.482  10.772 0.0000000000
5694  4.855  -63.194  9.310 0.0000000000
5695  4.433  -63.454  8.943 0.0000000000
5696  1.822  -63.822  9.718 0.0000000000
5697  1.145  -63.203  10.207 0.0000000000
5698  0.309  -62.839  10.502 0.0000000000
5699  -1.875  -62.928  10.381 0.0000000000
5700  -1.915  -63.336  9.864 0.0000000000
5709  3.924  -63.212  8.488 0.0000000000
5710  3.192  -63.417  8.615 0.0000000000
5711  2.219  -63.470  9.278 0.0000000000
5712  1.458  -62.880  9.581 0.0000000000
6268  -0.054  -62.759  10.564 0.0000000000
6269  -0.576  -62.705  10.576 0.0000000000
6278  5.057  -62.389  9.112 0.0000000000
6279  4.745  -62.884  8.874 0.0000000000
6280  0.877  -62.536  9.654 0.0000000000
6281  -0.065  -62.501  10.061 0.0000000000
6282  -1.361  -62.544  10.089 0.0000000000
6283  -1.852  -62.817  9.884 0.0000000000
6290  4.913  -61.977  8.432 0.0000000000
6291  4.408  -62.408  8.188 0.0000000000
6292  3.380  -62.755  8.090 0.0000000000
6293  2.416  -62.718  8.506 0.0000000000
6294  1.424  -62.442  9.048 0.0000000000
6295  0.170  -62.002  9.069 0.0000000000
6296  -1.014  -62.023  9.398 0.0000000000
6297  -1.789  -62.482  8.921 0.0000000000
6306  4.054  -61.864  7.525 0.0000000000
6307  3.517  -62.114  7.570 0.0000000000
6308  2.555  -62.200  7.776 0.0000000000
6309  1.527  -62.060  8.246 0.0000000000
6310  0.842  -61.960  8.630 0.0000000000
6842  5.181  -61.337  9.475 0.0000000000
6850  5.114  -61.373  8.484 0.0000000000
6851  4.812  -61.654  8.035 0.0000000000
6852  -0.124  -61.648  8.693 0.0000000000
6853  -0.676  -61.590  8.817 0.0000000000
6854  -1.546  -61.691  8.752 0.0000000000
6863  4.906  -61.088  7.815 0.0000000000
6864  4.369  -61.307  7.423 0.0000000000
6865  3.630  -61.494  7.156 0.0000000000
6866  2.753  -61.626  7.170 0.0000000000
6867  1.656  -61.574  7.527 0.0000000000
6868  0.168  -61.384  8.154 0.0000000000
6869  -1.337  -61.079  8.408 0.0000000000
6870  -2.233  -61.347  7.925 0.0000000000
6881  3.762  -60.924  6.852 0.0000000000
6882  3.018  -61.010  6.681 0.0000000000
6883  1.990  -60.993  6.894 0.0000000000
6884  0.871  -60.916  7.332 0.0000000000
6885  0.225  -60.825  7.651 0.0000000000
7454  5.056  -60.381  9.485 0.0000000000
7464  5.189  -60.494  8.713 0.0000000000
7475  5.071  -60.526  7.998 0.0000000000
7476  4.666  -60.440  7.409 0.0000000000
7477  -0.150  -60.717  7.793 0.0000000000
7478  -0.961  -60.419  7.921 0.0000000000
7479  -2.073  -60.482  7.913 0.0000000000
7492  4.121  -60.371  6.861 0.0000000000
7493  3.341  -60.282  6.544 0.0000000000
7494  2.352  -60.260  6.519 0.0000000000
7495  1.191  -60.236  6.777 0.0000000000
7496  -0.052  -60.223  7.398 0.0000000000
7497  -0.862  -59.957  7.632 0.0000000000
8067  5.032  -59.808  8.955 0.0000000000
8068  4.646  -59.011  9.124 0.0000000000
8078  5.081  -59.933  8.539 0.0000000000
8079  4.868  -59.362  8.348 0.0000000000
8091  5.081  -60.005  8.217 0.0000000000
8092  4.789  -59.651  7.642 0.0000000000
8093  -1.240  -59.894  7.687 0.0000000000
8094  -1.811  -59.857  7.695 0.0000000000
8108  4.367  -59.605  6.970 0.0000000000
8109  3.695  -59.518  6.534 0.0000000000
8110  2.758  -59.454  6.341 0.0000000000
8111  1.614  -59.417  6.358 0.0000000000
8112  0.293  -59.401  6.658 0.0000000000
8113  -1.129  -59.441  7.222 0.0000000000
8727  4.602  -58.377  8.413 0.0000000000
8736  4.633  -58.636  7.681 0.0000000000
8748  4.455  -58.896  7.146 0.0000000000
8749  4.000  -58.694  6.649 0.0000000000
8750  3.165  -58.619  6.314 0.0000000000
8751  2.137  -58.537  6.188 0.0000000000
8752  0.849  -58.453  6.247 0.0000000000
8753  -0.587  -58.437  6.579 0.0000000000
9441  4.528  -57.656  7.793 0.0000000000
9447  4.298  -57.854  7.003 0.0000000000
9448  3.461  -57.668  6.411 0.0000000000
9449  2.652  -57.808  6.183 0.0000000000
9450  1.657  -57.404  6.149 0.0000000000
9451  0.092  -57.393  6.372 0.0000000000
9461  3.214  -57.338  6.318 0.0000000000
9462  2.954  -57.331  6.215 0.0000000000
9463  2.425  -57.280  6.160 0.0000000000
10085  4.310  -56.805  7.364 0.0000000000
10086  3.799  -56.722  6.661 0.0000000000
10087  3.064  -56.334  6.275 0.0000000000
10088  2.111  -56.405  6.244 0.0000000000
10089  0.861  -56.386  6.371 0.0000000000
10101  3.215  -57.037  6.309 0.0000000000
10102  2.666  -56.890  6.184 0.0000000000
10103  2.210  -56.990  6.132 0.0000000000
10693  4.141  -55.857  7.114 0.0000000000
10694  3.568  -55.653  6.646 0.0000000000
