#!ascii label  , from subject FREESURFER vox2ras=TkReg 
259
25882  33.409  -36.019  -19.871 0.0000000000
25884  30.188  -35.697  -18.568 0.0000000000
25885  29.313  -35.648  -18.282 0.0000000000
25886  28.195  -35.707  -18.446 0.0000000000
25893  32.853  -36.016  -20.573 0.0000000000
25894  31.853  -35.865  -19.973 0.0000000000
25895  30.914  -35.804  -19.153 0.0000000000
26800  33.336  -35.029  -19.510 0.0000000000
26802  30.447  -35.295  -18.944 0.0000000000
26803  29.890  -34.978  -18.748 0.0000000000
26804  28.863  -34.750  -18.751 0.0000000000
26805  27.760  -34.496  -19.065 0.0000000000
26806  26.618  -34.702  -18.868 0.0000000000
26811  34.087  -34.554  -20.804 0.0000000000
26812  33.515  -34.905  -20.449 0.0000000000
26813  32.400  -34.849  -20.457 0.0000000000
26814  30.875  -34.774  -19.430 0.0000000000
26815  29.568  -34.162  -19.220 0.0000000000
26816  28.577  -33.954  -19.246 0.0000000000
26817  28.068  -33.835  -19.280 0.0000000000
26823  33.983  -34.612  -21.001 0.0000000000
26824  33.386  -34.582  -20.996 0.0000000000
26825  32.820  -34.327  -20.867 0.0000000000
27671  33.728  -34.295  -19.862 0.0000000000
27673  26.964  -33.668  -18.759 0.0000000000
27679  34.334  -34.285  -21.037 0.0000000000
27680  34.158  -34.322  -20.609 0.0000000000
27681  31.344  -33.926  -19.955 0.0000000000
27682  30.230  -33.609  -19.703 0.0000000000
27683  29.090  -33.260  -19.659 0.0000000000
27684  28.287  -33.323  -19.310 0.0000000000
27685  27.716  -33.491  -19.035 0.0000000000
27690  33.953  -34.162  -21.331 0.0000000000
27691  33.157  -33.888  -21.138 0.0000000000
27692  32.136  -33.609  -20.552 0.0000000000
27693  30.790  -33.055  -20.244 0.0000000000
27694  29.805  -32.860  -20.073 0.0000000000
28515  26.589  -32.212  -18.091 0.0000000000
28523  33.320  -33.309  -19.436 0.0000000000
28525  27.885  -32.262  -18.663 0.0000000000
28526  27.268  -32.628  -18.444 0.0000000000
28527  26.388  -32.854  -18.281 0.0000000000
28535  34.533  -33.810  -20.805 0.0000000000
28536  34.110  -33.579  -20.234 0.0000000000
28537  29.143  -32.283  -19.955 0.0000000000
28538  28.423  -32.446  -19.278 0.0000000000
28539  27.931  -32.856  -18.960 0.0000000000
28548  34.452  -33.433  -21.300 0.0000000000
28549  33.707  -33.201  -21.476 0.0000000000
28550  32.607  -32.864  -21.045 0.0000000000
28551  31.371  -32.427  -20.706 0.0000000000
28552  30.078  -32.093  -20.465 0.0000000000
28559  34.279  -32.664  -21.555 0.0000000000
28560  33.778  -32.323  -21.518 0.0000000000
29335  26.871  -31.748  -18.010 0.0000000000
29346  28.161  -31.566  -18.639 0.0000000000
29347  27.486  -31.679  -18.240 0.0000000000
29353  34.514  -32.771  -20.683 0.0000000000
29354  33.699  -32.502  -19.807 0.0000000000
29355  29.359  -31.406  -19.990 0.0000000000
29356  28.774  -31.546  -19.336 0.0000000000
29366  34.593  -31.525  -21.556 0.0000000000
29367  34.427  -32.191  -21.353 0.0000000000
29368  33.057  -32.324  -21.358 0.0000000000
29369  31.991  -31.694  -21.190 0.0000000000
29370  30.801  -31.389  -20.793 0.0000000000
29371  29.961  -31.094  -20.431 0.0000000000
29379  34.612  -31.299  -21.686 0.0000000000
29380  34.272  -31.655  -21.595 0.0000000000
29381  33.055  -31.422  -21.510 0.0000000000
29382  32.092  -30.866  -21.433 0.0000000000
30148  26.993  -31.122  -17.959 0.0000000000
30149  26.391  -31.116  -17.981 0.0000000000
30158  33.345  -30.627  -19.080 0.0000000000
30161  29.328  -30.241  -18.996 0.0000000000
30162  28.584  -30.649  -18.624 0.0000000000
30163  27.565  -30.661  -18.055 0.0000000000
30164  26.535  -30.397  -17.932 0.0000000000
30171  34.703  -30.770  -20.717 0.0000000000
30172  33.996  -31.462  -20.111 0.0000000000
30173  33.254  -31.558  -19.281 0.0000000000
30174  30.055  -30.262  -20.062 0.0000000000
30175  29.651  -30.632  -19.814 0.0000000000
30176  29.131  -30.903  -19.357 0.0000000000
30185  34.712  -31.086  -21.577 0.0000000000
30186  34.591  -31.733  -20.969 0.0000000000
30187  31.304  -30.598  -21.123 0.0000000000
30188  30.430  -30.490  -20.572 0.0000000000
30189  29.988  -30.613  -20.261 0.0000000000
30196  34.544  -30.753  -21.878 0.0000000000
30197  33.588  -30.611  -21.783 0.0000000000
30198  32.549  -30.449  -21.649 0.0000000000
30199  31.855  -30.272  -21.468 0.0000000000
30925  28.485  -29.014  -17.950 0.0000000000
30926  27.697  -28.919  -17.749 0.0000000000
30927  27.187  -28.692  -17.734 0.0000000000
30936  33.479  -29.573  -18.868 0.0000000000
30938  30.320  -29.203  -19.050 0.0000000000
30939  29.565  -29.411  -18.701 0.0000000000
30940  28.861  -29.685  -18.387 0.0000000000
30941  28.054  -29.751  -17.953 0.0000000000
30942  26.914  -29.336  -17.780 0.0000000000
30949  34.749  -29.688  -20.365 0.0000000000
30950  34.078  -30.234  -19.775 0.0000000000
30951  31.238  -29.369  -20.416 0.0000000000
30952  30.531  -29.748  -19.999 0.0000000000
30953  29.887  -29.911  -19.451 0.0000000000
30963  35.478  -29.018  -21.826 0.0000000000
30964  35.206  -30.003  -21.334 0.0000000000
30965  31.538  -29.700  -21.208 0.0000000000
30966  30.896  -29.920  -20.765 0.0000000000
30974  35.315  -28.694  -22.346 0.0000000000
30975  35.063  -29.782  -22.153 0.0000000000
30976  34.017  -29.558  -22.188 0.0000000000
30977  32.858  -29.774  -21.894 0.0000000000
30978  32.129  -29.870  -21.636 0.0000000000
30981  35.160  -28.441  -22.583 0.0000000000
30982  34.982  -28.875  -22.458 0.0000000000
30983  34.691  -29.260  -22.332 0.0000000000
31708  33.546  -28.097  -17.900 0.0000000000
31709  33.060  -28.233  -17.460 0.0000000000
31710  29.420  -28.081  -17.997 0.0000000000
31711  28.985  -28.298  -17.935 0.0000000000
31712  28.116  -28.328  -17.777 0.0000000000
31713  27.427  -28.289  -17.757 0.0000000000
31723  34.640  -27.987  -19.009 0.0000000000
31724  33.835  -28.456  -18.526 0.0000000000
31725  33.007  -29.058  -18.069 0.0000000000
31726  31.475  -28.407  -19.325 0.0000000000
31727  30.846  -28.380  -18.792 0.0000000000
31728  29.807  -28.364  -18.266 0.0000000000
31729  29.143  -28.970  -18.222 0.0000000000
31730  26.785  -28.199  -17.927 0.0000000000
31731  25.963  -28.478  -18.233 0.0000000000
31738  34.733  -28.629  -19.801 0.0000000000
31739  34.163  -29.307  -19.466 0.0000000000
31740  32.269  -28.292  -20.462 0.0000000000
31741  31.690  -28.767  -20.002 0.0000000000
31742  31.040  -29.028  -19.550 0.0000000000
31751  35.734  -28.168  -21.453 0.0000000000
31752  35.363  -29.034  -20.900 0.0000000000
31753  32.465  -28.530  -21.391 0.0000000000
31754  31.770  -28.903  -20.924 0.0000000000
31762  35.733  -28.044  -22.356 0.0000000000
31763  33.744  -28.405  -22.331 0.0000000000
31764  32.957  -28.922  -22.036 0.0000000000
31765  32.219  -29.260  -21.570 0.0000000000
31770  35.346  -27.961  -22.762 0.0000000000
31771  34.893  -28.209  -22.763 0.0000000000
31772  34.471  -28.707  -22.451 0.0000000000
32409  33.413  -27.298  -16.994 0.0000000000
32416  34.386  -27.314  -18.213 0.0000000000
32417  33.762  -27.588  -17.762 0.0000000000
32418  33.271  -27.677  -17.194 0.0000000000
32419  29.971  -26.932  -17.867 0.0000000000
32420  29.459  -27.538  -17.895 0.0000000000
32421  28.450  -27.658  -17.820 0.0000000000
32422  27.659  -27.696  -17.845 0.0000000000
32423  27.196  -27.872  -17.871 0.0000000000
32434  35.451  -27.001  -19.056 0.0000000000
32435  35.010  -27.233  -18.769 0.0000000000
32436  34.323  -27.723  -18.444 0.0000000000
32437  32.309  -27.281  -19.087 0.0000000000
32438  31.747  -27.612  -18.893 0.0000000000
32439  30.507  -27.403  -18.184 0.0000000000
32440  29.927  -27.784  -18.062 0.0000000000
32441  27.560  -27.200  -18.032 0.0000000000
32442  27.015  -27.330  -18.140 0.0000000000
32443  26.061  -27.468  -18.508 0.0000000000
32452  35.595  -27.124  -19.493 0.0000000000
32453  35.221  -27.789  -19.672 0.0000000000
32454  33.224  -27.100  -20.155 0.0000000000
32455  32.713  -27.403  -19.777 0.0000000000
32456  32.009  -28.140  -19.634 0.0000000000
32467  35.882  -27.382  -20.631 0.0000000000
32468  35.407  -28.226  -20.495 0.0000000000
32469  33.394  -27.150  -20.772 0.0000000000
32470  32.928  -27.797  -21.128 0.0000000000
32482  36.404  -26.571  -22.636 0.0000000000
32483  36.281  -27.029  -22.172 0.0000000000
32484  34.497  -26.893  -22.826 0.0000000000
32485  33.895  -27.241  -22.250 0.0000000000
32486  33.101  -28.148  -21.919 0.0000000000
32495  36.344  -26.593  -22.892 0.0000000000
32496  35.912  -27.122  -23.118 0.0000000000
32497  34.892  -27.173  -23.122 0.0000000000
32498  34.358  -27.946  -22.668 0.0000000000
33143  35.335  -26.018  -18.192 0.0000000000
33144  34.521  -26.702  -17.864 0.0000000000
33145  33.801  -26.884  -17.173 0.0000000000
33149  28.586  -26.877  -17.900 0.0000000000
33150  27.964  -27.193  -17.915 0.0000000000
33161  35.679  -26.525  -19.022 0.0000000000
33162  35.127  -26.641  -18.448 0.0000000000
33163  33.339  -26.189  -19.114 0.0000000000
33164  32.427  -26.745  -18.784 0.0000000000
33165  31.441  -26.789  -18.319 0.0000000000
33166  30.889  -26.691  -18.074 0.0000000000
33169  27.673  -26.585  -18.337 0.0000000000
33178  36.617  -25.650  -20.591 0.0000000000
33179  36.149  -26.547  -20.050 0.0000000000
33180  34.323  -25.698  -20.857 0.0000000000
33181  33.562  -26.653  -20.074 0.0000000000
33182  33.010  -26.778  -19.374 0.0000000000
33192  36.602  -25.628  -21.650 0.0000000000
33193  36.393  -26.458  -21.172 0.0000000000
33194  34.546  -25.712  -22.125 0.0000000000
33195  33.968  -26.479  -21.412 0.0000000000
33207  36.463  -26.033  -22.592 0.0000000000
33208  36.484  -26.309  -21.935 0.0000000000
33209  34.690  -26.328  -22.889 0.0000000000
33210  34.244  -26.419  -22.245 0.0000000000
33220  36.204  -26.119  -23.334 0.0000000000
33221  35.552  -26.320  -23.424 0.0000000000
33222  35.111  -26.385  -23.324 0.0000000000
33897  35.379  -25.036  -16.846 0.0000000000
33906  36.545  -24.560  -18.082 0.0000000000
33907  35.831  -25.005  -17.612 0.0000000000
33908  34.883  -25.814  -17.400 0.0000000000
33923  36.766  -24.612  -18.647 0.0000000000
33924  36.246  -25.510  -18.788 0.0000000000
33925  34.363  -24.870  -19.452 0.0000000000
33926  33.909  -25.228  -19.133 0.0000000000
33944  37.083  -24.823  -19.882 0.0000000000
33945  36.394  -25.835  -19.639 0.0000000000
33946  34.583  -24.957  -20.088 0.0000000000
33947  34.002  -25.813  -19.764 0.0000000000
33959  36.987  -24.645  -21.207 0.0000000000
33960  35.710  -24.008  -22.299 0.0000000000
33961  35.264  -24.508  -21.787 0.0000000000
33977  36.484  -24.743  -22.234 0.0000000000
33978  35.942  -24.285  -22.778 0.0000000000
33979  35.124  -25.206  -22.958 0.0000000000
33993  36.287  -25.267  -23.044 0.0000000000
33994  35.757  -25.408  -23.474 0.0000000000
33995  35.228  -25.874  -23.384 0.0000000000
34668  36.454  -24.469  -16.643 0.0000000000
34684  37.519  -23.748  -17.856 0.0000000000
34685  36.943  -24.019  -18.042 0.0000000000
34686  36.208  -24.598  -17.192 0.0000000000
34700  37.473  -23.708  -19.540 0.0000000000
34701  35.766  -23.323  -20.079 0.0000000000
34702  34.675  -24.355  -19.293 0.0000000000
34720  37.392  -23.626  -20.744 0.0000000000
34721  36.001  -23.269  -21.150 0.0000000000
34722  35.389  -24.009  -20.658 0.0000000000
34735  36.675  -23.677  -21.729 0.0000000000
34736  35.976  -23.560  -22.042 0.0000000000
34737  35.684  -23.755  -21.478 0.0000000000
34750  36.361  -24.048  -22.284 0.0000000000
34751  36.272  -23.802  -22.263 0.0000000000
35451  37.586  -23.503  -18.405 0.0000000000
35469  37.573  -22.804  -19.346 0.0000000000
35470  36.398  -22.695  -19.603 0.0000000000
35471  35.246  -23.390  -18.862 0.0000000000
35490  37.384  -22.694  -20.313 0.0000000000
35491  36.538  -22.720  -20.740 0.0000000000
35511  37.111  -22.838  -21.213 0.0000000000
35512  36.504  -23.067  -21.448 0.0000000000
