#!ascii label  , from subject FREESURFER vox2ras=TkReg 
157
100349  19.331  68.441  -24.903 0.0000000000
100687  19.331  68.983  -24.629 0.0000000000
100688  19.183  68.857  -25.244 0.0000000000
100691  18.875  68.617  -25.826 0.0000000000
100692  18.180  68.487  -26.276 0.0000000000
100693  17.336  68.531  -26.671 0.0000000000
100699  16.038  68.785  -28.510 0.0000000000
100700  15.523  68.772  -28.515 0.0000000000
100701  14.577  68.793  -28.291 0.0000000000
100702  13.288  68.786  -28.220 0.0000000000
100703  12.178  68.851  -28.268 0.0000000000
100976  19.459  69.825  -24.330 0.0000000000
100978  19.257  69.713  -25.036 0.0000000000
100979  18.804  69.588  -25.516 0.0000000000
100980  18.171  69.879  -25.767 0.0000000000
100983  18.363  69.185  -25.928 0.0000000000
100984  17.621  69.412  -26.198 0.0000000000
100985  16.768  69.371  -26.698 0.0000000000
100986  16.212  69.807  -27.124 0.0000000000
100988  16.323  69.143  -27.367 0.0000000000
100989  15.963  69.598  -27.921 0.0000000000
100990  11.222  69.846  -27.703 0.0000000000
100991  15.495  69.705  -28.443 0.0000000000
100992  14.862  69.816  -28.590 0.0000000000
100993  13.753  69.857  -28.317 0.0000000000
100994  12.453  69.855  -28.382 0.0000000000
100995  11.463  70.000  -28.396 0.0000000000
101230  19.523  70.681  -23.933 0.0000000000
101234  19.293  70.773  -24.877 0.0000000000
101235  18.912  71.286  -25.167 0.0000000000
101237  11.154  71.591  -25.234 0.0000000000
101238  19.040  70.208  -25.273 0.0000000000
101239  18.564  70.689  -25.419 0.0000000000
101240  17.496  70.581  -25.883 0.0000000000
101241  16.944  71.073  -26.020 0.0000000000
101243  11.208  70.916  -25.862 0.0000000000
101244  17.078  69.952  -26.272 0.0000000000
101245  16.555  70.519  -26.456 0.0000000000
101246  15.907  70.593  -27.323 0.0000000000
101247  10.769  70.858  -27.134 0.0000000000
101248  10.614  71.411  -27.341 0.0000000000
101249  15.558  70.630  -28.157 0.0000000000
101250  10.708  70.638  -28.242 0.0000000000
101251  10.496  71.309  -27.902 0.0000000000
101252  15.075  70.751  -28.638 0.0000000000
101253  14.185  70.887  -28.489 0.0000000000
101254  12.924  70.916  -28.484 0.0000000000
101255  11.698  70.884  -28.882 0.0000000000
101256  10.744  70.972  -29.043 0.0000000000
101257  10.493  71.322  -28.604 0.0000000000
101479  17.817  72.040  -22.884 0.0000000000
101480  16.737  72.171  -22.822 0.0000000000
101488  18.680  71.944  -23.677 0.0000000000
101489  17.583  72.287  -23.963 0.0000000000
101490  16.228  72.430  -23.489 0.0000000000
101491  15.094  72.289  -23.356 0.0000000000
101493  12.944  72.146  -23.872 0.0000000000
101497  19.317  71.461  -24.178 0.0000000000
101498  18.818  71.866  -24.697 0.0000000000
101499  18.001  72.218  -25.033 0.0000000000
101500  17.489  72.039  -25.200 0.0000000000
101501  12.160  72.233  -24.575 0.0000000000
101502  11.065  72.136  -24.860 0.0000000000
101503  10.967  71.868  -25.476 0.0000000000
101504  18.504  71.545  -25.199 0.0000000000
101505  17.896  71.471  -25.396 0.0000000000
101506  17.098  71.638  -25.603 0.0000000000
101507  10.860  71.716  -26.283 0.0000000000
101508  10.748  72.091  -26.722 0.0000000000
101509  16.548  71.517  -26.117 0.0000000000
101510  15.972  71.464  -26.611 0.0000000000
101511  10.704  71.602  -26.941 0.0000000000
101512  10.562  71.998  -27.418 0.0000000000
101513  15.411  71.668  -27.474 0.0000000000
101514  14.966  72.196  -28.020 0.0000000000
101515  10.479  72.003  -28.345 0.0000000000
101516  15.174  71.432  -28.287 0.0000000000
101517  14.519  71.912  -28.421 0.0000000000
101518  13.438  72.022  -28.546 0.0000000000
101519  12.175  72.016  -28.830 0.0000000000
101520  11.108  71.951  -29.225 0.0000000000
101521  10.575  71.972  -28.963 0.0000000000
101718  17.349  72.422  -24.728 0.0000000000
101719  16.639  72.609  -24.364 0.0000000000
101720  15.604  72.715  -24.029 0.0000000000
101721  14.531  72.540  -23.958 0.0000000000
101722  13.793  72.362  -23.962 0.0000000000
101726  17.462  72.323  -25.036 0.0000000000
101727  16.896  72.531  -25.170 0.0000000000
101728  15.994  73.146  -24.797 0.0000000000
101729  15.017  73.026  -24.525 0.0000000000
101730  13.605  72.843  -24.693 0.0000000000
101731  12.058  72.366  -25.201 0.0000000000
101732  11.252  72.157  -25.286 0.0000000000
101733  16.457  72.291  -25.828 0.0000000000
101734  16.122  73.095  -25.600 0.0000000000
101735  13.674  73.413  -25.344 0.0000000000
101736  12.835  73.219  -25.784 0.0000000000
101737  11.448  72.393  -25.976 0.0000000000
101738  10.921  72.269  -26.403 0.0000000000
101739  16.177  72.006  -26.213 0.0000000000
101740  15.722  72.650  -26.444 0.0000000000
101741  12.637  73.789  -26.371 0.0000000000
101742  11.964  73.409  -26.574 0.0000000000
101743  10.899  72.870  -26.919 0.0000000000
101744  15.050  72.958  -27.402 0.0000000000
101745  14.531  73.096  -28.097 0.0000000000
101746  10.534  72.838  -27.957 0.0000000000
101747  13.863  73.140  -28.582 0.0000000000
101748  12.770  73.241  -28.802 0.0000000000
101749  11.569  73.182  -29.060 0.0000000000
101750  10.722  72.965  -29.138 0.0000000000
101751  10.498  72.815  -28.742 0.0000000000
101886  15.396  73.329  -24.897 0.0000000000
101887  14.831  73.405  -25.021 0.0000000000
101888  14.230  73.536  -25.263 0.0000000000
101889  15.538  73.509  -25.318 0.0000000000
101890  14.862  73.831  -25.626 0.0000000000
101891  13.914  73.989  -25.822 0.0000000000
101892  13.158  74.095  -26.259 0.0000000000
101893  15.532  73.759  -26.027 0.0000000000
101894  14.546  74.334  -26.496 0.0000000000
101895  13.613  74.879  -26.509 0.0000000000
101896  12.478  74.665  -26.824 0.0000000000
101897  11.439  74.046  -27.309 0.0000000000
101898  10.808  73.644  -27.746 0.0000000000
101899  15.107  73.668  -26.755 0.0000000000
101900  14.431  74.334  -27.555 0.0000000000
101901  14.055  74.926  -28.305 0.0000000000
101902  11.710  75.072  -27.544 0.0000000000
101903  11.077  74.688  -28.062 0.0000000000
101904  10.683  73.651  -28.467 0.0000000000
101905  14.044  74.020  -28.232 0.0000000000
101906  13.396  74.497  -28.699 0.0000000000
101907  12.223  74.471  -28.873 0.0000000000
101908  11.162  74.394  -28.837 0.0000000000
101909  10.612  73.463  -28.907 0.0000000000
102023  14.050  75.697  -27.228 0.0000000000
102024  13.114  75.803  -27.034 0.0000000000
102025  12.297  75.830  -27.463 0.0000000000
102026  14.188  75.697  -28.035 0.0000000000
102027  13.659  75.656  -28.646 0.0000000000
102028  11.537  75.846  -27.923 0.0000000000
102029  11.443  75.537  -28.445 0.0000000000
102030  12.880  75.552  -29.044 0.0000000000
102031  11.944  75.497  -28.884 0.0000000000
102032  11.554  75.460  -28.701 0.0000000000
102133  13.763  76.328  -27.673 0.0000000000
102134  13.304  76.382  -27.541 0.0000000000
102135  12.761  76.297  -27.467 0.0000000000
102136  14.009  76.212  -27.780 0.0000000000
102137  13.522  76.427  -28.234 0.0000000000
102138  12.290  76.599  -27.976 0.0000000000
102139  11.635  76.177  -28.270 0.0000000000
102140  13.263  76.158  -28.872 0.0000000000
102141  12.581  76.285  -28.791 0.0000000000
102142  11.762  76.107  -28.616 0.0000000000
