#!ascii label  , from subject FREESURFER vox2ras=TkReg 
289
31314  31.714  -27.730  17.457 0.0000000000
31339  35.132  -28.177  12.251 0.0000000000
31399  40.748  -28.020  9.026 0.0000000000
32065  31.031  -26.946  18.964 0.0000000000
32069  31.369  -27.378  18.554 0.0000000000
32070  31.033  -26.769  18.344 0.0000000000
32074  31.437  -27.195  17.716 0.0000000000
32075  31.084  -26.568  17.709 0.0000000000
32077  32.061  -27.991  16.618 0.0000000000
32078  31.780  -27.342  16.847 0.0000000000
32080  32.266  -27.602  16.032 0.0000000000
32081  32.029  -26.804  16.238 0.0000000000
32083  33.308  -27.584  14.340 0.0000000000
32084  32.834  -27.372  15.119 0.0000000000
32091  34.294  -27.044  13.303 0.0000000000
32092  33.876  -27.252  13.615 0.0000000000
32104  38.003  -26.999  12.147 0.0000000000
32105  36.979  -27.112  12.163 0.0000000000
32106  35.843  -27.353  12.284 0.0000000000
32107  34.655  -27.312  12.888 0.0000000000
32108  34.005  -28.093  13.171 0.0000000000
32135  40.808  -27.396  9.589 0.0000000000
32136  39.965  -27.365  9.354 0.0000000000
32137  39.138  -27.324  9.278 0.0000000000
32149  40.337  -27.849  8.997 0.0000000000
32774  30.703  -25.907  19.687 0.0000000000
32778  30.991  -26.775  19.401 0.0000000000
32779  30.687  -26.276  19.074 0.0000000000
32783  30.683  -26.138  18.074 0.0000000000
32786  31.352  -26.600  17.151 0.0000000000
32787  30.926  -26.090  17.303 0.0000000000
32789  31.590  -26.271  16.493 0.0000000000
32790  31.201  -26.133  16.866 0.0000000000
32792  32.439  -26.468  15.708 0.0000000000
32793  32.005  -26.290  16.100 0.0000000000
32795  33.522  -26.553  14.559 0.0000000000
32796  32.982  -26.506  15.216 0.0000000000
32804  38.254  -25.592  13.842 0.0000000000
32805  37.228  -25.779  13.758 0.0000000000
32806  36.235  -25.985  13.732 0.0000000000
32807  35.318  -26.164  13.685 0.0000000000
32808  34.464  -26.578  13.564 0.0000000000
32809  33.940  -26.602  13.908 0.0000000000
32818  38.630  -26.303  12.974 0.0000000000
32819  37.596  -26.327  12.894 0.0000000000
32820  36.542  -26.426  12.859 0.0000000000
32821  35.545  -26.562  12.995 0.0000000000
32822  34.953  -26.619  13.205 0.0000000000
32829  40.201  -25.505  11.604 0.0000000000
32830  39.149  -25.483  11.467 0.0000000000
32831  38.570  -25.430  11.403 0.0000000000
32837  40.644  -26.374  10.492 0.0000000000
32838  39.437  -26.115  10.594 0.0000000000
32839  38.279  -25.862  10.693 0.0000000000
32840  37.080  -26.113  10.484 0.0000000000
32841  36.033  -26.236  10.412 0.0000000000
32847  40.258  -26.976  9.787 0.0000000000
32848  39.682  -26.787  9.844 0.0000000000
32849  38.714  -26.680  9.872 0.0000000000
32850  37.642  -26.715  9.860 0.0000000000
33503  30.791  -25.420  20.120 0.0000000000
33506  30.581  -25.363  19.378 0.0000000000
33509  30.493  -25.392  18.524 0.0000000000
33511  30.557  -25.398  17.579 0.0000000000
33513  31.473  -25.809  16.312 0.0000000000
33514  30.984  -25.522  16.567 0.0000000000
33516  32.423  -25.895  15.640 0.0000000000
33517  31.827  -25.627  15.846 0.0000000000
33518  31.114  -24.903  15.952 0.0000000000
33520  38.473  -24.157  14.530 0.0000000000
33521  38.173  -24.216  14.543 0.0000000000
33522  37.435  -24.327  14.663 0.0000000000
33523  36.495  -24.531  14.795 0.0000000000
33524  35.458  -24.876  14.889 0.0000000000
33525  34.278  -25.372  14.827 0.0000000000
33526  32.927  -25.557  15.220 0.0000000000
33527  32.187  -24.783  15.263 0.0000000000
33535  38.823  -24.359  14.435 0.0000000000
33536  37.839  -25.000  14.505 0.0000000000
33537  36.883  -25.259  14.465 0.0000000000
33538  35.906  -25.499  14.448 0.0000000000
33539  34.933  -25.779  14.323 0.0000000000
33540  34.198  -26.172  14.214 0.0000000000
33548  39.310  -23.437  12.665 0.0000000000
33549  38.335  -23.764  12.621 0.0000000000
33550  37.576  -23.984  12.534 0.0000000000
33555  39.787  -24.522  12.291 0.0000000000
33556  38.732  -24.773  12.093 0.0000000000
33557  37.873  -24.722  12.015 0.0000000000
33558  36.959  -24.714  11.977 0.0000000000
33559  35.973  -24.976  11.674 0.0000000000
33560  35.024  -25.019  11.497 0.0000000000
33561  34.057  -25.026  11.365 0.0000000000
33562  33.216  -24.996  11.116 0.0000000000
33565  38.175  -25.322  11.482 0.0000000000
33566  37.476  -25.427  11.264 0.0000000000
33567  36.508  -25.531  11.083 0.0000000000
33568  35.517  -25.610  10.923 0.0000000000
33569  34.537  -25.631  10.812 0.0000000000
33570  33.564  -25.613  10.681 0.0000000000
34308  31.191  -24.600  20.523 0.0000000000
34309  30.761  -24.566  19.779 0.0000000000
34312  30.525  -24.518  18.963 0.0000000000
34314  30.439  -24.518  18.042 0.0000000000
34316  30.441  -24.530  17.061 0.0000000000
34318  30.686  -24.446  16.211 0.0000000000
34324  31.416  -24.454  15.459 0.0000000000
34325  30.929  -24.380  15.769 0.0000000000
34331  38.447  -23.882  14.494 0.0000000000
34332  37.975  -23.594  14.400 0.0000000000
34333  37.053  -23.419  14.419 0.0000000000
34334  35.975  -23.763  14.707 0.0000000000
34335  34.911  -24.127  14.827 0.0000000000
34336  33.817  -24.382  14.751 0.0000000000
34337  32.824  -24.228  14.832 0.0000000000
34338  32.004  -23.964  14.921 0.0000000000
34348  38.795  -23.125  14.245 0.0000000000
34349  37.820  -22.809  13.789 0.0000000000
34350  37.033  -22.711  13.809 0.0000000000
34359  38.676  -22.876  13.209 0.0000000000
34360  37.723  -22.997  12.897 0.0000000000
34361  36.965  -23.548  12.654 0.0000000000
34362  36.115  -23.503  12.628 0.0000000000
34363  35.187  -23.482  12.567 0.0000000000
34364  34.280  -23.546  12.404 0.0000000000
34369  36.316  -24.281  12.312 0.0000000000
34370  35.526  -24.341  12.215 0.0000000000
34371  34.584  -24.335  12.064 0.0000000000
34372  33.589  -24.190  11.794 0.0000000000
34373  32.689  -24.388  11.238 0.0000000000
34374  32.165  -24.062  11.006 0.0000000000
35078  32.267  -23.877  21.215 0.0000000000
35091  32.523  -23.397  20.887 0.0000000000
35092  31.829  -23.652  20.556 0.0000000000
35093  31.164  -23.937  20.057 0.0000000000
35096  31.458  -23.370  19.848 0.0000000000
35097  30.900  -23.635  19.378 0.0000000000
35099  30.599  -23.639  18.526 0.0000000000
35101  30.463  -23.561  17.575 0.0000000000
35104  30.500  -23.557  16.556 0.0000000000
35111  31.443  -23.711  15.119 0.0000000000
35112  30.862  -23.620  15.592 0.0000000000
35119  36.306  -22.859  14.101 0.0000000000
35120  35.330  -23.109  14.296 0.0000000000
35121  34.358  -23.367  14.390 0.0000000000
35122  33.460  -23.441  14.441 0.0000000000
35123  32.594  -23.123  14.415 0.0000000000
35124  31.816  -23.297  14.719 0.0000000000
35134  37.198  -22.699  13.250 0.0000000000
35135  36.512  -22.678  13.384 0.0000000000
35136  35.598  -22.661  13.493 0.0000000000
35137  34.585  -22.672  13.614 0.0000000000
35138  33.809  -22.774  13.984 0.0000000000
35139  33.239  -22.858  14.162 0.0000000000
35149  37.189  -22.861  12.882 0.0000000000
35150  36.694  -22.850  12.886 0.0000000000
35151  35.850  -22.797  12.894 0.0000000000
35152  34.676  -22.689  12.859 0.0000000000
35153  33.432  -23.099  12.342 0.0000000000
35154  32.804  -22.840  12.217 0.0000000000
35161  33.034  -23.765  11.789 0.0000000000
35162  32.516  -23.356  11.661 0.0000000000
35904  33.679  -22.766  21.237 0.0000000000
35905  32.939  -23.119  20.959 0.0000000000
35922  33.400  -22.237  20.537 0.0000000000
35923  32.640  -22.637  20.267 0.0000000000
35924  31.882  -23.063  19.970 0.0000000000
35926  32.316  -22.112  19.604 0.0000000000
35927  31.553  -22.542  19.296 0.0000000000
35928  30.878  -23.073  18.882 0.0000000000
35930  31.258  -22.046  18.599 0.0000000000
35931  30.778  -22.552  18.222 0.0000000000
35934  30.545  -22.550  17.024 0.0000000000
35939  30.611  -22.553  15.983 0.0000000000
35947  31.368  -23.132  14.969 0.0000000000
35948  31.058  -22.513  15.124 0.0000000000
35955  32.502  -22.606  14.132 0.0000000000
35956  31.861  -22.484  14.290 0.0000000000
35957  31.173  -21.816  14.571 0.0000000000
35960  34.319  -22.526  13.428 0.0000000000
35961  33.988  -22.534  13.426 0.0000000000
35962  32.954  -22.403  13.634 0.0000000000
35963  32.083  -21.914  13.519 0.0000000000
35965  34.285  -22.478  13.185 0.0000000000
35966  33.765  -22.363  12.967 0.0000000000
35967  32.838  -22.344  12.629 0.0000000000
35968  32.248  -22.263  12.247 0.0000000000
35970  32.462  -22.650  12.077 0.0000000000
35971  31.872  -22.594  11.588 0.0000000000
36721  34.560  -22.051  21.100 0.0000000000
36745  35.877  -21.344  20.849 0.0000000000
36746  34.960  -21.420  20.728 0.0000000000
36747  33.981  -21.670  20.511 0.0000000000
36748  33.279  -21.867  20.193 0.0000000000
36758  33.535  -21.329  20.002 0.0000000000
36759  32.853  -21.504  19.670 0.0000000000
36760  32.167  -21.740  19.273 0.0000000000
36768  32.413  -21.171  19.113 0.0000000000
36769  31.745  -21.413  18.671 0.0000000000
36770  31.127  -21.703  18.181 0.0000000000
36779  31.329  -21.033  17.929 0.0000000000
36780  30.826  -21.521  17.417 0.0000000000
36790  30.659  -21.549  16.379 0.0000000000
36798  30.794  -21.484  15.312 0.0000000000
36800  31.476  -21.567  13.849 0.0000000000
36801  30.969  -21.024  14.314 0.0000000000
36804  32.379  -21.830  12.925 0.0000000000
36805  31.699  -21.438  13.039 0.0000000000
36806  31.156  -20.855  13.362 0.0000000000
36809  32.317  -22.032  12.549 0.0000000000
36810  31.761  -21.825  12.222 0.0000000000
36811  31.222  -20.989  12.365 0.0000000000
36813  31.496  -22.049  11.549 0.0000000000
37674  36.351  -20.662  20.463 0.0000000000
37675  35.441  -20.733  20.374 0.0000000000
37676  34.583  -20.825  20.176 0.0000000000
37677  33.970  -20.981  20.039 0.0000000000
37699  34.203  -20.505  19.839 0.0000000000
37700  33.609  -20.660  19.635 0.0000000000
37701  32.930  -20.642  19.205 0.0000000000
37716  32.407  -20.606  18.703 0.0000000000
37717  31.917  -20.536  18.173 0.0000000000
37727  31.583  -20.389  17.615 0.0000000000
37728  31.151  -20.753  17.367 0.0000000000
37736  31.331  -20.232  17.135 0.0000000000
37737  30.924  -20.602  16.709 0.0000000000
37741  30.726  -20.585  15.810 0.0000000000
37744  30.683  -20.392  14.874 0.0000000000
37747  30.774  -20.111  13.828 0.0000000000
37750  30.815  -20.213  12.724 0.0000000000
38590  36.818  -19.914  20.153 0.0000000000
38591  35.876  -19.995  20.100 0.0000000000
38592  35.016  -20.164  19.959 0.0000000000
38593  34.537  -20.317  19.859 0.0000000000
38614  36.296  -19.295  19.744 0.0000000000
38615  35.361  -19.494  19.597 0.0000000000
38616  34.350  -19.818  19.472 0.0000000000
38617  33.492  -19.979  19.131 0.0000000000
38618  32.929  -20.089  18.784 0.0000000000
38630  33.892  -19.378  18.933 0.0000000000
38631  33.299  -19.460  18.595 0.0000000000
38632  32.521  -19.816  18.214 0.0000000000
38633  32.022  -20.020  17.792 0.0000000000
38636  32.195  -19.557  17.713 0.0000000000
38637  31.734  -19.711  17.345 0.0000000000
38640  31.306  -19.693  16.685 0.0000000000
38641  30.896  -19.927  16.136 0.0000000000
38644  31.129  -19.274  16.015 0.0000000000
38645  30.791  -19.582  15.391 0.0000000000
38648  30.705  -19.558  14.542 0.0000000000
38651  30.673  -19.332  13.851 0.0000000000
38653  30.692  -19.445  13.066 0.0000000000
39493  36.685  -18.691  19.305 0.0000000000
39494  35.743  -18.840  19.201 0.0000000000
39495  34.833  -19.039  19.056 0.0000000000
39496  34.291  -19.192  18.963 0.0000000000
39516  36.073  -18.345  18.700 0.0000000000
39517  35.165  -18.514  18.610 0.0000000000
39518  34.081  -18.689  18.324 0.0000000000
39519  32.959  -19.048  17.973 0.0000000000
39520  32.478  -19.331  17.818 0.0000000000
39531  33.930  -18.273  17.636 0.0000000000
39532  33.263  -18.339  17.322 0.0000000000
39533  32.236  -18.969  17.312 0.0000000000
39534  31.677  -19.279  16.982 0.0000000000
39539  33.083  -18.023  16.712 0.0000000000
39540  32.421  -18.184  16.388 0.0000000000
39541  31.614  -18.904  16.485 0.0000000000
39544  32.201  -17.937  15.631 0.0000000000
39545  31.417  -18.471  15.276 0.0000000000
39546  30.866  -19.090  14.907 0.0000000000
39548  31.259  -18.241  13.904 0.0000000000
39549  30.839  -18.857  14.338 0.0000000000
39552  30.806  -18.766  13.424 0.0000000000
40521  36.345  -17.913  18.106 0.0000000000
40522  35.414  -18.091  18.123 0.0000000000
40523  34.796  -18.292  18.175 0.0000000000
40544  35.597  -17.732  17.418 0.0000000000
40545  34.516  -18.028  17.569 0.0000000000
40546  33.853  -18.110  17.308 0.0000000000
40566  34.840  -17.582  16.660 0.0000000000
40567  33.705  -17.831  16.695 0.0000000000
40568  33.017  -17.850  16.393 0.0000000000
40584  34.217  -17.376  15.791 0.0000000000
40585  33.004  -17.579  15.680 0.0000000000
40586  32.201  -17.747  15.089 0.0000000000
40593  33.930  -17.135  14.670 0.0000000000
40594  32.830  -17.424  14.484 0.0000000000
40595  31.929  -17.730  14.256 0.0000000000
