#!ascii label  , from subject FREESURFER vox2ras=TkReg 
171
9311  18.400  -57.285  18.763 0.0000000000
9926  19.971  -56.594  20.068 0.0000000000
9938  19.751  -56.323  19.043 0.0000000000
9939  19.459  -56.887  19.360 0.0000000000
9947  19.467  -56.181  18.563 0.0000000000
9948  19.025  -56.736  18.583 0.0000000000
9949  18.251  -56.729  18.230 0.0000000000
9956  17.906  -56.743  17.890 0.0000000000
10519  20.599  -55.240  21.558 0.0000000000
10533  20.494  -55.490  20.376 0.0000000000
10546  20.227  -55.652  19.333 0.0000000000
10559  19.784  -55.743  18.606 0.0000000000
10560  19.189  -55.935  18.165 0.0000000000
10561  18.596  -56.277  18.051 0.0000000000
10572  18.719  -55.891  17.836 0.0000000000
10573  18.171  -56.025  17.614 0.0000000000
10574  17.674  -56.035  17.078 0.0000000000
10581  18.012  -55.573  16.970 0.0000000000
10582  17.701  -55.629  16.382 0.0000000000
10590  17.666  -55.371  15.540 0.0000000000
10598  17.616  -55.074  14.808 0.0000000000
10606  17.616  -54.820  14.116 0.0000000000
11105  20.555  -53.720  22.677 0.0000000000
11119  20.708  -54.108  21.612 0.0000000000
11130  20.684  -54.430  20.519 0.0000000000
11143  20.521  -54.718  19.481 0.0000000000
11157  20.108  -55.017  18.573 0.0000000000
11158  19.603  -55.389  18.185 0.0000000000
11172  19.702  -55.037  18.071 0.0000000000
11173  19.142  -55.264  17.647 0.0000000000
11174  18.464  -55.297  17.155 0.0000000000
11187  18.906  -54.745  17.038 0.0000000000
11188  18.351  -54.808  16.506 0.0000000000
11189  17.894  -54.924  15.941 0.0000000000
11199  18.232  -54.363  15.828 0.0000000000
11200  17.835  -54.486  15.321 0.0000000000
11212  17.654  -54.267  14.576 0.0000000000
11222  17.601  -54.077  13.713 0.0000000000
11714  20.442  -53.261  23.692 0.0000000000
11727  20.594  -52.662  22.597 0.0000000000
11743  20.552  -53.013  21.612 0.0000000000
11754  20.621  -53.346  20.579 0.0000000000
11767  20.609  -53.683  19.558 0.0000000000
11780  20.417  -54.070  18.617 0.0000000000
11795  19.907  -54.530  17.947 0.0000000000
11796  19.508  -54.258  17.312 0.0000000000
11812  19.145  -54.035  16.653 0.0000000000
11813  18.729  -53.823  16.048 0.0000000000
11824  18.285  -53.618  15.441 0.0000000000
11825  17.858  -53.771  14.964 0.0000000000
11836  18.103  -53.171  14.943 0.0000000000
11837  17.754  -53.329  14.380 0.0000000000
12331  20.417  -52.694  24.586 0.0000000000
12342  20.707  -52.138  23.510 0.0000000000
12353  20.755  -51.862  22.494 0.0000000000
12367  20.601  -52.010  21.651 0.0000000000
12383  20.570  -52.266  20.639 0.0000000000
12398  20.596  -52.581  19.605 0.0000000000
12409  20.522  -52.980  18.616 0.0000000000
12420  20.186  -53.497  17.701 0.0000000000
12421  19.663  -53.481  17.013 0.0000000000
12438  19.997  -52.799  17.082 0.0000000000
12439  19.389  -52.888  16.360 0.0000000000
12440  18.787  -53.055  15.761 0.0000000000
12455  19.046  -52.367  15.733 0.0000000000
12456  18.485  -52.570  15.288 0.0000000000
12469  18.022  -52.482  14.710 0.0000000000
12954  21.052  -51.322  25.552 0.0000000000
12955  20.519  -52.158  25.269 0.0000000000
12966  21.219  -50.871  24.499 0.0000000000
12967  20.762  -51.740  24.524 0.0000000000
12978  21.361  -50.650  23.478 0.0000000000
12979  20.978  -51.356  23.780 0.0000000000
12990  21.287  -50.692  22.460 0.0000000000
12991  21.049  -51.350  22.917 0.0000000000
13003  21.218  -50.638  21.927 0.0000000000
13004  20.952  -51.088  21.839 0.0000000000
13019  20.719  -51.218  20.763 0.0000000000
13036  20.647  -51.442  19.684 0.0000000000
13047  20.601  -51.783  18.612 0.0000000000
13060  20.397  -52.299  17.683 0.0000000000
13067  19.995  -51.869  16.802 0.0000000000
13068  19.501  -51.683  15.994 0.0000000000
13076  18.927  -51.617  15.394 0.0000000000
13568  21.484  -50.551  26.424 0.0000000000
13577  21.867  -49.781  24.931 0.0000000000
13578  21.676  -50.153  25.348 0.0000000000
13590  21.967  -49.620  24.749 0.0000000000
13591  21.727  -50.004  24.353 0.0000000000
13602  21.740  -49.998  23.545 0.0000000000
13611  21.661  -50.108  22.822 0.0000000000
13622  21.453  -50.051  21.855 0.0000000000
13623  21.178  -50.537  21.622 0.0000000000
13635  21.396  -49.525  21.150 0.0000000000
13636  21.078  -50.186  20.952 0.0000000000
13647  20.727  -50.273  19.828 0.0000000000
13654  20.559  -50.507  18.701 0.0000000000
13666  20.302  -50.886  17.521 0.0000000000
13677  19.869  -50.702  16.390 0.0000000000
14165  22.109  -48.993  25.909 0.0000000000
14166  21.825  -49.536  26.183 0.0000000000
14175  22.100  -49.330  25.277 0.0000000000
14176  21.860  -49.667  25.599 0.0000000000
14188  22.188  -49.346  24.433 0.0000000000
14189  22.010  -49.598  23.860 0.0000000000
14199  22.414  -49.039  23.755 0.0000000000
14200  22.039  -49.544  23.223 0.0000000000
14209  22.373  -48.903  22.959 0.0000000000
14210  21.941  -49.424  22.443 0.0000000000
14222  22.227  -48.754  22.284 0.0000000000
14223  21.816  -49.000  21.605 0.0000000000
14234  21.410  -48.816  20.728 0.0000000000
14235  21.208  -49.433  20.694 0.0000000000
14245  21.211  -48.481  20.225 0.0000000000
14246  20.913  -49.077  20.039 0.0000000000
14256  20.534  -49.149  18.836 0.0000000000
14264  20.389  -49.506  17.762 0.0000000000
14271  20.141  -49.614  16.735 0.0000000000
14814  21.995  -48.657  26.440 0.0000000000
14815  21.627  -49.020  27.014 0.0000000000
14827  22.348  -48.410  25.709 0.0000000000
14841  22.859  -47.905  24.351 0.0000000000
14842  22.674  -48.300  24.580 0.0000000000
14853  22.920  -47.887  24.073 0.0000000000
14854  22.758  -48.242  23.499 0.0000000000
14864  22.587  -48.200  22.654 0.0000000000
14873  22.315  -48.114  21.843 0.0000000000
14874  21.874  -48.120  21.073 0.0000000000
14888  21.502  -47.907  20.390 0.0000000000
14903  21.094  -48.032  19.767 0.0000000000
14904  20.685  -48.159  19.138 0.0000000000
15599  22.906  -47.339  24.857 0.0000000000
15600  22.702  -47.410  25.397 0.0000000000
15618  22.964  -47.513  24.396 0.0000000000
15619  22.832  -47.648  24.811 0.0000000000
15633  23.024  -47.354  23.518 0.0000000000
15634  22.839  -47.783  23.012 0.0000000000
15645  23.079  -46.712  23.044 0.0000000000
15646  22.766  -47.246  22.441 0.0000000000
15656  22.287  -47.165  21.215 0.0000000000
15657  21.855  -47.567  20.773 0.0000000000
15667  22.079  -46.626  20.766 0.0000000000
15668  21.772  -46.999  20.461 0.0000000000
15680  21.278  -47.153  19.826 0.0000000000
16342  22.986  -46.756  24.795 0.0000000000
16343  22.777  -46.450  25.460 0.0000000000
16360  23.158  -46.815  24.121 0.0000000000
16380  23.177  -46.468  23.590 0.0000000000
16391  23.182  -46.171  23.120 0.0000000000
16392  22.986  -46.242  22.588 0.0000000000
16402  22.668  -46.264  21.798 0.0000000000
16414  22.297  -46.146  21.017 0.0000000000
16415  21.875  -46.151  20.470 0.0000000000
16423  21.457  -46.314  19.937 0.0000000000
17034  22.826  -45.827  24.982 0.0000000000
17048  23.085  -45.908  24.209 0.0000000000
17067  23.188  -45.781  23.471 0.0000000000
17083  23.154  -45.600  22.931 0.0000000000
17084  22.893  -45.419  22.255 0.0000000000
17095  22.504  -45.322  21.429 0.0000000000
17109  22.035  -45.310  20.674 0.0000000000
17110  21.534  -45.491  20.091 0.0000000000
17772  22.841  -45.394  24.616 0.0000000000
17787  22.907  -45.034  24.261 0.0000000000
17801  23.101  -45.213  23.665 0.0000000000
17802  22.982  -44.575  23.775 0.0000000000
17823  23.163  -45.317  23.261 0.0000000000
17824  23.049  -44.689  22.991 0.0000000000
17840  22.690  -44.425  21.941 0.0000000000
17854  22.209  -44.393  21.064 0.0000000000
18502  22.693  -43.470  22.604 0.0000000000
