#!ascii label  , from subject FREESURFER vox2ras=TkReg 
138
68645  28.197  10.796  3.985 0.0000000000
68646  27.954  10.994  3.262 0.0000000000
68665  27.850  11.072  2.551 0.0000000000
68680  27.924  11.149  1.884 0.0000000000
68694  28.589  10.733  0.610 0.0000000000
68698  29.375  10.326  -1.515 0.0000000000
68699  29.148  10.926  -1.049 0.0000000000
68701  29.811  10.645  -2.410 0.0000000000
69498  29.409  11.462  5.719 0.0000000000
69499  28.989  11.438  5.073 0.0000000000
69515  28.617  11.559  4.374 0.0000000000
69529  28.246  11.770  3.636 0.0000000000
69530  27.918  11.866  2.911 0.0000000000
69546  27.890  11.748  2.255 0.0000000000
69564  28.330  11.476  1.255 0.0000000000
69565  28.095  11.821  1.753 0.0000000000
69574  28.607  11.569  0.609 0.0000000000
69580  29.295  11.900  -1.151 0.0000000000
69581  28.808  11.912  0.227 0.0000000000
69587  29.493  11.483  -1.697 0.0000000000
69588  29.207  11.460  -1.145 0.0000000000
69591  29.911  11.729  -2.551 0.0000000000
70312  29.959  12.062  5.761 0.0000000000
70335  30.582  12.390  5.204 0.0000000000
70336  29.701  12.266  5.152 0.0000000000
70337  29.134  12.167  4.658 0.0000000000
70357  31.356  12.791  4.562 0.0000000000
70358  30.540  12.872  4.622 0.0000000000
70359  29.719  12.859  4.473 0.0000000000
70360  28.855  12.623  4.042 0.0000000000
70377  28.294  12.762  3.077 0.0000000000
70378  28.006  12.324  2.861 0.0000000000
70387  28.262  12.794  2.197 0.0000000000
70388  28.015  12.300  2.551 0.0000000000
70403  28.395  12.504  1.495 0.0000000000
70404  28.069  12.243  2.021 0.0000000000
70418  29.222  12.971  0.119 0.0000000000
70419  28.754  12.536  0.677 0.0000000000
70426  29.410  12.988  -0.258 0.0000000000
70427  28.941  12.374  0.225 0.0000000000
70434  29.877  13.503  -0.808 0.0000000000
70436  30.201  12.571  -2.866 0.0000000000
70437  29.876  12.463  -2.171 0.0000000000
71159  32.180  13.576  4.563 0.0000000000
71160  31.338  13.628  4.446 0.0000000000
71161  30.519  13.617  4.259 0.0000000000
71162  29.665  13.572  3.950 0.0000000000
71163  28.962  13.371  3.583 0.0000000000
71180  29.436  13.849  3.476 0.0000000000
71181  29.008  13.782  3.019 0.0000000000
71194  28.667  13.475  2.385 0.0000000000
71201  28.649  13.311  1.708 0.0000000000
71213  29.351  13.530  0.376 0.0000000000
71214  28.862  13.355  1.057 0.0000000000
71225  29.683  13.619  -0.250 0.0000000000
71234  30.611  14.203  -1.315 0.0000000000
71235  30.046  13.815  -0.818 0.0000000000
71241  30.869  14.316  -1.693 0.0000000000
71242  30.318  13.872  -1.204 0.0000000000
71911  32.705  14.484  4.877 0.0000000000
71919  32.060  14.457  4.616 0.0000000000
71920  31.344  14.484  4.253 0.0000000000
71921  30.530  14.351  3.824 0.0000000000
71922  29.918  14.133  3.577 0.0000000000
71931  30.312  14.488  3.384 0.0000000000
71932  29.806  14.288  3.070 0.0000000000
71933  29.423  14.126  2.776 0.0000000000
71948  29.748  14.388  2.546 0.0000000000
71949  29.241  14.030  2.423 0.0000000000
71963  29.698  14.498  1.947 0.0000000000
71964  29.099  13.908  1.812 0.0000000000
71972  29.671  14.305  1.031 0.0000000000
71973  29.026  13.720  1.394 0.0000000000
71980  30.984  14.757  -0.432 0.0000000000
71981  30.286  14.430  -0.086 0.0000000000
71988  30.831  14.549  -0.939 0.0000000000
71989  30.130  14.113  -0.567 0.0000000000
71997  31.371  14.533  -1.751 0.0000000000
72653  32.533  15.008  4.867 0.0000000000
72660  32.363  15.418  4.448 0.0000000000
72661  31.419  15.291  3.642 0.0000000000
72662  30.712  14.763  3.459 0.0000000000
72669  31.557  15.631  2.769 0.0000000000
72670  30.625  14.971  2.962 0.0000000000
72671  30.119  14.598  2.722 0.0000000000
72679  31.709  15.683  2.355 0.0000000000
72680  31.209  15.517  2.178 0.0000000000
72681  30.287  14.879  2.325 0.0000000000
72691  31.378  15.493  1.674 0.0000000000
72692  30.629  15.147  1.551 0.0000000000
72702  34.368  15.764  -0.013 0.0000000000
72703  34.207  15.846  0.123 0.0000000000
72704  33.753  15.689  0.141 0.0000000000
72705  32.845  15.407  0.259 0.0000000000
72706  31.383  15.147  0.579 0.0000000000
72713  34.375  15.895  -0.176 0.0000000000
72714  33.992  15.735  -0.364 0.0000000000
72715  33.219  15.429  -0.493 0.0000000000
72716  31.944  14.913  -0.506 0.0000000000
72717  31.116  14.823  -0.124 0.0000000000
72722  34.322  15.956  -0.845 0.0000000000
72723  33.746  15.671  -1.204 0.0000000000
72724  32.978  15.180  -1.452 0.0000000000
72725  32.117  14.730  -1.620 0.0000000000
72731  34.118  16.020  -1.866 0.0000000000
72732  33.697  15.485  -2.306 0.0000000000
73377  32.515  15.960  3.753 0.0000000000
73385  32.434  15.972  3.048 0.0000000000
73393  33.278  16.539  2.490 0.0000000000
73394  32.346  15.905  2.347 0.0000000000
73395  31.859  15.741  2.135 0.0000000000
73401  33.483  16.760  2.073 0.0000000000
73402  33.149  16.334  1.968 0.0000000000
73403  32.315  15.769  1.674 0.0000000000
73404  31.520  15.435  1.308 0.0000000000
73411  34.468  15.966  0.066 0.0000000000
73412  34.252  16.008  0.358 0.0000000000
73413  33.692  15.864  0.631 0.0000000000
73414  32.823  15.686  0.997 0.0000000000
73415  32.031  15.485  1.149 0.0000000000
73422  34.476  16.220  -0.387 0.0000000000
73423  34.442  16.219  0.022 0.0000000000
73428  34.344  16.433  -1.235 0.0000000000
73434  33.959  16.682  -2.502 0.0000000000
74206  33.594  17.301  2.193 0.0000000000
74207  33.629  16.996  1.743 0.0000000000
74208  33.344  16.257  1.587 0.0000000000
74214  34.044  16.233  0.567 0.0000000000
74215  33.688  16.675  1.016 0.0000000000
74216  33.204  15.963  1.393 0.0000000000
74222  34.432  16.418  -0.205 0.0000000000
74223  34.125  16.583  0.070 0.0000000000
74224  33.119  17.429  -0.083 0.0000000000
74230  34.376  16.675  -0.631 0.0000000000
74231  33.801  17.216  -0.795 0.0000000000
74238  34.244  16.992  -1.388 0.0000000000
74985  33.221  18.087  1.989 0.0000000000
74986  32.857  17.957  1.413 0.0000000000
