#!ascii label  , from subject FREESURFER vox2ras=TkReg 
259
19821  26.378  -40.818  32.045 0.0000000000
19822  26.123  -41.480  32.251 0.0000000000
19833  26.135  -40.514  31.612 0.0000000000
19834  25.591  -41.158  31.640 0.0000000000
19835  24.565  -41.666  31.396 0.0000000000
19850  25.331  -40.857  31.165 0.0000000000
19851  24.853  -41.104  31.007 0.0000000000
19868  23.511  -41.136  30.053 0.0000000000
19869  22.775  -41.198  29.945 0.0000000000
20594  26.581  -39.725  31.333 0.0000000000
20605  25.916  -40.429  31.275 0.0000000000
20606  25.562  -40.671  31.191 0.0000000000
20619  25.673  -40.442  31.009 0.0000000000
20620  25.307  -40.558  30.770 0.0000000000
20621  24.576  -40.825  30.426 0.0000000000
20622  23.992  -40.968  30.080 0.0000000000
20634  25.046  -40.361  30.216 0.0000000000
20635  24.491  -40.415  29.803 0.0000000000
20636  23.497  -40.715  29.608 0.0000000000
20637  22.151  -40.544  29.512 0.0000000000
20649  24.089  -40.190  29.278 0.0000000000
20650  23.208  -40.161  29.028 0.0000000000
20651  22.167  -39.899  29.056 0.0000000000
21451  25.848  -40.092  30.765 0.0000000000
21452  25.444  -40.117  30.355 0.0000000000
21467  25.695  -39.787  30.229 0.0000000000
21468  25.257  -39.842  29.792 0.0000000000
21469  24.693  -39.898  29.367 0.0000000000
21470  21.292  -39.905  29.463 0.0000000000
21486  25.142  -39.461  29.234 0.0000000000
21487  24.302  -39.602  28.836 0.0000000000
21488  22.892  -39.499  28.586 0.0000000000
21489  21.371  -39.255  28.949 0.0000000000
22357  26.108  -39.531  30.379 0.0000000000
22371  25.757  -39.440  29.835 0.0000000000
22372  25.545  -39.280  29.442 0.0000000000
22387  25.770  -39.107  29.486 0.0000000000
22388  25.682  -38.625  28.955 0.0000000000
22389  23.944  -38.922  28.096 0.0000000000
22390  22.323  -38.736  28.185 0.0000000000
22391  20.885  -38.528  28.464 0.0000000000
22407  25.460  -37.874  28.216 0.0000000000
22408  24.729  -38.003  27.863 0.0000000000
22409  23.283  -38.056  27.599 0.0000000000
22410  21.699  -37.999  27.658 0.0000000000
22411  20.395  -38.113  27.927 0.0000000000
23289  26.024  -39.151  29.770 0.0000000000
23299  25.838  -37.711  28.350 0.0000000000
23314  26.243  -36.506  27.878 0.0000000000
23315  25.522  -37.188  27.703 0.0000000000
23316  24.164  -37.113  27.020 0.0000000000
23317  22.695  -37.420  27.007 0.0000000000
23318  21.666  -37.446  27.045 0.0000000000
23319  20.801  -37.638  27.306 0.0000000000
23320  19.981  -37.845  27.411 0.0000000000
23332  23.885  -36.445  26.463 0.0000000000
23333  23.146  -36.699  26.438 0.0000000000
23334  22.070  -36.934  26.534 0.0000000000
23335  21.081  -37.160  26.682 0.0000000000
23336  20.273  -37.406  26.822 0.0000000000
24035  25.924  -36.878  42.710 0.0000000000
24054  25.653  -36.435  41.830 0.0000000000
24215  27.732  -38.381  31.527 0.0000000000
24226  28.455  -36.992  31.016 0.0000000000
24234  28.291  -36.500  30.188 0.0000000000
24244  27.739  -36.044  29.323 0.0000000000
24251  26.847  -36.067  28.403 0.0000000000
24262  26.306  -35.797  27.845 0.0000000000
24263  25.561  -36.097  27.317 0.0000000000
24264  25.018  -36.647  27.095 0.0000000000
24275  25.156  -35.702  26.953 0.0000000000
24276  24.615  -36.049  26.638 0.0000000000
24277  23.441  -35.783  26.014 0.0000000000
24278  22.378  -36.253  25.975 0.0000000000
24279  21.362  -36.529  26.121 0.0000000000
24280  20.473  -36.840  26.263 0.0000000000
24281  20.008  -37.179  26.388 0.0000000000
24294  22.993  -35.203  25.707 0.0000000000
24295  22.474  -35.475  25.670 0.0000000000
24296  21.570  -35.764  25.635 0.0000000000
24297  20.663  -36.140  25.678 0.0000000000
24975  26.115  -36.521  43.232 0.0000000000
24976  25.480  -36.236  43.520 0.0000000000
24989  26.232  -35.100  41.367 0.0000000000
24990  26.160  -35.364  42.170 0.0000000000
24991  24.907  -35.633  42.911 0.0000000000
25010  26.290  -34.988  40.607 0.0000000000
25011  25.747  -35.807  41.099 0.0000000000
25034  26.202  -35.065  39.211 0.0000000000
25035  25.638  -35.722  39.976 0.0000000000
25060  25.989  -35.120  38.100 0.0000000000
25061  25.508  -35.698  38.770 0.0000000000
25086  25.782  -35.172  37.396 0.0000000000
25105  25.390  -35.556  36.830 0.0000000000
25120  25.299  -35.495  36.109 0.0000000000
25135  25.146  -35.433  35.241 0.0000000000
25165  29.712  -35.848  32.335 0.0000000000
25166  29.145  -35.975  31.469 0.0000000000
25181  28.724  -35.978  30.724 0.0000000000
25194  28.406  -35.585  30.199 0.0000000000
25195  28.123  -35.247  29.845 0.0000000000
25211  27.838  -35.174  29.574 0.0000000000
25212  27.563  -35.223  29.267 0.0000000000
25223  27.201  -35.376  28.809 0.0000000000
25224  26.671  -35.378  28.286 0.0000000000
25239  26.330  -35.284  27.900 0.0000000000
25240  25.926  -35.391  27.582 0.0000000000
25249  25.426  -35.351  27.208 0.0000000000
25250  24.927  -35.238  26.815 0.0000000000
25251  24.215  -35.054  26.354 0.0000000000
25260  23.347  -34.698  25.895 0.0000000000
25261  22.560  -34.754  25.608 0.0000000000
25262  21.753  -34.924  25.423 0.0000000000
25934  25.604  -34.411  42.847 0.0000000000
26009  25.574  -35.374  37.136 0.0000000000
26029  26.692  -33.611  36.801 0.0000000000
26030  25.863  -34.958  36.756 0.0000000000
26045  26.340  -34.183  35.140 0.0000000000
26046  25.831  -34.786  35.693 0.0000000000
26060  26.209  -34.305  34.424 0.0000000000
26061  25.463  -34.949  34.230 0.0000000000
26074  25.067  -34.807  32.925 0.0000000000
26088  30.043  -34.664  32.745 0.0000000000
26089  29.493  -34.875  31.871 0.0000000000
26090  24.845  -34.595  32.362 0.0000000000
26109  28.844  -34.919  30.914 0.0000000000
26110  28.303  -34.475  30.531 0.0000000000
26132  28.394  -34.923  30.264 0.0000000000
26133  27.960  -34.593  29.942 0.0000000000
26134  27.489  -34.427  29.567 0.0000000000
26151  27.644  -34.816  29.502 0.0000000000
26152  27.279  -34.745  29.109 0.0000000000
26163  26.858  -34.846  28.607 0.0000000000
26164  26.466  -34.884  28.143 0.0000000000
26181  26.149  -34.982  27.782 0.0000000000
26182  25.725  -34.806  27.528 0.0000000000
26183  25.307  -34.391  27.374 0.0000000000
26194  25.234  -34.828  27.141 0.0000000000
26195  24.754  -34.404  26.867 0.0000000000
26196  23.923  -34.130  26.379 0.0000000000
26207  23.279  -33.899  26.068 0.0000000000
26208  22.716  -34.038  25.764 0.0000000000
26209  21.951  -34.093  25.529 0.0000000000
26936  27.332  -33.000  35.687 0.0000000000
26937  26.834  -33.519  35.375 0.0000000000
26954  29.676  -33.420  33.859 0.0000000000
26955  27.197  -33.260  34.921 0.0000000000
26956  26.701  -33.728  34.422 0.0000000000
26957  26.206  -34.252  33.956 0.0000000000
26970  30.035  -33.927  33.427 0.0000000000
26971  29.432  -33.560  33.276 0.0000000000
26972  28.983  -33.491  32.892 0.0000000000
26973  26.613  -33.834  33.558 0.0000000000
26974  25.904  -34.306  33.222 0.0000000000
26986  29.792  -33.971  32.958 0.0000000000
26987  29.411  -33.965  32.489 0.0000000000
26988  28.604  -33.666  32.310 0.0000000000
26989  27.722  -33.573  32.140 0.0000000000
26990  26.672  -33.760  32.486 0.0000000000
26991  25.425  -34.254  32.204 0.0000000000
26992  24.581  -34.417  31.897 0.0000000000
27006  28.974  -34.188  31.710 0.0000000000
27007  28.166  -33.983  31.137 0.0000000000
27008  27.054  -33.729  31.215 0.0000000000
27009  25.934  -33.820  31.284 0.0000000000
27010  24.891  -33.992  31.248 0.0000000000
27040  27.984  -34.196  30.417 0.0000000000
27041  27.357  -33.981  30.096 0.0000000000
27042  26.277  -33.740  30.242 0.0000000000
27043  25.239  -33.703  30.330 0.0000000000
27044  24.252  -33.725  30.417 0.0000000000
27072  27.043  -34.219  29.207 0.0000000000
27073  26.426  -33.882  29.287 0.0000000000
27074  25.518  -33.632  29.353 0.0000000000
27075  24.547  -33.432  29.465 0.0000000000
27076  23.589  -33.378  29.625 0.0000000000
27095  26.934  -34.494  28.850 0.0000000000
27096  26.454  -34.317  28.513 0.0000000000
27097  25.703  -33.821  28.464 0.0000000000
27098  24.799  -33.457  28.475 0.0000000000
27099  23.799  -33.173  28.593 0.0000000000
27100  22.917  -33.166  28.958 0.0000000000
27118  26.151  -34.608  27.922 0.0000000000
27119  25.771  -34.233  27.844 0.0000000000
27120  25.003  -33.825  27.586 0.0000000000
27121  24.034  -33.300  27.627 0.0000000000
27134  24.272  -33.708  26.946 0.0000000000
27135  23.328  -33.312  26.698 0.0000000000
27136  22.580  -33.133  26.316 0.0000000000
27149  22.840  -33.508  26.082 0.0000000000
27150  22.155  -33.335  25.857 0.0000000000
27785  29.511  -32.410  35.550 0.0000000000
27786  28.306  -32.429  35.746 0.0000000000
27787  27.665  -32.883  34.971 0.0000000000
27802  29.269  -32.863  34.468 0.0000000000
27803  28.163  -32.835  34.385 0.0000000000
27804  27.371  -33.215  34.214 0.0000000000
27805  26.937  -33.496  33.894 0.0000000000
27823  29.260  -33.261  33.802 0.0000000000
27824  28.706  -33.237  33.539 0.0000000000
27825  27.835  -33.188  33.553 0.0000000000
27826  27.157  -33.451  33.429 0.0000000000
27846  28.621  -33.424  32.920 0.0000000000
27847  28.172  -33.371  32.892 0.0000000000
27848  27.515  -33.427  32.897 0.0000000000
27933  23.549  -33.064  27.944 0.0000000000
27934  23.046  -32.976  28.164 0.0000000000
27953  23.262  -33.027  27.496 0.0000000000
27954  22.600  -32.842  27.588 0.0000000000
27974  22.933  -32.932  27.123 0.0000000000
27975  22.430  -32.816  26.848 0.0000000000
27992  22.052  -32.856  26.289 0.0000000000
28597  27.408  -32.505  42.176 0.0000000000
28613  28.002  -32.178  41.137 0.0000000000
28626  28.826  -31.584  39.237 0.0000000000
28627  28.104  -32.192  39.794 0.0000000000
28628  27.145  -33.330  40.280 0.0000000000
28644  27.871  -32.560  37.779 0.0000000000
28657  28.806  -32.072  36.759 0.0000000000
28670  29.156  -32.140  36.117 0.0000000000
102808  27.202  -39.106  31.515 0.0000000000
102809  27.239  -39.360  32.030 0.0000000000
102815  27.118  -38.894  30.948 0.0000000000
102817  26.801  -39.220  30.883 0.0000000000
102818  27.414  -37.767  30.030 0.0000000000
102821  26.624  -37.214  28.522 0.0000000000
102823  26.583  -39.004  30.321 0.0000000000
102877  26.274  -34.090  43.199 0.0000000000
102878  26.273  -34.295  42.871 0.0000000000
102879  26.170  -33.869  43.296 0.0000000000
102880  25.986  -33.475  43.503 0.0000000000
102881  26.325  -33.954  43.045 0.0000000000
102882  26.304  -34.930  41.206 0.0000000000
102883  26.367  -34.453  42.351 0.0000000000
102884  25.771  -33.647  43.231 0.0000000000
102885  26.228  -33.264  43.236 0.0000000000
102887  26.427  -33.934  42.518 0.0000000000
102888  26.464  -33.578  42.967 0.0000000000
102889  26.678  -34.313  40.184 0.0000000000
102890  26.488  -34.569  40.464 0.0000000000
102891  26.518  -34.073  41.535 0.0000000000
102894  26.823  -33.029  42.983 0.0000000000
102897  26.891  -33.355  42.050 0.0000000000
102898  26.592  -34.365  40.410 0.0000000000
102899  26.709  -34.176  40.381 0.0000000000
102900  26.874  -34.060  40.240 0.0000000000
102901  26.704  -34.145  40.464 0.0000000000
102902  27.203  -33.014  41.452 0.0000000000
102908  26.178  -34.574  37.464 0.0000000000
102909  26.841  -33.987  40.382 0.0000000000
102910  27.287  -32.901  41.247 0.0000000000
102913  26.774  -33.960  40.614 0.0000000000
102914  26.672  -34.175  38.358 0.0000000000
102915  26.644  -34.392  39.690 0.0000000000
102916  27.120  -33.427  38.005 0.0000000000
102918  26.780  -33.668  37.689 0.0000000000
102919  26.487  -34.436  40.789 0.0000000000
102921  27.189  -33.122  37.486 0.0000000000
102922  27.489  -32.766  36.465 0.0000000000
