#!ascii label  , from subject FREESURFER vox2ras=TkReg 
94
28913  4.130  -30.936  14.458 0.0000000000
28924  4.244  -30.738  13.943 0.0000000000
28925  3.720  -31.002  13.592 0.0000000000
28937  3.577  -30.926  12.882 0.0000000000
29717  5.386  -30.442  16.695 0.0000000000
29721  5.276  -30.432  15.669 0.0000000000
29725  5.093  -30.409  14.890 0.0000000000
29726  4.640  -30.734  15.115 0.0000000000
29736  5.109  -30.137  14.251 0.0000000000
29737  4.615  -30.568  14.347 0.0000000000
29746  5.131  -29.869  13.698 0.0000000000
29747  4.487  -30.303  13.401 0.0000000000
29748  3.921  -30.706  13.138 0.0000000000
29761  4.296  -30.071  12.507 0.0000000000
29762  3.902  -30.519  12.671 0.0000000000
30529  6.492  -28.943  17.893 0.0000000000
30534  6.548  -29.221  16.774 0.0000000000
30535  5.998  -29.793  17.348 0.0000000000
30538  6.418  -29.278  15.687 0.0000000000
30539  5.928  -29.899  16.217 0.0000000000
30542  6.257  -29.185  14.668 0.0000000000
30543  5.687  -29.885  15.073 0.0000000000
30551  6.077  -28.981  13.743 0.0000000000
30552  5.572  -29.559  14.097 0.0000000000
30561  6.016  -28.887  13.206 0.0000000000
30562  5.408  -29.416  13.008 0.0000000000
30563  4.700  -29.878  12.804 0.0000000000
30578  5.051  -29.064  11.941 0.0000000000
30579  4.679  -29.617  12.289 0.0000000000
31306  7.199  -27.475  17.925 0.0000000000
31307  6.848  -27.926  18.163 0.0000000000
31311  7.352  -27.667  17.440 0.0000000000
31312  7.074  -28.446  17.208 0.0000000000
31315  7.438  -27.844  16.568 0.0000000000
31316  6.992  -28.585  16.180 0.0000000000
31318  7.361  -27.915  15.626 0.0000000000
31319  6.847  -28.589  15.190 0.0000000000
31322  7.231  -27.923  14.721 0.0000000000
31323  6.651  -28.465  14.257 0.0000000000
31329  7.010  -27.849  13.975 0.0000000000
31330  6.478  -28.247  13.199 0.0000000000
31331  5.977  -28.775  12.902 0.0000000000
31347  6.331  -27.895  12.559 0.0000000000
31348  5.818  -28.379  12.294 0.0000000000
31369  5.064  -28.463  11.174 0.0000000000
32071  6.986  -27.193  18.285 0.0000000000
32076  7.383  -27.021  17.745 0.0000000000
32079  7.701  -27.087  16.937 0.0000000000
32082  7.738  -27.172  16.011 0.0000000000
32085  7.627  -27.228  15.104 0.0000000000
32093  7.427  -27.241  14.262 0.0000000000
32094  7.056  -27.276  13.468 0.0000000000
32109  6.584  -27.270  12.666 0.0000000000
32110  6.184  -27.595  12.200 0.0000000000
32122  6.253  -27.014  12.033 0.0000000000
32123  5.775  -27.394  11.517 0.0000000000
32784  7.073  -26.345  18.470 0.0000000000
32788  7.638  -26.270  17.381 0.0000000000
32791  7.797  -26.330  16.405 0.0000000000
32794  7.721  -26.422  15.481 0.0000000000
32797  7.564  -26.499  14.645 0.0000000000
32810  7.304  -26.468  13.872 0.0000000000
32811  6.837  -26.408  13.108 0.0000000000
32823  6.404  -26.380  12.335 0.0000000000
32832  6.001  -26.420  11.614 0.0000000000
33512  7.510  -25.367  17.853 0.0000000000
33515  7.692  -25.420  16.834 0.0000000000
33519  7.635  -25.562  15.857 0.0000000000
33528  7.469  -25.714  14.962 0.0000000000
33529  7.170  -25.420  14.449 0.0000000000
33541  7.344  -25.909  14.304 0.0000000000
33542  6.876  -25.504  13.705 0.0000000000
33551  6.450  -25.613  12.736 0.0000000000
34315  7.384  -24.417  18.287 0.0000000000
34317  7.504  -24.522  17.321 0.0000000000
34319  7.311  -24.526  16.284 0.0000000000
34320  6.774  -24.054  16.072 0.0000000000
34326  7.249  -25.023  15.307 0.0000000000
34327  6.747  -24.386  15.497 0.0000000000
34339  7.198  -25.230  14.803 0.0000000000
34340  6.762  -24.831  14.556 0.0000000000
34341  6.076  -24.382  14.148 0.0000000000
34351  6.398  -24.755  13.754 0.0000000000
34365  6.287  -24.886  13.040 0.0000000000
35102  7.336  -23.579  17.769 0.0000000000
35103  7.141  -23.310  17.226 0.0000000000
35105  7.323  -23.872  17.009 0.0000000000
35106  6.854  -23.540  16.577 0.0000000000
35113  6.224  -23.659  15.869 0.0000000000
35125  6.053  -24.226  14.942 0.0000000000
35935  7.139  -22.999  17.607 0.0000000000
35936  6.766  -22.669  17.258 0.0000000000
35940  6.144  -22.807  16.424 0.0000000000
35949  6.046  -23.207  16.078 0.0000000000
