#!ascii label  , from subject FREESURFER vox2ras=TkReg 
285
14728  17.613  -48.655  34.822 0.0000000000
14729  17.441  -48.551  34.679 0.0000000000
14738  17.506  -48.103  34.379 0.0000000000
14739  17.322  -48.777  33.991 0.0000000000
14746  17.721  -48.959  33.720 0.0000000000
14747  17.514  -48.872  33.766 0.0000000000
14784  20.723  -48.518  28.880 0.0000000000
14801  21.657  -48.270  27.201 0.0000000000
14802  21.164  -48.814  27.838 0.0000000000
15453  24.947  -48.933  38.100 0.0000000000
15454  23.861  -48.810  38.067 0.0000000000
15462  25.315  -48.618  37.263 0.0000000000
15470  23.139  -47.675  37.504 0.0000000000
15478  23.349  -48.315  35.160 0.0000000000
15479  22.794  -47.706  36.081 0.0000000000
15480  18.784  -48.331  35.149 0.0000000000
15481  17.614  -48.896  35.209 0.0000000000
15482  17.338  -48.447  34.482 0.0000000000
15491  22.103  -47.138  34.214 0.0000000000
15492  20.332  -47.620  33.930 0.0000000000
15493  19.278  -48.477  34.259 0.0000000000
15494  18.415  -49.070  34.560 0.0000000000
15495  17.351  -48.361  33.879 0.0000000000
15504  22.232  -47.295  32.857 0.0000000000
15505  20.728  -47.760  32.987 0.0000000000
15506  19.746  -48.604  33.259 0.0000000000
15507  18.428  -48.853  33.350 0.0000000000
15508  17.652  -48.682  33.656 0.0000000000
15517  20.977  -47.897  32.067 0.0000000000
15518  20.011  -48.565  32.307 0.0000000000
15519  19.336  -48.724  32.745 0.0000000000
15527  21.055  -48.045  31.457 0.0000000000
15537  20.760  -47.623  30.369 0.0000000000
15538  20.561  -48.219  30.486 0.0000000000
15546  20.872  -47.776  29.316 0.0000000000
15547  20.549  -48.414  29.832 0.0000000000
15566  21.717  -47.638  27.336 0.0000000000
15567  21.287  -47.851  28.066 0.0000000000
15585  22.138  -47.684  26.565 0.0000000000
16182  24.741  -48.670  38.777 0.0000000000
16183  24.482  -48.087  38.613 0.0000000000
16184  23.981  -47.757  38.231 0.0000000000
16193  25.213  -47.953  38.242 0.0000000000
16194  24.661  -47.277  38.195 0.0000000000
16195  24.008  -46.914  37.728 0.0000000000
16205  25.536  -47.149  36.925 0.0000000000
16206  23.253  -46.596  37.001 0.0000000000
16207  22.622  -47.165  36.823 0.0000000000
16215  23.305  -46.239  36.265 0.0000000000
16216  22.735  -46.642  36.047 0.0000000000
16217  18.894  -47.454  35.480 0.0000000000
16218  18.243  -47.817  35.495 0.0000000000
16219  17.591  -47.807  35.021 0.0000000000
16227  22.246  -46.802  34.997 0.0000000000
16228  21.071  -46.826  34.428 0.0000000000
16229  19.709  -47.391  34.891 0.0000000000
16230  17.363  -47.652  34.227 0.0000000000
16240  18.435  -47.792  32.832 0.0000000000
16241  17.768  -47.822  33.424 0.0000000000
16252  20.412  -47.589  31.339 0.0000000000
16253  19.980  -47.650  31.687 0.0000000000
16254  19.166  -48.041  32.422 0.0000000000
16264  20.657  -47.086  30.882 0.0000000000
16265  20.374  -47.074  31.262 0.0000000000
16274  20.952  -46.908  30.228 0.0000000000
16285  21.789  -46.147  28.194 0.0000000000
16286  21.365  -46.731  29.027 0.0000000000
16307  21.818  -46.779  27.576 0.0000000000
16308  21.348  -47.286  28.489 0.0000000000
16327  22.467  -46.607  26.273 0.0000000000
16900  25.269  -46.787  37.818 0.0000000000
16901  24.824  -46.175  37.748 0.0000000000
16902  24.132  -46.049  37.292 0.0000000000
16913  25.677  -45.716  37.104 0.0000000000
16914  24.867  -45.373  36.758 0.0000000000
16915  23.888  -45.807  36.496 0.0000000000
16924  26.200  -45.846  35.994 0.0000000000
16925  24.373  -45.174  35.936 0.0000000000
16926  23.500  -45.624  35.485 0.0000000000
16927  22.639  -46.177  35.068 0.0000000000
16928  18.543  -47.149  35.538 0.0000000000
16929  18.078  -46.962  35.355 0.0000000000
16930  17.650  -46.946  34.728 0.0000000000
16937  25.888  -45.868  34.567 0.0000000000
16938  22.836  -45.418  34.650 0.0000000000
16939  21.851  -46.036  34.377 0.0000000000
16940  20.436  -46.097  34.748 0.0000000000
16941  19.032  -46.303  35.281 0.0000000000
16942  18.199  -46.082  34.681 0.0000000000
16943  17.821  -46.406  33.816 0.0000000000
16950  18.806  -47.269  32.540 0.0000000000
16951  18.342  -46.578  32.805 0.0000000000
16958  20.105  -46.599  31.511 0.0000000000
16959  19.353  -46.470  32.120 0.0000000000
16960  18.739  -45.313  32.344 0.0000000000
16968  20.793  -46.156  30.610 0.0000000000
16969  20.545  -46.054  31.022 0.0000000000
16977  21.083  -46.000  30.252 0.0000000000
16987  21.816  -45.564  28.532 0.0000000000
16988  21.444  -45.741  29.447 0.0000000000
17004  22.129  -45.551  27.719 0.0000000000
17019  22.374  -45.637  26.775 0.0000000000
17035  22.598  -45.659  25.770 0.0000000000
17643  25.987  -44.934  36.196 0.0000000000
17644  25.520  -45.010  36.490 0.0000000000
17655  26.470  -44.110  34.351 0.0000000000
17656  26.146  -44.649  35.039 0.0000000000
17657  25.243  -44.514  35.463 0.0000000000
17658  24.277  -44.887  35.314 0.0000000000
17666  26.590  -44.033  33.620 0.0000000000
17667  26.175  -44.802  33.988 0.0000000000
17668  24.954  -43.785  34.740 0.0000000000
17669  23.883  -44.359  34.388 0.0000000000
17670  22.384  -44.986  33.917 0.0000000000
17671  21.086  -45.137  34.049 0.0000000000
17672  19.803  -44.896  34.346 0.0000000000
17673  18.861  -45.089  34.405 0.0000000000
17674  18.429  -45.121  33.796 0.0000000000
17684  23.492  -43.790  33.492 0.0000000000
17685  22.797  -44.116  33.363 0.0000000000
17686  21.609  -44.377  33.334 0.0000000000
17687  20.553  -44.298  33.599 0.0000000000
17688  18.363  -44.975  32.918 0.0000000000
17696  20.004  -45.600  31.474 0.0000000000
17697  19.273  -44.678  31.638 0.0000000000
17698  18.519  -44.136  32.001 0.0000000000
17708  20.867  -45.424  30.488 0.0000000000
17709  20.252  -44.425  30.724 0.0000000000
17710  19.203  -43.758  30.964 0.0000000000
17718  21.188  -44.586  29.765 0.0000000000
17719  20.652  -43.895  29.987 0.0000000000
17728  22.137  -44.612  28.046 0.0000000000
17729  21.769  -44.650  28.798 0.0000000000
17745  22.379  -44.569  27.145 0.0000000000
17758  22.457  -44.673  26.109 0.0000000000
17773  22.639  -44.793  25.019 0.0000000000
17788  22.855  -44.325  24.295 0.0000000000
18345  26.376  -43.953  34.610 0.0000000000
18346  26.076  -43.811  34.765 0.0000000000
18347  25.546  -43.629  34.677 0.0000000000
18355  26.532  -43.499  34.196 0.0000000000
18356  26.027  -43.077  34.320 0.0000000000
18357  25.015  -43.188  34.009 0.0000000000
18358  24.028  -43.504  33.517 0.0000000000
18359  19.284  -44.435  33.903 0.0000000000
18360  18.921  -44.246  33.596 0.0000000000
18361  18.613  -44.180  33.151 0.0000000000
18369  26.832  -43.213  33.276 0.0000000000
18370  24.389  -42.942  33.025 0.0000000000
18371  23.324  -43.391  32.636 0.0000000000
18372  22.033  -43.783  32.547 0.0000000000
18373  20.828  -43.671  32.843 0.0000000000
18374  19.572  -43.513  33.263 0.0000000000
18375  18.823  -43.342  33.048 0.0000000000
18376  18.538  -43.461  32.482 0.0000000000
18383  22.361  -43.231  31.852 0.0000000000
18384  21.261  -43.084  32.045 0.0000000000
18385  20.170  -42.790  32.572 0.0000000000
18386  19.543  -42.707  32.827 0.0000000000
18387  18.748  -43.659  31.358 0.0000000000
18388  18.502  -43.010  31.548 0.0000000000
18396  19.381  -43.235  30.460 0.0000000000
18397  18.700  -43.002  30.810 0.0000000000
18398  18.568  -42.544  31.044 0.0000000000
18406  20.803  -43.349  29.495 0.0000000000
18407  20.126  -43.302  30.032 0.0000000000
18417  21.947  -44.017  28.289 0.0000000000
18418  21.541  -43.475  28.638 0.0000000000
18431  22.112  -43.401  27.664 0.0000000000
18432  21.790  -43.110  28.118 0.0000000000
18444  22.491  -43.602  26.458 0.0000000000
18457  22.614  -43.851  25.562 0.0000000000
18472  22.803  -43.613  24.740 0.0000000000
18484  22.888  -43.649  23.706 0.0000000000
19063  26.441  -42.808  33.706 0.0000000000
19064  25.895  -42.590  33.474 0.0000000000
19065  25.180  -42.613  33.142 0.0000000000
19076  25.678  -42.088  32.499 0.0000000000
19077  24.767  -42.423  32.463 0.0000000000
19078  24.019  -42.740  32.261 0.0000000000
19079  19.312  -42.662  32.907 0.0000000000
19080  19.045  -42.618  32.899 0.0000000000
19081  18.715  -42.697  32.630 0.0000000000
19091  24.988  -41.915  31.968 0.0000000000
19092  24.270  -42.234  31.809 0.0000000000
19093  23.268  -42.569  31.504 0.0000000000
19094  21.862  -42.590  31.353 0.0000000000
19095  20.602  -42.053  31.740 0.0000000000
19096  19.479  -42.193  32.455 0.0000000000
19097  18.875  -42.193  32.422 0.0000000000
19098  18.634  -42.424  32.064 0.0000000000
19106  22.463  -42.156  30.839 0.0000000000
19107  21.411  -41.867  31.018 0.0000000000
19108  20.782  -41.560  31.250 0.0000000000
19109  18.968  -42.677  30.420 0.0000000000
19110  18.826  -42.110  30.591 0.0000000000
19111  18.644  -42.181  31.345 0.0000000000
19119  20.181  -42.633  29.605 0.0000000000
19120  19.318  -42.419  29.996 0.0000000000
19121  18.939  -41.805  30.069 0.0000000000
19131  20.751  -42.309  28.984 0.0000000000
19132  19.752  -41.894  29.488 0.0000000000
19133  19.145  -41.674  29.790 0.0000000000
19144  22.040  -42.342  27.354 0.0000000000
19145  21.604  -42.467  28.074 0.0000000000
19155  22.406  -42.547  26.722 0.0000000000
19167  22.923  -42.110  24.820 0.0000000000
19168  22.813  -42.632  25.518 0.0000000000
19183  22.885  -42.100  24.573 0.0000000000
19184  22.860  -42.491  24.366 0.0000000000
19200  22.661  -42.489  23.284 0.0000000000
19836  23.947  -42.002  31.340 0.0000000000
19837  20.355  -41.382  31.359 0.0000000000
19838  19.723  -41.512  31.701 0.0000000000
19839  19.080  -41.839  31.956 0.0000000000
19840  18.798  -42.034  32.094 0.0000000000
19852  23.645  -41.562  30.659 0.0000000000
19853  22.099  -41.618  30.400 0.0000000000
19854  20.827  -41.205  30.737 0.0000000000
19855  19.957  -41.007  31.109 0.0000000000
19856  19.168  -41.383  31.056 0.0000000000
19857  18.820  -41.936  31.744 0.0000000000
19870  21.664  -41.026  30.084 0.0000000000
19871  18.948  -41.102  29.963 0.0000000000
19882  20.811  -41.358  28.272 0.0000000000
19883  19.916  -41.310  28.896 0.0000000000
19884  19.270  -41.238  29.416 0.0000000000
19894  22.201  -41.916  26.954 0.0000000000
19895  21.676  -41.378  27.342 0.0000000000
19906  22.380  -41.430  26.303 0.0000000000
19907  21.833  -40.894  26.727 0.0000000000
19917  22.878  -41.886  24.697 0.0000000000
19918  22.762  -41.502  24.944 0.0000000000
19929  22.837  -41.888  24.458 0.0000000000
19930  22.665  -41.546  23.903 0.0000000000
20623  20.228  -40.748  30.677 0.0000000000
20624  19.760  -40.605  30.592 0.0000000000
20625  19.379  -40.605  30.241 0.0000000000
20638  20.660  -40.423  30.097 0.0000000000
20639  19.700  -39.999  30.040 0.0000000000
20640  19.320  -40.113  29.611 0.0000000000
20652  20.488  -40.951  28.098 0.0000000000
20653  20.045  -40.781  28.299 0.0000000000
20654  19.180  -40.348  28.856 0.0000000000
20663  20.557  -40.668  27.744 0.0000000000
20664  19.482  -40.139  27.848 0.0000000000
20665  19.055  -39.775  28.169 0.0000000000
20675  21.847  -40.575  26.305 0.0000000000
20676  21.082  -40.306  26.822 0.0000000000
20677  20.065  -40.056  27.261 0.0000000000
20689  22.085  -40.374  25.469 0.0000000000
20690  21.431  -40.026  26.069 0.0000000000
20701  22.367  -40.490  24.284 0.0000000000
21471  20.344  -39.564  29.609 0.0000000000
21472  19.570  -39.463  29.434 0.0000000000
21473  19.248  -39.582  29.059 0.0000000000
21490  20.108  -38.905  29.129 0.0000000000
21491  19.384  -39.018  28.868 0.0000000000
21492  19.078  -39.347  28.406 0.0000000000
21504  19.552  -39.730  27.322 0.0000000000
21505  19.128  -39.331  27.567 0.0000000000
21515  20.895  -39.721  26.250 0.0000000000
21516  19.981  -39.406  26.617 0.0000000000
21517  19.270  -38.799  26.863 0.0000000000
21528  21.907  -39.792  24.720 0.0000000000
21529  21.010  -39.224  25.440 0.0000000000
21530  20.086  -38.827  25.940 0.0000000000
21539  22.037  -39.821  24.071 0.0000000000
21540  21.596  -39.278  24.276 0.0000000000
22392  19.820  -38.500  28.525 0.0000000000
22393  19.242  -38.727  28.245 0.0000000000
22394  18.964  -38.923  27.959 0.0000000000
22412  19.641  -38.284  27.897 0.0000000000
22413  19.330  -38.526  27.458 0.0000000000
22420  19.610  -38.566  26.242 0.0000000000
22421  19.462  -38.201  26.524 0.0000000000
22430  20.585  -38.552  24.934 0.0000000000
22431  19.882  -38.247  25.380 0.0000000000
22432  19.452  -38.108  25.965 0.0000000000
22442  21.012  -38.673  24.416 0.0000000000
23321  19.629  -38.126  27.422 0.0000000000
23337  19.720  -37.713  26.702 0.0000000000
102656  24.708  -49.502  37.195 0.0000000000
102657  23.281  -48.386  37.070 0.0000000000
102659  23.712  -48.897  36.352 0.0000000000
