#!ascii label  , from subject FREESURFER vox2ras=TkReg 
226
3648  23.337  -67.864  6.278 0.0000000000
3649  23.243  -67.804  6.522 0.0000000000
3655  23.244  -68.038  5.901 0.0000000000
3656  22.943  -68.208  6.192 0.0000000000
3657  22.376  -68.185  6.151 0.0000000000
3666  23.115  -68.004  5.679 0.0000000000
3667  22.969  -68.204  5.747 0.0000000000
3668  22.435  -68.090  5.791 0.0000000000
4049  22.336  -66.926  9.896 0.0000000000
4063  23.384  -66.435  9.788 0.0000000000
4064  22.860  -66.558  9.360 0.0000000000
4065  21.870  -66.653  9.218 0.0000000000
4066  20.820  -66.778  9.335 0.0000000000
4079  23.485  -66.326  8.591 0.0000000000
4080  22.838  -66.520  8.059 0.0000000000
4081  22.123  -66.353  8.400 0.0000000000
4085  23.644  -67.120  7.102 0.0000000000
4086  22.908  -67.568  6.903 0.0000000000
4087  22.296  -67.330  6.793 0.0000000000
4094  23.486  -67.502  6.131 0.0000000000
4095  22.473  -67.921  6.365 0.0000000000
4096  21.681  -67.515  6.191 0.0000000000
4107  23.217  -67.629  5.745 0.0000000000
4108  22.754  -67.673  5.523 0.0000000000
4109  21.687  -67.208  5.300 0.0000000000
4120  21.169  -66.816  4.783 0.0000000000
4528  24.280  -65.217  12.162 0.0000000000
4539  24.335  -65.299  11.583 0.0000000000
4555  24.395  -65.385  11.065 0.0000000000
4556  23.855  -66.171  10.513 0.0000000000
4569  24.349  -65.304  10.349 0.0000000000
4570  24.063  -65.582  9.359 0.0000000000
4571  21.156  -66.337  8.899 0.0000000000
4586  23.833  -65.893  7.969 0.0000000000
4587  22.186  -66.324  7.898 0.0000000000
4588  21.313  -65.864  8.297 0.0000000000
4595  23.817  -66.105  7.041 0.0000000000
4596  22.454  -66.871  7.407 0.0000000000
4597  21.722  -66.319  7.181 0.0000000000
4602  23.517  -66.497  6.302 0.0000000000
4603  23.193  -65.979  5.985 0.0000000000
4604  21.169  -66.388  6.458 0.0000000000
4614  23.400  -67.155  5.872 0.0000000000
4615  22.969  -66.676  5.636 0.0000000000
4616  22.270  -66.840  5.262 0.0000000000
4628  21.559  -66.465  4.951 0.0000000000
5037  24.622  -64.203  14.240 0.0000000000
5050  24.515  -64.641  13.460 0.0000000000
5063  24.801  -64.510  12.680 0.0000000000
5073  24.764  -64.627  11.761 0.0000000000
5088  24.656  -64.579  10.935 0.0000000000
5101  24.410  -64.474  10.099 0.0000000000
5102  24.095  -64.427  9.326 0.0000000000
5116  23.773  -64.711  8.523 0.0000000000
5130  23.430  -64.957  7.354 0.0000000000
5131  23.015  -64.448  6.807 0.0000000000
5138  23.590  -65.751  6.749 0.0000000000
5139  23.172  -65.320  6.464 0.0000000000
5150  22.695  -65.358  5.854 0.0000000000
5151  22.020  -65.677  5.302 0.0000000000
5623  25.850  -63.138  13.580 0.0000000000
5624  25.289  -63.186  14.507 0.0000000000
5631  26.057  -63.351  12.995 0.0000000000
5632  25.353  -63.819  13.431 0.0000000000
5643  25.803  -63.284  12.399 0.0000000000
5644  25.453  -63.867  12.489 0.0000000000
5654  25.679  -63.167  12.023 0.0000000000
5655  25.219  -63.650  11.632 0.0000000000
5671  24.689  -63.862  10.787 0.0000000000
5686  24.473  -63.602  10.321 0.0000000000
5687  24.199  -63.643  9.737 0.0000000000
5701  23.771  -63.568  9.028 0.0000000000
5715  23.386  -63.563  8.095 0.0000000000
5716  22.925  -63.442  7.110 0.0000000000
5725  22.584  -64.070  6.277 0.0000000000
5736  22.077  -64.310  5.540 0.0000000000
6180  24.652  -62.272  16.348 0.0000000000
6197  24.953  -62.358  15.311 0.0000000000
6213  25.758  -62.746  13.770 0.0000000000
6214  25.345  -62.287  14.203 0.0000000000
6222  26.102  -62.720  13.193 0.0000000000
6223  25.748  -62.339  13.509 0.0000000000
6230  26.089  -62.940  12.697 0.0000000000
6239  25.839  -62.869  12.264 0.0000000000
6240  25.471  -62.842  11.727 0.0000000000
6253  24.796  -62.922  10.826 0.0000000000
6254  24.339  -62.535  10.171 0.0000000000
6270  24.346  -63.071  10.131 0.0000000000
6271  24.001  -62.693  9.627 0.0000000000
6284  23.568  -62.316  8.732 0.0000000000
6298  23.235  -62.367  7.702 0.0000000000
6299  22.990  -62.190  6.943 0.0000000000
6315  22.592  -62.564  6.265 0.0000000000
6325  22.107  -63.066  5.585 0.0000000000
6750  24.612  -61.947  16.399 0.0000000000
6751  24.215  -61.683  16.756 0.0000000000
6759  24.584  -61.832  15.931 0.0000000000
6760  23.944  -61.217  15.828 0.0000000000
6775  24.378  -61.380  14.624 0.0000000000
6776  23.750  -60.852  15.164 0.0000000000
6792  25.837  -62.112  13.036 0.0000000000
6793  25.195  -61.584  13.377 0.0000000000
6802  25.793  -62.423  12.500 0.0000000000
6803  25.383  -61.577  12.422 0.0000000000
6811  25.653  -62.523  12.025 0.0000000000
6812  25.208  -61.957  11.496 0.0000000000
6820  24.452  -61.891  10.385 0.0000000000
6821  24.158  -62.169  9.944 0.0000000000
6834  24.296  -61.273  10.062 0.0000000000
6835  24.027  -61.631  9.572 0.0000000000
6843  23.845  -61.287  8.829 0.0000000000
6855  23.587  -61.287  8.025 0.0000000000
6856  23.304  -61.566  7.234 0.0000000000
6875  23.479  -60.876  7.249 0.0000000000
6876  22.986  -61.141  6.385 0.0000000000
7358  23.642  -61.021  17.680 0.0000000000
7359  23.039  -60.195  17.573 0.0000000000
7365  23.503  -60.773  16.718 0.0000000000
7366  22.977  -59.879  16.706 0.0000000000
7373  23.311  -60.223  15.721 0.0000000000
7374  22.941  -59.586  16.155 0.0000000000
7382  24.021  -60.622  14.070 0.0000000000
7383  23.613  -60.266  14.547 0.0000000000
7399  24.328  -60.436  13.389 0.0000000000
7400  23.892  -60.222  13.852 0.0000000000
7416  24.820  -60.646  12.464 0.0000000000
7425  24.842  -60.781  11.573 0.0000000000
7434  24.512  -60.900  10.575 0.0000000000
7444  24.298  -60.801  9.725 0.0000000000
7445  24.142  -60.890  9.179 0.0000000000
7456  24.361  -60.397  9.243 0.0000000000
7457  24.101  -60.509  8.626 0.0000000000
7468  23.786  -60.281  7.809 0.0000000000
7485  23.418  -60.100  6.965 0.0000000000
7486  22.993  -59.851  6.146 0.0000000000
7974  22.649  -59.252  17.473 0.0000000000
7981  22.664  -59.072  16.595 0.0000000000
7989  23.235  -59.720  15.104 0.0000000000
7990  22.880  -59.136  15.593 0.0000000000
7996  23.198  -59.215  14.572 0.0000000000
7997  22.860  -58.729  14.958 0.0000000000
8008  24.123  -59.722  12.986 0.0000000000
8009  23.677  -59.484  13.518 0.0000000000
8028  24.366  -59.695  12.418 0.0000000000
8029  23.976  -59.317  12.688 0.0000000000
8043  24.565  -59.809  11.638 0.0000000000
8051  24.564  -59.865  10.778 0.0000000000
8061  24.503  -59.985  9.795 0.0000000000
8072  24.447  -59.934  9.029 0.0000000000
8073  24.210  -59.628  8.448 0.0000000000
8084  23.779  -59.329  7.650 0.0000000000
8100  23.358  -59.122  6.673 0.0000000000
8101  23.084  -59.245  6.047 0.0000000000
8120  23.166  -58.787  5.977 0.0000000000
8608  22.407  -58.241  16.301 0.0000000000
8617  22.557  -58.238  15.340 0.0000000000
8629  23.233  -58.890  13.948 0.0000000000
8630  22.790  -58.309  14.309 0.0000000000
8640  23.214  -58.557  13.396 0.0000000000
8641  22.784  -57.864  13.333 0.0000000000
8652  24.108  -59.018  12.181 0.0000000000
8653  23.631  -58.613  12.527 0.0000000000
8654  23.165  -58.134  12.800 0.0000000000
8675  24.358  -59.058  11.683 0.0000000000
8676  24.041  -58.504  11.686 0.0000000000
8695  24.534  -58.927  10.972 0.0000000000
8696  24.306  -58.595  11.272 0.0000000000
8710  24.542  -59.023  10.118 0.0000000000
8711  24.411  -58.545  9.506 0.0000000000
8725  24.469  -59.249  9.227 0.0000000000
8726  24.151  -58.568  8.587 0.0000000000
8732  23.652  -58.318  7.511 0.0000000000
8742  23.385  -58.175  6.479 0.0000000000
9320  22.109  -57.464  15.883 0.0000000000
9329  22.290  -57.504  14.934 0.0000000000
9330  21.868  -56.774  15.344 0.0000000000
9341  22.376  -57.279  14.011 0.0000000000
9342  22.053  -56.876  14.617 0.0000000000
9351  22.491  -57.147  13.111 0.0000000000
9363  23.329  -58.024  12.378 0.0000000000
9364  22.905  -57.548  12.452 0.0000000000
9379  23.524  -57.835  11.777 0.0000000000
9380  22.947  -57.141  11.684 0.0000000000
9398  24.448  -58.536  10.491 0.0000000000
9399  24.185  -57.999  10.789 0.0000000000
9415  24.418  -58.326  10.090 0.0000000000
9416  24.182  -57.730  9.541 0.0000000000
9430  23.769  -57.382  8.411 0.0000000000
9440  23.521  -57.356  7.250 0.0000000000
9446  23.393  -57.257  6.180 0.0000000000
9972  21.650  -55.921  15.706 0.0000000000
9978  22.072  -56.682  14.183 0.0000000000
9979  21.732  -56.048  14.513 0.0000000000
9989  22.132  -56.468  13.508 0.0000000000
9990  21.741  -55.647  13.421 0.0000000000
10000  22.396  -56.454  12.260 0.0000000000
10001  22.082  -55.978  12.918 0.0000000000
10014  23.411  -57.153  10.970 0.0000000000
10015  22.794  -56.505  11.152 0.0000000000
10029  23.720  -57.062  10.133 0.0000000000
10030  23.236  -56.450  10.346 0.0000000000
10047  23.704  -56.713  9.319 0.0000000000
10048  23.485  -56.492  9.829 0.0000000000
10063  23.625  -56.545  8.677 0.0000000000
10076  23.519  -56.557  7.946 0.0000000000
10084  23.421  -56.459  6.943 0.0000000000
10596  21.412  -54.926  13.987 0.0000000000
10604  21.388  -54.965  13.092 0.0000000000
10613  22.199  -55.792  11.850 0.0000000000
10614  21.819  -55.453  12.351 0.0000000000
10625  22.405  -55.908  11.342 0.0000000000
10626  22.074  -55.406  11.397 0.0000000000
10638  22.720  -55.744  10.529 0.0000000000
10639  22.340  -55.500  10.933 0.0000000000
10653  23.568  -56.226  9.046 0.0000000000
10654  23.298  -55.820  9.525 0.0000000000
10667  23.497  -55.981  8.602 0.0000000000
10668  23.289  -55.264  8.618 0.0000000000
10682  23.370  -55.690  7.725 0.0000000000
10692  23.261  -55.619  6.678 0.0000000000
11228  21.319  -54.488  12.352 0.0000000000
11238  21.624  -54.762  11.445 0.0000000000
11249  22.747  -55.172  9.939 0.0000000000
11250  22.206  -54.925  10.517 0.0000000000
11261  22.871  -54.790  9.290 0.0000000000
11262  22.485  -54.719  9.802 0.0000000000
