#!ascii label  , from subject FREESURFER vox2ras=TkReg 
229
28533  43.413  -33.344  -20.498 0.0000000000
28534  43.311  -33.126  -20.513 0.0000000000
28546  43.523  -33.254  -20.737 0.0000000000
28547  43.178  -33.523  -20.906 0.0000000000
28555  45.319  -32.270  -21.937 0.0000000000
28556  45.090  -32.532  -21.889 0.0000000000
28557  44.190  -33.138  -21.519 0.0000000000
28558  43.112  -33.309  -21.938 0.0000000000
28561  45.527  -32.062  -22.152 0.0000000000
28562  45.238  -32.602  -22.662 0.0000000000
28563  43.983  -32.930  -22.696 0.0000000000
28564  43.179  -32.548  -22.525 0.0000000000
28565  46.188  -31.823  -22.729 0.0000000000
28566  46.179  -31.417  -23.953 0.0000000000
29341  43.054  -32.611  -19.608 0.0000000000
29351  43.290  -32.878  -20.346 0.0000000000
29352  42.641  -33.056  -20.394 0.0000000000
29363  44.278  -32.401  -21.057 0.0000000000
29364  43.923  -32.700  -20.845 0.0000000000
29365  42.560  -32.849  -21.260 0.0000000000
29375  45.246  -31.836  -21.752 0.0000000000
29376  44.604  -32.325  -21.387 0.0000000000
29377  44.259  -32.738  -21.172 0.0000000000
29378  42.613  -32.451  -22.071 0.0000000000
29383  44.741  -32.112  -23.327 0.0000000000
29384  43.707  -31.750  -23.121 0.0000000000
29385  42.912  -31.751  -22.655 0.0000000000
29386  44.613  -30.866  -23.721 0.0000000000
29387  43.783  -30.677  -23.526 0.0000000000
30135  43.673  -30.719  -16.550 0.0000000000
30143  43.606  -31.101  -17.702 0.0000000000
30154  44.109  -30.681  -19.017 0.0000000000
30155  43.551  -31.470  -18.767 0.0000000000
30156  42.155  -31.683  -19.892 0.0000000000
30168  44.154  -30.993  -19.921 0.0000000000
30169  43.560  -31.735  -19.670 0.0000000000
30170  42.363  -31.962  -20.758 0.0000000000
30182  44.348  -31.593  -20.828 0.0000000000
30183  43.734  -31.948  -20.366 0.0000000000
30184  42.427  -31.996  -21.503 0.0000000000
30193  44.828  -31.499  -21.385 0.0000000000
30194  42.951  -30.751  -22.494 0.0000000000
30195  42.678  -31.398  -22.105 0.0000000000
30200  43.183  -30.712  -23.098 0.0000000000
30201  42.857  -31.193  -22.624 0.0000000000
30202  44.028  -30.029  -23.960 0.0000000000
30203  43.654  -29.994  -23.636 0.0000000000
30204  47.800  -30.844  -23.588 0.0000000000
30911  43.928  -29.505  -16.089 0.0000000000
30919  44.640  -28.908  -17.666 0.0000000000
30920  44.195  -29.672  -17.263 0.0000000000
30932  44.566  -29.587  -18.373 0.0000000000
30933  44.034  -30.482  -18.189 0.0000000000
30946  45.131  -29.451  -19.875 0.0000000000
30947  44.642  -30.003  -19.390 0.0000000000
30948  42.506  -30.473  -20.257 0.0000000000
30959  45.205  -29.946  -20.790 0.0000000000
30960  44.701  -30.384  -20.330 0.0000000000
30961  43.155  -29.570  -21.540 0.0000000000
30962  42.633  -30.787  -21.246 0.0000000000
30971  44.928  -30.732  -21.203 0.0000000000
30972  43.319  -29.770  -22.529 0.0000000000
30973  42.968  -30.493  -21.966 0.0000000000
30979  49.219  -29.456  -23.302 0.0000000000
30980  43.544  -29.612  -23.337 0.0000000000
30984  48.957  -29.596  -24.051 0.0000000000
30985  48.671  -30.035  -23.460 0.0000000000
30986  43.960  -28.944  -24.020 0.0000000000
30987  48.581  -29.567  -24.461 0.0000000000
30988  48.130  -30.327  -24.216 0.0000000000
31687  43.980  -28.471  -15.595 0.0000000000
31695  44.511  -27.945  -16.937 0.0000000000
31696  44.311  -28.324  -16.598 0.0000000000
31704  44.678  -28.161  -17.313 0.0000000000
31705  44.484  -28.766  -17.197 0.0000000000
31719  45.495  -27.943  -18.649 0.0000000000
31720  45.110  -28.384  -18.256 0.0000000000
31734  45.575  -28.369  -19.315 0.0000000000
31735  45.022  -29.132  -19.016 0.0000000000
31747  46.294  -28.791  -21.097 0.0000000000
31748  45.629  -29.112  -20.549 0.0000000000
31749  43.262  -28.393  -21.057 0.0000000000
31750  42.830  -29.395  -20.680 0.0000000000
31760  45.937  -30.447  -21.848 0.0000000000
31761  43.605  -28.483  -22.044 0.0000000000
31766  50.172  -28.253  -22.993 0.0000000000
31767  49.370  -28.729  -22.566 0.0000000000
31768  44.002  -27.831  -23.304 0.0000000000
31769  43.755  -28.592  -23.127 0.0000000000
31773  50.159  -28.261  -23.572 0.0000000000
31774  49.715  -28.780  -23.791 0.0000000000
31775  43.957  -28.307  -23.606 0.0000000000
31776  48.995  -28.936  -24.660 0.0000000000
31777  48.146  -29.243  -24.776 0.0000000000
31778  47.303  -29.837  -24.607 0.0000000000
32396  44.067  -27.543  -15.891 0.0000000000
32405  44.459  -27.330  -16.929 0.0000000000
32406  44.240  -27.469  -16.389 0.0000000000
32414  44.952  -27.422  -17.704 0.0000000000
32430  45.794  -27.578  -18.796 0.0000000000
32431  45.423  -27.454  -18.315 0.0000000000
32448  46.812  -27.251  -19.696 0.0000000000
32449  46.374  -27.408  -19.367 0.0000000000
32462  47.682  -27.367  -20.827 0.0000000000
32463  47.065  -27.573  -20.398 0.0000000000
32464  46.149  -28.196  -20.138 0.0000000000
32477  49.864  -27.351  -21.619 0.0000000000
32478  49.415  -27.407  -21.625 0.0000000000
32479  48.191  -27.716  -21.592 0.0000000000
32480  47.019  -28.626  -21.642 0.0000000000
32489  50.387  -27.680  -22.737 0.0000000000
32490  50.020  -27.636  -22.077 0.0000000000
32491  49.199  -27.962  -21.988 0.0000000000
32492  48.881  -28.322  -22.089 0.0000000000
32493  44.162  -27.189  -23.199 0.0000000000
32494  43.834  -27.224  -22.659 0.0000000000
32499  50.392  -27.712  -23.433 0.0000000000
32500  50.140  -28.130  -24.033 0.0000000000
32501  47.805  -27.391  -25.150 0.0000000000
32502  47.549  -27.562  -25.061 0.0000000000
32503  44.183  -27.923  -23.659 0.0000000000
32504  50.177  -27.511  -24.290 0.0000000000
32505  49.561  -27.908  -24.717 0.0000000000
32506  48.277  -27.804  -25.095 0.0000000000
32507  47.275  -28.469  -24.804 0.0000000000
32508  46.070  -29.140  -24.300 0.0000000000
33130  44.350  -26.155  -16.751 0.0000000000
33141  44.716  -26.456  -17.464 0.0000000000
33156  46.532  -26.103  -18.903 0.0000000000
33157  45.907  -26.657  -18.562 0.0000000000
33158  45.196  -26.725  -18.037 0.0000000000
33174  47.665  -26.278  -19.789 0.0000000000
33175  46.963  -26.738  -19.483 0.0000000000
33176  46.468  -26.743  -19.027 0.0000000000
33187  48.665  -26.441  -20.673 0.0000000000
33188  47.879  -26.881  -20.548 0.0000000000
33189  47.408  -26.891  -19.986 0.0000000000
33202  50.750  -26.482  -21.547 0.0000000000
33203  49.998  -26.958  -21.311 0.0000000000
33204  49.003  -26.918  -21.214 0.0000000000
33205  48.420  -26.978  -20.975 0.0000000000
33213  50.716  -26.960  -22.504 0.0000000000
33214  50.428  -27.030  -21.812 0.0000000000
33215  46.521  -26.619  -23.668 0.0000000000
33216  45.339  -26.973  -23.506 0.0000000000
33217  44.469  -26.593  -23.020 0.0000000000
33223  50.475  -26.770  -23.847 0.0000000000
33224  47.589  -26.834  -25.161 0.0000000000
33225  46.794  -27.353  -24.844 0.0000000000
33226  45.964  -27.578  -24.438 0.0000000000
33227  49.956  -26.679  -25.166 0.0000000000
33228  49.041  -26.981  -25.348 0.0000000000
33229  48.309  -26.605  -25.413 0.0000000000
33230  46.628  -28.232  -24.677 0.0000000000
33231  46.357  -28.051  -24.628 0.0000000000
33232  49.675  -26.053  -25.786 0.0000000000
33233  49.207  -26.310  -25.742 0.0000000000
33234  48.725  -26.430  -25.673 0.0000000000
33903  44.588  -25.473  -17.108 0.0000000000
33918  46.492  -25.420  -18.925 0.0000000000
33919  45.979  -25.524  -18.612 0.0000000000
33920  45.151  -25.615  -18.014 0.0000000000
33940  48.516  -25.260  -20.064 0.0000000000
33941  48.137  -25.423  -19.833 0.0000000000
33942  47.119  -25.445  -19.311 0.0000000000
33954  49.754  -25.326  -20.808 0.0000000000
33955  49.009  -25.455  -20.480 0.0000000000
33956  48.287  -26.113  -20.180 0.0000000000
33970  51.110  -25.911  -21.306 0.0000000000
33971  50.320  -25.739  -21.036 0.0000000000
33972  49.402  -26.286  -20.945 0.0000000000
33987  51.296  -25.993  -21.867 0.0000000000
33996  50.990  -25.864  -22.970 0.0000000000
33997  47.713  -25.995  -24.670 0.0000000000
33998  47.503  -26.139  -23.861 0.0000000000
33999  50.518  -25.564  -24.603 0.0000000000
34000  47.851  -25.880  -25.275 0.0000000000
34001  50.026  -25.536  -26.122 0.0000000000
34002  49.246  -25.741  -26.216 0.0000000000
34003  48.453  -25.796  -25.957 0.0000000000
34005  49.337  -25.258  -26.792 0.0000000000
34006  48.724  -25.289  -26.580 0.0000000000
34695  46.372  -24.573  -18.893 0.0000000000
34696  45.545  -24.756  -18.345 0.0000000000
34697  45.152  -24.790  -17.966 0.0000000000
34716  48.469  -24.893  -19.954 0.0000000000
34717  47.743  -24.405  -19.667 0.0000000000
34718  47.017  -24.554  -19.329 0.0000000000
34728  51.113  -24.521  -20.955 0.0000000000
34729  49.960  -24.748  -20.797 0.0000000000
34730  48.929  -24.417  -20.232 0.0000000000
34731  48.345  -24.307  -19.998 0.0000000000
34743  51.530  -25.208  -21.249 0.0000000000
34744  50.841  -25.110  -20.905 0.0000000000
34761  51.790  -25.202  -22.106 0.0000000000
34772  48.182  -24.958  -25.424 0.0000000000
34774  48.311  -24.818  -26.395 0.0000000000
35486  47.619  -23.319  -19.634 0.0000000000
35487  46.983  -23.775  -19.307 0.0000000000
35503  50.470  -23.797  -20.815 0.0000000000
35504  49.422  -23.596  -20.402 0.0000000000
35505  48.364  -23.456  -20.072 0.0000000000
102936  47.995  -30.063  -22.353 0.0000000000
102937  47.880  -29.510  -22.180 0.0000000000
102938  48.180  -30.136  -22.566 0.0000000000
102939  47.802  -30.370  -22.537 0.0000000000
102940  47.973  -30.694  -22.956 0.0000000000
102941  47.215  -30.296  -22.297 0.0000000000
102942  48.425  -30.282  -22.988 0.0000000000
102943  48.740  -29.576  -22.664 0.0000000000
102944  47.342  -31.155  -22.985 0.0000000000
102945  48.182  -30.566  -23.427 0.0000000000
102946  47.820  -30.863  -23.224 0.0000000000
102947  48.990  -29.105  -22.427 0.0000000000
102948  45.367  -30.307  -24.098 0.0000000000
102949  47.212  -30.771  -24.344 0.0000000000
102950  47.401  -31.057  -23.900 0.0000000000
102951  45.190  -31.099  -21.600 0.0000000000
102952  47.712  -30.969  -23.029 0.0000000000
102953  48.700  -28.855  -22.229 0.0000000000
102954  44.675  -29.575  -24.132 0.0000000000
102955  44.388  -29.070  -24.222 0.0000000000
102956  46.741  -30.439  -24.440 0.0000000000
102957  46.882  -29.623  -21.981 0.0000000000
102958  46.491  -29.329  -21.671 0.0000000000
102959  44.516  -27.331  -23.502 0.0000000000
102960  44.583  -27.944  -24.021 0.0000000000
102961  45.246  -27.993  -24.382 0.0000000000
102962  44.750  -28.758  -24.281 0.0000000000
