#!ascii label  , from subject FREESURFER vox2ras=TkReg 
122
53682  25.918  -4.495  9.529 0.0000000000
53683  25.717  -4.868  9.225 0.0000000000
54707  26.148  -3.854  9.227 0.0000000000
54708  25.790  -4.329  8.729 0.0000000000
54714  26.261  -3.315  8.480 0.0000000000
54715  25.864  -3.808  8.080 0.0000000000
55751  26.978  -2.987  9.588 0.0000000000
55758  27.539  -2.384  8.976 0.0000000000
55759  26.814  -2.666  8.488 0.0000000000
55760  26.282  -2.993  8.036 0.0000000000
55764  26.682  -2.486  7.552 0.0000000000
55765  26.094  -2.952  7.365 0.0000000000
55769  26.519  -2.370  6.890 0.0000000000
56823  28.247  -2.062  8.878 0.0000000000
56830  29.690  -1.627  8.748 0.0000000000
56831  29.039  -1.707  8.164 0.0000000000
56832  27.957  -2.055  8.038 0.0000000000
56833  27.321  -2.158  7.578 0.0000000000
56835  28.597  -1.529  7.383 0.0000000000
56836  27.967  -1.712  7.003 0.0000000000
56837  27.189  -1.913  6.768 0.0000000000
56839  26.638  -1.790  6.233 0.0000000000
56842  26.344  -1.371  5.644 0.0000000000
57834  32.509  0.055  8.298 0.0000000000
57835  32.111  -0.196  8.276 0.0000000000
57836  31.338  -0.610  8.186 0.0000000000
57837  30.248  -1.148  7.957 0.0000000000
57838  29.227  -0.905  7.350 0.0000000000
57840  28.425  -0.764  6.910 0.0000000000
57841  27.541  -0.710  6.494 0.0000000000
57842  27.043  -1.256  6.372 0.0000000000
57844  27.210  -0.117  6.184 0.0000000000
57845  26.813  -0.639  5.940 0.0000000000
58822  33.137  0.615  8.491 0.0000000000
58823  32.781  0.386  8.342 0.0000000000
58824  32.282  0.404  8.133 0.0000000000
58825  31.617  0.291  7.951 0.0000000000
58826  30.727  0.155  7.778 0.0000000000
58827  29.725  0.120  7.550 0.0000000000
58829  28.783  0.196  7.253 0.0000000000
58830  28.015  0.308  6.846 0.0000000000
58832  27.450  0.446  6.357 0.0000000000
58833  27.059  0.377  5.895 0.0000000000
58835  26.684  0.267  5.361 0.0000000000
58840  26.340  0.316  4.565 0.0000000000
59754  33.198  1.265  8.609 0.0000000000
59755  32.276  1.537  8.727 0.0000000000
59756  31.412  1.717  8.754 0.0000000000
59757  30.634  1.931  8.674 0.0000000000
59758  30.176  2.153  8.633 0.0000000000
59769  32.961  0.807  8.320 0.0000000000
59770  32.610  0.937  8.231 0.0000000000
59771  31.913  1.053  8.143 0.0000000000
59772  31.075  1.130  8.101 0.0000000000
59773  30.029  1.436  8.165 0.0000000000
59774  29.050  1.239  7.735 0.0000000000
59779  28.292  1.260  7.274 0.0000000000
59780  27.691  1.331  6.725 0.0000000000
59782  27.188  1.380  5.935 0.0000000000
59783  26.904  0.847  5.591 0.0000000000
59785  26.978  1.840  5.485 0.0000000000
59786  26.705  1.285  5.121 0.0000000000
59791  26.498  1.204  4.147 0.0000000000
60791  33.121  2.822  9.892 0.0000000000
60792  32.298  2.823  9.950 0.0000000000
60815  33.692  2.137  9.247 0.0000000000
60816  32.724  2.125  9.327 0.0000000000
60817  31.731  2.381  9.493 0.0000000000
60818  30.931  2.479  9.287 0.0000000000
60819  30.309  2.660  9.021 0.0000000000
60834  29.802  2.538  8.622 0.0000000000
60835  29.199  2.293  8.188 0.0000000000
60843  28.513  2.197  7.696 0.0000000000
60844  27.909  2.180  7.180 0.0000000000
60846  27.517  2.279  6.510 0.0000000000
60848  27.212  2.482  5.691 0.0000000000
60849  26.905  2.128  5.131 0.0000000000
60854  27.239  2.847  4.750 0.0000000000
60855  26.857  1.995  4.443 0.0000000000
60861  27.332  2.566  3.680 0.0000000000
60862  26.850  1.774  3.725 0.0000000000
61825  32.529  3.624  10.297 0.0000000000
61826  31.525  3.519  10.014 0.0000000000
61827  30.984  4.010  9.893 0.0000000000
61851  31.167  2.952  9.669 0.0000000000
61852  30.652  3.489  9.558 0.0000000000
61853  29.948  3.450  8.962 0.0000000000
61874  29.372  3.281  8.448 0.0000000000
61875  28.777  3.148  7.946 0.0000000000
61884  28.236  3.018  7.400 0.0000000000
61885  27.811  2.877  6.923 0.0000000000
61890  28.138  3.478  6.914 0.0000000000
61891  27.686  3.269  6.310 0.0000000000
61893  27.546  3.406  5.445 0.0000000000
61898  27.692  3.620  4.755 0.0000000000
62812  31.961  4.536  10.347 0.0000000000
62813  31.257  4.517  9.971 0.0000000000
62830  30.738  4.503  9.650 0.0000000000
62831  30.217  4.386  9.200 0.0000000000
62850  29.659  4.316  8.578 0.0000000000
62851  29.125  3.909  8.084 0.0000000000
62856  29.321  4.655  7.913 0.0000000000
62857  28.720  4.073  7.364 0.0000000000
62862  28.363  4.144  6.473 0.0000000000
62863  27.963  3.912  5.839 0.0000000000
62865  28.495  4.556  5.675 0.0000000000
62866  28.049  4.086  5.165 0.0000000000
63806  31.474  5.480  9.956 0.0000000000
63807  30.996  5.014  9.732 0.0000000000
63823  31.211  6.006  9.564 0.0000000000
63824  30.632  5.523  9.227 0.0000000000
63825  30.073  4.939  8.851 0.0000000000
63845  30.428  5.980  8.580 0.0000000000
63846  29.973  5.469  8.263 0.0000000000
63852  29.464  5.362  7.081 0.0000000000
63853  28.799  4.689  6.825 0.0000000000
63856  28.924  5.049  6.268 0.0000000000
64796  31.128  6.572  9.312 0.0000000000
64815  30.712  6.645  8.663 0.0000000000
64816  30.384  6.304  8.189 0.0000000000
64823  30.547  6.945  8.007 0.0000000000
64824  30.284  6.490  7.430 0.0000000000
