#!ascii label  , from subject FREESURFER vox2ras=TkReg 
398
10683  23.200  -54.991  7.951 0.0000000000
11273  22.951  -54.622  8.486 0.0000000000
11287  23.190  -55.096  7.301 0.0000000000
11288  22.906  -54.441  7.572 0.0000000000
11299  23.064  -54.812  6.581 0.0000000000
11300  22.826  -54.003  6.658 0.0000000000
11310  23.061  -54.356  5.669 0.0000000000
11311  22.907  -53.624  5.986 0.0000000000
11317  23.249  -54.082  4.863 0.0000000000
11869  21.161  -53.957  11.504 0.0000000000
11870  20.745  -53.211  11.523 0.0000000000
11880  21.493  -54.176  10.598 0.0000000000
11881  20.942  -53.508  10.661 0.0000000000
11892  22.661  -54.337  8.945 0.0000000000
11893  22.037  -54.040  9.470 0.0000000000
11894  21.304  -53.698  10.065 0.0000000000
11906  22.562  -54.047  8.438 0.0000000000
11907  22.077  -53.436  8.481 0.0000000000
11920  22.490  -53.562  7.561 0.0000000000
11921  22.041  -52.976  7.868 0.0000000000
11933  22.634  -53.202  6.611 0.0000000000
11942  23.072  -53.657  5.358 0.0000000000
11943  22.892  -52.908  5.659 0.0000000000
11953  23.307  -53.293  4.712 0.0000000000
11954  23.082  -52.491  4.939 0.0000000000
11969  23.791  -53.251  4.029 0.0000000000
12514  20.659  -52.408  11.465 0.0000000000
12524  20.625  -52.817  10.718 0.0000000000
12536  21.645  -53.312  8.996 0.0000000000
12537  20.976  -52.974  9.593 0.0000000000
12549  21.529  -52.755  8.486 0.0000000000
12550  21.015  -52.235  8.794 0.0000000000
12563  22.258  -52.863  7.227 0.0000000000
12564  21.724  -52.300  7.528 0.0000000000
12575  27.786  -52.138  5.849 0.0000000000
12576  22.270  -52.297  6.512 0.0000000000
12577  21.703  -51.673  6.928 0.0000000000
12585  27.578  -52.346  5.070 0.0000000000
12586  22.668  -51.861  5.460 0.0000000000
12597  26.948  -52.337  4.228 0.0000000000
12598  26.545  -51.871  4.202 0.0000000000
12599  23.602  -52.469  4.322 0.0000000000
12600  23.176  -51.899  4.753 0.0000000000
12613  26.580  -52.728  3.702 0.0000000000
12614  26.221  -52.117  3.832 0.0000000000
12615  25.472  -52.417  3.539 0.0000000000
12616  24.710  -52.635  3.550 0.0000000000
12617  24.126  -52.793  3.815 0.0000000000
13124  20.796  -51.546  11.437 0.0000000000
13142  20.550  -51.879  10.351 0.0000000000
13162  20.675  -51.906  9.289 0.0000000000
13180  21.229  -52.042  8.166 0.0000000000
13181  20.848  -51.474  8.500 0.0000000000
13198  27.469  -51.067  6.521 0.0000000000
13199  21.196  -51.373  7.617 0.0000000000
13200  20.870  -51.085  8.059 0.0000000000
13210  27.724  -51.731  6.384 0.0000000000
13211  27.412  -51.467  5.741 0.0000000000
13212  22.027  -51.249  6.226 0.0000000000
13213  21.505  -51.073  6.888 0.0000000000
13224  27.150  -51.647  4.913 0.0000000000
13225  26.765  -51.218  4.800 0.0000000000
13226  22.547  -50.922  5.492 0.0000000000
13237  26.749  -51.680  4.484 0.0000000000
13238  26.260  -51.326  4.292 0.0000000000
13239  25.776  -51.012  4.205 0.0000000000
13240  24.348  -51.485  4.036 0.0000000000
13241  23.716  -51.484  4.367 0.0000000000
13242  23.024  -51.208  4.918 0.0000000000
13253  26.044  -51.632  3.967 0.0000000000
13254  25.608  -51.503  3.922 0.0000000000
13255  24.834  -51.776  3.758 0.0000000000
13256  24.207  -52.092  3.919 0.0000000000
13725  21.601  -50.074  11.482 0.0000000000
13726  21.127  -50.876  11.572 0.0000000000
13740  21.329  -49.968  10.777 0.0000000000
13741  20.905  -50.602  10.621 0.0000000000
13755  20.650  -50.918  9.329 0.0000000000
13770  20.794  -50.738  8.375 0.0000000000
13777  28.211  -50.178  7.822 0.0000000000
13778  27.443  -50.281  6.991 0.0000000000
13779  21.234  -50.455  7.287 0.0000000000
13780  20.932  -50.769  7.831 0.0000000000
13784  26.945  -50.379  6.005 0.0000000000
13785  26.447  -49.991  5.605 0.0000000000
13786  22.154  -50.279  5.961 0.0000000000
13787  21.687  -50.569  6.590 0.0000000000
13794  26.987  -51.029  5.311 0.0000000000
13795  26.464  -50.501  5.062 0.0000000000
13796  23.017  -50.168  5.169 0.0000000000
13797  22.658  -50.341  5.439 0.0000000000
13808  25.914  -50.581  4.507 0.0000000000
13809  25.268  -50.710  4.261 0.0000000000
13810  24.375  -50.817  4.268 0.0000000000
13811  23.481  -50.548  4.767 0.0000000000
13812  22.925  -50.621  5.122 0.0000000000
13827  24.937  -51.192  3.967 0.0000000000
13828  24.626  -51.313  4.001 0.0000000000
14342  22.402  -49.324  11.318 0.0000000000
14352  21.759  -49.405  10.673 0.0000000000
14353  21.214  -49.813  10.298 0.0000000000
14361  21.445  -49.205  9.809 0.0000000000
14362  20.931  -49.935  9.592 0.0000000000
14371  28.886  -49.151  8.274 0.0000000000
14372  21.200  -49.202  8.872 0.0000000000
14373  20.832  -50.044  8.625 0.0000000000
14382  28.335  -49.023  7.725 0.0000000000
14383  27.689  -49.230  7.280 0.0000000000
14384  21.253  -49.435  7.726 0.0000000000
14385  20.906  -50.258  7.938 0.0000000000
14399  26.912  -49.203  6.597 0.0000000000
14400  26.377  -49.468  5.933 0.0000000000
14401  22.237  -49.372  6.135 0.0000000000
14402  21.667  -49.819  6.714 0.0000000000
14417  25.920  -49.641  5.320 0.0000000000
14418  25.056  -49.383  5.069 0.0000000000
14419  24.224  -49.416  5.029 0.0000000000
14420  23.415  -49.664  5.160 0.0000000000
14421  22.688  -49.777  5.532 0.0000000000
14440  25.986  -50.153  4.866 0.0000000000
14441  25.494  -50.052  4.732 0.0000000000
14442  24.734  -50.029  4.605 0.0000000000
14443  24.023  -50.053  4.692 0.0000000000
15017  23.089  -48.456  11.380 0.0000000000
15018  22.472  -48.846  10.779 0.0000000000
15032  22.813  -48.125  10.531 0.0000000000
15033  22.100  -48.654  10.151 0.0000000000
15046  22.477  -48.034  9.808 0.0000000000
15047  21.889  -48.372  9.210 0.0000000000
15057  29.335  -47.891  8.784 0.0000000000
15058  28.698  -48.126  8.018 0.0000000000
15059  21.602  -48.555  8.287 0.0000000000
15068  28.045  -48.227  7.442 0.0000000000
15069  27.372  -48.278  6.922 0.0000000000
15070  22.196  -48.240  7.088 0.0000000000
15071  21.743  -48.620  7.547 0.0000000000
15086  26.769  -48.162  6.511 0.0000000000
15087  26.116  -48.467  6.072 0.0000000000
15088  25.555  -48.205  5.918 0.0000000000
15089  23.197  -48.273  5.998 0.0000000000
15090  22.486  -48.581  6.365 0.0000000000
15091  21.854  -48.965  6.881 0.0000000000
15109  25.958  -49.068  5.756 0.0000000000
15110  25.405  -48.698  5.646 0.0000000000
15111  24.519  -48.721  5.438 0.0000000000
15112  23.681  -48.824  5.460 0.0000000000
15113  22.877  -49.013  5.663 0.0000000000
15751  23.301  -47.487  12.291 0.0000000000
15763  23.233  -47.135  11.194 0.0000000000
15777  23.027  -47.322  10.079 0.0000000000
15787  29.573  -46.938  9.554 0.0000000000
15788  22.525  -47.583  9.092 0.0000000000
15789  22.160  -47.989  8.968 0.0000000000
15801  29.181  -46.827  9.093 0.0000000000
15802  28.844  -47.118  8.523 0.0000000000
15803  22.438  -47.461  8.171 0.0000000000
15804  22.088  -47.995  8.593 0.0000000000
15815  28.341  -47.156  7.800 0.0000000000
15816  27.708  -47.355  7.158 0.0000000000
15817  22.526  -47.582  7.387 0.0000000000
15818  22.039  -48.040  7.832 0.0000000000
15829  27.100  -47.383  6.634 0.0000000000
15830  26.350  -47.429  6.341 0.0000000000
15831  25.412  -47.569  6.128 0.0000000000
15832  24.412  -47.399  6.204 0.0000000000
15833  23.541  -47.540  6.349 0.0000000000
15834  22.780  -47.829  6.643 0.0000000000
15848  25.290  -48.127  5.876 0.0000000000
15849  24.826  -48.076  5.821 0.0000000000
15850  24.000  -48.076  5.786 0.0000000000
16478  22.968  -46.293  12.182 0.0000000000
16482  23.087  -46.008  11.429 0.0000000000
16493  23.429  -45.531  10.136 0.0000000000
16494  23.311  -46.115  10.475 0.0000000000
16505  29.862  -46.194  9.800 0.0000000000
16506  29.018  -46.111  9.552 0.0000000000
16507  28.651  -45.849  9.184 0.0000000000
16508  23.514  -45.789  9.667 0.0000000000
16509  23.234  -46.652  9.431 0.0000000000
16517  30.894  -46.364  9.093 0.0000000000
16518  30.150  -45.639  8.886 0.0000000000
16519  28.852  -46.388  9.019 0.0000000000
16520  28.497  -46.274  8.505 0.0000000000
16521  23.578  -45.989  8.753 0.0000000000
16522  22.988  -46.811  8.461 0.0000000000
16533  30.896  -45.957  7.861 0.0000000000
16534  30.226  -45.486  8.059 0.0000000000
16535  28.251  -46.450  7.938 0.0000000000
16536  27.894  -46.481  7.539 0.0000000000
16537  24.257  -46.094  6.989 0.0000000000
16538  23.576  -46.323  7.629 0.0000000000
16539  22.879  -47.024  7.708 0.0000000000
16553  31.820  -46.076  7.211 0.0000000000
16554  27.369  -46.522  6.971 0.0000000000
16555  26.741  -46.551  6.597 0.0000000000
16556  25.921  -46.481  6.424 0.0000000000
16557  24.879  -46.465  6.528 0.0000000000
16558  23.900  -46.747  6.685 0.0000000000
16559  23.141  -47.124  7.020 0.0000000000
17164  22.569  -45.366  12.926 0.0000000000
17168  22.732  -45.262  12.015 0.0000000000
17172  23.037  -45.184  11.201 0.0000000000
17177  23.567  -45.037  9.873 0.0000000000
17178  23.315  -45.082  10.492 0.0000000000
17189  29.487  -45.360  9.228 0.0000000000
17190  28.980  -45.425  9.527 0.0000000000
17191  28.701  -45.605  9.378 0.0000000000
17192  23.805  -45.232  9.231 0.0000000000
17205  29.707  -45.166  8.500 0.0000000000
17206  29.042  -44.709  8.800 0.0000000000
17207  28.211  -45.217  8.904 0.0000000000
17208  27.595  -44.975  8.439 0.0000000000
17209  24.307  -45.011  8.282 0.0000000000
17210  23.943  -45.348  8.658 0.0000000000
17217  30.504  -45.471  7.370 0.0000000000
17218  29.963  -45.177  7.663 0.0000000000
17219  29.539  -44.817  8.032 0.0000000000
17220  28.109  -45.946  8.075 0.0000000000
17221  27.426  -45.510  7.661 0.0000000000
17222  26.866  -45.244  7.388 0.0000000000
17223  25.046  -45.099  7.222 0.0000000000
17224  24.383  -45.485  7.541 0.0000000000
17225  23.913  -45.612  8.145 0.0000000000
17237  32.381  -45.803  6.577 0.0000000000
17238  31.272  -45.415  6.604 0.0000000000
17239  30.251  -45.067  6.894 0.0000000000
17240  29.700  -44.806  7.347 0.0000000000
17241  27.056  -46.011  6.923 0.0000000000
17242  26.582  -45.630  6.906 0.0000000000
17243  25.598  -45.498  6.818 0.0000000000
17244  24.791  -45.676  6.919 0.0000000000
17257  32.254  -45.120  6.053 0.0000000000
17258  31.707  -44.924  6.055 0.0000000000
17916  22.296  -44.367  13.563 0.0000000000
17919  22.382  -44.345  12.628 0.0000000000
17922  22.678  -44.285  11.758 0.0000000000
17926  23.469  -44.228  10.246 0.0000000000
17927  23.058  -44.276  10.966 0.0000000000
17933  24.488  -43.813  9.306 0.0000000000
17934  24.010  -44.260  9.479 0.0000000000
17947  28.819  -44.234  8.315 0.0000000000
17948  28.305  -44.068  8.618 0.0000000000
17949  27.485  -44.402  8.588 0.0000000000
17950  26.947  -44.269  8.446 0.0000000000
17951  25.467  -44.071  8.339 0.0000000000
17952  24.678  -44.177  8.776 0.0000000000
17953  24.151  -44.827  8.890 0.0000000000
17966  29.210  -44.396  7.738 0.0000000000
17967  28.707  -43.937  7.801 0.0000000000
17968  27.354  -44.867  8.131 0.0000000000
17969  26.856  -44.735  7.774 0.0000000000
17970  25.828  -44.543  7.568 0.0000000000
17971  24.879  -44.645  7.848 0.0000000000
17980  31.341  -44.704  6.055 0.0000000000
17981  30.666  -44.633  6.283 0.0000000000
17982  29.721  -44.325  6.623 0.0000000000
17983  29.042  -44.018  7.071 0.0000000000
17984  26.627  -45.168  7.298 0.0000000000
17985  26.292  -45.065  7.177 0.0000000000
17997  32.934  -44.438  5.721 0.0000000000
17998  31.979  -44.309  5.804 0.0000000000
17999  31.144  -44.073  5.824 0.0000000000
18000  30.410  -43.961  6.003 0.0000000000
18604  21.866  -42.648  13.974 0.0000000000
18607  22.112  -43.520  13.192 0.0000000000
18608  21.949  -42.866  13.493 0.0000000000
18610  22.300  -43.203  12.364 0.0000000000
18611  21.992  -43.021  12.998 0.0000000000
18613  22.815  -43.391  11.423 0.0000000000
18616  24.662  -43.075  9.956 0.0000000000
18617  23.995  -43.314  10.146 0.0000000000
18618  23.318  -43.407  10.760 0.0000000000
18621  26.413  -43.166  9.176 0.0000000000
18622  25.857  -43.178  9.332 0.0000000000
18623  25.020  -43.306  9.432 0.0000000000
18624  24.390  -43.536  9.631 0.0000000000
18635  28.071  -43.612  8.447 0.0000000000
18636  27.684  -43.607  8.599 0.0000000000
18637  26.866  -43.711  8.853 0.0000000000
18638  26.030  -43.585  8.821 0.0000000000
18639  25.391  -43.632  8.916 0.0000000000
18658  28.225  -43.540  7.927 0.0000000000
18659  27.928  -43.422  8.229 0.0000000000
18660  26.546  -44.223  8.207 0.0000000000
18661  26.145  -44.016  8.360 0.0000000000
18671  29.223  -43.678  6.508 0.0000000000
18672  28.597  -43.452  6.969 0.0000000000
18684  32.690  -43.478  5.543 0.0000000000
18685  31.755  -43.370  5.528 0.0000000000
18686  30.801  -43.309  5.511 0.0000000000
18687  29.779  -43.379  5.859 0.0000000000
18688  29.006  -43.120  6.208 0.0000000000
19335  21.783  -42.286  13.639 0.0000000000
19338  22.281  -42.203  12.408 0.0000000000
19339  21.942  -42.439  13.004 0.0000000000
19342  23.357  -42.207  11.291 0.0000000000
19343  22.750  -42.373  11.686 0.0000000000
19346  25.526  -42.255  10.287 0.0000000000
19347  24.764  -42.428  10.501 0.0000000000
19348  23.799  -42.494  10.871 0.0000000000
19349  23.156  -42.771  11.170 0.0000000000
19352  26.306  -42.689  9.470 0.0000000000
19353  25.775  -42.623  9.801 0.0000000000
19354  25.166  -42.726  10.017 0.0000000000
19357  27.301  -43.098  8.660 0.0000000000
19358  26.839  -42.682  8.990 0.0000000000
19373  27.957  -43.268  7.900 0.0000000000
19374  27.655  -43.043  8.037 0.0000000000
19375  27.111  -42.499  8.097 0.0000000000
19389  28.023  -43.033  7.359 0.0000000000
19390  27.464  -42.347  7.097 0.0000000000
19391  26.938  -42.019  7.479 0.0000000000
19397  33.400  -42.616  5.381 0.0000000000
19398  32.437  -42.578  5.356 0.0000000000
19399  31.522  -42.418  5.210 0.0000000000
19400  30.373  -42.353  5.208 0.0000000000
19401  29.262  -42.474  5.619 0.0000000000
19402  28.282  -42.464  6.342 0.0000000000
19403  27.706  -42.041  6.468 0.0000000000
19424  31.102  -41.847  4.969 0.0000000000
19425  30.687  -41.774  4.960 0.0000000000
20086  21.955  -41.136  13.464 0.0000000000
20087  21.756  -41.562  13.776 0.0000000000
20090  22.065  -41.498  12.961 0.0000000000
20091  21.808  -41.949  13.329 0.0000000000
20094  24.011  -40.910  11.431 0.0000000000
20095  23.443  -41.451  11.537 0.0000000000
20096  22.634  -41.497  12.132 0.0000000000
20099  25.363  -41.538  10.557 0.0000000000
20100  24.431  -41.457  11.163 0.0000000000
20101  23.759  -41.920  11.244 0.0000000000
20104  26.147  -42.285  9.639 0.0000000000
20105  25.906  -41.726  9.788 0.0000000000
20108  26.370  -42.045  9.220 0.0000000000
20109  25.996  -41.333  8.821 0.0000000000
20120  26.409  -41.638  8.020 0.0000000000
20121  25.940  -41.022  8.183 0.0000000000
20136  27.413  -41.850  6.550 0.0000000000
20137  26.850  -41.496  6.767 0.0000000000
20151  34.132  -41.733  5.388 0.0000000000
20152  33.020  -41.600  5.278 0.0000000000
20153  32.242  -41.991  5.194 0.0000000000
20154  30.359  -41.639  4.959 0.0000000000
20155  29.691  -41.705  5.152 0.0000000000
20156  28.708  -41.539  5.455 0.0000000000
20157  27.676  -41.466  6.013 0.0000000000
20158  27.013  -40.783  6.077 0.0000000000
20175  32.759  -41.008  5.107 0.0000000000
20176  32.012  -41.363  4.976 0.0000000000
20177  30.958  -41.226  4.803 0.0000000000
20178  30.139  -41.086  4.821 0.0000000000
20179  29.391  -41.049  5.002 0.0000000000
20886  22.209  -40.576  13.308 0.0000000000
20887  21.913  -40.917  13.804 0.0000000000
20894  22.599  -40.713  12.520 0.0000000000
20896  24.330  -40.233  11.265 0.0000000000
20897  23.688  -40.508  11.677 0.0000000000
20898  23.091  -40.842  11.975 0.0000000000
20900  25.483  -40.937  9.959 0.0000000000
20901  24.951  -40.411  10.486 0.0000000000
20903  25.622  -40.832  9.182 0.0000000000
20904  25.167  -40.189  9.442 0.0000000000
20908  25.664  -40.672  8.378 0.0000000000
20909  25.322  -40.161  8.567 0.0000000000
20917  26.206  -40.893  7.094 0.0000000000
20918  25.715  -40.441  7.544 0.0000000000
20919  25.448  -40.231  8.036 0.0000000000
20931  26.352  -40.433  6.449 0.0000000000
20932  25.913  -40.363  6.877 0.0000000000
20949  34.848  -40.964  5.480 0.0000000000
20950  33.958  -40.853  5.410 0.0000000000
20951  33.250  -40.760  5.227 0.0000000000
20952  28.135  -40.963  5.442 0.0000000000
20953  27.528  -40.328  5.440 0.0000000000
20954  26.741  -40.132  5.842 0.0000000000
20972  33.762  -40.103  5.261 0.0000000000
20973  32.761  -40.346  5.005 0.0000000000
20974  31.713  -40.398  4.750 0.0000000000
20975  30.723  -40.383  4.669 0.0000000000
20976  29.782  -40.398  4.722 0.0000000000
20977  28.681  -40.433  4.958 0.0000000000
20978  27.973  -39.788  4.905 0.0000000000
21731  22.456  -39.640  13.584 0.0000000000
21750  23.235  -39.230  12.285 0.0000000000
21751  22.678  -39.849  12.766 0.0000000000
21754  24.212  -39.581  11.177 0.0000000000
21755  23.827  -39.518  11.560 0.0000000000
21756  23.216  -40.108  12.152 0.0000000000
21759  24.309  -39.344  10.667 0.0000000000
21760  24.117  -39.275  11.111 0.0000000000
21763  24.596  -39.400  9.684 0.0000000000
21768  24.814  -39.453  8.677 0.0000000000
21775  25.425  -39.790  7.234 0.0000000000
21776  25.176  -39.647  7.748 0.0000000000
21785  26.265  -39.751  6.023 0.0000000000
21786  25.621  -39.585  6.616 0.0000000000
21787  25.283  -39.490  7.149 0.0000000000
21816  32.412  -39.502  4.771 0.0000000000
