#!ascii label  , from subject FREESURFER vox2ras=TkReg 
91
32916  6.216  -26.593  4.499 0.0000000000
32917  5.214  -27.066  4.192 0.0000000000
32934  5.768  -26.569  3.851 0.0000000000
32935  5.062  -26.717  3.142 0.0000000000
32948  4.389  -26.925  1.760 0.0000000000
32960  6.992  -26.359  0.447 0.0000000000
32961  5.982  -26.528  0.580 0.0000000000
32962  4.821  -26.771  0.637 0.0000000000
32963  3.608  -26.984  0.625 0.0000000000
32969  7.005  -26.245  -0.020 0.0000000000
32970  6.244  -26.263  -0.192 0.0000000000
32971  5.119  -26.586  -0.231 0.0000000000
32972  3.947  -26.797  -0.281 0.0000000000
32973  2.860  -27.057  -0.100 0.0000000000
32974  2.247  -27.912  1.276 0.0000000000
32979  5.909  -25.999  -0.581 0.0000000000
32980  5.338  -26.216  -0.711 0.0000000000
32981  4.216  -26.508  -1.223 0.0000000000
32982  3.072  -26.848  -1.030 0.0000000000
32983  1.766  -27.143  -0.752 0.0000000000
32991  3.691  -26.191  -1.833 0.0000000000
32992  3.196  -26.442  -1.725 0.0000000000
32993  2.602  -26.607  -1.405 0.0000000000
33607  9.756  -26.116  3.964 0.0000000000
33608  8.723  -26.136  4.033 0.0000000000
33609  7.703  -26.175  4.044 0.0000000000
33610  6.764  -26.260  3.999 0.0000000000
33611  6.217  -26.376  3.945 0.0000000000
33628  11.177  -25.854  2.971 0.0000000000
33629  10.251  -25.984  3.046 0.0000000000
33630  9.243  -26.125  3.103 0.0000000000
33631  8.190  -26.136  3.145 0.0000000000
33632  7.150  -26.165  3.197 0.0000000000
33633  6.096  -26.374  3.285 0.0000000000
33634  5.599  -26.502  3.021 0.0000000000
33654  11.694  -25.617  2.157 0.0000000000
33655  10.780  -25.835  2.148 0.0000000000
33656  9.803  -26.140  2.147 0.0000000000
33657  8.703  -26.228  2.148 0.0000000000
33658  7.578  -26.210  2.222 0.0000000000
33659  6.509  -26.325  2.369 0.0000000000
33660  5.584  -26.552  2.543 0.0000000000
33684  12.277  -25.330  1.335 0.0000000000
33685  11.351  -25.569  1.277 0.0000000000
33686  10.411  -25.962  1.212 0.0000000000
33687  9.339  -26.252  1.139 0.0000000000
33688  8.032  -26.348  1.047 0.0000000000
33689  6.826  -26.403  1.361 0.0000000000
33690  5.715  -26.595  1.538 0.0000000000
33711  12.938  -25.227  0.463 0.0000000000
33712  11.988  -25.262  0.395 0.0000000000
33713  11.028  -25.530  0.333 0.0000000000
33714  10.048  -25.901  0.231 0.0000000000
33715  8.923  -26.070  0.125 0.0000000000
33716  7.719  -26.076  -0.009 0.0000000000
33717  6.976  -25.998  -0.273 0.0000000000
33728  12.735  -25.344  -0.535 0.0000000000
33729  11.757  -25.297  -0.597 0.0000000000
33730  10.767  -25.384  -0.640 0.0000000000
33731  9.749  -25.506  -0.693 0.0000000000
33732  8.566  -25.374  -0.700 0.0000000000
33733  7.402  -25.470  -0.537 0.0000000000
33734  6.431  -25.656  -0.672 0.0000000000
33735  5.639  -25.800  -0.943 0.0000000000
33736  4.915  -25.964  -1.239 0.0000000000
33745  12.550  -25.478  -1.551 0.0000000000
33746  11.565  -25.433  -1.620 0.0000000000
33747  10.596  -25.347  -1.684 0.0000000000
33748  9.587  -25.066  -1.745 0.0000000000
33749  8.630  -24.798  -1.506 0.0000000000
33750  5.957  -25.357  -1.120 0.0000000000
33751  5.199  -25.330  -1.462 0.0000000000
33752  4.175  -25.693  -1.894 0.0000000000
33764  11.388  -25.622  -2.652 0.0000000000
33765  10.457  -25.471  -2.761 0.0000000000
33766  9.693  -25.149  -2.934 0.0000000000
34493  7.806  -24.810  -1.112 0.0000000000
34494  6.879  -24.980  -0.998 0.0000000000
34495  6.358  -25.188  -1.073 0.0000000000
34507  8.972  -24.661  -2.339 0.0000000000
34508  8.061  -24.257  -1.955 0.0000000000
34509  7.153  -24.350  -1.574 0.0000000000
34510  6.029  -24.627  -1.550 0.0000000000
34523  8.458  -24.252  -2.851 0.0000000000
35288  7.784  -24.061  -2.201 0.0000000000
35289  7.428  -23.957  -2.179 0.0000000000
35290  6.542  -23.801  -2.139 0.0000000000
35297  7.809  -23.936  -2.540 0.0000000000
35298  7.068  -23.335  -2.852 0.0000000000
102975  4.281  -27.330  3.482 0.0000000000
102991  3.792  -27.319  2.588 0.0000000000
