#!ascii label  , from subject FREESURFER vox2ras=TkReg 
195
61348  47.033  2.767  -34.238 0.0000000000
61382  49.205  2.430  -38.376 0.0000000000
61383  50.519  2.051  -39.150 0.0000000000
61384  49.830  2.339  -39.322 0.0000000000
61385  49.490  2.947  -39.115 0.0000000000
62316  45.893  2.956  -33.078 0.0000000000
62317  45.299  3.305  -32.785 0.0000000000
62318  44.390  3.404  -32.879 0.0000000000
62335  46.388  3.046  -33.668 0.0000000000
62336  43.738  3.700  -33.283 0.0000000000
62354  47.340  3.054  -34.937 0.0000000000
62355  46.799  3.489  -34.209 0.0000000000
62366  47.611  3.126  -35.895 0.0000000000
62379  48.397  3.019  -37.463 0.0000000000
62380  47.887  3.376  -36.589 0.0000000000
62391  51.060  2.681  -39.054 0.0000000000
62392  48.985  3.519  -38.603 0.0000000000
62393  50.586  2.730  -40.091 0.0000000000
62394  49.876  3.248  -39.766 0.0000000000
62395  49.433  3.430  -39.246 0.0000000000
62396  50.509  3.223  -40.310 0.0000000000
62397  50.321  3.165  -40.159 0.0000000000
63179  49.927  4.922  -26.987 0.0000000000
63190  49.641  4.874  -27.781 0.0000000000
63200  50.144  4.144  -28.375 0.0000000000
63201  49.679  4.914  -28.773 0.0000000000
63212  50.642  4.426  -29.533 0.0000000000
63213  49.964  5.230  -29.590 0.0000000000
63223  51.272  4.703  -30.639 0.0000000000
63224  50.702  5.140  -30.131 0.0000000000
63254  45.869  3.731  -33.068 0.0000000000
63255  45.178  4.238  -32.854 0.0000000000
63256  44.355  4.289  -33.019 0.0000000000
63274  46.294  4.222  -33.632 0.0000000000
63275  45.897  4.362  -32.980 0.0000000000
63276  43.730  4.387  -33.545 0.0000000000
63297  47.398  3.870  -35.330 0.0000000000
63298  46.923  4.212  -34.672 0.0000000000
63315  47.553  4.312  -36.031 0.0000000000
63316  47.195  4.443  -35.352 0.0000000000
63329  48.420  4.412  -37.698 0.0000000000
63330  48.022  4.067  -36.910 0.0000000000
63347  50.960  3.873  -38.616 0.0000000000
63348  48.872  4.568  -38.618 0.0000000000
63358  50.977  3.645  -39.611 0.0000000000
63359  49.939  4.210  -39.737 0.0000000000
63360  49.362  4.061  -39.290 0.0000000000
63366  50.582  3.509  -40.024 0.0000000000
63367  50.336  3.466  -40.031 0.0000000000
64140  49.689  5.680  -27.253 0.0000000000
64152  49.189  5.811  -28.188 0.0000000000
64153  48.869  6.403  -28.455 0.0000000000
64163  49.256  5.564  -29.108 0.0000000000
64164  48.813  6.161  -28.871 0.0000000000
64170  49.493  5.676  -29.710 0.0000000000
64171  49.033  6.023  -29.546 0.0000000000
64177  50.849  5.451  -30.649 0.0000000000
64178  49.993  5.725  -30.372 0.0000000000
64179  49.370  5.936  -29.978 0.0000000000
64184  50.891  5.682  -31.373 0.0000000000
64185  50.576  5.786  -30.886 0.0000000000
64200  50.871  5.700  -32.385 0.0000000000
64201  45.079  4.887  -32.780 0.0000000000
64202  44.766  4.681  -32.858 0.0000000000
64221  46.167  4.726  -33.590 0.0000000000
64222  45.771  4.945  -33.209 0.0000000000
64223  44.602  5.152  -33.265 0.0000000000
64224  43.783  5.146  -33.876 0.0000000000
64241  46.230  4.801  -34.110 0.0000000000
64242  45.568  5.358  -34.214 0.0000000000
64243  44.530  5.535  -34.396 0.0000000000
64265  47.391  4.954  -36.099 0.0000000000
64266  46.793  5.211  -35.465 0.0000000000
64267  45.495  5.841  -35.231 0.0000000000
64281  48.286  5.037  -37.482 0.0000000000
64282  47.821  5.229  -36.842 0.0000000000
64283  47.133  5.971  -36.330 0.0000000000
64301  50.788  5.340  -37.956 0.0000000000
64302  48.545  5.348  -37.972 0.0000000000
64303  48.152  6.057  -37.628 0.0000000000
64315  50.906  4.984  -39.185 0.0000000000
64316  50.314  5.004  -39.507 0.0000000000
64317  49.403  5.328  -39.069 0.0000000000
64324  50.638  4.202  -39.658 0.0000000000
64325  50.391  4.023  -39.793 0.0000000000
65134  49.976  6.476  -26.919 0.0000000000
65141  49.464  6.530  -27.507 0.0000000000
65142  48.956  6.768  -28.054 0.0000000000
65146  48.494  6.872  -28.672 0.0000000000
65147  48.041  7.143  -29.182 0.0000000000
65150  48.465  6.531  -29.388 0.0000000000
65151  47.917  7.031  -29.848 0.0000000000
65156  49.723  6.090  -30.652 0.0000000000
65157  49.035  6.357  -30.343 0.0000000000
65158  47.979  7.115  -30.749 0.0000000000
65162  50.646  6.157  -31.589 0.0000000000
65163  50.129  6.263  -31.214 0.0000000000
65164  49.045  6.912  -31.393 0.0000000000
65165  48.066  7.355  -31.647 0.0000000000
65173  50.684  6.522  -32.131 0.0000000000
65174  50.007  7.162  -32.132 0.0000000000
65175  49.018  7.407  -32.248 0.0000000000
65176  48.133  7.527  -32.388 0.0000000000
65187  51.092  6.797  -33.314 0.0000000000
65204  51.206  7.285  -34.704 0.0000000000
65223  50.864  6.965  -35.909 0.0000000000
65224  48.449  7.155  -36.508 0.0000000000
65225  47.486  6.796  -36.035 0.0000000000
65226  46.468  6.443  -35.795 0.0000000000
65241  50.692  6.620  -37.125 0.0000000000
65242  48.621  6.921  -37.480 0.0000000000
65243  47.786  6.449  -36.925 0.0000000000
65244  47.260  6.364  -36.206 0.0000000000
65261  50.598  6.461  -38.464 0.0000000000
65262  49.772  6.759  -38.561 0.0000000000
65263  48.919  6.381  -38.241 0.0000000000
65264  48.358  6.482  -37.584 0.0000000000
65280  50.557  5.752  -39.225 0.0000000000
65281  50.076  6.098  -39.157 0.0000000000
65282  49.561  6.238  -38.830 0.0000000000
66129  49.770  6.991  -27.227 0.0000000000
66138  50.004  7.989  -27.349 0.0000000000
66139  49.451  7.520  -27.571 0.0000000000
66140  48.685  7.608  -28.213 0.0000000000
66143  48.080  7.709  -28.767 0.0000000000
66144  47.609  7.794  -29.392 0.0000000000
66147  47.075  7.869  -30.209 0.0000000000
66148  46.535  8.426  -30.432 0.0000000000
66151  47.115  7.607  -31.179 0.0000000000
66152  46.483  8.176  -30.858 0.0000000000
66156  47.253  7.629  -32.083 0.0000000000
66157  46.297  8.104  -31.683 0.0000000000
66158  45.779  8.438  -31.894 0.0000000000
66164  50.718  7.606  -32.990 0.0000000000
66165  49.883  7.834  -32.934 0.0000000000
66166  48.770  7.663  -33.007 0.0000000000
66167  47.666  7.791  -32.929 0.0000000000
66168  46.696  8.084  -32.662 0.0000000000
66169  45.914  8.344  -32.395 0.0000000000
66178  51.298  8.076  -33.957 0.0000000000
66179  50.580  8.309  -33.797 0.0000000000
66180  49.536  7.912  -33.816 0.0000000000
66181  48.233  7.640  -33.763 0.0000000000
66182  47.048  8.037  -33.637 0.0000000000
66183  46.076  8.306  -33.289 0.0000000000
66199  51.409  8.285  -34.882 0.0000000000
66200  51.139  8.831  -34.531 0.0000000000
66201  50.132  8.566  -34.690 0.0000000000
66202  48.899  7.804  -34.670 0.0000000000
66203  47.528  7.622  -34.538 0.0000000000
66204  46.100  7.956  -34.458 0.0000000000
66224  51.174  7.842  -35.502 0.0000000000
66225  50.811  8.413  -35.610 0.0000000000
66226  49.482  7.849  -35.815 0.0000000000
66227  48.141  7.321  -35.449 0.0000000000
66228  46.885  7.265  -35.306 0.0000000000
66229  45.826  7.293  -35.378 0.0000000000
66250  50.686  7.500  -36.308 0.0000000000
66251  50.194  7.581  -36.630 0.0000000000
66252  49.379  7.299  -37.059 0.0000000000
66267  50.453  7.167  -37.303 0.0000000000
66268  50.025  7.280  -37.802 0.0000000000
66269  49.325  7.083  -37.957 0.0000000000
67054  49.734  8.462  -27.601 0.0000000000
67055  49.027  8.396  -27.937 0.0000000000
67061  48.344  8.469  -28.436 0.0000000000
67062  47.674  8.534  -28.934 0.0000000000
67066  47.090  8.621  -29.514 0.0000000000
67067  46.512  8.773  -30.033 0.0000000000
67070  46.062  8.884  -30.684 0.0000000000
67071  45.671  9.265  -30.982 0.0000000000
67074  46.075  8.461  -31.136 0.0000000000
67075  45.608  8.841  -31.462 0.0000000000
67076  45.154  8.929  -31.925 0.0000000000
67081  45.408  8.631  -32.129 0.0000000000
67082  44.804  8.896  -32.424 0.0000000000
67091  45.351  8.522  -32.844 0.0000000000
67106  45.377  8.363  -33.672 0.0000000000
67998  49.419  9.005  -27.918 0.0000000000
68006  48.831  9.313  -28.256 0.0000000000
68007  47.980  9.334  -28.665 0.0000000000
68013  47.287  9.399  -29.119 0.0000000000
68014  46.650  9.495  -29.605 0.0000000000
68019  46.121  9.596  -30.159 0.0000000000
68020  45.701  9.705  -30.694 0.0000000000
68025  45.343  9.669  -31.198 0.0000000000
68026  44.887  9.472  -31.797 0.0000000000
68029  44.307  9.565  -32.448 0.0000000000
68959  47.668  10.172  -28.965 0.0000000000
68963  46.979  10.309  -29.375 0.0000000000
68964  46.329  10.388  -29.874 0.0000000000
68967  45.804  10.445  -30.420 0.0000000000
68968  45.379  10.442  -30.975 0.0000000000
68972  44.943  10.376  -31.511 0.0000000000
68973  44.477  10.342  -32.092 0.0000000000
