#!ascii label  , from subject FREESURFER vox2ras=TkReg 
109
34321  1.227  -24.777  16.244 0.0000000000
34322  0.515  -24.794  16.558 0.0000000000
34323  -0.104  -24.644  16.666 0.0000000000
34328  1.212  -25.214  15.913 0.0000000000
34329  0.725  -25.373  16.107 0.0000000000
34330  -0.084  -25.193  16.177 0.0000000000
34342  1.108  -25.452  15.498 0.0000000000
34343  0.323  -25.645  15.388 0.0000000000
34344  -0.419  -25.025  15.085 0.0000000000
34353  0.852  -25.489  14.794 0.0000000000
34354  0.120  -25.329  14.284 0.0000000000
34355  -0.410  -24.754  13.958 0.0000000000
34367  -0.166  -25.007  13.500 0.0000000000
34368  -0.405  -24.574  13.179 0.0000000000
35107  2.876  -23.677  16.041 0.0000000000
35108  2.193  -23.956  16.244 0.0000000000
35109  1.154  -24.047  16.747 0.0000000000
35110  0.411  -24.087  16.610 0.0000000000
35116  3.124  -23.970  15.513 0.0000000000
35117  1.815  -24.795  15.566 0.0000000000
35118  0.070  -24.134  15.795 0.0000000000
35128  2.399  -24.707  14.605 0.0000000000
35129  1.529  -25.239  14.880 0.0000000000
35130  -0.183  -24.033  14.443 0.0000000000
35142  2.626  -24.413  13.409 0.0000000000
35143  1.120  -24.903  13.856 0.0000000000
35144  0.202  -25.068  13.567 0.0000000000
35145  -0.504  -23.931  13.408 0.0000000000
35158  1.443  -24.518  12.440 0.0000000000
35159  0.118  -24.813  12.674 0.0000000000
35160  -0.460  -23.983  12.506 0.0000000000
35167  1.641  -24.264  11.267 0.0000000000
35168  0.547  -24.391  11.574 0.0000000000
35169  -0.125  -24.129  11.703 0.0000000000
35175  0.581  -23.803  10.559 0.0000000000
35176  0.226  -24.032  11.276 0.0000000000
35181  0.537  -23.441  9.019 0.0000000000
35182  0.069  -22.718  8.423 0.0000000000
35186  -0.013  -22.766  7.945 0.0000000000
35937  1.354  -22.523  17.259 0.0000000000
35943  3.236  -23.120  16.342 0.0000000000
35944  1.935  -23.086  16.963 0.0000000000
35945  0.815  -22.945  16.969 0.0000000000
35946  0.498  -23.454  16.304 0.0000000000
35953  0.840  -22.602  16.124 0.0000000000
35954  0.530  -23.162  15.693 0.0000000000
35958  0.884  -22.443  15.286 0.0000000000
35959  0.422  -23.020  14.733 0.0000000000
35964  -0.065  -23.038  13.717 0.0000000000
35969  -0.400  -22.951  12.776 0.0000000000
35973  0.199  -22.745  11.252 0.0000000000
35974  -0.148  -23.000  11.668 0.0000000000
35977  0.358  -22.962  10.845 0.0000000000
35978  0.148  -23.648  11.224 0.0000000000
35980  0.484  -22.762  9.611 0.0000000000
35981  0.207  -22.640  8.724 0.0000000000
35987  0.333  -22.177  8.730 0.0000000000
35988  -0.156  -22.090  8.141 0.0000000000
36793  3.980  -21.961  16.677 0.0000000000
36794  2.831  -22.199  16.990 0.0000000000
36799  1.078  -21.616  15.563 0.0000000000
36802  0.824  -21.697  14.365 0.0000000000
36803  0.389  -22.388  13.967 0.0000000000
36807  0.485  -21.118  13.676 0.0000000000
36808  0.128  -21.790  13.250 0.0000000000
36812  -0.110  -22.022  12.251 0.0000000000
36815  1.354  -21.312  10.782 0.0000000000
36816  0.467  -22.129  11.253 0.0000000000
36817  0.043  -22.148  11.736 0.0000000000
36819  2.653  -20.775  9.691 0.0000000000
36820  1.733  -21.417  9.987 0.0000000000
36821  0.906  -22.130  10.333 0.0000000000
36825  2.950  -20.955  8.835 0.0000000000
36826  1.762  -21.286  8.994 0.0000000000
36827  0.909  -21.867  9.308 0.0000000000
36833  1.808  -21.085  7.968 0.0000000000
36834  0.537  -21.512  8.150 0.0000000000
36835  -0.048  -21.628  7.691 0.0000000000
37745  0.996  -20.552  14.911 0.0000000000
37746  0.614  -19.991  14.132 0.0000000000
37748  0.694  -20.715  14.032 0.0000000000
37749  0.229  -20.397  13.292 0.0000000000
37751  -0.092  -20.872  12.394 0.0000000000
37753  5.004  -19.787  11.026 0.0000000000
37754  4.026  -19.883  10.927 0.0000000000
37755  2.851  -20.005  10.882 0.0000000000
37756  1.744  -20.438  11.087 0.0000000000
37757  0.800  -20.984  11.419 0.0000000000
37758  0.110  -21.419  11.782 0.0000000000
37760  5.171  -19.981  10.257 0.0000000000
37761  4.474  -20.223  10.304 0.0000000000
37762  3.389  -20.283  10.289 0.0000000000
37763  2.282  -20.636  10.438 0.0000000000
37767  4.754  -20.560  9.575 0.0000000000
37768  3.804  -20.651  9.616 0.0000000000
38652  0.421  -19.151  13.601 0.0000000000
38654  5.394  -18.922  12.055 0.0000000000
38655  4.992  -18.989  12.081 0.0000000000
38656  3.989  -18.929  11.901 0.0000000000
38657  2.703  -18.888  11.641 0.0000000000
38658  1.303  -19.041  11.655 0.0000000000
38659  0.131  -19.342  12.272 0.0000000000
38661  5.365  -19.117  11.705 0.0000000000
38662  4.546  -19.399  11.532 0.0000000000
38663  3.414  -19.458  11.374 0.0000000000
38664  2.138  -19.629  11.335 0.0000000000
38665  0.938  -19.977  11.562 0.0000000000
38666  0.160  -20.473  11.775 0.0000000000
38669  5.520  -19.309  10.959 0.0000000000
