#!ascii label  , from subject FREESURFER vox2ras=TkReg 
115
91734  21.609  48.445  -20.497 0.0000000000
92246  22.341  49.454  -19.914 0.0000000000
92253  21.832  49.303  -20.452 0.0000000000
92254  21.371  49.226  -21.007 0.0000000000
92693  23.274  50.357  -19.327 0.0000000000
92694  22.648  50.354  -19.859 0.0000000000
92701  22.006  50.333  -20.656 0.0000000000
92702  21.612  49.785  -20.855 0.0000000000
92708  21.831  50.712  -21.295 0.0000000000
92709  21.430  50.208  -21.511 0.0000000000
92716  21.215  50.116  -22.458 0.0000000000
92723  22.151  50.890  -23.628 0.0000000000
92724  21.698  50.382  -23.421 0.0000000000
92732  22.624  50.699  -24.321 0.0000000000
92739  23.515  50.584  -25.502 0.0000000000
93119  23.668  51.304  -19.371 0.0000000000
93120  23.075  51.026  -19.780 0.0000000000
93125  23.274  51.725  -19.997 0.0000000000
93126  22.710  51.332  -20.487 0.0000000000
93131  22.233  51.288  -21.377 0.0000000000
93132  21.802  50.962  -21.803 0.0000000000
93139  22.187  51.523  -22.373 0.0000000000
93140  21.700  50.873  -22.635 0.0000000000
93147  22.498  51.423  -23.551 0.0000000000
93148  21.947  50.936  -23.312 0.0000000000
93155  24.362  51.940  -25.231 0.0000000000
93156  23.798  51.609  -24.939 0.0000000000
93162  24.428  51.930  -25.619 0.0000000000
93163  23.982  51.540  -26.172 0.0000000000
93612  24.193  51.975  -19.234 0.0000000000
93619  26.069  52.506  -19.067 0.0000000000
93620  25.509  52.436  -19.534 0.0000000000
93621  24.714  52.321  -19.763 0.0000000000
93622  23.923  52.178  -19.924 0.0000000000
93627  25.246  52.556  -20.260 0.0000000000
93628  24.630  52.625  -20.770 0.0000000000
93629  23.505  52.258  -20.824 0.0000000000
93630  22.844  51.951  -21.308 0.0000000000
93635  24.094  52.758  -21.461 0.0000000000
93636  23.408  52.593  -22.044 0.0000000000
93637  22.635  51.975  -21.984 0.0000000000
93642  23.497  52.738  -23.322 0.0000000000
93643  22.815  52.200  -22.919 0.0000000000
93652  23.708  52.699  -24.371 0.0000000000
93653  23.381  52.173  -24.012 0.0000000000
93662  24.141  52.399  -25.205 0.0000000000
93663  23.925  52.194  -24.651 0.0000000000
93670  24.105  52.540  -26.003 0.0000000000
93671  22.977  52.407  -26.296 0.0000000000
94091  27.274  53.332  -20.554 0.0000000000
94092  26.396  52.762  -20.007 0.0000000000
94093  25.707  52.614  -20.210 0.0000000000
94100  27.296  53.508  -21.097 0.0000000000
94101  26.697  53.294  -21.180 0.0000000000
94102  25.586  52.809  -20.938 0.0000000000
94103  25.036  52.856  -21.158 0.0000000000
94109  26.399  53.768  -21.468 0.0000000000
94110  25.752  53.542  -21.497 0.0000000000
94111  24.744  53.222  -21.657 0.0000000000
94112  24.090  52.994  -21.951 0.0000000000
94118  24.376  53.598  -22.129 0.0000000000
94119  23.983  53.317  -22.578 0.0000000000
94130  23.581  53.313  -23.744 0.0000000000
94138  23.591  53.352  -24.852 0.0000000000
94139  23.337  53.927  -25.186 0.0000000000
94144  23.909  52.937  -25.529 0.0000000000
94145  23.388  53.515  -25.754 0.0000000000
94146  22.302  53.643  -26.016 0.0000000000
94549  28.491  54.485  -20.764 0.0000000000
94550  27.870  53.824  -20.050 0.0000000000
94558  28.862  54.356  -21.821 0.0000000000
94559  27.843  53.885  -21.224 0.0000000000
94560  27.260  53.658  -21.291 0.0000000000
94566  28.923  54.656  -22.340 0.0000000000
94567  28.233  54.443  -22.044 0.0000000000
94568  27.075  54.133  -21.594 0.0000000000
94569  25.969  54.310  -21.598 0.0000000000
94570  24.924  54.245  -21.824 0.0000000000
94571  24.326  54.629  -22.002 0.0000000000
94581  24.593  53.774  -22.005 0.0000000000
94582  24.237  54.105  -22.376 0.0000000000
94583  23.647  54.538  -22.757 0.0000000000
94593  23.755  53.937  -23.192 0.0000000000
94594  23.305  54.539  -23.455 0.0000000000
94599  23.444  53.872  -23.970 0.0000000000
94600  23.202  54.378  -24.508 0.0000000000
94604  23.105  54.493  -25.353 0.0000000000
94605  22.746  54.599  -25.931 0.0000000000
95041  29.255  55.024  -21.365 0.0000000000
95049  29.768  55.728  -21.804 0.0000000000
95050  29.437  55.129  -22.337 0.0000000000
95051  28.695  55.436  -22.490 0.0000000000
95052  27.501  55.212  -21.933 0.0000000000
95053  26.351  55.202  -21.582 0.0000000000
95054  25.278  55.255  -21.549 0.0000000000
95055  24.282  55.325  -21.697 0.0000000000
95056  23.489  55.609  -21.864 0.0000000000
95065  29.907  55.890  -22.569 0.0000000000
95066  29.468  55.937  -22.834 0.0000000000
95067  28.968  56.124  -22.882 0.0000000000
95068  23.848  54.905  -22.198 0.0000000000
95069  23.124  55.302  -22.594 0.0000000000
95077  22.726  55.307  -23.680 0.0000000000
95078  22.406  55.802  -24.245 0.0000000000
95086  22.809  55.195  -24.773 0.0000000000
95087  22.433  55.889  -25.022 0.0000000000
95093  22.771  55.218  -25.481 0.0000000000
95507  27.769  56.126  -22.146 0.0000000000
95520  29.844  56.683  -22.905 0.0000000000
95521  29.241  56.753  -23.188 0.0000000000
95522  28.470  56.670  -22.682 0.0000000000
95966  29.437  57.789  -23.091 0.0000000000
95967  28.726  57.662  -23.082 0.0000000000
95968  28.034  57.683  -22.477 0.0000000000
96435  28.880  58.603  -23.118 0.0000000000
