#!ascii label  , from subject FREESURFER vox2ras=TkReg 
145
30051  11.833  -30.519  -10.890 0.0000000000
30074  12.179  -29.747  -11.259 0.0000000000
30075  11.245  -30.216  -11.577 0.0000000000
30078  7.680  -29.425  -11.145 0.0000000000
30087  10.558  -29.678  -12.025 0.0000000000
30088  9.764  -29.304  -11.829 0.0000000000
30089  9.303  -28.804  -11.463 0.0000000000
30090  8.282  -29.977  -13.008 0.0000000000
30091  7.753  -30.037  -12.178 0.0000000000
30107  11.291  -29.341  -14.731 0.0000000000
30108  10.017  -30.025  -14.112 0.0000000000
30109  9.002  -30.577  -13.500 0.0000000000
30124  11.808  -30.173  -14.683 0.0000000000
30829  13.255  -29.292  -10.466 0.0000000000
30830  12.781  -29.083  -10.956 0.0000000000
30833  7.861  -28.741  -10.858 0.0000000000
30853  12.459  -28.683  -11.620 0.0000000000
30854  11.883  -29.311  -11.818 0.0000000000
30855  8.911  -28.487  -11.090 0.0000000000
30856  8.221  -28.211  -11.201 0.0000000000
30857  7.781  -28.382  -11.537 0.0000000000
30866  12.041  -28.542  -12.127 0.0000000000
30867  11.321  -29.037  -12.272 0.0000000000
30868  10.427  -28.781  -12.342 0.0000000000
30869  9.453  -28.388  -12.017 0.0000000000
30870  8.149  -29.203  -12.645 0.0000000000
30871  7.737  -28.713  -12.107 0.0000000000
30886  11.849  -27.482  -14.691 0.0000000000
30887  10.323  -28.506  -14.068 0.0000000000
30888  8.959  -29.157  -13.295 0.0000000000
30901  12.985  -28.440  -14.946 0.0000000000
31597  13.991  -28.328  -10.327 0.0000000000
31598  13.576  -28.795  -10.397 0.0000000000
31615  13.747  -27.913  -10.732 0.0000000000
31616  13.362  -28.242  -10.880 0.0000000000
31617  12.902  -28.309  -11.339 0.0000000000
31638  8.776  -27.957  -11.661 0.0000000000
31639  8.199  -27.852  -11.926 0.0000000000
31640  7.737  -28.113  -12.107 0.0000000000
31652  11.035  -28.325  -12.547 0.0000000000
31653  10.594  -27.692  -12.687 0.0000000000
31654  9.331  -27.875  -12.518 0.0000000000
31655  8.364  -28.382  -12.557 0.0000000000
31656  7.860  -28.279  -12.292 0.0000000000
31672  11.057  -26.820  -13.790 0.0000000000
31673  9.346  -28.175  -13.214 0.0000000000
31674  8.741  -28.517  -13.086 0.0000000000
32320  15.075  -26.759  -10.485 0.0000000000
32321  14.393  -27.467  -10.497 0.0000000000
32330  14.244  -26.748  -11.209 0.0000000000
32331  13.937  -27.505  -10.805 0.0000000000
32332  13.640  -27.619  -11.022 0.0000000000
32348  14.591  -27.316  -13.961 0.0000000000
32364  11.859  -27.742  -12.559 0.0000000000
32365  11.589  -26.814  -13.148 0.0000000000
33055  15.847  -25.880  -10.073 0.0000000000
33063  13.700  -27.134  -11.409 0.0000000000
33070  13.422  -27.405  -11.508 0.0000000000
33823  16.089  -25.184  -9.555 0.0000000000
33879  15.593  -25.542  -14.509 0.0000000000
33891  14.415  -25.800  -15.288 0.0000000000
34599  16.024  -24.506  -9.119 0.0000000000
34607  15.816  -24.687  -10.178 0.0000000000
34608  15.613  -24.031  -10.740 0.0000000000
34631  15.068  -24.142  -12.807 0.0000000000
34648  15.693  -24.869  -14.975 0.0000000000
34661  15.251  -24.840  -15.446 0.0000000000
34676  12.671  -25.216  -15.737 0.0000000000
34677  11.967  -25.692  -15.269 0.0000000000
34678  11.703  -25.181  -14.838 0.0000000000
35375  15.765  -23.786  -9.525 0.0000000000
35387  15.761  -23.962  -10.205 0.0000000000
35388  15.578  -23.353  -10.402 0.0000000000
35397  15.527  -23.559  -11.265 0.0000000000
35404  15.336  -23.637  -12.291 0.0000000000
35411  15.041  -23.449  -13.405 0.0000000000
35412  14.306  -24.691  -13.201 0.0000000000
35423  14.830  -23.019  -14.078 0.0000000000
35424  14.543  -23.480  -14.010 0.0000000000
35428  15.363  -23.813  -15.767 0.0000000000
35429  14.272  -24.373  -16.260 0.0000000000
35430  13.906  -24.654  -16.233 0.0000000000
35431  12.504  -24.874  -13.811 0.0000000000
35440  13.707  -23.769  -16.489 0.0000000000
35441  13.398  -24.611  -16.082 0.0000000000
35442  12.447  -24.654  -15.622 0.0000000000
35443  12.014  -24.897  -15.315 0.0000000000
36203  15.507  -22.729  -11.080 0.0000000000
36211  15.489  -22.622  -11.981 0.0000000000
36220  15.386  -22.556  -13.113 0.0000000000
36234  15.019  -22.489  -14.086 0.0000000000
36235  14.336  -22.640  -14.658 0.0000000000
36236  13.790  -23.521  -14.441 0.0000000000
36245  14.663  -22.867  -16.413 0.0000000000
36246  13.463  -22.592  -15.181 0.0000000000
36247  12.680  -23.336  -14.971 0.0000000000
36248  11.933  -24.508  -14.740 0.0000000000
36252  13.848  -23.070  -16.690 0.0000000000
36253  13.330  -23.262  -16.487 0.0000000000
36254  12.668  -23.520  -15.775 0.0000000000
36255  12.090  -24.461  -15.302 0.0000000000
37022  15.437  -21.642  -12.825 0.0000000000
37030  15.179  -21.616  -14.073 0.0000000000
37044  14.554  -21.730  -14.930 0.0000000000
37045  13.847  -21.851  -15.461 0.0000000000
37055  13.806  -21.939  -16.709 0.0000000000
37056  13.063  -22.143  -15.927 0.0000000000
37057  12.725  -22.774  -15.789 0.0000000000
37062  13.494  -22.613  -16.653 0.0000000000
37063  13.116  -22.560  -16.387 0.0000000000
37064  12.779  -22.615  -16.071 0.0000000000
38005  14.181  -21.341  -15.554 0.0000000000
38016  13.780  -21.242  -16.005 0.0000000000
103010  13.312  -29.205  -13.735 0.0000000000
103011  13.583  -28.337  -13.937 0.0000000000
103012  13.932  -28.578  -13.196 0.0000000000
103013  13.926  -26.780  -15.034 0.0000000000
103014  12.912  -27.419  -12.039 0.0000000000
103015  12.787  -27.940  -11.734 0.0000000000
103016  13.666  -26.263  -15.466 0.0000000000
103017  13.874  -25.192  -15.911 0.0000000000
103018  12.549  -27.725  -12.167 0.0000000000
103019  13.106  -27.618  -11.672 0.0000000000
103020  12.541  -27.299  -12.466 0.0000000000
103022  14.020  -26.239  -15.276 0.0000000000
103023  11.693  -25.623  -13.696 0.0000000000
103024  14.753  -25.669  -11.768 0.0000000000
103025  13.166  -26.445  -12.682 0.0000000000
103026  13.479  -25.502  -15.817 0.0000000000
103028  15.229  -24.940  -11.782 0.0000000000
103029  15.286  -24.702  -11.761 0.0000000000
103030  15.127  -24.648  -12.164 0.0000000000
103031  12.960  -25.352  -13.492 0.0000000000
103032  14.126  -25.618  -12.575 0.0000000000
103033  14.667  -26.354  -11.088 0.0000000000
103037  12.848  -25.558  -13.412 0.0000000000
103038  15.430  -24.560  -11.386 0.0000000000
103039  15.461  -25.536  -10.802 0.0000000000
103040  15.525  -24.053  -11.113 0.0000000000
103041  13.344  -25.135  -13.444 0.0000000000
103042  13.907  -24.861  -16.149 0.0000000000
103043  12.844  -26.169  -15.661 0.0000000000
103044  12.961  -24.881  -13.700 0.0000000000
103045  13.243  -24.393  -14.008 0.0000000000
103046  11.518  -25.435  -14.337 0.0000000000
