#!ascii label  , from subject FREESURFER vox2ras=TkReg 
170
448  8.525  -77.761  -11.238 0.0000000000
449  7.917  -77.847  -11.337 0.0000000000
450  7.474  -77.456  -11.636 0.0000000000
456  9.869  -78.331  -12.232 0.0000000000
457  8.747  -78.041  -11.929 0.0000000000
458  7.834  -77.887  -11.901 0.0000000000
459  7.539  -77.435  -12.014 0.0000000000
465  9.580  -78.069  -12.924 0.0000000000
466  8.729  -77.626  -12.716 0.0000000000
467  8.096  -77.691  -12.339 0.0000000000
468  7.742  -77.670  -12.149 0.0000000000
473  10.305  -78.202  -13.507 0.0000000000
680  7.828  -77.374  -9.705 0.0000000000
681  6.552  -77.669  -9.843 0.0000000000
682  5.975  -77.473  -9.787 0.0000000000
688  9.960  -77.280  -11.317 0.0000000000
689  9.233  -77.412  -11.076 0.0000000000
690  8.348  -77.400  -10.617 0.0000000000
691  7.025  -77.284  -10.855 0.0000000000
692  6.241  -77.218  -10.155 0.0000000000
700  9.562  -77.865  -11.639 0.0000000000
701  7.646  -75.959  -12.716 0.0000000000
702  7.172  -76.605  -12.109 0.0000000000
708  9.791  -77.679  -13.429 0.0000000000
709  9.187  -77.115  -13.424 0.0000000000
710  8.155  -76.771  -12.823 0.0000000000
711  7.704  -77.278  -12.309 0.0000000000
716  11.102  -77.634  -13.879 0.0000000000
717  9.953  -77.124  -13.686 0.0000000000
718  9.521  -76.755  -13.653 0.0000000000
989  5.681  -76.909  -9.802 0.0000000000
999  10.194  -76.356  -10.868 0.0000000000
1000  9.319  -76.313  -10.337 0.0000000000
1001  8.619  -76.703  -9.950 0.0000000000
1002  6.431  -76.163  -11.248 0.0000000000
1003  6.114  -76.573  -10.519 0.0000000000
1014  7.056  -75.363  -12.910 0.0000000000
1015  6.561  -75.408  -11.990 0.0000000000
1020  11.711  -76.284  -13.529 0.0000000000
1021  8.792  -76.275  -13.265 0.0000000000
1022  8.213  -75.329  -13.282 0.0000000000
1026  10.962  -76.110  -13.895 0.0000000000
1027  10.249  -76.284  -13.982 0.0000000000
1028  9.319  -75.900  -13.716 0.0000000000
1029  8.679  -74.813  -13.924 0.0000000000
1338  6.328  -74.950  -9.944 0.0000000000
1339  5.751  -75.833  -10.068 0.0000000000
1351  6.953  -74.594  -11.534 0.0000000000
1352  6.464  -75.172  -10.969 0.0000000000
1353  5.991  -75.933  -10.796 0.0000000000
1363  7.119  -74.374  -12.405 0.0000000000
1364  6.632  -74.898  -11.782 0.0000000000
1368  12.138  -75.448  -12.947 0.0000000000
1369  11.329  -74.941  -13.371 0.0000000000
1370  7.569  -74.186  -13.535 0.0000000000
1373  10.473  -75.362  -13.845 0.0000000000
1374  9.820  -75.198  -13.952 0.0000000000
1375  9.085  -74.180  -14.505 0.0000000000
1376  8.116  -74.098  -14.279 0.0000000000
1384  13.684  -75.263  -15.777 0.0000000000
1385  12.994  -74.903  -16.092 0.0000000000
1388  12.858  -74.642  -16.744 0.0000000000
1671  8.132  -72.894  -10.000 0.0000000000
1672  7.227  -74.167  -10.036 0.0000000000
1680  7.805  -73.710  -11.287 0.0000000000
1681  7.134  -74.491  -10.967 0.0000000000
1694  7.832  -73.493  -12.341 0.0000000000
1699  12.883  -73.954  -12.433 0.0000000000
1700  12.345  -74.520  -12.714 0.0000000000
1701  7.754  -73.167  -13.269 0.0000000000
1703  16.438  -74.242  -13.149 0.0000000000
1704  16.055  -73.570  -13.669 0.0000000000
1705  8.284  -73.229  -15.037 0.0000000000
1706  7.747  -72.805  -14.570 0.0000000000
1710  16.211  -74.779  -13.702 0.0000000000
1711  15.560  -74.019  -14.488 0.0000000000
1712  14.569  -73.354  -14.754 0.0000000000
1713  8.936  -72.825  -15.423 0.0000000000
1714  8.250  -72.186  -15.622 0.0000000000
1719  14.577  -74.844  -15.358 0.0000000000
1720  13.714  -73.840  -15.526 0.0000000000
1721  12.498  -73.944  -16.351 0.0000000000
1725  12.528  -73.604  -17.082 0.0000000000
1735  13.225  -73.255  -17.612 0.0000000000
2033  8.436  -72.410  -10.850 0.0000000000
2046  13.221  -73.600  -12.358 0.0000000000
2047  8.286  -72.347  -12.188 0.0000000000
2051  16.481  -73.225  -12.521 0.0000000000
2052  15.447  -72.575  -12.662 0.0000000000
2053  14.165  -72.671  -12.874 0.0000000000
2054  12.198  -73.425  -13.809 0.0000000000
2055  7.995  -71.487  -13.817 0.0000000000
2058  16.240  -73.404  -13.266 0.0000000000
2059  15.722  -73.019  -13.580 0.0000000000
2060  14.621  -72.699  -13.644 0.0000000000
2061  13.464  -72.738  -13.948 0.0000000000
2062  7.794  -71.272  -15.227 0.0000000000
2066  14.948  -73.031  -14.281 0.0000000000
2067  13.858  -72.970  -14.610 0.0000000000
2068  12.534  -72.929  -14.933 0.0000000000
2073  13.044  -73.154  -15.208 0.0000000000
2074  12.197  -73.204  -15.807 0.0000000000
2080  11.858  -72.884  -16.731 0.0000000000
2081  11.114  -72.263  -16.710 0.0000000000
2082  10.505  -71.743  -16.593 0.0000000000
2092  13.445  -72.108  -18.045 0.0000000000
2093  12.388  -72.315  -17.404 0.0000000000
2094  11.550  -71.970  -17.075 0.0000000000
2387  11.092  -70.861  -11.620 0.0000000000
2388  9.582  -70.777  -11.310 0.0000000000
2389  8.798  -71.409  -10.878 0.0000000000
2407  12.429  -70.970  -11.939 0.0000000000
2408  9.843  -69.958  -13.014 0.0000000000
2409  8.706  -70.723  -12.629 0.0000000000
2417  8.853  -69.977  -13.532 0.0000000000
2418  8.467  -70.333  -13.795 0.0000000000
2423  8.292  -70.014  -14.942 0.0000000000
2424  8.237  -70.292  -14.576 0.0000000000
2442  11.094  -71.190  -16.911 0.0000000000
2452  13.854  -71.192  -18.162 0.0000000000
2453  12.766  -71.279  -17.748 0.0000000000
2454  11.875  -71.319  -17.289 0.0000000000
2719  10.162  -69.897  -14.383 0.0000000000
2720  9.083  -69.838  -14.464 0.0000000000
2728  13.144  -70.672  -13.175 0.0000000000
2729  8.702  -69.888  -13.751 0.0000000000
2730  8.443  -70.065  -14.132 0.0000000000
2737  13.728  -70.158  -14.144 0.0000000000
2738  12.891  -70.627  -14.097 0.0000000000
2739  8.541  -69.929  -14.295 0.0000000000
2745  14.713  -69.754  -15.340 0.0000000000
2746  13.820  -69.845  -15.286 0.0000000000
2747  12.731  -70.342  -15.077 0.0000000000
2758  14.161  -69.803  -16.247 0.0000000000
2759  13.141  -69.876  -16.195 0.0000000000
2760  12.091  -70.062  -16.104 0.0000000000
2767  14.521  -70.232  -17.003 0.0000000000
2768  13.609  -70.037  -17.092 0.0000000000
2769  12.588  -70.184  -16.945 0.0000000000
2770  11.529  -70.417  -16.760 0.0000000000
2771  10.098  -70.135  -16.160 0.0000000000
2780  14.208  -70.549  -17.760 0.0000000000
2781  13.175  -70.561  -17.610 0.0000000000
2782  12.220  -70.721  -17.290 0.0000000000
2783  11.618  -70.851  -17.148 0.0000000000
3116  14.400  -69.704  -14.604 0.0000000000
102325  10.402  -74.283  -14.056 0.0000000000
102326  10.211  -72.147  -15.986 0.0000000000
102327  9.982  -73.130  -14.927 0.0000000000
102328  9.566  -72.040  -16.253 0.0000000000
102329  11.524  -70.221  -15.546 0.0000000000
102330  11.949  -72.942  -15.499 0.0000000000
102331  11.359  -72.751  -15.741 0.0000000000
102332  9.505  -72.370  -15.778 0.0000000000
102333  9.439  -71.858  -16.461 0.0000000000
102334  12.594  -70.842  -12.809 0.0000000000
102335  11.696  -70.549  -13.884 0.0000000000
102336  12.027  -70.422  -15.022 0.0000000000
102337  12.095  -70.243  -15.478 0.0000000000
102338  11.512  -72.790  -16.302 0.0000000000
102339  9.690  -71.907  -16.448 0.0000000000
102340  9.070  -71.953  -16.152 0.0000000000
102341  8.573  -70.977  -16.200 0.0000000000
102342  8.530  -69.910  -14.570 0.0000000000
102343  11.271  -70.122  -16.205 0.0000000000
102344  9.470  -71.486  -16.594 0.0000000000
102345  8.170  -70.356  -15.486 0.0000000000
102346  8.773  -70.091  -15.755 0.0000000000
102347  8.539  -69.950  -15.002 0.0000000000
102348  9.051  -69.867  -15.370 0.0000000000
