#!ascii label  , from subject FREESURFER vox2ras=TkReg 
195
85416  33.243  37.352  -25.561 0.0000000000
85417  32.461  37.060  -25.528 0.0000000000
85418  31.503  37.003  -25.467 0.0000000000
85419  30.505  37.107  -25.216 0.0000000000
85420  29.870  37.286  -24.993 0.0000000000
85433  33.259  37.519  -25.977 0.0000000000
85434  32.752  37.315  -26.037 0.0000000000
85435  31.644  37.339  -26.226 0.0000000000
85436  30.541  37.144  -26.131 0.0000000000
85437  29.517  37.027  -25.913 0.0000000000
85450  31.042  37.855  -26.625 0.0000000000
85451  30.182  37.608  -26.773 0.0000000000
85452  29.600  36.911  -27.142 0.0000000000
85464  29.843  37.693  -27.524 0.0000000000
85465  29.786  37.274  -27.945 0.0000000000
85879  36.309  38.787  -23.475 0.0000000000
85880  35.830  38.626  -23.620 0.0000000000
85881  35.176  38.440  -23.880 0.0000000000
85882  34.326  38.183  -24.104 0.0000000000
85883  33.440  37.714  -24.210 0.0000000000
85884  32.687  37.472  -24.385 0.0000000000
85885  29.680  38.567  -23.190 0.0000000000
85886  28.888  38.510  -23.072 0.0000000000
85900  36.384  38.667  -23.770 0.0000000000
85901  35.905  38.566  -24.073 0.0000000000
85902  34.933  38.536  -24.476 0.0000000000
85903  33.857  37.868  -24.894 0.0000000000
85904  33.073  37.147  -24.882 0.0000000000
85905  32.208  37.113  -24.866 0.0000000000
85906  31.289  37.372  -24.656 0.0000000000
85907  30.059  38.039  -24.121 0.0000000000
85908  28.712  38.003  -24.269 0.0000000000
85926  34.418  38.492  -25.137 0.0000000000
85927  33.722  38.139  -25.830 0.0000000000
85928  33.082  37.802  -26.292 0.0000000000
85929  32.412  37.720  -26.375 0.0000000000
85930  29.350  37.489  -24.865 0.0000000000
85931  28.622  37.316  -25.193 0.0000000000
85944  33.285  38.453  -26.455 0.0000000000
85945  32.630  38.381  -26.597 0.0000000000
85946  31.657  38.272  -26.652 0.0000000000
85947  30.518  38.496  -26.880 0.0000000000
85948  29.791  38.779  -27.250 0.0000000000
85956  29.942  38.120  -27.237 0.0000000000
85957  29.513  38.284  -27.805 0.0000000000
86385  35.100  38.732  -23.278 0.0000000000
86386  34.636  38.809  -23.128 0.0000000000
86387  33.605  38.895  -22.863 0.0000000000
86388  32.324  39.194  -22.609 0.0000000000
86402  35.316  38.636  -23.466 0.0000000000
86403  34.714  38.522  -23.559 0.0000000000
86404  33.865  38.378  -23.569 0.0000000000
86405  32.572  38.252  -23.619 0.0000000000
86406  31.368  38.766  -23.179 0.0000000000
86407  30.310  38.768  -22.961 0.0000000000
86422  36.105  39.337  -24.606 0.0000000000
86423  34.976  38.918  -24.900 0.0000000000
86424  32.027  37.610  -24.305 0.0000000000
86425  31.331  38.124  -23.936 0.0000000000
86426  30.743  38.485  -23.565 0.0000000000
86438  35.266  39.932  -25.249 0.0000000000
86439  34.586  39.338  -25.491 0.0000000000
86440  33.661  39.179  -26.310 0.0000000000
86448  32.941  39.166  -26.682 0.0000000000
86449  32.040  39.241  -26.737 0.0000000000
86450  30.951  39.425  -26.734 0.0000000000
86451  29.925  39.609  -27.005 0.0000000000
86452  29.264  39.481  -27.519 0.0000000000
86455  28.745  39.155  -27.858 0.0000000000
86933  35.863  38.952  -23.105 0.0000000000
86934  34.861  39.416  -22.703 0.0000000000
86935  33.494  39.780  -22.353 0.0000000000
86958  36.594  40.644  -24.791 0.0000000000
86970  35.628  40.590  -25.230 0.0000000000
86971  34.765  40.601  -25.668 0.0000000000
86972  33.748  40.497  -26.108 0.0000000000
86973  32.687  40.938  -26.337 0.0000000000
86974  31.686  41.156  -26.393 0.0000000000
86975  30.783  41.300  -26.597 0.0000000000
86976  27.926  41.504  -27.120 0.0000000000
86981  33.114  39.928  -26.400 0.0000000000
86982  32.339  40.086  -26.483 0.0000000000
86983  31.332  40.306  -26.533 0.0000000000
86984  30.190  40.704  -26.860 0.0000000000
86985  29.224  40.692  -27.408 0.0000000000
86986  28.181  41.251  -27.602 0.0000000000
86989  28.640  40.204  -27.641 0.0000000000
86990  28.164  40.048  -27.729 0.0000000000
87521  38.445  40.744  -22.177 0.0000000000
87522  34.939  40.364  -22.433 0.0000000000
87533  39.324  41.062  -23.589 0.0000000000
87546  35.870  41.494  -25.166 0.0000000000
87547  28.199  42.014  -25.880 0.0000000000
87557  35.108  41.584  -25.618 0.0000000000
87558  34.124  41.688  -25.928 0.0000000000
87559  33.113  41.855  -26.318 0.0000000000
87560  32.024  42.051  -26.384 0.0000000000
87561  30.953  42.158  -26.514 0.0000000000
87562  29.867  42.009  -26.948 0.0000000000
87563  28.912  42.228  -27.000 0.0000000000
87564  28.205  41.819  -26.837 0.0000000000
87565  27.950  41.553  -26.204 0.0000000000
87571  29.556  41.341  -27.215 0.0000000000
87572  29.007  41.638  -27.303 0.0000000000
87573  28.534  41.793  -27.223 0.0000000000
88185  38.308  42.356  -24.154 0.0000000000
88186  28.290  42.931  -24.652 0.0000000000
88199  29.176  43.158  -25.969 0.0000000000
88200  28.552  42.685  -25.494 0.0000000000
88201  27.890  42.267  -24.990 0.0000000000
88212  35.550  42.300  -25.316 0.0000000000
88213  34.597  42.584  -25.754 0.0000000000
88214  33.507  42.727  -26.013 0.0000000000
88215  32.385  42.846  -26.110 0.0000000000
88216  31.267  42.991  -26.283 0.0000000000
88217  30.277  43.040  -26.642 0.0000000000
88218  29.394  42.916  -26.709 0.0000000000
88219  28.760  42.493  -26.350 0.0000000000
88827  30.851  44.248  -23.491 0.0000000000
88828  30.351  44.183  -23.471 0.0000000000
88829  29.285  44.037  -23.407 0.0000000000
88840  37.555  43.785  -23.750 0.0000000000
88841  31.910  44.268  -24.396 0.0000000000
88842  31.250  44.160  -24.048 0.0000000000
88843  30.082  43.826  -24.283 0.0000000000
88844  28.931  43.467  -24.258 0.0000000000
88851  34.264  43.924  -25.329 0.0000000000
88852  33.363  44.052  -25.326 0.0000000000
88853  32.171  44.114  -24.931 0.0000000000
88854  30.870  43.923  -25.190 0.0000000000
88855  29.752  43.616  -25.407 0.0000000000
88856  28.940  43.198  -25.162 0.0000000000
88866  35.244  43.307  -25.212 0.0000000000
88867  33.975  43.448  -25.694 0.0000000000
88868  32.827  43.521  -25.712 0.0000000000
88869  31.634  43.594  -25.790 0.0000000000
88870  30.560  43.717  -26.143 0.0000000000
88871  29.762  43.528  -26.347 0.0000000000
89418  34.059  44.711  -22.820 0.0000000000
89419  31.783  45.103  -21.996 0.0000000000
89420  30.210  45.228  -22.221 0.0000000000
89436  33.148  44.617  -23.589 0.0000000000
89437  32.321  44.664  -23.201 0.0000000000
89438  31.002  44.539  -23.060 0.0000000000
89439  29.718  44.656  -22.829 0.0000000000
89450  36.870  44.447  -23.245 0.0000000000
89451  33.915  44.510  -24.139 0.0000000000
89452  32.405  44.467  -24.169 0.0000000000
89453  31.719  44.435  -23.600 0.0000000000
89458  33.977  44.305  -24.932 0.0000000000
89459  33.031  44.381  -24.744 0.0000000000
89460  32.512  44.323  -24.631 0.0000000000
104670  38.457  39.211  -23.613 0.0000000000
104671  37.590  39.042  -23.920 0.0000000000
104672  38.186  39.100  -23.376 0.0000000000
104673  38.876  39.273  -23.308 0.0000000000
104674  38.666  39.418  -23.610 0.0000000000
104675  37.023  39.012  -23.539 0.0000000000
104676  36.700  38.686  -24.020 0.0000000000
104677  38.476  39.054  -23.058 0.0000000000
104678  37.447  39.422  -24.245 0.0000000000
104679  39.012  39.609  -23.323 0.0000000000
104680  39.056  39.688  -22.985 0.0000000000
104681  38.686  40.274  -23.697 0.0000000000
104682  36.449  38.912  -23.318 0.0000000000
104683  37.167  39.857  -24.481 0.0000000000
104684  37.052  39.126  -23.178 0.0000000000
104685  37.602  39.153  -22.986 0.0000000000
104686  38.399  39.447  -22.798 0.0000000000
104687  36.637  39.032  -23.205 0.0000000000
104688  36.855  40.464  -22.126 0.0000000000
104689  37.786  41.513  -24.427 0.0000000000
104690  38.226  39.489  -24.031 0.0000000000
104691  37.719  39.734  -24.298 0.0000000000
104692  37.729  40.359  -24.391 0.0000000000
104693  36.853  39.228  -22.944 0.0000000000
104695  37.439  40.247  -22.229 0.0000000000
104696  38.006  40.853  -24.358 0.0000000000
104697  37.565  42.123  -24.470 0.0000000000
104698  37.675  40.937  -24.485 0.0000000000
104699  36.040  42.012  -25.015 0.0000000000
104700  37.686  41.183  -24.488 0.0000000000
104701  36.425  41.615  -24.892 0.0000000000
104702  36.495  42.462  -24.759 0.0000000000
104703  36.801  39.751  -22.523 0.0000000000
104704  37.120  39.374  -22.809 0.0000000000
104705  35.670  43.900  -24.153 0.0000000000
104706  37.202  41.274  -24.628 0.0000000000
104707  35.860  43.058  -25.021 0.0000000000
104708  35.974  40.549  -22.290 0.0000000000
104710  35.830  43.248  -24.864 0.0000000000
104711  34.730  43.990  -24.913 0.0000000000
104715  34.541  44.440  -23.726 0.0000000000
104716  35.769  44.650  -23.041 0.0000000000
104717  34.552  44.210  -24.577 0.0000000000
