#!ascii label  , from subject FREESURFER vox2ras=TkReg 
221
658  19.331  -77.832  -7.471 0.0000000000
659  18.822  -77.869  -7.146 0.0000000000
667  19.736  -77.638  -8.237 0.0000000000
676  21.125  -76.909  -10.199 0.0000000000
960  20.468  -76.205  -7.997 0.0000000000
961  19.667  -77.185  -7.251 0.0000000000
962  18.730  -77.118  -6.690 0.0000000000
971  20.961  -76.071  -8.729 0.0000000000
972  20.507  -76.790  -8.752 0.0000000000
981  22.331  -75.298  -10.021 0.0000000000
982  21.478  -76.032  -9.719 0.0000000000
983  20.955  -76.848  -9.643 0.0000000000
990  22.246  -75.298  -10.675 0.0000000000
991  21.293  -76.476  -10.778 0.0000000000
1004  22.099  -75.110  -11.145 0.0000000000
1005  21.564  -75.651  -11.179 0.0000000000
1256  23.617  -74.148  -4.177 0.0000000000
1270  23.574  -74.049  -5.475 0.0000000000
1271  22.577  -74.683  -5.120 0.0000000000
1285  24.602  -73.606  -7.025 0.0000000000
1286  24.209  -73.720  -6.541 0.0000000000
1287  22.998  -74.415  -6.234 0.0000000000
1288  21.449  -74.986  -5.946 0.0000000000
1289  20.249  -75.664  -5.792 0.0000000000
1300  24.733  -73.613  -7.519 0.0000000000
1301  23.584  -74.181  -7.394 0.0000000000
1302  21.945  -74.625  -7.211 0.0000000000
1303  20.420  -75.754  -6.931 0.0000000000
1304  19.528  -76.504  -6.359 0.0000000000
1313  24.935  -73.770  -8.707 0.0000000000
1314  24.091  -74.218  -8.576 0.0000000000
1315  22.717  -74.609  -8.498 0.0000000000
1316  21.350  -75.367  -8.392 0.0000000000
1327  25.000  -73.825  -9.348 0.0000000000
1328  24.496  -74.088  -9.498 0.0000000000
1329  23.252  -74.709  -9.821 0.0000000000
1330  22.216  -75.164  -9.370 0.0000000000
1340  24.975  -73.852  -9.865 0.0000000000
1341  24.237  -73.973  -10.506 0.0000000000
1342  23.169  -74.530  -10.718 0.0000000000
1354  23.484  -74.065  -11.056 0.0000000000
1355  22.627  -74.546  -11.176 0.0000000000
1356  21.822  -74.826  -11.423 0.0000000000
1591  23.753  -73.358  -4.359 0.0000000000
1607  23.856  -73.460  -5.492 0.0000000000
1622  24.657  -73.372  -6.969 0.0000000000
1623  24.236  -73.354  -6.396 0.0000000000
1637  25.064  -73.196  -7.422 0.0000000000
1649  25.196  -73.193  -8.121 0.0000000000
1662  26.123  -73.083  -10.121 0.0000000000
1663  25.359  -73.427  -9.365 0.0000000000
1673  26.014  -73.219  -10.872 0.0000000000
1674  25.347  -73.518  -10.461 0.0000000000
1675  24.830  -73.551  -10.930 0.0000000000
1682  26.095  -73.053  -11.220 0.0000000000
1683  25.404  -73.225  -11.208 0.0000000000
1684  24.255  -73.507  -11.281 0.0000000000
1685  23.145  -73.698  -11.467 0.0000000000
1686  22.137  -73.875  -11.483 0.0000000000
1687  21.073  -74.006  -11.411 0.0000000000
1949  23.823  -73.095  -5.147 0.0000000000
1950  23.637  -72.529  -5.162 0.0000000000
1966  24.891  -73.191  -7.163 0.0000000000
1967  24.260  -72.958  -6.191 0.0000000000
1968  23.397  -72.191  -5.891 0.0000000000
1985  25.183  -73.104  -7.586 0.0000000000
1986  24.671  -72.800  -7.199 0.0000000000
1987  23.410  -72.348  -6.879 0.0000000000
1988  22.719  -72.079  -7.324 0.0000000000
2003  25.286  -72.999  -8.054 0.0000000000
2004  25.036  -72.765  -7.974 0.0000000000
2005  23.657  -72.437  -7.933 0.0000000000
2006  22.946  -72.235  -7.574 0.0000000000
2016  27.193  -71.777  -10.375 0.0000000000
2017  26.683  -72.235  -10.132 0.0000000000
2018  25.561  -72.676  -9.050 0.0000000000
2019  24.386  -72.278  -8.610 0.0000000000
2020  23.530  -72.147  -8.545 0.0000000000
2026  27.285  -71.944  -10.720 0.0000000000
2027  26.550  -72.705  -10.901 0.0000000000
2034  26.869  -72.174  -11.258 0.0000000000
2035  26.021  -72.610  -11.453 0.0000000000
2036  24.811  -72.723  -11.543 0.0000000000
2037  23.600  -72.794  -11.575 0.0000000000
2038  22.452  -72.832  -11.496 0.0000000000
2039  21.349  -72.878  -11.354 0.0000000000
2336  22.799  -71.734  -5.953 0.0000000000
2347  23.036  -71.993  -6.329 0.0000000000
2348  22.473  -71.800  -6.707 0.0000000000
2355  23.062  -72.125  -8.462 0.0000000000
2356  22.231  -71.925  -8.000 0.0000000000
2362  27.417  -71.500  -10.460 0.0000000000
2363  27.102  -71.542  -10.083 0.0000000000
2364  26.219  -71.696  -9.573 0.0000000000
2365  24.851  -71.694  -9.233 0.0000000000
2366  23.214  -71.711  -9.021 0.0000000000
2367  21.925  -71.161  -8.999 0.0000000000
2379  27.912  -70.931  -10.967 0.0000000000
2380  27.636  -71.216  -10.744 0.0000000000
2395  27.738  -70.839  -11.118 0.0000000000
2396  27.401  -71.317  -11.194 0.0000000000
2397  26.372  -71.650  -11.491 0.0000000000
2398  25.218  -71.779  -11.553 0.0000000000
2399  23.968  -71.781  -11.534 0.0000000000
2400  22.751  -71.750  -11.470 0.0000000000
2401  21.597  -71.743  -11.347 0.0000000000
2402  20.564  -71.870  -11.375 0.0000000000
2661  21.429  -70.912  -6.737 0.0000000000
2662  20.899  -69.754  -6.900 0.0000000000
2670  21.033  -70.269  -8.210 0.0000000000
2671  20.733  -69.442  -7.512 0.0000000000
2681  27.731  -70.422  -10.680 0.0000000000
2682  27.535  -70.787  -10.350 0.0000000000
2683  26.723  -70.763  -9.796 0.0000000000
2684  25.467  -70.742  -9.575 0.0000000000
2685  23.983  -70.692  -9.502 0.0000000000
2686  22.618  -70.558  -9.424 0.0000000000
2687  21.677  -70.310  -9.171 0.0000000000
2698  27.829  -70.598  -10.832 0.0000000000
2699  27.816  -70.841  -10.764 0.0000000000
2708  27.784  -70.427  -11.028 0.0000000000
2709  27.383  -70.451  -11.244 0.0000000000
2710  26.576  -70.609  -11.461 0.0000000000
2711  25.486  -70.703  -11.581 0.0000000000
2712  24.269  -70.709  -11.561 0.0000000000
2713  23.045  -70.669  -11.480 0.0000000000
2714  21.892  -70.627  -11.362 0.0000000000
2715  20.784  -70.678  -11.504 0.0000000000
3048  21.034  -69.152  -8.688 0.0000000000
3049  20.559  -68.844  -7.999 0.0000000000
3056  27.569  -69.690  -10.429 0.0000000000
3057  27.209  -69.728  -9.925 0.0000000000
3058  26.146  -69.720  -9.691 0.0000000000
3059  24.788  -69.650  -9.636 0.0000000000
3060  23.363  -69.449  -9.570 0.0000000000
3061  22.144  -69.583  -9.400 0.0000000000
3062  21.383  -69.646  -9.037 0.0000000000
3069  27.668  -69.782  -10.811 0.0000000000
3076  27.450  -69.628  -11.163 0.0000000000
3077  26.757  -69.611  -11.464 0.0000000000
3078  25.754  -69.633  -11.684 0.0000000000
3079  24.565  -69.629  -11.666 0.0000000000
3080  23.351  -69.616  -11.497 0.0000000000
3081  22.245  -69.622  -11.408 0.0000000000
3082  21.259  -69.586  -11.729 0.0000000000
3083  20.693  -69.941  -11.888 0.0000000000
3090  21.134  -69.252  -12.130 0.0000000000
3401  20.996  -68.105  -8.765 0.0000000000
3402  20.501  -67.813  -8.101 0.0000000000
3408  27.634  -68.555  -10.154 0.0000000000
3409  26.859  -68.676  -9.760 0.0000000000
3410  25.632  -68.650  -9.684 0.0000000000
3411  24.382  -68.561  -9.588 0.0000000000
3412  23.464  -68.380  -9.492 0.0000000000
3413  22.580  -68.604  -9.410 0.0000000000
3414  21.635  -68.806  -9.149 0.0000000000
3422  27.667  -68.710  -10.608 0.0000000000
3431  27.622  -68.734  -11.014 0.0000000000
3432  27.082  -68.678  -11.407 0.0000000000
3433  26.146  -68.624  -11.713 0.0000000000
3434  24.970  -68.574  -11.681 0.0000000000
3435  23.712  -68.552  -11.540 0.0000000000
3436  22.583  -68.669  -11.526 0.0000000000
3437  21.801  -68.898  -11.667 0.0000000000
3788  21.469  -67.238  -8.846 0.0000000000
3789  20.875  -67.116  -8.429 0.0000000000
3797  28.080  -67.590  -10.174 0.0000000000
3798  27.576  -67.683  -9.806 0.0000000000
3799  26.476  -67.683  -9.666 0.0000000000
3800  25.219  -67.656  -9.529 0.0000000000
3801  24.096  -67.647  -9.388 0.0000000000
3802  23.096  -67.681  -9.353 0.0000000000
3803  22.029  -67.731  -9.209 0.0000000000
3812  28.022  -67.931  -10.467 0.0000000000
3820  27.984  -67.884  -10.880 0.0000000000
3821  27.558  -67.828  -11.305 0.0000000000
3822  26.700  -67.705  -11.629 0.0000000000
3823  25.543  -67.580  -11.707 0.0000000000
3824  24.259  -67.478  -11.553 0.0000000000
3825  22.954  -67.496  -11.594 0.0000000000
3826  22.018  -68.122  -11.891 0.0000000000
4257  24.271  -66.356  -8.864 0.0000000000
4258  23.527  -66.237  -8.779 0.0000000000
4259  22.601  -66.189  -8.766 0.0000000000
4260  21.612  -66.352  -8.631 0.0000000000
4270  28.153  -66.784  -9.977 0.0000000000
4271  27.286  -66.784  -9.627 0.0000000000
4272  26.062  -66.794  -9.435 0.0000000000
4273  24.835  -66.774  -9.210 0.0000000000
4274  23.758  -66.910  -9.164 0.0000000000
4275  22.822  -66.902  -9.150 0.0000000000
4276  22.072  -66.871  -8.986 0.0000000000
4283  28.258  -67.051  -10.633 0.0000000000
4284  24.445  -65.848  -11.187 0.0000000000
4285  24.034  -65.859  -11.078 0.0000000000
4291  28.027  -67.181  -11.202 0.0000000000
4292  27.368  -66.918  -11.507 0.0000000000
4293  26.276  -66.717  -11.666 0.0000000000
4294  24.991  -66.484  -11.545 0.0000000000
4295  23.772  -66.290  -11.313 0.0000000000
4296  22.865  -66.376  -11.744 0.0000000000
4784  25.395  -65.838  -8.365 0.0000000000
4804  27.741  -65.861  -9.781 0.0000000000
4805  26.822  -66.000  -9.338 0.0000000000
4806  25.707  -66.116  -9.045 0.0000000000
4807  24.903  -66.163  -8.769 0.0000000000
4817  28.071  -65.814  -10.445 0.0000000000
4818  27.670  -65.297  -11.116 0.0000000000
4819  26.523  -65.177  -11.179 0.0000000000
4820  25.177  -65.353  -10.926 0.0000000000
4821  24.054  -65.437  -10.887 0.0000000000
4830  28.004  -66.303  -11.224 0.0000000000
4831  27.041  -65.975  -11.487 0.0000000000
4832  25.853  -65.852  -11.491 0.0000000000
4833  25.071  -65.836  -11.353 0.0000000000
4834  23.371  -65.476  -11.388 0.0000000000
5366  27.852  -64.838  -10.455 0.0000000000
5367  27.101  -64.606  -10.643 0.0000000000
5368  25.902  -64.657  -10.516 0.0000000000
5369  24.610  -64.528  -10.385 0.0000000000
5370  23.696  -64.532  -10.854 0.0000000000
