#!ascii label  , from subject FREESURFER vox2ras=TkReg 
232
3817  4.768  -68.465  -10.817 0.0000000000
3829  5.216  -67.769  -11.579 0.0000000000
3830  4.962  -68.495  -11.464 0.0000000000
3837  5.195  -67.831  -11.859 0.0000000000
3838  4.598  -68.354  -12.239 0.0000000000
3839  3.364  -68.297  -12.581 0.0000000000
3855  5.763  -67.767  -15.435 0.0000000000
3856  5.287  -67.773  -15.207 0.0000000000
3857  5.015  -67.652  -14.944 0.0000000000
3870  5.755  -67.752  -16.011 0.0000000000
3871  5.314  -67.700  -15.725 0.0000000000
3872  4.937  -67.595  -15.288 0.0000000000
4280  4.217  -66.802  -10.046 0.0000000000
4288  4.692  -67.626  -10.685 0.0000000000
4289  4.164  -67.492  -10.186 0.0000000000
4301  5.196  -67.217  -11.665 0.0000000000
4302  5.106  -67.401  -11.264 0.0000000000
4309  5.209  -67.122  -12.333 0.0000000000
4310  4.471  -67.381  -12.754 0.0000000000
4311  3.308  -67.254  -12.957 0.0000000000
4312  2.348  -67.007  -13.428 0.0000000000
4321  6.065  -66.796  -14.081 0.0000000000
4322  5.595  -66.876  -13.562 0.0000000000
4323  4.515  -66.997  -13.652 0.0000000000
4324  3.371  -66.544  -13.708 0.0000000000
4325  2.334  -66.505  -14.047 0.0000000000
4332  6.215  -67.116  -14.737 0.0000000000
4333  5.310  -67.479  -14.609 0.0000000000
4334  4.511  -67.029  -14.682 0.0000000000
4335  3.631  -66.358  -14.483 0.0000000000
4348  7.005  -66.767  -17.042 0.0000000000
4349  6.373  -67.280  -16.285 0.0000000000
4350  5.456  -67.450  -16.415 0.0000000000
4351  4.656  -66.999  -15.841 0.0000000000
4352  4.024  -66.428  -15.122 0.0000000000
4359  6.772  -66.451  -17.570 0.0000000000
4360  6.403  -66.883  -17.360 0.0000000000
4361  5.732  -66.930  -17.295 0.0000000000
4362  5.044  -66.846  -16.763 0.0000000000
4372  6.599  -66.233  -17.709 0.0000000000
4373  6.362  -66.491  -17.642 0.0000000000
4374  6.130  -66.730  -17.594 0.0000000000
4827  5.007  -65.836  -10.927 0.0000000000
4828  4.794  -66.363  -10.719 0.0000000000
4841  5.281  -66.082  -11.526 0.0000000000
4842  5.135  -66.781  -11.314 0.0000000000
4850  6.295  -65.633  -13.128 0.0000000000
4851  5.811  -65.995  -12.614 0.0000000000
4861  6.337  -66.150  -13.917 0.0000000000
4862  6.062  -66.196  -13.285 0.0000000000
4863  2.922  -66.079  -14.300 0.0000000000
4864  2.437  -66.234  -14.470 0.0000000000
4876  7.183  -65.859  -15.141 0.0000000000
4877  6.681  -66.188  -14.746 0.0000000000
4878  3.340  -65.927  -14.964 0.0000000000
4879  2.511  -65.969  -14.979 0.0000000000
4895  9.183  -65.698  -15.695 0.0000000000
4896  7.625  -66.109  -16.168 0.0000000000
4897  6.779  -66.583  -15.468 0.0000000000
4898  4.602  -66.066  -16.511 0.0000000000
4899  3.958  -65.764  -15.685 0.0000000000
4900  2.958  -65.351  -15.406 0.0000000000
4911  10.016  -65.709  -16.867 0.0000000000
4912  8.761  -65.901  -17.216 0.0000000000
4913  7.563  -66.189  -17.487 0.0000000000
4914  5.631  -66.130  -17.543 0.0000000000
4915  5.143  -66.165  -17.168 0.0000000000
4925  11.441  -65.033  -18.516 0.0000000000
4926  11.008  -65.327  -17.897 0.0000000000
4927  9.725  -65.593  -18.140 0.0000000000
4928  8.369  -65.527  -18.364 0.0000000000
4929  7.075  -65.834  -17.899 0.0000000000
4930  6.400  -65.965  -17.769 0.0000000000
4931  5.995  -66.348  -17.689 0.0000000000
4938  11.249  -65.105  -18.707 0.0000000000
4939  10.599  -65.245  -18.914 0.0000000000
4940  9.414  -65.293  -19.057 0.0000000000
4941  8.759  -65.176  -19.003 0.0000000000
4942  10.556  -64.966  -19.267 0.0000000000
4943  10.096  -65.042  -19.301 0.0000000000
5363  4.704  -65.383  -10.222 0.0000000000
5376  5.168  -65.279  -10.762 0.0000000000
5377  4.872  -65.688  -10.678 0.0000000000
5388  5.589  -65.063  -11.295 0.0000000000
5400  6.446  -64.905  -12.462 0.0000000000
5401  5.820  -65.260  -11.898 0.0000000000
5417  8.550  -65.223  -13.918 0.0000000000
5418  7.693  -64.923  -13.693 0.0000000000
5419  6.801  -65.082  -13.408 0.0000000000
5439  8.578  -65.335  -14.516 0.0000000000
5440  7.912  -65.308  -14.835 0.0000000000
5441  7.021  -65.410  -14.339 0.0000000000
5457  8.653  -65.459  -14.981 0.0000000000
5458  8.345  -65.583  -15.467 0.0000000000
5459  5.640  -64.688  -16.814 0.0000000000
5460  5.141  -64.744  -16.513 0.0000000000
5461  4.291  -64.973  -16.237 0.0000000000
5462  3.452  -64.865  -15.744 0.0000000000
5473  11.572  -64.639  -17.729 0.0000000000
5475  6.967  -64.574  -17.522 0.0000000000
5476  6.141  -64.746  -17.276 0.0000000000
5477  5.392  -65.300  -17.316 0.0000000000
5478  4.834  -65.428  -16.864 0.0000000000
5487  11.676  -64.772  -18.282 0.0000000000
5488  11.427  -64.962  -17.777 0.0000000000
5489  8.417  -64.699  -18.749 0.0000000000
5490  7.491  -64.834  -18.242 0.0000000000
5491  6.635  -65.293  -17.883 0.0000000000
5492  5.992  -65.647  -17.721 0.0000000000
5498  11.657  -64.762  -18.970 0.0000000000
5499  11.229  -65.040  -19.010 0.0000000000
5500  9.622  -64.615  -19.315 0.0000000000
5501  8.961  -64.918  -19.231 0.0000000000
5502  11.593  -64.530  -19.200 0.0000000000
5503  11.133  -64.690  -19.263 0.0000000000
5504  10.368  -64.593  -19.387 0.0000000000
6024  5.312  -63.607  -15.008 0.0000000000
6025  4.473  -63.606  -14.917 0.0000000000
6026  3.578  -63.547  -14.978 0.0000000000
6044  7.075  -63.633  -15.988 0.0000000000
6045  6.034  -64.067  -15.877 0.0000000000
6046  4.912  -64.278  -15.567 0.0000000000
6047  3.959  -64.273  -15.434 0.0000000000
6066  8.470  -63.229  -17.174 0.0000000000
6067  7.849  -63.674  -16.991 0.0000000000
6068  6.858  -64.201  -16.696 0.0000000000
6081  11.907  -64.060  -17.997 0.0000000000
6082  9.482  -62.987  -18.291 0.0000000000
6083  8.826  -63.431  -17.938 0.0000000000
6084  8.066  -64.173  -18.130 0.0000000000
6092  12.626  -63.583  -18.960 0.0000000000
6093  12.290  -63.958  -18.784 0.0000000000
6094  10.390  -62.981  -19.503 0.0000000000
6095  9.730  -63.469  -19.082 0.0000000000
6096  9.039  -64.287  -18.995 0.0000000000
6097  12.518  -63.474  -19.112 0.0000000000
6098  11.863  -63.920  -19.348 0.0000000000
6099  10.790  -63.689  -19.604 0.0000000000
6100  10.092  -64.158  -19.452 0.0000000000
6599  5.906  -62.926  -14.838 0.0000000000
6600  4.924  -62.931  -14.590 0.0000000000
6601  4.020  -62.897  -14.508 0.0000000000
6612  7.880  -62.216  -16.134 0.0000000000
6613  7.388  -62.707  -15.827 0.0000000000
6614  6.641  -63.077  -15.365 0.0000000000
6631  8.953  -61.781  -16.828 0.0000000000
6632  8.581  -62.513  -16.789 0.0000000000
6633  7.997  -62.789  -16.327 0.0000000000
6646  12.887  -62.708  -18.733 0.0000000000
6647  12.416  -62.948  -18.356 0.0000000000
6648  9.981  -61.875  -18.055 0.0000000000
6649  9.538  -62.190  -17.575 0.0000000000
6650  9.027  -62.714  -17.379 0.0000000000
6659  12.894  -62.938  -18.991 0.0000000000
6660  12.624  -63.380  -18.847 0.0000000000
6661  10.249  -62.170  -18.761 0.0000000000
6662  9.761  -62.725  -18.477 0.0000000000
6667  12.546  -62.793  -19.436 0.0000000000
6668  11.808  -62.727  -19.791 0.0000000000
6669  10.928  -62.441  -19.845 0.0000000000
7182  5.879  -62.371  -14.873 0.0000000000
7183  5.372  -62.306  -14.799 0.0000000000
7184  4.172  -62.057  -14.437 0.0000000000
7198  7.877  -61.633  -16.375 0.0000000000
7199  7.172  -61.629  -16.073 0.0000000000
7200  6.195  -61.934  -15.340 0.0000000000
7201  4.844  -61.640  -15.421 0.0000000000
7219  8.941  -61.148  -16.990 0.0000000000
7220  8.188  -61.314  -16.811 0.0000000000
7221  7.015  -61.222  -17.228 0.0000000000
7222  6.087  -61.206  -16.853 0.0000000000
7223  5.117  -61.229  -16.457 0.0000000000
7234  13.162  -62.158  -18.710 0.0000000000
7235  12.541  -61.769  -18.031 0.0000000000
7236  10.006  -61.251  -17.859 0.0000000000
7237  9.436  -61.003  -17.327 0.0000000000
7238  6.528  -61.081  -17.918 0.0000000000
7239  6.273  -61.080  -17.623 0.0000000000
7248  13.352  -61.470  -19.836 0.0000000000
7249  13.269  -61.931  -19.445 0.0000000000
7250  10.520  -61.046  -18.479 0.0000000000
7255  13.396  -61.262  -19.975 0.0000000000
7256  12.803  -61.703  -19.862 0.0000000000
7257  11.791  -61.650  -19.972 0.0000000000
7258  10.974  -61.236  -19.354 0.0000000000
7821  8.687  -60.593  -17.544 0.0000000000
7822  8.016  -60.798  -17.551 0.0000000000
7823  7.493  -61.023  -17.470 0.0000000000
7824  5.867  -60.597  -17.431 0.0000000000
7825  5.166  -60.618  -17.134 0.0000000000
7838  13.161  -60.984  -18.280 0.0000000000
7840  10.034  -60.276  -18.000 0.0000000000
7841  9.119  -60.247  -17.743 0.0000000000
7842  7.865  -60.286  -18.590 0.0000000000
7843  6.843  -60.895  -18.371 0.0000000000
7844  6.326  -60.840  -17.905 0.0000000000
7854  13.923  -61.100  -19.882 0.0000000000
7855  14.001  -61.303  -19.002 0.0000000000
7856  10.591  -60.290  -18.660 0.0000000000
7857  7.429  -59.955  -19.304 0.0000000000
7858  6.972  -60.210  -19.159 0.0000000000
7865  13.397  -60.876  -20.063 0.0000000000
7866  12.503  -60.885  -19.871 0.0000000000
7867  11.651  -60.665  -19.555 0.0000000000
7868  11.063  -60.274  -19.136 0.0000000000
8447  12.820  -59.096  -16.938 0.0000000000
8450  5.909  -59.917  -17.026 0.0000000000
8451  5.257  -59.966  -16.999 0.0000000000
8460  14.121  -59.588  -18.459 0.0000000000
8461  13.103  -59.554  -17.600 0.0000000000
8463  10.025  -59.637  -18.164 0.0000000000
8464  9.124  -59.651  -18.075 0.0000000000
8465  8.463  -59.914  -18.434 0.0000000000
8466  6.642  -59.727  -18.330 0.0000000000
8467  6.323  -60.313  -17.762 0.0000000000
8474  14.687  -59.321  -19.478 0.0000000000
8475  14.512  -60.041  -19.236 0.0000000000
8476  13.800  -60.310  -18.564 0.0000000000
8477  10.575  -59.452  -18.651 0.0000000000
8478  9.334  -59.118  -18.247 0.0000000000
8479  8.112  -59.476  -18.889 0.0000000000
8480  7.156  -59.441  -19.100 0.0000000000
8485  14.097  -59.810  -19.866 0.0000000000
8486  12.954  -59.994  -19.630 0.0000000000
8487  12.064  -60.013  -19.454 0.0000000000
8488  11.364  -59.760  -19.236 0.0000000000
9154  15.289  -58.686  -18.577 0.0000000000
9155  14.424  -58.857  -17.922 0.0000000000
9156  13.650  -58.833  -17.437 0.0000000000
9162  15.091  -58.997  -19.142 0.0000000000
9163  14.788  -59.257  -18.719 0.0000000000
9175  11.653  -59.434  -19.364 0.0000000000
