#!ascii label  , from subject FREESURFER vox2ras=TkReg 
100
89408  22.099  45.219  -20.817 0.0000000000
89409  21.616  45.428  -20.999 0.0000000000
89428  22.482  44.397  -21.155 0.0000000000
89429  21.471  44.759  -21.371 0.0000000000
89430  20.727  44.526  -22.094 0.0000000000
89443  20.320  44.295  -22.790 0.0000000000
89444  20.007  43.968  -23.280 0.0000000000
89454  19.648  43.985  -23.907 0.0000000000
89461  19.413  44.011  -24.887 0.0000000000
89467  19.538  43.927  -26.006 0.0000000000
89947  21.707  45.936  -20.671 0.0000000000
89961  21.230  45.809  -21.160 0.0000000000
89962  20.729  45.573  -21.759 0.0000000000
89970  20.290  45.396  -22.686 0.0000000000
89971  19.986  44.706  -23.410 0.0000000000
89978  20.071  45.646  -23.710 0.0000000000
89979  19.752  44.857  -24.286 0.0000000000
89984  20.062  45.731  -24.740 0.0000000000
89985  19.733  44.895  -25.342 0.0000000000
89991  20.189  45.754  -25.821 0.0000000000
89992  19.952  44.847  -26.458 0.0000000000
90000  20.452  45.827  -26.931 0.0000000000
90001  20.261  44.752  -27.508 0.0000000000
90006  20.457  45.667  -28.050 0.0000000000
90012  20.261  46.033  -28.565 0.0000000000
90518  21.286  46.667  -20.890 0.0000000000
90526  20.825  46.556  -21.502 0.0000000000
90527  20.457  46.474  -22.248 0.0000000000
90534  20.235  46.519  -23.180 0.0000000000
90540  20.265  46.596  -24.221 0.0000000000
90546  20.458  46.579  -25.272 0.0000000000
90549  20.775  46.512  -26.252 0.0000000000
90557  20.912  46.527  -26.875 0.0000000000
90563  20.902  46.586  -27.456 0.0000000000
90567  20.661  46.651  -28.215 0.0000000000
90568  20.239  46.521  -28.985 0.0000000000
91142  21.413  47.551  -20.646 0.0000000000
91149  20.962  47.448  -21.276 0.0000000000
91150  20.568  47.373  -21.917 0.0000000000
91158  20.378  47.400  -22.733 0.0000000000
91164  20.367  47.528  -23.770 0.0000000000
91170  20.663  47.483  -24.855 0.0000000000
91174  21.967  47.913  -26.271 0.0000000000
91175  21.157  47.248  -25.800 0.0000000000
91183  22.183  48.002  -27.184 0.0000000000
91184  21.455  47.137  -26.818 0.0000000000
91193  22.124  48.282  -27.608 0.0000000000
91194  21.447  47.629  -27.778 0.0000000000
91200  20.695  47.447  -28.606 0.0000000000
91201  19.955  47.418  -29.413 0.0000000000
91741  21.120  48.349  -21.132 0.0000000000
91742  20.717  48.193  -21.724 0.0000000000
91748  20.516  48.132  -22.346 0.0000000000
91754  20.535  48.301  -23.231 0.0000000000
91760  21.779  48.892  -24.940 0.0000000000
91761  21.151  48.558  -24.489 0.0000000000
91768  22.973  49.123  -26.059 0.0000000000
91769  22.347  48.806  -25.637 0.0000000000
91770  21.438  48.011  -25.416 0.0000000000
91778  23.135  49.061  -26.508 0.0000000000
91779  22.711  48.553  -26.772 0.0000000000
91790  23.277  48.947  -27.232 0.0000000000
91791  22.720  48.713  -27.534 0.0000000000
91792  21.960  48.612  -27.934 0.0000000000
91798  21.060  48.332  -28.280 0.0000000000
91799  20.333  48.283  -28.932 0.0000000000
92260  20.880  49.190  -21.875 0.0000000000
92261  20.668  48.597  -22.110 0.0000000000
92268  21.024  49.583  -22.949 0.0000000000
92269  20.715  48.826  -22.640 0.0000000000
92277  21.479  49.579  -23.796 0.0000000000
92278  20.984  49.024  -23.517 0.0000000000
92285  22.693  49.892  -24.976 0.0000000000
92286  21.884  49.305  -24.699 0.0000000000
92287  21.344  49.132  -24.105 0.0000000000
92293  23.158  49.596  -25.992 0.0000000000
92294  22.565  49.374  -25.308 0.0000000000
92299  23.438  49.682  -27.251 0.0000000000
92300  23.056  50.074  -27.680 0.0000000000
92310  23.244  49.159  -27.656 0.0000000000
92311  22.597  49.531  -27.839 0.0000000000
92312  21.069  49.363  -28.093 0.0000000000
92313  20.335  49.860  -28.378 0.0000000000
92318  20.587  48.803  -28.498 0.0000000000
92733  22.060  49.980  -24.227 0.0000000000
92744  23.669  50.559  -26.624 0.0000000000
92745  23.019  50.604  -27.252 0.0000000000
92746  22.161  50.700  -27.165 0.0000000000
92756  22.579  50.260  -27.584 0.0000000000
92757  21.569  50.359  -27.590 0.0000000000
92758  20.548  50.369  -27.993 0.0000000000
93169  23.222  51.408  -26.780 0.0000000000
93170  22.362  51.245  -26.781 0.0000000000
93171  21.301  51.249  -26.839 0.0000000000
93172  20.376  51.619  -27.093 0.0000000000
93180  20.663  50.939  -27.412 0.0000000000
93672  21.605  52.868  -26.196 0.0000000000
93676  22.644  51.746  -26.577 0.0000000000
93677  21.898  51.961  -26.431 0.0000000000
93678  20.692  52.443  -26.505 0.0000000000
