#!ascii label  , from subject FREESURFER vox2ras=TkReg 
387
3852  20.880  -67.228  -15.110 0.0000000000
3868  21.118  -67.478  -15.914 0.0000000000
4297  20.140  -65.830  -11.978 0.0000000000
4298  19.841  -66.070  -11.596 0.0000000000
4305  20.146  -66.289  -12.420 0.0000000000
4317  21.088  -65.820  -14.010 0.0000000000
4318  20.604  -66.297  -13.520 0.0000000000
4330  21.093  -66.414  -14.468 0.0000000000
4331  20.568  -67.022  -14.297 0.0000000000
4347  21.615  -66.646  -15.549 0.0000000000
4770  17.141  -64.973  -8.005 0.0000000000
4790  18.493  -64.916  -9.172 0.0000000000
4791  17.777  -65.059  -8.503 0.0000000000
4808  19.317  -64.859  -10.183 0.0000000000
4809  19.073  -65.190  -9.903 0.0000000000
4822  19.459  -65.172  -10.500 0.0000000000
4823  19.238  -65.621  -10.307 0.0000000000
4836  20.161  -65.370  -11.760 0.0000000000
4837  19.812  -65.323  -11.171 0.0000000000
4846  20.317  -65.538  -12.218 0.0000000000
4856  21.051  -65.250  -13.589 0.0000000000
4857  20.583  -65.424  -12.812 0.0000000000
4871  22.107  -65.007  -15.148 0.0000000000
4872  21.589  -65.415  -14.529 0.0000000000
4892  22.060  -65.725  -15.388 0.0000000000
5310  16.244  -63.953  -7.170 0.0000000000
5325  17.473  -64.132  -8.058 0.0000000000
5326  16.752  -64.492  -7.586 0.0000000000
5341  18.493  -64.074  -9.225 0.0000000000
5342  18.079  -64.159  -8.705 0.0000000000
5356  19.213  -64.558  -10.024 0.0000000000
5357  18.873  -64.358  -9.661 0.0000000000
5358  10.987  -64.886  -9.546 0.0000000000
5371  19.435  -64.481  -10.420 0.0000000000
5372  10.884  -64.830  -10.627 0.0000000000
5382  20.129  -64.666  -11.585 0.0000000000
5383  19.763  -64.553  -10.995 0.0000000000
5393  20.419  -64.782  -12.229 0.0000000000
5394  16.564  -64.934  -13.836 0.0000000000
5395  16.034  -64.696  -13.414 0.0000000000
5396  15.516  -64.413  -13.180 0.0000000000
5410  21.220  -64.250  -13.961 0.0000000000
5411  20.745  -64.496  -13.072 0.0000000000
5412  17.304  -65.126  -14.627 0.0000000000
5413  16.623  -65.237  -14.597 0.0000000000
5414  15.931  -65.042  -14.321 0.0000000000
5415  15.350  -64.434  -13.923 0.0000000000
5432  22.271  -64.371  -15.470 0.0000000000
5433  21.740  -64.327  -14.780 0.0000000000
5434  17.641  -65.080  -15.115 0.0000000000
5435  16.952  -65.241  -15.420 0.0000000000
5436  16.062  -65.033  -15.486 0.0000000000
5437  15.575  -64.698  -14.770 0.0000000000
5453  17.540  -65.038  -16.098 0.0000000000
5454  16.754  -65.050  -16.466 0.0000000000
5455  16.283  -64.725  -16.454 0.0000000000
5470  17.458  -64.937  -17.549 0.0000000000
5471  16.663  -64.580  -17.201 0.0000000000
5472  16.289  -64.420  -16.694 0.0000000000
5485  17.298  -64.333  -18.039 0.0000000000
5486  16.988  -64.429  -17.904 0.0000000000
5882  14.357  -63.501  -5.950 0.0000000000
5883  13.647  -63.391  -5.649 0.0000000000
5884  12.809  -63.339  -5.517 0.0000000000
5885  11.889  -63.361  -5.683 0.0000000000
5896  16.323  -63.240  -7.228 0.0000000000
5897  15.780  -63.368  -6.819 0.0000000000
5898  15.047  -63.490  -6.398 0.0000000000
5899  11.548  -63.247  -6.483 0.0000000000
5900  10.992  -63.916  -6.705 0.0000000000
5909  17.320  -63.486  -8.079 0.0000000000
5910  16.893  -63.533  -7.632 0.0000000000
5911  11.426  -63.190  -7.596 0.0000000000
5912  10.957  -64.246  -7.731 0.0000000000
5922  18.080  -63.632  -9.135 0.0000000000
5923  17.570  -63.454  -8.634 0.0000000000
5924  11.281  -63.006  -8.371 0.0000000000
5925  11.102  -63.803  -8.773 0.0000000000
5935  19.159  -63.976  -10.158 0.0000000000
5936  18.427  -63.669  -9.818 0.0000000000
5937  17.412  -63.309  -9.571 0.0000000000
5938  16.783  -63.241  -9.718 0.0000000000
5939  10.800  -64.005  -9.874 0.0000000000
5947  19.482  -63.905  -10.870 0.0000000000
5948  18.730  -63.597  -10.748 0.0000000000
5949  17.677  -63.525  -10.591 0.0000000000
5950  16.500  -63.488  -10.343 0.0000000000
5951  15.794  -63.435  -10.513 0.0000000000
5952  10.551  -63.820  -10.600 0.0000000000
5953  10.303  -63.584  -10.996 0.0000000000
5959  20.272  -64.293  -11.946 0.0000000000
5960  19.978  -63.949  -11.656 0.0000000000
5961  19.186  -63.559  -11.668 0.0000000000
5962  18.052  -63.666  -11.676 0.0000000000
5963  16.784  -63.992  -11.486 0.0000000000
5964  15.377  -63.595  -11.372 0.0000000000
5965  14.472  -63.158  -12.428 0.0000000000
5966  10.601  -64.138  -11.211 0.0000000000
5967  10.166  -63.408  -11.476 0.0000000000
5976  20.374  -64.027  -12.461 0.0000000000
5977  19.774  -63.607  -12.603 0.0000000000
5978  18.652  -63.772  -12.766 0.0000000000
5979  17.179  -64.479  -12.904 0.0000000000
5980  15.909  -64.346  -12.485 0.0000000000
5981  14.952  -63.928  -12.957 0.0000000000
5982  14.375  -62.988  -13.394 0.0000000000
5983  10.551  -64.105  -12.043 0.0000000000
5984  9.982  -63.179  -12.286 0.0000000000
5995  21.007  -63.749  -14.047 0.0000000000
5996  20.528  -63.738  -13.635 0.0000000000
5997  19.391  -63.764  -13.814 0.0000000000
5998  18.112  -64.596  -14.153 0.0000000000
5999  17.158  -64.948  -13.989 0.0000000000
6000  14.817  -63.434  -14.074 0.0000000000
6001  14.535  -62.753  -13.924 0.0000000000
6003  9.845  -62.905  -12.811 0.0000000000
6016  21.790  -63.796  -15.300 0.0000000000
6017  21.104  -63.596  -14.740 0.0000000000
6018  19.997  -63.635  -14.937 0.0000000000
6019  18.958  -64.232  -15.146 0.0000000000
6020  18.165  -64.806  -15.376 0.0000000000
6021  15.572  -64.451  -15.305 0.0000000000
6022  15.253  -64.064  -14.755 0.0000000000
6037  21.417  -63.417  -15.804 0.0000000000
6038  20.473  -63.587  -16.264 0.0000000000
6039  19.371  -64.182  -16.367 0.0000000000
6040  18.370  -64.739  -16.449 0.0000000000
6041  15.836  -64.192  -16.063 0.0000000000
6042  15.442  -63.884  -15.345 0.0000000000
6059  20.243  -63.771  -17.349 0.0000000000
6060  19.645  -64.105  -17.545 0.0000000000
6061  18.663  -64.585  -17.698 0.0000000000
6062  16.818  -64.045  -17.577 0.0000000000
6063  16.423  -63.884  -16.849 0.0000000000
6079  17.936  -64.049  -18.344 0.0000000000
6080  17.249  -63.782  -18.011 0.0000000000
6477  14.179  -62.706  -5.924 0.0000000000
6478  13.536  -62.484  -5.927 0.0000000000
6479  12.626  -62.626  -6.008 0.0000000000
6480  12.064  -62.768  -6.334 0.0000000000
6491  16.007  -62.773  -7.078 0.0000000000
6492  15.341  -62.523  -6.649 0.0000000000
6493  14.718  -62.817  -6.213 0.0000000000
6494  13.116  -62.095  -6.347 0.0000000000
6495  12.528  -62.176  -6.857 0.0000000000
6496  11.896  -62.694  -6.949 0.0000000000
6505  17.033  -63.051  -8.231 0.0000000000
6506  16.440  -62.751  -7.700 0.0000000000
6507  15.753  -62.284  -7.400 0.0000000000
6508  12.435  -61.866  -7.429 0.0000000000
6509  12.011  -62.200  -7.603 0.0000000000
6516  17.018  -62.990  -9.000 0.0000000000
6517  16.420  -62.709  -8.618 0.0000000000
6518  15.949  -62.313  -8.169 0.0000000000
6519  11.541  -62.384  -8.298 0.0000000000
6520  11.065  -62.582  -8.924 0.0000000000
6526  16.896  -63.140  -9.443 0.0000000000
6527  16.306  -63.092  -9.551 0.0000000000
6528  15.499  -62.437  -9.157 0.0000000000
6529  14.884  -62.107  -9.484 0.0000000000
6530  10.557  -62.940  -9.642 0.0000000000
6531  10.245  -62.882  -10.170 0.0000000000
6539  15.973  -63.359  -10.137 0.0000000000
6540  15.461  -63.140  -10.221 0.0000000000
6541  14.765  -62.404  -10.235 0.0000000000
6542  10.424  -63.324  -10.190 0.0000000000
6543  10.011  -62.959  -10.714 0.0000000000
6551  14.944  -63.004  -10.822 0.0000000000
6552  14.354  -62.605  -11.526 0.0000000000
6553  9.705  -62.524  -11.595 0.0000000000
6564  13.854  -62.260  -12.882 0.0000000000
6565  9.631  -62.367  -12.408 0.0000000000
6577  17.816  -61.769  -15.007 0.0000000000
6578  17.428  -61.746  -14.871 0.0000000000
6579  14.763  -62.514  -14.335 0.0000000000
6580  14.263  -62.165  -13.818 0.0000000000
6581  9.916  -62.680  -13.637 0.0000000000
6582  9.693  -62.334  -13.166 0.0000000000
6593  17.418  -62.048  -15.656 0.0000000000
6594  16.538  -62.037  -15.283 0.0000000000
6595  15.653  -62.602  -15.276 0.0000000000
6596  15.093  -63.152  -14.977 0.0000000000
6598  9.793  -62.239  -13.697 0.0000000000
6606  21.080  -63.310  -16.408 0.0000000000
6607  17.291  -62.491  -16.562 0.0000000000
6608  16.785  -62.661  -16.260 0.0000000000
6609  16.094  -63.107  -16.082 0.0000000000
6610  15.594  -63.403  -15.554 0.0000000000
6626  17.546  -62.653  -17.245 0.0000000000
6627  16.965  -63.244  -17.194 0.0000000000
6628  16.552  -63.239  -16.622 0.0000000000
6644  17.896  -62.929  -18.100 0.0000000000
6645  17.403  -63.185  -17.719 0.0000000000
7039  14.101  -62.287  -5.990 0.0000000000
7040  14.018  -62.060  -6.068 0.0000000000
7051  15.088  -62.079  -6.605 0.0000000000
7052  14.604  -62.046  -6.337 0.0000000000
7053  13.776  -61.745  -6.463 0.0000000000
7054  13.164  -61.724  -6.836 0.0000000000
7064  15.206  -61.856  -6.974 0.0000000000
7065  14.415  -61.413  -7.375 0.0000000000
7066  13.587  -61.373  -7.246 0.0000000000
7067  12.858  -61.459  -7.503 0.0000000000
7068  12.357  -61.646  -7.804 0.0000000000
7077  15.277  -61.814  -8.067 0.0000000000
7078  14.552  -61.371  -8.561 0.0000000000
7079  12.518  -61.213  -8.084 0.0000000000
7080  11.899  -61.424  -8.367 0.0000000000
7081  11.240  -61.769  -8.836 0.0000000000
7090  14.928  -61.871  -8.969 0.0000000000
7091  14.508  -61.521  -9.660 0.0000000000
7092  11.277  -60.977  -9.037 0.0000000000
7093  10.467  -61.523  -9.661 0.0000000000
7094  10.121  -62.367  -10.170 0.0000000000
7105  14.057  -61.574  -10.925 0.0000000000
7106  13.649  -60.958  -10.956 0.0000000000
7107  9.972  -60.952  -10.352 0.0000000000
7108  9.706  -61.615  -10.810 0.0000000000
7122  19.130  -61.118  -12.183 0.0000000000
7123  18.275  -61.109  -12.342 0.0000000000
7124  17.754  -61.053  -12.505 0.0000000000
7125  13.673  -61.708  -12.109 0.0000000000
7126  13.428  -61.036  -11.647 0.0000000000
7127  9.477  -61.626  -11.927 0.0000000000
7143  18.738  -61.455  -13.045 0.0000000000
7144  17.763  -61.410  -13.136 0.0000000000
7145  17.015  -61.141  -13.419 0.0000000000
7146  13.636  -61.511  -12.856 0.0000000000
7147  13.508  -60.874  -12.687 0.0000000000
7148  9.489  -61.731  -12.612 0.0000000000
7161  18.178  -61.722  -14.265 0.0000000000
7162  17.084  -61.529  -14.222 0.0000000000
7163  16.184  -61.127  -14.090 0.0000000000
7164  14.985  -61.425  -14.171 0.0000000000
7165  14.017  -61.067  -13.444 0.0000000000
7166  13.785  -60.335  -13.184 0.0000000000
7167  9.480  -61.462  -13.035 0.0000000000
7176  18.139  -61.792  -15.392 0.0000000000
7177  16.366  -61.607  -14.599 0.0000000000
7178  15.758  -61.802  -14.759 0.0000000000
7179  15.198  -62.270  -14.752 0.0000000000
7181  9.675  -61.577  -13.664 0.0000000000
7196  17.841  -62.104  -16.362 0.0000000000
7216  18.118  -62.198  -17.173 0.0000000000
7661  13.868  -61.196  -7.670 0.0000000000
7662  13.430  -61.064  -7.907 0.0000000000
7663  12.914  -60.891  -8.107 0.0000000000
7674  13.972  -61.014  -8.222 0.0000000000
7675  13.298  -60.532  -8.737 0.0000000000
7676  12.479  -60.632  -8.598 0.0000000000
7677  11.850  -60.683  -8.821 0.0000000000
7689  19.488  -60.185  -10.007 0.0000000000
7690  18.588  -60.227  -9.944 0.0000000000
7691  17.654  -60.173  -9.942 0.0000000000
7692  16.824  -60.004  -10.002 0.0000000000
7693  14.063  -60.780  -9.185 0.0000000000
7694  13.411  -60.350  -9.836 0.0000000000
7695  12.143  -60.363  -9.102 0.0000000000
7696  11.649  -60.348  -9.349 0.0000000000
7697  10.955  -60.419  -9.665 0.0000000000
7712  19.092  -60.552  -10.681 0.0000000000
7713  18.103  -60.527  -10.761 0.0000000000
7714  17.082  -60.398  -10.817 0.0000000000
7715  16.148  -59.865  -10.823 0.0000000000
7716  15.464  -59.407  -11.256 0.0000000000
7717  13.904  -60.842  -10.255 0.0000000000
7718  13.301  -60.385  -11.025 0.0000000000
7719  10.369  -60.352  -10.325 0.0000000000
7720  9.848  -60.496  -10.890 0.0000000000
7741  18.632  -60.826  -11.523 0.0000000000
7742  17.536  -60.740  -11.915 0.0000000000
7743  16.428  -60.322  -11.880 0.0000000000
7744  15.630  -59.733  -12.021 0.0000000000
7745  13.221  -60.368  -12.099 0.0000000000
7746  9.545  -60.693  -11.683 0.0000000000
7763  17.348  -61.009  -12.756 0.0000000000
7764  16.557  -60.718  -12.948 0.0000000000
7765  15.678  -60.191  -12.877 0.0000000000
7766  13.841  -59.393  -13.117 0.0000000000
7767  13.567  -59.918  -12.880 0.0000000000
7768  9.420  -61.013  -12.502 0.0000000000
7782  15.644  -60.632  -13.647 0.0000000000
7783  14.827  -60.300  -13.507 0.0000000000
7784  14.105  -59.869  -13.329 0.0000000000
7785  13.791  -60.025  -13.224 0.0000000000
7786  9.484  -60.768  -13.190 0.0000000000
7797  9.683  -60.652  -13.878 0.0000000000
8300  18.556  -59.488  -8.724 0.0000000000
8301  17.779  -59.251  -8.638 0.0000000000
8302  16.976  -59.039  -8.828 0.0000000000
8303  12.810  -60.352  -8.958 0.0000000000
8304  12.519  -60.308  -9.160 0.0000000000
8327  19.030  -59.853  -9.312 0.0000000000
8328  18.130  -59.847  -9.229 0.0000000000
8329  17.243  -59.664  -9.293 0.0000000000
8330  16.222  -59.321  -9.609 0.0000000000
8331  15.442  -58.931  -10.054 0.0000000000
8332  12.864  -60.189  -9.461 0.0000000000
8333  12.221  -59.984  -9.689 0.0000000000
8334  11.490  -59.843  -9.939 0.0000000000
8335  10.899  -59.846  -10.205 0.0000000000
8356  15.606  -59.342  -10.480 0.0000000000
8357  14.986  -58.829  -10.923 0.0000000000
8358  14.689  -58.463  -11.298 0.0000000000
8359  12.732  -59.831  -10.512 0.0000000000
8360  11.977  -59.354  -10.508 0.0000000000
8361  11.239  -59.369  -10.509 0.0000000000
8362  10.580  -59.460  -10.850 0.0000000000
8363  10.143  -59.962  -10.872 0.0000000000
8379  15.041  -59.116  -12.066 0.0000000000
8380  14.638  -58.589  -11.863 0.0000000000
8381  12.935  -59.502  -11.926 0.0000000000
8382  12.428  -59.161  -11.183 0.0000000000
8383  10.387  -59.131  -11.368 0.0000000000
8384  9.927  -59.654  -11.513 0.0000000000
8397  15.014  -59.517  -13.008 0.0000000000
8398  14.299  -58.945  -12.824 0.0000000000
8399  13.529  -59.082  -12.710 0.0000000000
8400  9.560  -60.013  -12.582 0.0000000000
8411  14.594  -59.767  -13.298 0.0000000000
8412  14.504  -59.492  -13.198 0.0000000000
8413  9.591  -60.069  -13.425 0.0000000000
8420  9.752  -59.847  -14.033 0.0000000000
9000  17.428  -58.213  -8.279 0.0000000000
9001  16.452  -58.395  -8.916 0.0000000000
9020  15.730  -58.440  -9.522 0.0000000000
9021  15.088  -58.308  -10.199 0.0000000000
9022  14.850  -57.913  -10.377 0.0000000000
9038  14.909  -58.470  -10.620 0.0000000000
9039  14.684  -58.185  -10.833 0.0000000000
9040  12.061  -58.761  -11.112 0.0000000000
9041  11.480  -58.872  -10.943 0.0000000000
9042  11.012  -59.018  -10.863 0.0000000000
9058  14.472  -58.187  -11.544 0.0000000000
9059  13.104  -58.774  -12.335 0.0000000000
9060  12.605  -58.450  -11.797 0.0000000000
9061  11.741  -58.258  -11.401 0.0000000000
9062  10.846  -58.564  -11.393 0.0000000000
9063  10.250  -58.899  -11.750 0.0000000000
9079  14.204  -58.142  -12.110 0.0000000000
9080  13.516  -58.221  -12.319 0.0000000000
9081  12.874  -57.686  -12.102 0.0000000000
9082  10.429  -58.311  -12.176 0.0000000000
9083  9.898  -58.994  -12.400 0.0000000000
9096  10.150  -58.209  -13.093 0.0000000000
9097  9.775  -59.216  -13.438 0.0000000000
9110  10.331  -58.464  -14.392 0.0000000000
9111  9.936  -59.253  -14.125 0.0000000000
9657  17.255  -57.201  -8.279 0.0000000000
9658  16.678  -57.387  -8.741 0.0000000000
9676  16.030  -57.655  -9.241 0.0000000000
9677  15.447  -57.766  -9.691 0.0000000000
9678  15.046  -57.622  -10.084 0.0000000000
9697  14.680  -57.480  -10.564 0.0000000000
9714  14.255  -57.530  -11.433 0.0000000000
9715  13.875  -57.271  -11.796 0.0000000000
9716  12.169  -57.612  -11.810 0.0000000000
9717  11.342  -57.748  -11.835 0.0000000000
9718  10.826  -57.958  -11.952 0.0000000000
9730  13.895  -57.640  -12.046 0.0000000000
9731  13.430  -57.276  -12.013 0.0000000000
9732  12.683  -57.044  -12.160 0.0000000000
9733  11.840  -57.081  -12.264 0.0000000000
9734  10.887  -57.419  -12.584 0.0000000000
9746  10.637  -57.404  -13.675 0.0000000000
10266  16.958  -56.555  -8.811 0.0000000000
10267  16.660  -56.894  -8.951 0.0000000000
10286  16.409  -56.723  -9.401 0.0000000000
10287  15.684  -57.157  -9.670 0.0000000000
10288  15.317  -57.358  -9.872 0.0000000000
10300  16.268  -56.443  -9.813 0.0000000000
10301  15.879  -56.553  -9.898 0.0000000000
10302  15.095  -56.891  -10.140 0.0000000000
10311  14.456  -56.742  -10.812 0.0000000000
10312  13.918  -56.679  -11.563 0.0000000000
10320  13.314  -56.455  -12.135 0.0000000000
10321  12.547  -56.372  -12.612 0.0000000000
10322  11.646  -56.628  -12.890 0.0000000000
10323  11.132  -56.871  -13.356 0.0000000000
10331  12.175  -56.113  -13.161 0.0000000000
10890  15.434  -56.140  -10.437 0.0000000000
10891  14.839  -56.334  -10.564 0.0000000000
10903  14.581  -55.694  -11.121 0.0000000000
10904  13.811  -55.893  -11.797 0.0000000000
10915  14.135  -55.306  -11.933 0.0000000000
10916  13.450  -55.524  -12.534 0.0000000000
10917  12.740  -55.757  -13.055 0.0000000000
