#!ascii label  , from subject FREESURFER vox2ras=TkReg 
160
277  8.270  -76.721  11.495 0.0000000000
278  8.056  -76.802  11.466 0.0000000000
279  9.024  -77.063  10.847 0.0000000000
280  8.400  -76.887  11.197 0.0000000000
281  7.805  -76.933  11.156 0.0000000000
282  10.108  -77.467  9.834 0.0000000000
283  9.377  -77.437  10.235 0.0000000000
284  8.461  -77.410  10.375 0.0000000000
285  7.860  -77.209  10.564 0.0000000000
286  11.325  -77.486  9.019 0.0000000000
287  10.443  -77.847  9.218 0.0000000000
288  9.518  -77.923  9.351 0.0000000000
289  8.537  -77.642  9.564 0.0000000000
290  8.097  -77.519  10.034 0.0000000000
296  9.850  -78.169  8.503 0.0000000000
297  9.007  -77.807  8.598 0.0000000000
304  9.096  -77.545  8.016 0.0000000000
491  8.054  -76.164  12.360 0.0000000000
496  8.910  -76.243  11.696 0.0000000000
497  8.441  -76.446  11.786 0.0000000000
498  7.475  -76.629  11.763 0.0000000000
502  9.024  -76.536  11.309 0.0000000000
503  8.755  -76.527  11.522 0.0000000000
504  7.463  -76.923  11.061 0.0000000000
506  10.101  -76.818  10.325 0.0000000000
507  9.510  -76.601  10.847 0.0000000000
508  7.289  -76.789  10.559 0.0000000000
509  6.903  -76.433  10.859 0.0000000000
510  11.444  -76.923  9.284 0.0000000000
511  10.801  -77.039  9.742 0.0000000000
512  8.223  -77.506  9.408 0.0000000000
513  7.881  -77.200  9.646 0.0000000000
517  12.270  -77.031  8.974 0.0000000000
518  8.347  -77.333  8.979 0.0000000000
519  8.096  -76.821  9.028 0.0000000000
523  8.794  -77.120  8.224 0.0000000000
755  8.830  -75.004  13.496 0.0000000000
756  8.439  -75.059  14.126 0.0000000000
761  8.921  -75.292  12.925 0.0000000000
762  8.311  -75.546  13.097 0.0000000000
767  8.976  -75.772  12.243 0.0000000000
768  8.614  -75.823  12.478 0.0000000000
772  9.267  -75.903  11.604 0.0000000000
775  10.369  -76.227  10.192 0.0000000000
776  9.792  -76.050  10.839 0.0000000000
777  7.015  -76.014  10.428 0.0000000000
779  11.566  -76.637  9.077 0.0000000000
780  10.966  -76.186  9.432 0.0000000000
781  7.435  -76.089  9.720 0.0000000000
785  11.531  -75.795  8.547 0.0000000000
786  10.972  -75.487  9.003 0.0000000000
787  8.432  -76.285  8.478 0.0000000000
788  7.918  -76.131  9.031 0.0000000000
798  8.900  -76.236  7.813 0.0000000000
1075  8.968  -74.734  13.829 0.0000000000
1076  8.842  -74.589  14.278 0.0000000000
1079  9.052  -74.792  13.397 0.0000000000
1080  9.178  -74.606  13.742 0.0000000000
1083  9.281  -75.037  12.692 0.0000000000
1084  9.229  -74.683  13.342 0.0000000000
1086  9.644  -75.279  11.620 0.0000000000
1089  10.471  -75.567  9.918 0.0000000000
1090  10.098  -75.215  10.574 0.0000000000
1094  10.689  -75.151  9.383 0.0000000000
1095  10.345  -74.800  9.833 0.0000000000
1096  7.101  -75.305  9.838 0.0000000000
1101  11.139  -75.031  8.286 0.0000000000
1102  10.856  -74.697  8.619 0.0000000000
1103  8.152  -75.458  8.468 0.0000000000
1104  7.555  -74.731  8.735 0.0000000000
1113  11.235  -74.510  7.762 0.0000000000
1114  10.794  -74.017  8.200 0.0000000000
1116  8.541  -74.809  7.476 0.0000000000
1117  7.892  -74.341  7.898 0.0000000000
1415  8.653  -74.143  14.847 0.0000000000
1418  8.816  -74.323  14.553 0.0000000000
1419  8.790  -73.957  14.625 0.0000000000
1421  9.098  -74.338  14.114 0.0000000000
1422  8.813  -73.747  13.909 0.0000000000
1426  9.504  -74.707  12.850 0.0000000000
1427  9.354  -74.329  13.173 0.0000000000
1428  8.712  -73.515  13.137 0.0000000000
1433  9.478  -74.675  12.362 0.0000000000
1434  9.196  -73.857  12.017 0.0000000000
1439  9.529  -74.269  11.126 0.0000000000
1440  8.899  -73.278  10.977 0.0000000000
1447  10.405  -74.202  9.245 0.0000000000
1448  9.870  -73.864  9.861 0.0000000000
1449  9.257  -73.418  10.290 0.0000000000
1457  10.489  -73.398  8.542 0.0000000000
1458  10.129  -73.459  9.150 0.0000000000
1464  11.015  -73.415  7.448 0.0000000000
1465  10.816  -73.535  7.934 0.0000000000
1763  8.235  -73.155  14.599 0.0000000000
1769  8.173  -72.928  13.462 0.0000000000
1775  8.859  -73.533  12.531 0.0000000000
1776  8.333  -72.858  12.531 0.0000000000
1782  8.613  -73.011  11.770 0.0000000000
1783  8.137  -72.183  11.745 0.0000000000
1788  8.338  -72.419  10.915 0.0000000000
1789  7.973  -71.712  11.044 0.0000000000
1794  9.343  -73.095  9.698 0.0000000000
1795  8.713  -72.576  9.873 0.0000000000
1802  10.253  -72.651  8.341 0.0000000000
1803  9.609  -72.532  8.868 0.0000000000
1804  8.779  -72.050  9.131 0.0000000000
1810  11.059  -72.932  7.001 0.0000000000
1811  10.649  -72.502  7.660 0.0000000000
1812  10.124  -72.295  8.207 0.0000000000
1822  11.034  -72.417  6.919 0.0000000000
2167  7.856  -72.029  13.938 0.0000000000
2174  7.921  -71.869  12.679 0.0000000000
2180  7.878  -71.330  11.662 0.0000000000
2187  8.057  -71.723  10.255 0.0000000000
2188  7.765  -70.927  10.754 0.0000000000
2195  8.310  -71.614  9.406 0.0000000000
2196  7.847  -70.938  9.791 0.0000000000
2203  9.340  -71.654  8.331 0.0000000000
2204  8.723  -71.374  8.608 0.0000000000
2205  8.103  -70.902  9.078 0.0000000000
2212  10.455  -71.431  7.239 0.0000000000
2213  9.859  -71.587  7.883 0.0000000000
2214  9.173  -71.137  8.017 0.0000000000
2224  11.103  -71.663  6.746 0.0000000000
2502  7.876  -70.908  13.249 0.0000000000
2512  7.810  -70.894  12.293 0.0000000000
2520  7.765  -70.493  11.562 0.0000000000
2528  7.781  -70.132  10.926 0.0000000000
2535  7.824  -70.120  10.195 0.0000000000
2542  8.278  -70.217  8.616 0.0000000000
2543  7.961  -70.177  9.381 0.0000000000
2550  10.037  -70.832  7.235 0.0000000000
2551  9.301  -70.419  7.446 0.0000000000
2552  8.766  -70.566  8.012 0.0000000000
2860  7.773  -69.858  13.630 0.0000000000
2873  7.733  -69.948  12.380 0.0000000000
2884  7.813  -69.758  11.447 0.0000000000
2897  8.003  -69.405  10.747 0.0000000000
2905  8.245  -68.894  9.330 0.0000000000
2906  8.153  -69.195  9.716 0.0000000000
2911  8.236  -69.159  8.846 0.0000000000
2912  8.076  -69.685  9.107 0.0000000000
2917  9.031  -69.839  7.313 0.0000000000
2918  8.688  -69.530  7.710 0.0000000000
3237  7.658  -68.926  12.888 0.0000000000
3252  7.962  -68.866  11.697 0.0000000000
3266  8.521  -67.777  10.133 0.0000000000
3267  8.342  -68.329  10.547 0.0000000000
3278  8.430  -68.321  9.465 0.0000000000
3279  8.331  -68.627  9.905 0.0000000000
3283  8.587  -68.360  8.273 0.0000000000
3595  7.850  -68.056  12.426 0.0000000000
3613  8.399  -67.123  11.385 0.0000000000
3614  8.261  -67.665  11.525 0.0000000000
3630  8.527  -67.218  10.773 0.0000000000
3631  8.423  -67.751  10.949 0.0000000000
3643  8.676  -67.186  9.758 0.0000000000
4037  8.359  -66.601  11.439 0.0000000000
4038  8.260  -66.955  11.796 0.0000000000
4057  8.428  -66.194  10.969 0.0000000000
