#!ascii label  , from subject FREESURFER vox2ras=TkReg 
187
23  13.722  -81.219  -7.426 0.0000000000
28  13.647  -81.219  -7.946 0.0000000000
29  12.620  -81.337  -7.255 0.0000000000
32  13.367  -81.006  -8.642 0.0000000000
33  12.926  -81.243  -8.244 0.0000000000
34  12.204  -81.142  -7.840 0.0000000000
78  14.353  -80.423  -7.913 0.0000000000
79  10.891  -80.604  -6.958 0.0000000000
80  10.281  -80.758  -6.183 0.0000000000
81  14.028  -80.488  -9.153 0.0000000000
82  12.810  -80.474  -8.977 0.0000000000
83  11.670  -80.633  -7.746 0.0000000000
84  14.273  -79.969  -10.052 0.0000000000
85  13.658  -80.101  -10.752 0.0000000000
86  14.339  -79.338  -10.423 0.0000000000
87  14.165  -78.387  -11.338 0.0000000000
144  9.676  -79.419  -5.372 0.0000000000
148  10.540  -79.795  -6.752 0.0000000000
149  9.659  -79.912  -6.119 0.0000000000
150  8.776  -80.350  -4.862 0.0000000000
152  14.643  -79.549  -7.647 0.0000000000
153  11.116  -79.936  -7.218 0.0000000000
154  10.487  -80.283  -6.668 0.0000000000
155  14.594  -79.569  -8.593 0.0000000000
156  12.396  -79.810  -9.536 0.0000000000
157  12.163  -79.868  -8.429 0.0000000000
161  14.502  -79.390  -9.594 0.0000000000
162  12.555  -79.888  -10.707 0.0000000000
166  14.379  -78.178  -10.047 0.0000000000
170  11.750  -80.087  -11.847 0.0000000000
171  11.800  -80.308  -12.462 0.0000000000
245  11.194  -79.156  -6.571 0.0000000000
246  10.546  -79.035  -5.952 0.0000000000
250  14.637  -78.959  -7.553 0.0000000000
251  11.691  -79.208  -7.338 0.0000000000
257  14.635  -78.907  -8.049 0.0000000000
258  11.946  -79.241  -7.970 0.0000000000
273  12.440  -80.187  -13.008 0.0000000000
274  11.437  -79.994  -12.954 0.0000000000
275  11.871  -79.832  -13.604 0.0000000000
276  11.476  -79.656  -13.674 0.0000000000
429  14.513  -78.212  -7.494 0.0000000000
430  12.038  -78.037  -7.534 0.0000000000
437  14.530  -77.991  -8.828 0.0000000000
455  10.867  -78.859  -11.842 0.0000000000
462  13.165  -79.392  -12.863 0.0000000000
463  12.396  -79.237  -13.506 0.0000000000
464  10.340  -79.031  -12.988 0.0000000000
471  11.643  -79.123  -13.894 0.0000000000
472  10.979  -79.146  -13.724 0.0000000000
651  14.520  -77.083  -6.755 0.0000000000
660  18.346  -77.431  -7.158 0.0000000000
661  14.545  -77.255  -7.786 0.0000000000
670  14.637  -76.747  -8.322 0.0000000000
671  12.353  -77.111  -8.500 0.0000000000
679  14.709  -76.497  -9.049 0.0000000000
686  14.450  -77.201  -9.687 0.0000000000
687  11.372  -77.161  -11.064 0.0000000000
696  13.995  -77.920  -11.881 0.0000000000
697  13.645  -77.647  -12.299 0.0000000000
698  10.981  -77.419  -11.332 0.0000000000
699  10.265  -77.852  -11.618 0.0000000000
705  13.729  -78.517  -12.331 0.0000000000
706  13.011  -77.956  -13.142 0.0000000000
707  12.156  -77.330  -13.657 0.0000000000
715  12.099  -78.323  -13.812 0.0000000000
947  14.644  -75.219  -5.771 0.0000000000
953  14.672  -75.731  -6.586 0.0000000000
963  18.206  -77.051  -6.940 0.0000000000
964  14.669  -76.278  -7.547 0.0000000000
973  18.496  -76.435  -7.106 0.0000000000
974  18.222  -76.818  -7.743 0.0000000000
975  14.868  -75.785  -8.342 0.0000000000
985  14.948  -75.367  -9.144 0.0000000000
986  12.238  -76.895  -9.625 0.0000000000
995  14.605  -75.949  -9.890 0.0000000000
996  14.230  -76.894  -10.802 0.0000000000
997  11.730  -77.118  -10.679 0.0000000000
998  11.142  -76.541  -10.949 0.0000000000
1010  13.961  -77.295  -11.676 0.0000000000
1011  13.334  -76.712  -12.390 0.0000000000
1012  10.963  -76.903  -11.215 0.0000000000
1013  10.612  -77.000  -11.234 0.0000000000
1019  12.571  -76.475  -13.040 0.0000000000
1276  14.715  -74.539  -5.455 0.0000000000
1291  15.181  -73.829  -6.894 0.0000000000
1292  14.913  -74.394  -6.399 0.0000000000
1305  18.956  -75.932  -6.555 0.0000000000
1306  15.193  -74.104  -7.597 0.0000000000
1307  14.919  -75.158  -7.485 0.0000000000
1317  18.760  -75.152  -7.575 0.0000000000
1318  18.550  -75.792  -7.854 0.0000000000
1319  15.191  -74.020  -8.325 0.0000000000
1320  15.108  -74.707  -8.421 0.0000000000
1331  18.688  -74.935  -8.305 0.0000000000
1332  18.406  -75.601  -8.729 0.0000000000
1333  15.027  -74.513  -9.170 0.0000000000
1343  17.990  -75.316  -10.064 0.0000000000
1344  17.607  -74.864  -10.894 0.0000000000
1345  14.772  -74.777  -9.843 0.0000000000
1346  14.318  -75.088  -10.771 0.0000000000
1347  11.789  -75.883  -10.200 0.0000000000
1361  13.761  -75.704  -11.743 0.0000000000
1362  12.889  -75.507  -12.453 0.0000000000
1611  15.250  -73.231  -5.646 0.0000000000
1612  14.928  -73.899  -5.519 0.0000000000
1624  18.970  -74.594  -6.122 0.0000000000
1626  15.192  -73.521  -6.418 0.0000000000
1627  15.038  -73.732  -5.972 0.0000000000
1638  18.914  -74.630  -7.079 0.0000000000
1639  15.385  -73.337  -7.215 0.0000000000
1650  18.939  -74.030  -7.961 0.0000000000
1651  18.790  -73.553  -8.328 0.0000000000
1652  15.353  -73.318  -8.467 0.0000000000
1653  15.101  -74.035  -8.791 0.0000000000
1664  18.807  -74.451  -8.247 0.0000000000
1665  18.703  -74.013  -9.007 0.0000000000
1666  15.243  -73.212  -9.335 0.0000000000
1667  14.968  -73.778  -9.560 0.0000000000
1676  17.927  -74.003  -10.264 0.0000000000
1677  17.390  -73.953  -11.028 0.0000000000
1678  14.523  -74.130  -10.439 0.0000000000
1679  14.231  -74.246  -10.962 0.0000000000
1690  17.135  -74.042  -11.499 0.0000000000
1691  14.301  -73.791  -11.073 0.0000000000
1692  13.709  -74.194  -11.589 0.0000000000
1693  13.147  -74.685  -12.162 0.0000000000
1953  16.681  -72.402  -5.747 0.0000000000
1954  15.841  -72.599  -5.609 0.0000000000
1969  18.752  -73.628  -6.388 0.0000000000
1970  18.392  -72.904  -6.362 0.0000000000
1971  17.376  -72.238  -6.663 0.0000000000
1972  16.340  -72.160  -6.881 0.0000000000
1973  15.579  -72.819  -6.510 0.0000000000
1989  18.806  -73.510  -7.208 0.0000000000
1990  18.164  -72.495  -7.405 0.0000000000
1991  17.427  -72.107  -7.543 0.0000000000
1992  16.133  -72.148  -7.738 0.0000000000
1993  15.723  -72.600  -7.519 0.0000000000
2007  18.827  -73.449  -7.967 0.0000000000
2008  18.635  -73.013  -8.246 0.0000000000
2009  17.692  -72.267  -8.415 0.0000000000
2010  16.260  -72.084  -8.152 0.0000000000
2011  15.869  -72.382  -8.452 0.0000000000
2021  18.313  -72.831  -9.070 0.0000000000
2022  17.608  -72.549  -9.503 0.0000000000
2023  15.523  -72.747  -9.419 0.0000000000
2024  15.149  -73.148  -9.889 0.0000000000
2028  18.046  -73.209  -9.703 0.0000000000
2029  17.408  -73.040  -10.444 0.0000000000
2030  16.757  -72.632  -10.845 0.0000000000
2031  15.283  -72.776  -10.585 0.0000000000
2032  14.754  -73.436  -10.562 0.0000000000
2042  16.919  -73.225  -11.428 0.0000000000
2043  16.185  -72.556  -11.591 0.0000000000
2044  15.271  -72.588  -11.647 0.0000000000
2045  14.135  -73.244  -11.800 0.0000000000
2050  16.895  -73.852  -11.831 0.0000000000
2338  16.882  -71.955  -7.340 0.0000000000
2339  16.593  -71.967  -7.325 0.0000000000
2349  17.116  -71.936  -7.887 0.0000000000
2350  16.606  -71.964  -7.778 0.0000000000
2357  16.998  -71.956  -8.392 0.0000000000
2358  16.472  -72.109  -8.681 0.0000000000
2359  16.007  -72.300  -9.236 0.0000000000
2368  17.056  -72.135  -9.144 0.0000000000
2369  16.448  -72.264  -9.628 0.0000000000
2370  15.864  -72.428  -9.998 0.0000000000
2381  16.966  -72.353  -10.076 0.0000000000
2382  16.213  -72.395  -10.606 0.0000000000
2383  15.770  -72.481  -10.521 0.0000000000
2404  15.865  -72.439  -11.188 0.0000000000
2405  15.703  -72.500  -10.909 0.0000000000
102311  12.203  -79.405  -10.059 0.0000000000
102312  12.891  -80.266  -11.580 0.0000000000
102313  12.193  -78.699  -9.125 0.0000000000
102314  14.085  -77.849  -11.636 0.0000000000
102315  12.670  -80.387  -12.222 0.0000000000
102316  12.400  -80.324  -11.867 0.0000000000
102317  13.166  -80.199  -11.846 0.0000000000
102318  12.073  -80.426  -12.424 0.0000000000
102319  13.065  -80.118  -12.434 0.0000000000
102320  11.866  -78.712  -10.674 0.0000000000
102321  11.395  -77.850  -11.159 0.0000000000
102322  14.138  -77.513  -11.273 0.0000000000
102323  14.463  -77.789  -9.530 0.0000000000
102324  13.625  -79.599  -12.001 0.0000000000
