#!ascii label  , from subject FREESURFER vox2ras=TkReg 
239
66019  54.931  7.336  -21.975 0.0000000000
66020  54.090  7.264  -22.282 0.0000000000
66041  53.511  7.365  -22.557 0.0000000000
66042  52.945  7.471  -22.872 0.0000000000
66065  52.397  7.718  -23.193 0.0000000000
66066  51.708  7.219  -23.514 0.0000000000
66067  50.752  7.283  -24.117 0.0000000000
66068  50.232  6.826  -24.285 0.0000000000
66087  50.478  7.808  -24.302 0.0000000000
66088  49.934  7.426  -24.474 0.0000000000
66089  49.019  7.604  -24.899 0.0000000000
66945  56.470  8.440  -21.396 0.0000000000
66946  55.571  8.464  -21.717 0.0000000000
66947  54.500  8.407  -22.245 0.0000000000
66948  53.899  7.845  -22.414 0.0000000000
66967  54.129  9.070  -22.540 0.0000000000
66968  53.550  8.346  -22.641 0.0000000000
66969  52.825  8.380  -23.021 0.0000000000
66990  52.140  8.417  -23.407 0.0000000000
66991  51.250  8.388  -23.919 0.0000000000
66992  50.742  8.004  -24.189 0.0000000000
67014  50.977  8.934  -24.121 0.0000000000
67015  50.500  8.503  -24.337 0.0000000000
67016  49.660  8.464  -24.718 0.0000000000
67017  48.958  8.596  -25.072 0.0000000000
67032  48.391  8.882  -25.289 0.0000000000
67862  57.714  9.575  -20.934 0.0000000000
67863  56.970  9.022  -21.216 0.0000000000
67878  57.307  10.138  -21.101 0.0000000000
67879  56.534  9.551  -21.381 0.0000000000
67880  55.345  9.656  -22.030 0.0000000000
67881  54.595  9.285  -22.362 0.0000000000
67902  55.191  10.361  -22.270 0.0000000000
67903  54.464  10.019  -22.591 0.0000000000
67904  53.601  9.304  -22.790 0.0000000000
67905  53.169  8.869  -22.873 0.0000000000
67927  54.104  10.501  -22.893 0.0000000000
67928  53.638  10.090  -22.991 0.0000000000
67929  52.814  9.379  -23.161 0.0000000000
67930  51.908  9.326  -23.645 0.0000000000
67951  51.320  9.300  -23.979 0.0000000000
67952  50.868  9.482  -24.244 0.0000000000
67953  50.129  9.441  -24.599 0.0000000000
67954  49.480  9.194  -24.886 0.0000000000
67969  49.678  9.819  -24.863 0.0000000000
67970  49.025  9.617  -25.141 0.0000000000
68839  58.021  10.651  -20.882 0.0000000000
68840  57.038  10.674  -21.366 0.0000000000
68841  56.199  10.331  -21.627 0.0000000000
68864  56.482  10.856  -21.665 0.0000000000
68865  55.844  10.817  -21.928 0.0000000000
68866  55.147  10.950  -22.368 0.0000000000
68882  54.518  10.990  -22.756 0.0000000000
68883  53.891  10.915  -23.172 0.0000000000
68884  53.114  10.404  -23.349 0.0000000000
68885  52.409  10.069  -23.553 0.0000000000
68899  53.416  11.065  -23.564 0.0000000000
68900  52.738  10.831  -23.818 0.0000000000
68901  51.677  10.269  -24.045 0.0000000000
68902  50.742  10.312  -24.532 0.0000000000
68903  50.118  10.191  -24.750 0.0000000000
68917  50.406  10.695  -24.842 0.0000000000
68918  49.731  10.575  -25.027 0.0000000000
68919  48.790  10.584  -25.313 0.0000000000
69707  58.699  11.426  -20.971 0.0000000000
69708  57.884  11.493  -21.243 0.0000000000
69729  56.924  11.544  -21.688 0.0000000000
69730  56.009  11.827  -22.211 0.0000000000
69731  55.122  11.601  -22.581 0.0000000000
69745  55.497  12.267  -22.615 0.0000000000
69746  54.611  11.915  -22.995 0.0000000000
69747  53.903  11.539  -23.443 0.0000000000
69757  58.087  11.559  -25.348 0.0000000000
69758  54.205  12.119  -23.521 0.0000000000
69759  53.485  11.720  -23.917 0.0000000000
69760  52.418  11.486  -24.431 0.0000000000
69761  51.353  11.038  -24.650 0.0000000000
69762  50.794  10.880  -24.796 0.0000000000
69771  57.034  11.472  -26.447 0.0000000000
69772  56.338  11.123  -26.651 0.0000000000
69773  52.427  11.917  -24.855 0.0000000000
69774  51.862  11.775  -25.001 0.0000000000
69775  50.686  11.440  -25.097 0.0000000000
69776  49.525  11.540  -25.350 0.0000000000
69793  56.841  11.802  -27.105 0.0000000000
69794  55.948  11.411  -27.177 0.0000000000
69810  55.506  11.953  -27.810 0.0000000000
70541  59.123  11.791  -21.327 0.0000000000
70542  58.606  12.044  -21.398 0.0000000000
70543  57.896  12.196  -21.526 0.0000000000
70561  59.107  12.100  -21.908 0.0000000000
70562  58.563  12.687  -21.858 0.0000000000
70563  57.362  12.704  -21.959 0.0000000000
70564  56.304  12.748  -22.399 0.0000000000
70582  59.039  12.429  -22.906 0.0000000000
70583  58.588  13.595  -22.453 0.0000000000
70584  57.142  13.564  -22.490 0.0000000000
70585  55.589  13.139  -22.979 0.0000000000
70586  54.679  12.533  -23.330 0.0000000000
70601  59.003  12.097  -23.832 0.0000000000
70602  58.737  12.762  -24.445 0.0000000000
70603  58.479  12.163  -25.276 0.0000000000
70604  55.350  13.467  -23.578 0.0000000000
70605  54.472  12.891  -23.940 0.0000000000
70606  53.279  12.223  -24.529 0.0000000000
70607  52.709  12.008  -24.758 0.0000000000
70620  58.382  13.141  -25.922 0.0000000000
70621  58.213  12.217  -25.869 0.0000000000
70622  54.413  13.199  -24.531 0.0000000000
70623  53.847  12.921  -24.813 0.0000000000
70624  52.712  12.469  -25.156 0.0000000000
70625  51.542  12.448  -25.543 0.0000000000
70626  50.346  12.451  -25.626 0.0000000000
70627  49.179  12.548  -25.764 0.0000000000
70641  58.092  13.276  -26.624 0.0000000000
70642  57.521  12.542  -27.143 0.0000000000
70643  56.669  11.999  -27.382 0.0000000000
70644  49.100  13.128  -25.989 0.0000000000
70663  56.894  12.941  -27.844 0.0000000000
70664  56.235  12.408  -27.871 0.0000000000
71361  57.978  14.343  -22.817 0.0000000000
71362  56.904  14.303  -23.018 0.0000000000
71363  55.930  13.889  -23.402 0.0000000000
71378  58.612  14.291  -23.451 0.0000000000
71379  56.441  14.472  -23.603 0.0000000000
71380  55.456  13.967  -24.025 0.0000000000
71381  54.776  13.489  -24.396 0.0000000000
71393  58.448  14.273  -24.833 0.0000000000
71394  55.075  13.849  -24.565 0.0000000000
71395  54.548  13.623  -24.967 0.0000000000
71396  53.533  13.454  -25.462 0.0000000000
71397  52.407  13.306  -25.830 0.0000000000
71398  51.169  13.495  -26.002 0.0000000000
71399  49.965  13.237  -25.987 0.0000000000
71400  49.383  13.166  -26.001 0.0000000000
71409  58.281  13.933  -26.152 0.0000000000
71410  57.802  13.672  -26.920 0.0000000000
71411  51.018  14.148  -26.178 0.0000000000
71412  50.408  14.051  -26.185 0.0000000000
71413  49.298  13.757  -26.118 0.0000000000
71428  57.221  13.571  -27.619 0.0000000000
71429  56.333  13.490  -28.285 0.0000000000
71430  55.720  12.918  -28.363 0.0000000000
71447  55.842  13.974  -28.669 0.0000000000
72091  58.275  14.771  -23.194 0.0000000000
72092  57.856  14.830  -23.192 0.0000000000
72099  58.310  15.273  -23.716 0.0000000000
72100  57.391  15.162  -23.651 0.0000000000
72101  56.485  14.970  -24.177 0.0000000000
72115  58.351  15.410  -24.640 0.0000000000
72116  55.567  14.487  -24.933 0.0000000000
72117  54.462  14.500  -25.710 0.0000000000
72118  53.210  14.181  -26.000 0.0000000000
72119  52.180  14.177  -26.130 0.0000000000
72120  51.472  14.291  -26.212 0.0000000000
72136  58.221  14.959  -25.660 0.0000000000
72137  57.967  14.394  -26.493 0.0000000000
72138  53.804  14.976  -26.221 0.0000000000
72139  52.909  14.960  -26.346 0.0000000000
72140  51.978  14.921  -26.415 0.0000000000
72141  51.048  14.760  -26.438 0.0000000000
72142  49.998  14.870  -26.598 0.0000000000
72143  48.881  14.602  -26.470 0.0000000000
72157  57.900  15.010  -26.396 0.0000000000
72158  57.544  14.571  -27.083 0.0000000000
72159  56.919  14.498  -27.870 0.0000000000
72160  49.353  15.314  -26.874 0.0000000000
72176  56.224  14.545  -28.420 0.0000000000
72870  58.203  16.142  -24.221 0.0000000000
72871  57.908  16.113  -23.926 0.0000000000
72872  57.281  15.985  -24.163 0.0000000000
72878  58.219  16.010  -25.087 0.0000000000
72879  56.504  15.801  -24.737 0.0000000000
72880  55.637  15.642  -25.523 0.0000000000
72893  57.933  15.629  -25.900 0.0000000000
72894  54.723  15.683  -26.201 0.0000000000
72895  53.726  15.840  -26.542 0.0000000000
72896  52.643  15.874  -26.659 0.0000000000
72897  51.658  15.622  -26.679 0.0000000000
72898  50.845  15.557  -26.777 0.0000000000
72908  57.649  15.575  -26.570 0.0000000000
72909  57.231  15.512  -27.284 0.0000000000
72910  56.623  15.470  -27.896 0.0000000000
72911  52.134  16.338  -26.837 0.0000000000
72912  51.380  16.393  -26.983 0.0000000000
72913  50.226  16.164  -27.240 0.0000000000
72914  49.128  15.761  -27.309 0.0000000000
72927  56.017  15.466  -28.441 0.0000000000
72929  49.512  16.301  -27.743 0.0000000000
73581  58.055  16.577  -24.067 0.0000000000
73582  57.686  16.619  -24.246 0.0000000000
73583  57.076  16.653  -24.466 0.0000000000
73590  57.925  16.638  -24.564 0.0000000000
73591  57.268  17.055  -24.921 0.0000000000
73592  56.482  16.805  -25.173 0.0000000000
73593  55.585  16.717  -25.876 0.0000000000
73605  57.582  16.509  -25.776 0.0000000000
73606  57.030  17.463  -25.826 0.0000000000
73607  54.691  16.806  -26.455 0.0000000000
73608  53.507  17.042  -26.833 0.0000000000
73609  52.663  16.609  -26.857 0.0000000000
73617  57.394  16.136  -26.713 0.0000000000
73618  56.846  16.761  -27.103 0.0000000000
73619  56.372  16.088  -27.937 0.0000000000
73620  53.226  17.710  -27.102 0.0000000000
73621  52.436  17.267  -27.128 0.0000000000
73622  51.189  17.345  -27.530 0.0000000000
73623  50.535  16.850  -27.547 0.0000000000
73631  56.298  17.332  -27.514 0.0000000000
73632  55.977  16.677  -28.210 0.0000000000
73634  50.949  18.075  -28.059 0.0000000000
73635  50.178  17.102  -27.948 0.0000000000
74400  56.715  17.342  -25.468 0.0000000000
74401  56.123  17.482  -25.723 0.0000000000
74402  55.476  17.506  -26.191 0.0000000000
74405  56.423  17.597  -25.917 0.0000000000
74406  55.785  18.056  -26.346 0.0000000000
74407  54.753  18.013  -26.595 0.0000000000
74408  53.807  18.302  -27.002 0.0000000000
74409  56.437  17.751  -26.429 0.0000000000
74410  55.973  18.255  -26.807 0.0000000000
74411  53.126  18.262  -27.303 0.0000000000
74412  52.445  18.484  -27.662 0.0000000000
74413  51.653  18.365  -27.947 0.0000000000
74414  56.340  17.709  -27.071 0.0000000000
74415  55.850  17.990  -27.660 0.0000000000
74416  55.495  17.475  -28.523 0.0000000000
74422  55.372  18.234  -28.328 0.0000000000
75148  55.560  18.438  -26.747 0.0000000000
75149  55.176  18.711  -26.776 0.0000000000
75150  54.464  18.927  -26.921 0.0000000000
75151  55.473  18.729  -27.102 0.0000000000
75152  54.720  19.367  -27.368 0.0000000000
75153  53.603  19.473  -27.430 0.0000000000
75154  52.776  19.575  -27.885 0.0000000000
75155  55.267  18.871  -27.773 0.0000000000
75156  54.829  19.510  -28.067 0.0000000000
75913  54.489  19.791  -27.795 0.0000000000
75914  54.200  19.972  -27.731 0.0000000000
