#!ascii label  , from subject FREESURFER vox2ras=TkReg 
115
74245  46.173  17.126  -3.745 0.0000000000
74246  45.642  17.736  -3.211 0.0000000000
74251  46.629  17.124  -4.719 0.0000000000
74258  50.726  17.595  -6.203 0.0000000000
74261  47.735  16.963  -6.377 0.0000000000
74262  46.980  17.133  -5.572 0.0000000000
74269  50.704  17.826  -6.571 0.0000000000
74270  50.084  17.610  -6.596 0.0000000000
74271  49.148  17.396  -6.620 0.0000000000
74272  48.389  17.332  -6.699 0.0000000000
75019  46.279  17.866  -4.324 0.0000000000
75020  45.766  18.391  -3.701 0.0000000000
75026  46.649  18.037  -5.050 0.0000000000
75030  48.401  18.209  -7.136 0.0000000000
75031  48.036  17.927  -7.098 0.0000000000
75032  47.275  18.276  -6.069 0.0000000000
75036  51.262  18.247  -6.545 0.0000000000
75037  50.542  18.138  -6.913 0.0000000000
75038  49.133  18.252  -7.133 0.0000000000
75039  48.583  17.697  -6.907 0.0000000000
75043  51.312  18.610  -7.080 0.0000000000
75044  50.485  18.869  -7.360 0.0000000000
75045  49.589  19.267  -7.608 0.0000000000
75777  45.289  19.508  -3.169 0.0000000000
75783  46.218  18.623  -4.479 0.0000000000
75784  45.892  19.561  -4.278 0.0000000000
75790  46.589  19.249  -5.140 0.0000000000
75791  46.276  19.995  -4.835 0.0000000000
75796  48.353  18.528  -7.190 0.0000000000
75797  47.883  19.167  -6.926 0.0000000000
75798  47.330  19.782  -5.979 0.0000000000
75803  52.074  18.982  -6.894 0.0000000000
75804  48.667  19.339  -7.540 0.0000000000
75805  48.178  20.069  -7.398 0.0000000000
75809  52.804  19.578  -7.174 0.0000000000
75810  51.780  19.478  -7.398 0.0000000000
75811  50.491  19.841  -7.808 0.0000000000
75812  49.380  20.087  -8.061 0.0000000000
76579  45.448  20.567  -3.942 0.0000000000
76586  46.655  20.539  -5.372 0.0000000000
76587  46.052  20.642  -4.679 0.0000000000
76594  47.599  20.598  -6.919 0.0000000000
76595  47.063  20.851  -6.176 0.0000000000
76600  48.639  20.306  -7.881 0.0000000000
76601  48.245  21.015  -7.704 0.0000000000
76606  53.171  20.454  -7.576 0.0000000000
76607  51.643  20.605  -7.868 0.0000000000
76608  50.237  20.847  -8.148 0.0000000000
76609  49.039  21.088  -8.279 0.0000000000
76610  48.609  21.504  -8.001 0.0000000000
77317  45.119  21.568  -3.773 0.0000000000
77322  46.444  21.610  -5.183 0.0000000000
77323  45.736  21.599  -4.595 0.0000000000
77330  47.363  21.716  -6.614 0.0000000000
77331  46.943  21.655  -5.830 0.0000000000
77336  47.832  21.689  -7.319 0.0000000000
77342  52.869  21.474  -7.932 0.0000000000
77343  51.315  21.543  -7.993 0.0000000000
77344  49.940  21.710  -8.075 0.0000000000
77345  48.935  21.966  -8.169 0.0000000000
77346  48.344  21.840  -7.763 0.0000000000
78070  47.784  22.864  -0.508 0.0000000000
78087  48.830  23.295  -1.758 0.0000000000
78088  47.831  23.212  -1.675 0.0000000000
78089  47.022  23.177  -1.247 0.0000000000
78090  46.313  23.217  -1.076 0.0000000000
78101  49.458  23.566  -2.488 0.0000000000
78102  48.907  23.475  -2.647 0.0000000000
78103  48.170  23.383  -2.650 0.0000000000
78115  48.681  23.510  -3.160 0.0000000000
78116  48.432  23.485  -3.190 0.0000000000
78123  51.496  23.414  -5.334 0.0000000000
78124  50.673  23.283  -5.388 0.0000000000
78125  48.111  23.303  -5.549 0.0000000000
78126  47.271  23.267  -5.586 0.0000000000
78127  46.381  22.734  -5.137 0.0000000000
78128  45.455  22.543  -4.426 0.0000000000
78135  51.941  23.474  -6.260 0.0000000000
78136  50.351  23.202  -6.007 0.0000000000
78137  48.851  23.114  -6.038 0.0000000000
78138  47.559  22.696  -6.099 0.0000000000
78139  46.909  22.431  -5.577 0.0000000000
78146  52.221  22.875  -7.136 0.0000000000
78147  50.699  22.795  -6.962 0.0000000000
78148  49.301  22.941  -7.021 0.0000000000
78149  48.073  22.600  -7.011 0.0000000000
78154  52.489  22.258  -7.762 0.0000000000
78155  50.990  22.229  -7.639 0.0000000000
78156  49.656  22.369  -7.657 0.0000000000
78157  48.663  22.437  -7.635 0.0000000000
78158  48.134  22.202  -7.499 0.0000000000
78819  47.023  23.482  -2.108 0.0000000000
78820  46.405  23.635  -1.824 0.0000000000
78834  49.490  23.582  -3.027 0.0000000000
78835  48.927  23.523  -3.125 0.0000000000
78836  47.397  23.553  -2.894 0.0000000000
78837  46.595  23.962  -3.002 0.0000000000
78838  46.073  24.036  -2.248 0.0000000000
78851  49.960  23.551  -3.880 0.0000000000
78852  48.760  23.522  -3.751 0.0000000000
78853  47.819  23.617  -3.829 0.0000000000
78854  47.102  23.907  -4.100 0.0000000000
78868  50.598  23.363  -4.801 0.0000000000
78869  49.098  23.375  -4.920 0.0000000000
78870  47.985  23.576  -4.880 0.0000000000
78871  47.058  23.844  -5.177 0.0000000000
78872  45.841  23.613  -4.777 0.0000000000
78881  50.318  23.190  -5.402 0.0000000000
78882  49.789  23.190  -5.431 0.0000000000
79452  46.408  24.403  -3.620 0.0000000000
79453  45.840  24.743  -2.820 0.0000000000
79461  46.714  24.260  -4.306 0.0000000000
79462  46.349  24.715  -4.307 0.0000000000
79470  46.956  24.177  -4.917 0.0000000000
79471  46.366  24.284  -5.549 0.0000000000
