#!ascii label  , from subject FREESURFER vox2ras=TkReg 
202
59587  43.244  1.351  23.491 0.0000000000
59588  42.888  1.350  24.095 0.0000000000
59596  44.259  1.353  22.368 0.0000000000
59597  43.692  1.365  22.883 0.0000000000
59605  45.469  1.269  21.426 0.0000000000
59606  44.876  1.304  21.896 0.0000000000
60598  42.673  2.231  25.464 0.0000000000
60605  43.452  2.722  24.133 0.0000000000
60606  42.919  2.102  24.582 0.0000000000
60612  44.405  2.921  23.276 0.0000000000
60613  43.532  2.169  23.534 0.0000000000
60614  43.153  2.086  24.071 0.0000000000
60622  46.390  2.853  22.419 0.0000000000
60623  45.550  2.796  22.553 0.0000000000
60624  44.599  2.261  22.615 0.0000000000
60625  43.971  2.228  22.990 0.0000000000
60633  47.248  2.632  21.398 0.0000000000
60634  46.558  2.340  21.687 0.0000000000
60635  45.783  1.977  21.815 0.0000000000
60636  45.174  2.099  22.197 0.0000000000
60650  46.196  1.944  21.259 0.0000000000
61650  43.876  3.898  24.988 0.0000000000
61651  43.204  3.536  25.586 0.0000000000
61659  45.006  4.000  24.070 0.0000000000
61660  44.268  3.731  24.423 0.0000000000
61661  43.172  2.920  24.763 0.0000000000
61669  44.883  3.857  23.703 0.0000000000
61670  44.104  3.102  23.766 0.0000000000
61671  41.092  4.199  23.690 0.0000000000
61679  48.295  4.000  22.620 0.0000000000
61680  47.999  3.849  22.659 0.0000000000
61681  47.131  3.601  22.764 0.0000000000
61682  46.108  3.768  22.869 0.0000000000
61683  45.265  3.767  23.153 0.0000000000
61684  43.187  4.507  22.253 0.0000000000
61685  42.772  4.369  22.298 0.0000000000
61686  41.614  3.954  22.596 0.0000000000
61693  48.372  3.827  22.395 0.0000000000
61694  47.846  3.168  22.167 0.0000000000
61695  47.089  2.788  22.235 0.0000000000
61696  43.190  4.360  22.024 0.0000000000
61697  42.518  3.973  21.784 0.0000000000
61698  41.793  3.392  21.447 0.0000000000
61704  48.511  3.620  21.644 0.0000000000
61706  43.127  4.252  21.443 0.0000000000
61707  42.563  3.854  20.885 0.0000000000
61727  42.366  3.791  20.101 0.0000000000
62654  44.311  4.239  25.207 0.0000000000
62665  45.339  4.601  24.163 0.0000000000
62666  44.927  4.254  24.637 0.0000000000
62673  44.890  4.948  23.117 0.0000000000
62674  43.358  5.150  23.046 0.0000000000
62675  42.352  4.951  23.207 0.0000000000
62676  41.689  4.603  23.357 0.0000000000
62681  50.987  4.683  22.976 0.0000000000
62682  49.808  4.466  23.070 0.0000000000
62683  48.635  4.488  22.680 0.0000000000
62684  47.722  4.469  22.828 0.0000000000
62685  46.629  4.820  22.721 0.0000000000
62686  45.549  4.717  22.708 0.0000000000
62687  44.738  4.681  22.550 0.0000000000
62688  43.606  4.744  22.456 0.0000000000
62689  42.600  4.643  22.742 0.0000000000
62690  42.018  4.573  22.947 0.0000000000
62697  51.147  4.943  22.151 0.0000000000
62698  50.309  4.670  21.747 0.0000000000
62699  49.119  4.181  22.169 0.0000000000
62700  46.439  5.353  21.961 0.0000000000
62701  45.717  5.294  21.615 0.0000000000
62702  44.701  4.855  21.690 0.0000000000
62703  43.849  4.564  21.826 0.0000000000
62710  49.805  4.990  20.408 0.0000000000
62711  49.169  4.243  21.076 0.0000000000
62712  45.425  5.570  20.833 0.0000000000
62713  44.712  5.346  20.622 0.0000000000
62714  43.533  4.572  20.757 0.0000000000
62715  42.762  4.180  20.319 0.0000000000
62730  44.318  5.743  20.041 0.0000000000
62731  43.738  5.358  19.962 0.0000000000
62732  42.627  4.693  19.638 0.0000000000
63663  51.841  6.291  24.933 0.0000000000
63664  51.548  5.990  24.799 0.0000000000
63665  50.907  5.607  24.951 0.0000000000
63666  50.046  5.416  24.852 0.0000000000
63667  44.941  5.402  23.748 0.0000000000
63668  43.946  5.602  23.564 0.0000000000
63669  42.715  5.464  23.622 0.0000000000
63670  41.923  5.120  23.648 0.0000000000
63680  51.884  6.304  24.338 0.0000000000
63681  51.398  5.563  23.905 0.0000000000
63682  50.422  4.957  24.105 0.0000000000
63683  49.400  5.205  23.871 0.0000000000
63684  48.462  5.307  22.955 0.0000000000
63685  47.554  5.157  22.680 0.0000000000
63694  52.054  6.336  23.417 0.0000000000
63695  51.753  5.767  22.385 0.0000000000
63696  51.222  5.305  21.552 0.0000000000
63697  47.902  5.781  22.510 0.0000000000
63698  47.103  5.754  21.940 0.0000000000
63699  46.365  5.683  21.475 0.0000000000
63706  51.673  6.032  21.198 0.0000000000
63707  50.863  5.728  20.587 0.0000000000
63708  46.574  6.268  21.284 0.0000000000
63709  45.978  6.058  20.776 0.0000000000
63710  45.270  5.876  20.481 0.0000000000
63723  45.404  6.516  20.374 0.0000000000
63724  44.789  6.280  20.056 0.0000000000
63725  43.978  6.307  19.728 0.0000000000
63726  43.029  6.124  19.503 0.0000000000
64615  52.079  6.644  24.790 0.0000000000
64616  51.585  6.394  25.442 0.0000000000
64617  50.262  6.214  25.489 0.0000000000
64618  49.435  5.792  24.893 0.0000000000
64628  52.345  7.013  23.937 0.0000000000
64629  49.693  6.512  24.702 0.0000000000
64630  48.896  6.288  23.888 0.0000000000
64631  48.410  6.151  22.848 0.0000000000
64638  52.775  7.099  22.579 0.0000000000
64639  52.254  6.722  21.511 0.0000000000
64640  48.637  6.856  22.906 0.0000000000
64641  47.965  6.782  22.125 0.0000000000
64642  47.070  6.935  21.418 0.0000000000
64651  52.661  7.712  21.309 0.0000000000
64652  51.684  7.073  20.483 0.0000000000
64653  50.657  6.846  19.774 0.0000000000
64654  46.460  7.032  20.952 0.0000000000
64655  45.847  7.219  20.554 0.0000000000
64667  45.162  7.339  20.146 0.0000000000
64668  44.402  7.348  19.758 0.0000000000
64669  43.489  7.341  19.470 0.0000000000
64670  42.405  7.298  19.037 0.0000000000
65566  52.086  7.411  24.772 0.0000000000
65567  50.880  7.286  25.094 0.0000000000
65568  50.210  6.830  24.807 0.0000000000
65574  52.625  8.184  23.483 0.0000000000
65575  51.373  8.369  24.265 0.0000000000
65576  49.807  7.697  23.802 0.0000000000
65577  48.947  7.218  23.339 0.0000000000
65586  53.124  8.381  22.175 0.0000000000
65587  49.156  8.701  23.180 0.0000000000
65588  48.736  8.051  22.573 0.0000000000
65589  47.576  8.127  21.373 0.0000000000
65590  46.853  7.598  21.130 0.0000000000
65599  52.329  8.423  21.570 0.0000000000
65600  51.551  8.306  20.943 0.0000000000
65601  50.198  8.184  20.170 0.0000000000
65602  49.036  8.590  20.289 0.0000000000
65603  47.109  8.639  21.025 0.0000000000
65604  46.541  8.072  20.794 0.0000000000
65605  45.624  8.216  20.415 0.0000000000
65613  44.818  8.377  20.066 0.0000000000
65614  43.976  8.420  19.735 0.0000000000
65615  43.089  8.472  19.490 0.0000000000
65616  42.423  8.634  19.126 0.0000000000
66534  52.453  8.631  23.137 0.0000000000
66535  51.741  8.668  23.128 0.0000000000
66536  50.380  8.957  23.257 0.0000000000
66537  49.537  9.643  23.031 0.0000000000
66547  52.482  8.691  22.733 0.0000000000
66548  51.528  8.839  22.380 0.0000000000
66549  49.473  9.028  23.252 0.0000000000
66550  48.843  9.502  22.872 0.0000000000
66551  48.151  9.309  22.020 0.0000000000
66558  52.249  8.564  22.082 0.0000000000
66559  51.323  8.987  21.652 0.0000000000
66560  50.350  9.203  21.005 0.0000000000
66561  49.042  9.238  20.787 0.0000000000
66562  47.751  9.312  21.113 0.0000000000
66563  46.940  8.664  20.629 0.0000000000
66564  46.174  8.662  20.466 0.0000000000
66568  48.351  8.847  20.444 0.0000000000
66569  47.555  8.795  20.261 0.0000000000
66570  46.567  8.973  20.160 0.0000000000
66571  45.421  9.162  20.221 0.0000000000
66572  44.398  9.197  20.026 0.0000000000
66573  43.714  9.263  19.637 0.0000000000
66574  43.013  9.234  19.360 0.0000000000
66577  46.066  9.157  19.714 0.0000000000
66578  45.344  9.347  19.339 0.0000000000
66579  44.648  9.578  19.048 0.0000000000
66580  43.784  9.600  19.101 0.0000000000
66581  42.707  9.217  18.753 0.0000000000
66586  45.176  9.181  18.696 0.0000000000
66587  44.573  9.149  18.433 0.0000000000
66588  43.602  9.047  18.217 0.0000000000
67510  50.775  9.123  22.697 0.0000000000
67511  50.044  9.820  22.774 0.0000000000
67512  49.284  10.098  22.709 0.0000000000
67521  50.590  9.547  22.219 0.0000000000
67522  49.697  10.140  22.181 0.0000000000
67523  48.661  10.159  22.124 0.0000000000
67524  48.221  9.673  21.649 0.0000000000
67530  50.270  9.694  21.682 0.0000000000
67531  49.381  9.900  21.499 0.0000000000
67532  48.463  9.755  21.454 0.0000000000
67533  48.122  9.591  21.433 0.0000000000
67539  44.708  9.578  19.764 0.0000000000
67540  44.182  9.525  19.648 0.0000000000
67541  43.935  9.517  19.498 0.0000000000
67545  44.741  9.627  19.408 0.0000000000
67546  44.355  9.623  19.423 0.0000000000
67547  44.115  9.621  19.362 0.0000000000
