#!ascii label  , from subject FREESURFER vox2ras=TkReg 
240
53227  21.510  -4.250  51.942 0.0000000000
53238  21.817  -4.476  51.527 0.0000000000
53252  22.205  -4.839  50.689 0.0000000000
54318  21.748  -3.882  51.737 0.0000000000
54319  21.153  -3.785  52.091 0.0000000000
54325  22.616  -3.378  50.564 0.0000000000
54326  22.379  -3.685  51.024 0.0000000000
54332  22.889  -3.534  50.264 0.0000000000
54333  22.888  -4.381  50.049 0.0000000000
54339  23.075  -3.690  49.442 0.0000000000
54340  22.463  -4.239  48.949 0.0000000000
54345  22.768  -3.542  48.516 0.0000000000
54346  22.332  -4.067  48.021 0.0000000000
54352  22.576  -3.546  47.660 0.0000000000
55368  21.424  -3.112  51.658 0.0000000000
55369  20.559  -2.993  51.888 0.0000000000
55370  20.060  -2.923  52.023 0.0000000000
55374  22.575  -2.673  50.520 0.0000000000
55375  21.796  -2.387  51.291 0.0000000000
55376  20.612  -1.988  51.414 0.0000000000
55377  19.929  -2.393  51.604 0.0000000000
55383  23.390  -2.406  49.476 0.0000000000
55384  23.070  -2.951  49.753 0.0000000000
55385  20.080  -1.555  50.764 0.0000000000
55392  23.773  -2.213  49.132 0.0000000000
55393  23.371  -2.910  48.979 0.0000000000
55394  19.926  -1.596  50.123 0.0000000000
55400  23.637  -2.245  48.520 0.0000000000
55401  22.992  -2.733  47.955 0.0000000000
56367  23.283  -1.106  50.239 0.0000000000
56368  22.852  -1.445  50.456 0.0000000000
56369  22.096  -1.543  51.050 0.0000000000
56370  21.292  -1.416  51.198 0.0000000000
56375  23.519  -1.541  49.719 0.0000000000
56376  23.064  -2.221  49.956 0.0000000000
56377  20.788  -0.659  49.706 0.0000000000
56378  20.577  -1.124  50.576 0.0000000000
56383  24.253  -1.558  48.840 0.0000000000
56384  20.894  -0.663  48.655 0.0000000000
56385  20.263  -1.544  49.031 0.0000000000
56390  23.677  -1.767  47.576 0.0000000000
56391  23.078  -2.452  47.268 0.0000000000
56392  20.938  -0.470  47.962 0.0000000000
57380  23.473  -0.900  50.021 0.0000000000
57381  23.175  -0.595  50.422 0.0000000000
57382  22.290  -0.620  50.896 0.0000000000
57383  21.638  -0.895  51.095 0.0000000000
57388  24.394  -0.086  49.379 0.0000000000
57389  24.009  -0.451  49.599 0.0000000000
57390  23.365  0.079  50.178 0.0000000000
57391  21.445  -0.420  50.498 0.0000000000
57392  21.168  -0.864  50.993 0.0000000000
57397  24.661  -0.087  49.131 0.0000000000
57398  24.625  -0.671  48.823 0.0000000000
57399  21.292  -0.019  49.405 0.0000000000
57403  25.168  -0.203  48.464 0.0000000000
57404  24.751  -0.992  48.028 0.0000000000
57405  21.129  0.087  48.348 0.0000000000
57406  20.847  -0.066  47.522 0.0000000000
57412  20.449  -0.162  46.794 0.0000000000
58372  22.637  0.066  50.524 0.0000000000
58373  22.064  -0.039  50.618 0.0000000000
58377  24.425  0.226  49.378 0.0000000000
58378  23.833  0.576  49.647 0.0000000000
58379  22.946  0.589  49.971 0.0000000000
58380  21.990  0.556  49.974 0.0000000000
58384  24.976  0.649  48.960 0.0000000000
58385  24.408  0.704  49.361 0.0000000000
58386  21.367  0.962  48.941 0.0000000000
58390  25.704  0.519  48.021 0.0000000000
58391  21.146  0.904  47.629 0.0000000000
58392  20.800  0.354  47.097 0.0000000000
58397  21.188  1.237  47.004 0.0000000000
58398  20.741  0.795  46.559 0.0000000000
58403  20.464  0.798  45.465 0.0000000000
59315  23.797  0.995  49.511 0.0000000000
59316  23.356  1.086  49.592 0.0000000000
59317  22.586  1.187  49.673 0.0000000000
59323  24.882  1.172  48.892 0.0000000000
59324  24.138  1.344  49.161 0.0000000000
59325  22.913  1.901  49.462 0.0000000000
59326  21.926  1.855  49.334 0.0000000000
59330  25.866  1.700  47.537 0.0000000000
59331  25.258  1.538  48.294 0.0000000000
59332  24.314  2.183  48.530 0.0000000000
59333  21.292  2.308  48.055 0.0000000000
59334  21.376  2.111  48.272 0.0000000000
59339  21.333  2.238  47.844 0.0000000000
59340  21.452  1.877  47.336 0.0000000000
59341  21.135  1.511  46.647 0.0000000000
59351  21.429  2.052  46.535 0.0000000000
59352  20.844  1.669  45.941 0.0000000000
59365  20.760  2.155  44.791 0.0000000000
60305  23.445  2.791  48.925 0.0000000000
60306  22.322  2.926  49.282 0.0000000000
60307  21.600  3.020  48.835 0.0000000000
60321  25.694  2.535  47.420 0.0000000000
60322  24.826  2.682  48.097 0.0000000000
60323  24.156  2.812  48.476 0.0000000000
60324  21.304  2.501  47.901 0.0000000000
60325  21.260  3.094  48.161 0.0000000000
60340  21.405  2.355  47.596 0.0000000000
60341  21.405  2.820  47.261 0.0000000000
60356  21.150  2.639  45.917 0.0000000000
60357  20.907  2.063  45.509 0.0000000000
60377  20.760  2.591  44.951 0.0000000000
60378  20.867  2.254  45.312 0.0000000000
61402  23.375  3.710  48.844 0.0000000000
61403  22.729  3.780  49.086 0.0000000000
61404  21.894  3.874  48.958 0.0000000000
61413  25.661  3.166  47.322 0.0000000000
61414  25.296  3.485  47.591 0.0000000000
61415  24.147  3.651  48.337 0.0000000000
61416  21.359  3.977  48.463 0.0000000000
61427  25.872  3.498  47.042 0.0000000000
61428  25.630  4.212  47.257 0.0000000000
61429  21.029  3.981  47.828 0.0000000000
61442  25.966  3.720  46.250 0.0000000000
61444  21.132  3.905  46.779 0.0000000000
61457  20.946  3.788  45.511 0.0000000000
61458  20.731  4.109  44.709 0.0000000000
61468  20.746  3.359  44.593 0.0000000000
62418  23.255  4.481  48.623 0.0000000000
62419  22.328  4.562  48.817 0.0000000000
62420  21.620  4.742  48.592 0.0000000000
62428  24.851  4.591  47.603 0.0000000000
62429  23.941  4.505  48.136 0.0000000000
62430  21.066  4.947  48.261 0.0000000000
62434  26.012  4.598  46.760 0.0000000000
62435  25.641  4.736  47.172 0.0000000000
62436  20.833  5.031  47.597 0.0000000000
62443  26.214  4.666  46.072 0.0000000000
62445  20.918  5.001  46.511 0.0000000000
62455  20.863  4.956  45.378 0.0000000000
62456  20.561  4.842  44.402 0.0000000000
62466  20.520  4.777  43.366 0.0000000000
63400  23.187  4.960  48.430 0.0000000000
63401  22.771  5.076  48.552 0.0000000000
63402  22.040  5.213  48.653 0.0000000000
63415  24.685  5.354  47.467 0.0000000000
63416  23.610  5.260  48.030 0.0000000000
63417  22.415  5.760  48.422 0.0000000000
63418  21.435  5.705  48.505 0.0000000000
63429  26.062  5.091  46.761 0.0000000000
63430  25.645  5.367  46.964 0.0000000000
63431  20.782  5.947  48.240 0.0000000000
63444  26.168  5.146  46.529 0.0000000000
63445  26.224  5.704  46.089 0.0000000000
63446  25.856  6.294  45.749 0.0000000000
63447  20.657  6.115  47.447 0.0000000000
63456  25.734  5.535  45.240 0.0000000000
63457  25.349  6.258  45.182 0.0000000000
63458  20.750  6.066  46.311 0.0000000000
63459  20.538  5.914  45.188 0.0000000000
63471  20.240  5.772  44.133 0.0000000000
63482  20.282  5.813  43.013 0.0000000000
63483  20.122  5.505  42.323 0.0000000000
63490  20.066  6.082  42.392 0.0000000000
63491  19.733  5.725  41.939 0.0000000000
63492  19.017  5.621  41.435 0.0000000000
64359  24.511  6.072  47.369 0.0000000000
64360  23.136  6.384  47.841 0.0000000000
64361  21.853  6.490  48.282 0.0000000000
64362  21.163  6.372  48.399 0.0000000000
64370  25.423  6.412  46.607 0.0000000000
64371  24.123  7.244  47.078 0.0000000000
64372  22.480  7.128  47.677 0.0000000000
64373  21.184  7.041  48.028 0.0000000000
64383  25.846  6.458  46.114 0.0000000000
64384  25.507  7.200  46.070 0.0000000000
64385  20.611  7.193  47.229 0.0000000000
64392  24.740  6.962  45.231 0.0000000000
64393  20.565  7.071  46.120 0.0000000000
64394  20.127  6.870  45.040 0.0000000000
64403  19.898  6.734  43.910 0.0000000000
64412  19.777  6.838  42.807 0.0000000000
64413  19.420  7.354  42.467 0.0000000000
64423  19.826  6.399  42.160 0.0000000000
64424  19.322  6.757  41.855 0.0000000000
65338  23.798  7.975  46.907 0.0000000000
65339  22.930  7.786  47.238 0.0000000000
65340  22.023  7.538  47.535 0.0000000000
65345  24.575  8.220  46.473 0.0000000000
65346  23.436  8.349  46.880 0.0000000000
65347  21.856  8.027  47.148 0.0000000000
65352  25.051  7.890  45.847 0.0000000000
65353  20.671  8.107  47.005 0.0000000000
65354  20.183  8.107  46.103 0.0000000000
65360  24.562  7.875  45.078 0.0000000000
65361  19.726  7.893  44.789 0.0000000000
65362  19.468  8.174  44.064 0.0000000000
65368  19.578  7.477  43.746 0.0000000000
65369  19.272  7.884  43.164 0.0000000000
65377  19.097  7.820  42.192 0.0000000000
65378  18.625  7.511  41.455 0.0000000000
66338  24.687  8.680  46.386 0.0000000000
66339  24.276  8.788  46.598 0.0000000000
66340  23.077  8.818  46.791 0.0000000000
66344  25.052  8.726  46.162 0.0000000000
66345  24.096  9.383  46.465 0.0000000000
66346  21.753  9.281  46.731 0.0000000000
66347  19.940  9.387  45.764 0.0000000000
66348  19.596  9.442  44.744 0.0000000000
66353  24.744  8.911  44.933 0.0000000000
66354  24.926  9.827  46.032 0.0000000000
66355  19.537  8.760  44.697 0.0000000000
66356  19.365  8.968  43.916 0.0000000000
66362  19.183  8.828  42.760 0.0000000000
66369  18.908  8.606  41.463 0.0000000000
67239  23.480  10.419  46.141 0.0000000000
67240  21.461  10.607  45.790 0.0000000000
67241  20.028  10.332  44.734 0.0000000000
67242  19.490  9.715  44.291 0.0000000000
67244  25.135  9.864  44.903 0.0000000000
67245  24.751  10.389  45.700 0.0000000000
67246  19.879  10.608  44.021 0.0000000000
67247  19.447  10.077  43.515 0.0000000000
67254  19.352  9.662  42.170 0.0000000000
67261  19.372  9.577  40.976 0.0000000000
68184  23.077  12.064  45.517 0.0000000000
68185  21.139  11.480  44.500 0.0000000000
68186  20.277  10.840  44.208 0.0000000000
68190  24.273  11.088  45.672 0.0000000000
68191  20.966  11.602  43.556 0.0000000000
68192  20.220  11.046  43.328 0.0000000000
68193  19.720  10.539  43.208 0.0000000000
68199  20.343  11.001  41.993 0.0000000000
68200  19.738  10.473  42.649 0.0000000000
68203  20.676  10.860  40.933 0.0000000000
68204  19.924  10.326  41.494 0.0000000000
69114  22.286  12.515  44.509 0.0000000000
69116  22.815  12.707  43.637 0.0000000000
69117  21.750  12.167  43.282 0.0000000000
69118  20.961  11.742  42.932 0.0000000000
69119  21.451  12.013  42.205 0.0000000000
69120  20.815  11.603  42.198 0.0000000000
69125  21.389  11.843  41.468 0.0000000000
69126  20.968  11.451  41.295 0.0000000000
69968  22.693  12.615  42.626 0.0000000000
69970  22.087  12.446  42.008 0.0000000000
