#!ascii label  , from subject FREESURFER vox2ras=TkReg 
255
67384  33.584  9.894  31.611 0.0000000000
67400  34.506  10.006  30.496 0.0000000000
67401  33.942  9.859  30.873 0.0000000000
67423  34.835  9.849  29.884 0.0000000000
68310  34.773  10.937  32.640 0.0000000000
68311  34.235  10.856  33.029 0.0000000000
68325  35.656  10.943  31.636 0.0000000000
68326  35.081  10.851  32.002 0.0000000000
68327  34.067  10.145  31.783 0.0000000000
68328  33.430  9.928  31.977 0.0000000000
68341  35.919  10.770  30.982 0.0000000000
68342  34.785  10.187  30.821 0.0000000000
68343  34.246  10.073  31.147 0.0000000000
68355  35.457  10.170  30.132 0.0000000000
68356  35.017  10.116  30.229 0.0000000000
69203  36.114  11.833  33.986 0.0000000000
69204  35.431  11.632  33.992 0.0000000000
69213  37.603  11.776  32.355 0.0000000000
69214  36.960  11.733  32.696 0.0000000000
69215  36.100  11.610  33.219 0.0000000000
69216  35.065  11.254  32.947 0.0000000000
69225  37.766  11.673  31.587 0.0000000000
69226  36.909  11.511  31.841 0.0000000000
69227  36.012  11.317  31.988 0.0000000000
69228  35.531  11.261  32.507 0.0000000000
69238  36.802  11.345  31.049 0.0000000000
69239  36.377  11.267  31.430 0.0000000000
69259  31.707  11.831  28.114 0.0000000000
69260  31.032  11.723  28.237 0.0000000000
69261  30.161  11.804  28.510 0.0000000000
69273  31.998  11.822  27.509 0.0000000000
69274  31.178  11.659  27.377 0.0000000000
69275  30.260  11.587  27.423 0.0000000000
69289  32.197  11.909  26.984 0.0000000000
69290  31.465  11.981  26.519 0.0000000000
69291  30.406  11.739  26.453 0.0000000000
69306  31.260  12.294  25.811 0.0000000000
69307  30.538  12.157  25.459 0.0000000000
69308  29.517  11.837  25.576 0.0000000000
69326  30.177  12.460  24.750 0.0000000000
69327  29.557  12.288  24.817 0.0000000000
70037  36.753  13.345  34.928 0.0000000000
70038  36.172  13.202  35.317 0.0000000000
70046  38.594  13.057  33.534 0.0000000000
70047  37.959  12.962  33.943 0.0000000000
70048  37.219  12.901  34.465 0.0000000000
70049  36.297  12.349  34.616 0.0000000000
70059  39.096  12.611  32.939 0.0000000000
70060  37.978  12.278  33.109 0.0000000000
70061  37.167  12.158  33.628 0.0000000000
70062  36.614  12.048  34.042 0.0000000000
70072  38.961  12.110  31.882 0.0000000000
70073  38.314  12.028  32.414 0.0000000000
70074  31.714  13.201  31.116 0.0000000000
70075  31.023  13.052  31.312 0.0000000000
70084  32.827  13.130  30.171 0.0000000000
70085  32.161  12.997  30.487 0.0000000000
70086  31.241  12.747  30.489 0.0000000000
70087  30.378  12.706  30.606 0.0000000000
70096  33.814  13.107  29.164 0.0000000000
70097  33.160  12.989  29.456 0.0000000000
70098  32.293  12.723  29.500 0.0000000000
70099  31.493  12.550  29.636 0.0000000000
70100  30.555  12.372  29.608 0.0000000000
70107  34.778  13.145  28.227 0.0000000000
70108  34.167  12.967  28.454 0.0000000000
70109  33.263  12.708  28.419 0.0000000000
70110  32.378  12.417  28.456 0.0000000000
70111  31.641  12.306  28.783 0.0000000000
70112  30.986  12.170  28.944 0.0000000000
70119  35.008  13.175  27.829 0.0000000000
70120  34.328  12.910  27.330 0.0000000000
70121  33.389  12.548  27.440 0.0000000000
70122  32.654  12.191  27.554 0.0000000000
70129  34.057  12.980  26.196 0.0000000000
70130  33.360  12.651  26.387 0.0000000000
70131  32.381  12.289  26.494 0.0000000000
70132  31.667  12.313  26.115 0.0000000000
70140  33.948  13.064  25.644 0.0000000000
70141  33.382  12.906  25.395 0.0000000000
70142  32.510  12.652  25.573 0.0000000000
70143  31.637  12.479  25.547 0.0000000000
70144  31.070  12.374  25.349 0.0000000000
70155  33.059  13.054  24.769 0.0000000000
70156  32.551  12.898  24.830 0.0000000000
70157  31.802  12.735  24.852 0.0000000000
70158  30.843  12.692  24.666 0.0000000000
70159  29.786  12.950  24.322 0.0000000000
70160  28.729  12.816  24.478 0.0000000000
70181  30.620  13.101  24.245 0.0000000000
70182  30.365  13.004  24.285 0.0000000000
70861  36.591  14.225  35.087 0.0000000000
70870  38.424  13.938  33.778 0.0000000000
70871  37.821  13.962  34.228 0.0000000000
70872  37.206  14.156  34.679 0.0000000000
70873  34.453  15.061  33.367 0.0000000000
70885  39.142  13.800  33.300 0.0000000000
70886  34.799  14.801  32.658 0.0000000000
70887  34.011  14.326  32.566 0.0000000000
70888  33.155  14.075  32.524 0.0000000000
70898  35.772  14.532  31.465 0.0000000000
70899  35.190  14.336  31.783 0.0000000000
70900  34.311  13.877  31.725 0.0000000000
70901  33.434  13.689  31.659 0.0000000000
70902  32.475  13.578  31.547 0.0000000000
70903  31.628  13.602  31.799 0.0000000000
70911  36.045  14.306  30.750 0.0000000000
70912  35.335  13.811  30.729 0.0000000000
70913  34.531  13.553  30.766 0.0000000000
70914  33.595  13.408  30.639 0.0000000000
70915  32.905  13.387  30.872 0.0000000000
70922  36.908  14.298  29.346 0.0000000000
70923  36.326  14.071  29.738 0.0000000000
70924  35.460  13.674  29.738 0.0000000000
70925  34.566  13.463  29.640 0.0000000000
70926  33.920  13.366  29.905 0.0000000000
70934  37.770  14.438  28.306 0.0000000000
70935  37.209  14.217  28.576 0.0000000000
70936  36.310  13.822  28.582 0.0000000000
70937  35.447  13.544  28.646 0.0000000000
70938  34.854  13.430  28.908 0.0000000000
70946  37.983  14.436  27.955 0.0000000000
70947  37.347  14.218  27.484 0.0000000000
70948  36.383  13.806  27.572 0.0000000000
70949  35.485  13.427  27.624 0.0000000000
70950  34.907  13.153  27.381 0.0000000000
70958  37.110  14.256  26.474 0.0000000000
70959  36.388  13.921  26.573 0.0000000000
70960  35.519  13.534  26.639 0.0000000000
70961  34.801  13.194  26.799 0.0000000000
70969  37.197  14.374  25.694 0.0000000000
70970  36.433  14.123  25.661 0.0000000000
70971  35.547  13.766  25.638 0.0000000000
70972  34.508  13.307  25.690 0.0000000000
70973  33.874  13.104  25.328 0.0000000000
70983  36.668  14.304  24.968 0.0000000000
70984  35.757  14.161  24.633 0.0000000000
70985  34.723  13.679  24.693 0.0000000000
70986  33.649  13.286  24.679 0.0000000000
70987  32.671  13.271  24.345 0.0000000000
70988  31.899  13.109  24.337 0.0000000000
70989  31.385  12.955  24.437 0.0000000000
70990  29.642  13.840  24.138 0.0000000000
70991  28.873  13.641  24.303 0.0000000000
70992  27.949  13.563  24.497 0.0000000000
71007  35.422  14.452  23.999 0.0000000000
71008  34.846  14.213  23.989 0.0000000000
71009  33.930  13.918  23.922 0.0000000000
71010  32.938  13.794  23.897 0.0000000000
71011  31.990  13.686  23.900 0.0000000000
71012  31.051  13.401  24.085 0.0000000000
71013  30.274  13.405  24.135 0.0000000000
71663  36.366  14.831  35.168 0.0000000000
71664  35.894  15.069  35.224 0.0000000000
71672  38.160  14.580  33.885 0.0000000000
71673  37.734  14.953  34.087 0.0000000000
71674  36.687  15.204  34.454 0.0000000000
71675  35.396  15.387  34.022 0.0000000000
71684  38.582  14.984  33.159 0.0000000000
71685  37.352  15.484  33.035 0.0000000000
71686  36.232  15.460  33.128 0.0000000000
71687  35.487  15.176  32.760 0.0000000000
71694  38.167  15.652  31.965 0.0000000000
71695  37.248  15.488  31.769 0.0000000000
71696  36.445  15.185  31.892 0.0000000000
71697  35.819  15.048  32.201 0.0000000000
71704  38.270  15.619  30.639 0.0000000000
71705  37.499  15.281  30.853 0.0000000000
71706  36.786  14.832  30.875 0.0000000000
71714  38.879  15.644  29.075 0.0000000000
71715  38.385  15.482  29.521 0.0000000000
71716  37.552  14.977  29.689 0.0000000000
71717  36.980  14.741  30.081 0.0000000000
71723  39.097  15.359  28.359 0.0000000000
71724  38.333  14.932  28.517 0.0000000000
71725  37.833  14.818  28.909 0.0000000000
71733  38.311  14.594  27.457 0.0000000000
71734  37.634  14.348  26.964 0.0000000000
71743  37.791  14.449  26.439 0.0000000000
71765  36.330  14.458  24.492 0.0000000000
71766  29.695  14.502  24.158 0.0000000000
71767  29.068  14.458  24.297 0.0000000000
71768  28.207  14.391  24.421 0.0000000000
71769  27.275  14.384  24.537 0.0000000000
71788  36.041  14.798  23.955 0.0000000000
71789  35.051  14.827  23.676 0.0000000000
71790  34.156  14.699  23.603 0.0000000000
71791  33.202  14.585  23.637 0.0000000000
71792  32.235  14.493  23.717 0.0000000000
71793  31.257  14.367  23.820 0.0000000000
71794  30.317  14.208  23.973 0.0000000000
72412  38.984  15.525  32.272 0.0000000000
72420  39.022  15.745  31.371 0.0000000000
72427  39.036  15.944  30.281 0.0000000000
72438  38.985  15.928  29.595 0.0000000000
72502  30.058  15.719  24.290 0.0000000000
72503  29.552  15.246  24.317 0.0000000000
72504  28.562  15.190  24.461 0.0000000000
72505  27.653  15.179  24.520 0.0000000000
72528  35.407  15.565  23.607 0.0000000000
72529  34.463  15.487  23.542 0.0000000000
72530  33.522  15.418  23.563 0.0000000000
72531  32.562  15.364  23.659 0.0000000000
72532  31.594  15.270  23.799 0.0000000000
72533  30.529  15.226  24.039 0.0000000000
72534  30.003  14.792  24.117 0.0000000000
73184  28.545  16.488  24.894 0.0000000000
73206  31.274  16.584  24.187 0.0000000000
73207  30.508  16.247  24.298 0.0000000000
73208  29.713  16.142  24.510 0.0000000000
73209  28.937  15.950  24.625 0.0000000000
73210  28.101  15.913  24.659 0.0000000000
73234  35.757  16.420  23.671 0.0000000000
73235  34.830  16.292  23.660 0.0000000000
73236  33.909  16.224  23.643 0.0000000000
73237  32.985  16.190  23.692 0.0000000000
73238  31.978  16.252  23.834 0.0000000000
73239  31.150  15.928  23.992 0.0000000000
73941  31.310  17.601  24.987 0.0000000000
73942  30.583  17.539  25.151 0.0000000000
73943  29.705  17.372  25.291 0.0000000000
73966  35.520  17.720  24.110 0.0000000000
73967  34.796  17.699  24.219 0.0000000000
73968  33.907  17.606  24.304 0.0000000000
73969  33.000  17.480  24.370 0.0000000000
73970  31.931  17.270  24.437 0.0000000000
73971  30.916  17.091  24.554 0.0000000000
73972  30.083  16.907  24.718 0.0000000000
73973  29.259  16.699  24.882 0.0000000000
73987  35.215  17.074  23.885 0.0000000000
73988  34.334  16.984  23.894 0.0000000000
73989  33.440  16.935  23.889 0.0000000000
73990  32.636  16.881  23.942 0.0000000000
74710  30.774  18.290  26.275 0.0000000000
74729  33.958  18.634  25.227 0.0000000000
74730  33.256  18.537  25.487 0.0000000000
74731  32.303  18.319  25.685 0.0000000000
74732  31.287  18.057  25.750 0.0000000000
74733  30.311  17.863  25.847 0.0000000000
74755  35.455  18.410  24.514 0.0000000000
74756  34.418  18.351  24.736 0.0000000000
74757  33.518  18.121  24.819 0.0000000000
74758  32.653  17.918  25.008 0.0000000000
74759  31.901  17.822  25.194 0.0000000000
75438  33.946  20.089  26.572 0.0000000000
75439  33.295  19.686  26.740 0.0000000000
75461  35.405  19.632  25.589 0.0000000000
75462  34.198  19.358  25.887 0.0000000000
75463  32.873  18.932  26.253 0.0000000000
75464  31.830  18.622  26.370 0.0000000000
75465  31.219  18.453  26.329 0.0000000000
75484  34.995  18.929  25.181 0.0000000000
75485  34.398  18.802  25.258 0.0000000000
76183  34.837  20.510  26.605 0.0000000000
76203  35.045  19.937  26.031 0.0000000000
