#!ascii label  , from subject FREESURFER vox2ras=TkReg 
241
66391  25.858  8.991  39.270 0.0000000000
67271  29.341  9.703  38.862 0.0000000000
67272  28.721  9.515  39.302 0.0000000000
67273  27.930  9.409  40.014 0.0000000000
67279  29.249  9.786  37.933 0.0000000000
67280  28.572  9.462  38.308 0.0000000000
67281  27.728  9.132  38.624 0.0000000000
67282  26.888  8.968  39.074 0.0000000000
67291  29.206  9.736  36.893 0.0000000000
67292  28.547  9.386  37.349 0.0000000000
67293  27.892  9.097  37.686 0.0000000000
67306  29.358  9.491  35.901 0.0000000000
67307  28.604  8.987  36.368 0.0000000000
67320  29.531  9.289  35.018 0.0000000000
67333  30.466  9.464  33.966 0.0000000000
67334  29.687  9.207  34.193 0.0000000000
67350  31.663  9.675  33.074 0.0000000000
67351  30.809  9.421  33.137 0.0000000000
67352  29.938  9.164  33.309 0.0000000000
68179  25.629  12.474  44.871 0.0000000000
68180  24.456  12.817  45.336 0.0000000000
68181  23.701  13.140  45.294 0.0000000000
68182  25.838  11.625  44.598 0.0000000000
68183  24.764  11.805  45.376 0.0000000000
68188  25.843  11.019  43.725 0.0000000000
68189  25.254  10.791  44.980 0.0000000000
68197  25.226  10.428  42.667 0.0000000000
68198  24.837  10.300  43.730 0.0000000000
68208  29.760  10.119  39.647 0.0000000000
68209  29.554  10.088  39.949 0.0000000000
68216  29.781  9.970  39.251 0.0000000000
68217  29.422  9.827  39.578 0.0000000000
68218  29.092  9.900  40.139 0.0000000000
68227  30.341  10.572  38.569 0.0000000000
68228  29.970  10.168  38.572 0.0000000000
68237  30.430  10.609  38.005 0.0000000000
68238  29.859  10.236  37.473 0.0000000000
68239  26.808  11.479  37.481 0.0000000000
68252  30.545  10.690  36.951 0.0000000000
68253  29.922  10.213  36.368 0.0000000000
68267  31.489  10.706  35.559 0.0000000000
68268  30.977  10.607  35.786 0.0000000000
68269  30.101  9.898  35.369 0.0000000000
68281  31.622  10.561  35.073 0.0000000000
68282  30.965  9.969  34.656 0.0000000000
68283  30.140  9.557  34.643 0.0000000000
68296  33.949  10.961  33.721 0.0000000000
68297  33.415  10.754  33.677 0.0000000000
68298  32.183  10.298  33.912 0.0000000000
68299  31.222  9.719  33.763 0.0000000000
68312  33.150  10.122  32.690 0.0000000000
68313  32.345  9.868  32.899 0.0000000000
69109  26.439  12.999  44.370 0.0000000000
69110  25.496  13.330  44.735 0.0000000000
69111  24.451  13.674  44.837 0.0000000000
69112  26.858  12.344  43.968 0.0000000000
69113  23.259  13.499  44.642 0.0000000000
69115  26.513  11.588  43.969 0.0000000000
69131  29.906  10.311  39.653 0.0000000000
69132  29.778  10.376  39.857 0.0000000000
69140  30.272  10.951  39.444 0.0000000000
69141  30.069  10.457  39.372 0.0000000000
69142  29.850  10.938  40.003 0.0000000000
69151  31.105  11.588  38.701 0.0000000000
69152  30.663  11.080  38.748 0.0000000000
69153  30.298  10.523  38.843 0.0000000000
69163  31.995  11.968  38.173 0.0000000000
69164  31.563  11.683  38.271 0.0000000000
69165  31.062  11.099  37.598 0.0000000000
69166  27.042  11.969  37.511 0.0000000000
69167  26.546  11.915  37.955 0.0000000000
69175  32.347  11.978  37.707 0.0000000000
69176  31.915  11.422  37.100 0.0000000000
69177  31.279  10.980  36.534 0.0000000000
69178  27.288  11.628  36.841 0.0000000000
69183  33.877  12.034  36.443 0.0000000000
69184  33.212  11.820  36.665 0.0000000000
69185  31.921  10.973  35.867 0.0000000000
69186  31.375  10.862  36.042 0.0000000000
69194  33.946  11.777  35.923 0.0000000000
69195  33.142  11.142  35.388 0.0000000000
69196  32.360  10.729  34.809 0.0000000000
69205  34.266  11.356  34.533 0.0000000000
69206  32.948  10.811  34.415 0.0000000000
69207  32.468  10.617  34.347 0.0000000000
69217  34.721  11.257  33.599 0.0000000000
69962  27.506  13.164  43.520 0.0000000000
69963  26.618  13.644  44.018 0.0000000000
69964  25.612  14.200  44.222 0.0000000000
69965  25.578  14.350  42.146 0.0000000000
69966  24.545  14.567  43.931 0.0000000000
69967  23.696  13.461  42.769 0.0000000000
69980  29.446  10.444  40.189 0.0000000000
69991  29.752  12.132  39.966 0.0000000000
70002  31.444  12.353  38.829 0.0000000000
70003  31.031  11.986  39.087 0.0000000000
70004  30.349  11.396  39.484 0.0000000000
70005  26.225  12.850  38.800 0.0000000000
70013  31.855  12.322  38.430 0.0000000000
70014  31.515  12.011  38.606 0.0000000000
70015  27.907  12.940  37.573 0.0000000000
70016  27.279  12.678  37.740 0.0000000000
70017  26.528  12.437  38.243 0.0000000000
70021  33.865  13.098  37.069 0.0000000000
70022  33.150  12.825  37.417 0.0000000000
70023  28.205  12.773  37.012 0.0000000000
70024  27.873  12.157  36.381 0.0000000000
70028  34.814  13.296  36.277 0.0000000000
70029  34.194  12.792  36.564 0.0000000000
70030  33.620  12.420  36.962 0.0000000000
70031  29.044  12.906  35.137 0.0000000000
70032  28.588  12.638  35.515 0.0000000000
70033  27.770  12.068  35.322 0.0000000000
70039  35.272  13.115  35.870 0.0000000000
70040  34.637  12.080  35.754 0.0000000000
70041  28.921  12.882  34.482 0.0000000000
70042  28.303  12.504  34.283 0.0000000000
70050  35.487  12.153  35.045 0.0000000000
70051  35.008  12.040  35.390 0.0000000000
70052  29.012  13.077  33.421 0.0000000000
70063  29.744  13.374  32.174 0.0000000000
70799  27.988  13.331  42.934 0.0000000000
70800  27.613  13.593  43.164 0.0000000000
70801  26.785  14.029  43.021 0.0000000000
70802  25.704  14.767  43.535 0.0000000000
70824  27.184  13.842  39.904 0.0000000000
70831  31.420  12.604  38.969 0.0000000000
70832  30.584  12.825  39.610 0.0000000000
70833  28.461  13.661  39.612 0.0000000000
70834  27.854  13.771  39.258 0.0000000000
70835  27.088  13.455  38.848 0.0000000000
70836  26.281  13.395  39.421 0.0000000000
70839  31.922  13.255  38.637 0.0000000000
70840  30.713  13.524  39.388 0.0000000000
70841  28.573  13.760  38.581 0.0000000000
70842  28.161  13.384  37.858 0.0000000000
70843  27.523  13.199  38.180 0.0000000000
70847  34.398  14.118  36.660 0.0000000000
70848  33.920  13.689  36.969 0.0000000000
70849  32.893  13.915  37.475 0.0000000000
70850  29.345  13.492  36.256 0.0000000000
70851  28.904  13.192  36.670 0.0000000000
70854  34.839  13.967  36.353 0.0000000000
70855  34.398  13.661  36.657 0.0000000000
70856  29.839  14.040  35.127 0.0000000000
70857  29.424  13.371  35.462 0.0000000000
70858  29.126  13.126  36.006 0.0000000000
70862  36.023  14.233  35.495 0.0000000000
70863  35.512  14.437  35.886 0.0000000000
70864  31.475  14.637  34.078 0.0000000000
70865  30.817  14.333  34.160 0.0000000000
70866  30.171  14.079  34.429 0.0000000000
70867  29.558  13.421  34.385 0.0000000000
70874  33.702  14.764  33.374 0.0000000000
70875  32.875  14.489  33.356 0.0000000000
70876  32.029  14.409  33.517 0.0000000000
70877  31.087  14.096  33.383 0.0000000000
70878  30.314  13.885  33.421 0.0000000000
70879  29.670  13.521  33.440 0.0000000000
70889  32.278  13.926  32.577 0.0000000000
70890  31.397  13.846  32.615 0.0000000000
70891  30.455  13.706  32.513 0.0000000000
70892  29.829  13.585  32.771 0.0000000000
70904  30.912  13.545  31.921 0.0000000000
71633  28.384  12.980  41.482 0.0000000000
71634  29.282  13.737  39.248 0.0000000000
71635  29.113  13.935  38.591 0.0000000000
71639  31.814  14.188  38.098 0.0000000000
71640  30.395  14.047  38.799 0.0000000000
71641  29.932  14.367  37.982 0.0000000000
71642  29.243  13.997  37.592 0.0000000000
71643  29.085  13.663  37.035 0.0000000000
71647  34.176  14.312  36.764 0.0000000000
71648  33.713  14.480  36.853 0.0000000000
71649  32.788  14.790  37.136 0.0000000000
71650  29.828  14.920  36.900 0.0000000000
71651  29.590  14.085  36.394 0.0000000000
71652  29.316  13.611  36.618 0.0000000000
71655  34.424  14.681  36.572 0.0000000000
71656  33.785  15.163  36.404 0.0000000000
71657  32.641  15.437  36.221 0.0000000000
71658  31.523  15.348  35.728 0.0000000000
71659  30.223  14.965  35.602 0.0000000000
71660  29.768  14.192  35.657 0.0000000000
71665  34.845  15.181  35.650 0.0000000000
71666  33.603  15.344  35.297 0.0000000000
71667  32.303  15.188  34.669 0.0000000000
71668  31.113  15.018  34.759 0.0000000000
71669  30.560  14.653  34.717 0.0000000000
71676  34.284  15.257  34.359 0.0000000000
71677  33.272  15.090  34.150 0.0000000000
71678  32.636  14.865  33.891 0.0000000000
72388  32.116  14.756  37.541 0.0000000000
72389  31.495  14.733  37.773 0.0000000000
72390  30.787  14.783  37.822 0.0000000000
72395  32.124  15.210  37.186 0.0000000000
72396  31.333  15.295  37.269 0.0000000000
72397  30.531  15.181  37.229 0.0000000000
72401  31.769  15.424  36.612 0.0000000000
72402  30.972  15.390  36.501 0.0000000000
72403  30.373  15.262  36.553 0.0000000000
104153  26.867  9.165  39.890 0.0000000000
104154  26.849  9.273  40.194 0.0000000000
104155  26.568  9.340  40.396 0.0000000000
104156  27.147  9.391  40.294 0.0000000000
104157  25.559  9.137  40.178 0.0000000000
104158  25.693  9.671  41.362 0.0000000000
104159  27.109  11.186  41.926 0.0000000000
104160  26.766  10.164  41.390 0.0000000000
104161  27.293  10.373  41.369 0.0000000000
104162  27.389  10.216  41.211 0.0000000000
104163  27.528  9.939  40.903 0.0000000000
104164  25.893  11.827  38.303 0.0000000000
104165  26.039  12.247  38.478 0.0000000000
104168  25.100  9.707  41.794 0.0000000000
104169  25.829  10.329  41.956 0.0000000000
104170  25.912  9.382  40.850 0.0000000000
104171  27.812  11.683  42.022 0.0000000000
104172  26.534  10.889  42.181 0.0000000000
104173  27.678  10.760  41.479 0.0000000000
104174  28.288  11.624  41.603 0.0000000000
104175  29.533  11.514  40.295 0.0000000000
104176  28.811  10.933  40.825 0.0000000000
104177  26.056  10.899  42.698 0.0000000000
104179  27.049  11.713  42.915 0.0000000000
104180  26.653  14.057  40.770 0.0000000000
104181  29.938  11.568  39.871 0.0000000000
104182  29.068  11.914  40.553 0.0000000000
104183  27.649  13.971  40.544 0.0000000000
104184  25.969  13.210  39.359 0.0000000000
104185  26.539  13.665  39.809 0.0000000000
104186  25.727  12.970  39.310 0.0000000000
104187  25.068  12.234  39.170 0.0000000000
104188  25.818  13.448  40.072 0.0000000000
104189  26.192  13.540  39.754 0.0000000000
104191  27.837  12.781  43.283 0.0000000000
104192  30.283  11.794  39.626 0.0000000000
104193  27.027  14.077  41.703 0.0000000000
104198  27.678  13.642  42.734 0.0000000000
104199  27.734  12.429  43.137 0.0000000000
104200  24.356  13.188  40.703 0.0000000000
