#!ascii label  , from subject FREESURFER vox2ras=TkReg 
156
39340  7.308  -18.360  33.763 0.0000000000
39351  7.035  -18.567  32.809 0.0000000000
40350  7.606  -17.493  34.173 0.0000000000
40362  8.304  -16.973  32.632 0.0000000000
40363  8.016  -17.476  33.111 0.0000000000
40373  8.074  -17.243  32.173 0.0000000000
40374  7.352  -17.827  32.199 0.0000000000
41394  7.608  -16.588  34.805 0.0000000000
41395  7.223  -16.239  35.424 0.0000000000
41404  8.448  -15.975  33.499 0.0000000000
41405  8.156  -16.492  33.818 0.0000000000
41414  8.442  -16.473  33.048 0.0000000000
41415  8.242  -16.832  33.336 0.0000000000
41423  8.467  -16.569  32.212 0.0000000000
42459  7.543  -15.511  35.167 0.0000000000
42460  6.942  -15.471  35.629 0.0000000000
42467  8.479  -15.435  33.851 0.0000000000
42468  8.076  -15.543  34.525 0.0000000000
42476  8.668  -15.502  33.206 0.0000000000
42490  9.124  -15.140  31.936 0.0000000000
42491  8.778  -15.770  32.470 0.0000000000
43506  7.207  -14.577  35.371 0.0000000000
43507  6.575  -14.590  35.824 0.0000000000
43513  8.381  -14.549  34.269 0.0000000000
43514  7.819  -14.580  34.857 0.0000000000
43521  9.167  -14.102  32.946 0.0000000000
43522  8.794  -14.499  33.507 0.0000000000
43531  9.363  -14.268  32.264 0.0000000000
43532  8.989  -14.876  32.743 0.0000000000
44705  6.251  -13.700  36.060 0.0000000000
44706  5.610  -13.784  36.515 0.0000000000
44718  7.463  -13.649  35.063 0.0000000000
44719  6.852  -13.663  35.563 0.0000000000
44730  8.588  -13.574  33.938 0.0000000000
44731  8.066  -13.627  34.536 0.0000000000
44738  9.410  -13.403  32.653 0.0000000000
44739  9.028  -13.460  33.322 0.0000000000
44743  9.705  -13.547  31.830 0.0000000000
45752  4.827  -12.886  37.197 0.0000000000
45776  5.982  -12.709  36.300 0.0000000000
45777  5.351  -13.043  36.765 0.0000000000
45794  7.183  -12.624  35.316 0.0000000000
45795  6.569  -12.891  35.814 0.0000000000
45809  8.281  -12.575  34.179 0.0000000000
45810  7.730  -12.844  34.755 0.0000000000
45824  9.200  -12.454  33.037 0.0000000000
45825  8.776  -12.752  33.606 0.0000000000
45836  9.681  -12.586  32.242 0.0000000000
45845  10.213  -12.237  30.835 0.0000000000
45846  9.966  -12.816  31.376 0.0000000000
46708  3.156  -11.427  38.622 0.0000000000
46722  4.747  -12.066  37.300 0.0000000000
46723  4.266  -11.685  37.621 0.0000000000
46724  3.670  -11.294  38.078 0.0000000000
46738  6.019  -11.893  36.284 0.0000000000
46739  5.416  -11.933  36.736 0.0000000000
46751  7.186  -11.817  35.281 0.0000000000
46752  6.589  -11.832  35.775 0.0000000000
46766  8.223  -11.786  34.100 0.0000000000
46767  7.704  -11.785  34.693 0.0000000000
46782  9.081  -11.870  33.040 0.0000000000
46783  8.705  -11.726  33.456 0.0000000000
46797  9.307  -11.454  32.589 0.0000000000
46798  8.797  -11.082  33.033 0.0000000000
46808  10.234  -11.388  30.988 0.0000000000
46809  9.953  -11.868  31.627 0.0000000000
47576  3.261  -10.408  38.516 0.0000000000
47587  4.840  -11.212  37.104 0.0000000000
47588  4.290  -10.563  37.412 0.0000000000
47589  3.788  -10.456  37.927 0.0000000000
47607  5.970  -11.201  36.160 0.0000000000
47608  5.327  -10.622  36.453 0.0000000000
47609  4.787  -10.540  36.903 0.0000000000
47623  7.099  -11.139  35.159 0.0000000000
47624  6.370  -10.612  35.447 0.0000000000
47625  5.815  -10.565  35.919 0.0000000000
47639  8.119  -11.120  34.021 0.0000000000
47640  7.459  -10.566  34.428 0.0000000000
47641  6.895  -10.530  34.912 0.0000000000
47653  8.389  -10.552  33.356 0.0000000000
47654  7.938  -10.488  33.877 0.0000000000
47668  9.186  -10.290  32.251 0.0000000000
47669  8.842  -10.616  32.773 0.0000000000
47679  10.184  -10.974  31.062 0.0000000000
47680  9.850  -10.775  31.487 0.0000000000
47687  10.290  -10.801  30.648 0.0000000000
47688  9.924  -10.098  30.890 0.0000000000
48460  3.160  -9.622  38.308 0.0000000000
48478  4.258  -10.003  37.223 0.0000000000
48479  3.762  -9.695  37.581 0.0000000000
48498  5.191  -10.108  36.227 0.0000000000
48499  4.623  -9.854  36.602 0.0000000000
48500  3.891  -9.107  36.739 0.0000000000
48514  6.193  -10.125  35.213 0.0000000000
48515  5.594  -9.916  35.596 0.0000000000
48516  4.822  -9.256  35.743 0.0000000000
48535  7.302  -10.049  34.264 0.0000000000
48536  6.666  -9.878  34.627 0.0000000000
48537  5.898  -9.211  34.771 0.0000000000
48553  8.262  -10.001  33.258 0.0000000000
48554  7.722  -9.800  33.683 0.0000000000
48555  6.970  -9.158  33.859 0.0000000000
48569  9.022  -9.822  32.188 0.0000000000
48570  8.568  -9.743  32.659 0.0000000000
48571  7.964  -9.067  32.956 0.0000000000
48583  9.237  -9.511  31.596 0.0000000000
48584  8.667  -9.140  32.082 0.0000000000
49375  2.894  -9.042  37.982 0.0000000000
49394  3.145  -8.849  37.024 0.0000000000
49395  2.195  -8.818  37.178 0.0000000000
49415  4.189  -8.933  36.038 0.0000000000
49416  3.363  -8.672  36.114 0.0000000000
49417  2.403  -8.622  36.158 0.0000000000
49418  1.385  -8.913  36.283 0.0000000000
49436  5.211  -8.954  35.090 0.0000000000
49437  4.430  -8.702  35.294 0.0000000000
49438  3.665  -8.521  35.395 0.0000000000
49439  2.787  -8.405  35.167 0.0000000000
49440  1.570  -8.562  35.071 0.0000000000
49457  6.355  -8.906  34.184 0.0000000000
49458  5.629  -8.496  34.286 0.0000000000
49459  4.736  -8.422  34.586 0.0000000000
49460  3.872  -8.381  34.741 0.0000000000
49461  3.316  -8.388  34.893 0.0000000000
49462  1.198  -8.438  34.352 0.0000000000
49481  7.392  -8.823  33.306 0.0000000000
49482  6.676  -8.435  33.503 0.0000000000
49483  6.165  -8.420  33.912 0.0000000000
49500  8.270  -8.830  32.366 0.0000000000
49501  7.606  -8.360  32.577 0.0000000000
49502  7.160  -8.342  33.060 0.0000000000
49513  8.998  -8.769  31.247 0.0000000000
49514  8.525  -8.560  31.671 0.0000000000
49515  8.051  -8.329  32.096 0.0000000000
50387  2.701  -8.359  34.689 0.0000000000
50388  2.363  -8.330  34.661 0.0000000000
50407  5.550  -8.189  33.955 0.0000000000
50408  5.126  -8.101  33.982 0.0000000000
50409  4.160  -8.124  33.980 0.0000000000
50410  2.982  -8.220  34.278 0.0000000000
50411  1.816  -8.191  34.121 0.0000000000
50428  6.475  -8.109  33.274 0.0000000000
50429  5.894  -8.017  33.541 0.0000000000
50430  4.791  -7.689  33.306 0.0000000000
50431  3.556  -7.580  33.151 0.0000000000
50432  2.365  -7.636  33.366 0.0000000000
50451  7.373  -7.988  32.341 0.0000000000
50452  6.806  -7.927  32.736 0.0000000000
50453  5.614  -7.419  32.509 0.0000000000
50454  4.407  -7.223  32.446 0.0000000000
50470  8.333  -8.068  31.237 0.0000000000
50471  7.627  -7.756  31.665 0.0000000000
50472  6.563  -7.338  31.911 0.0000000000
50473  5.816  -7.006  31.714 0.0000000000
51417  4.987  -6.815  31.813 0.0000000000
51443  6.959  -7.232  31.430 0.0000000000
