#!ascii label  , from subject FREESURFER vox2ras=TkReg 
231
53240  18.693  -1.925  51.099 0.0000000000
53241  18.458  -1.896  51.159 0.0000000000
53254  18.545  -1.882  50.889 0.0000000000
53255  18.316  -1.868  50.953 0.0000000000
54321  19.094  -3.143  52.408 0.0000000000
54322  18.299  -2.567  52.171 0.0000000000
54327  19.570  -2.708  51.970 0.0000000000
54328  18.821  -2.266  51.548 0.0000000000
54329  18.246  -1.984  51.290 0.0000000000
54334  19.333  -2.162  51.374 0.0000000000
54335  18.865  -1.985  50.871 0.0000000000
54336  18.340  -2.048  50.638 0.0000000000
55364  17.457  -2.644  52.582 0.0000000000
55365  16.322  -2.206  52.801 0.0000000000
55371  17.726  -1.916  51.767 0.0000000000
55372  17.023  -1.651  52.241 0.0000000000
55378  17.728  -1.914  50.734 0.0000000000
55379  17.069  -1.360  51.129 0.0000000000
55380  16.643  -1.001  50.776 0.0000000000
55386  19.541  -1.840  50.733 0.0000000000
55387  18.785  -2.189  50.075 0.0000000000
55388  17.943  -2.351  49.878 0.0000000000
55389  16.974  -1.916  49.905 0.0000000000
55390  16.574  -1.287  50.335 0.0000000000
55395  19.432  -2.077  49.445 0.0000000000
55396  18.575  -2.433  49.125 0.0000000000
55397  17.590  -2.183  48.827 0.0000000000
55398  16.775  -1.693  48.928 0.0000000000
55402  19.121  -2.245  48.581 0.0000000000
55403  18.434  -2.204  48.206 0.0000000000
55404  17.726  -1.966  47.950 0.0000000000
56362  16.011  -1.322  52.789 0.0000000000
56365  16.372  -1.197  52.546 0.0000000000
56371  16.718  -0.838  51.988 0.0000000000
56372  16.565  -0.599  51.242 0.0000000000
56379  16.289  -1.023  49.475 0.0000000000
56380  16.347  -0.603  50.421 0.0000000000
56386  19.600  -2.041  48.654 0.0000000000
56387  17.112  -1.622  48.169 0.0000000000
56388  16.513  -1.071  48.484 0.0000000000
56393  20.396  -0.934  47.540 0.0000000000
56394  19.322  -1.832  47.729 0.0000000000
56395  18.168  -1.993  47.336 0.0000000000
56396  17.357  -1.657  47.373 0.0000000000
56397  16.746  -1.102  47.604 0.0000000000
56401  20.091  -0.689  46.743 0.0000000000
56402  19.512  -1.086  46.416 0.0000000000
56403  18.532  -1.673  46.534 0.0000000000
56404  17.619  -1.721  46.595 0.0000000000
56405  16.929  -1.320  46.711 0.0000000000
56409  19.271  -1.020  45.312 0.0000000000
56410  18.691  -1.429  45.651 0.0000000000
56411  17.732  -1.545  45.674 0.0000000000
56412  17.175  -1.509  46.128 0.0000000000
56418  19.129  -0.947  44.789 0.0000000000
56419  18.683  -1.235  44.959 0.0000000000
56420  18.221  -1.407  45.214 0.0000000000
57372  15.951  -0.826  52.782 0.0000000000
57373  15.518  -0.214  52.637 0.0000000000
57376  16.167  -0.448  52.400 0.0000000000
57377  15.701  0.318  52.012 0.0000000000
57384  16.323  -0.195  51.825 0.0000000000
57385  16.003  0.369  51.065 0.0000000000
57393  16.163  -0.454  49.325 0.0000000000
57394  16.004  0.177  49.672 0.0000000000
57400  16.151  -0.405  48.896 0.0000000000
57401  15.869  0.503  48.562 0.0000000000
57407  16.335  -0.312  48.002 0.0000000000
57408  15.991  0.560  47.530 0.0000000000
57413  20.042  -0.518  46.285 0.0000000000
57414  16.379  -0.505  46.994 0.0000000000
57415  15.827  0.281  46.481 0.0000000000
57419  20.255  0.054  45.970 0.0000000000
57420  19.820  -0.539  45.609 0.0000000000
57421  17.367  -1.274  45.322 0.0000000000
57422  16.722  -0.947  45.699 0.0000000000
57423  15.823  0.224  45.327 0.0000000000
57429  20.161  0.010  45.153 0.0000000000
57430  19.585  -0.452  44.635 0.0000000000
57431  18.839  -0.832  44.387 0.0000000000
57432  17.771  -1.105  44.698 0.0000000000
57433  16.733  -0.354  44.488 0.0000000000
57434  15.927  0.398  44.233 0.0000000000
57441  19.220  -0.329  43.917 0.0000000000
57442  18.511  -0.476  43.654 0.0000000000
57443  17.552  -0.450  43.673 0.0000000000
57444  16.730  -0.030  43.508 0.0000000000
57445  15.958  0.346  43.247 0.0000000000
57453  18.118  -0.310  43.057 0.0000000000
57454  17.484  -0.219  42.773 0.0000000000
57455  16.634  -0.048  42.640 0.0000000000
57456  15.850  0.098  42.368 0.0000000000
57457  15.359  0.010  41.987 0.0000000000
57466  17.264  -0.132  42.070 0.0000000000
57467  16.588  -0.146  41.810 0.0000000000
57468  15.906  -0.124  41.516 0.0000000000
57469  15.218  -0.096  41.344 0.0000000000
57483  17.245  -0.044  41.375 0.0000000000
58366  14.928  0.705  52.224 0.0000000000
58369  15.114  1.613  51.469 0.0000000000
58370  14.395  1.651  51.834 0.0000000000
58374  15.411  1.527  50.420 0.0000000000
58381  15.379  1.445  49.271 0.0000000000
58387  15.532  1.558  48.133 0.0000000000
58393  15.656  1.562  47.075 0.0000000000
58399  15.342  1.289  46.127 0.0000000000
58404  15.069  1.259  45.028 0.0000000000
58405  14.698  1.858  44.859 0.0000000000
58414  20.129  0.608  44.305 0.0000000000
58415  19.608  0.021  43.978 0.0000000000
58416  15.244  0.924  43.822 0.0000000000
58417  14.729  1.614  44.261 0.0000000000
58426  20.004  1.011  43.610 0.0000000000
58427  19.349  0.444  43.238 0.0000000000
58428  18.616  -0.100  43.045 0.0000000000
58429  15.260  0.569  42.870 0.0000000000
58430  14.453  1.271  43.289 0.0000000000
58431  13.896  1.594  43.072 0.0000000000
58438  19.049  0.991  42.177 0.0000000000
58439  18.363  0.183  42.421 0.0000000000
58440  17.765  -0.078  42.209 0.0000000000
58441  15.286  0.263  42.352 0.0000000000
58442  14.663  0.338  42.151 0.0000000000
58443  13.630  1.092  42.471 0.0000000000
58444  12.999  1.240  42.182 0.0000000000
58450  18.943  1.277  41.724 0.0000000000
58451  18.488  0.894  41.442 0.0000000000
58452  17.833  0.174  41.666 0.0000000000
58453  14.591  -0.026  41.056 0.0000000000
58454  13.813  0.313  41.430 0.0000000000
58455  13.010  0.781  41.655 0.0000000000
58469  18.253  1.056  40.797 0.0000000000
59305  14.955  2.318  51.209 0.0000000000
59306  14.484  2.535  51.367 0.0000000000
59307  14.054  2.454  51.577 0.0000000000
59310  14.869  2.590  50.886 0.0000000000
59311  14.640  2.729  51.143 0.0000000000
59312  13.726  2.494  51.284 0.0000000000
59318  15.095  2.540  50.012 0.0000000000
59319  14.462  2.680  50.009 0.0000000000
59320  13.801  2.479  50.298 0.0000000000
59327  14.784  2.273  48.833 0.0000000000
59328  14.159  2.375  48.946 0.0000000000
59329  13.660  2.146  48.846 0.0000000000
59335  15.094  2.475  47.611 0.0000000000
59336  13.165  2.203  48.090 0.0000000000
59342  15.154  2.469  46.663 0.0000000000
59343  14.723  2.657  46.264 0.0000000000
59344  13.001  2.362  47.347 0.0000000000
59353  14.995  2.029  45.935 0.0000000000
59354  14.570  2.288  45.503 0.0000000000
59366  20.704  1.753  44.936 0.0000000000
59367  14.364  2.210  44.676 0.0000000000
59368  14.053  2.342  44.257 0.0000000000
59377  20.761  2.154  44.494 0.0000000000
59378  20.514  1.717  43.800 0.0000000000
59379  19.967  1.327  43.207 0.0000000000
59380  14.339  1.956  43.990 0.0000000000
59381  13.866  2.104  43.586 0.0000000000
59382  13.342  2.219  43.227 0.0000000000
59390  20.250  1.931  42.958 0.0000000000
59391  19.695  1.561  42.518 0.0000000000
59392  13.562  1.805  42.973 0.0000000000
59393  12.966  1.853  42.594 0.0000000000
59394  12.344  1.983  42.130 0.0000000000
59403  19.315  1.700  41.833 0.0000000000
59404  18.900  1.517  41.443 0.0000000000
59405  12.530  1.371  41.894 0.0000000000
59406  11.899  1.710  41.463 0.0000000000
59407  11.340  1.824  40.951 0.0000000000
59421  19.125  2.007  41.351 0.0000000000
59422  18.632  1.694  40.838 0.0000000000
59424  12.382  0.958  41.052 0.0000000000
60278  14.400  2.838  51.213 0.0000000000
60279  14.206  2.846  51.312 0.0000000000
60283  14.605  2.891  50.900 0.0000000000
60284  14.405  2.995  51.024 0.0000000000
60285  13.854  3.035  51.209 0.0000000000
60293  14.597  2.859  50.658 0.0000000000
60294  14.179  2.972  50.794 0.0000000000
60295  13.832  2.965  50.973 0.0000000000
60308  14.349  2.878  47.926 0.0000000000
60309  13.768  2.904  48.120 0.0000000000
60310  13.453  2.656  48.126 0.0000000000
60326  14.681  3.232  47.107 0.0000000000
60327  14.092  3.476  47.535 0.0000000000
60328  13.301  2.865  47.861 0.0000000000
60342  14.714  3.022  46.622 0.0000000000
60343  14.174  3.231  46.350 0.0000000000
60344  13.425  3.088  46.925 0.0000000000
60358  13.951  2.660  45.282 0.0000000000
60359  13.257  3.057  45.844 0.0000000000
60379  13.987  2.501  44.665 0.0000000000
60380  13.543  2.716  44.438 0.0000000000
60398  20.790  2.677  44.105 0.0000000000
60399  20.581  2.690  43.222 0.0000000000
60400  13.410  2.474  43.655 0.0000000000
60401  12.794  2.663  43.401 0.0000000000
60415  20.071  2.573  42.329 0.0000000000
60416  19.705  2.081  42.062 0.0000000000
60417  12.491  2.298  42.571 0.0000000000
60418  11.795  2.510  42.262 0.0000000000
60431  19.873  2.837  41.966 0.0000000000
60432  19.597  2.567  41.692 0.0000000000
60433  11.441  2.107  41.453 0.0000000000
60434  10.779  2.287  41.177 0.0000000000
60435  9.727  2.866  41.309 0.0000000000
60436  9.058  3.037  40.838 0.0000000000
60450  19.098  2.598  40.992 0.0000000000
60451  18.639  2.548  40.311 0.0000000000
60452  10.537  2.050  40.391 0.0000000000
60453  9.983  2.273  40.268 0.0000000000
60454  9.172  2.700  40.302 0.0000000000
60464  9.291  2.259  39.508 0.0000000000
60465  8.639  2.753  39.523 0.0000000000
60466  8.167  3.072  39.146 0.0000000000
60480  8.823  2.292  38.985 0.0000000000
60481  8.407  2.622  38.765 0.0000000000
61469  20.688  3.721  43.827 0.0000000000
61486  20.468  3.708  42.665 0.0000000000
61501  19.912  3.392  41.934 0.0000000000
61502  19.431  3.440  41.285 0.0000000000
61516  18.981  3.407  40.603 0.0000000000
61518  8.495  3.217  40.257 0.0000000000
61529  8.219  3.185  39.578 0.0000000000
62480  20.252  4.802  42.408 0.0000000000
62481  19.918  5.132  42.091 0.0000000000
62494  20.115  4.107  42.126 0.0000000000
62495  19.631  4.571  41.669 0.0000000000
62496  18.957  4.812  41.044 0.0000000000
62507  19.186  4.123  40.958 0.0000000000
