#!ascii label  , from subject FREESURFER vox2ras=TkReg 
199
21346  -0.356  -39.352  39.861 0.0000000000
21347  -1.165  -39.061  39.635 0.0000000000
21348  -1.892  -38.957  39.821 0.0000000000
22222  0.605  -39.163  39.905 0.0000000000
22223  0.065  -39.297  39.831 0.0000000000
22247  0.845  -38.614  39.213 0.0000000000
22248  -0.255  -38.800  39.276 0.0000000000
22249  -1.241  -38.479  38.999 0.0000000000
22250  -2.179  -38.307  39.098 0.0000000000
22271  1.125  -38.134  38.404 0.0000000000
22272  0.041  -38.183  38.435 0.0000000000
22273  -0.997  -38.184  38.542 0.0000000000
22274  -1.622  -38.185  38.650 0.0000000000
23170  -2.534  -37.904  38.446 0.0000000000
23171  -3.063  -37.957  38.662 0.0000000000
23188  1.502  -37.627  37.814 0.0000000000
23189  0.380  -37.206  37.812 0.0000000000
23190  -0.849  -37.415  38.206 0.0000000000
23191  -1.959  -37.743  38.319 0.0000000000
23192  -2.800  -37.637  38.338 0.0000000000
23193  -3.208  -37.601  38.631 0.0000000000
23210  1.890  -37.246  37.337 0.0000000000
23211  1.239  -37.014  37.441 0.0000000000
24136  0.087  -35.969  37.705 0.0000000000
24137  -0.724  -36.311  38.046 0.0000000000
24138  -1.757  -36.678  38.205 0.0000000000
24139  -2.539  -37.115  38.331 0.0000000000
24140  -3.331  -36.949  38.594 0.0000000000
24155  2.032  -37.054  36.944 0.0000000000
24156  1.553  -36.531  36.935 0.0000000000
24157  0.826  -36.369  37.357 0.0000000000
24173  2.049  -36.928  36.378 0.0000000000
24174  1.751  -36.249  36.534 0.0000000000
24187  2.133  -37.058  35.718 0.0000000000
24197  1.909  -36.824  35.162 0.0000000000
25078  -0.196  -35.499  37.239 0.0000000000
25079  -0.713  -35.465  37.502 0.0000000000
25080  -1.707  -35.299  37.821 0.0000000000
25081  -2.700  -35.882  38.376 0.0000000000
25082  -3.666  -35.600  39.033 0.0000000000
25098  1.023  -36.019  36.897 0.0000000000
25099  0.381  -35.622  36.949 0.0000000000
25100  -0.460  -34.871  36.927 0.0000000000
25101  -1.174  -34.781  37.359 0.0000000000
25114  1.837  -36.118  36.284 0.0000000000
25115  1.304  -35.487  36.399 0.0000000000
25116  0.319  -34.784  36.618 0.0000000000
25117  -0.143  -34.425  36.732 0.0000000000
25130  2.025  -35.847  35.714 0.0000000000
25131  1.790  -35.032  35.947 0.0000000000
25147  3.022  -34.946  34.232 0.0000000000
25148  2.350  -35.636  34.601 0.0000000000
26006  -2.013  -34.437  37.922 0.0000000000
26007  -2.501  -34.415  38.281 0.0000000000
26008  -3.291  -34.735  38.802 0.0000000000
26023  -1.068  -34.008  37.264 0.0000000000
26024  -1.687  -34.141  37.683 0.0000000000
26025  -2.071  -33.921  38.048 0.0000000000
26040  0.809  -34.203  36.323 0.0000000000
26041  0.107  -33.994  36.607 0.0000000000
26042  -0.465  -33.979  36.891 0.0000000000
26054  2.792  -34.210  35.231 0.0000000000
26055  2.156  -34.464  35.597 0.0000000000
26056  1.514  -34.332  35.996 0.0000000000
26070  3.129  -34.511  34.677 0.0000000000
26071  2.497  -34.932  35.153 0.0000000000
26086  3.605  -34.499  33.877 0.0000000000
26901  -1.838  -32.793  38.324 0.0000000000
26902  -2.175  -33.251  38.432 0.0000000000
26903  -3.203  -33.731  38.953 0.0000000000
26915  -0.737  -33.253  37.349 0.0000000000
26916  -1.497  -33.092  37.883 0.0000000000
26917  -1.905  -33.539  37.978 0.0000000000
26930  1.247  -33.353  36.238 0.0000000000
26931  0.522  -33.246  36.608 0.0000000000
26932  -0.180  -33.296  36.935 0.0000000000
26948  3.330  -33.615  35.134 0.0000000000
26949  2.589  -33.461  35.505 0.0000000000
26950  1.878  -33.454  35.867 0.0000000000
26967  4.513  -33.215  34.268 0.0000000000
26968  4.018  -33.664  34.462 0.0000000000
26982  4.537  -33.492  33.735 0.0000000000
26983  4.139  -33.974  33.844 0.0000000000
27745  -1.901  -33.008  38.475 0.0000000000
27758  -0.915  -32.553  38.425 0.0000000000
27759  -1.513  -32.737  38.267 0.0000000000
27760  -1.948  -32.743  38.437 0.0000000000
27766  0.912  -31.689  37.143 0.0000000000
27767  0.394  -31.962  37.369 0.0000000000
27768  -0.687  -32.456  37.778 0.0000000000
27769  -1.335  -32.579  37.963 0.0000000000
27779  1.850  -31.885  36.313 0.0000000000
27780  1.162  -32.209  36.624 0.0000000000
27781  0.088  -32.590  37.067 0.0000000000
27782  -0.391  -32.858  37.303 0.0000000000
27796  3.113  -32.671  35.377 0.0000000000
27797  2.162  -32.419  35.912 0.0000000000
27798  1.628  -32.827  36.175 0.0000000000
27814  4.915  -32.287  34.386 0.0000000000
27815  4.408  -32.705  34.666 0.0000000000
27816  3.853  -32.984  35.111 0.0000000000
27836  5.298  -32.454  33.812 0.0000000000
27837  4.863  -32.897  34.092 0.0000000000
27859  5.019  -33.020  33.448 0.0000000000
28637  1.687  -31.387  38.546 0.0000000000
28647  1.728  -31.260  37.502 0.0000000000
28648  0.965  -31.529  37.707 0.0000000000
28649  0.155  -31.877  38.054 0.0000000000
28650  -0.392  -32.248  38.261 0.0000000000
28660  2.536  -31.293  36.388 0.0000000000
28661  1.851  -31.455  36.673 0.0000000000
28662  1.238  -31.461  37.039 0.0000000000
28674  3.813  -31.401  35.291 0.0000000000
28675  2.981  -31.582  35.669 0.0000000000
28676  2.265  -31.676  36.157 0.0000000000
28689  5.912  -31.298  34.111 0.0000000000
28690  5.315  -31.665  34.364 0.0000000000
28691  4.477  -31.685  34.821 0.0000000000
28692  3.747  -32.125  35.099 0.0000000000
28704  6.366  -31.336  33.474 0.0000000000
28705  5.804  -31.957  33.557 0.0000000000
29481  2.920  -30.756  38.984 0.0000000000
29489  3.841  -30.411  37.192 0.0000000000
29490  3.101  -30.740  37.707 0.0000000000
29491  2.394  -31.083  38.216 0.0000000000
29503  4.672  -30.275  35.927 0.0000000000
29504  4.060  -30.560  36.211 0.0000000000
29505  3.226  -30.900  36.524 0.0000000000
29506  2.442  -31.030  37.111 0.0000000000
29521  5.744  -30.182  34.892 0.0000000000
29522  5.136  -30.334  35.282 0.0000000000
29523  4.333  -30.805  35.349 0.0000000000
29524  3.628  -30.959  35.711 0.0000000000
29540  6.261  -30.533  34.267 0.0000000000
29541  5.528  -30.810  34.602 0.0000000000
29542  4.906  -30.997  34.801 0.0000000000
29554  7.359  -30.094  33.299 0.0000000000
29555  7.010  -30.582  33.395 0.0000000000
29571  7.486  -30.239  32.796 0.0000000000
30284  3.371  -29.748  40.222 0.0000000000
30301  3.808  -29.573  38.756 0.0000000000
30302  3.194  -30.249  39.608 0.0000000000
30312  4.908  -29.322  37.136 0.0000000000
30313  4.161  -29.727  37.637 0.0000000000
30314  3.495  -30.190  38.292 0.0000000000
30323  5.933  -29.200  35.899 0.0000000000
30324  5.235  -29.716  36.162 0.0000000000
30325  4.565  -30.063  36.738 0.0000000000
30338  6.258  -29.586  34.977 0.0000000000
30339  5.656  -29.787  35.433 0.0000000000
30349  7.324  -29.284  33.985 0.0000000000
30350  6.847  -29.824  34.186 0.0000000000
30361  7.608  -29.608  33.272 0.0000000000
30362  7.244  -29.889  33.652 0.0000000000
31067  3.689  -28.835  40.314 0.0000000000
31083  4.946  -28.011  38.308 0.0000000000
31084  4.256  -28.583  38.872 0.0000000000
31092  6.020  -27.849  37.159 0.0000000000
31093  5.229  -28.332  37.573 0.0000000000
31094  4.406  -29.040  37.931 0.0000000000
31103  6.159  -28.342  36.511 0.0000000000
31104  5.519  -28.979  36.663 0.0000000000
31113  7.203  -28.212  35.188 0.0000000000
31114  6.573  -28.721  35.546 0.0000000000
31123  8.002  -27.937  33.979 0.0000000000
31124  7.486  -28.514  34.385 0.0000000000
31125  6.962  -29.035  34.731 0.0000000000
31135  7.800  -28.811  33.604 0.0000000000
31838  4.840  -27.130  39.285 0.0000000000
31839  4.339  -27.415  39.763 0.0000000000
31853  5.600  -27.107  38.265 0.0000000000
31854  5.075  -27.388  38.744 0.0000000000
31855  4.260  -28.043  39.393 0.0000000000
31864  5.805  -27.370  37.779 0.0000000000
31865  5.271  -27.780  38.101 0.0000000000
31871  7.190  -26.969  36.202 0.0000000000
31872  6.718  -27.268  36.655 0.0000000000
31878  7.857  -26.854  35.179 0.0000000000
31879  7.469  -27.146  35.603 0.0000000000
31880  6.865  -27.955  35.928 0.0000000000
31886  8.067  -27.082  34.669 0.0000000000
31887  7.672  -27.796  34.786 0.0000000000
32561  5.915  -26.544  38.272 0.0000000000
32562  5.450  -26.645  38.809 0.0000000000
32570  7.064  -26.034  37.092 0.0000000000
32571  6.524  -26.632  37.415 0.0000000000
32577  7.335  -26.489  36.336 0.0000000000
32578  6.928  -26.611  36.879 0.0000000000
32581  8.061  -26.340  35.277 0.0000000000
32582  7.650  -26.488  35.773 0.0000000000
32586  8.635  -26.350  34.345 0.0000000000
33304  7.110  -25.165  37.594 0.0000000000
33305  6.634  -25.919  37.780 0.0000000000
33312  7.962  -25.196  36.105 0.0000000000
33313  7.676  -25.336  36.495 0.0000000000
33316  8.112  -25.379  35.756 0.0000000000
33317  7.776  -26.007  35.925 0.0000000000
33321  8.688  -25.283  34.814 0.0000000000
34097  8.057  -24.858  36.071 0.0000000000
