#!ascii label  , from subject FREESURFER vox2ras=TkReg 
124
47529  -4.962  -10.331  41.884 0.0000000000
47540  -4.852  -10.619  41.185 0.0000000000
47541  -5.653  -10.079  41.301 0.0000000000
47542  -5.972  -9.795  41.052 0.0000000000
47554  -4.379  -10.627  40.324 0.0000000000
47555  -5.528  -10.147  40.361 0.0000000000
47556  -5.990  -9.866  40.790 0.0000000000
47568  -3.914  -10.573  39.444 0.0000000000
47569  -4.753  -10.293  39.537 0.0000000000
47578  -3.196  -10.643  37.834 0.0000000000
47579  -3.964  -10.482  38.451 0.0000000000
47580  -4.305  -10.355  39.020 0.0000000000
47590  -2.530  -10.663  36.582 0.0000000000
47591  -3.356  -10.725  36.839 0.0000000000
47592  -4.058  -10.423  37.275 0.0000000000
47593  -4.312  -10.144  36.887 0.0000000000
47610  -2.515  -10.585  36.079 0.0000000000
47611  -3.268  -10.637  35.943 0.0000000000
47612  -4.126  -10.415  36.229 0.0000000000
47613  -4.293  -10.265  36.638 0.0000000000
47626  -3.688  -10.361  35.595 0.0000000000
47627  -3.924  -10.439  35.753 0.0000000000
48392  -5.129  -8.967  44.375 0.0000000000
48401  -4.911  -9.026  43.472 0.0000000000
48410  -5.083  -9.491  42.250 0.0000000000
48417  -5.684  -9.480  41.297 0.0000000000
48418  -5.969  -9.498  40.810 0.0000000000
48431  -5.726  -9.682  39.889 0.0000000000
48432  -5.967  -9.500  40.347 0.0000000000
48448  -5.288  -9.562  39.591 0.0000000000
48449  -5.774  -9.295  39.784 0.0000000000
48467  -4.265  -10.259  38.369 0.0000000000
48468  -4.529  -10.020  38.636 0.0000000000
48484  -4.203  -10.180  38.051 0.0000000000
48485  -4.341  -9.855  37.562 0.0000000000
48504  -2.508  -10.462  35.713 0.0000000000
48505  -4.425  -10.189  35.960 0.0000000000
48506  -4.451  -9.894  36.396 0.0000000000
48519  -1.926  -10.187  35.316 0.0000000000
48520  -3.062  -10.241  35.247 0.0000000000
48521  -4.154  -9.951  35.452 0.0000000000
48522  -4.500  -9.375  35.775 0.0000000000
48540  -3.263  -9.528  34.725 0.0000000000
48541  -3.819  -9.096  34.838 0.0000000000
49297  -5.192  -8.238  44.827 0.0000000000
49311  -4.995  -8.314  43.959 0.0000000000
49325  -4.854  -8.538  42.922 0.0000000000
49336  -5.177  -8.748  41.716 0.0000000000
49337  -5.698  -8.996  41.199 0.0000000000
49345  -5.419  -8.532  40.841 0.0000000000
49346  -5.849  -9.032  40.447 0.0000000000
49359  -4.744  -8.264  39.295 0.0000000000
49360  -5.276  -8.582  39.763 0.0000000000
49361  -5.888  -9.045  40.122 0.0000000000
49379  -3.434  -7.967  37.892 0.0000000000
49380  -4.366  -8.436  38.549 0.0000000000
49381  -4.786  -9.267  38.576 0.0000000000
49398  -3.388  -7.953  37.265 0.0000000000
49399  -3.844  -8.519  37.010 0.0000000000
49400  -4.329  -9.246  37.379 0.0000000000
49420  -4.129  -8.557  35.884 0.0000000000
49421  -4.467  -9.123  36.286 0.0000000000
49443  -4.065  -8.761  35.271 0.0000000000
49444  -4.476  -8.987  35.740 0.0000000000
50197  -3.777  -7.082  46.751 0.0000000000
50204  -3.789  -7.057  45.555 0.0000000000
50205  -4.379  -7.362  46.003 0.0000000000
50213  -3.790  -7.099  44.566 0.0000000000
50214  -4.448  -7.387  44.975 0.0000000000
50215  -4.847  -7.721  45.346 0.0000000000
50222  -3.766  -7.171  43.721 0.0000000000
50223  -4.403  -7.464  44.101 0.0000000000
50224  -4.859  -7.792  44.455 0.0000000000
50230  -2.887  -7.225  42.721 0.0000000000
50231  -3.692  -7.269  42.932 0.0000000000
50232  -4.317  -7.551  43.230 0.0000000000
50233  -4.753  -7.916  43.579 0.0000000000
50248  -1.651  -7.343  41.742 0.0000000000
50249  -2.654  -7.423  41.876 0.0000000000
50250  -3.545  -7.482  42.099 0.0000000000
50251  -4.224  -7.691  42.318 0.0000000000
50252  -4.672  -8.090  42.571 0.0000000000
50269  -2.342  -7.262  40.980 0.0000000000
50270  -3.398  -7.409  41.177 0.0000000000
50271  -4.230  -7.654  41.387 0.0000000000
50272  -4.780  -8.099  41.554 0.0000000000
50290  -1.863  -6.861  40.007 0.0000000000
50291  -3.222  -7.252  40.257 0.0000000000
50292  -4.185  -7.636  40.528 0.0000000000
50293  -4.900  -7.962  40.681 0.0000000000
50310  -1.925  -6.938  39.064 0.0000000000
50311  -2.970  -7.202  39.329 0.0000000000
50312  -4.248  -7.807  39.560 0.0000000000
50313  -4.743  -7.951  40.130 0.0000000000
50331  -1.619  -6.982  38.435 0.0000000000
50332  -2.581  -7.367  38.373 0.0000000000
50333  -3.606  -7.682  38.729 0.0000000000
50350  -1.785  -7.206  37.735 0.0000000000
50351  -2.693  -7.621  37.342 0.0000000000
50352  -3.294  -7.875  36.841 0.0000000000
50367  -1.235  -6.883  37.392 0.0000000000
50368  -1.804  -7.183  36.833 0.0000000000
50369  -2.746  -7.490  36.485 0.0000000000
50370  -3.500  -7.925  36.147 0.0000000000
50389  -2.264  -7.024  36.151 0.0000000000
50390  -2.938  -7.263  35.677 0.0000000000
50391  -3.600  -7.754  35.222 0.0000000000
50414  -3.573  -7.665  34.612 0.0000000000
51201  -2.859  -6.777  46.157 0.0000000000
51214  -1.773  -6.634  45.436 0.0000000000
51215  -2.899  -6.842  45.014 0.0000000000
51224  -0.731  -6.510  44.674 0.0000000000
51225  -1.902  -6.723  44.350 0.0000000000
51226  -2.967  -6.945  44.069 0.0000000000
51235  -0.878  -6.702  43.572 0.0000000000
51236  -2.138  -6.944  43.325 0.0000000000
51237  -3.113  -7.076  43.377 0.0000000000
51252  -1.150  -7.080  42.581 0.0000000000
51253  -2.081  -7.249  42.485 0.0000000000
51346  -1.692  -6.488  36.255 0.0000000000
51362  -2.363  -6.486  35.602 0.0000000000
51363  -3.243  -6.551  34.827 0.0000000000
51364  -3.600  -7.137  34.625 0.0000000000
52377  -2.488  -5.826  35.129 0.0000000000
