#!ascii label  , from subject FREESURFER vox2ras=TkReg 
230
21386  -3.879  -39.473  37.058 0.0000000000
21387  -4.324  -39.175  36.789 0.0000000000
21396  -2.739  -39.975  35.153 0.0000000000
21397  -3.659  -40.257  36.100 0.0000000000
21398  -4.471  -39.621  36.397 0.0000000000
21410  -1.686  -39.787  33.314 0.0000000000
21411  -2.694  -40.381  33.968 0.0000000000
21412  -3.630  -40.705  34.795 0.0000000000
21413  -4.572  -40.236  35.322 0.0000000000
21425  -1.257  -39.991  32.222 0.0000000000
21426  -2.379  -40.539  32.741 0.0000000000
21427  -3.704  -40.623  33.388 0.0000000000
21428  -4.354  -40.577  34.332 0.0000000000
21445  -1.810  -40.301  31.576 0.0000000000
21446  -2.995  -40.511  32.188 0.0000000000
22300  -3.412  -38.556  37.184 0.0000000000
22301  -4.142  -38.702  36.894 0.0000000000
22310  -1.391  -38.603  34.610 0.0000000000
22311  -1.883  -38.930  34.987 0.0000000000
22312  -2.783  -39.174  36.256 0.0000000000
22313  -4.364  -38.948  36.477 0.0000000000
22323  0.783  -38.165  33.634 0.0000000000
22324  -0.880  -38.608  33.985 0.0000000000
22325  -2.030  -39.539  34.285 0.0000000000
22326  -4.510  -39.013  35.614 0.0000000000
22338  -0.681  -39.331  32.884 0.0000000000
22339  -3.972  -39.908  33.292 0.0000000000
22340  -4.268  -39.350  33.984 0.0000000000
22349  -2.600  -39.748  31.542 0.0000000000
22350  -3.668  -39.464  32.575 0.0000000000
22351  -4.190  -38.372  32.882 0.0000000000
22365  -1.908  -38.838  31.044 0.0000000000
23234  -3.404  -38.045  36.997 0.0000000000
23235  -3.749  -38.170  36.833 0.0000000000
23246  -1.403  -38.385  34.776 0.0000000000
23247  -1.961  -38.280  35.458 0.0000000000
23248  -3.064  -38.077  36.319 0.0000000000
23249  -4.048  -38.209  36.169 0.0000000000
23256  0.280  -37.592  34.045 0.0000000000
23257  -0.963  -37.724  34.548 0.0000000000
23258  -2.002  -37.543  35.141 0.0000000000
23259  -3.216  -37.368  35.344 0.0000000000
23260  -4.302  -37.760  34.780 0.0000000000
23267  -4.330  -37.682  33.472 0.0000000000
23272  -3.029  -38.598  31.567 0.0000000000
23273  -3.954  -38.068  31.981 0.0000000000
23274  -4.294  -37.280  32.451 0.0000000000
23284  -2.395  -37.719  31.108 0.0000000000
24198  1.652  -36.761  34.578 0.0000000000
24205  1.155  -36.841  34.025 0.0000000000
24206  0.134  -37.035  34.024 0.0000000000
24207  -0.912  -37.022  34.225 0.0000000000
24208  -2.102  -37.013  34.259 0.0000000000
24209  -3.288  -36.975  34.124 0.0000000000
24210  -4.039  -36.982  33.740 0.0000000000
24218  0.879  -36.563  33.552 0.0000000000
24219  0.091  -36.566  33.415 0.0000000000
24220  -1.005  -36.513  33.355 0.0000000000
24221  -2.216  -36.440  33.274 0.0000000000
24222  -3.339  -36.348  33.184 0.0000000000
24223  -4.121  -36.494  32.845 0.0000000000
24229  -3.379  -37.582  31.436 0.0000000000
24230  -4.039  -36.889  31.583 0.0000000000
24231  -4.259  -36.219  32.030 0.0000000000
24238  -1.773  -36.772  30.741 0.0000000000
24239  -3.210  -36.658  31.026 0.0000000000
24240  -3.886  -36.275  31.229 0.0000000000
25149  1.858  -36.225  34.136 0.0000000000
25161  2.915  -35.126  33.769 0.0000000000
25162  2.302  -35.625  33.746 0.0000000000
25163  1.592  -36.075  33.593 0.0000000000
25171  2.711  -35.231  33.325 0.0000000000
25172  2.234  -35.441  32.985 0.0000000000
25173  1.134  -35.950  32.891 0.0000000000
25174  0.029  -35.973  32.632 0.0000000000
25175  -1.123  -35.813  32.615 0.0000000000
25176  -2.349  -35.575  32.619 0.0000000000
25177  -3.478  -35.607  32.626 0.0000000000
25178  -4.076  -35.510  32.237 0.0000000000
25184  1.794  -35.308  32.359 0.0000000000
25185  0.974  -35.370  32.083 0.0000000000
25186  -0.117  -35.217  32.043 0.0000000000
25187  -1.208  -34.966  32.220 0.0000000000
25188  -2.091  -34.774  32.292 0.0000000000
25189  -4.121  -36.013  31.471 0.0000000000
25190  -4.321  -35.174  31.578 0.0000000000
25191  -4.507  -34.512  31.265 0.0000000000
25200  -2.565  -35.728  30.593 0.0000000000
25201  -3.904  -35.534  30.873 0.0000000000
25202  -4.512  -34.742  30.993 0.0000000000
25203  -4.605  -34.377  31.047 0.0000000000
26085  4.139  -34.082  33.240 0.0000000000
26101  4.182  -34.065  32.463 0.0000000000
26102  3.295  -34.741  32.835 0.0000000000
26103  2.496  -34.963  32.317 0.0000000000
26104  -2.860  -34.989  32.430 0.0000000000
26105  -3.575  -34.842  32.341 0.0000000000
26106  -4.152  -34.750  32.057 0.0000000000
26119  3.821  -34.244  31.964 0.0000000000
26120  3.014  -34.487  31.843 0.0000000000
26121  1.932  -34.673  31.765 0.0000000000
26122  0.791  -34.540  31.619 0.0000000000
26123  -0.324  -34.353  31.717 0.0000000000
26124  -1.429  -34.236  31.873 0.0000000000
26125  -2.624  -34.234  32.132 0.0000000000
26126  -3.662  -34.092  32.083 0.0000000000
26127  -4.327  -34.185  31.653 0.0000000000
26128  -4.544  -34.013  31.166 0.0000000000
26139  -1.926  -34.826  30.245 0.0000000000
26140  -3.184  -34.746  30.345 0.0000000000
26141  -4.115  -34.486  30.501 0.0000000000
26142  -4.496  -34.130  30.819 0.0000000000
27001  5.164  -33.189  32.128 0.0000000000
27002  4.766  -33.466  32.772 0.0000000000
27022  5.142  -33.191  31.792 0.0000000000
27023  4.665  -33.541  31.666 0.0000000000
27024  3.633  -33.924  31.292 0.0000000000
27025  2.629  -33.964  31.235 0.0000000000
27026  1.601  -33.877  31.245 0.0000000000
27027  0.518  -33.580  31.275 0.0000000000
27028  -0.638  -33.569  31.486 0.0000000000
27029  -1.724  -33.484  31.632 0.0000000000
27030  -2.811  -33.397  31.762 0.0000000000
27031  -3.734  -33.352  31.669 0.0000000000
27032  -4.282  -33.309  31.304 0.0000000000
27054  4.721  -33.283  31.027 0.0000000000
27055  4.211  -33.407  30.818 0.0000000000
27056  3.237  -33.397  30.699 0.0000000000
27057  2.239  -33.300  30.769 0.0000000000
27058  1.377  -33.216  30.865 0.0000000000
27059  -1.507  -34.004  30.090 0.0000000000
27060  -2.579  -33.990  29.939 0.0000000000
27061  -3.617  -33.886  29.962 0.0000000000
27062  -4.221  -33.627  30.336 0.0000000000
27063  -4.409  -33.248  30.785 0.0000000000
27086  -1.903  -33.247  29.665 0.0000000000
27087  -3.025  -33.124  29.635 0.0000000000
27088  -3.873  -32.953  29.860 0.0000000000
27089  -4.233  -32.810  30.265 0.0000000000
27858  5.423  -32.714  32.844 0.0000000000
27874  6.110  -32.186  31.425 0.0000000000
27875  5.496  -32.759  31.668 0.0000000000
27876  4.994  -33.151  31.204 0.0000000000
27877  -0.072  -32.957  31.205 0.0000000000
27878  -0.915  -32.834  31.311 0.0000000000
27879  -1.939  -32.579  31.436 0.0000000000
27880  -2.983  -32.598  31.556 0.0000000000
27881  -3.797  -32.479  31.395 0.0000000000
27882  -4.303  -32.389  31.024 0.0000000000
27899  6.302  -31.945  31.149 0.0000000000
27900  5.850  -32.254  30.783 0.0000000000
27901  4.905  -32.818  30.642 0.0000000000
27902  3.861  -32.814  30.266 0.0000000000
27903  2.775  -32.580  30.338 0.0000000000
27904  1.770  -32.603  30.535 0.0000000000
27905  0.738  -32.616  30.784 0.0000000000
27906  -0.206  -32.300  30.986 0.0000000000
27907  -1.048  -32.155  31.128 0.0000000000
27908  -4.311  -32.186  30.479 0.0000000000
27921  5.283  -32.168  30.141 0.0000000000
27922  4.470  -32.160  29.945 0.0000000000
27923  3.485  -31.994  29.986 0.0000000000
27924  2.690  -31.828  30.065 0.0000000000
27929  -2.342  -32.301  29.358 0.0000000000
27930  -3.384  -32.139  29.512 0.0000000000
27931  -4.130  -31.892  29.834 0.0000000000
28719  6.694  -31.343  32.718 0.0000000000
28720  6.125  -32.033  32.560 0.0000000000
28730  6.527  -31.642  31.754 0.0000000000
28731  6.114  -32.181  31.847 0.0000000000
28732  -2.421  -32.099  31.395 0.0000000000
28733  -3.005  -31.723  31.369 0.0000000000
28734  -3.912  -31.521  31.151 0.0000000000
28735  -4.261  -31.613  30.710 0.0000000000
28746  6.441  -31.544  30.727 0.0000000000
28747  5.846  -31.800  30.135 0.0000000000
28748  2.124  -32.031  30.254 0.0000000000
28749  1.352  -31.820  30.389 0.0000000000
28750  0.443  -31.737  30.647 0.0000000000
28751  -0.513  -31.556  30.804 0.0000000000
28752  -1.767  -31.516  31.126 0.0000000000
28753  -2.604  -30.987  31.140 0.0000000000
28754  -4.132  -30.877  30.675 0.0000000000
28755  -4.341  -31.096  30.174 0.0000000000
28764  5.187  -31.523  29.580 0.0000000000
28765  4.055  -31.371  29.530 0.0000000000
28766  3.025  -31.247  29.686 0.0000000000
28767  2.025  -31.311  30.012 0.0000000000
28768  1.405  -31.204  30.257 0.0000000000
28772  -2.777  -31.359  29.184 0.0000000000
28773  -3.651  -31.089  29.351 0.0000000000
28774  -4.114  -30.808  29.621 0.0000000000
29572  7.151  -30.911  32.324 0.0000000000
29588  7.074  -30.946  31.319 0.0000000000
29589  -3.288  -31.030  31.181 0.0000000000
29590  -3.687  -30.751  30.970 0.0000000000
29602  0.955  -31.226  30.419 0.0000000000
29603  0.243  -30.950  30.507 0.0000000000
29604  -0.824  -30.657  30.597 0.0000000000
29605  -1.918  -30.468  30.828 0.0000000000
29606  -2.984  -30.279  30.921 0.0000000000
29607  -3.770  -30.142  30.587 0.0000000000
29608  -4.192  -30.220  30.200 0.0000000000
29621  2.419  -30.462  29.568 0.0000000000
29622  1.221  -30.508  30.090 0.0000000000
29623  0.007  -30.106  30.264 0.0000000000
29624  -0.675  -29.979  30.378 0.0000000000
29626  -3.060  -30.491  28.876 0.0000000000
29627  -3.945  -29.895  29.024 0.0000000000
29628  -4.215  -30.094  29.730 0.0000000000
29644  -3.187  -29.607  28.443 0.0000000000
29645  -3.760  -29.180  28.563 0.0000000000
30421  -1.238  -29.946  30.515 0.0000000000
30422  -2.117  -29.433  30.566 0.0000000000
30423  -3.295  -29.353  30.488 0.0000000000
30424  -4.036  -29.392  30.146 0.0000000000
30425  -4.237  -29.729  29.892 0.0000000000
30448  0.659  -29.351  29.788 0.0000000000
30449  -0.751  -29.178  30.127 0.0000000000
30450  -1.823  -28.509  30.134 0.0000000000
30451  -4.163  -29.225  29.587 0.0000000000
30452  -4.247  -29.673  29.653 0.0000000000
30473  -3.301  -28.646  28.334 0.0000000000
30474  -3.981  -28.488  28.847 0.0000000000
31185  -2.818  -28.476  30.228 0.0000000000
31186  -3.716  -28.513  30.089 0.0000000000
31187  -4.079  -28.717  29.867 0.0000000000
31212  -3.303  -27.581  29.809 0.0000000000
31213  -3.924  -27.835  29.468 0.0000000000
31239  -3.949  -27.171  28.907 0.0000000000
