#!ascii label  , from subject FREESURFER vox2ras=TkReg 
241
88778  45.396  43.926  -16.703 0.0000000000
89351  44.498  44.311  -16.226 0.0000000000
89352  43.398  44.246  -15.665 0.0000000000
89359  47.507  44.671  -17.717 0.0000000000
89360  46.761  44.243  -17.782 0.0000000000
89361  45.888  44.649  -17.451 0.0000000000
89362  45.208  44.567  -16.762 0.0000000000
89370  47.374  45.491  -18.374 0.0000000000
89371  46.990  45.119  -18.318 0.0000000000
89372  46.538  44.921  -18.039 0.0000000000
89873  44.376  45.199  -16.245 0.0000000000
89874  43.783  45.180  -15.868 0.0000000000
89875  42.852  45.178  -15.340 0.0000000000
89883  48.028  45.688  -17.234 0.0000000000
89884  45.591  45.408  -17.697 0.0000000000
89885  45.017  45.363  -16.867 0.0000000000
89892  47.757  46.193  -18.454 0.0000000000
89893  47.127  45.950  -18.797 0.0000000000
89894  46.238  45.744  -18.444 0.0000000000
89901  47.340  46.757  -19.421 0.0000000000
89902  46.703  46.556  -19.227 0.0000000000
89903  46.255  46.709  -19.110 0.0000000000
90414  47.532  47.145  -14.050 0.0000000000
90427  48.085  46.280  -15.321 0.0000000000
90428  47.544  46.961  -14.838 0.0000000000
90429  42.294  46.002  -14.983 0.0000000000
90439  48.018  46.391  -16.548 0.0000000000
90440  47.613  46.931  -16.003 0.0000000000
90441  44.202  45.865  -16.314 0.0000000000
90442  43.340  46.164  -15.939 0.0000000000
90443  42.769  46.027  -15.457 0.0000000000
90450  48.229  47.127  -17.657 0.0000000000
90451  47.962  47.060  -16.790 0.0000000000
90452  45.251  46.000  -17.924 0.0000000000
90453  44.513  46.522  -17.238 0.0000000000
90454  43.902  46.444  -16.479 0.0000000000
90459  47.824  47.914  -18.981 0.0000000000
90460  45.585  46.768  -18.789 0.0000000000
90461  44.967  46.606  -18.136 0.0000000000
90470  46.303  47.732  -20.019 0.0000000000
91023  47.435  47.783  -13.306 0.0000000000
91024  46.508  48.087  -13.744 0.0000000000
91039  46.857  47.428  -14.272 0.0000000000
91040  46.210  48.120  -14.618 0.0000000000
91041  42.287  46.499  -15.204 0.0000000000
91042  41.960  46.747  -15.043 0.0000000000
91058  46.887  47.590  -15.492 0.0000000000
91059  46.291  48.298  -15.541 0.0000000000
91060  43.139  46.655  -16.094 0.0000000000
91061  42.634  46.720  -15.698 0.0000000000
91062  41.843  47.538  -15.756 0.0000000000
91072  47.991  47.823  -17.592 0.0000000000
91073  47.577  47.755  -16.852 0.0000000000
91074  44.214  47.227  -17.568 0.0000000000
91075  43.539  47.094  -16.679 0.0000000000
91076  42.657  47.700  -16.426 0.0000000000
91077  42.074  48.128  -16.552 0.0000000000
91085  48.053  48.051  -18.064 0.0000000000
91086  45.461  47.497  -19.181 0.0000000000
91087  44.793  47.340  -18.430 0.0000000000
91612  44.779  49.736  -12.010 0.0000000000
91624  46.958  49.225  -12.528 0.0000000000
91625  46.133  49.754  -12.921 0.0000000000
91626  44.613  49.967  -12.420 0.0000000000
91627  43.989  49.592  -12.291 0.0000000000
91636  46.626  48.473  -13.219 0.0000000000
91637  45.931  49.033  -13.655 0.0000000000
91642  45.760  48.941  -15.153 0.0000000000
91654  46.812  48.294  -16.236 0.0000000000
91655  46.270  48.919  -16.200 0.0000000000
91656  41.496  48.195  -16.349 0.0000000000
91668  47.754  48.323  -17.610 0.0000000000
91669  47.135  49.020  -17.166 0.0000000000
91670  46.444  49.445  -16.733 0.0000000000
91671  44.118  48.003  -17.942 0.0000000000
91672  43.261  48.208  -17.199 0.0000000000
91673  42.566  48.405  -16.941 0.0000000000
91674  41.933  48.967  -17.159 0.0000000000
91675  41.124  49.144  -17.173 0.0000000000
91687  42.139  49.653  -17.553 0.0000000000
92163  45.758  50.316  -11.980 0.0000000000
92170  46.285  50.310  -12.515 0.0000000000
92171  45.238  50.317  -12.626 0.0000000000
92172  44.404  50.194  -12.789 0.0000000000
92173  43.444  49.874  -12.764 0.0000000000
92174  42.340  49.637  -12.672 0.0000000000
92180  45.601  50.219  -13.369 0.0000000000
92181  44.910  50.756  -13.274 0.0000000000
92182  44.000  50.662  -13.244 0.0000000000
92183  42.972  50.436  -13.194 0.0000000000
92184  41.899  50.280  -13.159 0.0000000000
92190  45.433  49.993  -14.669 0.0000000000
92194  45.675  49.827  -16.242 0.0000000000
92195  45.443  50.419  -16.848 0.0000000000
92203  46.584  49.852  -17.301 0.0000000000
92204  45.894  50.282  -17.278 0.0000000000
92205  41.461  49.812  -17.739 0.0000000000
92640  45.156  50.824  -14.106 0.0000000000
92641  44.505  51.398  -13.814 0.0000000000
92642  43.538  51.292  -13.549 0.0000000000
92643  42.562  51.184  -13.518 0.0000000000
92644  41.555  51.058  -13.530 0.0000000000
92645  40.639  51.042  -13.451 0.0000000000
92646  39.891  51.168  -13.270 0.0000000000
92650  45.125  50.643  -14.968 0.0000000000
92651  44.784  51.224  -14.810 0.0000000000
92654  45.275  50.298  -15.446 0.0000000000
92655  45.019  50.734  -16.005 0.0000000000
92659  46.390  50.221  -18.058 0.0000000000
92660  45.089  50.619  -17.575 0.0000000000
92661  43.604  50.496  -17.284 0.0000000000
92662  42.664  50.820  -16.990 0.0000000000
93066  43.895  51.877  -13.934 0.0000000000
93067  43.144  52.047  -13.802 0.0000000000
93068  42.227  52.035  -13.860 0.0000000000
93069  41.194  51.754  -13.811 0.0000000000
93070  40.382  51.757  -13.640 0.0000000000
93071  39.674  52.016  -13.469 0.0000000000
93076  44.299  51.877  -14.597 0.0000000000
93077  43.698  52.298  -14.371 0.0000000000
93078  42.171  52.518  -14.203 0.0000000000
93079  41.622  52.391  -14.150 0.0000000000
93080  40.773  52.258  -14.021 0.0000000000
93081  40.212  52.209  -13.793 0.0000000000
93084  44.453  51.557  -15.610 0.0000000000
93085  43.931  52.226  -15.277 0.0000000000
93088  44.571  51.163  -16.468 0.0000000000
93089  43.844  51.605  -16.446 0.0000000000
93090  42.897  51.293  -16.880 0.0000000000
93099  42.040  51.017  -17.594 0.0000000000
93539  43.077  52.303  -13.938 0.0000000000
93540  42.835  52.340  -13.975 0.0000000000
93541  39.618  52.402  -13.729 0.0000000000
93542  39.167  52.427  -13.589 0.0000000000
93550  43.151  52.435  -14.155 0.0000000000
93551  42.676  52.607  -14.354 0.0000000000
93552  42.079  52.771  -14.626 0.0000000000
93553  41.213  52.642  -14.619 0.0000000000
93554  40.024  52.593  -14.161 0.0000000000
93555  38.968  52.971  -14.072 0.0000000000
93556  37.881  52.999  -14.063 0.0000000000
93557  36.810  53.031  -14.194 0.0000000000
93562  43.333  52.608  -14.828 0.0000000000
93563  42.720  52.751  -15.258 0.0000000000
93564  41.858  52.875  -15.476 0.0000000000
93565  40.788  52.834  -15.315 0.0000000000
93566  39.704  52.855  -15.108 0.0000000000
93567  38.665  53.002  -15.050 0.0000000000
93568  37.585  53.009  -15.126 0.0000000000
93569  36.484  53.141  -15.316 0.0000000000
93570  35.495  53.263  -15.291 0.0000000000
93571  34.849  53.535  -15.326 0.0000000000
93574  43.347  52.410  -15.696 0.0000000000
93575  42.575  52.310  -16.585 0.0000000000
93576  41.375  52.721  -16.506 0.0000000000
93577  40.350  52.752  -16.257 0.0000000000
93578  39.316  52.687  -16.159 0.0000000000
93579  38.261  52.991  -16.236 0.0000000000
93580  37.264  53.298  -16.094 0.0000000000
93581  36.564  53.554  -16.144 0.0000000000
93591  41.564  52.351  -18.166 0.0000000000
93592  40.828  52.743  -17.291 0.0000000000
93593  40.001  52.865  -17.348 0.0000000000
93594  39.001  52.931  -17.192 0.0000000000
93595  38.372  53.378  -17.189 0.0000000000
93604  40.801  52.939  -18.227 0.0000000000
93605  40.226  53.298  -18.249 0.0000000000
93615  41.626  53.230  -19.229 0.0000000000
94040  35.903  53.589  -15.954 0.0000000000
94041  35.193  53.986  -15.791 0.0000000000
94042  34.575  54.155  -15.459 0.0000000000
94048  37.754  53.654  -16.884 0.0000000000
94049  36.948  54.030  -16.732 0.0000000000
94050  36.247  54.141  -16.436 0.0000000000
94051  35.684  54.271  -16.225 0.0000000000
94062  39.558  53.385  -17.995 0.0000000000
94063  38.856  53.649  -17.802 0.0000000000
94064  38.209  54.146  -17.624 0.0000000000
94065  37.501  54.330  -17.280 0.0000000000
94074  40.749  53.530  -18.921 0.0000000000
94075  40.047  53.935  -18.739 0.0000000000
94076  39.325  54.081  -18.415 0.0000000000
94077  38.791  54.303  -18.158 0.0000000000
94086  41.342  54.022  -19.481 0.0000000000
94087  40.687  54.205  -19.296 0.0000000000
94503  34.805  54.565  -15.763 0.0000000000
94504  34.258  54.939  -15.547 0.0000000000
94510  36.474  54.592  -16.798 0.0000000000
94511  35.916  54.922  -16.662 0.0000000000
94512  35.217  54.837  -16.139 0.0000000000
94513  34.766  54.971  -15.845 0.0000000000
94521  37.770  55.077  -17.734 0.0000000000
94522  36.880  54.900  -17.205 0.0000000000
94523  36.361  55.006  -16.940 0.0000000000
94532  39.701  54.530  -18.806 0.0000000000
94533  39.193  54.982  -18.611 0.0000000000
94534  38.477  54.823  -18.117 0.0000000000
94543  41.315  54.989  -19.680 0.0000000000
94544  40.256  54.831  -19.217 0.0000000000
94545  39.748  54.965  -18.944 0.0000000000
94996  34.142  55.809  -15.546 0.0000000000
95001  35.861  55.409  -16.775 0.0000000000
95002  35.503  55.687  -16.566 0.0000000000
95003  34.767  55.595  -15.924 0.0000000000
95005  37.824  55.989  -17.822 0.0000000000
95006  37.079  55.797  -17.554 0.0000000000
95007  36.172  55.646  -17.076 0.0000000000
95008  35.772  56.120  -16.862 0.0000000000
95015  39.417  55.997  -18.538 0.0000000000
95016  38.573  55.747  -18.178 0.0000000000
95026  40.831  55.808  -19.290 0.0000000000
95027  40.022  55.649  -18.884 0.0000000000
95459  35.548  56.601  -16.617 0.0000000000
95460  35.029  56.505  -16.163 0.0000000000
95465  36.630  56.593  -17.326 0.0000000000
95466  36.024  56.610  -16.974 0.0000000000
104782  47.892  49.152  -19.043 0.0000000000
104783  47.234  49.233  -19.628 0.0000000000
104784  46.907  49.935  -19.456 0.0000000000
104785  45.374  48.852  -19.696 0.0000000000
104786  45.243  49.286  -19.531 0.0000000000
104787  45.179  48.122  -19.330 0.0000000000
104788  44.538  49.037  -19.016 0.0000000000
104789  47.794  48.936  -18.228 0.0000000000
104790  45.844  49.780  -19.221 0.0000000000
104791  44.649  48.132  -18.801 0.0000000000
104792  44.515  50.065  -18.309 0.0000000000
104793  47.311  49.559  -17.919 0.0000000000
104794  47.367  50.024  -18.785 0.0000000000
104795  43.565  48.822  -17.995 0.0000000000
104796  47.073  49.664  -17.558 0.0000000000
104797  47.039  49.976  -17.900 0.0000000000
104798  43.778  50.090  -17.904 0.0000000000
104799  42.868  48.857  -17.496 0.0000000000
104801  43.071  49.763  -17.757 0.0000000000
104802  42.659  50.434  -17.236 0.0000000000
104803  45.201  50.272  -18.543 0.0000000000
104806  40.971  49.958  -18.301 0.0000000000
104807  41.314  50.499  -18.603 0.0000000000
104812  41.633  51.608  -18.958 0.0000000000
104821  42.088  52.833  -19.351 0.0000000000
