#!ascii label  , from subject FREESURFER vox2ras=TkReg 
185
41582  10.314  -16.493  21.910 0.0000000000
41583  9.807  -16.240  21.434 0.0000000000
41591  9.345  -16.046  21.001 0.0000000000
42618  10.310  -15.753  22.522 0.0000000000
42619  9.977  -15.293  22.112 0.0000000000
42629  10.057  -15.808  21.857 0.0000000000
42630  9.614  -15.330  21.487 0.0000000000
42635  9.032  -15.293  20.800 0.0000000000
43634  7.779  -14.259  25.146 0.0000000000
43635  7.026  -14.133  25.454 0.0000000000
43649  9.773  -15.097  24.232 0.0000000000
43650  8.707  -14.224  24.198 0.0000000000
43651  8.033  -13.913  24.512 0.0000000000
43662  10.169  -15.224  23.284 0.0000000000
43663  9.517  -14.431  23.208 0.0000000000
43664  8.922  -14.022  23.498 0.0000000000
43678  9.997  -15.025  22.643 0.0000000000
43679  9.669  -14.645  22.175 0.0000000000
43694  9.416  -14.635  21.614 0.0000000000
43695  9.112  -14.294  21.418 0.0000000000
43712  9.213  -14.765  21.189 0.0000000000
43713  8.666  -14.336  20.773 0.0000000000
43714  8.016  -13.950  20.346 0.0000000000
44812  5.833  -14.193  25.987 0.0000000000
44825  7.072  -13.834  25.078 0.0000000000
44826  6.403  -13.902  25.423 0.0000000000
44827  5.396  -13.691  25.520 0.0000000000
44828  4.183  -13.626  25.906 0.0000000000
44829  2.753  -13.641  26.424 0.0000000000
44830  1.512  -13.809  27.061 0.0000000000
44843  8.117  -13.711  24.149 0.0000000000
44844  7.487  -13.613  24.469 0.0000000000
44845  6.613  -13.501  24.743 0.0000000000
44846  5.960  -13.489  25.011 0.0000000000
44863  8.999  -13.871  23.091 0.0000000000
44864  8.407  -13.640  23.509 0.0000000000
44865  7.838  -13.444  23.916 0.0000000000
44882  9.213  -14.004  22.468 0.0000000000
44883  8.667  -13.565  22.736 0.0000000000
44891  9.291  -14.206  21.870 0.0000000000
44892  8.740  -13.658  21.769 0.0000000000
44902  8.088  -13.375  20.927 0.0000000000
44903  7.530  -13.444  20.262 0.0000000000
45906  0.528  -13.443  27.492 0.0000000000
45907  -0.099  -13.074  26.948 0.0000000000
45908  -0.872  -12.629  26.493 0.0000000000
45909  -1.318  -12.316  26.098 0.0000000000
45920  5.513  -13.366  24.988 0.0000000000
45921  4.815  -13.252  25.077 0.0000000000
45922  3.445  -13.116  25.377 0.0000000000
45923  1.531  -13.026  26.053 0.0000000000
45924  0.100  -12.778  25.700 0.0000000000
45925  -0.732  -12.559  25.505 0.0000000000
45926  -1.228  -12.231  25.432 0.0000000000
45934  7.476  -13.326  23.971 0.0000000000
45935  6.946  -13.192  24.069 0.0000000000
45936  5.781  -13.078  24.363 0.0000000000
45937  4.360  -12.711  24.379 0.0000000000
45938  2.808  -12.552  24.557 0.0000000000
45939  1.205  -12.521  24.455 0.0000000000
45940  -0.000  -12.536  24.527 0.0000000000
45941  -0.656  -12.282  24.721 0.0000000000
45942  -1.122  -12.085  24.942 0.0000000000
45953  8.240  -13.347  23.047 0.0000000000
45954  7.641  -13.175  23.372 0.0000000000
45955  6.600  -12.779  23.341 0.0000000000
45956  5.283  -12.413  23.289 0.0000000000
45957  3.743  -12.193  23.521 0.0000000000
45958  2.297  -12.295  23.486 0.0000000000
45959  1.243  -12.440  23.335 0.0000000000
45960  -0.186  -12.248  24.163 0.0000000000
45961  -0.397  -12.115  24.244 0.0000000000
45970  8.144  -13.198  22.528 0.0000000000
45971  7.375  -12.808  22.493 0.0000000000
45972  6.383  -12.443  22.300 0.0000000000
45973  5.405  -12.156  22.332 0.0000000000
45979  7.948  -13.043  21.745 0.0000000000
45980  7.279  -12.681  21.635 0.0000000000
45981  6.635  -12.407  21.312 0.0000000000
45986  7.713  -12.933  21.247 0.0000000000
45987  7.338  -12.815  20.813 0.0000000000
45988  6.535  -12.512  20.525 0.0000000000
45989  5.989  -12.365  20.106 0.0000000000
45993  7.031  -12.964  20.160 0.0000000000
46838  1.139  -12.755  28.037 0.0000000000
46839  0.575  -12.977  27.965 0.0000000000
46853  3.725  -11.615  27.013 0.0000000000
46854  2.153  -12.145  27.399 0.0000000000
46855  0.472  -12.404  27.506 0.0000000000
46856  -0.671  -12.145  27.243 0.0000000000
46857  -1.414  -11.727  26.762 0.0000000000
46858  -1.663  -11.841  26.023 0.0000000000
46872  5.449  -11.027  26.131 0.0000000000
46873  4.396  -10.954  26.081 0.0000000000
46874  2.968  -11.292  26.402 0.0000000000
46875  1.368  -11.494  26.644 0.0000000000
46876  -0.093  -11.495  26.863 0.0000000000
46877  -0.870  -11.477  26.978 0.0000000000
46878  -1.408  -11.852  25.352 0.0000000000
46889  6.736  -10.825  25.237 0.0000000000
46890  5.745  -10.737  25.506 0.0000000000
46891  5.096  -10.737  25.747 0.0000000000
46892  0.487  -12.387  23.716 0.0000000000
46893  0.041  -12.316  23.944 0.0000000000
46894  -0.858  -11.825  24.615 0.0000000000
46895  -1.204  -11.855  24.962 0.0000000000
46905  4.394  -11.953  22.583 0.0000000000
46906  3.016  -11.974  22.609 0.0000000000
46907  1.693  -12.284  22.589 0.0000000000
46908  0.724  -12.258  22.943 0.0000000000
46909  -0.097  -11.972  23.671 0.0000000000
46910  -0.428  -11.883  24.187 0.0000000000
46917  5.852  -12.162  21.639 0.0000000000
46918  4.922  -11.887  21.755 0.0000000000
46919  3.705  -11.836  21.761 0.0000000000
46920  2.294  -12.131  21.705 0.0000000000
46921  0.976  -12.067  22.048 0.0000000000
46922  0.449  -11.807  22.996 0.0000000000
46926  6.122  -12.191  21.021 0.0000000000
46927  5.458  -11.953  21.056 0.0000000000
46928  4.447  -11.773  21.006 0.0000000000
46929  3.147  -11.884  20.912 0.0000000000
46930  1.821  -11.958  20.846 0.0000000000
46933  5.898  -12.188  20.595 0.0000000000
46934  5.222  -11.992  20.289 0.0000000000
46935  4.067  -11.849  20.248 0.0000000000
46936  2.931  -11.910  20.099 0.0000000000
46937  2.111  -11.649  19.856 0.0000000000
47718  -1.346  -11.292  26.565 0.0000000000
47719  -1.496  -11.368  26.391 0.0000000000
47728  4.295  -10.706  25.641 0.0000000000
47729  3.663  -10.772  25.658 0.0000000000
47730  2.218  -10.800  25.805 0.0000000000
47731  0.603  -10.741  26.090 0.0000000000
47732  -0.927  -11.016  26.340 0.0000000000
47733  -1.446  -11.380  25.757 0.0000000000
47747  8.164  -10.555  24.330 0.0000000000
47748  7.180  -10.427  24.514 0.0000000000
47749  6.071  -10.311  24.793 0.0000000000
47750  4.673  -10.468  25.214 0.0000000000
47751  3.102  -10.412  25.005 0.0000000000
47752  1.445  -10.224  25.188 0.0000000000
47753  -0.060  -10.221  25.346 0.0000000000
47754  -0.909  -11.053  25.078 0.0000000000
47755  -1.244  -11.577  25.138 0.0000000000
47766  8.613  -10.124  23.716 0.0000000000
47767  7.710  -10.098  23.807 0.0000000000
47768  6.646  -9.840  23.905 0.0000000000
47769  5.360  -9.854  24.245 0.0000000000
47770  4.019  -9.841  24.378 0.0000000000
47771  2.444  -9.748  24.487 0.0000000000
47772  0.678  -9.634  24.638 0.0000000000
47773  -0.058  -10.903  24.255 0.0000000000
47774  -0.469  -11.542  24.354 0.0000000000
47777  8.165  -9.858  23.301 0.0000000000
47778  7.492  -9.673  23.188 0.0000000000
47779  6.731  -9.435  23.149 0.0000000000
47780  0.705  -10.834  23.271 0.0000000000
47781  0.257  -11.440  23.520 0.0000000000
47784  1.369  -11.105  21.790 0.0000000000
47787  1.571  -11.061  20.494 0.0000000000
48653  8.618  -9.779  23.249 0.0000000000
48654  5.859  -9.405  23.488 0.0000000000
48655  4.776  -9.387  23.704 0.0000000000
48656  3.585  -9.099  23.822 0.0000000000
48657  1.904  -9.080  24.371 0.0000000000
48658  0.540  -9.348  24.090 0.0000000000
48661  9.250  -8.881  22.388 0.0000000000
48662  8.351  -9.453  22.688 0.0000000000
48663  7.330  -9.104  22.499 0.0000000000
48664  6.298  -9.013  22.809 0.0000000000
48665  5.248  -8.958  23.136 0.0000000000
48666  4.494  -8.978  23.428 0.0000000000
48667  1.314  -9.939  22.861 0.0000000000
48670  8.925  -8.598  21.900 0.0000000000
48671  8.479  -8.844  22.032 0.0000000000
48672  7.957  -9.044  22.189 0.0000000000
49590  3.648  -8.701  23.547 0.0000000000
49591  2.978  -8.565  23.727 0.0000000000
49599  7.279  -8.753  22.194 0.0000000000
49600  6.827  -8.631  22.283 0.0000000000
49601  5.740  -8.343  22.516 0.0000000000
49602  4.271  -8.403  23.146 0.0000000000
49611  7.584  -8.498  21.830 0.0000000000
49612  6.544  -8.059  21.870 0.0000000000
