#!ascii label  , from subject FREESURFER vox2ras=TkReg 
173
87819  44.968  42.237  5.348 0.0000000000
87820  44.181  42.212  5.979 0.0000000000
87821  43.129  42.402  6.699 0.0000000000
87835  45.239  42.559  4.421 0.0000000000
87836  43.877  42.742  5.193 0.0000000000
87837  43.487  42.670  5.905 0.0000000000
87854  44.850  42.937  3.945 0.0000000000
87855  44.143  43.023  4.283 0.0000000000
87868  44.328  43.254  3.637 0.0000000000
87869  37.218  42.828  2.913 0.0000000000
87870  36.382  42.773  3.078 0.0000000000
87887  37.374  42.923  2.056 0.0000000000
87888  36.696  42.781  2.235 0.0000000000
87889  35.883  42.680  2.266 0.0000000000
87904  37.376  43.151  1.577 0.0000000000
87905  36.898  43.089  1.594 0.0000000000
87906  36.228  42.937  1.570 0.0000000000
88479  43.323  43.300  5.311 0.0000000000
88480  42.870  43.605  5.905 0.0000000000
88481  40.131  44.364  5.584 0.0000000000
88496  43.303  43.629  4.896 0.0000000000
88497  42.806  44.458  5.301 0.0000000000
88498  40.126  44.214  5.119 0.0000000000
88499  39.284  43.765  4.891 0.0000000000
88500  38.252  43.435  4.725 0.0000000000
88513  43.953  43.526  3.498 0.0000000000
88514  43.579  43.868  3.887 0.0000000000
88515  40.002  44.066  4.086 0.0000000000
88516  39.050  43.491  3.799 0.0000000000
88517  37.916  43.141  3.609 0.0000000000
88518  36.853  43.143  3.818 0.0000000000
88527  43.473  44.529  3.359 0.0000000000
88528  39.815  43.999  2.827 0.0000000000
88529  38.738  43.233  2.673 0.0000000000
88530  37.903  42.930  2.564 0.0000000000
88537  40.276  44.199  1.640 0.0000000000
88538  39.282  43.544  1.693 0.0000000000
88539  38.053  43.232  1.603 0.0000000000
88540  37.196  43.415  1.136 0.0000000000
88541  36.443  43.312  1.032 0.0000000000
88542  35.922  43.148  1.104 0.0000000000
88548  40.212  44.388  0.951 0.0000000000
88549  39.611  44.074  0.893 0.0000000000
88550  38.653  43.833  0.854 0.0000000000
88551  37.699  43.843  0.742 0.0000000000
88552  36.687  43.894  0.314 0.0000000000
88553  35.599  43.487  0.526 0.0000000000
88566  36.332  44.330  -0.277 0.0000000000
89124  42.450  44.905  6.042 0.0000000000
89125  41.817  45.253  5.999 0.0000000000
89126  40.635  44.743  5.771 0.0000000000
89127  40.132  44.515  6.101 0.0000000000
89134  43.044  44.543  4.640 0.0000000000
89135  42.526  45.130  5.044 0.0000000000
89136  41.714  45.130  4.915 0.0000000000
89137  40.869  44.604  4.529 0.0000000000
89145  43.046  45.068  3.985 0.0000000000
89146  42.393  45.389  4.145 0.0000000000
89147  41.674  45.132  3.860 0.0000000000
89148  40.786  44.551  3.467 0.0000000000
89151  43.675  44.586  2.904 0.0000000000
89152  43.334  45.251  2.998 0.0000000000
89153  41.485  44.983  3.066 0.0000000000
89154  40.827  44.541  2.502 0.0000000000
89160  43.647  45.763  2.337 0.0000000000
89161  41.519  45.014  2.322 0.0000000000
89162  41.055  44.640  1.781 0.0000000000
89169  41.463  45.171  1.646 0.0000000000
89170  40.813  44.881  1.034 0.0000000000
89171  39.913  44.806  0.546 0.0000000000
89172  38.992  44.618  0.396 0.0000000000
89173  38.186  44.372  0.335 0.0000000000
89174  37.474  44.279  0.129 0.0000000000
89182  38.499  44.832  -0.015 0.0000000000
89183  37.851  44.818  -0.220 0.0000000000
89184  36.891  44.683  -0.416 0.0000000000
89724  42.809  45.620  3.398 0.0000000000
89725  42.253  45.545  3.450 0.0000000000
89726  41.855  45.367  3.344 0.0000000000
89734  43.125  45.904  2.604 0.0000000000
89735  42.566  45.725  2.768 0.0000000000
89736  41.954  45.455  2.884 0.0000000000
89741  43.604  46.444  2.083 0.0000000000
89742  42.748  46.316  1.914 0.0000000000
89743  42.026  45.612  2.122 0.0000000000
89749  42.351  46.604  1.337 0.0000000000
89750  41.716  45.940  1.144 0.0000000000
89751  40.449  45.802  0.251 0.0000000000
89752  39.364  45.280  0.050 0.0000000000
89753  38.841  45.058  0.017 0.0000000000
89761  40.100  46.368  -0.261 0.0000000000
89762  39.491  46.026  -0.354 0.0000000000
89763  38.510  45.538  -0.362 0.0000000000
89764  37.418  45.544  -0.593 0.0000000000
90277  43.432  47.059  1.721 0.0000000000
90288  42.797  47.134  1.409 0.0000000000
90289  42.073  47.029  0.895 0.0000000000
90290  41.305  46.562  0.469 0.0000000000
90299  41.537  47.235  0.345 0.0000000000
90300  40.729  46.928  -0.163 0.0000000000
90301  39.728  46.839  -0.620 0.0000000000
90302  38.738  46.609  -0.748 0.0000000000
90303  37.861  46.337  -0.764 0.0000000000
90304  37.073  46.284  -0.885 0.0000000000
90314  38.111  46.971  -1.036 0.0000000000
90315  37.418  46.939  -1.203 0.0000000000
90824  43.765  47.692  1.527 0.0000000000
90825  43.246  47.530  1.444 0.0000000000
90837  42.862  48.071  0.882 0.0000000000
90838  41.997  47.634  0.571 0.0000000000
90848  42.401  48.614  0.083 0.0000000000
90849  41.633  48.047  -0.068 0.0000000000
90850  40.261  47.864  -0.929 0.0000000000
90851  39.104  47.304  -1.115 0.0000000000
90852  38.504  47.144  -1.108 0.0000000000
90860  39.948  48.156  -1.545 0.0000000000
90861  39.317  47.793  -1.554 0.0000000000
90862  38.159  47.550  -1.624 0.0000000000
90863  36.942  47.505  -1.698 0.0000000000
90872  37.778  47.828  -2.095 0.0000000000
90873  37.232  47.903  -2.038 0.0000000000
90874  36.489  47.882  -2.129 0.0000000000
90886  41.218  48.089  -3.889 0.0000000000
90887  40.262  47.789  -3.732 0.0000000000
91462  43.700  48.599  0.532 0.0000000000
91468  43.007  49.009  -0.059 0.0000000000
91469  42.023  49.209  -0.432 0.0000000000
91470  41.172  48.756  -0.791 0.0000000000
91476  41.500  49.427  -1.063 0.0000000000
91477  40.664  48.811  -1.629 0.0000000000
91478  39.516  48.129  -1.893 0.0000000000
91479  38.872  47.853  -1.875 0.0000000000
91484  41.421  49.117  -2.709 0.0000000000
91485  40.821  48.790  -2.401 0.0000000000
91486  39.754  48.226  -2.294 0.0000000000
91487  38.519  47.871  -2.245 0.0000000000
91488  37.468  47.867  -2.352 0.0000000000
91489  36.803  47.923  -2.356 0.0000000000
91490  36.355  47.883  -2.389 0.0000000000
91496  42.412  49.193  -3.691 0.0000000000
91497  41.791  48.962  -3.300 0.0000000000
91498  40.917  48.471  -3.114 0.0000000000
91499  39.972  48.150  -2.954 0.0000000000
91500  38.918  47.918  -2.850 0.0000000000
91501  37.890  47.890  -2.788 0.0000000000
91502  37.041  47.953  -2.747 0.0000000000
91503  36.351  47.914  -2.699 0.0000000000
91510  43.453  49.443  -4.815 0.0000000000
91511  42.783  49.133  -4.373 0.0000000000
91512  42.039  48.529  -4.127 0.0000000000
92057  43.302  49.577  -0.619 0.0000000000
92058  42.672  49.864  -0.696 0.0000000000
92059  42.031  49.907  -0.954 0.0000000000
92062  43.129  50.294  -1.238 0.0000000000
92063  42.428  50.249  -1.282 0.0000000000
92064  41.773  49.939  -1.636 0.0000000000
92065  41.295  49.490  -2.126 0.0000000000
92068  43.319  50.065  -2.071 0.0000000000
92069  42.981  50.234  -2.623 0.0000000000
92070  42.068  49.854  -2.574 0.0000000000
92071  41.417  49.370  -2.404 0.0000000000
92076  43.638  49.622  -3.178 0.0000000000
92077  42.949  49.723  -3.513 0.0000000000
92078  42.324  49.508  -3.254 0.0000000000
92084  43.851  49.657  -4.218 0.0000000000
92085  43.305  49.534  -4.210 0.0000000000
92563  43.006  50.510  -1.848 0.0000000000
92564  42.645  50.465  -1.673 0.0000000000
92565  42.292  50.314  -1.635 0.0000000000
92569  43.023  50.441  -2.161 0.0000000000
92570  42.681  50.412  -2.136 0.0000000000
92571  42.264  50.350  -1.941 0.0000000000
104728  44.082  43.714  2.994 0.0000000000
