#!ascii label  , from subject FREESURFER vox2ras=TkReg 
253
220  8.440  -78.367  0.485 0.0000000000
221  7.799  -78.530  0.451 0.0000000000
357  8.640  -77.468  0.659 0.0000000000
358  8.106  -77.092  0.642 0.0000000000
359  7.690  -76.977  0.328 0.0000000000
371  9.692  -77.668  -0.074 0.0000000000
372  9.126  -78.170  0.363 0.0000000000
373  8.278  -77.911  0.562 0.0000000000
374  7.356  -77.775  0.048 0.0000000000
386  9.355  -78.521  -0.188 0.0000000000
590  8.896  -76.705  0.780 0.0000000000
591  8.116  -76.223  0.481 0.0000000000
592  7.845  -76.658  0.421 0.0000000000
606  10.123  -77.069  -0.316 0.0000000000
607  9.716  -76.725  0.377 0.0000000000
608  7.854  -75.986  0.142 0.0000000000
609  7.647  -76.520  -0.285 0.0000000000
621  7.560  -76.580  -1.745 0.0000000000
887  10.057  -75.456  0.724 0.0000000000
888  9.639  -75.700  0.741 0.0000000000
889  8.705  -75.478  0.713 0.0000000000
904  11.100  -75.507  -0.494 0.0000000000
905  10.423  -75.713  0.271 0.0000000000
906  9.954  -76.050  0.518 0.0000000000
907  7.995  -75.356  -0.139 0.0000000000
908  7.694  -75.645  -1.209 0.0000000000
921  11.594  -75.205  -0.961 0.0000000000
922  10.803  -76.462  -1.485 0.0000000000
923  7.519  -75.839  -1.835 0.0000000000
930  11.646  -75.427  -1.829 0.0000000000
931  7.206  -76.243  -2.408 0.0000000000
1192  10.012  -74.915  0.942 0.0000000000
1193  9.248  -74.585  0.950 0.0000000000
1194  8.453  -74.364  0.324 0.0000000000
1205  11.393  -74.606  0.032 0.0000000000
1206  10.639  -74.311  0.815 0.0000000000
1207  8.062  -74.153  -0.946 0.0000000000
1208  7.874  -74.947  -1.084 0.0000000000
1216  12.394  -73.846  -1.096 0.0000000000
1217  11.953  -74.359  -0.724 0.0000000000
1218  7.758  -74.004  -1.181 0.0000000000
1219  7.374  -74.947  -1.565 0.0000000000
1220  6.319  -74.882  -1.548 0.0000000000
1230  12.502  -74.090  -1.705 0.0000000000
1231  12.132  -74.629  -1.647 0.0000000000
1232  7.010  -75.675  -2.281 0.0000000000
1233  6.537  -75.524  -2.146 0.0000000000
1245  12.237  -74.678  -2.166 0.0000000000
1550  10.633  -73.024  1.237 0.0000000000
1551  9.919  -73.598  1.262 0.0000000000
1552  8.868  -73.436  0.716 0.0000000000
1553  8.193  -73.355  -0.203 0.0000000000
1560  11.260  -73.393  0.762 0.0000000000
1561  10.621  -73.579  1.087 0.0000000000
1562  7.874  -73.278  -0.948 0.0000000000
1563  7.299  -73.235  -0.861 0.0000000000
1564  6.606  -73.446  -0.379 0.0000000000
1566  12.530  -73.015  -0.880 0.0000000000
1567  12.003  -73.450  -0.210 0.0000000000
1568  7.909  -73.719  -1.168 0.0000000000
1569  7.638  -73.785  -1.147 0.0000000000
1570  6.909  -74.011  -1.146 0.0000000000
1573  12.729  -73.412  -1.766 0.0000000000
1876  11.077  -72.179  1.070 0.0000000000
1877  10.181  -72.338  1.441 0.0000000000
1878  9.225  -72.435  1.095 0.0000000000
1879  8.211  -72.374  0.225 0.0000000000
1880  7.422  -72.035  0.255 0.0000000000
1892  11.776  -72.415  0.338 0.0000000000
1893  7.961  -72.848  -0.440 0.0000000000
1894  7.522  -72.670  -0.368 0.0000000000
1895  7.036  -72.882  -0.405 0.0000000000
1903  12.537  -72.422  -0.842 0.0000000000
1904  12.278  -72.458  -0.397 0.0000000000
1911  12.707  -72.480  -1.352 0.0000000000
2253  11.107  -71.479  1.000 0.0000000000
2254  10.598  -71.285  1.267 0.0000000000
2255  9.591  -71.468  1.354 0.0000000000
2256  8.611  -71.469  0.923 0.0000000000
2257  7.722  -71.381  0.605 0.0000000000
2258  7.073  -71.708  1.098 0.0000000000
2262  11.581  -71.300  0.537 0.0000000000
2263  11.123  -71.154  0.967 0.0000000000
2269  12.498  -71.788  -0.884 0.0000000000
2270  12.091  -71.706  -0.180 0.0000000000
2276  12.723  -71.747  -1.728 0.0000000000
2585  6.799  -70.316  2.427 0.0000000000
2589  10.498  -70.462  1.156 0.0000000000
2590  9.938  -70.656  1.397 0.0000000000
2591  9.063  -70.652  1.193 0.0000000000
2592  8.084  -70.569  0.926 0.0000000000
2593  7.223  -70.601  1.305 0.0000000000
2596  11.612  -70.378  0.300 0.0000000000
2597  11.095  -70.580  0.868 0.0000000000
2600  12.481  -71.235  -1.319 0.0000000000
2601  12.103  -70.641  -0.696 0.0000000000
2605  12.449  -70.866  -2.022 0.0000000000
2606  11.972  -70.001  -1.785 0.0000000000
2611  11.800  -70.253  -2.749 0.0000000000
2612  10.741  -69.873  -2.861 0.0000000000
2613  9.705  -69.723  -2.907 0.0000000000
2614  9.037  -69.557  -2.945 0.0000000000
2621  9.951  -70.577  -3.281 0.0000000000
2622  8.702  -70.306  -3.260 0.0000000000
2952  6.690  -69.488  3.006 0.0000000000
2960  6.749  -69.463  2.270 0.0000000000
2965  10.193  -70.171  1.220 0.0000000000
2966  9.652  -69.985  1.223 0.0000000000
2967  8.648  -69.808  1.091 0.0000000000
2968  7.560  -69.571  1.066 0.0000000000
2969  6.885  -69.389  1.608 0.0000000000
2972  11.308  -69.985  0.568 0.0000000000
2973  10.601  -69.641  0.825 0.0000000000
2974  9.426  -69.164  0.931 0.0000000000
2975  8.278  -68.945  0.875 0.0000000000
2976  7.334  -68.790  0.801 0.0000000000
2979  11.517  -69.558  -0.046 0.0000000000
2980  10.913  -68.816  0.103 0.0000000000
2983  11.714  -69.371  -1.173 0.0000000000
2987  11.354  -69.166  -2.152 0.0000000000
2988  10.397  -68.955  -2.605 0.0000000000
2989  9.415  -68.940  -2.800 0.0000000000
2990  8.365  -69.170  -2.971 0.0000000000
2991  7.734  -68.750  -3.108 0.0000000000
2994  7.921  -69.887  -3.249 0.0000000000
2995  7.172  -69.416  -3.389 0.0000000000
3325  6.511  -68.689  2.207 0.0000000000
3328  6.858  -68.887  1.023 0.0000000000
3329  6.314  -68.437  1.113 0.0000000000
3332  10.157  -68.513  0.520 0.0000000000
3333  9.085  -68.246  0.643 0.0000000000
3334  7.775  -68.085  0.576 0.0000000000
3335  6.602  -68.336  0.605 0.0000000000
3336  6.085  -68.159  0.625 0.0000000000
3339  11.265  -68.664  -0.705 0.0000000000
3340  10.561  -67.991  -0.340 0.0000000000
3342  11.301  -68.625  -1.579 0.0000000000
3343  10.892  -68.035  -1.225 0.0000000000
3346  11.225  -68.633  -1.947 0.0000000000
3347  10.831  -68.231  -1.989 0.0000000000
3348  9.913  -68.100  -2.466 0.0000000000
3349  8.982  -68.154  -2.758 0.0000000000
3350  8.097  -68.163  -2.906 0.0000000000
3353  7.306  -68.231  -3.195 0.0000000000
3354  6.357  -68.435  -3.464 0.0000000000
3695  6.092  -67.738  1.549 0.0000000000
3697  5.868  -67.760  0.695 0.0000000000
3704  9.790  -67.683  0.208 0.0000000000
3705  8.897  -67.271  0.329 0.0000000000
3706  7.805  -67.276  0.365 0.0000000000
3707  6.740  -67.641  0.296 0.0000000000
3708  6.022  -67.926  0.337 0.0000000000
3716  9.988  -67.267  -0.370 0.0000000000
3717  9.557  -67.184  -0.017 0.0000000000
3724  10.410  -67.270  -1.038 0.0000000000
3725  10.094  -66.921  -1.311 0.0000000000
3730  10.624  -67.656  -1.552 0.0000000000
3731  10.123  -67.264  -1.829 0.0000000000
3732  9.392  -67.301  -2.456 0.0000000000
3733  8.565  -67.324  -2.751 0.0000000000
3736  7.694  -67.306  -2.999 0.0000000000
3737  6.786  -67.324  -3.393 0.0000000000
3738  5.763  -67.469  -3.721 0.0000000000
4143  5.665  -66.843  0.971 0.0000000000
4144  5.228  -66.350  0.404 0.0000000000
4151  8.950  -66.843  0.092 0.0000000000
4152  8.426  -66.771  0.116 0.0000000000
4153  7.221  -66.801  0.068 0.0000000000
4154  5.666  -67.123  -0.033 0.0000000000
4155  4.947  -66.292  -0.055 0.0000000000
4164  9.962  -66.987  -0.695 0.0000000000
4165  9.320  -66.679  -0.373 0.0000000000
4166  8.078  -66.180  -0.324 0.0000000000
4167  6.635  -66.055  -0.409 0.0000000000
4168  5.363  -66.173  -0.367 0.0000000000
4169  4.941  -66.099  -0.294 0.0000000000
4179  9.997  -66.781  -0.948 0.0000000000
4180  9.685  -66.475  -1.378 0.0000000000
4187  9.466  -66.596  -2.094 0.0000000000
4188  8.907  -66.643  -2.448 0.0000000000
4189  8.104  -66.498  -2.710 0.0000000000
4195  7.259  -66.321  -3.216 0.0000000000
4196  6.253  -66.238  -3.821 0.0000000000
4197  5.648  -66.737  -4.022 0.0000000000
4211  5.821  -65.507  -4.211 0.0000000000
4212  5.432  -66.131  -4.473 0.0000000000
4225  4.914  -65.979  -5.022 0.0000000000
4652  5.311  -65.789  0.948 0.0000000000
4667  4.846  -65.587  0.304 0.0000000000
4679  8.797  -65.924  -1.061 0.0000000000
4680  7.661  -65.604  -0.957 0.0000000000
4681  6.699  -65.446  -0.990 0.0000000000
4682  5.689  -65.494  -0.833 0.0000000000
4683  4.862  -65.606  -0.297 0.0000000000
4693  9.061  -66.055  -1.839 0.0000000000
4694  8.157  -65.682  -1.720 0.0000000000
4695  7.038  -65.236  -1.618 0.0000000000
4696  6.219  -65.132  -1.305 0.0000000000
4703  9.051  -66.300  -2.190 0.0000000000
4704  8.519  -66.066  -2.258 0.0000000000
4705  7.386  -65.477  -2.475 0.0000000000
4713  6.705  -65.336  -3.312 0.0000000000
4714  6.110  -65.109  -3.856 0.0000000000
4727  5.712  -64.857  -4.260 0.0000000000
4728  5.493  -65.150  -4.644 0.0000000000
4742  5.174  -65.491  -4.939 0.0000000000
4743  4.680  -65.283  -5.304 0.0000000000
5214  4.904  -64.835  0.812 0.0000000000
5231  4.194  -64.540  -0.087 0.0000000000
5232  3.696  -63.841  -0.454 0.0000000000
5241  5.620  -64.979  -1.241 0.0000000000
5242  4.725  -64.773  -0.999 0.0000000000
5243  3.662  -63.948  -0.965 0.0000000000
5253  6.858  -64.880  -2.038 0.0000000000
5254  5.862  -64.526  -1.761 0.0000000000
5255  4.297  -63.918  -1.622 0.0000000000
5256  3.684  -63.502  -1.450 0.0000000000
5264  6.638  -64.712  -2.349 0.0000000000
5265  6.008  -64.164  -2.598 0.0000000000
5273  6.634  -64.770  -2.840 0.0000000000
5274  6.017  -64.326  -3.364 0.0000000000
5275  5.475  -63.892  -3.783 0.0000000000
5285  5.715  -64.455  -3.952 0.0000000000
5286  5.164  -64.057  -4.494 0.0000000000
5287  4.646  -63.547  -4.896 0.0000000000
5301  5.088  -64.807  -5.048 0.0000000000
5302  4.374  -64.117  -5.260 0.0000000000
5825  4.751  -63.768  0.615 0.0000000000
5826  3.888  -63.590  -0.151 0.0000000000
5837  3.605  -63.387  -0.651 0.0000000000
5846  4.946  -63.649  -2.312 0.0000000000
5847  3.977  -63.043  -1.856 0.0000000000
5848  3.512  -63.164  -1.206 0.0000000000
5856  5.440  -63.513  -2.972 0.0000000000
5857  4.950  -62.806  -2.489 0.0000000000
5865  5.467  -63.672  -3.440 0.0000000000
5866  4.998  -63.088  -3.657 0.0000000000
5874  4.623  -63.050  -4.559 0.0000000000
5875  4.316  -63.185  -5.148 0.0000000000
5887  3.723  -63.258  -5.495 0.0000000000
6412  5.236  -62.923  0.230 0.0000000000
6413  4.228  -63.061  -0.116 0.0000000000
6414  3.786  -63.168  -0.413 0.0000000000
6427  5.698  -62.465  -0.446 0.0000000000
6428  4.626  -62.593  -0.479 0.0000000000
6429  3.857  -62.781  -0.774 0.0000000000
6441  4.744  -62.327  -1.469 0.0000000000
6442  3.841  -62.718  -1.335 0.0000000000
6453  5.329  -62.303  -2.426 0.0000000000
6462  5.305  -62.349  -3.274 0.0000000000
6469  5.111  -62.268  -4.439 0.0000000000
102306  9.238  -78.746  -0.131 0.0000000000
102307  8.369  -78.824  0.417 0.0000000000
