#!ascii label  , from subject FREESURFER vox2ras=TkReg 
169
51208  10.086  -5.794  46.521 0.0000000000
51209  9.302  -5.470  46.228 0.0000000000
51210  8.745  -5.118  46.024 0.0000000000
52258  11.880  -5.186  45.457 0.0000000000
52259  11.053  -5.682  45.846 0.0000000000
52260  9.906  -5.611  45.492 0.0000000000
52261  9.047  -5.266  45.389 0.0000000000
52262  8.335  -4.948  45.411 0.0000000000
52277  12.173  -4.898  44.943 0.0000000000
52278  11.571  -5.086  44.548 0.0000000000
52279  10.495  -5.368  44.605 0.0000000000
52280  9.494  -5.227  44.567 0.0000000000
52281  8.620  -4.979  44.592 0.0000000000
52282  7.726  -4.714  44.586 0.0000000000
52295  11.425  -4.750  43.958 0.0000000000
52296  10.875  -4.858  43.847 0.0000000000
52297  9.899  -4.955  43.736 0.0000000000
52298  8.949  -4.879  43.775 0.0000000000
52299  8.173  -4.733  43.896 0.0000000000
53311  12.878  -3.758  45.374 0.0000000000
53312  12.394  -4.581  45.711 0.0000000000
53324  12.814  -3.592  44.761 0.0000000000
53325  12.372  -4.238  44.359 0.0000000000
53326  11.746  -4.639  44.045 0.0000000000
53339  11.988  -3.831  43.661 0.0000000000
53340  11.434  -4.247  43.589 0.0000000000
53341  10.272  -4.250  43.022 0.0000000000
53342  9.201  -4.573  42.954 0.0000000000
53343  8.234  -4.573  43.079 0.0000000000
53344  7.323  -4.446  43.503 0.0000000000
53357  9.894  -3.727  42.540 0.0000000000
53358  9.376  -3.953  42.448 0.0000000000
53359  8.364  -4.002  42.172 0.0000000000
53360  7.397  -4.201  42.465 0.0000000000
53361  6.488  -4.156  42.681 0.0000000000
53369  7.921  -3.538  41.612 0.0000000000
53370  7.410  -3.736  41.692 0.0000000000
53371  6.590  -3.898  41.845 0.0000000000
53372  5.769  -3.935  41.956 0.0000000000
54360  13.332  -2.919  46.009 0.0000000000
54364  13.015  -3.027  45.078 0.0000000000
54365  12.766  -3.184  44.389 0.0000000000
54368  12.324  -3.282  43.755 0.0000000000
54369  11.614  -3.315  43.263 0.0000000000
54370  10.938  -3.663  43.044 0.0000000000
54373  11.009  -3.049  42.847 0.0000000000
54374  10.345  -3.292  42.591 0.0000000000
54375  9.539  -3.231  42.187 0.0000000000
54376  8.924  -3.509  42.028 0.0000000000
54378  8.988  -3.017  41.741 0.0000000000
54379  8.379  -3.223  41.546 0.0000000000
54380  7.536  -3.081  41.092 0.0000000000
54381  6.645  -3.415  41.152 0.0000000000
54382  5.860  -3.676  41.289 0.0000000000
54386  7.245  -2.623  40.664 0.0000000000
54387  6.732  -2.838  40.653 0.0000000000
54388  5.709  -3.084  40.561 0.0000000000
54396  5.057  -2.759  40.195 0.0000000000
55412  13.436  -1.888  45.963 0.0000000000
55415  13.169  -2.199  45.355 0.0000000000
55416  12.875  -2.349  44.747 0.0000000000
55419  12.511  -2.388  44.105 0.0000000000
55420  11.987  -2.452  43.478 0.0000000000
55424  11.356  -2.428  42.988 0.0000000000
55425  10.653  -2.410  42.660 0.0000000000
55426  9.896  -2.430  42.295 0.0000000000
55429  9.221  -2.456  41.886 0.0000000000
55430  8.671  -2.447  41.381 0.0000000000
55431  8.129  -2.659  41.102 0.0000000000
55434  8.264  -2.158  40.961 0.0000000000
55435  7.718  -2.312  40.695 0.0000000000
55436  6.934  -2.190  40.360 0.0000000000
55437  6.225  -2.462  40.375 0.0000000000
55443  6.214  -1.953  40.174 0.0000000000
55444  5.503  -2.232  40.093 0.0000000000
56406  13.468  -1.018  46.441 0.0000000000
56413  13.078  -1.126  45.515 0.0000000000
56414  12.642  -0.774  45.211 0.0000000000
56421  12.950  -1.786  45.054 0.0000000000
56422  12.562  -1.440  44.736 0.0000000000
56425  12.106  -1.616  43.937 0.0000000000
56426  11.566  -1.680  43.361 0.0000000000
56430  10.981  -1.652  42.880 0.0000000000
56431  10.204  -1.602  42.606 0.0000000000
56432  9.247  -1.568  42.125 0.0000000000
56433  8.741  -1.098  41.956 0.0000000000
56440  8.921  -1.986  41.635 0.0000000000
56441  8.356  -1.496  41.375 0.0000000000
56442  7.847  -1.065  41.027 0.0000000000
56448  8.026  -1.842  40.819 0.0000000000
56449  7.503  -1.441  40.668 0.0000000000
56450  6.560  -1.386  40.262 0.0000000000
56458  5.760  -1.383  39.982 0.0000000000
56459  4.860  -1.475  39.794 0.0000000000
57424  13.098  0.075  46.262 0.0000000000
57425  12.623  -0.070  45.678 0.0000000000
57435  12.200  -0.476  45.100 0.0000000000
57436  11.678  -0.541  44.728 0.0000000000
57437  11.153  -0.526  44.496 0.0000000000
57446  12.054  -0.971  44.434 0.0000000000
57447  11.533  -0.957  43.953 0.0000000000
57448  10.758  -0.703  43.810 0.0000000000
57449  10.189  -0.598  43.386 0.0000000000
57458  11.148  -1.107  43.310 0.0000000000
57459  10.602  -0.927  42.971 0.0000000000
57460  9.774  -0.735  42.739 0.0000000000
57461  8.976  -0.666  42.365 0.0000000000
57470  8.448  -0.613  41.922 0.0000000000
57471  7.863  -0.610  41.446 0.0000000000
57472  7.240  -0.230  41.213 0.0000000000
57487  7.471  -0.758  40.928 0.0000000000
57488  6.732  -0.486  40.615 0.0000000000
57489  5.970  -0.157  40.285 0.0000000000
57505  6.076  -0.765  40.127 0.0000000000
57506  5.194  -0.430  39.933 0.0000000000
57507  4.108  -0.798  39.823 0.0000000000
58400  13.020  1.284  46.871 0.0000000000
58406  12.617  1.175  46.317 0.0000000000
58407  12.082  0.698  45.765 0.0000000000
58408  11.365  0.745  45.788 0.0000000000
58409  10.493  0.595  45.775 0.0000000000
58418  11.816  -0.142  45.229 0.0000000000
58419  11.398  -0.086  45.202 0.0000000000
58420  10.498  -0.282  44.795 0.0000000000
58421  9.519  0.005  44.910 0.0000000000
58432  10.210  -0.536  43.922 0.0000000000
58433  9.543  -0.288  43.673 0.0000000000
58434  8.750  0.253  44.125 0.0000000000
58445  9.217  -0.290  42.832 0.0000000000
58446  8.438  0.217  42.732 0.0000000000
58447  7.280  0.812  42.304 0.0000000000
58448  6.702  1.072  42.108 0.0000000000
58456  8.118  -0.170  41.931 0.0000000000
58457  7.593  0.132  41.803 0.0000000000
58458  6.488  0.562  41.420 0.0000000000
58459  5.708  0.915  41.242 0.0000000000
58476  6.197  0.153  40.671 0.0000000000
58477  5.419  0.506  40.663 0.0000000000
58499  4.817  0.199  40.237 0.0000000000
58500  4.231  -0.068  40.164 0.0000000000
59355  12.926  2.339  46.557 0.0000000000
59356  12.614  2.207  46.099 0.0000000000
59357  12.158  1.949  45.965 0.0000000000
59358  11.578  1.863  46.196 0.0000000000
59395  8.121  0.680  43.801 0.0000000000
59396  7.541  1.040  43.263 0.0000000000
60360  13.123  3.636  45.997 0.0000000000
60361  12.425  3.213  46.183 0.0000000000
60362  12.078  3.080  46.132 0.0000000000
60381  12.872  3.370  44.763 0.0000000000
60382  12.478  3.905  45.164 0.0000000000
60383  12.486  3.917  45.797 0.0000000000
60402  11.883  3.543  43.653 0.0000000000
60403  11.038  3.645  43.148 0.0000000000
60419  10.697  3.179  42.366 0.0000000000
60420  9.951  3.220  41.999 0.0000000000
61459  12.288  4.138  44.953 0.0000000000
61460  12.078  4.185  45.105 0.0000000000
61470  12.019  4.087  44.529 0.0000000000
61471  10.956  4.121  43.688 0.0000000000
61472  9.706  4.339  43.134 0.0000000000
61487  10.627  3.648  42.916 0.0000000000
61488  9.879  3.641  42.498 0.0000000000
61489  8.861  4.217  42.449 0.0000000000
61503  9.598  3.278  41.816 0.0000000000
61504  8.915  3.452  41.471 0.0000000000
62457  11.012  4.579  44.358 0.0000000000
62467  10.776  4.487  43.918 0.0000000000
62468  10.310  4.599  43.819 0.0000000000
