#!ascii label  , from subject FREESURFER vox2ras=TkReg 
286
90351  38.594  47.264  -5.982 0.0000000000
90352  38.158  47.195  -5.909 0.0000000000
90353  37.218  47.028  -5.843 0.0000000000
90354  36.231  46.940  -5.837 0.0000000000
90355  35.430  47.058  -5.858 0.0000000000
90358  40.041  47.221  -6.909 0.0000000000
90359  39.669  47.203  -6.791 0.0000000000
90360  38.799  47.227  -6.422 0.0000000000
90361  37.810  47.123  -6.610 0.0000000000
90362  36.780  46.936  -6.771 0.0000000000
90363  35.771  46.822  -6.591 0.0000000000
90364  34.918  47.038  -6.464 0.0000000000
90368  40.030  47.210  -7.286 0.0000000000
90369  39.288  47.148  -7.287 0.0000000000
90370  38.429  47.154  -7.298 0.0000000000
90371  37.551  47.177  -7.411 0.0000000000
90372  36.791  47.220  -7.683 0.0000000000
90373  36.101  46.953  -7.384 0.0000000000
90374  35.343  47.001  -7.206 0.0000000000
90378  41.886  47.572  -8.506 0.0000000000
90379  41.695  47.498  -8.662 0.0000000000
90380  40.269  47.297  -7.804 0.0000000000
90381  39.807  47.239  -7.906 0.0000000000
90382  39.019  47.223  -8.002 0.0000000000
90383  38.155  47.300  -8.061 0.0000000000
90384  37.379  47.365  -8.101 0.0000000000
90388  42.098  47.647  -8.619 0.0000000000
90389  41.926  47.520  -8.774 0.0000000000
90888  39.247  47.699  -3.614 0.0000000000
90889  38.280  47.682  -3.454 0.0000000000
90890  37.400  47.717  -3.343 0.0000000000
90891  36.571  47.744  -3.306 0.0000000000
90892  35.702  47.774  -3.290 0.0000000000
90905  42.312  48.307  -4.937 0.0000000000
90906  41.544  47.827  -4.757 0.0000000000
90907  40.601  47.549  -4.650 0.0000000000
90908  39.576  47.462  -4.566 0.0000000000
90909  38.575  47.399  -4.345 0.0000000000
90910  37.791  47.392  -3.991 0.0000000000
90911  37.014  47.359  -4.061 0.0000000000
90912  36.075  47.404  -4.087 0.0000000000
90913  35.083  47.569  -4.196 0.0000000000
90914  33.974  47.793  -4.344 0.0000000000
90924  42.444  48.274  -5.645 0.0000000000
90925  41.893  47.808  -5.581 0.0000000000
90926  41.008  47.500  -5.593 0.0000000000
90927  39.974  47.398  -5.542 0.0000000000
90928  38.865  47.303  -5.567 0.0000000000
90929  37.743  47.191  -4.952 0.0000000000
90930  36.639  47.190  -4.973 0.0000000000
90931  35.666  47.265  -5.048 0.0000000000
90932  34.661  47.365  -5.359 0.0000000000
90933  33.568  47.668  -5.458 0.0000000000
90934  32.686  47.949  -5.823 0.0000000000
90935  32.268  48.164  -6.219 0.0000000000
90938  42.270  48.044  -6.203 0.0000000000
90939  41.604  47.664  -6.428 0.0000000000
90940  40.433  47.357  -6.644 0.0000000000
90941  39.448  47.315  -6.187 0.0000000000
90942  39.023  47.316  -6.076 0.0000000000
90943  34.148  47.307  -6.256 0.0000000000
90944  33.452  47.701  -6.533 0.0000000000
90945  32.719  48.208  -6.715 0.0000000000
90946  32.094  48.402  -6.619 0.0000000000
90952  42.857  48.475  -7.475 0.0000000000
90953  42.484  48.214  -7.123 0.0000000000
90954  41.488  47.585  -7.387 0.0000000000
90955  40.701  47.363  -7.635 0.0000000000
90956  36.302  47.310  -7.863 0.0000000000
90957  35.703  47.388  -7.837 0.0000000000
90958  34.499  47.594  -7.457 0.0000000000
90959  33.438  48.221  -7.349 0.0000000000
90960  32.819  48.575  -7.356 0.0000000000
90965  42.870  48.376  -7.863 0.0000000000
90966  42.207  47.806  -8.182 0.0000000000
90967  41.443  47.484  -8.267 0.0000000000
90968  40.558  47.375  -8.383 0.0000000000
90969  39.692  47.423  -8.644 0.0000000000
90970  38.784  47.461  -8.770 0.0000000000
90971  37.820  47.535  -8.800 0.0000000000
90972  36.638  47.715  -8.541 0.0000000000
90973  35.448  48.017  -8.423 0.0000000000
90974  34.660  48.340  -8.341 0.0000000000
90981  42.875  48.277  -8.664 0.0000000000
90982  42.297  47.738  -8.963 0.0000000000
90983  41.519  47.443  -9.057 0.0000000000
90984  40.485  47.479  -9.320 0.0000000000
90985  39.523  47.574  -9.512 0.0000000000
90986  38.545  47.700  -9.599 0.0000000000
90987  37.559  48.014  -9.576 0.0000000000
90988  36.795  48.361  -9.369 0.0000000000
90994  42.838  48.250  -9.421 0.0000000000
90995  42.268  47.823  -9.868 0.0000000000
90996  41.304  47.515  -10.021 0.0000000000
90997  40.339  47.606  -10.231 0.0000000000
90998  39.341  47.862  -10.438 0.0000000000
90999  38.379  48.161  -10.307 0.0000000000
91000  37.766  48.502  -10.229 0.0000000000
91005  41.926  47.780  -10.550 0.0000000000
91006  41.195  47.731  -10.858 0.0000000000
91007  40.239  47.868  -11.057 0.0000000000
91008  39.566  48.192  -11.182 0.0000000000
91513  32.119  48.146  -5.480 0.0000000000
91525  43.510  49.339  -5.691 0.0000000000
91526  42.907  48.840  -5.280 0.0000000000
91527  32.178  48.113  -5.889 0.0000000000
91528  31.622  48.289  -6.087 0.0000000000
91539  43.471  49.165  -6.537 0.0000000000
91540  42.860  48.637  -6.204 0.0000000000
91541  32.269  48.631  -7.118 0.0000000000
91542  31.570  48.846  -6.996 0.0000000000
91552  44.332  49.368  -7.650 0.0000000000
91553  43.296  48.833  -7.358 0.0000000000
91554  43.001  48.713  -6.833 0.0000000000
91555  33.953  48.463  -8.025 0.0000000000
91556  33.237  48.936  -7.950 0.0000000000
91557  32.460  49.002  -7.607 0.0000000000
91558  31.984  48.960  -7.368 0.0000000000
91568  44.455  49.371  -8.646 0.0000000000
91569  43.579  48.754  -8.247 0.0000000000
91570  36.109  48.515  -9.050 0.0000000000
91571  35.303  48.977  -8.900 0.0000000000
91572  34.317  48.977  -8.519 0.0000000000
91573  33.761  48.973  -8.278 0.0000000000
91583  44.630  49.458  -9.736 0.0000000000
91584  43.593  48.755  -9.192 0.0000000000
91585  37.212  48.683  -9.882 0.0000000000
91586  36.631  49.166  -9.595 0.0000000000
91587  36.009  49.102  -9.222 0.0000000000
91597  45.117  49.649  -11.046 0.0000000000
91598  43.339  48.638  -10.331 0.0000000000
91599  42.437  48.105  -10.515 0.0000000000
91600  38.931  48.406  -10.966 0.0000000000
91601  38.265  48.863  -10.868 0.0000000000
91602  37.536  49.073  -10.393 0.0000000000
91603  37.120  49.184  -10.029 0.0000000000
91613  43.742  49.078  -11.522 0.0000000000
91614  42.282  48.359  -11.232 0.0000000000
91615  41.017  48.166  -11.612 0.0000000000
91616  40.075  48.300  -11.696 0.0000000000
91617  39.338  48.765  -11.669 0.0000000000
91618  38.788  48.834  -11.278 0.0000000000
91628  42.900  49.193  -12.088 0.0000000000
91629  41.707  48.858  -12.105 0.0000000000
91630  40.584  48.704  -12.212 0.0000000000
91631  39.893  48.712  -12.089 0.0000000000
92106  31.400  49.256  -7.247 0.0000000000
92120  44.088  49.511  -6.894 0.0000000000
92121  33.259  49.386  -8.092 0.0000000000
92122  32.870  49.598  -7.947 0.0000000000
92123  31.773  49.553  -7.555 0.0000000000
92136  35.404  49.703  -8.973 0.0000000000
92137  34.793  49.682  -8.723 0.0000000000
92138  33.710  49.638  -8.332 0.0000000000
92139  33.179  50.170  -8.107 0.0000000000
92148  36.608  49.876  -9.747 0.0000000000
92149  36.038  49.828  -9.304 0.0000000000
92156  38.263  49.244  -11.153 0.0000000000
92157  37.871  49.525  -11.003 0.0000000000
92158  37.114  49.855  -10.284 0.0000000000
92164  39.234  49.170  -11.930 0.0000000000
92165  38.681  49.423  -11.606 0.0000000000
92166  38.030  50.117  -11.458 0.0000000000
92175  41.175  49.413  -12.735 0.0000000000
92176  39.743  49.425  -12.508 0.0000000000
92177  38.979  50.122  -12.286 0.0000000000
92185  40.829  50.206  -13.162 0.0000000000
92186  40.072  50.424  -13.106 0.0000000000
92602  33.247  50.868  -7.907 0.0000000000
92603  32.590  50.512  -7.836 0.0000000000
92604  31.595  50.551  -7.523 0.0000000000
92612  35.540  50.450  -8.904 0.0000000000
92613  34.631  50.520  -8.485 0.0000000000
92614  33.718  50.599  -8.138 0.0000000000
92615  33.168  50.511  -8.002 0.0000000000
92621  36.636  50.711  -9.842 0.0000000000
92622  36.187  50.801  -9.299 0.0000000000
92627  37.492  50.403  -11.075 0.0000000000
92628  37.076  51.017  -10.647 0.0000000000
92631  38.383  50.420  -11.960 0.0000000000
92632  37.766  50.923  -11.700 0.0000000000
92633  37.334  51.175  -11.261 0.0000000000
92636  39.425  50.533  -12.811 0.0000000000
92637  38.723  50.945  -12.566 0.0000000000
92638  38.163  51.108  -12.207 0.0000000000
92647  39.282  51.295  -13.013 0.0000000000
93038  35.411  52.223  -7.594 0.0000000000
93039  34.227  52.028  -7.499 0.0000000000
93040  33.147  51.510  -7.528 0.0000000000
93041  32.134  51.303  -7.390 0.0000000000
93045  36.819  51.941  -8.394 0.0000000000
93046  35.663  51.445  -8.340 0.0000000000
93047  34.551  51.337  -8.013 0.0000000000
93048  33.751  51.257  -7.847 0.0000000000
93050  36.716  51.733  -9.303 0.0000000000
93051  36.196  51.284  -8.880 0.0000000000
93053  36.821  51.992  -10.283 0.0000000000
93054  36.652  52.551  -10.649 0.0000000000
93056  37.420  51.584  -11.641 0.0000000000
93057  37.065  52.021  -11.218 0.0000000000
93058  36.770  52.374  -10.836 0.0000000000
93061  38.304  51.522  -12.530 0.0000000000
93062  37.760  51.826  -12.232 0.0000000000
93063  37.340  52.002  -11.781 0.0000000000
93072  38.760  51.825  -12.971 0.0000000000
93073  38.208  51.937  -12.676 0.0000000000
93500  34.775  53.569  -6.527 0.0000000000
93501  34.170  53.344  -6.395 0.0000000000
93502  32.685  52.815  -6.101 0.0000000000
93508  37.635  53.067  -7.039 0.0000000000
93509  37.386  53.139  -7.144 0.0000000000
93510  36.440  52.993  -7.123 0.0000000000
93511  34.986  53.111  -6.860 0.0000000000
93512  33.640  52.529  -6.902 0.0000000000
93513  32.662  52.009  -6.964 0.0000000000
93516  37.827  52.934  -7.169 0.0000000000
93517  37.505  52.720  -7.637 0.0000000000
93518  36.462  52.208  -7.726 0.0000000000
93520  37.409  52.785  -8.826 0.0000000000
93521  37.043  53.248  -9.397 0.0000000000
93523  36.956  52.564  -9.591 0.0000000000
93524  36.509  53.026  -10.233 0.0000000000
93525  35.755  53.195  -10.893 0.0000000000
93527  36.891  52.459  -11.482 0.0000000000
93528  36.440  52.697  -11.259 0.0000000000
93529  35.383  53.153  -11.728 0.0000000000
93530  34.671  53.207  -12.221 0.0000000000
93532  37.630  52.302  -12.442 0.0000000000
93533  37.147  52.482  -12.087 0.0000000000
93534  36.220  53.030  -12.353 0.0000000000
93535  35.262  53.220  -12.696 0.0000000000
93536  34.340  53.167  -12.924 0.0000000000
93543  38.052  52.494  -13.020 0.0000000000
93544  37.034  52.971  -13.152 0.0000000000
93545  36.027  53.211  -13.371 0.0000000000
93546  34.952  53.328  -13.686 0.0000000000
93547  34.041  53.231  -13.659 0.0000000000
93558  35.787  53.167  -14.379 0.0000000000
93559  34.911  53.237  -14.668 0.0000000000
93982  35.121  53.687  -6.587 0.0000000000
93983  34.658  53.826  -6.486 0.0000000000
93986  37.935  53.264  -7.158 0.0000000000
93987  37.660  53.502  -7.150 0.0000000000
93988  37.150  53.824  -7.186 0.0000000000
93989  35.870  53.778  -7.051 0.0000000000
93990  34.408  54.194  -7.618 0.0000000000
93995  38.315  53.246  -7.588 0.0000000000
93996  37.918  53.677  -8.331 0.0000000000
93997  37.324  54.430  -8.175 0.0000000000
93998  35.525  54.267  -8.403 0.0000000000
93999  34.077  53.778  -8.607 0.0000000000
94004  37.266  53.620  -8.987 0.0000000000
94005  36.413  53.884  -9.352 0.0000000000
94006  34.796  53.738  -9.727 0.0000000000
94007  33.279  53.437  -9.660 0.0000000000
94012  35.684  53.537  -10.256 0.0000000000
94013  34.800  53.354  -11.016 0.0000000000
94014  33.600  53.393  -10.785 0.0000000000
94019  34.647  53.258  -11.748 0.0000000000
94020  33.798  53.276  -12.038 0.0000000000
94021  32.634  53.501  -11.647 0.0000000000
94024  33.409  53.309  -13.208 0.0000000000
94025  32.550  53.615  -12.722 0.0000000000
94026  31.997  53.820  -12.167 0.0000000000
94029  34.186  53.360  -14.341 0.0000000000
94030  33.408  53.488  -14.065 0.0000000000
94031  32.714  53.801  -13.680 0.0000000000
94034  34.310  53.676  -15.018 0.0000000000
94035  33.639  54.043  -14.700 0.0000000000
94036  32.991  54.069  -14.302 0.0000000000
94043  34.073  54.296  -15.188 0.0000000000
94462  33.813  54.457  -6.953 0.0000000000
94467  38.008  53.830  -7.428 0.0000000000
94468  37.621  53.764  -8.042 0.0000000000
94469  37.311  53.234  -8.250 0.0000000000
94476  38.359  53.953  -7.897 0.0000000000
94477  37.875  53.738  -8.012 0.0000000000
94478  37.728  53.568  -8.467 0.0000000000
94490  31.969  54.176  -12.641 0.0000000000
94494  32.202  54.601  -13.255 0.0000000000
94498  33.087  54.849  -14.589 0.0000000000
94499  32.624  54.507  -14.018 0.0000000000
94505  33.679  54.722  -15.075 0.0000000000
94990  33.019  55.737  -14.559 0.0000000000
94991  32.522  55.424  -13.992 0.0000000000
94997  33.564  55.565  -15.107 0.0000000000
