#!ascii label  , from subject FREESURFER vox2ras=TkReg 
224
77866  27.262  22.662  12.588 0.0000000000
77867  26.193  22.878  12.668 0.0000000000
77868  25.095  23.036  12.427 0.0000000000
77880  29.200  22.559  11.494 0.0000000000
77881  28.109  22.950  11.513 0.0000000000
77882  26.928  23.094  11.895 0.0000000000
77883  25.962  23.313  12.024 0.0000000000
77884  25.415  23.437  12.001 0.0000000000
77904  31.010  22.273  10.573 0.0000000000
77905  29.945  22.469  10.561 0.0000000000
77906  28.956  22.964  10.568 0.0000000000
77907  28.361  23.146  10.861 0.0000000000
77924  32.649  22.595  9.881 0.0000000000
77925  31.748  22.512  9.743 0.0000000000
77926  30.696  22.692  9.753 0.0000000000
77927  29.713  23.015  9.877 0.0000000000
77928  29.173  23.201  9.962 0.0000000000
77952  35.534  22.892  8.006 0.0000000000
77966  35.963  22.864  7.032 0.0000000000
77967  35.204  23.163  7.260 0.0000000000
77982  36.630  23.018  6.304 0.0000000000
78612  25.038  23.593  11.982 0.0000000000
78613  24.328  23.486  12.017 0.0000000000
78632  28.074  23.224  10.977 0.0000000000
78633  27.530  23.346  11.138 0.0000000000
78634  26.584  23.590  11.371 0.0000000000
78635  25.565  23.887  11.549 0.0000000000
78636  24.649  24.065  11.698 0.0000000000
78637  23.769  24.100  11.729 0.0000000000
78660  28.880  23.315  10.082 0.0000000000
78661  28.262  23.535  10.435 0.0000000000
78662  27.246  23.921  10.769 0.0000000000
78663  26.335  24.213  10.924 0.0000000000
78664  25.605  24.496  10.957 0.0000000000
78674  34.556  23.263  9.649 0.0000000000
78675  33.516  23.023  9.507 0.0000000000
78676  32.489  22.942  9.077 0.0000000000
78677  31.419  23.106  8.997 0.0000000000
78678  30.371  23.447  9.216 0.0000000000
78679  29.175  23.830  9.574 0.0000000000
78680  28.364  24.072  9.943 0.0000000000
78687  35.093  23.155  8.818 0.0000000000
78688  34.221  23.248  8.641 0.0000000000
78689  33.246  23.272  8.361 0.0000000000
78690  32.135  23.381  8.172 0.0000000000
78691  31.036  23.934  8.279 0.0000000000
78692  30.083  24.199  8.887 0.0000000000
78693  29.567  24.395  9.105 0.0000000000
78700  34.755  23.231  7.850 0.0000000000
78701  33.950  23.561  7.622 0.0000000000
78702  32.875  23.812  7.324 0.0000000000
78703  31.786  24.041  7.571 0.0000000000
78704  31.306  24.337  7.753 0.0000000000
78712  35.360  23.336  6.748 0.0000000000
78713  34.695  23.763  6.725 0.0000000000
78714  33.689  24.122  6.840 0.0000000000
78715  33.160  24.229  6.822 0.0000000000
78727  35.706  23.678  6.123 0.0000000000
78728  35.034  24.033  6.075 0.0000000000
79333  24.917  24.534  11.214 0.0000000000
79334  24.115  24.606  11.333 0.0000000000
79335  23.174  24.853  11.349 0.0000000000
79346  27.755  24.309  10.247 0.0000000000
79347  26.933  24.592  10.509 0.0000000000
79348  26.076  25.006  10.503 0.0000000000
79349  25.146  25.063  10.708 0.0000000000
79350  24.330  25.091  10.895 0.0000000000
79351  23.784  25.046  11.094 0.0000000000
79356  29.157  24.874  9.140 0.0000000000
79357  28.287  24.760  9.680 0.0000000000
79358  27.327  25.024  10.114 0.0000000000
79359  26.726  25.070  10.313 0.0000000000
79363  30.998  24.564  7.861 0.0000000000
79364  30.400  24.868  8.255 0.0000000000
79365  29.761  24.743  8.811 0.0000000000
79369  32.764  24.388  6.813 0.0000000000
79370  32.152  24.414  7.009 0.0000000000
79371  31.418  24.867  7.378 0.0000000000
79372  30.897  24.923  7.787 0.0000000000
79378  34.678  24.304  6.015 0.0000000000
79379  34.079  24.714  6.149 0.0000000000
79380  33.181  24.772  6.490 0.0000000000
79381  32.425  24.952  6.720 0.0000000000
79382  31.945  24.915  6.950 0.0000000000
79391  35.187  24.632  5.785 0.0000000000
79392  34.609  24.775  5.860 0.0000000000
79916  22.913  25.461  11.101 0.0000000000
79924  25.887  25.524  10.211 0.0000000000
79925  25.373  25.518  10.288 0.0000000000
79926  24.506  25.758  10.268 0.0000000000
79927  23.489  25.632  10.761 0.0000000000
79928  22.619  25.963  10.991 0.0000000000
79932  29.155  25.400  9.075 0.0000000000
79933  28.687  25.697  9.324 0.0000000000
79934  27.626  25.721  9.745 0.0000000000
79935  26.503  25.677  10.025 0.0000000000
79936  25.555  25.930  9.952 0.0000000000
79937  25.018  25.882  9.993 0.0000000000
79940  30.251  25.874  8.286 0.0000000000
79941  29.581  25.487  8.778 0.0000000000
79942  29.163  25.649  9.062 0.0000000000
79946  31.276  25.864  7.281 0.0000000000
79947  30.811  25.456  7.763 0.0000000000
79952  33.926  25.373  5.916 0.0000000000
79953  33.461  25.410  6.128 0.0000000000
79954  32.659  25.773  6.379 0.0000000000
79955  31.879  25.468  6.858 0.0000000000
79962  34.489  25.490  5.705 0.0000000000
79963  33.684  25.892  5.865 0.0000000000
79964  33.216  25.926  6.074 0.0000000000
80371  24.311  26.204  9.961 0.0000000000
80372  23.801  26.408  10.057 0.0000000000
80373  22.862  26.579  10.468 0.0000000000
80377  29.357  26.859  9.261 0.0000000000
80378  28.966  26.642  9.363 0.0000000000
80379  27.983  26.605  9.592 0.0000000000
80380  26.925  26.617  9.721 0.0000000000
80381  25.859  26.645  9.725 0.0000000000
80382  24.693  26.558  9.773 0.0000000000
80383  23.838  27.138  9.722 0.0000000000
80385  30.320  26.485  8.371 0.0000000000
80386  29.713  26.559  8.884 0.0000000000
80387  29.200  26.005  9.049 0.0000000000
80390  31.221  26.509  7.361 0.0000000000
80391  30.768  26.429  7.853 0.0000000000
80396  32.448  26.549  6.349 0.0000000000
80397  31.768  26.517  6.792 0.0000000000
80407  34.009  26.543  5.686 0.0000000000
80408  33.074  26.607  5.969 0.0000000000
80840  23.159  27.234  9.959 0.0000000000
80841  22.389  27.677  10.320 0.0000000000
80845  30.217  27.670  9.229 0.0000000000
80846  29.429  27.358  9.510 0.0000000000
80847  28.380  27.483  9.714 0.0000000000
80848  27.323  27.531  9.662 0.0000000000
80849  26.269  27.570  9.528 0.0000000000
80850  25.227  27.598  9.444 0.0000000000
80851  24.250  27.716  9.468 0.0000000000
80852  23.411  27.856  9.639 0.0000000000
80853  22.892  27.841  9.871 0.0000000000
80855  30.860  27.615  8.287 0.0000000000
80856  30.489  27.106  8.438 0.0000000000
80857  29.973  27.166  9.048 0.0000000000
80860  31.149  27.235  7.664 0.0000000000
80861  30.805  26.921  7.969 0.0000000000
80865  32.389  27.272  6.393 0.0000000000
80866  31.785  27.456  6.915 0.0000000000
80879  33.580  27.390  5.777 0.0000000000
80880  32.991  27.512  6.047 0.0000000000
81319  31.111  28.723  9.000 0.0000000000
81320  30.677  28.407  9.332 0.0000000000
81321  29.880  28.289  9.967 0.0000000000
81322  28.829  28.364  10.059 0.0000000000
81323  27.738  28.456  9.796 0.0000000000
81324  26.679  28.493  9.439 0.0000000000
81325  25.625  28.563  9.116 0.0000000000
81326  24.690  28.586  9.136 0.0000000000
81327  23.734  28.637  9.365 0.0000000000
81328  22.781  28.637  9.763 0.0000000000
81330  31.136  28.265  8.350 0.0000000000
81331  30.660  27.828  8.723 0.0000000000
81332  25.386  28.950  8.849 0.0000000000
81333  25.125  28.910  8.872 0.0000000000
81335  32.277  28.494  6.864 0.0000000000
81336  31.756  28.206  7.367 0.0000000000
81339  33.343  28.515  6.076 0.0000000000
81340  32.767  28.233  6.379 0.0000000000
81341  32.172  27.947  6.745 0.0000000000
81356  33.297  27.990  5.981 0.0000000000
81743  30.868  29.650  10.448 0.0000000000
81744  30.079  29.807  10.545 0.0000000000
81745  29.618  29.996  10.483 0.0000000000
81750  31.893  29.587  9.248 0.0000000000
81751  31.168  29.142  9.603 0.0000000000
81752  30.391  29.039  10.175 0.0000000000
81753  29.358  29.428  10.311 0.0000000000
81754  28.184  29.440  9.947 0.0000000000
81755  27.093  29.451  9.511 0.0000000000
81756  26.043  29.388  8.966 0.0000000000
81757  25.605  29.056  8.850 0.0000000000
81758  24.190  29.550  9.076 0.0000000000
81759  23.278  29.552  9.467 0.0000000000
81760  22.713  29.535  9.763 0.0000000000
81762  32.050  29.461  8.211 0.0000000000
81763  31.465  29.048  8.698 0.0000000000
81764  25.587  29.720  8.810 0.0000000000
81765  25.310  29.378  8.791 0.0000000000
81766  24.793  29.226  8.880 0.0000000000
81768  32.220  29.068  7.325 0.0000000000
81769  31.637  28.881  7.918 0.0000000000
81773  33.169  29.117  6.411 0.0000000000
81774  32.615  28.896  6.737 0.0000000000
82166  31.984  30.364  11.061 0.0000000000
82167  31.395  30.155  10.914 0.0000000000
82168  30.448  30.327  10.955 0.0000000000
82169  29.676  30.523  10.697 0.0000000000
82170  29.087  30.795  10.480 0.0000000000
82174  33.012  30.510  10.084 0.0000000000
82175  32.356  30.215  10.153 0.0000000000
82176  31.555  29.736  10.088 0.0000000000
82177  29.267  30.238  10.428 0.0000000000
82178  28.571  30.467  10.160 0.0000000000
82179  27.526  30.464  9.669 0.0000000000
82180  26.405  30.442  9.225 0.0000000000
82181  25.498  30.705  9.044 0.0000000000
82182  24.641  30.546  9.055 0.0000000000
82183  23.695  30.559  9.373 0.0000000000
82186  33.180  30.570  9.335 0.0000000000
82187  32.628  30.047  8.726 0.0000000000
82188  25.761  30.068  8.895 0.0000000000
82189  25.248  30.040  8.826 0.0000000000
82190  24.806  29.753  8.853 0.0000000000
82194  32.711  29.831  7.618 0.0000000000
82202  32.766  29.429  6.932 0.0000000000
82572  32.568  30.676  11.366 0.0000000000
82573  31.602  30.671  11.576 0.0000000000
82574  30.790  30.899  11.493 0.0000000000
82575  29.993  31.208  11.103 0.0000000000
82576  29.292  31.313  10.687 0.0000000000
82582  32.886  30.526  10.506 0.0000000000
82583  28.677  31.407  10.386 0.0000000000
82584  27.896  31.456  9.967 0.0000000000
82585  26.921  31.449  9.524 0.0000000000
82586  25.961  31.505  9.270 0.0000000000
