#!ascii label  , from subject FREESURFER vox2ras=TkReg 
276
86095  37.726  38.827  20.058 0.0000000000
86096  36.738  38.753  20.107 0.0000000000
86109  38.136  38.722  19.289 0.0000000000
86110  37.267  38.508  19.373 0.0000000000
86111  36.206  38.878  19.423 0.0000000000
86122  38.170  39.010  18.799 0.0000000000
86123  37.648  38.865  18.736 0.0000000000
86124  36.709  38.977  18.737 0.0000000000
86125  35.591  39.463  18.774 0.0000000000
86584  37.715  39.670  20.080 0.0000000000
86585  37.152  39.540  20.289 0.0000000000
86600  37.967  39.439  19.689 0.0000000000
86613  38.074  39.395  19.141 0.0000000000
86614  37.794  39.589  18.694 0.0000000000
86615  37.099  39.564  18.409 0.0000000000
86616  36.157  39.831  18.324 0.0000000000
86617  35.150  40.101  18.196 0.0000000000
86625  37.286  40.250  18.374 0.0000000000
86626  36.570  40.474  18.100 0.0000000000
86627  35.582  40.690  17.835 0.0000000000
86628  34.291  40.653  17.585 0.0000000000
86639  33.460  41.051  17.228 0.0000000000
87109  37.828  40.176  19.916 0.0000000000
87110  37.551  40.397  20.224 0.0000000000
87111  36.681  40.360  20.448 0.0000000000
87123  37.845  40.111  19.505 0.0000000000
87124  38.152  41.083  19.972 0.0000000000
87125  37.345  41.257  20.371 0.0000000000
87138  37.827  39.894  19.081 0.0000000000
87139  37.601  40.694  19.063 0.0000000000
87146  37.008  41.142  18.238 0.0000000000
87147  36.163  41.417  17.650 0.0000000000
87148  35.077  41.525  17.319 0.0000000000
87149  34.011  41.596  17.193 0.0000000000
87159  33.090  41.631  17.069 0.0000000000
87713  38.492  41.794  19.942 0.0000000000
87714  38.036  42.053  20.178 0.0000000000
87715  36.818  42.101  20.364 0.0000000000
87727  38.027  41.698  19.602 0.0000000000
87728  37.467  42.305  19.386 0.0000000000
87736  37.424  41.674  18.849 0.0000000000
87737  36.672  42.205  18.210 0.0000000000
87738  35.626  42.357  17.383 0.0000000000
87739  34.516  42.389  17.194 0.0000000000
87747  33.557  42.342  17.094 0.0000000000
87748  32.723  42.318  16.874 0.0000000000
87749  31.949  42.299  16.446 0.0000000000
88353  38.445  43.931  21.091 0.0000000000
88354  38.282  43.845  21.135 0.0000000000
88355  37.675  43.682  21.233 0.0000000000
88356  36.466  43.672  21.100 0.0000000000
88368  38.406  43.921  20.929 0.0000000000
88369  38.157  43.686  20.811 0.0000000000
88370  37.527  43.053  20.350 0.0000000000
88371  35.996  42.981  20.421 0.0000000000
88383  36.378  43.081  19.130 0.0000000000
88384  35.398  43.568  18.383 0.0000000000
88392  35.822  42.926  18.011 0.0000000000
88393  34.800  43.210  17.680 0.0000000000
88394  33.805  43.203  17.277 0.0000000000
88395  33.112  43.598  17.063 0.0000000000
88405  33.116  42.927  17.046 0.0000000000
88406  32.431  43.273  16.767 0.0000000000
88407  31.509  43.239  16.288 0.0000000000
88408  30.939  43.572  15.958 0.0000000000
88418  31.020  42.873  15.784 0.0000000000
88419  30.490  43.252  15.437 0.0000000000
88420  30.001  43.641  15.201 0.0000000000
89011  38.422  44.194  21.075 0.0000000000
89012  37.868  44.406  21.375 0.0000000000
89013  36.797  44.605  21.433 0.0000000000
89014  35.355  44.721  21.193 0.0000000000
89027  38.294  44.153  20.761 0.0000000000
89028  37.868  44.128  20.312 0.0000000000
89029  36.979  44.106  19.659 0.0000000000
89042  35.803  44.295  18.950 0.0000000000
89043  34.514  44.418  18.185 0.0000000000
89044  33.825  45.032  17.757 0.0000000000
89053  34.099  43.766  17.631 0.0000000000
89054  33.526  44.352  17.366 0.0000000000
89055  32.760  44.299  16.867 0.0000000000
89064  31.946  44.299  16.525 0.0000000000
89065  31.190  44.264  16.169 0.0000000000
89066  30.609  44.232  15.836 0.0000000000
89076  30.176  44.135  15.529 0.0000000000
89077  29.797  44.273  15.192 0.0000000000
89080  29.404  44.289  14.689 0.0000000000
89081  28.932  44.336  14.124 0.0000000000
89580  36.719  46.272  22.192 0.0000000000
89581  36.292  46.261  22.245 0.0000000000
89582  35.407  46.301  22.074 0.0000000000
89591  38.486  44.514  21.107 0.0000000000
89592  38.228  44.883  21.163 0.0000000000
89593  37.114  45.728  21.716 0.0000000000
89594  35.891  45.619  21.719 0.0000000000
89595  34.310  45.818  21.514 0.0000000000
89609  38.425  44.500  20.883 0.0000000000
89610  38.094  44.892  20.548 0.0000000000
89611  37.374  45.173  19.821 0.0000000000
89612  36.512  45.749  19.469 0.0000000000
89628  36.415  44.996  19.364 0.0000000000
89629  35.453  45.642  18.955 0.0000000000
89630  34.154  45.725  18.190 0.0000000000
89640  33.285  45.614  17.351 0.0000000000
89641  33.039  44.908  16.989 0.0000000000
89649  32.813  45.998  16.841 0.0000000000
89650  32.483  45.327  16.630 0.0000000000
89651  31.423  45.275  16.105 0.0000000000
89652  30.852  44.791  15.949 0.0000000000
89661  31.155  45.701  15.602 0.0000000000
89662  30.345  45.198  15.448 0.0000000000
89663  29.694  44.779  15.040 0.0000000000
89666  30.036  45.712  14.753 0.0000000000
89667  29.460  45.215  14.585 0.0000000000
89668  28.796  45.167  13.828 0.0000000000
89670  28.133  45.179  13.313 0.0000000000
90101  36.582  46.774  22.241 0.0000000000
90102  35.760  46.820  22.418 0.0000000000
90103  34.821  46.817  21.972 0.0000000000
90111  37.775  45.836  20.905 0.0000000000
90112  37.179  46.811  21.418 0.0000000000
90113  33.712  46.788  21.403 0.0000000000
90126  37.607  45.609  20.331 0.0000000000
90127  36.836  46.578  20.113 0.0000000000
90128  36.209  46.243  19.371 0.0000000000
90146  36.124  47.384  19.701 0.0000000000
90147  35.797  46.887  19.216 0.0000000000
90148  34.819  46.765  18.505 0.0000000000
90164  33.849  46.786  17.775 0.0000000000
90179  33.072  46.678  17.015 0.0000000000
90180  32.481  46.333  16.345 0.0000000000
90181  32.058  45.815  16.158 0.0000000000
90196  32.432  46.847  15.829 0.0000000000
90197  31.838  46.303  15.562 0.0000000000
90198  31.060  46.004  15.249 0.0000000000
90210  31.405  46.520  14.892 0.0000000000
90211  30.641  46.237  14.664 0.0000000000
90212  29.788  46.158  14.245 0.0000000000
90213  29.209  45.822  13.985 0.0000000000
90216  29.361  46.409  13.766 0.0000000000
90217  28.691  46.112  13.486 0.0000000000
90218  27.958  45.956  12.938 0.0000000000
90660  36.420  47.235  22.278 0.0000000000
90661  36.073  47.314  22.314 0.0000000000
90662  35.369  47.360  22.169 0.0000000000
90672  36.445  47.503  21.876 0.0000000000
90673  35.627  47.899  21.860 0.0000000000
90674  34.626  47.735  21.456 0.0000000000
90675  33.582  47.457  20.909 0.0000000000
90686  36.611  47.742  20.868 0.0000000000
90687  34.069  48.116  20.736 0.0000000000
90698  36.162  48.037  19.932 0.0000000000
90699  35.777  47.872  19.275 0.0000000000
90700  35.373  47.553  18.657 0.0000000000
90711  35.864  48.607  19.299 0.0000000000
90712  35.521  48.380  18.644 0.0000000000
90713  34.833  47.782  17.876 0.0000000000
90728  33.796  47.738  16.968 0.0000000000
90729  32.824  47.293  16.308 0.0000000000
90744  33.263  48.245  16.077 0.0000000000
90745  32.433  47.557  15.265 0.0000000000
90746  31.871  46.864  14.913 0.0000000000
90759  32.189  47.935  14.594 0.0000000000
90760  31.486  47.359  14.287 0.0000000000
90761  30.317  46.822  13.917 0.0000000000
90762  29.733  46.651  13.788 0.0000000000
90768  31.199  47.864  13.696 0.0000000000
90769  30.624  47.554  13.587 0.0000000000
90770  29.433  47.243  13.318 0.0000000000
90771  28.238  46.798  12.947 0.0000000000
90775  29.172  47.799  12.707 0.0000000000
90776  28.582  47.520  12.596 0.0000000000
91302  35.926  48.294  21.195 0.0000000000
91303  35.171  48.677  21.205 0.0000000000
91304  34.638  48.575  20.925 0.0000000000
91316  36.006  48.623  20.349 0.0000000000
91317  34.840  49.100  20.726 0.0000000000
91318  34.202  48.907  20.255 0.0000000000
91329  35.964  49.001  19.581 0.0000000000
91339  35.678  49.132  18.898 0.0000000000
91340  35.215  48.943  17.962 0.0000000000
91341  34.664  48.453  17.201 0.0000000000
91351  34.753  49.118  17.095 0.0000000000
91352  34.143  48.801  16.462 0.0000000000
91365  33.632  49.066  15.756 0.0000000000
91366  33.047  48.607  15.400 0.0000000000
91382  33.390  49.123  15.104 0.0000000000
91383  32.647  48.672  14.692 0.0000000000
91384  32.074  48.233  14.249 0.0000000000
91396  32.262  48.829  14.089 0.0000000000
91397  31.653  48.464  13.688 0.0000000000
91398  30.953  48.171  13.314 0.0000000000
91399  30.271  47.968  13.128 0.0000000000
91402  31.279  48.687  13.052 0.0000000000
91403  30.683  48.492  12.724 0.0000000000
91404  29.749  48.198  12.532 0.0000000000
91405  29.005  48.056  12.250 0.0000000000
91409  29.417  48.375  11.933 0.0000000000
91901  35.428  49.013  20.604 0.0000000000
91902  35.095  49.178  20.691 0.0000000000
91914  35.559  49.318  19.916 0.0000000000
91915  34.858  49.571  20.053 0.0000000000
91916  34.041  49.800  19.453 0.0000000000
91926  35.412  49.527  19.273 0.0000000000
91927  35.189  49.601  19.647 0.0000000000
91928  33.920  50.371  19.084 0.0000000000
91937  35.204  49.602  18.588 0.0000000000
91938  34.828  49.703  17.607 0.0000000000
91949  34.398  49.645  16.347 0.0000000000
91950  33.988  49.384  16.012 0.0000000000
91960  34.236  49.922  15.624 0.0000000000
91961  33.956  49.634  15.372 0.0000000000
91975  33.197  49.652  14.515 0.0000000000
91976  32.625  49.186  14.217 0.0000000000
91989  32.957  50.092  13.979 0.0000000000
91990  32.323  49.526  13.530 0.0000000000
91991  31.705  48.960  13.136 0.0000000000
91997  32.099  49.795  12.714 0.0000000000
91998  31.445  49.260  12.360 0.0000000000
91999  30.370  48.688  12.011 0.0000000000
92000  29.808  48.494  11.946 0.0000000000
92003  31.254  49.553  11.575 0.0000000000
92004  30.683  49.255  11.386 0.0000000000
92409  34.627  49.674  19.592 0.0000000000
92410  34.528  49.840  19.384 0.0000000000
92418  35.182  49.713  19.218 0.0000000000
92419  34.834  49.839  19.326 0.0000000000
92420  34.177  50.326  19.023 0.0000000000
92428  35.119  49.809  18.990 0.0000000000
92429  34.494  50.330  18.330 0.0000000000
92430  33.817  50.788  18.268 0.0000000000
92441  34.463  50.348  17.026 0.0000000000
92452  34.411  50.454  15.823 0.0000000000
92453  34.253  50.126  15.242 0.0000000000
92468  34.452  50.749  14.965 0.0000000000
92469  33.981  50.238  14.758 0.0000000000
92480  34.224  51.006  14.294 0.0000000000
92481  33.530  50.541  14.006 0.0000000000
92482  33.029  50.259  13.440 0.0000000000
92489  34.203  50.969  13.492 0.0000000000
92490  33.653  50.609  12.933 0.0000000000
92491  32.707  50.211  12.695 0.0000000000
92492  32.104  49.937  12.205 0.0000000000
92496  33.246  50.583  12.223 0.0000000000
92497  32.573  50.403  11.779 0.0000000000
92498  31.740  49.966  11.541 0.0000000000
92503  32.155  50.480  11.153 0.0000000000
92875  34.172  50.775  17.418 0.0000000000
92876  33.656  51.292  17.535 0.0000000000
92886  34.180  51.241  16.583 0.0000000000
92887  33.780  52.100  16.946 0.0000000000
92899  35.534  51.883  14.667 0.0000000000
92900  34.887  51.572  15.409 0.0000000000
92914  35.626  51.824  14.024 0.0000000000
92915  34.944  51.420  14.490 0.0000000000
92923  35.570  51.695  13.255 0.0000000000
92924  34.900  51.363  13.691 0.0000000000
92932  35.489  51.634  12.785 0.0000000000
92933  34.665  51.222  12.562 0.0000000000
92934  33.777  50.799  12.287 0.0000000000
92940  34.373  51.498  11.291 0.0000000000
92941  33.410  50.921  11.510 0.0000000000
92942  32.613  50.697  11.236 0.0000000000
93304  34.364  52.436  16.277 0.0000000000
93321  35.679  52.404  15.089 0.0000000000
93322  35.110  52.577  15.651 0.0000000000
93335  36.814  52.517  13.767 0.0000000000
93336  36.211  52.341  14.346 0.0000000000
93348  37.135  52.283  13.169 0.0000000000
93349  36.358  52.092  13.586 0.0000000000
93363  37.327  52.226  12.309 0.0000000000
93364  36.176  51.972  12.698 0.0000000000
93365  35.432  51.647  12.529 0.0000000000
93381  36.327  52.154  11.602 0.0000000000
93382  35.325  51.775  11.932 0.0000000000
93395  35.017  51.991  10.736 0.0000000000
