#!ascii label  , from subject FREESURFER vox2ras=TkReg 
224
90114  32.551  46.764  20.596 0.0000000000
90129  32.165  47.277  19.540 0.0000000000
90130  31.339  46.396  19.744 0.0000000000
90131  30.017  46.132  19.460 0.0000000000
90132  28.991  46.200  19.333 0.0000000000
90133  28.158  46.380  19.179 0.0000000000
90134  27.416  46.598  19.218 0.0000000000
90149  32.038  47.534  18.957 0.0000000000
90150  31.509  47.215  18.597 0.0000000000
90151  30.469  46.712  18.584 0.0000000000
90152  29.380  46.574  18.486 0.0000000000
90153  28.407  46.533  18.412 0.0000000000
90154  27.516  46.552  18.404 0.0000000000
90155  26.647  46.753  18.548 0.0000000000
90165  31.290  47.487  17.943 0.0000000000
90166  30.769  47.230  17.872 0.0000000000
90167  29.747  47.087  17.508 0.0000000000
90168  28.673  46.695  17.539 0.0000000000
90169  27.707  46.515  17.543 0.0000000000
90170  26.715  46.529  17.628 0.0000000000
90171  25.622  46.848  17.803 0.0000000000
90172  24.918  47.062  17.343 0.0000000000
90182  29.425  47.440  16.878 0.0000000000
90183  28.827  47.117  16.729 0.0000000000
90184  27.949  46.645  16.724 0.0000000000
90185  26.960  46.524  16.743 0.0000000000
90186  25.933  46.585  16.822 0.0000000000
90187  25.067  46.827  16.861 0.0000000000
90199  28.066  47.160  16.221 0.0000000000
90200  27.245  47.014  16.070 0.0000000000
90201  26.223  46.823  15.973 0.0000000000
90202  25.221  46.864  16.098 0.0000000000
90203  24.724  47.121  16.354 0.0000000000
90688  33.172  47.919  20.135 0.0000000000
90701  32.471  48.086  19.213 0.0000000000
90702  32.027  47.767  18.606 0.0000000000
90714  32.189  48.355  18.627 0.0000000000
90715  31.707  48.054  18.005 0.0000000000
90716  31.037  47.768  17.557 0.0000000000
90717  30.424  47.605  17.357 0.0000000000
90730  31.218  48.375  17.436 0.0000000000
90731  30.668  48.207  17.090 0.0000000000
90732  29.894  47.925  16.865 0.0000000000
90733  29.151  47.876  16.539 0.0000000000
90734  24.418  47.424  16.870 0.0000000000
90735  23.725  48.261  16.536 0.0000000000
90747  28.504  47.775  16.147 0.0000000000
90748  27.691  47.746  15.690 0.0000000000
90749  26.564  47.678  15.257 0.0000000000
90750  25.479  47.368  15.407 0.0000000000
90751  24.424  47.799  15.763 0.0000000000
90752  23.894  48.263  16.031 0.0000000000
90763  26.181  48.225  14.755 0.0000000000
90764  25.600  47.926  14.832 0.0000000000
90765  25.004  47.773  15.054 0.0000000000
91319  33.328  48.872  19.553 0.0000000000
91330  32.695  48.997  19.030 0.0000000000
91342  32.196  49.074  18.391 0.0000000000
91343  31.618  49.041  17.663 0.0000000000
91353  31.060  48.970  16.992 0.0000000000
91354  30.311  48.825  16.547 0.0000000000
91355  29.500  48.651  16.234 0.0000000000
91356  28.897  48.357  16.105 0.0000000000
91357  23.296  48.682  16.418 0.0000000000
91367  29.025  48.878  15.845 0.0000000000
91368  28.345  48.638  15.631 0.0000000000
91369  27.284  48.625  15.142 0.0000000000
91370  26.646  48.406  14.886 0.0000000000
91371  24.201  48.569  15.347 0.0000000000
91372  23.589  48.752  15.875 0.0000000000
91373  23.081  49.431  16.063 0.0000000000
91385  26.759  48.895  14.812 0.0000000000
91386  26.324  48.765  14.684 0.0000000000
91387  25.680  48.630  14.616 0.0000000000
91388  24.790  48.479  14.845 0.0000000000
91917  33.345  49.426  19.200 0.0000000000
91929  33.285  49.925  18.717 0.0000000000
91939  32.323  49.966  17.903 0.0000000000
91940  31.568  49.876  17.118 0.0000000000
91951  30.771  49.785  16.481 0.0000000000
91952  29.834  49.656  15.948 0.0000000000
91953  29.349  49.190  15.850 0.0000000000
91962  29.441  50.127  15.669 0.0000000000
91963  28.940  49.688  15.586 0.0000000000
91964  27.852  49.656  15.298 0.0000000000
91965  26.826  49.620  14.968 0.0000000000
91966  26.300  49.943  14.923 0.0000000000
91967  24.166  49.373  15.154 0.0000000000
91968  23.368  49.689  15.665 0.0000000000
91969  23.011  49.837  15.976 0.0000000000
91977  26.507  49.160  14.745 0.0000000000
91978  26.026  49.417  14.709 0.0000000000
91979  25.193  49.191  14.635 0.0000000000
91980  24.701  49.142  14.790 0.0000000000
92421  33.825  50.618  18.760 0.0000000000
92431  33.258  50.879  17.948 0.0000000000
92432  32.185  50.912  17.348 0.0000000000
92442  31.257  50.846  16.719 0.0000000000
92443  30.259  50.793  16.221 0.0000000000
92444  29.629  51.085  15.983 0.0000000000
92454  29.690  50.466  15.838 0.0000000000
92455  29.148  50.778  15.680 0.0000000000
92456  28.272  50.730  15.474 0.0000000000
92457  27.296  50.674  15.332 0.0000000000
92458  26.365  50.615  15.202 0.0000000000
92459  25.532  50.712  15.158 0.0000000000
92460  24.624  50.453  15.139 0.0000000000
92461  23.708  50.414  15.453 0.0000000000
92462  23.077  50.432  15.992 0.0000000000
92470  25.923  50.124  14.939 0.0000000000
92471  25.343  49.911  14.872 0.0000000000
92472  24.792  49.597  14.882 0.0000000000
92877  33.402  51.757  17.504 0.0000000000
92878  32.778  51.973  17.420 0.0000000000
92888  31.765  51.978  17.066 0.0000000000
92889  30.758  51.945  16.610 0.0000000000
92890  29.768  51.948  16.288 0.0000000000
92891  29.075  52.216  16.166 0.0000000000
92901  29.238  51.563  15.996 0.0000000000
92902  28.571  51.787  15.851 0.0000000000
92903  27.675  51.715  15.548 0.0000000000
92904  26.758  51.630  15.365 0.0000000000
92905  25.888  51.568  15.274 0.0000000000
92906  25.019  51.571  15.314 0.0000000000
92907  24.004  51.536  15.635 0.0000000000
92908  23.426  50.996  15.803 0.0000000000
93293  33.443  52.687  17.555 0.0000000000
93294  32.944  53.004  18.004 0.0000000000
93295  32.203  53.136  17.496 0.0000000000
93305  33.855  52.867  16.988 0.0000000000
93306  31.301  53.127  16.849 0.0000000000
93307  30.287  53.089  16.470 0.0000000000
93308  29.366  52.973  16.227 0.0000000000
93309  28.667  52.733  16.011 0.0000000000
93323  28.094  52.596  15.635 0.0000000000
93324  27.201  52.598  15.158 0.0000000000
93325  26.189  52.300  15.062 0.0000000000
93326  25.414  52.373  15.180 0.0000000000
93327  24.629  52.675  15.466 0.0000000000
93770  33.310  54.081  18.133 0.0000000000
93771  32.379  54.163  18.117 0.0000000000
93772  31.566  54.231  17.453 0.0000000000
93781  34.173  53.653  16.621 0.0000000000
93782  33.741  53.599  17.416 0.0000000000
93783  30.862  54.229  16.664 0.0000000000
93784  29.991  54.116  16.039 0.0000000000
93785  28.963  53.379  15.751 0.0000000000
93786  28.423  53.062  15.712 0.0000000000
93797  35.350  53.448  15.322 0.0000000000
93798  34.730  53.297  15.941 0.0000000000
93799  30.108  54.398  15.584 0.0000000000
93800  29.442  53.972  15.172 0.0000000000
93801  28.184  53.291  15.219 0.0000000000
93802  27.559  53.045  14.887 0.0000000000
93811  36.551  53.146  14.187 0.0000000000
93812  36.009  53.090  14.758 0.0000000000
93813  30.477  54.245  13.873 0.0000000000
93814  29.877  54.047  14.168 0.0000000000
93815  28.750  53.392  14.053 0.0000000000
93816  27.860  53.143  14.537 0.0000000000
93827  37.469  53.665  13.104 0.0000000000
93828  37.282  53.145  13.429 0.0000000000
93829  30.360  54.116  13.289 0.0000000000
93830  29.641  53.722  13.217 0.0000000000
93842  37.912  53.291  12.664 0.0000000000
93843  37.750  52.571  12.788 0.0000000000
94235  33.310  55.043  17.882 0.0000000000
94236  32.653  55.099  18.104 0.0000000000
94237  31.816  55.186  17.762 0.0000000000
94246  34.205  54.280  16.588 0.0000000000
94247  33.836  54.616  17.158 0.0000000000
94248  31.139  55.235  17.125 0.0000000000
94249  30.785  55.166  16.438 0.0000000000
94257  35.237  54.093  15.276 0.0000000000
94258  34.641  54.467  15.925 0.0000000000
94259  34.030  55.138  16.600 0.0000000000
94260  31.271  55.738  15.668 0.0000000000
94261  30.682  55.173  15.734 0.0000000000
94262  30.163  54.470  15.229 0.0000000000
94269  36.652  53.761  13.906 0.0000000000
94270  35.764  54.321  14.681 0.0000000000
94271  35.103  54.975  15.352 0.0000000000
94272  32.363  55.468  14.689 0.0000000000
94273  31.680  55.301  14.949 0.0000000000
94274  30.698  54.550  14.542 0.0000000000
94275  29.980  54.306  14.819 0.0000000000
94284  37.575  53.890  12.898 0.0000000000
94285  36.958  54.514  13.389 0.0000000000
94286  36.147  55.027  14.150 0.0000000000
94287  33.396  55.472  13.784 0.0000000000
94288  32.684  55.336  14.007 0.0000000000
94289  31.754  54.843  13.776 0.0000000000
94290  31.010  54.411  13.463 0.0000000000
94302  37.874  54.226  12.411 0.0000000000
94303  37.673  55.391  12.325 0.0000000000
94716  33.419  55.276  17.481 0.0000000000
94717  32.934  55.713  17.553 0.0000000000
94718  32.148  55.827  17.561 0.0000000000
94726  33.538  55.505  17.010 0.0000000000
94727  32.967  56.146  16.866 0.0000000000
94728  31.469  56.028  17.226 0.0000000000
94729  30.940  55.864  16.790 0.0000000000
94738  34.691  55.213  15.595 0.0000000000
94739  33.913  55.580  16.076 0.0000000000
94740  32.648  56.170  16.215 0.0000000000
94741  31.465  56.187  16.318 0.0000000000
94742  30.866  55.730  16.385 0.0000000000
94752  35.744  55.213  14.459 0.0000000000
94753  34.950  55.390  14.962 0.0000000000
94754  33.638  55.691  15.220 0.0000000000
94755  32.418  55.762  15.254 0.0000000000
94756  31.639  55.814  15.580 0.0000000000
94766  36.835  55.756  12.864 0.0000000000
94767  35.798  55.567  13.751 0.0000000000
94768  34.426  55.573  14.203 0.0000000000
94769  33.329  55.565  14.395 0.0000000000
94770  32.699  55.520  14.578 0.0000000000
94783  33.915  55.531  13.704 0.0000000000
95209  32.304  56.269  17.213 0.0000000000
95210  31.888  56.241  17.259 0.0000000000
95219  32.218  56.460  16.812 0.0000000000
95220  31.787  56.485  17.026 0.0000000000
95228  31.991  56.445  16.593 0.0000000000
95229  31.792  56.466  16.755 0.0000000000
