#!ascii label  , from subject FREESURFER vox2ras=TkReg 
195
90723  18.724  47.081  17.561 0.0000000000
90737  18.964  47.723  17.407 0.0000000000
90738  18.336  47.388  16.677 0.0000000000
91346  19.330  48.434  17.808 0.0000000000
91359  19.276  48.359  16.713 0.0000000000
91360  18.883  48.085  16.016 0.0000000000
91374  19.359  48.669  15.752 0.0000000000
91375  18.805  48.357  15.348 0.0000000000
91389  19.172  48.931  15.118 0.0000000000
91932  19.321  49.531  18.328 0.0000000000
91943  19.645  49.363  17.257 0.0000000000
91955  19.719  49.317  16.250 0.0000000000
91970  19.518  49.465  15.438 0.0000000000
91981  19.068  49.619  14.768 0.0000000000
92423  19.246  50.848  18.811 0.0000000000
92435  19.605  50.502  17.797 0.0000000000
92446  19.776  50.288  16.722 0.0000000000
92463  19.745  50.098  15.879 0.0000000000
92473  19.490  50.362  15.185 0.0000000000
92474  18.996  50.526  14.395 0.0000000000
92870  19.591  52.187  19.340 0.0000000000
92879  22.297  51.412  17.048 0.0000000000
92880  21.699  51.782  17.882 0.0000000000
92881  19.551  51.669  18.459 0.0000000000
92892  23.682  52.084  16.025 0.0000000000
92893  23.028  51.645  16.297 0.0000000000
92894  19.667  51.412  17.316 0.0000000000
92909  19.661  51.182  16.037 0.0000000000
92916  19.388  51.401  14.933 0.0000000000
92917  18.909  51.527  14.061 0.0000000000
93284  21.055  52.705  18.787 0.0000000000
93285  20.245  52.804  19.672 0.0000000000
93286  19.628  52.589  19.257 0.0000000000
93296  22.219  52.181  17.059 0.0000000000
93297  21.656  52.681  17.665 0.0000000000
93298  19.625  52.503  18.173 0.0000000000
93310  24.123  53.071  15.847 0.0000000000
93311  23.539  52.769  16.185 0.0000000000
93312  22.690  52.753  16.621 0.0000000000
93313  22.088  52.859  17.069 0.0000000000
93314  19.580  52.410  16.851 0.0000000000
93328  24.028  52.427  15.856 0.0000000000
93329  19.485  52.401  15.648 0.0000000000
93342  19.185  52.480  14.646 0.0000000000
93343  18.648  52.584  13.859 0.0000000000
93758  19.416  53.770  20.103 0.0000000000
93759  19.074  53.924  20.003 0.0000000000
93763  20.663  53.467  19.118 0.0000000000
93764  19.874  53.082  20.055 0.0000000000
93765  19.339  53.500  19.285 0.0000000000
93773  22.932  54.045  17.446 0.0000000000
93774  22.035  53.801  17.689 0.0000000000
93775  21.419  53.316  18.145 0.0000000000
93776  19.415  53.528  17.734 0.0000000000
93787  24.101  53.726  16.343 0.0000000000
93788  23.273  53.518  16.782 0.0000000000
93789  22.440  53.388  17.101 0.0000000000
93790  21.851  53.228  17.444 0.0000000000
93791  19.402  53.482  16.392 0.0000000000
93803  24.429  53.628  15.659 0.0000000000
93804  19.265  53.477  15.309 0.0000000000
93819  18.841  53.507  14.494 0.0000000000
93820  18.359  53.616  13.832 0.0000000000
94220  20.562  55.098  19.743 0.0000000000
94221  19.964  54.522  20.216 0.0000000000
94222  18.999  54.314  20.554 0.0000000000
94223  18.659  54.794  20.360 0.0000000000
94227  22.112  55.184  18.549 0.0000000000
94228  21.097  54.684  19.081 0.0000000000
94229  20.200  53.834  19.817 0.0000000000
94230  18.858  54.279  19.828 0.0000000000
94231  18.526  54.980  19.644 0.0000000000
94238  23.213  54.707  17.646 0.0000000000
94239  22.387  54.637  18.099 0.0000000000
94240  21.488  53.986  18.392 0.0000000000
94241  18.776  54.606  18.631 0.0000000000
94242  18.486  55.201  19.076 0.0000000000
94250  24.278  54.518  16.436 0.0000000000
94251  23.829  54.418  17.094 0.0000000000
94252  19.078  54.555  17.117 0.0000000000
94263  24.494  54.319  15.964 0.0000000000
94264  19.202  54.485  15.942 0.0000000000
94278  18.957  54.456  15.072 0.0000000000
94279  18.539  54.471  14.406 0.0000000000
94695  19.870  56.129  20.541 0.0000000000
94696  19.451  55.904  20.751 0.0000000000
94697  18.916  55.540  21.091 0.0000000000
94702  21.093  55.603  19.477 0.0000000000
94703  20.237  55.780  20.209 0.0000000000
94704  19.287  55.074  20.810 0.0000000000
94705  18.657  55.158  20.909 0.0000000000
94709  23.296  55.778  17.936 0.0000000000
94710  22.914  55.576  18.269 0.0000000000
94711  22.022  55.824  18.951 0.0000000000
94712  18.372  55.413  20.338 0.0000000000
94719  23.498  55.442  17.562 0.0000000000
94720  23.089  55.061  17.936 0.0000000000
94721  18.473  55.502  18.685 0.0000000000
94722  18.339  55.706  19.459 0.0000000000
94730  24.401  54.786  16.155 0.0000000000
94731  24.113  55.353  16.439 0.0000000000
94732  18.593  55.548  17.756 0.0000000000
94743  24.455  54.947  15.716 0.0000000000
94744  24.183  55.726  15.388 0.0000000000
94745  18.888  55.578  16.468 0.0000000000
94746  18.870  55.926  15.698 0.0000000000
94759  18.992  55.221  15.575 0.0000000000
94760  18.692  55.549  14.943 0.0000000000
94761  18.290  55.885  14.465 0.0000000000
94773  18.304  55.195  14.301 0.0000000000
95179  21.215  57.088  20.422 0.0000000000
95180  20.145  56.774  20.673 0.0000000000
95181  19.051  56.530  21.100 0.0000000000
95182  18.698  55.693  21.061 0.0000000000
95190  22.629  56.894  19.367 0.0000000000
95191  21.652  56.670  19.663 0.0000000000
95192  20.766  56.630  20.140 0.0000000000
95193  18.810  56.867  20.701 0.0000000000
95194  18.478  55.897  20.879 0.0000000000
95200  23.295  56.401  17.951 0.0000000000
95201  22.861  56.580  18.779 0.0000000000
95202  22.322  56.488  19.153 0.0000000000
95203  18.693  56.774  19.916 0.0000000000
95204  18.279  56.152  20.205 0.0000000000
95211  23.556  56.436  16.959 0.0000000000
95212  18.585  56.413  18.752 0.0000000000
95213  18.388  56.256  19.575 0.0000000000
95221  23.832  56.548  15.918 0.0000000000
95222  18.777  56.552  17.305 0.0000000000
95231  19.049  56.606  16.212 0.0000000000
95232  18.777  56.598  15.466 0.0000000000
95239  18.507  56.560  14.871 0.0000000000
95590  20.722  58.488  21.873 0.0000000000
95591  19.796  58.727  22.014 0.0000000000
95592  19.123  58.944  22.188 0.0000000000
95597  23.477  58.175  20.583 0.0000000000
95598  22.769  57.968  21.059 0.0000000000
95599  21.404  57.843  21.319 0.0000000000
95600  19.943  57.765  21.556 0.0000000000
95601  18.913  58.185  21.629 0.0000000000
95607  23.690  57.923  19.780 0.0000000000
95608  22.915  57.373  20.105 0.0000000000
95609  22.056  57.388  20.515 0.0000000000
95610  19.064  58.316  20.113 0.0000000000
95611  18.725  57.997  20.601 0.0000000000
95616  23.567  57.566  18.695 0.0000000000
95617  23.221  57.219  19.361 0.0000000000
95618  20.587  58.291  18.460 0.0000000000
95619  19.880  57.979  19.207 0.0000000000
95620  19.095  57.382  19.514 0.0000000000
95625  23.461  57.550  17.519 0.0000000000
95627  20.172  57.733  17.806 0.0000000000
95628  19.228  57.265  18.190 0.0000000000
95633  23.509  57.543  16.445 0.0000000000
95636  19.579  57.223  16.914 0.0000000000
96039  22.974  59.683  21.847 0.0000000000
96040  22.237  59.582  22.003 0.0000000000
96041  20.982  59.332  21.974 0.0000000000
96042  19.626  59.383  22.069 0.0000000000
96043  18.705  59.285  22.074 0.0000000000
96048  23.395  59.109  21.260 0.0000000000
96049  22.495  58.746  21.744 0.0000000000
96050  21.607  58.746  22.002 0.0000000000
96051  18.732  59.459  20.970 0.0000000000
96052  18.463  59.154  21.383 0.0000000000
96057  23.802  59.027  20.289 0.0000000000
96058  19.355  59.102  20.174 0.0000000000
96059  18.622  58.920  20.645 0.0000000000
96064  23.963  58.858  19.233 0.0000000000
96066  20.243  58.993  19.130 0.0000000000
96072  23.924  58.692  18.077 0.0000000000
96514  22.957  60.542  22.127 0.0000000000
96515  22.139  60.293  21.890 0.0000000000
96516  20.891  60.006  21.522 0.0000000000
96517  19.096  59.870  21.849 0.0000000000
96518  18.507  59.609  21.798 0.0000000000
96523  23.333  60.370  21.635 0.0000000000
96524  21.086  60.310  20.626 0.0000000000
96525  19.569  59.861  20.984 0.0000000000
96526  18.699  59.640  21.480 0.0000000000
96530  23.680  60.162  20.837 0.0000000000
96531  21.309  60.282  19.515 0.0000000000
96532  20.363  59.687  19.935 0.0000000000
96537  24.016  60.105  19.754 0.0000000000
96539  20.825  59.589  19.007 0.0000000000
96982  23.146  61.001  22.289 0.0000000000
96983  22.879  61.029  22.174 0.0000000000
96984  22.319  60.822  21.767 0.0000000000
96989  23.264  61.056  22.062 0.0000000000
96990  22.930  61.403  21.775 0.0000000000
96991  22.146  60.931  21.234 0.0000000000
96995  23.512  61.105  21.395 0.0000000000
96996  23.006  61.498  20.881 0.0000000000
96997  22.178  60.979  20.225 0.0000000000
97002  23.628  61.029  20.318 0.0000000000
