#!ascii label  , from subject FREESURFER vox2ras=TkReg 
296
28742  20.107  -30.914  30.806 0.0000000000
29598  20.563  -30.765  30.135 0.0000000000
29599  19.784  -30.423  30.442 0.0000000000
29613  21.282  -30.355  29.415 0.0000000000
29614  20.204  -30.305  29.554 0.0000000000
29615  19.691  -30.103  29.965 0.0000000000
29633  20.753  -30.162  29.000 0.0000000000
29634  20.341  -30.098  29.111 0.0000000000
30398  19.384  -30.111  30.982 0.0000000000
30399  19.070  -29.604  31.073 0.0000000000
30417  19.408  -29.864  30.388 0.0000000000
30418  19.080  -29.281  30.308 0.0000000000
30439  20.077  -30.035  29.190 0.0000000000
30440  19.597  -29.711  29.499 0.0000000000
30441  19.123  -29.110  29.646 0.0000000000
30460  21.598  -29.630  28.604 0.0000000000
30461  20.377  -29.774  28.696 0.0000000000
30462  19.688  -29.370  28.672 0.0000000000
30477  21.034  -29.226  27.932 0.0000000000
30478  20.128  -29.202  28.057 0.0000000000
30479  19.660  -29.057  28.246 0.0000000000
31182  18.773  -28.647  30.009 0.0000000000
31202  19.296  -29.197  29.118 0.0000000000
31203  18.925  -28.762  29.171 0.0000000000
31226  19.303  -28.938  28.557 0.0000000000
31227  18.867  -28.453  28.430 0.0000000000
31245  21.532  -28.437  27.543 0.0000000000
31246  20.578  -28.648  27.480 0.0000000000
31247  19.557  -28.623  27.778 0.0000000000
31248  18.907  -28.099  27.784 0.0000000000
31934  18.304  -28.000  30.438 0.0000000000
31950  18.454  -28.081  29.240 0.0000000000
31951  17.911  -27.398  29.722 0.0000000000
31976  18.467  -27.853  28.241 0.0000000000
31977  18.026  -27.431  28.653 0.0000000000
32000  21.104  -27.963  26.986 0.0000000000
32001  20.070  -28.111  27.005 0.0000000000
32002  19.283  -27.872  27.268 0.0000000000
32003  18.577  -27.448  27.461 0.0000000000
32004  18.190  -27.430  27.996 0.0000000000
32022  22.044  -26.913  26.743 0.0000000000
32023  21.457  -27.243  26.637 0.0000000000
32024  20.491  -27.481  26.551 0.0000000000
32025  19.549  -27.497  26.710 0.0000000000
32026  19.006  -27.443  26.978 0.0000000000
32644  17.303  -26.838  30.142 0.0000000000
32645  16.693  -26.355  29.571 0.0000000000
32665  17.397  -26.905  29.035 0.0000000000
32666  16.821  -26.312  28.435 0.0000000000
32691  18.332  -27.084  27.237 0.0000000000
32692  17.798  -26.898  27.689 0.0000000000
32693  16.919  -26.063  27.390 0.0000000000
32717  22.563  -26.329  26.738 0.0000000000
32718  21.802  -26.645  26.296 0.0000000000
32719  20.913  -26.867  26.138 0.0000000000
32720  19.883  -26.997  26.135 0.0000000000
32721  18.653  -26.888  26.591 0.0000000000
32722  17.604  -26.160  26.576 0.0000000000
32723  16.867  -25.690  26.689 0.0000000000
32741  22.285  -26.084  25.943 0.0000000000
32742  21.425  -26.325  25.697 0.0000000000
32743  20.431  -26.405  25.646 0.0000000000
32744  19.399  -26.391  25.721 0.0000000000
32745  18.591  -26.193  25.825 0.0000000000
32746  18.163  -26.222  26.121 0.0000000000
33342  15.515  -24.887  31.420 0.0000000000
33351  16.010  -25.822  30.147 0.0000000000
33352  15.560  -25.125  30.599 0.0000000000
33361  16.179  -25.707  29.024 0.0000000000
33362  15.579  -25.134  29.553 0.0000000000
33376  16.282  -25.618  27.970 0.0000000000
33377  15.669  -25.070  28.471 0.0000000000
33398  16.375  -25.444  27.095 0.0000000000
33399  15.853  -25.025  27.448 0.0000000000
33421  23.300  -25.506  26.637 0.0000000000
33422  22.731  -25.750  26.283 0.0000000000
33423  17.126  -25.557  26.149 0.0000000000
33424  16.445  -25.059  26.329 0.0000000000
33425  16.066  -25.017  26.839 0.0000000000
33449  22.767  -25.339  25.671 0.0000000000
33450  21.995  -25.835  25.254 0.0000000000
33451  21.010  -25.885  25.163 0.0000000000
33452  19.989  -25.824  25.212 0.0000000000
33453  18.983  -25.746  25.273 0.0000000000
33454  17.865  -25.581  25.551 0.0000000000
33455  16.987  -25.103  25.732 0.0000000000
33475  22.364  -25.354  24.967 0.0000000000
33476  21.600  -25.404  24.721 0.0000000000
33477  20.570  -25.369  24.663 0.0000000000
33478  19.556  -25.255  24.714 0.0000000000
33479  18.604  -25.081  24.769 0.0000000000
33480  17.884  -24.800  24.852 0.0000000000
34118  15.340  -23.946  32.497 0.0000000000
34128  15.280  -24.198  31.690 0.0000000000
34129  15.084  -24.006  31.145 0.0000000000
34139  15.245  -24.482  30.908 0.0000000000
34140  14.957  -24.020  30.534 0.0000000000
34149  15.193  -24.541  30.063 0.0000000000
34150  14.861  -23.981  29.757 0.0000000000
34157  15.127  -24.374  29.050 0.0000000000
34158  14.870  -23.774  29.190 0.0000000000
34170  15.332  -24.349  27.869 0.0000000000
34190  16.216  -24.606  26.168 0.0000000000
34191  15.801  -24.374  26.596 0.0000000000
34216  23.100  -24.936  25.047 0.0000000000
34217  22.729  -25.140  25.012 0.0000000000
34218  17.269  -24.723  25.237 0.0000000000
34219  16.463  -24.331  25.630 0.0000000000
34220  15.908  -23.718  25.918 0.0000000000
34246  22.346  -24.901  24.400 0.0000000000
34247  21.150  -24.922  24.140 0.0000000000
34248  20.083  -24.818  24.166 0.0000000000
34249  19.155  -24.649  24.236 0.0000000000
34250  18.340  -24.224  24.231 0.0000000000
34251  17.498  -24.207  24.661 0.0000000000
34252  16.984  -24.243  25.021 0.0000000000
34275  22.648  -24.251  23.665 0.0000000000
34276  21.652  -24.350  23.645 0.0000000000
34277  20.566  -24.379  23.587 0.0000000000
34278  19.536  -24.272  23.694 0.0000000000
34279  18.912  -24.187  23.889 0.0000000000
34907  15.337  -23.217  33.090 0.0000000000
34913  15.162  -23.382  31.983 0.0000000000
34914  15.063  -23.115  31.544 0.0000000000
34921  15.131  -23.771  31.475 0.0000000000
34922  15.015  -23.440  31.087 0.0000000000
34933  14.886  -23.462  30.202 0.0000000000
34942  14.846  -23.473  29.533 0.0000000000
34950  15.005  -23.472  28.568 0.0000000000
34951  14.870  -23.475  29.113 0.0000000000
34960  15.309  -23.450  27.326 0.0000000000
34970  15.647  -23.310  26.378 0.0000000000
34986  16.213  -23.221  25.381 0.0000000000
34987  15.852  -23.199  25.863 0.0000000000
35010  18.280  -23.753  23.939 0.0000000000
35011  17.812  -23.536  24.069 0.0000000000
35012  16.892  -23.577  24.716 0.0000000000
35039  22.096  -23.766  23.088 0.0000000000
35040  21.052  -23.838  23.042 0.0000000000
35041  19.964  -23.764  23.119 0.0000000000
35042  18.736  -23.498  23.510 0.0000000000
35043  17.960  -22.867  23.595 0.0000000000
35064  22.652  -23.225  22.433 0.0000000000
35065  21.538  -23.218  22.559 0.0000000000
35066  20.522  -23.218  22.578 0.0000000000
35067  19.570  -23.006  22.721 0.0000000000
35068  18.899  -22.668  22.860 0.0000000000
35083  22.696  -22.618  21.816 0.0000000000
35738  15.334  -22.423  32.624 0.0000000000
35739  15.126  -22.797  31.833 0.0000000000
35750  15.249  -22.238  31.736 0.0000000000
35751  15.069  -22.788  31.273 0.0000000000
35760  15.220  -22.247  30.914 0.0000000000
35761  14.993  -22.865  30.543 0.0000000000
35769  15.207  -22.340  30.050 0.0000000000
35770  14.931  -22.960  29.760 0.0000000000
35780  15.165  -22.560  29.080 0.0000000000
35781  14.913  -23.177  29.198 0.0000000000
35792  15.302  -22.544  27.957 0.0000000000
35803  15.555  -22.527  26.890 0.0000000000
35816  16.345  -22.386  25.204 0.0000000000
35817  15.913  -22.486  25.919 0.0000000000
35836  17.262  -22.511  24.050 0.0000000000
35837  16.624  -22.720  24.739 0.0000000000
35860  18.368  -22.546  23.186 0.0000000000
35861  17.875  -22.166  23.372 0.0000000000
35883  21.933  -22.646  22.015 0.0000000000
35884  21.000  -22.645  22.120 0.0000000000
35885  20.130  -22.542  22.225 0.0000000000
35886  19.376  -22.124  22.293 0.0000000000
35887  18.607  -22.071  22.700 0.0000000000
35888  18.223  -22.050  23.030 0.0000000000
35910  22.297  -22.078  21.503 0.0000000000
35911  21.413  -22.057  21.640 0.0000000000
35912  20.511  -22.040  21.809 0.0000000000
35913  19.919  -22.059  21.965 0.0000000000
36569  15.825  -21.480  33.416 0.0000000000
36580  15.613  -21.607  32.359 0.0000000000
36593  15.563  -21.639  31.429 0.0000000000
36605  15.555  -21.703  30.509 0.0000000000
36612  15.546  -21.769  29.561 0.0000000000
36619  15.590  -21.772  28.566 0.0000000000
36627  16.244  -21.201  26.829 0.0000000000
36628  15.811  -21.612  27.484 0.0000000000
36635  16.287  -21.312  26.154 0.0000000000
36636  15.919  -21.808  26.517 0.0000000000
36646  16.371  -21.647  25.471 0.0000000000
36647  16.086  -21.808  25.996 0.0000000000
36662  17.122  -21.735  24.031 0.0000000000
36663  16.739  -21.840  24.583 0.0000000000
36682  17.501  -21.608  23.583 0.0000000000
36698  19.333  -21.686  22.036 0.0000000000
36699  18.917  -21.496  22.168 0.0000000000
36700  18.111  -21.449  22.842 0.0000000000
36727  21.846  -21.370  21.196 0.0000000000
36728  20.915  -21.381  21.382 0.0000000000
36729  19.761  -21.411  21.684 0.0000000000
36730  19.059  -20.843  21.757 0.0000000000
37501  16.663  -20.306  32.861 0.0000000000
37502  16.097  -20.979  32.913 0.0000000000
37513  19.260  -20.445  31.051 0.0000000000
37514  18.610  -20.307  31.046 0.0000000000
37515  17.235  -20.442  31.292 0.0000000000
37516  16.628  -20.672  31.688 0.0000000000
37517  16.070  -21.050  32.049 0.0000000000
37530  19.721  -20.379  30.044 0.0000000000
37531  18.395  -20.375  30.376 0.0000000000
37532  17.371  -20.530  30.409 0.0000000000
37533  16.656  -20.821  30.710 0.0000000000
37534  16.042  -21.160  31.070 0.0000000000
37545  19.467  -20.117  29.234 0.0000000000
37546  18.622  -20.226  29.059 0.0000000000
37547  17.552  -20.475  29.420 0.0000000000
37548  16.713  -20.830  29.740 0.0000000000
37549  16.052  -21.224  30.109 0.0000000000
37556  18.223  -20.076  28.390 0.0000000000
37557  17.613  -20.284  28.294 0.0000000000
37558  16.753  -20.737  28.728 0.0000000000
37559  16.072  -21.215  29.148 0.0000000000
37568  17.354  -20.287  27.671 0.0000000000
37569  16.719  -20.660  27.553 0.0000000000
37570  16.148  -21.184  28.280 0.0000000000
37579  16.648  -20.681  26.505 0.0000000000
37587  16.628  -20.797  25.690 0.0000000000
37597  17.169  -21.014  24.021 0.0000000000
37598  16.808  -20.930  24.886 0.0000000000
37615  17.651  -20.827  23.258 0.0000000000
37631  18.513  -20.737  22.228 0.0000000000
37632  18.041  -20.601  22.698 0.0000000000
37649  21.373  -20.865  21.013 0.0000000000
37650  20.601  -20.469  21.026 0.0000000000
37651  19.577  -20.291  21.414 0.0000000000
37652  18.866  -20.155  21.804 0.0000000000
38442  17.798  -19.990  31.796 0.0000000000
38443  17.177  -20.215  32.136 0.0000000000
38453  18.233  -20.211  31.163 0.0000000000
38454  17.800  -20.327  31.003 0.0000000000
38466  20.157  -19.878  29.115 0.0000000000
38467  19.344  -19.883  28.721 0.0000000000
38476  20.780  -19.254  28.604 0.0000000000
38477  19.799  -19.312  28.048 0.0000000000
38478  18.650  -19.763  28.151 0.0000000000
38479  18.067  -20.013  28.074 0.0000000000
38489  19.593  -18.959  27.378 0.0000000000
38490  18.828  -19.157  27.177 0.0000000000
38491  17.822  -19.881  27.506 0.0000000000
38492  17.277  -20.267  27.386 0.0000000000
38500  18.541  -18.997  26.475 0.0000000000
38501  17.846  -19.399  26.371 0.0000000000
38502  17.224  -20.179  26.870 0.0000000000
38509  17.446  -19.639  25.345 0.0000000000
38510  17.032  -20.092  26.000 0.0000000000
38517  17.318  -20.102  24.492 0.0000000000
38518  17.010  -20.298  25.264 0.0000000000
38530  18.058  -19.539  23.198 0.0000000000
38531  17.582  -20.184  23.615 0.0000000000
38549  18.410  -19.852  22.406 0.0000000000
38550  17.867  -20.177  22.990 0.0000000000
38569  20.149  -19.277  21.028 0.0000000000
38570  19.263  -19.530  21.645 0.0000000000
38571  18.828  -19.694  21.948 0.0000000000
39384  20.657  -18.876  27.963 0.0000000000
39392  20.866  -18.279  27.785 0.0000000000
39393  20.197  -18.554  27.330 0.0000000000
39394  19.498  -18.705  26.998 0.0000000000
39401  19.786  -18.307  26.720 0.0000000000
39402  19.121  -18.565  26.337 0.0000000000
39403  18.433  -18.873  26.034 0.0000000000
39410  18.729  -18.517  25.541 0.0000000000
39411  18.083  -19.008  25.435 0.0000000000
39418  18.466  -18.587  24.745 0.0000000000
39419  17.860  -19.259  24.600 0.0000000000
39425  18.344  -18.816  23.769 0.0000000000
39426  17.778  -19.556  23.910 0.0000000000
39437  19.092  -18.264  22.416 0.0000000000
39438  18.689  -18.779  22.662 0.0000000000
39456  19.400  -18.514  21.833 0.0000000000
39457  18.903  -19.269  22.081 0.0000000000
40416  20.672  -17.593  27.300 0.0000000000
40417  20.218  -17.929  26.799 0.0000000000
40426  20.350  -17.339  26.568 0.0000000000
40427  19.849  -17.757  26.099 0.0000000000
40428  19.300  -18.128  25.663 0.0000000000
40434  19.582  -17.626  25.343 0.0000000000
40435  19.081  -18.065  25.003 0.0000000000
40442  19.455  -17.491  24.576 0.0000000000
40443  18.903  -18.029  24.149 0.0000000000
40451  19.436  -17.343  23.615 0.0000000000
40452  18.860  -18.066  23.213 0.0000000000
40460  19.378  -17.635  22.553 0.0000000000
40461  18.970  -18.164  22.693 0.0000000000
41508  20.588  -16.646  26.802 0.0000000000
41521  20.277  -16.750  25.771 0.0000000000
41522  19.934  -17.312  25.571 0.0000000000
41533  19.882  -17.062  25.053 0.0000000000
41542  19.838  -16.857  24.256 0.0000000000
