#!ascii label  , from subject FREESURFER vox2ras=TkReg 
215
97658  11.266  61.779  -3.965 0.0000000000
97674  11.628  61.837  -4.616 0.0000000000
97692  11.626  61.603  -6.331 0.0000000000
97707  11.343  61.393  -6.964 0.0000000000
97708  10.701  61.865  -7.156 0.0000000000
97711  10.743  60.868  -8.047 0.0000000000
97712  10.320  61.669  -7.760 0.0000000000
97716  10.794  60.593  -8.875 0.0000000000
97717  9.509  61.425  -9.184 0.0000000000
97718  8.599  61.584  -10.143 0.0000000000
97726  9.926  61.121  -10.131 0.0000000000
97727  8.882  61.253  -10.476 0.0000000000
97734  9.512  61.328  -10.888 0.0000000000
97735  9.233  61.181  -10.802 0.0000000000
98075  10.923  62.070  -4.810 0.0000000000
98076  10.237  62.131  -4.728 0.0000000000
98077  9.394  62.129  -4.696 0.0000000000
98085  11.726  61.771  -5.767 0.0000000000
98086  11.124  62.016  -5.428 0.0000000000
98087  10.182  62.347  -5.455 0.0000000000
98088  9.305  62.679  -5.509 0.0000000000
98099  11.713  61.696  -6.096 0.0000000000
98100  11.076  61.916  -6.301 0.0000000000
98101  9.996  62.608  -6.207 0.0000000000
98102  9.693  62.693  -5.838 0.0000000000
98118  10.850  61.917  -6.858 0.0000000000
98119  10.187  62.363  -7.115 0.0000000000
98122  9.585  62.350  -8.270 0.0000000000
98125  9.043  62.427  -9.194 0.0000000000
98126  8.444  62.148  -9.942 0.0000000000
98135  10.627  61.358  -10.120 0.0000000000
98136  7.845  61.899  -10.998 0.0000000000
98137  7.288  62.451  -11.818 0.0000000000
98150  10.321  61.933  -10.924 0.0000000000
98151  8.832  61.559  -11.507 0.0000000000
98152  7.718  62.196  -12.271 0.0000000000
98163  9.275  62.409  -11.891 0.0000000000
98164  8.410  62.445  -12.461 0.0000000000
98165  7.891  62.455  -12.915 0.0000000000
98521  9.951  64.139  -5.563 0.0000000000
98522  9.287  63.671  -5.326 0.0000000000
98523  8.389  63.326  -5.300 0.0000000000
98534  9.959  63.799  -6.241 0.0000000000
98535  9.550  63.257  -5.915 0.0000000000
98551  9.924  63.504  -6.959 0.0000000000
98554  9.702  63.369  -7.896 0.0000000000
98557  9.276  63.294  -8.929 0.0000000000
98558  8.531  63.192  -9.784 0.0000000000
98562  7.897  62.963  -10.660 0.0000000000
98563  7.483  62.935  -11.489 0.0000000000
98574  11.428  63.258  -11.032 0.0000000000
98575  10.101  63.183  -11.706 0.0000000000
98576  7.784  63.781  -12.649 0.0000000000
98577  7.373  63.203  -12.353 0.0000000000
98585  8.980  63.206  -12.429 0.0000000000
98586  8.013  63.256  -13.020 0.0000000000
98587  7.605  62.739  -12.780 0.0000000000
98954  9.704  65.143  -4.244 0.0000000000
98955  9.157  64.951  -4.023 0.0000000000
98965  10.419  64.873  -5.219 0.0000000000
98966  9.799  64.661  -4.697 0.0000000000
98967  8.706  64.177  -4.664 0.0000000000
98977  11.109  65.429  -6.191 0.0000000000
98978  10.644  64.841  -5.938 0.0000000000
98992  10.938  65.221  -6.647 0.0000000000
98993  10.378  64.463  -6.775 0.0000000000
98997  10.690  65.080  -7.267 0.0000000000
98998  10.195  64.488  -7.766 0.0000000000
99001  9.634  64.347  -8.790 0.0000000000
99002  8.969  64.287  -9.700 0.0000000000
99006  8.402  64.126  -10.714 0.0000000000
99007  7.805  63.563  -11.334 0.0000000000
99020  12.373  64.331  -10.883 0.0000000000
99021  11.045  64.276  -11.277 0.0000000000
99022  9.561  64.207  -11.853 0.0000000000
99023  8.230  64.211  -11.924 0.0000000000
99024  7.571  63.529  -11.795 0.0000000000
99036  8.549  63.798  -12.500 0.0000000000
99037  8.123  63.918  -12.638 0.0000000000
99389  11.176  66.345  -5.173 0.0000000000
99390  10.563  65.744  -4.750 0.0000000000
99391  10.006  65.287  -4.372 0.0000000000
99398  11.230  65.874  -5.702 0.0000000000
99399  10.732  65.317  -5.392 0.0000000000
99415  11.388  65.913  -6.570 0.0000000000
99425  11.094  65.795  -7.283 0.0000000000
99426  10.557  65.617  -7.958 0.0000000000
99430  9.885  65.470  -8.718 0.0000000000
99431  9.242  65.433  -9.566 0.0000000000
99440  8.861  65.392  -10.341 0.0000000000
99452  13.321  65.297  -10.820 0.0000000000
99453  12.124  65.354  -10.903 0.0000000000
99454  10.739  65.328  -11.140 0.0000000000
99455  9.525  65.322  -11.292 0.0000000000
99456  8.918  65.325  -10.973 0.0000000000
99466  14.979  65.907  -11.343 0.0000000000
99786  11.888  67.580  -5.761 0.0000000000
99787  11.638  67.030  -5.504 0.0000000000
99800  11.903  67.435  -6.038 0.0000000000
99801  11.701  66.865  -6.392 0.0000000000
99812  11.393  66.682  -7.216 0.0000000000
99813  10.770  66.610  -7.887 0.0000000000
99820  9.985  66.564  -8.579 0.0000000000
99821  9.213  66.584  -9.342 0.0000000000
99831  8.702  66.611  -10.070 0.0000000000
99838  13.956  65.911  -10.936 0.0000000000
99839  13.368  66.472  -10.904 0.0000000000
99840  11.851  66.406  -10.852 0.0000000000
99841  10.515  66.404  -10.950 0.0000000000
99842  9.478  66.464  -10.929 0.0000000000
99843  8.920  66.583  -10.616 0.0000000000
99852  15.431  66.412  -11.828 0.0000000000
99853  14.555  66.492  -11.298 0.0000000000
99854  14.169  67.077  -11.222 0.0000000000
100169  12.036  68.008  -5.992 0.0000000000
100170  11.854  67.860  -6.523 0.0000000000
100180  11.577  67.614  -7.141 0.0000000000
100181  11.006  67.549  -7.766 0.0000000000
100189  10.137  67.613  -8.412 0.0000000000
100190  9.143  67.628  -9.002 0.0000000000
100199  8.399  67.839  -9.748 0.0000000000
100200  7.842  68.513  -10.154 0.0000000000
100207  12.765  67.459  -10.840 0.0000000000
100208  11.500  67.390  -10.818 0.0000000000
100209  10.233  67.460  -10.968 0.0000000000
100210  9.118  67.582  -11.012 0.0000000000
100211  8.329  67.918  -10.510 0.0000000000
100212  7.855  68.636  -10.408 0.0000000000
100220  15.094  67.058  -11.737 0.0000000000
100221  14.708  67.634  -11.676 0.0000000000
100222  13.837  67.641  -11.177 0.0000000000
100230  15.340  67.523  -12.435 0.0000000000
100231  15.015  68.024  -12.220 0.0000000000
100523  11.995  68.717  -6.392 0.0000000000
100537  11.690  68.643  -7.153 0.0000000000
100538  11.274  68.259  -7.640 0.0000000000
100550  11.223  68.959  -7.795 0.0000000000
100551  10.512  68.650  -8.216 0.0000000000
100552  9.153  68.782  -8.779 0.0000000000
100553  8.168  69.265  -9.158 0.0000000000
100560  8.422  68.513  -9.258 0.0000000000
100561  7.764  69.002  -9.657 0.0000000000
100568  12.317  68.215  -10.742 0.0000000000
100569  11.225  68.372  -10.755 0.0000000000
100570  9.881  68.491  -10.950 0.0000000000
100571  8.708  68.619  -10.994 0.0000000000
100572  7.953  68.842  -10.628 0.0000000000
100573  7.561  69.121  -10.210 0.0000000000
100580  14.310  68.541  -11.550 0.0000000000
100581  13.397  68.595  -10.982 0.0000000000
100588  15.099  68.384  -12.672 0.0000000000
100589  14.793  68.495  -12.144 0.0000000000
100596  15.381  68.249  -13.330 0.0000000000
100824  11.919  69.606  -6.853 0.0000000000
100839  11.490  69.657  -7.605 0.0000000000
100852  10.746  69.706  -8.176 0.0000000000
100853  9.622  69.800  -8.567 0.0000000000
100854  8.420  69.923  -8.872 0.0000000000
100855  7.646  69.850  -9.313 0.0000000000
100861  7.382  69.716  -9.838 0.0000000000
100868  12.426  69.268  -10.614 0.0000000000
100869  10.891  69.442  -10.546 0.0000000000
100870  9.447  69.484  -10.648 0.0000000000
100871  8.380  69.440  -10.605 0.0000000000
100872  7.771  69.474  -10.353 0.0000000000
100873  7.466  69.665  -10.134 0.0000000000
100881  14.095  69.431  -11.410 0.0000000000
100882  13.484  69.586  -10.959 0.0000000000
100890  14.859  68.959  -12.651 0.0000000000
100891  14.621  69.362  -12.123 0.0000000000
100898  15.073  68.961  -13.255 0.0000000000
100899  14.757  69.572  -12.983 0.0000000000
100906  14.898  69.586  -13.824 0.0000000000
101099  11.658  70.605  -7.316 0.0000000000
101109  10.989  70.578  -7.970 0.0000000000
101118  10.095  70.693  -8.436 0.0000000000
101119  8.882  70.968  -8.803 0.0000000000
101120  8.063  70.524  -9.344 0.0000000000
101121  7.593  70.176  -9.691 0.0000000000
101127  9.910  71.444  -9.887 0.0000000000
101128  8.957  71.145  -9.735 0.0000000000
101129  8.031  70.430  -9.915 0.0000000000
101130  7.519  70.064  -10.052 0.0000000000
101136  13.168  70.339  -10.765 0.0000000000
101137  11.981  70.408  -10.395 0.0000000000
101138  10.309  70.718  -10.192 0.0000000000
101139  8.782  70.249  -10.292 0.0000000000
101140  7.957  69.951  -10.259 0.0000000000
101141  7.623  69.824  -10.214 0.0000000000
101149  14.371  70.165  -11.782 0.0000000000
101150  13.890  70.257  -11.292 0.0000000000
101160  14.515  70.225  -12.536 0.0000000000
101166  14.533  70.287  -13.417 0.0000000000
101350  11.787  71.634  -6.871 0.0000000000
101357  10.893  71.700  -7.742 0.0000000000
101358  10.172  72.296  -7.971 0.0000000000
101368  10.443  71.204  -8.174 0.0000000000
101369  9.614  71.928  -8.486 0.0000000000
101379  9.769  71.862  -9.621 0.0000000000
101380  9.015  72.123  -9.285 0.0000000000
101387  12.838  71.191  -10.616 0.0000000000
101388  11.863  71.522  -10.232 0.0000000000
101389  10.764  71.906  -9.863 0.0000000000
101396  14.109  70.655  -11.604 0.0000000000
101397  13.704  71.254  -11.328 0.0000000000
101405  14.293  70.877  -12.028 0.0000000000
101406  13.987  71.681  -12.305 0.0000000000
101411  14.277  70.990  -12.895 0.0000000000
101412  13.944  71.771  -13.274 0.0000000000
101417  14.226  71.027  -13.814 0.0000000000
101633  13.014  72.400  -10.631 0.0000000000
101634  11.877  72.514  -10.064 0.0000000000
101635  11.163  72.574  -9.795 0.0000000000
101640  13.589  72.460  -11.707 0.0000000000
101646  13.648  72.565  -12.710 0.0000000000
