#!ascii label  , from subject FREESURFER vox2ras=TkReg 
185
84236  4.354  36.091  23.812 0.0000000000
84642  2.999  36.199  25.059 0.0000000000
84643  2.356  36.460  25.280 0.0000000000
84653  3.495  36.151  24.287 0.0000000000
84654  2.604  36.556  24.456 0.0000000000
84655  2.230  36.995  24.688 0.0000000000
84664  4.743  36.433  23.254 0.0000000000
84665  3.654  36.652  23.382 0.0000000000
84666  2.616  36.728  23.683 0.0000000000
84667  2.060  36.950  23.939 0.0000000000
84680  5.109  36.934  22.549 0.0000000000
84681  4.263  36.963  22.866 0.0000000000
84694  5.640  37.060  21.948 0.0000000000
84703  6.527  37.011  20.911 0.0000000000
85083  2.088  37.401  25.026 0.0000000000
85094  1.596  37.579  23.885 0.0000000000
85095  1.082  37.980  23.445 0.0000000000
85106  3.508  37.211  22.802 0.0000000000
85107  2.599  37.119  22.957 0.0000000000
85108  1.697  37.288  23.239 0.0000000000
85109  1.029  37.803  23.157 0.0000000000
85123  5.158  37.774  21.887 0.0000000000
85124  4.172  37.701  22.419 0.0000000000
85125  2.861  37.763  22.478 0.0000000000
85126  1.752  37.714  22.623 0.0000000000
85127  1.184  37.714  22.830 0.0000000000
85139  6.140  37.749  21.075 0.0000000000
85140  5.738  37.556  21.534 0.0000000000
85148  7.166  37.567  19.868 0.0000000000
85149  6.654  37.624  20.514 0.0000000000
85556  2.177  38.108  25.450 0.0000000000
85566  1.770  38.212  24.553 0.0000000000
85567  1.244  38.348  23.797 0.0000000000
85581  0.859  38.425  23.273 0.0000000000
85593  5.143  38.257  21.692 0.0000000000
85594  4.678  38.529  21.881 0.0000000000
85595  3.411  38.588  22.156 0.0000000000
85596  2.064  38.520  22.234 0.0000000000
85597  0.992  38.502  22.624 0.0000000000
85607  5.969  38.250  21.006 0.0000000000
85608  5.538  38.487  21.330 0.0000000000
85609  4.978  39.253  21.642 0.0000000000
85616  6.855  38.266  20.167 0.0000000000
85617  6.260  38.554  20.671 0.0000000000
85618  5.844  39.266  20.847 0.0000000000
85626  7.261  38.506  19.586 0.0000000000
86041  2.222  38.687  24.926 0.0000000000
86054  2.764  39.785  24.830 0.0000000000
86055  1.815  39.343  24.213 0.0000000000
86056  1.031  38.861  23.600 0.0000000000
86069  1.326  39.985  23.558 0.0000000000
86070  0.832  39.471  23.245 0.0000000000
86082  4.157  39.664  21.997 0.0000000000
86083  2.699  39.497  22.247 0.0000000000
86084  1.523  39.466  22.329 0.0000000000
86085  0.975  39.646  22.648 0.0000000000
86093  5.419  39.779  21.222 0.0000000000
86094  4.895  39.800  21.649 0.0000000000
86106  6.778  39.087  20.029 0.0000000000
86107  6.284  39.754  20.390 0.0000000000
86108  5.855  39.810  20.794 0.0000000000
86120  7.177  39.677  19.335 0.0000000000
86121  6.692  39.763  19.866 0.0000000000
86550  2.745  40.517  24.512 0.0000000000
86551  1.839  40.600  23.817 0.0000000000
86561  1.218  40.609  23.296 0.0000000000
86562  1.015  40.465  22.892 0.0000000000
86571  4.186  40.684  22.018 0.0000000000
86572  3.318  40.519  22.285 0.0000000000
86573  2.152  40.428  22.424 0.0000000000
86574  1.337  40.411  22.590 0.0000000000
86582  5.369  40.682  21.136 0.0000000000
86583  4.841  40.481  21.605 0.0000000000
86598  6.238  40.540  20.295 0.0000000000
86599  5.845  40.453  20.705 0.0000000000
86611  7.136  40.572  19.244 0.0000000000
86612  6.647  40.571  19.771 0.0000000000
87081  2.380  41.546  24.201 0.0000000000
87089  1.665  41.680  23.614 0.0000000000
87090  1.280  41.495  23.109 0.0000000000
87097  3.865  41.480  22.153 0.0000000000
87098  2.815  41.409  22.419 0.0000000000
87099  1.816  41.379  22.601 0.0000000000
87100  1.323  41.214  22.828 0.0000000000
87107  5.048  41.458  21.295 0.0000000000
87108  4.492  41.261  21.748 0.0000000000
87121  6.144  41.385  20.266 0.0000000000
87122  5.576  41.234  20.819 0.0000000000
87136  7.119  41.479  19.171 0.0000000000
87137  6.611  41.447  19.720 0.0000000000
87677  1.914  42.454  24.168 0.0000000000
87678  1.539  42.829  23.919 0.0000000000
87683  1.631  42.411  23.770 0.0000000000
87684  1.506  42.544  23.440 0.0000000000
87691  3.963  41.989  22.053 0.0000000000
87692  3.490  42.257  22.179 0.0000000000
87693  2.423  42.378  22.542 0.0000000000
87694  1.567  42.451  22.888 0.0000000000
87701  4.988  42.135  21.247 0.0000000000
87702  4.371  42.192  21.698 0.0000000000
87703  3.811  43.015  21.888 0.0000000000
87711  6.048  42.261  20.240 0.0000000000
87712  5.485  42.214  20.752 0.0000000000
87725  7.076  42.361  19.090 0.0000000000
87726  6.547  42.356  19.658 0.0000000000
88321  1.758  43.825  24.641 0.0000000000
88327  2.153  42.894  24.563 0.0000000000
88328  1.713  43.294  24.342 0.0000000000
88329  1.423  43.374  23.734 0.0000000000
88335  1.423  43.349  23.264 0.0000000000
88341  3.020  43.253  22.198 0.0000000000
88342  2.127  43.443  22.585 0.0000000000
88343  1.524  43.665  22.913 0.0000000000
88350  4.947  42.700  21.226 0.0000000000
88351  4.408  43.428  21.406 0.0000000000
88352  3.552  43.866  21.711 0.0000000000
88365  5.921  43.081  20.190 0.0000000000
88366  5.190  43.514  20.791 0.0000000000
88367  4.645  44.127  21.028 0.0000000000
88381  7.014  43.153  19.019 0.0000000000
88382  6.393  43.654  19.525 0.0000000000
88985  1.453  44.289  23.971 0.0000000000
88986  1.352  43.789  23.521 0.0000000000
88993  1.500  44.643  23.059 0.0000000000
88994  1.338  44.023  23.232 0.0000000000
89000  2.712  44.415  22.059 0.0000000000
89001  1.815  44.262  22.680 0.0000000000
89002  1.433  44.184  22.926 0.0000000000
89009  4.047  44.533  21.263 0.0000000000
89010  3.406  44.485  21.635 0.0000000000
89024  5.701  44.462  20.011 0.0000000000
89025  4.909  44.548  20.640 0.0000000000
89026  4.509  44.571  20.917 0.0000000000
89040  7.064  44.395  19.075 0.0000000000
89041  6.397  44.477  19.533 0.0000000000
89566  1.826  45.269  24.695 0.0000000000
89570  2.860  45.819  23.096 0.0000000000
89571  2.186  45.549  23.461 0.0000000000
89577  3.874  45.916  22.024 0.0000000000
89578  3.240  45.629  22.468 0.0000000000
89579  2.117  44.997  22.633 0.0000000000
89588  4.793  45.928  21.077 0.0000000000
89589  4.258  45.687  21.468 0.0000000000
89590  3.397  45.019  21.595 0.0000000000
89606  5.871  45.442  20.109 0.0000000000
89607  5.146  45.604  20.632 0.0000000000
89608  4.420  45.015  20.768 0.0000000000
89626  7.464  45.427  19.268 0.0000000000
89627  6.562  45.360  19.707 0.0000000000
90083  2.873  46.791  24.151 0.0000000000
90084  2.291  46.145  24.491 0.0000000000
90090  3.937  46.968  22.905 0.0000000000
90091  3.182  46.302  23.345 0.0000000000
90092  2.635  46.176  23.878 0.0000000000
90099  4.159  46.403  22.207 0.0000000000
90100  3.677  46.301  22.760 0.0000000000
90109  5.031  46.461  21.237 0.0000000000
90110  4.560  46.360  21.682 0.0000000000
90124  6.171  46.272  20.276 0.0000000000
90125  5.557  46.416  20.744 0.0000000000
90144  7.184  46.175  19.612 0.0000000000
90145  6.691  46.119  19.883 0.0000000000
90642  3.016  47.453  24.330 0.0000000000
90643  2.289  47.267  24.987 0.0000000000
90648  4.145  47.652  23.028 0.0000000000
90649  3.606  47.514  23.679 0.0000000000
90658  4.952  47.867  21.869 0.0000000000
90659  4.611  47.648  22.310 0.0000000000
90670  5.135  47.559  21.538 0.0000000000
90671  4.723  46.888  21.806 0.0000000000
90684  6.610  47.330  20.068 0.0000000000
90685  5.816  47.332  20.782 0.0000000000
90697  6.777  46.639  19.836 0.0000000000
91269  3.909  48.920  23.954 0.0000000000
91270  3.192  48.248  24.460 0.0000000000
91280  4.313  48.450  23.195 0.0000000000
91281  3.780  48.293  23.821 0.0000000000
91291  5.142  48.353  21.802 0.0000000000
91292  4.814  48.618  22.402 0.0000000000
91301  5.701  48.300  21.023 0.0000000000
91315  5.917  47.988  20.753 0.0000000000
91865  3.920  49.637  23.936 0.0000000000
91878  4.261  49.469  23.460 0.0000000000
91888  5.085  49.087  22.020 0.0000000000
91889  4.701  49.517  22.542 0.0000000000
