#!ascii label  , from subject FREESURFER vox2ras=TkReg 
226
85168  17.301  37.772  18.571 0.0000000000
85169  16.528  37.713  18.538 0.0000000000
85170  15.657  37.614  18.597 0.0000000000
85635  17.803  38.510  18.256 0.0000000000
85636  16.904  38.526  18.353 0.0000000000
85637  16.021  38.522  18.474 0.0000000000
85638  15.068  38.485  18.673 0.0000000000
85647  18.517  38.960  17.847 0.0000000000
85648  17.864  39.182  17.834 0.0000000000
86118  14.439  39.194  19.180 0.0000000000
86133  17.253  39.205  18.095 0.0000000000
86134  16.423  39.542  18.292 0.0000000000
86135  15.543  39.324  18.607 0.0000000000
86136  15.004  39.194  18.790 0.0000000000
86146  19.096  39.628  17.535 0.0000000000
86147  18.221  39.695  17.505 0.0000000000
86148  17.431  39.748  17.713 0.0000000000
86149  16.942  39.722  17.969 0.0000000000
86595  14.394  40.826  20.176 0.0000000000
86608  15.257  40.710  19.133 0.0000000000
86609  14.740  40.543  19.543 0.0000000000
86620  16.268  40.145  18.273 0.0000000000
86621  15.691  40.441  18.644 0.0000000000
86622  15.062  39.752  18.912 0.0000000000
86634  18.656  40.518  17.207 0.0000000000
86635  17.686  40.445  17.387 0.0000000000
86636  16.679  40.444  17.903 0.0000000000
86637  16.136  41.176  18.218 0.0000000000
86645  18.682  41.276  17.002 0.0000000000
87119  14.467  41.355  20.262 0.0000000000
87134  15.335  41.089  19.178 0.0000000000
87135  14.970  41.517  19.559 0.0000000000
87142  15.610  41.596  18.579 0.0000000000
87143  15.273  41.657  19.102 0.0000000000
87153  18.007  41.196  17.116 0.0000000000
87154  17.211  41.229  17.369 0.0000000000
87155  16.462  41.641  17.637 0.0000000000
87156  15.991  41.669  18.065 0.0000000000
87164  18.322  41.882  16.863 0.0000000000
87165  17.503  41.868  17.066 0.0000000000
87166  16.972  41.807  17.283 0.0000000000
87709  14.440  41.847  20.353 0.0000000000
87710  14.195  42.090  20.753 0.0000000000
87723  14.606  42.011  19.978 0.0000000000
87724  14.276  42.731  19.817 0.0000000000
87731  15.439  42.045  18.428 0.0000000000
87732  14.993  42.306  18.880 0.0000000000
87733  14.250  43.107  18.989 0.0000000000
87742  16.286  42.105  17.475 0.0000000000
87743  15.724  42.232  17.803 0.0000000000
87744  14.952  42.814  17.922 0.0000000000
87753  17.819  42.621  16.771 0.0000000000
87754  16.692  42.452  17.063 0.0000000000
87755  15.867  42.983  17.047 0.0000000000
88348  13.690  42.693  21.326 0.0000000000
88349  13.144  43.409  21.389 0.0000000000
88363  13.734  43.109  20.570 0.0000000000
88364  13.039  43.838  20.368 0.0000000000
88379  13.582  43.577  19.517 0.0000000000
88380  12.911  44.242  19.623 0.0000000000
88387  14.477  43.095  18.299 0.0000000000
88388  13.792  43.768  18.334 0.0000000000
88399  15.282  43.076  17.381 0.0000000000
88400  14.521  43.624  17.439 0.0000000000
88401  13.846  44.266  17.518 0.0000000000
88412  17.404  43.503  16.630 0.0000000000
88413  16.404  43.610  16.660 0.0000000000
88414  15.408  43.797  16.804 0.0000000000
88415  14.726  44.263  16.806 0.0000000000
89007  12.444  44.222  20.974 0.0000000000
89008  11.773  44.705  21.487 0.0000000000
89022  12.438  44.518  20.098 0.0000000000
89023  11.907  44.948  20.523 0.0000000000
89037  13.154  44.394  18.890 0.0000000000
89038  12.484  45.042  19.279 0.0000000000
89039  12.118  45.058  19.918 0.0000000000
89048  13.274  44.851  17.967 0.0000000000
89049  12.878  44.960  18.611 0.0000000000
89060  14.178  44.430  16.980 0.0000000000
89061  13.736  44.901  17.133 0.0000000000
89069  17.029  44.484  16.459 0.0000000000
89070  16.055  44.552  16.397 0.0000000000
89071  15.185  44.722  16.459 0.0000000000
89072  14.480  44.876  16.613 0.0000000000
89073  14.068  44.903  16.783 0.0000000000
89586  11.240  45.164  22.001 0.0000000000
89604  11.306  45.653  20.986 0.0000000000
89605  10.936  46.431  21.114 0.0000000000
89623  12.282  45.956  19.091 0.0000000000
89624  11.875  45.850  19.884 0.0000000000
89635  13.091  45.527  17.845 0.0000000000
89636  12.724  45.678  18.378 0.0000000000
89645  13.430  45.685  17.349 0.0000000000
89646  13.016  46.005  17.769 0.0000000000
89655  16.605  45.391  16.282 0.0000000000
89656  15.712  45.421  16.183 0.0000000000
89657  14.856  45.549  16.300 0.0000000000
89658  14.070  45.538  16.689 0.0000000000
90122  11.265  46.836  20.475 0.0000000000
90141  12.049  46.484  19.280 0.0000000000
90142  11.740  46.899  19.611 0.0000000000
90160  12.359  46.790  18.682 0.0000000000
90161  12.011  46.955  19.157 0.0000000000
90175  13.279  46.736  17.449 0.0000000000
90176  12.806  46.534  18.026 0.0000000000
90189  17.099  46.361  16.244 0.0000000000
90190  16.231  46.169  15.976 0.0000000000
90191  15.384  46.257  15.993 0.0000000000
90192  14.532  46.641  16.320 0.0000000000
90193  13.778  46.409  16.866 0.0000000000
90204  16.640  46.852  15.800 0.0000000000
90205  15.910  46.896  15.733 0.0000000000
90206  15.195  47.039  15.908 0.0000000000
90207  14.818  47.236  16.075 0.0000000000
90681  11.122  47.612  20.384 0.0000000000
90694  11.411  47.644  19.874 0.0000000000
90707  12.370  47.572  18.555 0.0000000000
90708  11.930  47.684  19.083 0.0000000000
90724  13.280  47.520  17.372 0.0000000000
90725  12.813  47.555  17.967 0.0000000000
90740  14.587  47.667  16.217 0.0000000000
90741  13.802  47.550  16.780 0.0000000000
90754  17.480  47.372  15.765 0.0000000000
90755  16.463  47.559  15.483 0.0000000000
90756  15.601  47.681  15.635 0.0000000000
90757  15.033  47.629  15.913 0.0000000000
91326  11.561  48.591  19.612 0.0000000000
91335  12.392  48.308  18.496 0.0000000000
91336  12.056  48.822  19.025 0.0000000000
91347  13.283  48.293  17.322 0.0000000000
91348  12.825  48.791  17.892 0.0000000000
91361  14.319  48.420  16.370 0.0000000000
91362  13.801  48.822  16.762 0.0000000000
91376  18.032  48.206  15.159 0.0000000000
91377  17.095  48.241  15.140 0.0000000000
91378  16.069  48.518  15.225 0.0000000000
91379  15.039  48.558  15.780 0.0000000000
91390  18.552  48.902  14.781 0.0000000000
91391  17.684  48.892  14.622 0.0000000000
91392  16.794  49.073  14.754 0.0000000000
91393  16.148  49.372  14.935 0.0000000000
91933  12.463  49.485  18.530 0.0000000000
91934  12.141  49.426  19.021 0.0000000000
91944  13.385  49.582  17.319 0.0000000000
91945  12.885  49.569  17.924 0.0000000000
91956  14.372  49.527  16.253 0.0000000000
91957  13.889  49.600  16.732 0.0000000000
91971  15.571  49.354  15.288 0.0000000000
91972  15.027  49.751  15.590 0.0000000000
91982  18.225  49.763  14.162 0.0000000000
91983  17.266  49.564  14.212 0.0000000000
91984  16.485  49.904  14.335 0.0000000000
91985  15.813  49.976  14.885 0.0000000000
91986  15.421  49.953  15.240 0.0000000000
91992  17.975  50.298  13.726 0.0000000000
91993  17.471  50.111  13.790 0.0000000000
91994  16.951  49.961  13.914 0.0000000000
92424  12.369  50.630  18.825 0.0000000000
92425  12.146  49.924  19.076 0.0000000000
92436  13.496  50.696  17.350 0.0000000000
92437  12.962  50.434  18.028 0.0000000000
92447  14.309  50.152  16.240 0.0000000000
92448  14.015  50.482  16.589 0.0000000000
92464  14.557  50.450  15.866 0.0000000000
92465  14.294  51.209  15.964 0.0000000000
92475  16.344  50.295  14.051 0.0000000000
92476  15.937  50.492  14.208 0.0000000000
92477  15.247  50.664  15.020 0.0000000000
92483  18.405  50.701  13.752 0.0000000000
92484  17.692  50.777  13.422 0.0000000000
92485  16.660  50.550  13.590 0.0000000000
92486  15.874  51.025  13.568 0.0000000000
92862  12.333  51.400  18.955 0.0000000000
92871  12.704  51.449  18.442 0.0000000000
92882  13.647  51.342  16.981 0.0000000000
92883  13.226  51.617  17.649 0.0000000000
92895  13.891  51.745  16.322 0.0000000000
92910  14.609  51.348  15.327 0.0000000000
92911  14.222  51.946  15.565 0.0000000000
92918  15.356  51.236  14.031 0.0000000000
92919  14.741  51.697  14.440 0.0000000000
92920  14.417  52.006  14.943 0.0000000000
92925  18.235  51.637  13.370 0.0000000000
92926  17.211  51.716  12.878 0.0000000000
92927  16.216  51.454  13.017 0.0000000000
92928  15.419  51.706  13.254 0.0000000000
92929  14.898  51.821  13.692 0.0000000000
92935  16.876  52.324  12.682 0.0000000000
92936  16.443  52.141  12.707 0.0000000000
92937  15.817  52.060  12.800 0.0000000000
93279  12.422  52.089  18.869 0.0000000000
93287  12.695  52.442  18.146 0.0000000000
93299  13.457  52.125  16.878 0.0000000000
93300  13.010  52.666  17.302 0.0000000000
93315  13.571  52.433  16.329 0.0000000000
93316  13.239  52.850  16.565 0.0000000000
93330  13.759  52.537  15.747 0.0000000000
93331  13.470  52.850  16.081 0.0000000000
93344  14.292  52.283  14.415 0.0000000000
93345  13.980  52.564  14.862 0.0000000000
93355  17.911  52.804  13.218 0.0000000000
93356  17.190  52.765  12.753 0.0000000000
93357  14.857  52.188  13.266 0.0000000000
93358  14.337  52.505  13.684 0.0000000000
93359  14.015  52.650  14.197 0.0000000000
93372  16.591  52.794  12.614 0.0000000000
93373  15.920  52.703  12.610 0.0000000000
93374  15.153  52.514  12.852 0.0000000000
93375  14.633  52.583  13.136 0.0000000000
93805  13.487  52.966  15.753 0.0000000000
93806  13.167  53.328  15.927 0.0000000000
93821  13.480  53.060  15.205 0.0000000000
93822  12.952  53.623  15.006 0.0000000000
93835  17.404  53.575  13.047 0.0000000000
93836  14.031  52.999  13.487 0.0000000000
93837  13.541  53.309  13.929 0.0000000000
93850  16.854  53.485  12.706 0.0000000000
93851  16.185  53.475  12.529 0.0000000000
93852  15.337  53.400  12.550 0.0000000000
93853  14.287  53.253  12.991 0.0000000000
93854  13.707  53.746  13.216 0.0000000000
94295  16.900  54.712  13.041 0.0000000000
94311  17.059  54.110  12.927 0.0000000000
94312  16.538  54.224  12.708 0.0000000000
94313  15.785  54.320  12.486 0.0000000000
94314  14.816  54.328  12.486 0.0000000000
