#!ascii label  , from subject FREESURFER vox2ras=TkReg 
183
43838  31.114  -13.901  14.166 0.0000000000
43860  32.352  -14.501  13.725 0.0000000000
43861  31.364  -14.277  13.592 0.0000000000
43880  32.983  -14.609  12.741 0.0000000000
43881  31.923  -14.606  12.669 0.0000000000
43882  30.976  -14.354  12.555 0.0000000000
43889  32.616  -14.632  11.714 0.0000000000
43890  31.633  -14.572  11.612 0.0000000000
43891  30.809  -14.282  11.443 0.0000000000
43898  32.336  -14.643  10.710 0.0000000000
43899  31.429  -14.529  10.572 0.0000000000
43900  30.659  -14.193  10.364 0.0000000000
43910  32.102  -14.653  9.732 0.0000000000
43911  31.239  -14.495  9.581 0.0000000000
43912  30.536  -14.112  9.340 0.0000000000
43921  31.841  -14.547  8.829 0.0000000000
43922  31.061  -14.344  8.689 0.0000000000
43923  30.504  -13.957  8.502 0.0000000000
43932  31.557  -14.291  8.032 0.0000000000
43933  30.861  -14.039  7.986 0.0000000000
43934  30.487  -13.812  8.020 0.0000000000
44947  31.064  -13.322  14.691 0.0000000000
44962  30.549  -13.628  13.529 0.0000000000
44963  30.180  -13.215  12.750 0.0000000000
44979  30.366  -13.812  12.270 0.0000000000
44980  30.118  -13.124  11.945 0.0000000000
44993  30.277  -13.684  11.189 0.0000000000
44994  29.805  -12.916  11.022 0.0000000000
45009  29.983  -13.548  10.027 0.0000000000
45010  29.382  -12.745  10.128 0.0000000000
45029  29.988  -13.659  8.914 0.0000000000
45030  29.453  -13.117  9.224 0.0000000000
45051  30.115  -13.606  8.120 0.0000000000
45052  29.556  -13.224  8.331 0.0000000000
45077  31.223  -13.814  7.350 0.0000000000
45078  30.478  -13.563  7.529 0.0000000000
45079  29.794  -13.156  7.548 0.0000000000
45100  30.777  -13.251  6.834 0.0000000000
45101  30.151  -13.050  7.008 0.0000000000
46015  30.986  -12.381  15.157 0.0000000000
46019  30.576  -12.575  14.306 0.0000000000
46025  30.291  -12.509  13.292 0.0000000000
46026  30.190  -12.653  12.499 0.0000000000
46033  30.304  -12.058  12.604 0.0000000000
46034  30.047  -12.188  11.835 0.0000000000
46038  29.219  -11.921  10.984 0.0000000000
46039  28.668  -11.563  10.815 0.0000000000
46047  28.888  -12.247  10.130 0.0000000000
46048  28.587  -11.776  10.387 0.0000000000
46060  28.929  -12.529  9.413 0.0000000000
46061  28.459  -11.973  9.647 0.0000000000
46077  29.016  -12.708  8.559 0.0000000000
46078  28.497  -12.117  8.791 0.0000000000
46095  29.223  -12.703  7.734 0.0000000000
46096  28.715  -12.185  7.928 0.0000000000
46112  30.346  -12.635  6.557 0.0000000000
46113  29.561  -12.314  6.880 0.0000000000
46114  29.032  -12.208  7.398 0.0000000000
46136  30.087  -12.146  6.392 0.0000000000
46956  31.119  -11.504  15.613 0.0000000000
46957  30.765  -11.658  14.820 0.0000000000
46960  30.542  -11.706  13.966 0.0000000000
46966  30.486  -11.526  13.109 0.0000000000
46973  30.296  -11.381  12.389 0.0000000000
46974  29.715  -11.310  11.839 0.0000000000
46977  29.068  -11.197  11.576 0.0000000000
46978  28.578  -11.199  11.214 0.0000000000
46979  28.033  -10.885  11.034 0.0000000000
46984  28.265  -11.327  10.669 0.0000000000
46985  27.820  -10.880  10.452 0.0000000000
46993  28.076  -11.436  10.009 0.0000000000
46994  27.704  -10.864  9.706 0.0000000000
47004  28.012  -11.407  9.101 0.0000000000
47005  27.691  -10.740  9.039 0.0000000000
47013  28.291  -11.459  8.153 0.0000000000
47018  29.313  -11.462  6.641 0.0000000000
47019  28.779  -11.457  7.206 0.0000000000
47032  29.899  -11.401  6.162 0.0000000000
47799  31.369  -10.580  16.062 0.0000000000
47803  31.055  -10.709  15.149 0.0000000000
47804  30.780  -11.049  14.413 0.0000000000
47807  31.136  -10.354  14.282 0.0000000000
47808  30.753  -10.877  13.674 0.0000000000
47815  31.181  -10.068  13.500 0.0000000000
47816  30.659  -10.627  12.888 0.0000000000
47823  30.113  -10.630  12.359 0.0000000000
47824  29.126  -10.523  12.069 0.0000000000
47825  28.558  -10.108  12.070 0.0000000000
47828  28.724  -10.871  11.656 0.0000000000
47829  28.260  -10.429  11.623 0.0000000000
47830  27.683  -10.263  10.970 0.0000000000
47833  27.511  -10.222  10.200 0.0000000000
47837  27.504  -10.190  9.400 0.0000000000
47842  27.906  -10.806  8.425 0.0000000000
47843  27.659  -10.202  8.624 0.0000000000
47846  28.229  -10.496  7.661 0.0000000000
47847  27.880  -10.299  8.129 0.0000000000
47849  29.172  -10.547  6.547 0.0000000000
47850  28.626  -10.569  7.069 0.0000000000
47853  30.314  -10.457  5.728 0.0000000000
47854  29.754  -10.489  6.084 0.0000000000
48690  31.419  -10.154  15.547 0.0000000000
48695  31.508  -9.890  14.944 0.0000000000
48700  32.463  -9.180  13.763 0.0000000000
48701  31.726  -9.644  14.056 0.0000000000
48710  32.437  -8.931  13.460 0.0000000000
48711  31.787  -9.250  13.465 0.0000000000
48712  30.765  -9.626  13.003 0.0000000000
48713  30.205  -9.442  13.034 0.0000000000
48721  30.420  -10.188  12.706 0.0000000000
48722  29.853  -9.783  12.723 0.0000000000
48723  28.784  -9.606  12.424 0.0000000000
48724  28.159  -9.177  12.181 0.0000000000
48727  28.242  -9.774  12.008 0.0000000000
48728  27.725  -9.447  11.559 0.0000000000
48732  27.321  -9.399  10.697 0.0000000000
48733  27.062  -8.978  10.258 0.0000000000
48737  27.253  -9.536  9.870 0.0000000000
48738  26.968  -8.877  9.646 0.0000000000
48744  27.321  -9.428  8.953 0.0000000000
48745  26.953  -8.716  8.983 0.0000000000
48748  28.195  -9.935  7.535 0.0000000000
48749  27.845  -9.603  7.894 0.0000000000
48751  29.117  -9.676  6.548 0.0000000000
48752  28.521  -9.706  7.082 0.0000000000
48753  28.133  -8.938  7.331 0.0000000000
48757  29.756  -9.552  6.118 0.0000000000
49651  32.280  -8.591  13.394 0.0000000000
49652  31.282  -8.659  13.344 0.0000000000
49653  29.916  -8.721  13.207 0.0000000000
49654  29.032  -7.854  13.200 0.0000000000
49661  29.244  -9.196  12.855 0.0000000000
49662  28.560  -8.529  12.753 0.0000000000
49663  27.658  -8.502  12.079 0.0000000000
49666  27.022  -8.484  11.248 0.0000000000
49667  26.556  -7.933  10.962 0.0000000000
49671  27.005  -8.799  10.657 0.0000000000
49672  26.625  -8.332  10.355 0.0000000000
49676  26.559  -8.269  9.394 0.0000000000
49682  27.286  -8.746  8.330 0.0000000000
49683  26.668  -8.233  8.584 0.0000000000
49687  27.615  -8.586  7.600 0.0000000000
49688  26.921  -8.165  7.787 0.0000000000
49690  29.102  -9.003  6.567 0.0000000000
49691  28.481  -8.657  6.841 0.0000000000
49692  27.884  -8.345  6.982 0.0000000000
49693  27.292  -8.011  7.028 0.0000000000
49697  29.612  -8.453  6.128 0.0000000000
49698  28.815  -8.281  6.234 0.0000000000
49699  28.017  -8.140  6.365 0.0000000000
49700  27.582  -7.999  6.592 0.0000000000
50636  31.902  -7.839  13.505 0.0000000000
50637  30.765  -7.646  13.568 0.0000000000
50638  29.651  -7.337  13.509 0.0000000000
50639  28.774  -7.072  13.337 0.0000000000
50640  28.199  -6.958  13.012 0.0000000000
50645  28.428  -7.567  12.982 0.0000000000
50646  27.693  -7.439  12.556 0.0000000000
50647  27.021  -7.149  12.060 0.0000000000
50650  27.153  -7.817  11.919 0.0000000000
50651  26.653  -7.421  11.435 0.0000000000
50654  26.259  -7.358  10.620 0.0000000000
50655  25.899  -7.035  10.014 0.0000000000
50659  26.197  -7.637  9.797 0.0000000000
50660  25.806  -7.104  9.344 0.0000000000
50665  26.196  -7.682  8.957 0.0000000000
50666  25.759  -7.147  8.500 0.0000000000
50671  26.267  -7.699  8.082 0.0000000000
50674  26.531  -7.641  7.147 0.0000000000
50681  28.294  -7.895  5.612 0.0000000000
51639  27.777  -6.399  12.849 0.0000000000
51645  27.178  -6.482  12.364 0.0000000000
51646  26.673  -6.522  11.812 0.0000000000
51649  26.296  -6.546  11.130 0.0000000000
51653  25.976  -6.477  10.410 0.0000000000
51654  25.724  -6.445  9.719 0.0000000000
51658  25.571  -6.460  8.960 0.0000000000
52654  26.796  -5.724  12.081 0.0000000000
52656  26.442  -5.753  11.498 0.0000000000
52660  26.105  -5.683  10.766 0.0000000000
52661  25.793  -5.743  10.049 0.0000000000
52664  25.608  -5.756  9.405 0.0000000000
53678  25.739  -5.290  9.711 0.0000000000
