#!ascii label  , from subject FREESURFER vox2ras=TkReg 
311
97622  7.431  62.051  -0.225 0.0000000000
97632  6.879  61.975  -1.435 0.0000000000
97633  5.704  62.019  -1.765 0.0000000000
97634  5.204  62.139  -1.791 0.0000000000
97646  6.912  61.629  -2.631 0.0000000000
97647  5.729  61.666  -2.465 0.0000000000
97648  4.760  61.844  -2.369 0.0000000000
97649  4.216  61.958  -2.765 0.0000000000
97661  8.150  61.887  -4.342 0.0000000000
97662  6.904  61.683  -3.998 0.0000000000
97663  5.762  61.528  -3.610 0.0000000000
97664  4.783  61.498  -3.326 0.0000000000
97665  4.172  61.729  -3.224 0.0000000000
97675  7.616  62.109  -5.317 0.0000000000
97676  6.751  61.849  -5.501 0.0000000000
97677  5.760  61.565  -4.913 0.0000000000
97678  4.846  61.417  -4.442 0.0000000000
97679  4.190  61.545  -4.148 0.0000000000
97693  6.139  61.795  -6.300 0.0000000000
97694  5.671  61.635  -6.013 0.0000000000
97695  4.903  61.432  -5.505 0.0000000000
97696  4.372  61.528  -5.006 0.0000000000
98046  7.356  62.639  0.379 0.0000000000
98053  6.687  62.690  -0.746 0.0000000000
98054  6.185  62.987  -1.116 0.0000000000
98061  6.272  62.313  -1.388 0.0000000000
98062  5.778  62.605  -1.492 0.0000000000
98063  4.926  62.496  -1.972 0.0000000000
98068  4.417  62.388  -2.590 0.0000000000
98069  4.037  62.221  -3.174 0.0000000000
98079  3.874  61.936  -3.904 0.0000000000
98089  8.283  62.437  -5.276 0.0000000000
98090  7.101  62.379  -5.743 0.0000000000
98091  4.460  61.956  -6.010 0.0000000000
98092  3.966  61.790  -5.012 0.0000000000
98103  6.404  62.068  -6.397 0.0000000000
98104  5.665  61.850  -6.621 0.0000000000
98105  4.933  61.641  -6.298 0.0000000000
98106  4.454  61.640  -5.653 0.0000000000
98451  7.068  63.665  4.045 0.0000000000
98464  7.311  63.369  3.217 0.0000000000
98475  8.118  63.928  1.643 0.0000000000
98476  7.769  63.388  2.160 0.0000000000
98478  8.129  64.160  0.957 0.0000000000
98479  7.790  63.322  1.079 0.0000000000
98482  7.959  64.566  0.473 0.0000000000
98483  7.496  63.797  -0.016 0.0000000000
98488  6.445  63.690  -1.149 0.0000000000
98489  5.921  63.171  -1.355 0.0000000000
98494  5.981  64.190  -1.652 0.0000000000
98495  5.427  63.535  -2.015 0.0000000000
98496  4.689  62.908  -2.374 0.0000000000
98503  5.278  63.915  -2.776 0.0000000000
98504  4.561  63.222  -3.263 0.0000000000
98505  4.025  62.417  -3.654 0.0000000000
98513  4.780  62.974  -4.723 0.0000000000
98514  4.094  62.437  -4.338 0.0000000000
98524  7.231  63.083  -5.661 0.0000000000
98525  6.075  62.928  -5.896 0.0000000000
98526  5.051  62.579  -5.941 0.0000000000
98527  4.321  62.343  -5.312 0.0000000000
98536  6.506  62.528  -6.142 0.0000000000
98537  5.787  62.337  -6.514 0.0000000000
98538  5.033  62.070  -6.689 0.0000000000
98876  6.089  65.027  6.172 0.0000000000
98885  7.215  65.143  4.868 0.0000000000
98886  6.506  64.666  5.370 0.0000000000
98894  7.528  64.530  3.947 0.0000000000
98895  6.987  64.255  4.576 0.0000000000
98905  7.980  65.010  2.519 0.0000000000
98906  7.827  64.308  2.928 0.0000000000
98917  8.149  64.764  1.718 0.0000000000
98918  8.060  64.258  2.222 0.0000000000
98922  8.182  64.916  0.983 0.0000000000
98925  7.978  65.135  0.499 0.0000000000
98926  7.709  64.965  -0.104 0.0000000000
98930  7.032  64.713  -0.785 0.0000000000
98937  6.266  64.760  -1.382 0.0000000000
98938  5.629  64.843  -1.991 0.0000000000
98939  5.443  65.200  -2.529 0.0000000000
98947  5.466  64.431  -2.520 0.0000000000
98948  5.380  64.581  -3.073 0.0000000000
98957  6.709  64.625  -4.029 0.0000000000
98958  5.593  64.079  -3.981 0.0000000000
98968  7.563  63.849  -4.678 0.0000000000
98969  6.417  63.611  -4.928 0.0000000000
98970  5.540  63.225  -5.160 0.0000000000
99317  6.758  66.450  5.767 0.0000000000
99318  6.532  65.857  6.333 0.0000000000
99319  5.828  65.752  6.954 0.0000000000
99325  7.154  66.173  5.105 0.0000000000
99326  6.926  65.631  5.551 0.0000000000
99333  7.545  65.832  4.267 0.0000000000
99343  7.812  65.646  2.688 0.0000000000
99344  7.782  65.458  3.278 0.0000000000
99354  7.843  65.661  2.151 0.0000000000
99355  7.753  66.143  1.720 0.0000000000
99358  7.975  65.504  1.432 0.0000000000
99359  7.804  66.108  1.080 0.0000000000
99361  7.973  65.494  0.867 0.0000000000
99362  7.601  65.857  0.316 0.0000000000
99365  6.848  65.755  -0.476 0.0000000000
99366  5.995  65.967  -0.838 0.0000000000
99369  6.403  65.386  -0.986 0.0000000000
99370  5.641  65.738  -1.384 0.0000000000
99371  5.173  65.941  -2.061 0.0000000000
99374  6.247  66.388  -2.835 0.0000000000
99375  5.544  65.897  -2.704 0.0000000000
99381  6.006  65.386  -3.423 0.0000000000
99382  5.573  65.042  -3.327 0.0000000000
99698  4.849  66.695  7.630 0.0000000000
99706  6.568  66.979  5.801 0.0000000000
99707  6.300  67.032  6.266 0.0000000000
99708  5.645  66.787  6.898 0.0000000000
99714  6.756  67.102  5.340 0.0000000000
99715  6.441  67.401  5.811 0.0000000000
99722  7.183  66.941  4.555 0.0000000000
99732  7.762  66.119  2.896 0.0000000000
99733  7.596  66.818  3.521 0.0000000000
99739  7.725  66.012  2.541 0.0000000000
99740  7.724  66.610  2.397 0.0000000000
99742  7.775  66.735  1.484 0.0000000000
99744  7.598  66.732  0.566 0.0000000000
99747  6.849  66.729  -0.183 0.0000000000
99748  5.925  66.671  -0.703 0.0000000000
99749  5.308  66.916  -0.986 0.0000000000
99751  5.486  66.414  -1.022 0.0000000000
99752  5.065  66.763  -1.453 0.0000000000
99759  5.690  67.275  -2.460 0.0000000000
99760  4.970  67.038  -2.143 0.0000000000
100051  4.703  67.692  7.365 0.0000000000
100052  3.750  67.726  8.070 0.0000000000
100053  3.143  68.223  8.795 0.0000000000
100060  6.056  67.963  6.091 0.0000000000
100061  5.526  67.809  6.737 0.0000000000
100066  7.041  67.933  4.996 0.0000000000
100067  6.514  68.012  5.545 0.0000000000
100074  7.403  67.883  4.261 0.0000000000
100084  7.614  67.959  3.618 0.0000000000
100089  9.740  67.875  2.020 0.0000000000
100090  8.914  68.023  2.125 0.0000000000
100091  8.260  67.950  2.383 0.0000000000
100092  7.791  67.698  2.872 0.0000000000
100097  9.146  67.628  1.389 0.0000000000
100098  8.432  67.544  1.655 0.0000000000
100099  7.956  67.334  1.992 0.0000000000
100105  8.463  67.448  0.690 0.0000000000
100106  7.989  67.150  1.027 0.0000000000
100114  7.389  67.517  -0.188 0.0000000000
100115  5.922  67.610  -0.857 0.0000000000
100116  5.483  67.193  -0.879 0.0000000000
100119  5.246  68.119  -1.345 0.0000000000
100120  5.171  67.435  -1.140 0.0000000000
100128  5.161  68.238  -2.039 0.0000000000
100129  4.914  67.615  -1.601 0.0000000000
100382  8.262  69.065  10.124 0.0000000000
100383  7.422  69.106  10.083 0.0000000000
100384  6.321  69.020  9.676 0.0000000000
100385  4.950  69.118  9.806 0.0000000000
100386  3.730  69.261  10.067 0.0000000000
100387  2.909  68.999  9.968 0.0000000000
100390  2.896  68.886  9.095 0.0000000000
100393  4.810  68.713  7.274 0.0000000000
100394  3.867  68.578  7.756 0.0000000000
100395  3.274  68.652  8.362 0.0000000000
100401  6.279  68.882  5.963 0.0000000000
100402  5.599  68.813  6.564 0.0000000000
100408  7.353  68.845  4.776 0.0000000000
100409  6.878  68.896  5.394 0.0000000000
100420  8.152  69.091  3.839 0.0000000000
100421  7.716  68.800  4.112 0.0000000000
100430  11.621  69.132  2.840 0.0000000000
100431  10.877  68.878  3.024 0.0000000000
100432  10.037  68.807  3.105 0.0000000000
100433  9.283  68.812  3.187 0.0000000000
100434  8.585  68.832  3.442 0.0000000000
100435  7.952  68.475  3.451 0.0000000000
100440  10.326  68.330  2.519 0.0000000000
100441  9.489  68.378  2.629 0.0000000000
100442  8.747  68.397  2.789 0.0000000000
100443  8.209  68.303  2.970 0.0000000000
100462  6.357  68.304  -1.101 0.0000000000
100463  5.655  68.312  -1.190 0.0000000000
100474  5.667  68.636  -1.511 0.0000000000
100704  7.769  70.512  10.237 0.0000000000
100705  7.496  70.504  10.279 0.0000000000
100706  6.898  70.513  10.224 0.0000000000
100707  7.887  70.096  10.243 0.0000000000
100708  7.119  69.924  10.147 0.0000000000
100709  6.154  70.134  9.666 0.0000000000
100710  4.743  70.098  9.370 0.0000000000
100711  3.656  70.076  9.361 0.0000000000
100712  3.054  69.582  9.217 0.0000000000
100713  8.308  69.991  9.822 0.0000000000
100714  3.457  70.290  8.819 0.0000000000
100715  3.219  69.400  8.620 0.0000000000
100717  8.503  69.952  9.042 0.0000000000
100718  5.170  69.795  7.208 0.0000000000
100719  4.128  69.728  8.126 0.0000000000
100720  3.479  69.089  8.148 0.0000000000
100723  6.637  69.887  5.799 0.0000000000
100724  5.961  69.838  6.451 0.0000000000
100730  7.555  69.707  4.577 0.0000000000
100731  7.119  69.872  5.108 0.0000000000
100739  10.443  70.090  3.826 0.0000000000
100740  9.762  69.913  3.888 0.0000000000
100741  8.696  69.713  3.992 0.0000000000
100742  7.958  69.663  4.195 0.0000000000
100748  13.398  70.501  3.111 0.0000000000
100749  12.348  69.960  3.099 0.0000000000
100750  11.357  69.684  3.370 0.0000000000
100751  10.459  69.498  3.511 0.0000000000
100752  9.744  69.237  3.475 0.0000000000
100753  9.195  69.285  3.603 0.0000000000
100996  7.976  70.566  10.191 0.0000000000
100997  7.684  70.844  10.232 0.0000000000
100998  7.204  70.924  10.345 0.0000000000
100999  8.039  70.745  10.035 0.0000000000
101000  7.724  71.261  10.026 0.0000000000
101001  6.587  70.959  10.188 0.0000000000
101002  5.616  71.043  9.785 0.0000000000
101003  4.457  71.171  9.434 0.0000000000
101004  8.253  70.778  9.305 0.0000000000
101005  3.711  71.302  9.040 0.0000000000
101006  8.944  70.841  7.527 0.0000000000
101007  8.512  70.805  8.398 0.0000000000
101008  4.710  70.931  7.652 0.0000000000
101009  3.896  71.311  8.290 0.0000000000
101014  6.287  70.888  6.195 0.0000000000
101015  5.537  70.853  6.890 0.0000000000
101021  8.916  71.428  5.089 0.0000000000
101022  8.364  71.235  4.982 0.0000000000
101023  7.481  70.832  4.855 0.0000000000
101024  6.762  70.923  5.429 0.0000000000
101028  11.443  71.349  4.363 0.0000000000
101029  10.654  70.831  4.316 0.0000000000
101030  9.252  70.823  4.653 0.0000000000
101031  8.204  70.410  4.483 0.0000000000
101032  7.767  70.156  4.513 0.0000000000
101035  14.705  71.441  4.513 0.0000000000
101036  14.128  71.269  3.811 0.0000000000
101037  13.057  71.099  3.603 0.0000000000
101038  11.800  70.823  3.827 0.0000000000
101039  10.942  70.151  3.759 0.0000000000
101043  14.656  70.919  3.981 0.0000000000
101044  14.194  70.677  3.354 0.0000000000
101258  7.302  71.317  10.171 0.0000000000
101259  6.953  71.237  10.260 0.0000000000
101260  7.924  71.417  9.553 0.0000000000
101261  7.403  71.829  9.704 0.0000000000
101262  6.557  71.620  9.901 0.0000000000
101263  5.301  71.843  9.516 0.0000000000
101264  4.249  72.101  9.235 0.0000000000
101265  8.167  71.680  8.684 0.0000000000
101266  7.732  71.962  9.120 0.0000000000
101267  3.831  72.130  8.597 0.0000000000
101268  9.427  71.890  7.295 0.0000000000
101269  8.710  71.754  7.838 0.0000000000
101270  5.123  72.157  7.294 0.0000000000
101271  4.317  71.958  7.617 0.0000000000
101272  3.881  72.183  8.058 0.0000000000
101278  10.399  72.034  6.938 0.0000000000
101279  6.406  72.349  5.972 0.0000000000
101280  5.845  71.920  6.572 0.0000000000
101281  5.104  71.623  7.222 0.0000000000
101285  10.660  72.593  5.523 0.0000000000
101286  9.744  72.484  5.583 0.0000000000
101287  8.755  72.112  5.459 0.0000000000
101288  7.796  71.939  5.357 0.0000000000
101289  6.913  72.028  5.384 0.0000000000
101290  6.432  71.699  5.840 0.0000000000
101291  14.489  72.343  4.967 0.0000000000
101292  13.376  72.582  4.772 0.0000000000
101293  12.374  72.426  4.768 0.0000000000
101294  11.368  72.132  4.935 0.0000000000
101295  10.186  71.746  5.083 0.0000000000
101296  9.369  71.698  5.206 0.0000000000
101297  14.374  71.788  4.374 0.0000000000
101298  13.781  71.909  4.201 0.0000000000
101299  12.739  71.819  4.174 0.0000000000
101300  11.945  71.716  4.385 0.0000000000
101522  6.897  72.159  9.560 0.0000000000
101523  6.200  72.198  9.236 0.0000000000
101524  5.086  72.430  8.948 0.0000000000
101525  4.315  72.477  8.659 0.0000000000
101526  7.860  72.229  8.651 0.0000000000
101527  7.255  72.450  8.846 0.0000000000
101528  6.065  72.502  8.344 0.0000000000
101529  4.914  72.640  8.195 0.0000000000
101530  4.134  72.507  8.166 0.0000000000
101531  9.032  72.350  7.505 0.0000000000
101532  8.295  72.542  7.903 0.0000000000
101533  7.132  72.889  7.593 0.0000000000
101534  5.847  72.570  7.284 0.0000000000
101535  4.645  72.413  7.747 0.0000000000
101536  4.126  72.361  7.874 0.0000000000
101540  12.166  72.948  6.514 0.0000000000
101541  10.973  72.802  6.610 0.0000000000
101542  9.547  72.746  7.007 0.0000000000
101543  8.226  73.123  6.806 0.0000000000
101544  6.967  72.886  6.265 0.0000000000
101545  6.245  72.537  6.450 0.0000000000
101548  12.959  73.456  6.098 0.0000000000
101549  11.621  73.208  5.784 0.0000000000
101550  10.294  73.053  6.102 0.0000000000
101551  9.126  72.956  6.103 0.0000000000
101552  8.039  72.789  5.860 0.0000000000
101553  7.398  72.518  5.635 0.0000000000
101555  13.760  73.090  5.542 0.0000000000
101556  12.721  73.055  5.363 0.0000000000
101557  12.046  72.770  5.235 0.0000000000
