#!ascii label  , from subject FREESURFER vox2ras=TkReg 
175
55053  41.465  -3.051  -18.664 0.0000000000
55054  40.544  -3.241  -18.231 0.0000000000
55055  40.120  -3.300  -17.909 0.0000000000
55073  42.053  -2.797  -19.183 0.0000000000
56073  41.149  -2.353  -18.995 0.0000000000
56074  40.635  -2.208  -18.738 0.0000000000
56075  40.020  -2.588  -17.957 0.0000000000
56095  42.163  -2.472  -19.614 0.0000000000
56096  41.535  -2.135  -19.405 0.0000000000
56097  41.002  -2.045  -19.160 0.0000000000
56121  42.029  -2.077  -19.808 0.0000000000
57000  44.652  -1.929  -13.152 0.0000000000
57001  44.011  -2.181  -12.996 0.0000000000
57011  44.183  -1.195  -13.294 0.0000000000
57012  43.647  -1.556  -13.324 0.0000000000
57013  42.669  -1.477  -13.737 0.0000000000
57014  41.612  -1.496  -14.250 0.0000000000
57015  40.972  -1.972  -14.383 0.0000000000
57022  41.270  -0.956  -14.631 0.0000000000
57023  40.528  -1.414  -14.809 0.0000000000
57024  39.760  -1.893  -15.094 0.0000000000
57026  40.208  -0.932  -15.351 0.0000000000
57027  39.713  -1.441  -15.723 0.0000000000
57032  39.655  -1.639  -16.807 0.0000000000
57052  39.819  -1.808  -17.568 0.0000000000
57079  40.421  -1.391  -18.852 0.0000000000
57080  40.145  -1.414  -18.280 0.0000000000
57109  41.391  -1.451  -19.619 0.0000000000
57110  40.840  -1.397  -19.329 0.0000000000
57131  42.793  -1.330  -20.496 0.0000000000
57132  41.945  -1.367  -19.954 0.0000000000
58029  45.287  -0.901  -13.039 0.0000000000
58038  44.536  -0.685  -13.268 0.0000000000
58039  43.948  -0.488  -13.496 0.0000000000
58040  43.273  -0.441  -13.813 0.0000000000
58041  42.450  -0.447  -14.213 0.0000000000
58051  41.716  -0.438  -14.532 0.0000000000
58052  41.081  -0.440  -14.749 0.0000000000
58058  40.529  -0.417  -15.157 0.0000000000
58059  40.066  -0.445  -15.708 0.0000000000
58064  39.903  -0.616  -16.513 0.0000000000
58071  39.980  -0.777  -17.523 0.0000000000
58086  40.297  -0.502  -18.880 0.0000000000
58087  40.120  -0.587  -18.223 0.0000000000
58112  41.292  -0.865  -19.718 0.0000000000
58113  40.816  -0.349  -19.543 0.0000000000
58131  43.245  -0.421  -20.772 0.0000000000
58132  42.422  -0.418  -20.271 0.0000000000
58133  41.708  -0.301  -19.874 0.0000000000
58134  41.231  -0.245  -19.732 0.0000000000
58984  46.229  0.301  -12.802 0.0000000000
58985  45.555  0.152  -12.975 0.0000000000
58992  44.889  0.190  -13.123 0.0000000000
58993  44.329  0.372  -13.381 0.0000000000
58994  43.769  0.674  -13.586 0.0000000000
58995  43.026  0.747  -13.936 0.0000000000
59004  42.163  0.522  -14.339 0.0000000000
59005  41.501  0.265  -14.583 0.0000000000
59014  40.886  0.419  -14.798 0.0000000000
59015  40.315  0.431  -15.394 0.0000000000
59023  39.911  0.353  -16.138 0.0000000000
59025  39.958  0.298  -17.054 0.0000000000
59037  40.232  0.406  -18.819 0.0000000000
59038  40.070  0.360  -18.119 0.0000000000
59061  40.488  0.457  -19.336 0.0000000000
59082  43.225  0.406  -20.710 0.0000000000
59083  42.757  0.407  -20.460 0.0000000000
59084  42.036  0.525  -20.116 0.0000000000
59085  41.146  0.547  -19.886 0.0000000000
59108  43.790  0.499  -20.949 0.0000000000
59938  46.270  1.228  -12.547 0.0000000000
59939  45.678  1.062  -12.731 0.0000000000
59944  45.136  1.033  -12.908 0.0000000000
59945  44.669  1.174  -13.142 0.0000000000
59946  44.247  1.376  -13.358 0.0000000000
59947  43.994  2.494  -13.509 0.0000000000
59952  42.628  1.752  -14.048 0.0000000000
59953  41.579  1.375  -14.445 0.0000000000
59960  40.681  1.460  -14.989 0.0000000000
59961  40.097  1.311  -15.744 0.0000000000
59970  39.838  1.209  -16.555 0.0000000000
59980  39.894  1.291  -17.399 0.0000000000
59992  40.297  1.342  -18.781 0.0000000000
59993  40.052  1.462  -18.064 0.0000000000
60008  40.696  1.391  -19.671 0.0000000000
60029  43.104  1.047  -20.605 0.0000000000
60030  42.371  1.213  -20.499 0.0000000000
60031  41.531  1.527  -20.440 0.0000000000
60032  41.009  1.431  -20.134 0.0000000000
60058  44.219  1.367  -21.132 0.0000000000
60059  43.445  1.518  -20.968 0.0000000000
60060  42.567  1.809  -21.048 0.0000000000
60061  42.003  1.702  -20.804 0.0000000000
60075  44.405  1.882  -21.677 0.0000000000
60076  43.566  1.892  -21.510 0.0000000000
60077  43.052  1.890  -21.344 0.0000000000
61001  47.013  2.358  -12.047 0.0000000000
61005  46.361  2.115  -12.314 0.0000000000
61006  45.761  1.896  -12.520 0.0000000000
61007  45.328  1.684  -12.710 0.0000000000
61012  44.957  1.850  -12.856 0.0000000000
61013  44.632  2.133  -13.070 0.0000000000
61014  42.920  2.958  -13.789 0.0000000000
61015  42.411  3.643  -13.992 0.0000000000
61018  42.129  2.519  -14.139 0.0000000000
61019  41.299  2.842  -14.551 0.0000000000
61024  40.457  2.433  -15.498 0.0000000000
61025  40.040  2.015  -16.206 0.0000000000
61030  39.898  2.023  -16.855 0.0000000000
61040  40.313  2.756  -18.009 0.0000000000
61041  40.137  2.425  -17.640 0.0000000000
61060  40.381  2.488  -18.413 0.0000000000
61061  40.200  1.920  -18.242 0.0000000000
61076  40.583  2.342  -19.321 0.0000000000
61094  41.303  2.048  -20.671 0.0000000000
61095  40.876  2.292  -20.345 0.0000000000
61118  42.194  2.119  -21.420 0.0000000000
61119  41.544  2.282  -21.191 0.0000000000
61120  40.717  2.994  -21.042 0.0000000000
61145  43.626  2.241  -22.261 0.0000000000
61146  42.516  2.362  -21.985 0.0000000000
61147  41.449  2.958  -22.040 0.0000000000
62033  47.167  3.308  -11.783 0.0000000000
62036  46.469  3.015  -12.145 0.0000000000
62037  45.865  2.707  -12.424 0.0000000000
62038  45.348  2.454  -12.666 0.0000000000
62039  43.056  4.477  -14.279 0.0000000000
62043  45.003  2.467  -12.842 0.0000000000
62044  41.959  4.450  -14.491 0.0000000000
62047  40.707  3.857  -15.259 0.0000000000
62052  40.198  3.155  -16.439 0.0000000000
62061  40.377  3.410  -17.956 0.0000000000
62062  40.180  3.419  -17.247 0.0000000000
62080  40.542  3.352  -18.875 0.0000000000
62099  40.600  3.277  -19.690 0.0000000000
62120  40.600  3.528  -20.457 0.0000000000
62139  40.885  3.304  -21.646 0.0000000000
62140  40.588  3.860  -21.165 0.0000000000
62161  41.800  3.247  -22.557 0.0000000000
62162  41.070  3.942  -22.299 0.0000000000
62163  40.705  4.000  -21.684 0.0000000000
62996  47.411  4.136  -11.621 0.0000000000
62997  47.080  3.810  -11.808 0.0000000000
63002  47.006  4.382  -11.979 0.0000000000
63003  46.721  3.897  -12.042 0.0000000000
63004  45.943  3.533  -12.469 0.0000000000
63005  45.562  3.034  -12.578 0.0000000000
63010  45.675  3.707  -12.639 0.0000000000
63011  45.268  3.289  -12.803 0.0000000000
63027  40.463  4.657  -16.929 0.0000000000
63040  40.644  4.785  -18.589 0.0000000000
63061  40.595  3.923  -19.228 0.0000000000
63085  40.590  4.318  -19.743 0.0000000000
63100  40.606  4.509  -20.541 0.0000000000
63116  41.105  4.847  -22.184 0.0000000000
63117  40.787  4.841  -21.378 0.0000000000
63977  47.256  4.813  -11.938 0.0000000000
63978  46.689  4.565  -12.266 0.0000000000
63979  46.289  4.157  -12.399 0.0000000000
63986  46.289  4.448  -12.491 0.0000000000
63987  45.921  4.193  -12.640 0.0000000000
64008  41.143  5.770  -18.657 0.0000000000
64061  42.510  6.596  -20.851 0.0000000000
64062  41.002  5.893  -19.881 0.0000000000
64077  41.436  5.786  -21.890 0.0000000000
64078  40.968  5.536  -21.065 0.0000000000
64945  46.339  4.772  -12.565 0.0000000000
103677  44.153  5.607  -14.784 0.0000000000
103679  43.836  4.254  -13.884 0.0000000000
103682  41.449  4.971  -15.836 0.0000000000
103685  40.531  4.418  -16.031 0.0000000000
103689  40.715  4.800  -16.200 0.0000000000
103709  42.285  6.186  -17.615 0.0000000000
103718  41.333  6.030  -18.696 0.0000000000
103728  43.040  6.883  -19.590 0.0000000000
