#!ascii label  , from subject FREESURFER vox2ras=TkReg 
142
94234  2.439  54.518  18.696 0.0000000000
94245  2.474  54.490  17.660 0.0000000000
94256  2.547  54.442  16.748 0.0000000000
94267  2.968  54.798  15.393 0.0000000000
94268  2.671  54.421  15.968 0.0000000000
94715  2.519  55.588  19.318 0.0000000000
94725  2.666  55.523  18.257 0.0000000000
94736  2.925  55.826  16.611 0.0000000000
94737  2.791  55.551  17.059 0.0000000000
94750  2.899  55.473  16.108 0.0000000000
94751  2.690  54.957  16.424 0.0000000000
94764  3.717  55.295  14.544 0.0000000000
94765  3.392  55.513  15.226 0.0000000000
95208  2.554  56.562  18.956 0.0000000000
95217  3.014  56.830  17.482 0.0000000000
95218  2.845  56.510  17.941 0.0000000000
95225  3.706  56.823  16.356 0.0000000000
95226  3.147  56.452  16.780 0.0000000000
95227  2.929  56.350  17.286 0.0000000000
95235  4.697  56.825  15.263 0.0000000000
95236  4.136  56.638  15.756 0.0000000000
95237  3.481  56.136  15.928 0.0000000000
95244  4.959  56.685  14.528 0.0000000000
95245  4.138  56.046  14.805 0.0000000000
95246  3.770  56.046  15.418 0.0000000000
95253  5.189  56.542  13.561 0.0000000000
95254  4.553  56.082  13.975 0.0000000000
95264  5.622  56.587  12.775 0.0000000000
95615  2.148  57.608  19.609 0.0000000000
95623  2.960  57.820  18.212 0.0000000000
95624  2.674  57.507  18.665 0.0000000000
95631  3.239  57.540  17.568 0.0000000000
95632  3.000  57.233  17.977 0.0000000000
95640  4.064  57.528  16.319 0.0000000000
95641  3.605  57.495  16.856 0.0000000000
95648  5.140  57.583  15.111 0.0000000000
95649  4.562  57.592  15.740 0.0000000000
95657  5.506  57.516  14.246 0.0000000000
95665  6.038  57.847  12.746 0.0000000000
95666  5.735  57.492  13.281 0.0000000000
95676  6.248  57.559  12.087 0.0000000000
95677  5.903  57.227  12.594 0.0000000000
96062  3.020  58.849  19.076 0.0000000000
96063  2.587  58.558  19.496 0.0000000000
96070  3.298  58.535  18.348 0.0000000000
96071  2.881  58.241  18.727 0.0000000000
96076  3.972  58.805  16.906 0.0000000000
96077  3.668  58.448  17.419 0.0000000000
96083  4.312  58.527  16.284 0.0000000000
96084  3.908  58.164  16.747 0.0000000000
96091  5.649  58.617  14.917 0.0000000000
96092  4.944  58.508  15.608 0.0000000000
96100  6.488  58.980  13.517 0.0000000000
96101  6.086  58.346  13.970 0.0000000000
96112  6.376  58.606  12.640 0.0000000000
96113  6.153  58.258  13.231 0.0000000000
96123  6.391  58.491  11.710 0.0000000000
96535  3.149  59.725  19.105 0.0000000000
96536  2.798  59.404  19.574 0.0000000000
96542  4.012  60.046  17.767 0.0000000000
96543  3.688  59.411  18.169 0.0000000000
96548  4.314  59.574  16.862 0.0000000000
96549  3.946  59.244  17.416 0.0000000000
96554  5.232  60.059  15.734 0.0000000000
96555  4.753  59.415  16.025 0.0000000000
96562  5.705  59.772  15.140 0.0000000000
96563  5.267  59.284  15.507 0.0000000000
96573  6.482  59.796  13.672 0.0000000000
96574  6.252  59.479  14.358 0.0000000000
96587  6.562  59.621  12.997 0.0000000000
96596  6.489  59.488  12.156 0.0000000000
97000  2.847  61.037  19.890 0.0000000000
97001  2.686  60.218  19.919 0.0000000000
97007  3.919  60.888  18.029 0.0000000000
97008  3.491  60.647  18.762 0.0000000000
97015  4.343  60.606  17.271 0.0000000000
97022  5.205  60.765  15.871 0.0000000000
97023  4.789  60.417  16.400 0.0000000000
97032  5.555  60.654  15.354 0.0000000000
97046  6.315  60.453  14.047 0.0000000000
97047  5.974  60.506  14.722 0.0000000000
97060  6.446  60.465  13.351 0.0000000000
97066  6.488  60.435  12.584 0.0000000000
97070  6.383  60.365  11.748 0.0000000000
97449  2.883  61.914  20.497 0.0000000000
97452  3.568  61.649  18.722 0.0000000000
97453  3.162  61.723  19.689 0.0000000000
97460  4.107  61.505  17.686 0.0000000000
97468  4.961  61.254  16.213 0.0000000000
97469  4.565  61.265  16.824 0.0000000000
97482  5.318  61.415  15.593 0.0000000000
97495  5.982  61.260  14.292 0.0000000000
97496  5.657  61.350  14.924 0.0000000000
97506  6.233  61.157  13.716 0.0000000000
97510  6.370  61.332  13.066 0.0000000000
97885  5.949  63.550  20.255 0.0000000000
97886  5.266  62.912  20.467 0.0000000000
97887  3.898  62.736  21.251 0.0000000000
97888  3.096  62.514  20.908 0.0000000000
97892  3.427  62.529  19.986 0.0000000000
97893  3.115  62.234  20.324 0.0000000000
97900  3.737  62.456  18.360 0.0000000000
97910  4.718  61.665  16.502 0.0000000000
97911  4.348  62.166  17.004 0.0000000000
97926  4.921  61.986  16.091 0.0000000000
97927  4.426  62.895  16.174 0.0000000000
97938  5.671  61.807  14.496 0.0000000000
97939  5.170  62.392  15.000 0.0000000000
97940  4.373  63.366  15.302 0.0000000000
97948  5.815  62.255  13.785 0.0000000000
97949  5.153  62.947  14.160 0.0000000000
98311  4.553  64.536  21.155 0.0000000000
98312  4.199  64.492  21.423 0.0000000000
98313  3.514  64.428  21.720 0.0000000000
98314  6.419  63.999  20.014 0.0000000000
98315  5.189  64.287  20.831 0.0000000000
98316  4.027  63.690  21.664 0.0000000000
98317  2.931  64.150  21.450 0.0000000000
98321  3.061  63.326  20.899 0.0000000000
98322  3.040  64.163  20.263 0.0000000000
98328  3.518  63.422  19.354 0.0000000000
98329  3.341  64.331  18.824 0.0000000000
98340  3.742  63.396  17.581 0.0000000000
98341  3.258  64.549  17.445 0.0000000000
98355  3.532  64.071  16.099 0.0000000000
98366  4.621  63.458  14.449 0.0000000000
98748  4.341  64.865  20.953 0.0000000000
98749  3.560  64.820  21.240 0.0000000000
98750  3.167  64.598  21.435 0.0000000000
98751  6.086  64.735  19.554 0.0000000000
98752  5.055  65.168  20.040 0.0000000000
98753  3.286  64.942  20.887 0.0000000000
98754  3.050  64.759  20.774 0.0000000000
98759  2.891  64.853  19.698 0.0000000000
98767  2.835  65.171  18.431 0.0000000000
99220  3.738  65.101  20.835 0.0000000000
99221  3.514  65.035  20.909 0.0000000000
99222  4.060  65.364  20.181 0.0000000000
99223  3.334  65.174  20.352 0.0000000000
99224  2.968  65.064  20.114 0.0000000000
99228  3.485  65.688  19.170 0.0000000000
99229  2.975  65.355  19.321 0.0000000000
