#!ascii label  , from subject FREESURFER vox2ras=TkReg 
67
33254  7.086  -25.150  47.086 0.0000000000
33255  6.770  -25.500  46.513 0.0000000000
33261  6.419  -25.843  44.935 0.0000000000
33264  6.402  -25.784  43.959 0.0000000000
33266  6.508  -25.777  42.925 0.0000000000
33268  7.114  -25.236  41.260 0.0000000000
33269  6.810  -25.641  41.698 0.0000000000
34025  8.100  -24.274  48.443 0.0000000000
34029  8.026  -23.979  47.768 0.0000000000
34030  7.540  -24.443  47.489 0.0000000000
34034  7.143  -24.573  46.227 0.0000000000
34035  6.734  -25.193  46.005 0.0000000000
34040  7.117  -24.261  45.083 0.0000000000
34041  6.681  -25.048  45.437 0.0000000000
34044  7.091  -24.107  44.073 0.0000000000
34045  6.663  -24.938  44.501 0.0000000000
34048  7.152  -24.053  43.081 0.0000000000
34049  6.741  -24.886  43.508 0.0000000000
34052  7.248  -24.104  42.143 0.0000000000
34053  6.893  -24.852  42.537 0.0000000000
34056  7.308  -24.625  41.294 0.0000000000
34057  7.058  -24.791  41.913 0.0000000000
34817  8.690  -23.608  49.006 0.0000000000
34825  8.288  -23.405  47.924 0.0000000000
34826  7.917  -23.698  47.374 0.0000000000
34834  8.085  -23.158  47.123 0.0000000000
34835  7.705  -23.569  46.597 0.0000000000
34840  7.533  -23.579  45.635 0.0000000000
34846  7.469  -23.374  44.647 0.0000000000
34848  7.384  -23.227  43.619 0.0000000000
34851  7.449  -23.194  42.605 0.0000000000
35604  9.075  -22.714  49.408 0.0000000000
35614  8.711  -22.629  48.422 0.0000000000
35621  8.402  -22.546  47.409 0.0000000000
35630  8.130  -22.612  46.351 0.0000000000
35631  7.826  -23.100  45.967 0.0000000000
35638  8.134  -22.270  45.736 0.0000000000
35639  7.856  -22.631  45.320 0.0000000000
35646  7.598  -22.434  44.191 0.0000000000
35652  7.438  -22.258  43.133 0.0000000000
35655  7.735  -22.364  42.201 0.0000000000
36434  9.168  -21.873  48.911 0.0000000000
36452  9.503  -21.443  47.878 0.0000000000
36453  8.849  -21.892  47.795 0.0000000000
36468  9.101  -21.493  47.234 0.0000000000
36469  8.649  -21.833  46.783 0.0000000000
36481  8.416  -21.860  45.913 0.0000000000
36482  8.146  -21.999  45.383 0.0000000000
36489  8.322  -21.519  45.288 0.0000000000
36490  7.950  -21.702  44.715 0.0000000000
36498  7.657  -21.515  43.753 0.0000000000
36503  7.917  -21.204  42.544 0.0000000000
37295  9.880  -21.160  47.129 0.0000000000
37296  9.430  -21.318  47.180 0.0000000000
37316  10.067  -20.856  46.289 0.0000000000
37317  9.239  -21.243  46.505 0.0000000000
37318  8.755  -21.531  46.220 0.0000000000
37339  10.288  -20.535  45.382 0.0000000000
37340  9.389  -20.822  45.517 0.0000000000
37341  8.763  -21.283  45.689 0.0000000000
37359  9.537  -20.488  44.527 0.0000000000
37360  8.527  -20.911  44.693 0.0000000000
37361  7.955  -21.148  44.239 0.0000000000
37377  9.801  -20.378  43.480 0.0000000000
37378  8.835  -20.548  43.625 0.0000000000
37379  8.089  -20.849  43.655 0.0000000000
37395  8.357  -20.664  43.029 0.0000000000
