#!ascii label  , from subject FREESURFER vox2ras=TkReg 
100
62413  2.735  4.130  50.889 0.0000000000
62414  2.000  4.082  50.977 0.0000000000
63386  1.257  4.722  50.845 0.0000000000
63387  0.795  5.154  50.764 0.0000000000
63388  -0.194  5.597  50.874 0.0000000000
63389  -0.857  6.134  50.813 0.0000000000
63395  3.317  4.864  49.794 0.0000000000
63396  1.777  4.996  50.149 0.0000000000
63397  0.908  5.985  50.330 0.0000000000
63412  2.919  5.754  48.635 0.0000000000
63413  1.886  6.026  48.899 0.0000000000
64345  0.264  6.510  50.663 0.0000000000
64346  -0.489  6.963  50.841 0.0000000000
64347  -1.268  7.038  50.766 0.0000000000
64348  1.294  6.200  49.554 0.0000000000
64349  0.752  7.161  49.843 0.0000000000
64355  2.315  6.459  47.960 0.0000000000
64356  1.417  7.043  48.474 0.0000000000
64357  0.936  7.864  49.078 0.0000000000
64368  1.947  6.927  47.310 0.0000000000
65328  0.238  8.229  50.655 0.0000000000
65329  -0.775  8.227  50.799 0.0000000000
65330  -1.576  8.226  50.423 0.0000000000
65331  0.818  8.423  49.794 0.0000000000
65332  -1.936  8.173  49.621 0.0000000000
65333  1.208  8.387  48.269 0.0000000000
65334  0.940  8.468  49.038 0.0000000000
65336  1.677  7.845  47.306 0.0000000000
65350  2.037  8.115  46.164 0.0000000000
66326  0.342  9.290  50.611 0.0000000000
66327  -0.213  9.334  50.665 0.0000000000
66328  -1.069  9.318  50.386 0.0000000000
66329  0.782  9.320  50.242 0.0000000000
66330  -1.738  9.397  49.955 0.0000000000
66331  1.188  9.011  48.090 0.0000000000
66332  1.034  9.220  48.897 0.0000000000
67231  0.357  10.016  50.279 0.0000000000
67232  -0.540  10.490  50.019 0.0000000000
67233  -1.292  10.052  50.064 0.0000000000
67234  1.056  10.283  49.602 0.0000000000
67235  -0.582  11.290  49.310 0.0000000000
67236  -1.228  10.636  49.206 0.0000000000
68175  0.485  11.313  49.522 0.0000000000
68176  -0.259  11.429  49.371 0.0000000000
68177  -0.049  12.504  48.194 0.0000000000
69972  3.065  11.624  44.211 0.0000000000
70803  3.331  13.348  47.499 0.0000000000
70804  3.717  12.995  45.626 0.0000000000
70805  4.046  13.007  43.657 0.0000000000
70806  3.519  12.609  44.383 0.0000000000
70812  6.146  13.623  41.450 0.0000000000
70813  5.091  13.460  42.045 0.0000000000
71592  4.536  15.409  49.176 0.0000000000
71593  3.656  15.259  49.325 0.0000000000
71599  4.395  14.362  47.915 0.0000000000
71600  3.272  14.190  48.594 0.0000000000
71606  4.764  13.920  45.452 0.0000000000
71614  5.657  14.708  43.279 0.0000000000
71615  5.048  14.288  43.501 0.0000000000
71621  6.775  14.156  42.079 0.0000000000
71622  5.748  14.399  42.476 0.0000000000
71623  5.185  14.145  42.568 0.0000000000
72333  3.347  16.025  49.001 0.0000000000
72334  2.655  16.064  48.685 0.0000000000
72345  2.579  16.327  47.990 0.0000000000
72346  0.257  14.746  48.000 0.0000000000
72353  6.559  14.892  46.718 0.0000000000
72354  5.435  14.976  47.002 0.0000000000
72359  7.467  14.610  44.541 0.0000000000
72360  6.597  14.502  44.992 0.0000000000
72361  5.735  14.352  45.244 0.0000000000
72369  7.461  14.592  43.240 0.0000000000
72370  6.452  14.665  43.419 0.0000000000
72371  5.863  14.492  44.004 0.0000000000
72376  6.875  14.620  42.680 0.0000000000
72377  6.420  14.617  42.571 0.0000000000
73058  1.157  15.569  47.831 0.0000000000
73059  0.922  15.351  48.068 0.0000000000
73070  1.775  15.909  47.559 0.0000000000
73071  0.468  15.671  47.128 0.0000000000
104110  1.643  9.475  47.231 0.0000000000
104111  1.526  10.560  48.008 0.0000000000
104112  2.064  8.997  45.869 0.0000000000
104113  1.311  10.194  48.552 0.0000000000
104114  1.472  11.278  48.742 0.0000000000
104115  2.392  9.827  45.080 0.0000000000
104116  2.393  12.875  48.549 0.0000000000
104117  1.267  14.021  48.606 0.0000000000
104120  2.013  11.227  47.561 0.0000000000
104125  1.132  12.372  48.637 0.0000000000
104129  2.323  10.882  46.097 0.0000000000
104134  1.563  14.936  49.063 0.0000000000
104135  2.827  12.163  46.616 0.0000000000
104142  1.239  15.162  48.720 0.0000000000
104143  1.680  15.272  49.108 0.0000000000
104144  1.582  15.355  48.879 0.0000000000
104145  2.198  15.091  49.098 0.0000000000
104149  1.412  15.403  48.736 0.0000000000
104150  1.482  15.416  48.473 0.0000000000
104151  2.996  15.709  49.227 0.0000000000
