#!ascii label  , from subject FREESURFER vox2ras=TkReg 
74
67907  41.290  12.717  -24.275 0.0000000000
67931  41.356  11.026  -24.846 0.0000000000
67932  41.192  12.222  -24.588 0.0000000000
70630  41.646  11.465  -26.603 0.0000000000
70649  41.654  11.719  -27.087 0.0000000000
70650  41.560  11.951  -26.808 0.0000000000
71417  41.578  12.113  -27.177 0.0000000000
71434  41.638  12.190  -27.499 0.0000000000
71435  41.549  12.531  -27.305 0.0000000000
71457  41.784  12.440  -28.061 0.0000000000
71458  41.615  12.486  -27.676 0.0000000000
71478  42.272  12.811  -29.121 0.0000000000
71487  42.597  13.586  -30.024 0.0000000000
72184  41.616  12.710  -27.809 0.0000000000
72207  41.552  13.320  -28.159 0.0000000000
72208  41.306  14.222  -28.103 0.0000000000
72224  42.763  14.452  -30.619 0.0000000000
72225  41.864  14.169  -29.844 0.0000000000
72233  42.484  14.911  -30.952 0.0000000000
72234  42.169  14.793  -30.736 0.0000000000
72951  41.432  14.402  -28.910 0.0000000000
72952  41.134  15.051  -28.548 0.0000000000
72969  43.437  15.190  -30.861 0.0000000000
72970  42.816  15.106  -31.035 0.0000000000
72971  41.344  15.237  -29.683 0.0000000000
72972  41.112  15.633  -29.146 0.0000000000
72984  43.924  15.883  -31.112 0.0000000000
72985  43.140  15.666  -31.290 0.0000000000
72986  42.395  15.422  -31.164 0.0000000000
72987  41.766  15.271  -30.667 0.0000000000
73650  40.968  16.003  -28.571 0.0000000000
73664  41.495  16.108  -30.523 0.0000000000
73665  41.177  16.195  -29.629 0.0000000000
73680  44.498  16.505  -31.436 0.0000000000
73681  43.610  16.324  -31.600 0.0000000000
73682  42.777  16.164  -31.632 0.0000000000
73683  41.997  16.211  -31.400 0.0000000000
73694  44.136  16.943  -31.967 0.0000000000
73695  43.256  16.771  -32.049 0.0000000000
73696  42.509  16.677  -31.976 0.0000000000
74419  40.060  15.318  -26.267 0.0000000000
74428  40.599  16.921  -28.040 0.0000000000
74439  41.299  16.828  -30.300 0.0000000000
74440  41.087  17.249  -29.373 0.0000000000
74456  41.625  16.928  -31.127 0.0000000000
74457  41.257  17.546  -30.712 0.0000000000
74467  43.763  17.435  -32.329 0.0000000000
74468  42.864  17.207  -32.387 0.0000000000
74469  41.965  17.144  -32.138 0.0000000000
74470  41.459  17.492  -31.631 0.0000000000
74480  43.378  17.775  -32.669 0.0000000000
74481  42.574  17.593  -32.675 0.0000000000
75167  40.258  18.130  -28.637 0.0000000000
75177  40.822  18.288  -28.863 0.0000000000
75191  40.937  18.390  -30.036 0.0000000000
75199  41.531  17.646  -32.192 0.0000000000
75200  41.048  18.216  -31.703 0.0000000000
75204  43.716  18.102  -32.882 0.0000000000
75205  43.104  18.031  -33.029 0.0000000000
75206  41.879  17.809  -33.007 0.0000000000
75923  40.474  18.741  -28.985 0.0000000000
103808  41.184  12.769  -24.902 0.0000000000
103814  41.416  12.391  -26.021 0.0000000000
103815  41.190  13.388  -25.871 0.0000000000
103818  41.546  11.526  -26.095 0.0000000000
103819  41.495  12.299  -26.579 0.0000000000
103820  41.412  13.023  -26.722 0.0000000000
103822  41.315  13.395  -26.576 0.0000000000
103823  41.358  12.965  -26.178 0.0000000000
103825  41.307  13.678  -27.175 0.0000000000
103829  40.885  15.349  -27.322 0.0000000000
103830  41.145  14.601  -27.584 0.0000000000
103831  41.051  15.250  -28.013 0.0000000000
103832  41.115  14.994  -28.071 0.0000000000
