#!ascii label  , from subject FREESURFER vox2ras=TkReg 
159
73761  33.635  16.494  -40.417 0.0000000000
73768  32.887  16.621  -41.077 0.0000000000
73769  32.281  16.717  -42.021 0.0000000000
74536  34.174  17.227  -40.060 0.0000000000
74537  33.427  17.344  -40.636 0.0000000000
74545  32.661  17.525  -41.493 0.0000000000
74546  32.329  17.828  -42.743 0.0000000000
74547  32.125  18.523  -42.118 0.0000000000
75255  34.602  18.318  -40.017 0.0000000000
75256  33.928  17.810  -40.345 0.0000000000
75263  34.158  18.895  -40.589 0.0000000000
75264  33.435  18.345  -40.781 0.0000000000
75265  32.515  18.368  -41.749 0.0000000000
75266  32.171  18.659  -42.599 0.0000000000
75987  39.375  19.512  -39.989 0.0000000000
75988  38.518  19.283  -40.328 0.0000000000
75989  37.564  19.080  -40.301 0.0000000000
75990  36.558  19.111  -40.025 0.0000000000
75991  35.577  19.069  -40.017 0.0000000000
76001  40.356  20.107  -39.604 0.0000000000
76002  39.820  20.135  -40.340 0.0000000000
76003  39.035  20.142  -41.269 0.0000000000
76004  38.088  19.449  -41.374 0.0000000000
76005  37.076  19.471  -41.193 0.0000000000
76006  36.113  19.544  -40.804 0.0000000000
76007  34.956  19.496  -40.908 0.0000000000
76008  33.807  19.250  -41.060 0.0000000000
76009  32.866  19.091  -41.329 0.0000000000
76010  32.134  18.974  -41.868 0.0000000000
76015  38.461  19.937  -42.147 0.0000000000
76016  37.584  19.756  -42.063 0.0000000000
76017  37.005  19.748  -41.839 0.0000000000
76018  34.185  19.870  -41.419 0.0000000000
76019  33.294  19.856  -41.479 0.0000000000
76020  32.267  19.731  -41.754 0.0000000000
76737  40.551  20.580  -39.139 0.0000000000
76744  40.137  20.626  -40.163 0.0000000000
76745  39.615  20.749  -41.202 0.0000000000
76746  39.526  20.578  -41.907 0.0000000000
76747  36.590  19.767  -41.526 0.0000000000
76748  35.970  19.944  -41.393 0.0000000000
76749  35.427  20.013  -41.486 0.0000000000
76751  39.775  20.957  -42.109 0.0000000000
76752  39.065  20.625  -42.299 0.0000000000
76753  38.028  20.483  -42.424 0.0000000000
76754  36.858  20.282  -42.040 0.0000000000
76755  35.911  20.507  -41.583 0.0000000000
76756  34.937  20.411  -41.563 0.0000000000
76757  33.876  20.623  -41.577 0.0000000000
76758  32.753  20.682  -41.684 0.0000000000
76759  31.456  20.632  -41.827 0.0000000000
77526  39.167  21.924  -39.426 0.0000000000
77535  40.191  21.132  -39.663 0.0000000000
77536  39.639  21.495  -40.123 0.0000000000
77537  38.991  21.945  -40.528 0.0000000000
77540  39.894  21.072  -40.599 0.0000000000
77541  39.516  21.338  -41.331 0.0000000000
77542  38.756  21.684  -41.649 0.0000000000
77543  38.109  21.646  -41.949 0.0000000000
77546  39.255  21.241  -42.154 0.0000000000
77547  38.530  21.224  -42.354 0.0000000000
77548  37.487  21.237  -42.203 0.0000000000
77549  36.541  21.109  -41.876 0.0000000000
77550  35.632  21.242  -41.606 0.0000000000
77551  34.596  21.401  -41.506 0.0000000000
77552  33.440  21.585  -41.544 0.0000000000
77553  32.167  21.692  -41.567 0.0000000000
77554  30.860  21.727  -41.550 0.0000000000
78273  38.115  22.458  -39.277 0.0000000000
78274  36.734  23.169  -39.135 0.0000000000
78275  36.055  23.479  -39.075 0.0000000000
78282  38.147  22.183  -40.868 0.0000000000
78283  37.102  22.622  -40.276 0.0000000000
78284  35.888  23.341  -39.888 0.0000000000
78285  35.182  23.605  -40.108 0.0000000000
78288  38.149  21.912  -41.558 0.0000000000
78289  37.367  22.012  -41.479 0.0000000000
78290  36.245  22.616  -40.969 0.0000000000
78291  35.037  23.198  -40.721 0.0000000000
78292  33.814  23.184  -40.887 0.0000000000
78293  33.212  23.218  -41.004 0.0000000000
78295  36.966  21.558  -41.829 0.0000000000
78296  36.376  21.827  -41.587 0.0000000000
78297  35.383  22.151  -41.332 0.0000000000
78298  34.228  22.376  -41.232 0.0000000000
78299  32.973  22.701  -41.272 0.0000000000
78300  31.726  22.712  -41.534 0.0000000000
78301  30.811  22.655  -41.235 0.0000000000
79026  33.983  23.881  -35.807 0.0000000000
79027  33.553  23.607  -36.121 0.0000000000
79031  33.522  24.182  -36.337 0.0000000000
79032  33.176  23.921  -36.450 0.0000000000
79036  36.499  24.592  -38.159 0.0000000000
79042  37.358  23.838  -38.348 0.0000000000
79043  35.987  24.012  -38.511 0.0000000000
79044  35.276  24.373  -38.907 0.0000000000
79050  35.583  23.766  -39.093 0.0000000000
79051  34.820  24.237  -39.623 0.0000000000
79052  34.282  24.511  -39.990 0.0000000000
79053  30.740  23.804  -39.476 0.0000000000
79054  34.847  23.734  -40.204 0.0000000000
79055  34.192  23.961  -40.346 0.0000000000
79056  33.142  23.769  -40.883 0.0000000000
79057  32.568  23.881  -40.962 0.0000000000
79058  31.382  24.093  -40.569 0.0000000000
79059  30.823  23.665  -40.190 0.0000000000
79060  32.905  23.287  -41.068 0.0000000000
79061  32.365  23.510  -41.197 0.0000000000
79062  31.520  23.439  -41.157 0.0000000000
79063  31.002  23.321  -40.812 0.0000000000
79635  34.248  24.730  -35.947 0.0000000000
79637  33.739  24.777  -36.456 0.0000000000
79638  33.044  24.883  -36.951 0.0000000000
79639  32.553  23.842  -36.757 0.0000000000
79642  35.488  25.551  -38.528 0.0000000000
79643  34.821  26.340  -39.148 0.0000000000
79644  32.616  25.617  -37.441 0.0000000000
79650  35.353  24.776  -38.660 0.0000000000
79651  34.668  25.555  -39.195 0.0000000000
79652  33.862  26.196  -39.343 0.0000000000
79654  34.468  24.966  -39.437 0.0000000000
79655  33.873  25.272  -39.752 0.0000000000
79656  33.147  25.365  -40.195 0.0000000000
79657  33.974  24.583  -40.128 0.0000000000
79658  33.382  24.667  -40.407 0.0000000000
79659  32.534  24.362  -40.775 0.0000000000
79660  32.325  23.937  -40.971 0.0000000000
79661  31.971  24.065  -40.953 0.0000000000
80165  34.093  25.696  -36.962 0.0000000000
80166  33.505  25.394  -37.045 0.0000000000
80170  34.577  27.210  -39.208 0.0000000000
80171  33.860  26.883  -38.311 0.0000000000
80172  33.008  26.289  -37.871 0.0000000000
80173  32.294  26.046  -37.690 0.0000000000
80177  34.468  26.712  -39.220 0.0000000000
80178  33.695  27.215  -39.236 0.0000000000
80179  33.244  27.179  -38.586 0.0000000000
80181  33.267  26.635  -39.523 0.0000000000
80182  32.734  26.146  -40.094 0.0000000000
80183  31.931  26.440  -39.660 0.0000000000
80184  32.546  25.276  -40.464 0.0000000000
80636  32.542  26.782  -38.343 0.0000000000
80637  32.273  26.565  -38.138 0.0000000000
80642  33.066  27.560  -39.217 0.0000000000
80643  32.418  27.324  -38.834 0.0000000000
80645  33.014  27.330  -39.329 0.0000000000
80646  32.638  27.043  -39.648 0.0000000000
104441  31.238  24.813  -37.936 0.0000000000
104442  32.087  25.180  -37.431 0.0000000000
104443  30.828  24.456  -38.700 0.0000000000
104444  31.584  26.211  -38.128 0.0000000000
104445  31.929  26.000  -37.730 0.0000000000
104447  31.973  26.285  -37.880 0.0000000000
104448  30.697  24.375  -39.241 0.0000000000
104449  30.821  25.193  -39.847 0.0000000000
104450  31.801  24.885  -40.627 0.0000000000
104451  31.166  26.552  -39.075 0.0000000000
104452  30.836  25.623  -38.675 0.0000000000
104453  31.758  25.944  -40.587 0.0000000000
