#!ascii label  , from subject FREESURFER vox2ras=TkReg 
258
78695  2.591  23.527  8.417 0.0000000000
79368  3.024  24.024  8.433 0.0000000000
79373  3.351  24.981  7.975 0.0000000000
79374  2.849  24.494  7.920 0.0000000000
79375  2.300  24.515  7.525 0.0000000000
79948  4.153  26.168  8.070 0.0000000000
79949  3.744  25.612  8.024 0.0000000000
79950  3.125  25.386  7.541 0.0000000000
79951  2.620  25.286  7.254 0.0000000000
79956  2.269  25.247  7.009 0.0000000000
80392  4.440  26.681  8.061 0.0000000000
80393  3.867  26.610  7.590 0.0000000000
80394  3.333  26.166  7.322 0.0000000000
80395  2.909  25.928  7.066 0.0000000000
80398  3.398  26.865  7.115 0.0000000000
80399  3.002  26.698  6.843 0.0000000000
80400  2.532  26.220  6.739 0.0000000000
80401  2.257  25.745  6.752 0.0000000000
80409  2.368  26.338  6.589 0.0000000000
80859  4.766  27.272  8.084 0.0000000000
80862  4.859  27.870  7.879 0.0000000000
80863  4.271  27.581  7.516 0.0000000000
80864  3.673  27.309  7.181 0.0000000000
80867  3.698  27.933  6.963 0.0000000000
80868  3.224  27.582  6.740 0.0000000000
80869  2.729  27.503  6.409 0.0000000000
80870  2.496  27.023  6.402 0.0000000000
80881  2.536  28.022  6.102 0.0000000000
80882  1.403  27.419  5.364 0.0000000000
80891  0.986  27.711  4.781 0.0000000000
81337  5.151  28.518  7.949 0.0000000000
81338  4.661  28.503  7.420 0.0000000000
81342  4.089  28.547  6.938 0.0000000000
81343  3.424  28.605  6.344 0.0000000000
81344  2.969  28.135  6.335 0.0000000000
81357  3.248  29.056  5.819 0.0000000000
81358  2.831  28.741  5.751 0.0000000000
81359  2.584  28.601  5.640 0.0000000000
81364  2.742  29.188  5.140 0.0000000000
81365  2.558  29.019  5.139 0.0000000000
81767  5.400  29.419  8.139 0.0000000000
81770  5.066  29.435  7.107 0.0000000000
81771  4.499  29.011  6.939 0.0000000000
81775  4.924  29.884  6.458 0.0000000000
81776  4.244  29.482  6.177 0.0000000000
81777  3.545  29.196  5.900 0.0000000000
81789  4.041  29.937  5.447 0.0000000000
81790  3.416  29.644  5.303 0.0000000000
81791  2.937  29.325  5.178 0.0000000000
81795  3.212  30.141  4.721 0.0000000000
81796  2.898  29.821  4.694 0.0000000000
81797  2.726  29.532  4.704 0.0000000000
81802  2.816  30.435  4.250 0.0000000000
82191  5.492  30.444  8.535 0.0000000000
82195  5.540  30.461  7.486 0.0000000000
82203  5.329  30.514  6.541 0.0000000000
82204  4.848  30.221  6.091 0.0000000000
82217  5.094  30.805  5.897 0.0000000000
82218  4.489  30.539  5.470 0.0000000000
82219  3.923  30.292  5.081 0.0000000000
82225  4.098  30.870  4.878 0.0000000000
82226  3.522  30.692  4.644 0.0000000000
82227  3.092  30.524  4.469 0.0000000000
82232  3.146  31.105  4.321 0.0000000000
82233  2.879  30.938  4.212 0.0000000000
82593  5.532  31.425  9.102 0.0000000000
82598  6.014  32.129  7.461 0.0000000000
82599  5.720  31.730  7.826 0.0000000000
82609  6.174  32.059  7.122 0.0000000000
82610  5.851  31.361  6.866 0.0000000000
82621  6.189  32.030  6.414 0.0000000000
82622  5.672  31.546  5.903 0.0000000000
82623  5.054  31.245  5.460 0.0000000000
82628  5.261  31.871  5.268 0.0000000000
82629  4.603  31.597  4.867 0.0000000000
82630  3.968  31.353  4.543 0.0000000000
82633  4.123  31.967  4.396 0.0000000000
82634  3.534  31.752  4.208 0.0000000000
82635  3.050  31.568  4.106 0.0000000000
82643  3.203  32.086  3.933 0.0000000000
82644  2.911  31.862  3.850 0.0000000000
83003  5.778  32.928  8.121 0.0000000000
83004  5.637  32.505  8.679 0.0000000000
83010  6.060  32.644  7.519 0.0000000000
83011  5.741  32.462  8.001 0.0000000000
83024  6.367  32.748  6.646 0.0000000000
83032  6.173  32.734  5.635 0.0000000000
83033  5.632  32.218  5.379 0.0000000000
83036  6.087  33.354  4.992 0.0000000000
83037  5.279  32.808  4.717 0.0000000000
83038  4.527  32.289  4.454 0.0000000000
83041  4.896  33.462  3.989 0.0000000000
83042  4.165  32.826  3.918 0.0000000000
83043  3.528  32.358  3.885 0.0000000000
83053  3.871  33.281  3.357 0.0000000000
83054  3.435  32.726  3.542 0.0000000000
83423  5.324  33.332  9.329 0.0000000000
83437  5.859  33.658  7.924 0.0000000000
83438  5.661  33.355  8.565 0.0000000000
83456  6.299  33.601  7.083 0.0000000000
83472  6.560  33.699  6.157 0.0000000000
83476  6.749  34.507  4.894 0.0000000000
83477  6.612  33.978  5.178 0.0000000000
83482  6.593  34.412  4.703 0.0000000000
83483  6.091  34.004  4.459 0.0000000000
83484  5.412  33.755  4.137 0.0000000000
83491  5.724  34.282  3.862 0.0000000000
83492  5.209  34.109  3.537 0.0000000000
83493  4.640  33.691  3.519 0.0000000000
83502  4.806  34.212  3.092 0.0000000000
83503  4.267  33.827  3.112 0.0000000000
83504  3.791  33.720  2.926 0.0000000000
83894  5.772  34.344  8.047 0.0000000000
83895  5.578  34.344  8.775 0.0000000000
83913  6.051  34.427  7.527 0.0000000000
83924  6.439  34.585  6.723 0.0000000000
83934  6.860  34.763  5.077 0.0000000000
83935  6.778  34.853  5.767 0.0000000000
83942  6.803  34.965  4.618 0.0000000000
83943  6.511  34.671  4.331 0.0000000000
83949  6.666  35.163  4.115 0.0000000000
83950  6.244  34.871  3.736 0.0000000000
83951  5.688  34.631  3.420 0.0000000000
83957  5.862  35.125  3.162 0.0000000000
83958  5.288  34.850  2.911 0.0000000000
83959  4.612  34.728  2.558 0.0000000000
83960  4.155  34.404  2.588 0.0000000000
83964  4.299  34.999  2.178 0.0000000000
84345  5.520  35.308  9.700 0.0000000000
84358  5.691  34.964  8.021 0.0000000000
84359  5.574  35.543  8.674 0.0000000000
84370  6.050  35.457  7.346 0.0000000000
84371  5.575  35.739  7.946 0.0000000000
84382  6.485  35.638  6.476 0.0000000000
84395  6.881  35.770  5.038 0.0000000000
84396  6.717  35.889  5.788 0.0000000000
84406  6.811  35.771  4.276 0.0000000000
84410  6.585  35.732  3.715 0.0000000000
84411  6.198  35.719  3.182 0.0000000000
84415  5.690  35.677  2.691 0.0000000000
84416  5.001  35.677  2.145 0.0000000000
84417  4.535  35.308  2.095 0.0000000000
84741  7.484  37.232  13.327 0.0000000000
84748  7.340  37.420  12.946 0.0000000000
84749  6.857  37.230  13.229 0.0000000000
84780  5.561  36.417  9.372 0.0000000000
84788  5.599  36.492  8.334 0.0000000000
84797  6.011  36.562  6.978 0.0000000000
84798  5.723  36.330  7.615 0.0000000000
84809  6.505  36.641  6.236 0.0000000000
84819  6.906  36.845  4.958 0.0000000000
84820  6.784  36.709  5.513 0.0000000000
84831  6.907  36.669  4.421 0.0000000000
84837  6.788  36.544  3.810 0.0000000000
85192  8.146  37.575  13.467 0.0000000000
85200  7.730  37.733  12.865 0.0000000000
85201  7.004  37.758  12.779 0.0000000000
85202  5.989  37.637  13.349 0.0000000000
85234  5.192  37.345  10.089 0.0000000000
85243  5.490  37.514  8.920 0.0000000000
85252  5.814  37.129  7.045 0.0000000000
85253  5.711  37.489  7.611 0.0000000000
85263  6.026  37.435  6.693 0.0000000000
85264  5.706  38.275  6.946 0.0000000000
85272  6.978  37.500  5.239 0.0000000000
85273  6.656  37.733  5.895 0.0000000000
85666  4.347  38.339  13.968 0.0000000000
85667  3.547  38.524  14.112 0.0000000000
85675  8.213  38.440  12.985 0.0000000000
85676  7.435  38.507  12.615 0.0000000000
85677  6.384  38.505  12.624 0.0000000000
85678  5.118  38.570  13.222 0.0000000000
85679  4.123  38.896  13.661 0.0000000000
85689  2.045  37.853  13.040 0.0000000000
85695  4.294  38.136  10.651 0.0000000000
85696  3.359  38.032  11.508 0.0000000000
85703  4.828  38.416  9.541 0.0000000000
85710  5.177  38.737  8.478 0.0000000000
85716  5.370  38.993  7.471 0.0000000000
85723  6.005  38.422  6.342 0.0000000000
85724  5.497  39.160  6.676 0.0000000000
85732  6.383  38.876  5.770 0.0000000000
85733  5.700  39.185  6.065 0.0000000000
86175  2.841  38.671  14.106 0.0000000000
86176  2.522  38.394  14.219 0.0000000000
86182  7.871  39.406  12.710 0.0000000000
86183  6.909  39.481  12.445 0.0000000000
86184  5.712  39.543  12.587 0.0000000000
86185  4.479  39.617  13.084 0.0000000000
86186  3.267  39.391  13.557 0.0000000000
86187  2.276  39.026  13.508 0.0000000000
86193  2.756  38.608  11.616 0.0000000000
86194  2.222  39.185  12.001 0.0000000000
86200  4.188  38.940  9.962 0.0000000000
86201  3.233  39.468  10.554 0.0000000000
86202  2.474  40.027  11.141 0.0000000000
86207  4.335  39.806  9.251 0.0000000000
86208  3.648  40.391  9.639 0.0000000000
86214  4.716  40.029  7.992 0.0000000000
86221  4.942  40.119  7.039 0.0000000000
86230  5.232  40.028  6.226 0.0000000000
86672  7.397  40.461  12.505 0.0000000000
86673  6.266  40.601  12.451 0.0000000000
86674  5.007  40.661  12.627 0.0000000000
86675  3.695  40.626  12.944 0.0000000000
86676  2.482  40.556  13.071 0.0000000000
86677  2.038  41.003  12.546 0.0000000000
86683  1.987  40.306  12.532 0.0000000000
86684  1.951  41.132  12.157 0.0000000000
86692  2.564  40.648  10.568 0.0000000000
86693  2.094  40.863  11.427 0.0000000000
86694  2.031  41.595  11.677 0.0000000000
86704  3.941  41.125  9.228 0.0000000000
86705  3.171  41.276  9.752 0.0000000000
86714  4.484  41.302  8.538 0.0000000000
86721  4.713  41.339  7.527 0.0000000000
87186  6.698  41.487  12.120 0.0000000000
87187  5.524  41.708  12.333 0.0000000000
87188  4.282  41.743  12.513 0.0000000000
87189  3.057  41.635  12.553 0.0000000000
87190  2.253  41.421  12.430 0.0000000000
87191  2.028  41.295  12.341 0.0000000000
87197  6.884  42.053  11.380 0.0000000000
87198  5.747  42.543  11.605 0.0000000000
87199  4.785  42.685  12.011 0.0000000000
87200  3.633  42.708  12.025 0.0000000000
87201  2.568  42.398  11.749 0.0000000000
87202  2.097  41.627  12.054 0.0000000000
87210  6.751  42.165  10.218 0.0000000000
87211  5.836  42.701  10.603 0.0000000000
87212  2.480  41.744  10.359 0.0000000000
87213  2.264  42.289  10.950 0.0000000000
87214  2.173  41.984  11.628 0.0000000000
87225  5.254  42.860  9.186 0.0000000000
87226  3.740  42.667  8.751 0.0000000000
87227  2.849  42.655  9.645 0.0000000000
87228  2.476  42.559  10.182 0.0000000000
87241  4.682  42.374  8.095 0.0000000000
87781  5.393  42.903  11.355 0.0000000000
87782  5.037  43.114  11.359 0.0000000000
87783  4.150  43.507  11.254 0.0000000000
87784  3.230  43.529  11.241 0.0000000000
87789  5.318  43.102  10.981 0.0000000000
87790  4.503  43.678  10.551 0.0000000000
87791  4.189  43.826  10.713 0.0000000000
87792  2.680  43.428  10.696 0.0000000000
87800  5.042  43.360  10.135 0.0000000000
87801  4.168  43.932  9.516 0.0000000000
87802  3.063  43.750  9.341 0.0000000000
87803  2.554  43.262  10.040 0.0000000000
88441  3.987  43.919  10.781 0.0000000000
88442  3.665  43.962  10.817 0.0000000000
88446  4.118  44.156  10.004 0.0000000000
88447  3.877  44.179  10.331 0.0000000000
88448  3.158  44.250  10.508 0.0000000000
88455  3.908  44.327  9.846 0.0000000000
88456  3.437  44.410  9.786 0.0000000000
88457  2.689  44.162  9.949 0.0000000000
