#!ascii label  , from subject FREESURFER vox2ras=TkReg 
498
1424  -0.950  -73.314  13.210 0.0000000000
1425  -1.195  -73.253  13.180 0.0000000000
1430  -0.246  -73.505  12.588 0.0000000000
1431  -0.726  -73.442  12.835 0.0000000000
1432  -1.563  -73.318  12.694 0.0000000000
1436  -0.283  -73.632  12.171 0.0000000000
1437  -1.154  -73.687  11.989 0.0000000000
1438  -1.999  -73.365  11.918 0.0000000000
1443  0.793  -73.694  10.612 0.0000000000
1444  -0.139  -73.958  11.019 0.0000000000
1445  -1.567  -73.570  11.110 0.0000000000
1446  -2.103  -73.201  11.301 0.0000000000
1454  -0.187  -74.237  9.848 0.0000000000
1455  -1.251  -73.617  9.636 0.0000000000
1456  -1.838  -73.201  10.699 0.0000000000
1750  -0.001  -72.312  16.979 0.0000000000
1751  -0.722  -72.045  16.966 0.0000000000
1752  -1.048  -71.794  16.883 0.0000000000
1755  0.449  -72.340  16.115 0.0000000000
1756  -0.418  -72.272  16.280 0.0000000000
1757  -1.011  -72.037  16.426 0.0000000000
1760  0.794  -72.405  15.136 0.0000000000
1761  -0.218  -72.421  15.394 0.0000000000
1762  -0.937  -72.222  15.690 0.0000000000
1765  1.008  -72.475  14.130 0.0000000000
1766  -0.025  -72.625  14.407 0.0000000000
1767  -1.047  -72.403  14.659 0.0000000000
1768  -1.503  -72.188  14.212 0.0000000000
1771  1.023  -72.551  13.224 0.0000000000
1772  0.193  -72.817  13.513 0.0000000000
1773  -0.752  -73.016  13.559 0.0000000000
1774  -1.443  -72.708  13.470 0.0000000000
1778  1.036  -72.678  12.679 0.0000000000
1779  0.276  -73.197  12.695 0.0000000000
1780  -0.269  -73.187  13.168 0.0000000000
1781  -2.005  -72.818  12.606 0.0000000000
1785  1.068  -72.779  12.095 0.0000000000
1786  0.425  -73.488  11.777 0.0000000000
1787  -2.305  -72.915  11.709 0.0000000000
1791  0.992  -73.183  11.177 0.0000000000
1792  0.448  -73.631  11.338 0.0000000000
1793  -2.118  -72.919  10.986 0.0000000000
1800  -1.457  -72.831  9.406 0.0000000000
1801  -1.731  -72.865  10.246 0.0000000000
1809  -1.280  -72.979  8.564 0.0000000000
2132  -0.540  -71.542  18.354 0.0000000000
2133  -1.076  -71.055  18.194 0.0000000000
2139  0.265  -72.110  17.798 0.0000000000
2140  -0.454  -71.936  17.543 0.0000000000
2141  -1.067  -71.422  17.395 0.0000000000
2142  -1.373  -71.031  17.265 0.0000000000
2148  0.970  -72.256  16.932 0.0000000000
2149  -1.259  -71.599  16.625 0.0000000000
2150  -1.423  -71.148  16.882 0.0000000000
2156  1.479  -72.102  15.919 0.0000000000
2157  -1.342  -71.877  15.906 0.0000000000
2158  -1.554  -71.310  16.122 0.0000000000
2164  1.882  -71.934  14.789 0.0000000000
2165  -1.301  -72.101  15.352 0.0000000000
2166  -1.561  -71.717  15.040 0.0000000000
2170  2.452  -71.529  14.168 0.0000000000
2171  1.823  -71.871  13.628 0.0000000000
2172  -1.260  -71.375  13.234 0.0000000000
2173  -1.583  -71.768  13.590 0.0000000000
2176  4.713  -71.161  12.216 0.0000000000
2177  1.461  -71.945  12.635 0.0000000000
2178  -1.100  -71.362  12.638 0.0000000000
2179  -1.830  -72.311  12.217 0.0000000000
2182  4.778  -71.027  11.576 0.0000000000
2183  2.063  -71.112  11.212 0.0000000000
2184  1.614  -71.742  11.487 0.0000000000
2185  -1.303  -71.765  11.534 0.0000000000
2186  -1.949  -72.522  11.276 0.0000000000
2190  2.150  -71.238  10.596 0.0000000000
2191  1.660  -72.246  10.518 0.0000000000
2192  -0.580  -71.413  10.006 0.0000000000
2193  -1.519  -72.040  10.606 0.0000000000
2194  -1.879  -72.630  10.700 0.0000000000
2200  -0.435  -71.631  9.082 0.0000000000
2201  -1.345  -72.235  9.764 0.0000000000
2202  -1.691  -72.495  10.340 0.0000000000
2210  -0.292  -71.909  8.320 0.0000000000
2211  -0.989  -72.385  8.853 0.0000000000
2483  -0.892  -70.571  18.448 0.0000000000
2485  -1.207  -70.627  17.421 0.0000000000
2486  -1.402  -70.864  17.068 0.0000000000
2488  -1.255  -70.259  16.806 0.0000000000
2489  -1.453  -70.600  16.520 0.0000000000
2493  -1.611  -70.706  15.502 0.0000000000
2497  2.865  -71.283  14.204 0.0000000000
2498  -1.565  -70.941  14.651 0.0000000000
2503  4.281  -70.869  12.925 0.0000000000
2504  3.574  -70.751  13.259 0.0000000000
2505  2.615  -71.071  13.449 0.0000000000
2506  1.931  -71.373  13.024 0.0000000000
2507  -1.095  -70.787  13.344 0.0000000000
2508  -1.428  -70.608  14.073 0.0000000000
2513  4.327  -70.708  12.236 0.0000000000
2514  3.867  -70.485  12.299 0.0000000000
2515  2.982  -70.474  12.373 0.0000000000
2516  2.005  -70.957  12.281 0.0000000000
2517  -0.782  -70.447  12.634 0.0000000000
2521  4.814  -70.984  11.279 0.0000000000
2522  4.401  -70.599  11.442 0.0000000000
2523  3.519  -70.344  11.384 0.0000000000
2524  2.534  -70.628  11.301 0.0000000000
2525  2.002  -71.023  11.549 0.0000000000
2526  -0.103  -70.045  10.975 0.0000000000
2527  -0.494  -70.495  11.624 0.0000000000
2531  3.207  -70.371  10.673 0.0000000000
2532  2.701  -70.632  10.430 0.0000000000
2533  -0.063  -70.424  10.417 0.0000000000
2534  -0.710  -71.293  10.863 0.0000000000
2540  0.689  -70.106  8.730 0.0000000000
2541  0.327  -70.569  9.181 0.0000000000
2548  0.814  -70.300  8.094 0.0000000000
2549  0.381  -71.213  8.314 0.0000000000
2556  1.218  -70.459  6.790 0.0000000000
2557  0.894  -70.977  7.559 0.0000000000
2562  1.426  -70.632  5.473 0.0000000000
2568  3.988  -70.645  5.423 0.0000000000
2569  2.886  -70.702  4.982 0.0000000000
2570  2.037  -70.684  4.126 0.0000000000
2571  1.175  -70.415  4.387 0.0000000000
2572  0.389  -69.942  4.166 0.0000000000
2576  1.999  -70.599  3.126 0.0000000000
2577  1.435  -70.911  3.244 0.0000000000
2578  0.473  -70.287  3.498 0.0000000000
2581  2.008  -70.358  2.847 0.0000000000
2582  1.651  -70.638  2.419 0.0000000000
2583  0.629  -70.751  2.530 0.0000000000
2586  0.769  -70.483  1.526 0.0000000000
2835  -0.689  -69.962  17.783 0.0000000000
2841  0.042  -69.500  16.925 0.0000000000
2842  -0.887  -69.781  16.794 0.0000000000
2843  -1.265  -69.962  16.377 0.0000000000
2846  2.060  -69.336  16.131 0.0000000000
2847  1.025  -69.266  15.968 0.0000000000
2848  -0.122  -69.145  15.940 0.0000000000
2849  -1.092  -69.331  16.021 0.0000000000
2850  -1.479  -69.773  15.698 0.0000000000
2852  2.866  -69.148  15.530 0.0000000000
2853  2.096  -69.035  14.852 0.0000000000
2854  0.889  -68.924  15.170 0.0000000000
2855  0.140  -68.495  15.234 0.0000000000
2856  -1.719  -69.694  14.766 0.0000000000
2861  1.864  -68.736  14.165 0.0000000000
2862  1.296  -68.681  14.501 0.0000000000
2863  0.765  -68.590  14.841 0.0000000000
2864  -0.942  -69.967  13.035 0.0000000000
2865  -1.500  -69.699  13.564 0.0000000000
2874  -0.913  -69.589  12.365 0.0000000000
2875  -1.259  -69.562  12.914 0.0000000000
2885  3.969  -70.255  10.756 0.0000000000
2886  3.612  -70.300  10.765 0.0000000000
2887  -0.313  -69.717  11.181 0.0000000000
2888  -0.618  -69.518  11.637 0.0000000000
2900  -0.171  -69.540  10.538 0.0000000000
2901  -0.729  -69.051  11.026 0.0000000000
2909  0.612  -69.941  9.018 0.0000000000
2910  0.216  -69.453  9.437 0.0000000000
2915  0.601  -69.664  8.499 0.0000000000
2916  0.058  -68.933  8.254 0.0000000000
2919  0.665  -69.344  7.265 0.0000000000
2920  -0.220  -68.748  7.420 0.0000000000
2926  3.884  -69.148  6.164 0.0000000000
2927  3.331  -69.141  5.912 0.0000000000
2928  0.946  -69.762  5.783 0.0000000000
2936  3.035  -69.832  5.417 0.0000000000
2937  2.364  -70.287  4.670 0.0000000000
2938  0.361  -69.646  4.856 0.0000000000
2939  -0.630  -69.627  4.084 0.0000000000
2940  -1.512  -69.287  3.959 0.0000000000
2944  2.319  -69.529  4.833 0.0000000000
2945  2.091  -69.906  3.620 0.0000000000
2946  1.713  -69.423  2.788 0.0000000000
2947  -0.420  -70.101  2.938 0.0000000000
2948  -1.486  -69.503  3.189 0.0000000000
2949  -1.750  -69.239  2.699 0.0000000000
2953  1.886  -70.228  2.642 0.0000000000
2954  1.559  -69.826  2.219 0.0000000000
2955  -0.212  -70.373  1.998 0.0000000000
2956  -1.132  -69.844  2.376 0.0000000000
2957  -1.610  -69.420  2.622 0.0000000000
2961  0.016  -68.918  1.529 0.0000000000
2962  -0.801  -69.884  1.567 0.0000000000
3204  4.043  -68.124  15.239 0.0000000000
3205  3.541  -68.789  15.851 0.0000000000
3206  -0.868  -68.545  15.623 0.0000000000
3207  -1.664  -68.854  15.598 0.0000000000
3208  -1.929  -69.189  15.349 0.0000000000
3210  3.984  -68.122  14.178 0.0000000000
3211  3.271  -68.737  14.626 0.0000000000
3212  2.678  -68.825  14.401 0.0000000000
3213  -0.528  -67.723  15.124 0.0000000000
3214  -1.650  -68.002  15.477 0.0000000000
3215  -2.309  -68.471  15.093 0.0000000000
3223  3.961  -68.002  13.646 0.0000000000
3224  3.528  -68.251  13.564 0.0000000000
3225  2.529  -68.616  13.855 0.0000000000
3226  1.463  -68.161  13.844 0.0000000000
3227  0.605  -68.145  14.612 0.0000000000
3228  -2.487  -68.509  13.830 0.0000000000
3229  -3.060  -67.956  13.337 0.0000000000
3238  2.947  -68.220  12.981 0.0000000000
3239  2.098  -68.073  13.098 0.0000000000
3240  1.662  -67.752  13.371 0.0000000000
3241  -1.300  -69.175  12.280 0.0000000000
3242  -1.752  -68.998  12.686 0.0000000000
3243  -2.784  -68.196  12.809 0.0000000000
3253  -1.311  -68.962  11.815 0.0000000000
3254  -2.291  -68.343  11.910 0.0000000000
3255  -2.891  -67.808  12.125 0.0000000000
3268  -0.776  -68.714  10.048 0.0000000000
3269  -1.875  -68.446  10.810 0.0000000000
3270  -2.697  -67.919  11.330 0.0000000000
3271  -2.790  -67.652  11.776 0.0000000000
3280  -0.864  -68.583  8.867 0.0000000000
3281  -2.065  -68.248  9.454 0.0000000000
3282  -2.489  -67.956  10.477 0.0000000000
3284  -1.045  -68.547  7.793 0.0000000000
3285  -1.856  -68.303  8.196 0.0000000000
3288  -0.202  -68.863  6.773 0.0000000000
3289  -1.118  -68.715  6.915 0.0000000000
3290  -1.751  -68.325  7.209 0.0000000000
3296  3.225  -68.506  6.211 0.0000000000
3297  2.667  -68.168  5.843 0.0000000000
3298  0.136  -69.160  6.132 0.0000000000
3299  -1.020  -69.067  6.073 0.0000000000
3300  -1.667  -68.514  6.192 0.0000000000
3307  2.971  -69.064  5.737 0.0000000000
3308  2.564  -68.610  5.576 0.0000000000
3309  0.304  -69.413  5.539 0.0000000000
3310  -0.501  -69.281  5.272 0.0000000000
3311  -1.545  -68.904  4.832 0.0000000000
3315  2.529  -69.217  5.344 0.0000000000
3316  2.109  -68.877  4.584 0.0000000000
3317  1.710  -68.877  3.283 0.0000000000
3318  -1.743  -68.946  3.747 0.0000000000
3319  -1.762  -68.829  2.965 0.0000000000
3322  1.389  -68.961  2.331 0.0000000000
3323  -1.759  -68.934  1.880 0.0000000000
3570  4.177  -67.626  14.528 0.0000000000
3571  -0.739  -67.118  14.843 0.0000000000
3572  -1.554  -67.334  15.047 0.0000000000
3573  -2.177  -67.700  15.157 0.0000000000
3581  4.105  -67.487  13.671 0.0000000000
3582  3.842  -67.854  13.381 0.0000000000
3583  1.331  -67.511  13.646 0.0000000000
3584  0.357  -67.087  14.261 0.0000000000
3585  -1.243  -66.839  14.474 0.0000000000
3586  -2.521  -67.370  14.440 0.0000000000
3587  -3.004  -67.667  13.679 0.0000000000
3596  4.119  -67.026  13.072 0.0000000000
3597  3.649  -67.508  12.743 0.0000000000
3598  2.619  -67.623  12.417 0.0000000000
3599  1.559  -67.033  13.074 0.0000000000
3600  0.391  -66.483  13.382 0.0000000000
3601  -2.973  -67.183  13.638 0.0000000000
3602  -3.148  -67.447  12.945 0.0000000000
3615  3.200  -67.059  11.659 0.0000000000
3616  2.147  -66.820  11.817 0.0000000000
3617  1.481  -66.525  12.292 0.0000000000
3618  -2.484  -66.774  11.607 0.0000000000
3619  -2.782  -67.197  12.059 0.0000000000
3632  2.645  -66.750  11.161 0.0000000000
3633  2.270  -66.625  11.254 0.0000000000
3634  -2.519  -67.280  11.073 0.0000000000
3635  -2.696  -67.554  11.568 0.0000000000
3644  -1.871  -67.487  9.357 0.0000000000
3645  -2.279  -67.598  10.103 0.0000000000
3647  -2.074  -67.872  8.523 0.0000000000
3654  -2.010  -67.883  7.639 0.0000000000
3664  2.790  -67.783  6.131 0.0000000000
3665  -1.905  -67.952  6.639 0.0000000000
3674  2.193  -67.788  5.170 0.0000000000
3675  1.577  -67.364  3.930 0.0000000000
3676  -1.785  -68.002  5.439 0.0000000000
3681  1.775  -68.127  3.906 0.0000000000
3682  1.142  -67.947  2.756 0.0000000000
3683  -1.142  -67.701  3.351 0.0000000000
3684  -1.542  -67.965  3.818 0.0000000000
3685  -1.519  -68.085  2.566 0.0000000000
4009  -0.740  -66.446  13.708 0.0000000000
4010  -2.010  -66.701  13.801 0.0000000000
4011  -2.678  -66.947  13.793 0.0000000000
4021  4.241  -66.404  12.419 0.0000000000
4022  3.797  -66.946  12.011 0.0000000000
4023  0.801  -66.224  12.645 0.0000000000
4024  -0.356  -66.119  12.901 0.0000000000
4025  -1.574  -66.317  12.989 0.0000000000
4026  -2.686  -66.783  13.086 0.0000000000
4027  -3.038  -67.000  12.668 0.0000000000
4039  4.442  -65.782  11.342 0.0000000000
4040  3.919  -66.526  11.421 0.0000000000
4041  1.973  -66.513  11.334 0.0000000000
4042  1.287  -66.037  11.637 0.0000000000
4043  0.067  -65.556  12.326 0.0000000000
4044  -1.104  -65.692  12.350 0.0000000000
4045  -2.106  -66.324  12.077 0.0000000000
4046  -2.736  -66.863  12.516 0.0000000000
4058  4.093  -66.058  10.757 0.0000000000
4059  3.316  -66.397  10.647 0.0000000000
4060  2.192  -66.344  10.800 0.0000000000
4061  1.515  -65.693  10.823 0.0000000000
4062  -2.207  -66.314  11.218 0.0000000000
4074  2.714  -66.046  10.081 0.0000000000
4075  1.984  -65.742  10.191 0.0000000000
4076  1.605  -65.347  10.478 0.0000000000
4077  -1.375  -66.647  9.487 0.0000000000
4078  -1.946  -66.690  10.322 0.0000000000
4083  -0.981  -66.953  7.640 0.0000000000
4084  -1.344  -67.220  8.354 0.0000000000
4092  -0.636  -66.793  7.045 0.0000000000
4093  -1.459  -67.423  7.239 0.0000000000
4105  -0.247  -66.683  5.961 0.0000000000
4106  -1.253  -67.412  6.229 0.0000000000
4116  1.936  -66.643  4.783 0.0000000000
4117  0.856  -66.687  3.503 0.0000000000
4118  0.064  -66.809  4.554 0.0000000000
4119  -0.986  -67.406  5.031 0.0000000000
4126  -0.626  -67.493  3.482 0.0000000000
4127  -0.773  -67.454  4.212 0.0000000000
4134  -0.951  -67.609  3.241 0.0000000000
4550  4.820  -64.984  11.094 0.0000000000
4551  1.094  -65.395  11.269 0.0000000000
4552  0.402  -64.890  11.698 0.0000000000
4553  -0.748  -64.774  12.135 0.0000000000
4554  -1.597  -64.984  11.813 0.0000000000
4564  4.443  -65.355  10.396 0.0000000000
4565  3.928  -65.818  10.254 0.0000000000
4566  1.144  -64.861  10.947 0.0000000000
4567  0.625  -64.455  11.392 0.0000000000
4568  -1.985  -65.257  11.315 0.0000000000
4580  4.054  -65.395  9.926 0.0000000000
4581  3.458  -65.586  9.808 0.0000000000
4582  2.525  -65.365  9.679 0.0000000000
4583  1.739  -64.910  10.109 0.0000000000
4584  -1.523  -65.650  10.004 0.0000000000
4585  -1.913  -65.634  10.741 0.0000000000
4593  -0.511  -66.372  7.924 0.0000000000
4594  -0.750  -65.826  9.048 0.0000000000
4600  0.051  -65.770  7.053 0.0000000000
4601  -0.386  -65.416  8.101 0.0000000000
4613  0.560  -65.749  5.604 0.0000000000
4626  1.638  -65.733  4.508 0.0000000000
4627  0.905  -65.709  4.217 0.0000000000
5085  0.270  -64.157  11.627 0.0000000000
5086  -0.394  -64.055  11.920 0.0000000000
5087  -1.334  -64.031  11.861 0.0000000000
5097  4.900  -64.342  10.340 0.0000000000
5098  1.246  -64.094  10.551 0.0000000000
5099  0.681  -63.931  11.216 0.0000000000
5100  -1.891  -64.190  11.336 0.0000000000
5110  4.130  -64.616  9.467 0.0000000000
5111  3.087  -64.848  9.264 0.0000000000
5112  2.246  -64.443  9.539 0.0000000000
5113  1.658  -64.118  9.992 0.0000000000
5114  -1.358  -64.815  9.594 0.0000000000
5115  -1.867  -64.469  10.450 0.0000000000
5125  3.852  -63.802  8.874 0.0000000000
5126  3.238  -64.132  9.017 0.0000000000
5127  2.712  -64.260  9.221 0.0000000000
5128  -0.939  -64.410  8.660 0.0000000000
5129  -1.640  -64.048  9.502 0.0000000000
5136  0.250  -64.568  6.537 0.0000000000
5137  -0.257  -64.735  7.652 0.0000000000
5149  0.757  -64.846  5.010 0.0000000000
5668  0.002  -63.645  11.590 0.0000000000
5669  -0.802  -63.448  11.548 0.0000000000
5670  -1.573  -63.527  11.359 0.0000000000
5680  5.087  -63.320  10.036 0.0000000000
5681  4.749  -63.828  9.589 0.0000000000
5682  0.854  -63.527  10.806 0.0000000000
5683  0.078  -63.086  11.007 0.0000000000
5684  -1.277  -62.944  10.935 0.0000000000
5685  -1.912  -63.482  10.772 0.0000000000
5694  4.855  -63.194  9.310 0.0000000000
5695  4.433  -63.454  8.943 0.0000000000
5696  1.822  -63.822  9.718 0.0000000000
5697  1.145  -63.203  10.207 0.0000000000
5698  0.309  -62.839  10.502 0.0000000000
5699  -1.875  -62.928  10.381 0.0000000000
5700  -1.915  -63.336  9.864 0.0000000000
5709  3.924  -63.212  8.488 0.0000000000
5710  3.192  -63.417  8.615 0.0000000000
5711  2.219  -63.470  9.278 0.0000000000
5712  1.458  -62.880  9.581 0.0000000000
5713  -1.183  -63.825  8.387 0.0000000000
5714  -1.582  -63.502  8.753 0.0000000000
5722  -0.211  -63.822  6.578 0.0000000000
5723  -0.846  -63.676  7.627 0.0000000000
5724  -1.937  -63.015  8.018 0.0000000000
5731  0.142  -63.956  5.626 0.0000000000
5732  -0.798  -63.397  6.282 0.0000000000
5733  -1.779  -62.938  6.981 0.0000000000
6268  -0.054  -62.759  10.564 0.0000000000
6269  -0.576  -62.705  10.576 0.0000000000
6278  5.057  -62.389  9.112 0.0000000000
6279  4.745  -62.884  8.874 0.0000000000
6280  0.877  -62.536  9.654 0.0000000000
6281  -0.065  -62.501  10.061 0.0000000000
6282  -1.361  -62.544  10.089 0.0000000000
6283  -1.852  -62.817  9.884 0.0000000000
6290  4.913  -61.977  8.432 0.0000000000
6291  4.408  -62.408  8.188 0.0000000000
6292  3.380  -62.755  8.090 0.0000000000
6293  2.416  -62.718  8.506 0.0000000000
6294  1.424  -62.442  9.048 0.0000000000
6295  0.170  -62.002  9.069 0.0000000000
6296  -1.014  -62.023  9.398 0.0000000000
6297  -1.789  -62.482  8.921 0.0000000000
6306  4.054  -61.864  7.525 0.0000000000
6307  3.517  -62.114  7.570 0.0000000000
6308  2.555  -62.200  7.776 0.0000000000
6309  1.527  -62.060  8.246 0.0000000000
6310  0.842  -61.960  8.630 0.0000000000
6311  -2.313  -62.155  7.545 0.0000000000
6312  -2.623  -61.524  7.409 0.0000000000
6842  5.181  -61.337  9.475 0.0000000000
6850  5.114  -61.373  8.484 0.0000000000
6851  4.812  -61.654  8.035 0.0000000000
6852  -0.124  -61.648  8.693 0.0000000000
6853  -0.676  -61.590  8.817 0.0000000000
6854  -1.546  -61.691  8.752 0.0000000000
6863  4.906  -61.088  7.815 0.0000000000
6864  4.369  -61.307  7.423 0.0000000000
6865  3.630  -61.494  7.156 0.0000000000
6866  2.753  -61.626  7.170 0.0000000000
6867  1.656  -61.574  7.527 0.0000000000
6868  0.168  -61.384  8.154 0.0000000000
6869  -1.337  -61.079  8.408 0.0000000000
6870  -2.233  -61.347  7.925 0.0000000000
6881  3.762  -60.924  6.852 0.0000000000
6882  3.018  -61.010  6.681 0.0000000000
6883  1.990  -60.993  6.894 0.0000000000
6884  0.871  -60.916  7.332 0.0000000000
6885  0.225  -60.825  7.651 0.0000000000
7454  5.056  -60.381  9.485 0.0000000000
7464  5.189  -60.494  8.713 0.0000000000
7475  5.071  -60.526  7.998 0.0000000000
7476  4.666  -60.440  7.409 0.0000000000
7477  -0.150  -60.717  7.793 0.0000000000
7478  -0.961  -60.419  7.921 0.0000000000
7479  -2.073  -60.482  7.913 0.0000000000
7492  4.121  -60.371  6.861 0.0000000000
7493  3.341  -60.282  6.544 0.0000000000
7494  2.352  -60.260  6.519 0.0000000000
7495  1.191  -60.236  6.777 0.0000000000
7496  -0.052  -60.223  7.398 0.0000000000
7497  -0.862  -59.957  7.632 0.0000000000
8067  5.032  -59.808  8.955 0.0000000000
8068  4.646  -59.011  9.124 0.0000000000
8078  5.081  -59.933  8.539 0.0000000000
8079  4.868  -59.362  8.348 0.0000000000
8091  5.081  -60.005  8.217 0.0000000000
8092  4.789  -59.651  7.642 0.0000000000
8093  -1.240  -59.894  7.687 0.0000000000
8094  -1.811  -59.857  7.695 0.0000000000
8108  4.367  -59.605  6.970 0.0000000000
8109  3.695  -59.518  6.534 0.0000000000
8110  2.758  -59.454  6.341 0.0000000000
8111  1.614  -59.417  6.358 0.0000000000
8112  0.293  -59.401  6.658 0.0000000000
8113  -1.129  -59.441  7.222 0.0000000000
8727  4.602  -58.377  8.413 0.0000000000
8736  4.633  -58.636  7.681 0.0000000000
8748  4.455  -58.896  7.146 0.0000000000
8749  4.000  -58.694  6.649 0.0000000000
8750  3.165  -58.619  6.314 0.0000000000
8751  2.137  -58.537  6.188 0.0000000000
8752  0.849  -58.453  6.247 0.0000000000
8753  -0.587  -58.437  6.579 0.0000000000
9441  4.528  -57.656  7.793 0.0000000000
9447  4.298  -57.854  7.003 0.0000000000
9448  3.461  -57.668  6.411 0.0000000000
9449  2.652  -57.808  6.183 0.0000000000
9450  1.657  -57.404  6.149 0.0000000000
9451  0.092  -57.393  6.372 0.0000000000
9461  3.214  -57.338  6.318 0.0000000000
9462  2.954  -57.331  6.215 0.0000000000
9463  2.425  -57.280  6.160 0.0000000000
10085  4.310  -56.805  7.364 0.0000000000
10086  3.799  -56.722  6.661 0.0000000000
10087  3.064  -56.334  6.275 0.0000000000
10088  2.111  -56.405  6.244 0.0000000000
10089  0.861  -56.386  6.371 0.0000000000
10101  3.215  -57.037  6.309 0.0000000000
10102  2.666  -56.890  6.184 0.0000000000
10103  2.210  -56.990  6.132 0.0000000000
10693  4.141  -55.857  7.114 0.0000000000
10694  3.568  -55.653  6.646 0.0000000000
102349  -0.104  -70.159  1.293 0.0000000000
102350  -1.294  -68.244  2.458 0.0000000000
102351  -1.638  -68.341  2.021 0.0000000000
102352  -1.349  -68.290  1.827 0.0000000000
102353  -0.408  -67.614  2.444 0.0000000000
102354  -1.117  -67.705  3.073 0.0000000000
