#!ascii label  , from subject FREESURFER vox2ras=TkReg 
458
25884  30.188  -35.697  -18.568 0.0000000000
25885  29.313  -35.648  -18.282 0.0000000000
25886  28.195  -35.707  -18.446 0.0000000000
25894  31.853  -35.865  -19.973 0.0000000000
25895  30.914  -35.804  -19.153 0.0000000000
26789  21.620  -34.681  -17.456 0.0000000000
26790  20.535  -34.747  -17.625 0.0000000000
26797  19.774  -34.778  -17.859 0.0000000000
26802  30.447  -35.295  -18.944 0.0000000000
26803  29.890  -34.978  -18.748 0.0000000000
26804  28.863  -34.750  -18.751 0.0000000000
26805  27.760  -34.496  -19.065 0.0000000000
26806  26.618  -34.702  -18.868 0.0000000000
26807  25.587  -34.775  -18.725 0.0000000000
26808  24.521  -34.737  -18.816 0.0000000000
26809  23.845  -34.350  -18.908 0.0000000000
26810  19.668  -34.634  -18.183 0.0000000000
26813  32.400  -34.849  -20.457 0.0000000000
26814  30.875  -34.774  -19.430 0.0000000000
26815  29.568  -34.162  -19.220 0.0000000000
26816  28.577  -33.954  -19.246 0.0000000000
26817  28.068  -33.835  -19.280 0.0000000000
26818  23.875  -34.925  -19.016 0.0000000000
26819  23.252  -34.599  -19.109 0.0000000000
26820  22.229  -34.683  -19.100 0.0000000000
26821  21.113  -34.767  -18.858 0.0000000000
26822  20.149  -34.943  -18.474 0.0000000000
26823  33.983  -34.612  -21.001 0.0000000000
26824  33.386  -34.582  -20.996 0.0000000000
26825  32.820  -34.327  -20.867 0.0000000000
27651  25.417  -33.804  -16.256 0.0000000000
27652  24.631  -33.849  -16.540 0.0000000000
27657  23.954  -33.838  -16.781 0.0000000000
27658  23.184  -33.738  -17.096 0.0000000000
27659  22.179  -33.715  -17.368 0.0000000000
27660  21.025  -33.757  -17.540 0.0000000000
27667  19.955  -33.807  -17.735 0.0000000000
27673  26.964  -33.668  -18.759 0.0000000000
27674  26.005  -33.769  -18.446 0.0000000000
27675  24.932  -33.752  -18.516 0.0000000000
27676  24.090  -33.762  -18.764 0.0000000000
27677  23.475  -33.723  -19.026 0.0000000000
27678  19.432  -33.846  -18.142 0.0000000000
27679  34.334  -34.285  -21.037 0.0000000000
27681  31.344  -33.926  -19.955 0.0000000000
27682  30.230  -33.609  -19.703 0.0000000000
27683  29.090  -33.260  -19.659 0.0000000000
27684  28.287  -33.323  -19.310 0.0000000000
27685  27.716  -33.491  -19.035 0.0000000000
27686  22.658  -33.699  -19.266 0.0000000000
27687  21.541  -33.746  -19.265 0.0000000000
27688  20.382  -33.822  -19.033 0.0000000000
27689  19.652  -33.836  -18.586 0.0000000000
27690  33.953  -34.162  -21.331 0.0000000000
27691  33.157  -33.888  -21.138 0.0000000000
27692  32.136  -33.609  -20.552 0.0000000000
27693  30.790  -33.055  -20.244 0.0000000000
27694  29.805  -32.860  -20.073 0.0000000000
28490  26.355  -32.289  -15.592 0.0000000000
28497  25.967  -32.842  -15.958 0.0000000000
28498  24.782  -32.832  -16.497 0.0000000000
28499  24.284  -33.329  -16.642 0.0000000000
28505  24.281  -32.406  -16.666 0.0000000000
28506  23.843  -32.858  -16.817 0.0000000000
28507  22.841  -32.781  -17.224 0.0000000000
28508  21.705  -32.743  -17.441 0.0000000000
28509  20.517  -32.824  -17.661 0.0000000000
28515  26.589  -32.212  -18.091 0.0000000000
28516  25.991  -32.123  -18.027 0.0000000000
28517  25.586  -31.903  -18.181 0.0000000000
28518  19.469  -32.692  -17.982 0.0000000000
28519  19.354  -31.965  -18.302 0.0000000000
28525  27.885  -32.262  -18.663 0.0000000000
28526  27.268  -32.628  -18.444 0.0000000000
28527  26.388  -32.854  -18.281 0.0000000000
28528  25.316  -32.547  -18.319 0.0000000000
28529  24.082  -32.742  -18.781 0.0000000000
28530  23.725  -33.239  -18.931 0.0000000000
28531  19.246  -32.921  -18.655 0.0000000000
28532  19.013  -32.120  -18.610 0.0000000000
28535  34.533  -33.810  -20.805 0.0000000000
28537  29.143  -32.283  -19.955 0.0000000000
28538  28.423  -32.446  -19.278 0.0000000000
28539  27.931  -32.856  -18.960 0.0000000000
28540  23.616  -32.433  -19.083 0.0000000000
28541  23.246  -32.766  -19.233 0.0000000000
28542  22.084  -32.751  -19.503 0.0000000000
28543  20.858  -32.753  -19.443 0.0000000000
28544  19.603  -32.713  -19.322 0.0000000000
28545  18.918  -32.091  -19.228 0.0000000000
28548  34.452  -33.433  -21.300 0.0000000000
28549  33.707  -33.201  -21.476 0.0000000000
28550  32.607  -32.864  -21.045 0.0000000000
28551  31.371  -32.427  -20.706 0.0000000000
28552  30.078  -32.093  -20.465 0.0000000000
28553  19.259  -31.998  -19.498 0.0000000000
28554  19.051  -31.660  -19.534 0.0000000000
28559  34.279  -32.664  -21.555 0.0000000000
28560  33.778  -32.323  -21.518 0.0000000000
29308  26.558  -31.753  -15.360 0.0000000000
29309  26.017  -31.756  -15.804 0.0000000000
29317  25.300  -31.795  -16.306 0.0000000000
29318  24.502  -31.894  -16.612 0.0000000000
29324  24.029  -32.106  -16.794 0.0000000000
29325  23.467  -31.951  -16.993 0.0000000000
29326  22.509  -31.763  -17.251 0.0000000000
29327  21.186  -31.661  -17.588 0.0000000000
29328  20.244  -32.192  -17.820 0.0000000000
29335  26.871  -31.748  -18.010 0.0000000000
29336  26.281  -31.640  -17.984 0.0000000000
29337  25.784  -31.489  -18.108 0.0000000000
29338  20.810  -31.031  -17.781 0.0000000000
29339  20.033  -31.500  -18.046 0.0000000000
29340  19.192  -31.380  -18.518 0.0000000000
29346  28.161  -31.566  -18.639 0.0000000000
29347  27.486  -31.679  -18.240 0.0000000000
29348  25.210  -31.469  -18.368 0.0000000000
29349  24.361  -31.642  -18.715 0.0000000000
29350  18.724  -31.422  -18.952 0.0000000000
29353  34.514  -32.771  -20.683 0.0000000000
29355  29.359  -31.406  -19.990 0.0000000000
29356  28.774  -31.546  -19.336 0.0000000000
29357  23.479  -31.826  -19.197 0.0000000000
29358  22.543  -31.789  -19.583 0.0000000000
29359  21.478  -31.791  -19.697 0.0000000000
29360  20.228  -31.736  -19.678 0.0000000000
29361  19.565  -31.995  -19.566 0.0000000000
29362  18.831  -31.368  -19.382 0.0000000000
29366  34.593  -31.525  -21.556 0.0000000000
29367  34.427  -32.191  -21.353 0.0000000000
29368  33.057  -32.324  -21.358 0.0000000000
29369  31.991  -31.694  -21.190 0.0000000000
29370  30.801  -31.389  -20.793 0.0000000000
29371  29.961  -31.094  -20.431 0.0000000000
29372  19.926  -31.362  -19.737 0.0000000000
29373  19.534  -31.472  -19.654 0.0000000000
29374  19.080  -31.191  -19.632 0.0000000000
29379  34.612  -31.299  -21.686 0.0000000000
29380  34.272  -31.655  -21.595 0.0000000000
29381  33.055  -31.422  -21.510 0.0000000000
29382  32.092  -30.866  -21.433 0.0000000000
30120  26.572  -30.651  -15.260 0.0000000000
30121  26.230  -31.207  -15.623 0.0000000000
30131  26.163  -30.110  -15.765 0.0000000000
30132  25.770  -30.696  -16.062 0.0000000000
30133  24.589  -30.815  -16.607 0.0000000000
30134  24.075  -30.297  -16.760 0.0000000000
30139  24.021  -31.497  -16.804 0.0000000000
30140  23.482  -30.795  -16.987 0.0000000000
30141  22.289  -30.733  -17.350 0.0000000000
30142  21.403  -30.556  -17.651 0.0000000000
30148  26.993  -31.122  -17.959 0.0000000000
30149  26.391  -31.116  -17.981 0.0000000000
30150  26.008  -31.208  -18.015 0.0000000000
30151  20.581  -30.448  -17.998 0.0000000000
30152  19.660  -30.526  -18.421 0.0000000000
30153  18.924  -30.601  -18.789 0.0000000000
30158  33.345  -30.627  -19.080 0.0000000000
30161  29.328  -30.241  -18.996 0.0000000000
30162  28.584  -30.649  -18.624 0.0000000000
30163  27.565  -30.661  -18.055 0.0000000000
30164  26.535  -30.397  -17.932 0.0000000000
30165  25.614  -30.658  -18.200 0.0000000000
30166  24.516  -30.599  -18.627 0.0000000000
30167  18.755  -30.745  -19.205 0.0000000000
30171  34.703  -30.770  -20.717 0.0000000000
30172  33.996  -31.462  -20.111 0.0000000000
30174  30.055  -30.262  -20.062 0.0000000000
30175  29.651  -30.632  -19.814 0.0000000000
30176  29.131  -30.903  -19.357 0.0000000000
30177  23.602  -30.693  -19.107 0.0000000000
30178  22.770  -30.781  -19.550 0.0000000000
30179  21.944  -30.893  -19.772 0.0000000000
30180  21.077  -30.942  -19.924 0.0000000000
30181  18.889  -30.879  -19.503 0.0000000000
30185  34.712  -31.086  -21.577 0.0000000000
30186  34.591  -31.733  -20.969 0.0000000000
30187  31.304  -30.598  -21.123 0.0000000000
30188  30.430  -30.490  -20.572 0.0000000000
30189  29.988  -30.613  -20.261 0.0000000000
30190  20.137  -30.930  -19.861 0.0000000000
30191  19.464  -30.826  -19.747 0.0000000000
30192  19.094  -30.715  -19.651 0.0000000000
30196  34.544  -30.753  -21.878 0.0000000000
30197  33.588  -30.611  -21.783 0.0000000000
30198  32.549  -30.449  -21.649 0.0000000000
30199  31.855  -30.272  -21.468 0.0000000000
30908  25.824  -29.568  -16.063 0.0000000000
30909  25.032  -29.688  -16.443 0.0000000000
30910  24.385  -29.951  -16.643 0.0000000000
30915  24.424  -29.339  -16.662 0.0000000000
30916  23.857  -29.680  -16.891 0.0000000000
30917  22.972  -29.727  -17.317 0.0000000000
30918  22.093  -29.969  -17.558 0.0000000000
30925  28.485  -29.014  -17.950 0.0000000000
30926  27.697  -28.919  -17.749 0.0000000000
30927  27.187  -28.692  -17.734 0.0000000000
30928  22.320  -29.293  -17.678 0.0000000000
30929  21.362  -29.572  -17.925 0.0000000000
30930  20.208  -29.565  -18.352 0.0000000000
30931  19.296  -29.661  -18.733 0.0000000000
30936  33.479  -29.573  -18.868 0.0000000000
30938  30.320  -29.203  -19.050 0.0000000000
30939  29.565  -29.411  -18.701 0.0000000000
30940  28.861  -29.685  -18.387 0.0000000000
30941  28.054  -29.751  -17.953 0.0000000000
30942  26.914  -29.336  -17.780 0.0000000000
30943  25.781  -29.498  -18.171 0.0000000000
30944  24.767  -29.580  -18.586 0.0000000000
30945  18.911  -29.884  -19.082 0.0000000000
30949  34.749  -29.688  -20.365 0.0000000000
30950  34.078  -30.234  -19.775 0.0000000000
30951  31.238  -29.369  -20.416 0.0000000000
30952  30.531  -29.748  -19.999 0.0000000000
30953  29.887  -29.911  -19.451 0.0000000000
30954  23.815  -29.638  -19.129 0.0000000000
30955  23.011  -29.793  -19.649 0.0000000000
30956  22.123  -29.845  -19.935 0.0000000000
30957  21.557  -30.381  -19.897 0.0000000000
30958  19.007  -30.219  -19.432 0.0000000000
30963  35.478  -29.018  -21.826 0.0000000000
30964  35.206  -30.003  -21.334 0.0000000000
30965  31.538  -29.700  -21.208 0.0000000000
30966  30.896  -29.920  -20.765 0.0000000000
30967  21.660  -29.288  -20.203 0.0000000000
30968  20.973  -29.919  -19.989 0.0000000000
30969  19.874  -30.152  -19.772 0.0000000000
30970  19.319  -30.333  -19.665 0.0000000000
30974  35.315  -28.694  -22.346 0.0000000000
30975  35.063  -29.782  -22.153 0.0000000000
30976  34.017  -29.558  -22.188 0.0000000000
30977  32.858  -29.774  -21.894 0.0000000000
30978  32.129  -29.870  -21.636 0.0000000000
30981  35.160  -28.441  -22.583 0.0000000000
30982  34.982  -28.875  -22.458 0.0000000000
30983  34.691  -29.260  -22.332 0.0000000000
31703  23.569  -29.026  -17.187 0.0000000000
31708  33.546  -28.097  -17.900 0.0000000000
31709  33.060  -28.233  -17.460 0.0000000000
31710  29.420  -28.081  -17.997 0.0000000000
31711  28.985  -28.298  -17.935 0.0000000000
31712  28.116  -28.328  -17.777 0.0000000000
31713  27.427  -28.289  -17.757 0.0000000000
31714  23.760  -28.412  -17.231 0.0000000000
31715  23.046  -28.614  -17.544 0.0000000000
31716  22.003  -28.584  -18.038 0.0000000000
31717  20.825  -28.637  -18.347 0.0000000000
31718  19.699  -28.628  -18.698 0.0000000000
31723  34.640  -27.987  -19.009 0.0000000000
31724  33.835  -28.456  -18.526 0.0000000000
31725  33.007  -29.058  -18.069 0.0000000000
31726  31.475  -28.407  -19.325 0.0000000000
31727  30.846  -28.380  -18.792 0.0000000000
31728  29.807  -28.364  -18.266 0.0000000000
31729  29.143  -28.970  -18.222 0.0000000000
31730  26.785  -28.199  -17.927 0.0000000000
31731  25.963  -28.478  -18.233 0.0000000000
31732  25.085  -28.595  -18.670 0.0000000000
31733  19.126  -28.933  -19.017 0.0000000000
31738  34.733  -28.629  -19.801 0.0000000000
31739  34.163  -29.307  -19.466 0.0000000000
31740  32.269  -28.292  -20.462 0.0000000000
31741  31.690  -28.767  -20.002 0.0000000000
31742  31.040  -29.028  -19.550 0.0000000000
31743  24.215  -28.668  -19.233 0.0000000000
31744  23.289  -28.717  -19.893 0.0000000000
31745  22.670  -29.236  -20.001 0.0000000000
31746  19.166  -29.284  -19.253 0.0000000000
31751  35.734  -28.168  -21.453 0.0000000000
31752  35.363  -29.034  -20.900 0.0000000000
31753  32.465  -28.530  -21.391 0.0000000000
31754  31.770  -28.903  -20.924 0.0000000000
31755  22.967  -28.172  -20.305 0.0000000000
31756  22.288  -28.675  -20.364 0.0000000000
31757  21.050  -28.706  -20.312 0.0000000000
31758  20.098  -29.110  -19.801 0.0000000000
31759  19.425  -29.649  -19.551 0.0000000000
31762  35.733  -28.044  -22.356 0.0000000000
31763  33.744  -28.405  -22.331 0.0000000000
31764  32.957  -28.922  -22.036 0.0000000000
31765  32.219  -29.260  -21.570 0.0000000000
31770  35.346  -27.961  -22.762 0.0000000000
31771  34.893  -28.209  -22.763 0.0000000000
31772  34.471  -28.707  -22.451 0.0000000000
32409  33.413  -27.298  -16.994 0.0000000000
32416  34.386  -27.314  -18.213 0.0000000000
32417  33.762  -27.588  -17.762 0.0000000000
32418  33.271  -27.677  -17.194 0.0000000000
32419  29.971  -26.932  -17.867 0.0000000000
32420  29.459  -27.538  -17.895 0.0000000000
32421  28.450  -27.658  -17.820 0.0000000000
32422  27.659  -27.696  -17.845 0.0000000000
32423  27.196  -27.872  -17.871 0.0000000000
32426  22.717  -27.656  -17.885 0.0000000000
32427  21.495  -27.642  -18.407 0.0000000000
32428  20.274  -27.879  -18.624 0.0000000000
32429  19.647  -27.944  -18.781 0.0000000000
32434  35.451  -27.001  -19.056 0.0000000000
32435  35.010  -27.233  -18.769 0.0000000000
32436  34.323  -27.723  -18.444 0.0000000000
32437  32.309  -27.281  -19.087 0.0000000000
32438  31.747  -27.612  -18.893 0.0000000000
32439  30.507  -27.403  -18.184 0.0000000000
32440  29.927  -27.784  -18.062 0.0000000000
32441  27.560  -27.200  -18.032 0.0000000000
32442  27.015  -27.330  -18.140 0.0000000000
32443  26.061  -27.468  -18.508 0.0000000000
32444  25.406  -27.868  -18.738 0.0000000000
32445  20.683  -27.225  -18.802 0.0000000000
32446  19.852  -27.347  -18.995 0.0000000000
32447  19.338  -28.058  -18.981 0.0000000000
32452  35.595  -27.124  -19.493 0.0000000000
32453  35.221  -27.789  -19.672 0.0000000000
32454  33.224  -27.100  -20.155 0.0000000000
32455  32.713  -27.403  -19.777 0.0000000000
32456  32.009  -28.140  -19.634 0.0000000000
32457  25.375  -27.230  -18.990 0.0000000000
32458  24.708  -27.633  -19.346 0.0000000000
32459  23.926  -27.983  -19.739 0.0000000000
32460  19.749  -27.430  -19.432 0.0000000000
32461  19.356  -28.345  -19.325 0.0000000000
32467  35.882  -27.382  -20.631 0.0000000000
32468  35.407  -28.226  -20.495 0.0000000000
32469  33.394  -27.150  -20.772 0.0000000000
32470  32.928  -27.797  -21.128 0.0000000000
32471  24.139  -27.354  -19.877 0.0000000000
32472  23.497  -27.613  -20.194 0.0000000000
32473  22.695  -27.632  -20.538 0.0000000000
32474  21.463  -27.562  -20.614 0.0000000000
32475  19.906  -27.576  -20.110 0.0000000000
32476  19.505  -28.766  -19.526 0.0000000000
32482  36.404  -26.571  -22.636 0.0000000000
32483  36.281  -27.029  -22.172 0.0000000000
32484  34.497  -26.893  -22.826 0.0000000000
32485  33.895  -27.241  -22.250 0.0000000000
32486  33.101  -28.148  -21.919 0.0000000000
32487  20.614  -26.851  -20.484 0.0000000000
32488  20.088  -26.506  -20.293 0.0000000000
32495  36.344  -26.593  -22.892 0.0000000000
32496  35.912  -27.122  -23.118 0.0000000000
32497  34.892  -27.173  -23.122 0.0000000000
32498  34.358  -27.946  -22.668 0.0000000000
33143  35.335  -26.018  -18.192 0.0000000000
33144  34.521  -26.702  -17.864 0.0000000000
33145  33.801  -26.884  -17.173 0.0000000000
33149  28.586  -26.877  -17.900 0.0000000000
33150  27.964  -27.193  -17.915 0.0000000000
33154  22.443  -26.813  -18.292 0.0000000000
33155  21.495  -26.678  -18.743 0.0000000000
33161  35.679  -26.525  -19.022 0.0000000000
33162  35.127  -26.641  -18.448 0.0000000000
33163  33.339  -26.189  -19.114 0.0000000000
33164  32.427  -26.745  -18.784 0.0000000000
33165  31.441  -26.789  -18.319 0.0000000000
33166  30.889  -26.691  -18.074 0.0000000000
33169  27.673  -26.585  -18.337 0.0000000000
33170  26.404  -26.444  -18.864 0.0000000000
33171  25.728  -26.865  -18.945 0.0000000000
33172  20.548  -26.525  -19.184 0.0000000000
33173  19.884  -26.493  -19.574 0.0000000000
33178  36.617  -25.650  -20.591 0.0000000000
33179  36.149  -26.547  -20.050 0.0000000000
33180  34.323  -25.698  -20.857 0.0000000000
33181  33.562  -26.653  -20.074 0.0000000000
33182  33.010  -26.778  -19.374 0.0000000000
33183  26.021  -26.003  -19.485 0.0000000000
33184  25.280  -26.476  -19.618 0.0000000000
33185  24.554  -27.007  -19.787 0.0000000000
33186  19.724  -26.391  -19.879 0.0000000000
33192  36.602  -25.628  -21.650 0.0000000000
33193  36.393  -26.458  -21.172 0.0000000000
33194  34.546  -25.712  -22.125 0.0000000000
33195  33.968  -26.479  -21.412 0.0000000000
33196  24.890  -26.079  -20.286 0.0000000000
33197  24.269  -26.643  -20.272 0.0000000000
33198  23.315  -26.804  -20.582 0.0000000000
33199  22.387  -26.791  -20.726 0.0000000000
33200  21.409  -26.467  -20.687 0.0000000000
33201  19.785  -26.118  -20.182 0.0000000000
33207  36.463  -26.033  -22.592 0.0000000000
33208  36.484  -26.309  -21.935 0.0000000000
33209  34.690  -26.328  -22.889 0.0000000000
33210  34.244  -26.419  -22.245 0.0000000000
33211  20.492  -26.048  -20.554 0.0000000000
33212  19.982  -25.928  -20.392 0.0000000000
33220  36.204  -26.119  -23.334 0.0000000000
33221  35.552  -26.320  -23.424 0.0000000000
33222  35.111  -26.385  -23.324 0.0000000000
33897  35.379  -25.036  -16.846 0.0000000000
33906  36.545  -24.560  -18.082 0.0000000000
33907  35.831  -25.005  -17.612 0.0000000000
33908  34.883  -25.814  -17.400 0.0000000000
33917  22.277  -26.125  -18.632 0.0000000000
33923  36.766  -24.612  -18.647 0.0000000000
33924  36.246  -25.510  -18.788 0.0000000000
33925  34.363  -24.870  -19.452 0.0000000000
33926  33.909  -25.228  -19.133 0.0000000000
33933  27.277  -25.860  -18.976 0.0000000000
33937  21.509  -25.690  -19.099 0.0000000000
33938  20.217  -25.524  -19.515 0.0000000000
33939  19.526  -24.978  -19.766 0.0000000000
33944  37.083  -24.823  -19.882 0.0000000000
33945  36.394  -25.835  -19.639 0.0000000000
33946  34.583  -24.957  -20.088 0.0000000000
33947  34.002  -25.813  -19.764 0.0000000000
33950  26.632  -25.486  -19.624 0.0000000000
33951  25.886  -25.713  -19.894 0.0000000000
33952  19.547  -25.601  -19.884 0.0000000000
33953  19.176  -24.853  -20.124 0.0000000000
33959  36.987  -24.645  -21.207 0.0000000000
33960  35.710  -24.008  -22.299 0.0000000000
33961  35.264  -24.508  -21.787 0.0000000000
33962  26.183  -25.258  -20.255 0.0000000000
33963  25.486  -25.529  -20.511 0.0000000000
33964  24.678  -25.792  -20.730 0.0000000000
33965  23.914  -26.013  -20.876 0.0000000000
33966  23.036  -26.090  -20.970 0.0000000000
33967  22.174  -26.020  -20.863 0.0000000000
33968  19.449  -25.411  -20.216 0.0000000000
33969  19.174  -24.639  -20.621 0.0000000000
33977  36.484  -24.743  -22.234 0.0000000000
33978  35.942  -24.285  -22.778 0.0000000000
33979  35.124  -25.206  -22.958 0.0000000000
33980  25.143  -25.333  -21.112 0.0000000000
33981  24.513  -25.368  -21.321 0.0000000000
33982  23.597  -25.386  -21.391 0.0000000000
33983  22.549  -25.342  -21.276 0.0000000000
33984  21.261  -25.417  -21.034 0.0000000000
33985  19.786  -25.186  -20.838 0.0000000000
33993  36.287  -25.267  -23.044 0.0000000000
33994  35.757  -25.408  -23.474 0.0000000000
33995  35.228  -25.874  -23.384 0.0000000000
34668  36.454  -24.469  -16.643 0.0000000000
34684  37.519  -23.748  -17.856 0.0000000000
34685  36.943  -24.019  -18.042 0.0000000000
34686  36.208  -24.598  -17.192 0.0000000000
34700  37.473  -23.708  -19.540 0.0000000000
34701  35.766  -23.323  -20.079 0.0000000000
34702  34.675  -24.355  -19.293 0.0000000000
34720  37.392  -23.626  -20.744 0.0000000000
34721  36.001  -23.269  -21.150 0.0000000000
34722  35.389  -24.009  -20.658 0.0000000000
34726  26.593  -25.013  -20.232 0.0000000000
34735  36.675  -23.677  -21.729 0.0000000000
34736  35.976  -23.560  -22.042 0.0000000000
34737  35.684  -23.755  -21.478 0.0000000000
34740  26.419  -24.700  -20.956 0.0000000000
34741  25.607  -25.089  -21.091 0.0000000000
34750  36.361  -24.048  -22.284 0.0000000000
34751  36.272  -23.802  -22.263 0.0000000000
35451  37.586  -23.503  -18.405 0.0000000000
35469  37.573  -22.804  -19.346 0.0000000000
35470  36.398  -22.695  -19.603 0.0000000000
35471  35.246  -23.390  -18.862 0.0000000000
35490  37.384  -22.694  -20.313 0.0000000000
35491  36.538  -22.720  -20.740 0.0000000000
35511  37.111  -22.838  -21.213 0.0000000000
35512  36.504  -23.067  -21.448 0.0000000000
