#!ascii label  , from subject FREESURFER vox2ras=TkReg 
294
39990  53.351  -17.283  -25.642 0.0000000000
39991  52.838  -17.507  -25.818 0.0000000000
40004  52.508  -17.125  -26.501 0.0000000000
41054  53.596  -17.470  -24.255 0.0000000000
41063  53.485  -16.873  -25.455 0.0000000000
41064  53.359  -17.140  -25.983 0.0000000000
41075  52.787  -16.467  -25.607 0.0000000000
41076  52.720  -16.671  -26.064 0.0000000000
41077  51.937  -16.701  -26.663 0.0000000000
41078  51.180  -17.060  -27.203 0.0000000000
42141  53.784  -17.124  -22.271 0.0000000000
42142  52.964  -16.425  -22.682 0.0000000000
42156  53.384  -16.921  -23.534 0.0000000000
42157  52.644  -16.010  -23.966 0.0000000000
42165  53.135  -16.539  -24.646 0.0000000000
42166  52.503  -15.440  -25.034 0.0000000000
42167  49.522  -16.408  -26.266 0.0000000000
42171  52.777  -16.305  -25.275 0.0000000000
42172  52.279  -15.538  -25.673 0.0000000000
42173  51.775  -15.762  -26.114 0.0000000000
42174  50.990  -16.065  -26.564 0.0000000000
42175  50.018  -16.298  -26.812 0.0000000000
42186  50.510  -16.705  -27.098 0.0000000000
42187  50.098  -16.819  -27.266 0.0000000000
43205  52.768  -15.751  -21.869 0.0000000000
43206  52.072  -15.005  -22.550 0.0000000000
43215  52.200  -15.510  -23.145 0.0000000000
43216  51.637  -14.546  -23.322 0.0000000000
43217  47.731  -15.257  -23.982 0.0000000000
43218  47.271  -15.423  -23.876 0.0000000000
43222  43.585  -14.677  -23.232 0.0000000000
43234  52.093  -14.560  -24.389 0.0000000000
43235  51.543  -13.809  -23.972 0.0000000000
43236  48.806  -15.885  -25.117 0.0000000000
43237  48.008  -15.622  -24.396 0.0000000000
43251  52.642  -13.230  -26.194 0.0000000000
43252  49.443  -15.610  -25.671 0.0000000000
43261  52.004  -14.528  -26.508 0.0000000000
43262  51.304  -14.810  -26.526 0.0000000000
43263  50.598  -14.950  -26.469 0.0000000000
43264  49.937  -15.254  -26.337 0.0000000000
44386  52.363  -14.934  -21.948 0.0000000000
44387  51.654  -14.121  -22.478 0.0000000000
44388  43.231  -14.248  -22.754 0.0000000000
44389  42.968  -13.807  -22.469 0.0000000000
44394  51.315  -13.683  -23.293 0.0000000000
44395  47.863  -14.768  -23.811 0.0000000000
44396  46.917  -14.713  -23.536 0.0000000000
44397  45.764  -14.765  -23.472 0.0000000000
44398  44.728  -14.607  -23.481 0.0000000000
44399  43.985  -14.323  -23.460 0.0000000000
44400  43.533  -14.087  -23.264 0.0000000000
44405  52.084  -12.863  -24.734 0.0000000000
44406  51.301  -13.004  -23.842 0.0000000000
44407  49.133  -14.871  -24.963 0.0000000000
44408  48.548  -14.629  -24.271 0.0000000000
44416  49.764  -14.482  -25.874 0.0000000000
44421  52.109  -13.394  -27.596 0.0000000000
44422  51.626  -14.098  -26.953 0.0000000000
44423  51.150  -13.661  -27.408 0.0000000000
44424  50.299  -13.909  -26.622 0.0000000000
44429  51.457  -13.087  -27.943 0.0000000000
45521  50.966  -12.703  -22.852 0.0000000000
45523  42.941  -13.675  -22.801 0.0000000000
45524  42.684  -13.310  -22.367 0.0000000000
45529  51.141  -11.680  -24.290 0.0000000000
45530  48.718  -13.216  -23.971 0.0000000000
45531  47.765  -13.657  -23.491 0.0000000000
45532  46.573  -13.704  -23.376 0.0000000000
45533  45.489  -13.694  -23.442 0.0000000000
45534  44.563  -13.570  -23.521 0.0000000000
45535  43.802  -13.431  -23.502 0.0000000000
45536  43.150  -13.473  -23.224 0.0000000000
45537  42.830  -13.329  -22.918 0.0000000000
45542  49.099  -13.858  -24.529 0.0000000000
45543  48.469  -14.032  -23.897 0.0000000000
45549  49.979  -12.953  -25.403 0.0000000000
45550  49.609  -13.836  -25.312 0.0000000000
45556  50.966  -11.823  -26.584 0.0000000000
45557  50.147  -13.416  -26.015 0.0000000000
45561  51.220  -12.713  -27.936 0.0000000000
46552  42.045  -12.506  -22.103 0.0000000000
46553  41.470  -12.125  -21.919 0.0000000000
46558  49.102  -12.292  -24.129 0.0000000000
46559  48.218  -12.494  -23.584 0.0000000000
46560  47.200  -12.658  -23.405 0.0000000000
46561  46.138  -12.715  -23.468 0.0000000000
46562  45.185  -12.734  -23.602 0.0000000000
46563  44.333  -12.515  -23.762 0.0000000000
46564  43.397  -12.463  -23.767 0.0000000000
46565  42.641  -12.716  -23.079 0.0000000000
46571  49.441  -12.989  -24.606 0.0000000000
46572  44.182  -11.984  -23.983 0.0000000000
46573  43.914  -12.158  -23.952 0.0000000000
46578  49.552  -13.418  -24.947 0.0000000000
47405  40.908  -11.878  -21.753 0.0000000000
47418  42.134  -12.006  -22.978 0.0000000000
47419  41.486  -11.577  -22.600 0.0000000000
47420  40.569  -11.285  -22.227 0.0000000000
47426  49.459  -11.359  -24.301 0.0000000000
47427  48.560  -11.531  -23.798 0.0000000000
47428  47.630  -11.663  -23.551 0.0000000000
47429  46.656  -11.779  -23.563 0.0000000000
47430  45.588  -11.773  -23.734 0.0000000000
47431  44.967  -12.155  -23.768 0.0000000000
47432  43.199  -11.829  -24.094 0.0000000000
47433  42.543  -11.659  -23.768 0.0000000000
47434  41.969  -11.543  -23.237 0.0000000000
47439  49.986  -12.142  -24.914 0.0000000000
47440  45.277  -11.397  -23.952 0.0000000000
47441  44.757  -11.633  -24.023 0.0000000000
47442  43.811  -11.679  -24.252 0.0000000000
47443  43.114  -11.407  -24.346 0.0000000000
48263  41.402  -11.147  -22.987 0.0000000000
48264  41.071  -10.912  -22.807 0.0000000000
48265  40.222  -10.635  -22.641 0.0000000000
48275  48.765  -10.647  -24.057 0.0000000000
48276  47.964  -10.783  -23.734 0.0000000000
48277  47.016  -10.826  -23.714 0.0000000000
48278  46.220  -11.117  -23.775 0.0000000000
48279  42.270  -11.114  -23.956 0.0000000000
48280  41.703  -10.920  -23.540 0.0000000000
48281  40.814  -10.234  -23.221 0.0000000000
48282  39.836  -9.972  -23.175 0.0000000000
48285  49.585  -10.265  -24.606 0.0000000000
48286  48.691  -9.892  -24.322 0.0000000000
48287  46.301  -10.463  -23.879 0.0000000000
48288  45.476  -10.818  -24.127 0.0000000000
48289  44.466  -10.775  -24.572 0.0000000000
48290  43.579  -10.899  -24.674 0.0000000000
48291  42.597  -10.725  -24.471 0.0000000000
48292  41.834  -10.170  -24.281 0.0000000000
48297  44.064  -10.377  -24.939 0.0000000000
48298  43.486  -10.248  -25.056 0.0000000000
48299  42.901  -9.988  -25.140 0.0000000000
49125  48.178  -10.129  -24.021 0.0000000000
49126  47.485  -10.045  -23.889 0.0000000000
49127  46.760  -10.026  -23.866 0.0000000000
49128  41.267  -10.017  -23.871 0.0000000000
49129  40.505  -9.644  -23.912 0.0000000000
49130  39.541  -9.565  -24.043 0.0000000000
49138  48.976  -9.117  -24.740 0.0000000000
49139  47.981  -9.303  -24.234 0.0000000000
49140  46.980  -9.306  -24.070 0.0000000000
49141  46.066  -9.654  -24.221 0.0000000000
49142  45.075  -9.777  -24.824 0.0000000000
49143  44.468  -10.154  -24.910 0.0000000000
49144  42.225  -9.839  -24.952 0.0000000000
49145  41.290  -9.558  -24.712 0.0000000000
49146  40.250  -9.249  -24.854 0.0000000000
49147  39.311  -9.342  -24.953 0.0000000000
49150  49.870  -8.553  -25.551 0.0000000000
49151  49.447  -8.614  -25.236 0.0000000000
49152  44.895  -9.367  -25.338 0.0000000000
49153  44.333  -9.773  -25.370 0.0000000000
49154  43.483  -9.707  -25.609 0.0000000000
49155  42.733  -9.571  -25.665 0.0000000000
49156  41.914  -9.391  -25.656 0.0000000000
49157  40.991  -9.164  -25.700 0.0000000000
49158  39.966  -9.209  -26.035 0.0000000000
49169  42.804  -10.001  -28.697 0.0000000000
50067  48.979  -8.153  -24.997 0.0000000000
50068  48.241  -8.324  -24.606 0.0000000000
50069  47.294  -8.438  -24.401 0.0000000000
50070  46.411  -8.650  -24.502 0.0000000000
50071  45.691  -8.820  -24.846 0.0000000000
50079  49.536  -7.931  -25.495 0.0000000000
50080  45.245  -8.964  -25.305 0.0000000000
50081  44.857  -8.948  -25.795 0.0000000000
50082  44.118  -9.326  -26.078 0.0000000000
50083  43.344  -9.343  -26.262 0.0000000000
50084  42.565  -9.322  -26.408 0.0000000000
50085  41.705  -9.248  -26.613 0.0000000000
50086  40.888  -9.206  -26.445 0.0000000000
50088  50.300  -8.110  -25.950 0.0000000000
50089  44.577  -8.817  -26.524 0.0000000000
50090  43.947  -9.254  -26.825 0.0000000000
50091  43.179  -9.355  -27.092 0.0000000000
50094  44.388  -8.931  -27.366 0.0000000000
50095  43.768  -9.429  -27.545 0.0000000000
50101  44.069  -9.315  -28.151 0.0000000000
50102  42.815  -9.793  -28.163 0.0000000000
50103  42.658  -10.153  -28.822 0.0000000000
50110  42.713  -10.042  -29.063 0.0000000000
51049  49.042  -7.592  -25.218 0.0000000000
51050  48.493  -7.453  -24.993 0.0000000000
51051  47.664  -7.615  -24.703 0.0000000000
51052  46.580  -7.621  -24.813 0.0000000000
51053  45.973  -8.176  -24.836 0.0000000000
51066  49.888  -7.245  -25.866 0.0000000000
51067  49.275  -7.224  -25.454 0.0000000000
51068  48.871  -7.241  -25.244 0.0000000000
51069  46.168  -7.137  -25.285 0.0000000000
51070  45.506  -7.853  -25.606 0.0000000000
51071  45.022  -8.426  -26.199 0.0000000000
51079  50.293  -7.364  -26.154 0.0000000000
51080  45.392  -7.496  -26.460 0.0000000000
51081  45.038  -8.106  -26.890 0.0000000000
51088  51.180  -8.153  -26.357 0.0000000000
51089  44.648  -8.490  -28.098 0.0000000000
51099  43.684  -8.832  -29.017 0.0000000000
51100  42.944  -9.668  -29.083 0.0000000000
52037  48.391  -7.074  -25.131 0.0000000000
52038  48.048  -7.047  -25.037 0.0000000000
52039  47.351  -7.053  -24.988 0.0000000000
52057  49.518  -6.653  -25.707 0.0000000000
52058  48.658  -6.738  -25.363 0.0000000000
52059  47.744  -6.495  -25.324 0.0000000000
52060  46.806  -6.641  -25.360 0.0000000000
52061  46.049  -6.675  -25.738 0.0000000000
52072  45.646  -6.828  -26.449 0.0000000000
52073  45.414  -7.338  -27.003 0.0000000000
52087  45.552  -6.749  -27.427 0.0000000000
52088  45.210  -7.571  -27.828 0.0000000000
52104  45.427  -6.913  -28.478 0.0000000000
52105  44.780  -7.731  -28.878 0.0000000000
52114  45.224  -6.993  -29.572 0.0000000000
52115  44.252  -7.443  -29.761 0.0000000000
52118  44.961  -6.789  -30.325 0.0000000000
53141  48.279  -5.791  -25.692 0.0000000000
53142  47.370  -5.845  -25.760 0.0000000000
53143  46.582  -5.916  -26.010 0.0000000000
53144  46.059  -6.151  -26.290 0.0000000000
53165  46.320  -5.672  -26.551 0.0000000000
53166  45.870  -5.931  -26.975 0.0000000000
53180  45.693  -6.087  -27.896 0.0000000000
53197  45.648  -6.183  -28.960 0.0000000000
53209  45.527  -6.216  -30.018 0.0000000000
54205  47.833  -5.128  -26.166 0.0000000000
54206  47.005  -5.266  -26.283 0.0000000000
54207  46.598  -5.448  -26.469 0.0000000000
54229  47.319  -4.577  -26.612 0.0000000000
54230  46.426  -4.989  -27.114 0.0000000000
54231  45.927  -5.551  -27.491 0.0000000000
54252  46.179  -4.711  -28.246 0.0000000000
54253  45.887  -5.417  -28.144 0.0000000000
54272  46.308  -4.420  -28.990 0.0000000000
54273  45.982  -5.335  -29.319 0.0000000000
55243  46.971  -4.226  -27.085 0.0000000000
55282  46.728  -3.726  -27.914 0.0000000000
55310  46.628  -3.791  -29.497 0.0000000000
103240  41.185  -10.234  -28.107 0.0000000000
103246  41.820  -10.182  -28.211 0.0000000000
103255  40.989  -9.667  -27.371 0.0000000000
103260  42.498  -9.702  -27.562 0.0000000000
103263  42.120  -9.550  -27.392 0.0000000000
103268  42.496  -9.485  -27.206 0.0000000000
103286  52.626  -12.316  -28.243 0.0000000000
103287  52.431  -12.501  -28.235 0.0000000000
103288  52.373  -12.097  -28.145 0.0000000000
103289  52.905  -12.428  -28.299 0.0000000000
103290  53.065  -12.191  -28.301 0.0000000000
103291  52.232  -13.027  -28.070 0.0000000000
103292  53.231  -11.701  -28.250 0.0000000000
103293  52.072  -13.171  -27.915 0.0000000000
103294  52.907  -11.925  -25.577 0.0000000000
103295  51.982  -13.027  -28.093 0.0000000000
103296  52.982  -10.998  -28.146 0.0000000000
103297  51.778  -13.148  -27.882 0.0000000000
103298  52.106  -11.539  -25.280 0.0000000000
103299  53.156  -11.996  -28.200 0.0000000000
103300  52.270  -10.846  -27.679 0.0000000000
103301  53.526  -11.889  -27.675 0.0000000000
103302  51.763  -12.717  -28.173 0.0000000000
103303  51.985  -12.810  -28.216 0.0000000000
103304  53.608  -11.185  -28.068 0.0000000000
103305  53.760  -11.803  -26.669 0.0000000000
103306  53.041  -10.712  -27.926 0.0000000000
103307  51.742  -11.536  -27.846 0.0000000000
103308  51.620  -12.043  -28.140 0.0000000000
103309  52.528  -12.071  -28.294 0.0000000000
103310  52.895  -11.403  -28.215 0.0000000000
103311  51.424  -11.306  -25.033 0.0000000000
103312  53.398  -10.836  -28.000 0.0000000000
103313  52.255  -11.531  -28.165 0.0000000000
103314  53.833  -11.369  -27.076 0.0000000000
103316  52.717  -11.429  -25.693 0.0000000000
103317  50.334  -11.236  -24.939 0.0000000000
103318  53.528  -11.224  -26.701 0.0000000000
103319  53.133  -10.545  -27.112 0.0000000000
103320  53.436  -11.700  -26.124 0.0000000000
103323  50.913  -9.374  -25.681 0.0000000000
103324  51.847  -9.302  -26.327 0.0000000000
103325  53.300  -11.238  -26.248 0.0000000000
103326  51.390  -10.469  -25.274 0.0000000000
103327  50.607  -10.390  -25.182 0.0000000000
103328  53.449  -11.338  -26.414 0.0000000000
103329  52.782  -9.064  -26.722 0.0000000000
103330  52.856  -10.723  -26.183 0.0000000000
103331  52.991  -10.016  -26.594 0.0000000000
103333  52.146  -9.057  -25.871 0.0000000000
103334  50.248  -8.802  -25.589 0.0000000000
103336  49.925  -9.306  -25.268 0.0000000000
103338  52.902  -9.653  -26.451 0.0000000000
