#!ascii label  , from subject FREESURFER vox2ras=TkReg 
347
63299  42.822  4.396  -34.976 0.0000000000
63300  42.127  4.093  -35.041 0.0000000000
63317  42.842  4.730  -35.716 0.0000000000
63318  42.266  4.588  -36.023 0.0000000000
63331  41.964  4.487  -37.252 0.0000000000
63332  41.364  4.564  -36.702 0.0000000000
63349  41.963  4.168  -38.130 0.0000000000
63350  41.257  3.801  -37.716 0.0000000000
63361  41.893  4.269  -38.557 0.0000000000
63362  41.364  3.951  -38.768 0.0000000000
63363  40.173  3.855  -38.432 0.0000000000
63368  41.128  4.148  -39.291 0.0000000000
63369  40.507  3.994  -39.427 0.0000000000
63374  40.315  4.111  -39.762 0.0000000000
63375  39.903  4.011  -39.897 0.0000000000
64244  43.602  5.237  -34.696 0.0000000000
64268  44.423  5.892  -35.434 0.0000000000
64269  43.430  5.267  -35.667 0.0000000000
64270  43.013  4.902  -36.178 0.0000000000
64284  44.120  5.947  -36.085 0.0000000000
64285  43.559  5.630  -36.532 0.0000000000
64286  42.752  4.966  -36.842 0.0000000000
64304  43.295  5.560  -37.357 0.0000000000
64305  42.643  4.781  -37.728 0.0000000000
64318  43.160  5.433  -38.125 0.0000000000
64319  42.467  4.874  -38.562 0.0000000000
64320  41.897  4.464  -38.831 0.0000000000
64326  42.161  5.019  -39.086 0.0000000000
64327  41.606  4.681  -39.377 0.0000000000
64328  41.057  4.396  -39.586 0.0000000000
64332  41.337  4.919  -39.895 0.0000000000
64333  40.641  4.653  -39.988 0.0000000000
64334  39.686  4.735  -40.288 0.0000000000
65227  45.290  6.568  -35.642 0.0000000000
65228  44.672  6.571  -36.004 0.0000000000
65245  44.206  6.526  -36.426 0.0000000000
65246  43.812  6.454  -37.006 0.0000000000
65265  43.676  6.294  -37.878 0.0000000000
65283  43.413  5.970  -39.028 0.0000000000
65284  42.659  5.346  -39.127 0.0000000000
65291  43.340  6.535  -40.454 0.0000000000
65292  42.389  5.642  -39.862 0.0000000000
65293  41.729  5.228  -39.946 0.0000000000
65300  43.383  6.766  -41.873 0.0000000000
65301  42.686  6.289  -41.389 0.0000000000
65302  41.697  5.667  -40.697 0.0000000000
65303  40.738  5.865  -40.830 0.0000000000
65304  39.531  5.787  -40.676 0.0000000000
65309  43.722  6.647  -43.079 0.0000000000
65310  43.139  6.299  -42.778 0.0000000000
65311  42.358  6.347  -42.361 0.0000000000
65312  41.628  6.110  -41.464 0.0000000000
65318  43.693  6.769  -43.890 0.0000000000
65319  43.312  6.451  -43.893 0.0000000000
65320  42.897  6.207  -43.379 0.0000000000
65324  43.587  6.828  -44.249 0.0000000000
65325  43.507  6.588  -44.235 0.0000000000
66205  45.388  7.725  -34.965 0.0000000000
66230  44.904  7.413  -35.517 0.0000000000
66231  44.281  7.568  -35.795 0.0000000000
66253  44.524  7.128  -36.130 0.0000000000
66254  44.095  7.342  -36.477 0.0000000000
66270  43.930  7.231  -37.346 0.0000000000
66285  44.138  7.114  -38.385 0.0000000000
66292  44.090  7.152  -39.640 0.0000000000
66298  43.741  7.340  -40.911 0.0000000000
66299  40.763  6.587  -41.323 0.0000000000
66300  40.184  6.637  -41.063 0.0000000000
66301  39.356  6.778  -41.020 0.0000000000
66304  43.805  7.305  -42.202 0.0000000000
66305  42.025  6.614  -42.905 0.0000000000
66306  41.421  6.745  -41.947 0.0000000000
66312  43.937  7.279  -43.297 0.0000000000
66313  43.098  6.470  -44.319 0.0000000000
66314  42.560  6.737  -43.843 0.0000000000
66318  43.729  7.268  -44.116 0.0000000000
66319  43.311  6.942  -44.653 0.0000000000
66320  42.402  7.565  -44.818 0.0000000000
67083  44.188  8.978  -32.885 0.0000000000
67092  44.673  8.594  -33.281 0.0000000000
67093  43.782  8.715  -33.603 0.0000000000
67094  43.076  8.839  -34.105 0.0000000000
67107  44.758  8.162  -34.427 0.0000000000
67108  43.689  8.372  -34.621 0.0000000000
67109  42.880  8.724  -34.892 0.0000000000
67125  44.260  7.952  -35.217 0.0000000000
67126  43.629  8.088  -35.638 0.0000000000
67127  42.789  8.691  -35.873 0.0000000000
67146  43.503  8.028  -36.648 0.0000000000
67147  42.882  8.777  -36.907 0.0000000000
67161  43.587  8.020  -37.688 0.0000000000
67162  43.120  8.940  -37.946 0.0000000000
67178  43.982  8.242  -38.846 0.0000000000
67179  43.420  9.207  -38.750 0.0000000000
67187  44.205  8.092  -40.159 0.0000000000
67194  43.844  7.978  -41.314 0.0000000000
67195  40.657  7.125  -41.560 0.0000000000
67196  40.039  7.515  -41.358 0.0000000000
67197  39.277  7.667  -41.216 0.0000000000
67200  43.951  8.028  -42.480 0.0000000000
67201  43.723  8.548  -42.853 0.0000000000
67202  41.665  7.110  -43.117 0.0000000000
67203  40.790  7.976  -42.463 0.0000000000
67204  39.804  8.550  -41.608 0.0000000000
67205  38.657  8.296  -41.376 0.0000000000
67210  43.821  8.101  -43.622 0.0000000000
67211  43.508  8.861  -43.367 0.0000000000
67212  41.686  8.022  -43.938 0.0000000000
67213  41.023  9.080  -43.465 0.0000000000
67219  43.622  8.009  -44.619 0.0000000000
67220  42.926  8.230  -44.981 0.0000000000
67221  42.078  8.743  -44.636 0.0000000000
68029  44.307  9.565  -32.448 0.0000000000
68030  43.684  9.529  -32.977 0.0000000000
68035  43.059  9.490  -33.539 0.0000000000
68036  42.547  9.492  -34.245 0.0000000000
68046  42.301  9.522  -35.146 0.0000000000
68060  42.329  9.584  -36.141 0.0000000000
68082  42.588  9.735  -37.130 0.0000000000
68103  42.962  10.009  -38.182 0.0000000000
68121  43.765  9.017  -39.605 0.0000000000
68122  43.299  9.878  -39.213 0.0000000000
68132  43.701  8.789  -40.651 0.0000000000
68133  43.282  9.706  -40.191 0.0000000000
68141  43.576  8.608  -41.699 0.0000000000
68142  43.060  9.382  -41.212 0.0000000000
68147  43.651  8.559  -42.347 0.0000000000
68148  43.176  9.169  -42.448 0.0000000000
68149  40.274  9.815  -42.730 0.0000000000
68150  39.326  9.603  -41.747 0.0000000000
68151  38.348  9.417  -41.683 0.0000000000
68157  43.350  8.778  -44.147 0.0000000000
68158  42.940  9.490  -43.555 0.0000000000
68159  41.384  9.354  -44.202 0.0000000000
68160  40.746  10.064  -43.974 0.0000000000
68167  43.177  8.616  -44.660 0.0000000000
68168  42.523  9.385  -44.352 0.0000000000
68169  41.615  9.932  -44.340 0.0000000000
68170  41.151  10.107  -44.300 0.0000000000
68973  44.477  10.342  -32.092 0.0000000000
68978  43.909  10.368  -32.647 0.0000000000
68979  43.268  10.379  -33.168 0.0000000000
68984  42.605  10.379  -33.714 0.0000000000
68985  42.131  10.411  -34.481 0.0000000000
68992  41.813  10.563  -35.473 0.0000000000
68993  41.552  11.111  -35.700 0.0000000000
69000  42.101  10.405  -36.431 0.0000000000
69001  41.657  10.932  -36.159 0.0000000000
69014  42.449  10.774  -37.245 0.0000000000
69015  41.989  10.871  -36.611 0.0000000000
69033  42.937  10.892  -38.124 0.0000000000
69052  43.179  10.710  -38.884 0.0000000000
69063  42.947  10.526  -39.760 0.0000000000
69071  42.392  10.400  -40.845 0.0000000000
69072  41.816  11.049  -41.432 0.0000000000
69073  38.559  11.094  -41.371 0.0000000000
69074  38.047  11.026  -41.284 0.0000000000
69081  42.549  9.936  -41.850 0.0000000000
69082  42.031  10.743  -42.092 0.0000000000
69083  39.977  10.841  -43.094 0.0000000000
69084  39.633  10.893  -42.447 0.0000000000
69085  38.875  10.425  -41.746 0.0000000000
69086  38.042  10.410  -41.692 0.0000000000
69092  42.440  10.140  -42.855 0.0000000000
69093  42.022  11.182  -43.249 0.0000000000
69094  40.260  10.994  -43.786 0.0000000000
69095  39.879  11.365  -43.301 0.0000000000
69101  42.377  10.330  -43.755 0.0000000000
69102  41.753  10.932  -44.246 0.0000000000
69103  40.906  10.823  -44.420 0.0000000000
69846  44.751  11.141  -31.940 0.0000000000
69848  44.248  11.197  -32.461 0.0000000000
69849  43.603  11.236  -32.946 0.0000000000
69852  42.894  11.275  -33.397 0.0000000000
69853  42.272  11.296  -33.978 0.0000000000
69856  41.768  11.338  -34.657 0.0000000000
69857  41.544  11.487  -35.342 0.0000000000
69863  41.520  11.532  -35.984 0.0000000000
69877  42.333  11.336  -37.226 0.0000000000
69878  41.946  11.405  -36.737 0.0000000000
69893  42.756  11.584  -37.744 0.0000000000
69894  42.265  11.617  -37.215 0.0000000000
69910  43.848  12.000  -38.967 0.0000000000
69911  43.234  11.443  -38.602 0.0000000000
69918  43.726  12.187  -39.231 0.0000000000
69919  42.888  11.566  -39.436 0.0000000000
69920  42.019  11.865  -39.905 0.0000000000
69921  38.505  12.199  -40.276 0.0000000000
69922  37.822  12.039  -40.090 0.0000000000
69923  37.491  11.834  -40.297 0.0000000000
69925  42.443  10.910  -40.082 0.0000000000
69926  41.760  11.394  -40.617 0.0000000000
69927  40.946  12.205  -41.367 0.0000000000
69928  40.058  12.403  -41.509 0.0000000000
69929  39.126  11.907  -41.088 0.0000000000
69930  38.024  11.528  -40.733 0.0000000000
69931  37.104  11.621  -40.692 0.0000000000
69936  41.432  11.631  -42.228 0.0000000000
69937  40.615  12.332  -42.594 0.0000000000
69938  39.780  11.879  -42.370 0.0000000000
69939  39.250  11.225  -41.729 0.0000000000
69940  37.553  11.041  -41.347 0.0000000000
69945  41.308  12.033  -43.612 0.0000000000
69946  40.203  11.919  -43.651 0.0000000000
69947  39.740  11.662  -43.065 0.0000000000
69954  40.905  11.701  -44.404 0.0000000000
69955  40.443  11.480  -44.300 0.0000000000
70714  45.033  11.659  -31.847 0.0000000000
70718  45.160  12.531  -32.417 0.0000000000
70719  44.786  11.989  -32.413 0.0000000000
70720  44.077  12.005  -32.945 0.0000000000
70723  43.354  12.084  -33.343 0.0000000000
70724  42.655  12.142  -33.781 0.0000000000
70727  42.054  12.163  -34.296 0.0000000000
70728  41.643  12.181  -34.887 0.0000000000
70731  41.576  12.237  -35.672 0.0000000000
70740  41.680  12.079  -36.403 0.0000000000
70749  43.672  12.990  -38.095 0.0000000000
70750  43.168  12.506  -37.848 0.0000000000
70751  42.169  12.170  -37.160 0.0000000000
70762  44.968  13.058  -38.952 0.0000000000
70763  44.271  12.726  -38.646 0.0000000000
70764  43.501  12.043  -38.411 0.0000000000
70768  44.882  12.989  -39.200 0.0000000000
70769  44.312  12.674  -39.279 0.0000000000
70770  43.529  12.508  -39.455 0.0000000000
70771  42.304  12.503  -39.731 0.0000000000
70772  41.146  12.897  -39.969 0.0000000000
70773  40.098  13.015  -39.946 0.0000000000
70774  39.078  12.735  -39.778 0.0000000000
70775  38.076  12.548  -39.581 0.0000000000
70776  37.117  12.269  -39.768 0.0000000000
70777  36.210  12.538  -39.808 0.0000000000
70779  41.357  12.190  -40.268 0.0000000000
70780  40.519  12.563  -40.595 0.0000000000
70781  39.639  12.540  -40.559 0.0000000000
70782  39.063  12.370  -40.422 0.0000000000
70783  36.466  11.993  -40.311 0.0000000000
71498  44.778  12.769  -32.872 0.0000000000
71499  44.423  12.444  -32.949 0.0000000000
71504  44.789  13.418  -33.279 0.0000000000
71505  43.857  13.057  -33.456 0.0000000000
71506  43.070  12.659  -33.668 0.0000000000
71511  43.314  13.707  -34.069 0.0000000000
71512  42.548  13.184  -34.312 0.0000000000
71513  41.971  12.669  -34.629 0.0000000000
71521  42.157  13.499  -34.986 0.0000000000
71522  41.858  13.040  -35.191 0.0000000000
71533  42.411  13.513  -37.065 0.0000000000
71534  41.860  12.998  -36.400 0.0000000000
71545  43.929  13.564  -38.222 0.0000000000
71546  43.088  13.275  -37.645 0.0000000000
71547  42.435  12.917  -37.284 0.0000000000
71556  45.210  13.475  -39.197 0.0000000000
71557  44.785  13.333  -38.729 0.0000000000
71558  38.746  14.259  -38.829 0.0000000000
71559  37.862  14.021  -38.688 0.0000000000
71560  36.999  13.926  -38.675 0.0000000000
71561  36.349  13.965  -38.790 0.0000000000
71562  36.027  13.730  -39.067 0.0000000000
71566  44.895  13.242  -39.619 0.0000000000
71567  44.198  13.074  -39.600 0.0000000000
71568  43.230  13.245  -39.679 0.0000000000
71569  41.928  13.493  -39.762 0.0000000000
71570  40.718  13.694  -39.708 0.0000000000
71571  39.560  13.729  -39.331 0.0000000000
71572  38.471  13.366  -39.119 0.0000000000
71573  37.494  13.214  -39.129 0.0000000000
71574  36.529  13.289  -39.243 0.0000000000
71575  35.528  13.348  -39.627 0.0000000000
72248  44.393  13.676  -33.633 0.0000000000
72256  43.989  14.188  -34.102 0.0000000000
72257  42.985  14.241  -34.528 0.0000000000
72267  42.339  14.051  -35.287 0.0000000000
72268  42.085  13.556  -35.287 0.0000000000
72277  42.266  14.029  -36.406 0.0000000000
72278  41.984  13.585  -35.703 0.0000000000
72289  43.728  14.458  -38.024 0.0000000000
72290  42.951  14.139  -37.378 0.0000000000
72298  45.349  14.197  -39.234 0.0000000000
72299  44.774  14.110  -38.599 0.0000000000
72300  38.914  15.010  -38.677 0.0000000000
72301  38.180  14.845  -38.490 0.0000000000
72302  37.338  14.710  -38.408 0.0000000000
72303  36.527  14.606  -38.506 0.0000000000
72304  35.753  14.360  -38.901 0.0000000000
72308  45.344  13.950  -39.841 0.0000000000
72309  44.283  13.889  -39.826 0.0000000000
72310  42.766  14.242  -39.663 0.0000000000
72311  41.396  14.487  -39.609 0.0000000000
72312  40.294  14.546  -39.381 0.0000000000
72313  39.518  14.706  -38.999 0.0000000000
72314  34.891  14.406  -39.569 0.0000000000
73010  43.444  14.855  -34.694 0.0000000000
73016  43.515  15.413  -35.183 0.0000000000
73017  42.832  14.965  -35.214 0.0000000000
73021  43.122  15.581  -35.967 0.0000000000
73022  42.517  14.881  -36.131 0.0000000000
73028  43.156  15.247  -37.183 0.0000000000
73029  42.650  14.618  -36.776 0.0000000000
73032  45.046  14.912  -38.860 0.0000000000
73033  44.121  15.103  -38.248 0.0000000000
73034  40.156  16.072  -38.936 0.0000000000
73035  39.577  15.659  -38.820 0.0000000000
73036  38.548  15.657  -38.500 0.0000000000
73037  37.676  15.554  -38.391 0.0000000000
73038  36.841  15.451  -38.405 0.0000000000
73039  36.026  15.345  -38.602 0.0000000000
73042  44.870  14.858  -40.077 0.0000000000
73043  43.532  15.099  -39.614 0.0000000000
73044  42.075  15.377  -39.461 0.0000000000
73045  40.659  15.542  -39.252 0.0000000000
73046  39.993  15.122  -39.168 0.0000000000
73047  35.279  15.280  -39.101 0.0000000000
73048  34.505  15.366  -39.689 0.0000000000
73745  40.547  17.096  -38.778 0.0000000000
73746  39.854  16.685  -38.691 0.0000000000
73747  38.922  16.525  -38.507 0.0000000000
73748  38.010  16.416  -38.428 0.0000000000
73749  37.176  16.298  -38.467 0.0000000000
73750  36.399  16.215  -38.632 0.0000000000
73751  35.635  16.160  -38.964 0.0000000000
73756  42.742  16.334  -39.459 0.0000000000
73757  41.373  16.565  -39.130 0.0000000000
73758  40.522  16.393  -38.949 0.0000000000
73759  34.977  16.036  -39.355 0.0000000000
73760  34.347  16.309  -39.802 0.0000000000
74520  40.473  17.613  -38.762 0.0000000000
74521  39.976  17.640  -38.676 0.0000000000
74522  39.172  17.451  -38.564 0.0000000000
74523  38.299  17.306  -38.524 0.0000000000
74524  37.449  17.151  -38.540 0.0000000000
74525  36.705  17.005  -38.645 0.0000000000
74526  36.013  17.023  -38.893 0.0000000000
74532  42.053  17.514  -39.345 0.0000000000
74533  40.977  17.721  -38.963 0.0000000000
74534  40.387  17.999  -38.792 0.0000000000
74535  35.093  17.041  -39.418 0.0000000000
75238  39.996  18.331  -38.780 0.0000000000
75239  39.383  18.283  -38.766 0.0000000000
75240  38.569  18.184  -38.763 0.0000000000
75241  37.695  18.017  -38.755 0.0000000000
75242  36.866  17.755  -38.817 0.0000000000
75243  36.387  17.488  -38.874 0.0000000000
75252  38.054  18.669  -39.456 0.0000000000
75253  37.105  18.493  -39.378 0.0000000000
75254  35.985  18.105  -39.293 0.0000000000
