#!ascii label  , from subject FREESURFER vox2ras=TkReg 
242
68645  28.197  10.796  3.985 0.0000000000
68646  27.954  10.994  3.262 0.0000000000
68665  27.850  11.072  2.551 0.0000000000
68680  27.924  11.149  1.884 0.0000000000
68699  29.148  10.926  -1.049 0.0000000000
69498  29.409  11.462  5.719 0.0000000000
69499  28.989  11.438  5.073 0.0000000000
69515  28.617  11.559  4.374 0.0000000000
69529  28.246  11.770  3.636 0.0000000000
69530  27.918  11.866  2.911 0.0000000000
69546  27.890  11.748  2.255 0.0000000000
69564  28.330  11.476  1.255 0.0000000000
69565  28.095  11.821  1.753 0.0000000000
69574  28.607  11.569  0.609 0.0000000000
69580  29.295  11.900  -1.151 0.0000000000
69581  28.808  11.912  0.227 0.0000000000
69587  29.493  11.483  -1.697 0.0000000000
69588  29.207  11.460  -1.145 0.0000000000
70312  29.959  12.062  5.761 0.0000000000
70335  30.582  12.390  5.204 0.0000000000
70336  29.701  12.266  5.152 0.0000000000
70337  29.134  12.167  4.658 0.0000000000
70357  31.356  12.791  4.562 0.0000000000
70358  30.540  12.872  4.622 0.0000000000
70359  29.719  12.859  4.473 0.0000000000
70360  28.855  12.623  4.042 0.0000000000
70377  28.294  12.762  3.077 0.0000000000
70378  28.006  12.324  2.861 0.0000000000
70387  28.262  12.794  2.197 0.0000000000
70388  28.015  12.300  2.551 0.0000000000
70403  28.395  12.504  1.495 0.0000000000
70404  28.069  12.243  2.021 0.0000000000
70418  29.222  12.971  0.119 0.0000000000
70419  28.754  12.536  0.677 0.0000000000
70426  29.410  12.988  -0.258 0.0000000000
70427  28.941  12.374  0.225 0.0000000000
70434  29.877  13.503  -0.808 0.0000000000
70437  29.876  12.463  -2.171 0.0000000000
71159  32.180  13.576  4.563 0.0000000000
71160  31.338  13.628  4.446 0.0000000000
71161  30.519  13.617  4.259 0.0000000000
71162  29.665  13.572  3.950 0.0000000000
71163  28.962  13.371  3.583 0.0000000000
71180  29.436  13.849  3.476 0.0000000000
71181  29.008  13.782  3.019 0.0000000000
71194  28.667  13.475  2.385 0.0000000000
71201  28.649  13.311  1.708 0.0000000000
71213  29.351  13.530  0.376 0.0000000000
71214  28.862  13.355  1.057 0.0000000000
71225  29.683  13.619  -0.250 0.0000000000
71234  30.611  14.203  -1.315 0.0000000000
71235  30.046  13.815  -0.818 0.0000000000
71242  30.318  13.872  -1.204 0.0000000000
71911  32.705  14.484  4.877 0.0000000000
71919  32.060  14.457  4.616 0.0000000000
71920  31.344  14.484  4.253 0.0000000000
71921  30.530  14.351  3.824 0.0000000000
71922  29.918  14.133  3.577 0.0000000000
71931  30.312  14.488  3.384 0.0000000000
71932  29.806  14.288  3.070 0.0000000000
71933  29.423  14.126  2.776 0.0000000000
71948  29.748  14.388  2.546 0.0000000000
71949  29.241  14.030  2.423 0.0000000000
71963  29.698  14.498  1.947 0.0000000000
71964  29.099  13.908  1.812 0.0000000000
71972  29.671  14.305  1.031 0.0000000000
71973  29.026  13.720  1.394 0.0000000000
71980  30.984  14.757  -0.432 0.0000000000
71981  30.286  14.430  -0.086 0.0000000000
71988  30.831  14.549  -0.939 0.0000000000
71989  30.130  14.113  -0.567 0.0000000000
71997  31.371  14.533  -1.751 0.0000000000
72653  32.533  15.008  4.867 0.0000000000
72660  32.363  15.418  4.448 0.0000000000
72661  31.419  15.291  3.642 0.0000000000
72662  30.712  14.763  3.459 0.0000000000
72669  31.557  15.631  2.769 0.0000000000
72670  30.625  14.971  2.962 0.0000000000
72671  30.119  14.598  2.722 0.0000000000
72679  31.709  15.683  2.355 0.0000000000
72680  31.209  15.517  2.178 0.0000000000
72681  30.287  14.879  2.325 0.0000000000
72691  31.378  15.493  1.674 0.0000000000
72692  30.629  15.147  1.551 0.0000000000
72702  34.368  15.764  -0.013 0.0000000000
72703  34.207  15.846  0.123 0.0000000000
72704  33.753  15.689  0.141 0.0000000000
72705  32.845  15.407  0.259 0.0000000000
72706  31.383  15.147  0.579 0.0000000000
72713  34.375  15.895  -0.176 0.0000000000
72714  33.992  15.735  -0.364 0.0000000000
72715  33.219  15.429  -0.493 0.0000000000
72716  31.944  14.913  -0.506 0.0000000000
72717  31.116  14.823  -0.124 0.0000000000
72722  34.322  15.956  -0.845 0.0000000000
72723  33.746  15.671  -1.204 0.0000000000
72724  32.978  15.180  -1.452 0.0000000000
72725  32.117  14.730  -1.620 0.0000000000
72731  34.118  16.020  -1.866 0.0000000000
72732  33.697  15.485  -2.306 0.0000000000
72733  33.192  14.932  -2.517 0.0000000000
72741  33.957  15.923  -3.150 0.0000000000
73377  32.515  15.960  3.753 0.0000000000
73385  32.434  15.972  3.048 0.0000000000
73393  33.278  16.539  2.490 0.0000000000
73394  32.346  15.905  2.347 0.0000000000
73395  31.859  15.741  2.135 0.0000000000
73401  33.483  16.760  2.073 0.0000000000
73402  33.149  16.334  1.968 0.0000000000
73403  32.315  15.769  1.674 0.0000000000
73404  31.520  15.435  1.308 0.0000000000
73411  34.468  15.966  0.066 0.0000000000
73412  34.252  16.008  0.358 0.0000000000
73413  33.692  15.864  0.631 0.0000000000
73414  32.823  15.686  0.997 0.0000000000
73415  32.031  15.485  1.149 0.0000000000
73422  34.476  16.220  -0.387 0.0000000000
73423  34.442  16.219  0.022 0.0000000000
73428  34.344  16.433  -1.235 0.0000000000
73434  33.959  16.682  -2.502 0.0000000000
73435  33.286  17.330  -2.730 0.0000000000
73436  32.559  17.633  -2.681 0.0000000000
73437  32.175  17.816  -2.601 0.0000000000
73444  33.614  17.008  -3.791 0.0000000000
73445  33.111  17.363  -3.564 0.0000000000
73446  32.526  17.511  -3.115 0.0000000000
74199  33.774  17.406  2.685 0.0000000000
74206  33.594  17.301  2.193 0.0000000000
74207  33.629  16.996  1.743 0.0000000000
74208  33.344  16.257  1.587 0.0000000000
74214  34.044  16.233  0.567 0.0000000000
74215  33.688  16.675  1.016 0.0000000000
74216  33.204  15.963  1.393 0.0000000000
74222  34.432  16.418  -0.205 0.0000000000
74223  34.125  16.583  0.070 0.0000000000
74224  33.119  17.429  -0.083 0.0000000000
74230  34.376  16.675  -0.631 0.0000000000
74231  33.801  17.216  -0.795 0.0000000000
74232  32.837  17.973  -1.058 0.0000000000
74233  32.176  18.368  -1.476 0.0000000000
74238  34.244  16.992  -1.388 0.0000000000
74239  33.550  17.376  -1.746 0.0000000000
74240  32.702  17.824  -1.973 0.0000000000
74241  31.981  18.214  -2.057 0.0000000000
74247  32.005  17.972  -2.495 0.0000000000
74978  33.590  18.244  2.386 0.0000000000
74985  33.221  18.087  1.989 0.0000000000
74986  32.857  17.957  1.413 0.0000000000
74993  32.440  18.239  0.544 0.0000000000
74994  31.702  18.881  0.067 0.0000000000
75000  32.228  18.373  -0.320 0.0000000000
75001  31.492  18.950  -0.476 0.0000000000
75007  32.036  18.607  -0.929 0.0000000000
75008  31.394  18.820  -1.140 0.0000000000
75009  30.910  19.115  -1.073 0.0000000000
75014  31.419  18.568  -1.621 0.0000000000
75015  30.123  19.212  -2.299 0.0000000000
75021  31.717  18.244  -2.103 0.0000000000
75022  30.069  19.411  -2.852 0.0000000000
75027  30.601  18.675  -4.054 0.0000000000
75742  33.269  19.151  2.211 0.0000000000
75749  32.770  19.129  1.736 0.0000000000
75750  32.212  19.189  1.122 0.0000000000
75757  31.694  19.389  0.502 0.0000000000
75758  31.161  19.630  0.010 0.0000000000
75759  30.734  20.147  -0.225 0.0000000000
75766  30.936  19.503  -0.534 0.0000000000
75767  30.576  20.170  -0.568 0.0000000000
75772  30.791  19.482  -0.832 0.0000000000
75773  30.559  19.945  -0.799 0.0000000000
75779  29.903  19.892  -2.348 0.0000000000
75785  30.194  19.510  -3.573 0.0000000000
75786  29.938  19.955  -2.982 0.0000000000
75792  30.432  19.514  -4.492 0.0000000000
76532  32.891  20.137  2.143 0.0000000000
76541  32.347  20.234  1.532 0.0000000000
76542  31.730  20.375  0.836 0.0000000000
76543  31.254  20.763  0.451 0.0000000000
76552  31.311  20.149  0.398 0.0000000000
76553  30.889  20.620  0.139 0.0000000000
76554  30.479  20.927  -0.279 0.0000000000
76562  30.233  21.067  -0.640 0.0000000000
76568  29.793  20.634  -1.810 0.0000000000
76575  29.787  20.602  -2.617 0.0000000000
76580  30.175  20.007  -4.032 0.0000000000
76581  29.945  20.542  -3.521 0.0000000000
76589  29.952  21.044  -3.968 0.0000000000
77255  32.657  21.145  1.949 0.0000000000
77270  32.082  21.326  1.258 0.0000000000
77271  31.356  21.535  0.545 0.0000000000
77272  31.019  21.147  0.315 0.0000000000
77286  30.953  22.111  0.252 0.0000000000
77287  30.642  21.703  0.064 0.0000000000
77288  30.048  21.953  -0.463 0.0000000000
77299  29.727  22.452  -1.014 0.0000000000
77306  29.565  23.114  -1.554 0.0000000000
77313  29.733  21.277  -2.952 0.0000000000
77318  29.802  21.528  -3.591 0.0000000000
78040  32.741  22.187  1.551 0.0000000000
78041  31.921  22.271  0.785 0.0000000000
78058  31.215  22.539  0.329 0.0000000000
78059  30.594  22.680  0.102 0.0000000000
78060  30.045  22.760  -0.226 0.0000000000
78079  29.686  23.037  -0.851 0.0000000000
78097  29.539  23.389  -1.523 0.0000000000
78111  29.485  23.727  -1.989 0.0000000000
78768  33.197  22.874  0.730 0.0000000000
78769  32.427  22.735  0.661 0.0000000000
78787  32.576  23.345  0.118 0.0000000000
78788  31.693  23.200  0.189 0.0000000000
78789  30.789  23.430  0.092 0.0000000000
78790  30.106  23.559  -0.015 0.0000000000
78810  29.700  23.774  -0.561 0.0000000000
78829  29.475  24.160  -1.416 0.0000000000
78846  29.422  24.246  -2.124 0.0000000000
79422  32.686  23.948  -0.337 0.0000000000
79423  31.968  23.952  -0.261 0.0000000000
79424  31.090  24.334  -0.172 0.0000000000
79425  30.300  24.270  -0.031 0.0000000000
79426  29.843  24.450  -0.291 0.0000000000
79438  32.237  24.615  -0.460 0.0000000000
79439  31.674  24.546  -0.368 0.0000000000
79440  29.543  24.781  -0.961 0.0000000000
79450  29.374  25.127  -1.655 0.0000000000
79459  29.314  25.048  -2.210 0.0000000000
79986  30.861  25.058  -0.314 0.0000000000
79987  30.409  24.934  -0.228 0.0000000000
79988  30.028  24.805  -0.160 0.0000000000
79998  31.495  25.321  -0.500 0.0000000000
79999  30.686  25.601  -0.567 0.0000000000
80000  29.965  25.431  -0.692 0.0000000000
80006  29.524  25.739  -1.548 0.0000000000
80007  29.454  25.953  -1.801 0.0000000000
80014  29.400  25.971  -2.180 0.0000000000
80015  29.302  26.143  -1.975 0.0000000000
80457  31.183  26.468  -0.710 0.0000000000
80458  30.544  26.465  -1.031 0.0000000000
80466  29.932  26.473  -1.561 0.0000000000
80467  29.598  26.085  -1.669 0.0000000000
80476  29.847  26.777  -2.248 0.0000000000
80477  29.553  26.184  -1.891 0.0000000000
80951  30.576  27.489  -1.514 0.0000000000
