#!ascii label  , from subject FREESURFER vox2ras=TkReg 
283
291  13.978  -76.842  8.325 0.0000000000
292  13.701  -77.106  8.412 0.0000000000
298  14.320  -76.993  8.182 0.0000000000
305  14.698  -77.353  7.232 0.0000000000
514  14.202  -76.505  8.182 0.0000000000
515  13.639  -76.708  8.355 0.0000000000
516  13.216  -76.983  8.716 0.0000000000
520  15.949  -75.955  7.705 0.0000000000
521  15.079  -76.303  8.052 0.0000000000
526  16.929  -75.835  6.770 0.0000000000
527  16.487  -76.136  7.144 0.0000000000
528  15.679  -76.622  7.370 0.0000000000
535  16.908  -75.822  6.525 0.0000000000
536  16.550  -76.126  6.312 0.0000000000
537  15.689  -77.052  6.217 0.0000000000
544  15.945  -76.349  5.407 0.0000000000
545  15.294  -76.732  4.689 0.0000000000
782  14.407  -75.926  8.115 0.0000000000
783  13.744  -76.109  8.137 0.0000000000
784  12.849  -76.382  8.279 0.0000000000
792  15.629  -75.329  7.839 0.0000000000
793  14.815  -75.413  7.871 0.0000000000
794  13.963  -75.372  7.670 0.0000000000
795  13.135  -75.652  7.675 0.0000000000
796  12.189  -75.449  7.651 0.0000000000
803  17.610  -75.207  7.047 0.0000000000
804  17.158  -75.321  7.164 0.0000000000
805  16.459  -75.280  7.608 0.0000000000
806  13.724  -74.947  7.334 0.0000000000
807  13.339  -75.050  7.267 0.0000000000
808  12.686  -75.126  7.209 0.0000000000
817  17.829  -75.163  6.945 0.0000000000
818  17.240  -75.514  6.388 0.0000000000
819  16.408  -75.908  5.519 0.0000000000
830  19.906  -75.097  5.018 0.0000000000
831  19.375  -75.281  4.945 0.0000000000
832  19.078  -75.306  5.118 0.0000000000
833  16.580  -75.616  5.168 0.0000000000
834  15.662  -75.817  4.418 0.0000000000
835  15.117  -76.101  4.069 0.0000000000
845  20.186  -75.173  4.037 0.0000000000
846  19.525  -75.404  4.391 0.0000000000
847  18.775  -75.585  4.337 0.0000000000
848  15.335  -75.629  3.754 0.0000000000
849  14.947  -75.691  3.476 0.0000000000
1110  15.126  -74.787  7.572 0.0000000000
1111  14.399  -74.851  7.429 0.0000000000
1112  13.964  -74.903  7.375 0.0000000000
1122  17.747  -74.668  7.182 0.0000000000
1123  17.010  -74.548  7.433 0.0000000000
1124  15.889  -74.323  7.361 0.0000000000
1125  14.708  -74.206  6.899 0.0000000000
1126  13.714  -74.515  6.952 0.0000000000
1127  12.876  -74.611  6.853 0.0000000000
1128  12.095  -74.587  6.945 0.0000000000
1135  19.661  -74.789  5.971 0.0000000000
1136  19.226  -74.852  6.134 0.0000000000
1137  18.287  -75.076  6.542 0.0000000000
1138  17.668  -75.329  6.155 0.0000000000
1139  15.718  -73.909  6.957 0.0000000000
1140  15.380  -73.948  6.780 0.0000000000
1149  19.953  -74.704  5.595 0.0000000000
1150  19.493  -75.114  5.600 0.0000000000
1151  18.597  -75.275  5.368 0.0000000000
1152  17.356  -75.380  5.239 0.0000000000
1153  16.292  -75.483  4.380 0.0000000000
1160  20.820  -74.366  3.774 0.0000000000
1161  20.320  -74.564  4.772 0.0000000000
1162  17.617  -75.511  3.959 0.0000000000
1163  16.519  -75.374  3.746 0.0000000000
1164  15.516  -75.447  3.471 0.0000000000
1165  14.948  -75.397  2.957 0.0000000000
1472  17.816  -74.163  7.224 0.0000000000
1473  17.497  -74.034  7.279 0.0000000000
1474  16.712  -73.928  7.197 0.0000000000
1475  14.444  -73.870  6.472 0.0000000000
1476  13.982  -73.861  6.355 0.0000000000
1477  12.722  -73.583  6.284 0.0000000000
1478  11.524  -73.645  6.873 0.0000000000
1485  19.675  -74.415  5.989 0.0000000000
1486  18.962  -74.244  6.288 0.0000000000
1487  18.021  -73.960  6.774 0.0000000000
1488  16.979  -73.599  6.603 0.0000000000
1489  15.839  -73.734  6.500 0.0000000000
1490  14.663  -73.667  6.130 0.0000000000
1491  13.691  -73.124  5.678 0.0000000000
1492  13.043  -72.653  5.702 0.0000000000
1501  20.141  -74.162  5.299 0.0000000000
1502  19.431  -73.777  5.557 0.0000000000
1503  18.397  -73.527  5.640 0.0000000000
1504  17.297  -73.306  5.663 0.0000000000
1505  16.154  -73.321  5.503 0.0000000000
1506  15.016  -73.382  5.228 0.0000000000
1507  14.301  -73.169  5.310 0.0000000000
1517  21.024  -74.057  3.894 0.0000000000
1518  20.679  -74.059  4.269 0.0000000000
1519  19.909  -73.673  4.533 0.0000000000
1520  18.805  -73.289  4.508 0.0000000000
1521  17.560  -73.112  4.471 0.0000000000
1522  16.386  -73.170  4.470 0.0000000000
1523  15.391  -73.185  4.417 0.0000000000
1531  21.215  -73.941  3.281 0.0000000000
1532  20.529  -73.617  3.497 0.0000000000
1533  19.382  -73.349  3.386 0.0000000000
1534  17.851  -73.006  2.964 0.0000000000
1535  16.525  -72.989  3.336 0.0000000000
1536  15.490  -73.028  3.527 0.0000000000
1537  14.921  -72.983  3.749 0.0000000000
1546  21.302  -73.316  2.597 0.0000000000
1547  20.201  -73.140  2.498 0.0000000000
1548  18.917  -73.081  2.165 0.0000000000
1549  17.971  -72.798  1.828 0.0000000000
1820  12.498  -72.132  5.901 0.0000000000
1821  11.669  -72.555  6.519 0.0000000000
1832  13.390  -72.387  5.338 0.0000000000
1833  13.022  -72.003  5.490 0.0000000000
1841  14.398  -73.014  4.874 0.0000000000
1842  13.896  -72.487  4.853 0.0000000000
1849  14.541  -72.855  4.254 0.0000000000
1850  13.932  -72.171  3.868 0.0000000000
1857  17.262  -72.613  1.878 0.0000000000
1858  16.522  -72.609  2.236 0.0000000000
1859  15.514  -72.678  2.557 0.0000000000
1860  14.495  -72.494  2.996 0.0000000000
1861  13.860  -71.942  3.134 0.0000000000
1869  21.037  -72.684  1.759 0.0000000000
1870  19.740  -72.727  1.433 0.0000000000
1871  18.515  -72.668  1.162 0.0000000000
1873  16.595  -72.263  1.330 0.0000000000
1874  15.517  -72.113  1.495 0.0000000000
1875  14.860  -72.294  2.124 0.0000000000
2222  12.394  -71.421  5.838 0.0000000000
2223  11.924  -71.528  6.177 0.0000000000
2224  11.103  -71.663  6.746 0.0000000000
2230  13.387  -71.666  5.128 0.0000000000
2231  12.863  -71.237  5.547 0.0000000000
2237  13.612  -71.479  4.455 0.0000000000
2244  13.656  -71.417  3.610 0.0000000000
2247  14.023  -71.877  2.613 0.0000000000
2248  13.660  -71.402  2.713 0.0000000000
2250  14.990  -71.617  1.027 0.0000000000
2251  14.210  -71.556  1.720 0.0000000000
2252  13.615  -71.131  2.143 0.0000000000
2558  12.296  -70.853  5.832 0.0000000000
2559  11.546  -70.615  6.192 0.0000000000
2560  10.635  -70.579  6.711 0.0000000000
2561  9.881  -70.178  6.875 0.0000000000
2563  13.403  -70.551  5.019 0.0000000000
2564  12.784  -70.256  5.531 0.0000000000
2565  12.177  -70.146  5.799 0.0000000000
2573  13.554  -70.609  4.077 0.0000000000
2579  13.463  -70.850  3.284 0.0000000000
2584  13.395  -70.723  2.585 0.0000000000
2587  13.876  -70.939  1.394 0.0000000000
2588  13.535  -70.645  1.697 0.0000000000
2594  13.973  -70.550  0.852 0.0000000000
2595  13.498  -70.106  1.165 0.0000000000
2921  11.044  -69.938  6.259 0.0000000000
2922  10.353  -69.431  6.366 0.0000000000
2923  9.289  -69.497  6.952 0.0000000000
2924  8.924  -69.075  7.205 0.0000000000
2929  13.083  -69.472  5.172 0.0000000000
2930  12.481  -69.460  5.584 0.0000000000
2931  11.657  -69.590  5.932 0.0000000000
2932  11.044  -69.459  6.110 0.0000000000
2941  13.304  -69.496  4.431 0.0000000000
2942  13.129  -68.864  4.214 0.0000000000
2950  13.234  -70.052  3.311 0.0000000000
2951  13.030  -69.094  3.618 0.0000000000
2958  13.171  -70.132  2.374 0.0000000000
2959  12.901  -69.411  2.654 0.0000000000
2963  13.127  -69.674  1.653 0.0000000000
2964  12.701  -68.911  2.011 0.0000000000
3286  9.240  -67.963  6.920 0.0000000000
3287  8.878  -68.511  7.420 0.0000000000
3291  10.479  -68.242  6.116 0.0000000000
3292  9.657  -68.564  6.535 0.0000000000
3293  9.124  -68.727  6.944 0.0000000000
3301  13.054  -69.052  5.113 0.0000000000
3302  12.818  -68.730  5.223 0.0000000000
3303  12.046  -68.681  5.692 0.0000000000
3304  11.157  -68.862  5.951 0.0000000000
3312  13.151  -69.029  4.888 0.0000000000
3313  13.030  -68.581  4.650 0.0000000000
3320  12.927  -68.354  3.969 0.0000000000
3324  12.632  -68.393  2.929 0.0000000000
3646  8.804  -67.295  8.761 0.0000000000
3650  9.414  -67.131  6.950 0.0000000000
3651  9.061  -67.412  7.678 0.0000000000
3658  10.643  -67.352  6.022 0.0000000000
3659  9.886  -67.473  6.421 0.0000000000
3669  12.794  -67.954  4.988 0.0000000000
3670  12.349  -67.811  5.372 0.0000000000
3671  11.426  -67.769  5.767 0.0000000000
3679  12.786  -67.728  4.484 0.0000000000
3689  12.646  -67.535  3.704 0.0000000000
4073  8.548  -66.200  10.184 0.0000000000
4082  8.802  -66.205  9.218 0.0000000000
4088  9.433  -66.362  7.328 0.0000000000
4089  9.154  -66.200  8.224 0.0000000000
4098  10.416  -66.612  6.185 0.0000000000
4099  9.820  -66.473  6.656 0.0000000000
4112  12.561  -67.021  4.934 0.0000000000
4113  11.977  -66.834  5.435 0.0000000000
4114  11.151  -66.701  5.786 0.0000000000
4124  12.611  -66.939  4.313 0.0000000000
4132  12.553  -66.549  3.604 0.0000000000
4549  8.206  -65.661  11.711 0.0000000000
4563  8.302  -65.280  10.746 0.0000000000
4579  8.522  -65.090  9.692 0.0000000000
4591  9.189  -64.916  8.131 0.0000000000
4592  8.919  -65.219  8.701 0.0000000000
4598  9.423  -65.369  7.652 0.0000000000
4599  9.201  -65.435  8.173 0.0000000000
4606  10.321  -65.740  6.372 0.0000000000
4607  9.780  -65.552  6.912 0.0000000000
4619  12.362  -66.054  5.166 0.0000000000
4620  11.650  -65.734  5.603 0.0000000000
4621  10.852  -65.979  5.940 0.0000000000
4632  12.716  -65.897  4.508 0.0000000000
5082  8.311  -64.490  11.572 0.0000000000
5095  8.440  -64.109  10.468 0.0000000000
5109  8.577  -64.156  9.624 0.0000000000
5123  9.017  -64.169  8.503 0.0000000000
5124  8.725  -64.489  9.119 0.0000000000
5135  9.418  -64.353  7.722 0.0000000000
5143  10.960  -64.377  6.119 0.0000000000
5144  10.307  -64.681  6.569 0.0000000000
5145  9.736  -64.725  7.163 0.0000000000
5154  12.510  -64.874  5.229 0.0000000000
5155  11.583  -64.615  5.723 0.0000000000
5156  10.923  -65.176  6.027 0.0000000000
5650  10.558  -63.304  12.551 0.0000000000
5651  9.574  -63.276  12.210 0.0000000000
5652  8.667  -63.921  12.375 0.0000000000
5663  11.804  -63.506  11.986 0.0000000000
5664  9.365  -63.009  11.497 0.0000000000
5665  8.798  -63.460  11.404 0.0000000000
5679  8.816  -63.259  10.557 0.0000000000
5692  9.077  -62.937  9.488 0.0000000000
5693  8.809  -63.357  9.764 0.0000000000
5707  9.096  -63.161  8.968 0.0000000000
5708  8.785  -63.846  9.173 0.0000000000
5721  9.423  -63.255  7.964 0.0000000000
5728  11.321  -63.888  5.916 0.0000000000
5729  10.708  -63.554  6.348 0.0000000000
5730  9.885  -63.685  7.077 0.0000000000
5741  12.034  -63.675  5.539 0.0000000000
5742  11.354  -63.242  5.906 0.0000000000
6234  11.493  -63.301  11.979 0.0000000000
6235  11.080  -63.059  12.018 0.0000000000
6236  10.376  -62.921  11.938 0.0000000000
6246  12.365  -63.174  11.111 0.0000000000
6247  11.741  -63.024  11.434 0.0000000000
6248  10.868  -62.605  11.423 0.0000000000
6249  9.931  -62.609  11.360 0.0000000000
6250  9.261  -62.833  10.924 0.0000000000
6261  12.473  -62.612  10.474 0.0000000000
6262  11.498  -62.385  10.768 0.0000000000
6263  10.656  -62.206  10.703 0.0000000000
6264  9.805  -62.242  10.375 0.0000000000
6265  9.133  -62.772  10.160 0.0000000000
6276  9.404  -62.412  9.501 0.0000000000
6277  9.082  -62.857  9.731 0.0000000000
6289  9.573  -62.320  8.522 0.0000000000
6304  10.047  -62.053  7.461 0.0000000000
6305  9.720  -62.456  7.858 0.0000000000
6318  10.313  -62.528  6.778 0.0000000000
6319  9.823  -62.781  7.395 0.0000000000
6331  11.000  -62.527  6.124 0.0000000000
6828  11.917  -62.139  10.304 0.0000000000
6829  11.395  -61.869  10.213 0.0000000000
6830  10.622  -61.695  10.000 0.0000000000
6831  10.023  -61.759  9.663 0.0000000000
6838  12.341  -61.728  9.775 0.0000000000
6839  11.448  -61.300  9.588 0.0000000000
6840  10.646  -61.177  9.246 0.0000000000
6841  9.908  -61.629  9.011 0.0000000000
6848  10.416  -61.122  8.556 0.0000000000
6849  9.986  -61.627  8.397 0.0000000000
6861  10.303  -61.304  7.837 0.0000000000
6862  9.882  -61.926  8.008 0.0000000000
6880  10.496  -61.429  6.996 0.0000000000
