#!ascii label  , from subject FREESURFER vox2ras=TkReg 
665
15947  13.629  -47.255  -2.757 0.0000000000
15948  13.120  -47.043  -2.579 0.0000000000
15949  12.795  -46.789  -2.638 0.0000000000
16654  18.702  -46.973  -1.511 0.0000000000
16655  16.403  -46.574  -1.480 0.0000000000
16656  14.593  -45.500  -2.342 0.0000000000
16657  14.364  -45.664  -2.338 0.0000000000
16663  15.914  -46.717  -1.769 0.0000000000
16664  14.338  -45.935  -2.279 0.0000000000
16665  14.074  -46.138  -2.239 0.0000000000
16666  13.669  -46.290  -2.346 0.0000000000
16667  13.136  -46.247  -2.505 0.0000000000
16674  12.513  -46.352  -2.857 0.0000000000
16675  11.628  -46.566  -3.215 0.0000000000
17345  18.519  -45.651  -1.655 0.0000000000
17346  16.490  -45.608  -1.625 0.0000000000
17347  14.929  -45.104  -2.267 0.0000000000
17348  14.645  -45.214  -2.347 0.0000000000
17354  16.039  -46.233  -1.777 0.0000000000
17355  15.913  -45.913  -1.851 0.0000000000
17356  14.182  -45.490  -2.300 0.0000000000
17357  13.614  -45.486  -2.447 0.0000000000
17358  12.954  -45.505  -2.759 0.0000000000
17360  8.729  -44.265  -2.378 0.0000000000
17366  12.214  -45.451  -3.324 0.0000000000
17367  11.078  -45.561  -3.705 0.0000000000
17368  10.061  -45.662  -3.600 0.0000000000
17369  9.220  -45.069  -3.141 0.0000000000
17370  8.860  -44.521  -2.635 0.0000000000
17384  10.369  -45.069  -4.032 0.0000000000
17385  9.674  -44.976  -3.922 0.0000000000
17386  9.289  -44.782  -3.724 0.0000000000
18073  18.363  -44.236  -1.754 0.0000000000
18074  17.063  -43.928  -1.854 0.0000000000
18075  15.893  -44.264  -2.181 0.0000000000
18076  15.168  -44.529  -2.318 0.0000000000
18077  14.616  -44.885  -2.345 0.0000000000
18084  14.812  -44.335  -2.395 0.0000000000
18085  14.182  -44.668  -2.472 0.0000000000
18086  13.420  -44.654  -2.801 0.0000000000
18087  12.821  -44.874  -3.084 0.0000000000
18095  12.992  -44.294  -3.214 0.0000000000
18096  12.483  -44.479  -3.453 0.0000000000
18097  11.823  -44.615  -3.794 0.0000000000
18098  9.015  -44.550  -3.586 0.0000000000
18099  8.570  -44.116  -3.023 0.0000000000
18115  10.993  -44.474  -4.209 0.0000000000
18116  10.073  -44.398  -4.389 0.0000000000
18117  9.251  -44.374  -4.102 0.0000000000
18118  8.819  -44.198  -3.760 0.0000000000
18782  17.521  -43.523  -1.813 0.0000000000
18783  16.457  -43.549  -2.068 0.0000000000
18784  15.754  -44.023  -2.239 0.0000000000
18790  16.095  -43.127  -2.251 0.0000000000
18791  15.430  -43.623  -2.366 0.0000000000
18792  14.562  -43.785  -2.569 0.0000000000
18793  13.920  -43.868  -2.793 0.0000000000
18794  8.066  -43.226  -2.373 0.0000000000
18800  13.373  -43.860  -3.111 0.0000000000
18801  12.719  -43.584  -3.485 0.0000000000
18802  12.245  -44.056  -3.736 0.0000000000
18803  8.076  -43.343  -3.171 0.0000000000
18804  7.556  -42.846  -2.816 0.0000000000
18819  12.383  -43.056  -3.731 0.0000000000
18820  11.861  -43.536  -4.059 0.0000000000
18821  10.671  -43.325  -4.627 0.0000000000
18822  9.562  -43.678  -4.665 0.0000000000
18823  8.495  -43.599  -4.186 0.0000000000
18824  7.763  -43.139  -3.663 0.0000000000
18833  10.405  -42.620  -4.924 0.0000000000
18834  9.869  -42.876  -5.049 0.0000000000
18835  9.057  -43.104  -5.019 0.0000000000
18880  11.259  -42.710  -10.107 0.0000000000
19507  17.053  -43.085  -1.800 0.0000000000
19513  16.669  -42.601  -2.144 0.0000000000
19514  15.733  -42.643  -2.460 0.0000000000
19515  14.726  -42.801  -2.738 0.0000000000
19516  14.229  -43.333  -2.796 0.0000000000
19517  6.806  -42.420  -2.155 0.0000000000
19521  14.274  -42.363  -3.049 0.0000000000
19522  13.691  -42.891  -3.128 0.0000000000
19523  12.774  -42.625  -3.536 0.0000000000
19524  6.886  -42.537  -2.611 0.0000000000
19525  6.349  -42.428  -2.497 0.0000000000
19539  12.193  -42.560  -3.895 0.0000000000
19540  11.556  -42.519  -4.348 0.0000000000
19541  10.893  -42.240  -4.773 0.0000000000
19542  7.731  -42.969  -4.364 0.0000000000
19543  7.125  -42.738  -3.720 0.0000000000
19544  6.327  -42.420  -3.542 0.0000000000
19545  5.656  -42.209  -3.128 0.0000000000
19556  10.211  -41.987  -5.198 0.0000000000
19557  9.257  -42.272  -5.336 0.0000000000
19558  8.211  -42.614  -5.115 0.0000000000
19559  7.224  -42.412  -4.685 0.0000000000
19560  6.680  -42.415  -4.247 0.0000000000
19571  6.338  -41.785  -6.969 0.0000000000
19572  5.977  -41.947  -6.915 0.0000000000
19584  9.375  -42.600  -8.188 0.0000000000
19585  8.653  -42.602  -7.828 0.0000000000
19586  7.805  -42.529  -7.498 0.0000000000
19587  6.694  -42.334  -7.167 0.0000000000
19601  11.139  -42.043  -9.184 0.0000000000
19602  10.771  -42.420  -9.065 0.0000000000
19603  10.105  -42.508  -8.539 0.0000000000
19614  11.242  -42.361  -9.604 0.0000000000
19615  10.908  -42.670  -9.424 0.0000000000
19627  12.079  -41.812  -11.088 0.0000000000
19628  11.672  -42.220  -10.584 0.0000000000
19641  11.843  -42.088  -11.647 0.0000000000
19654  11.895  -41.847  -12.351 0.0000000000
20282  16.111  -41.845  -2.550 0.0000000000
20283  15.290  -41.827  -2.816 0.0000000000
20284  14.613  -42.022  -3.005 0.0000000000
20289  14.739  -41.423  -3.214 0.0000000000
20290  14.032  -41.770  -3.302 0.0000000000
20291  13.202  -41.937  -3.468 0.0000000000
20292  12.560  -41.866  -3.726 0.0000000000
20304  12.029  -41.869  -4.042 0.0000000000
20305  11.524  -41.582  -4.413 0.0000000000
20306  10.870  -41.337  -4.859 0.0000000000
20307  5.795  -42.135  -3.944 0.0000000000
20308  5.153  -41.736  -4.051 0.0000000000
20323  10.311  -41.089  -5.198 0.0000000000
20324  9.585  -41.289  -5.447 0.0000000000
20325  8.579  -41.501  -5.548 0.0000000000
20326  7.479  -41.622  -5.315 0.0000000000
20327  6.286  -41.700  -4.639 0.0000000000
20328  5.476  -41.042  -4.657 0.0000000000
20340  6.048  -41.401  -6.789 0.0000000000
20341  5.195  -41.547  -6.884 0.0000000000
20342  4.181  -41.035  -7.075 0.0000000000
20343  3.647  -40.614  -7.323 0.0000000000
20354  8.969  -41.986  -8.004 0.0000000000
20355  8.350  -41.708  -7.788 0.0000000000
20356  7.457  -41.571  -7.410 0.0000000000
20357  6.669  -41.432  -7.061 0.0000000000
20372  10.978  -41.713  -8.992 0.0000000000
20373  10.400  -41.730  -8.699 0.0000000000
20374  9.526  -41.681  -8.387 0.0000000000
20375  8.841  -41.436  -8.200 0.0000000000
20388  11.817  -41.264  -9.666 0.0000000000
20389  11.359  -41.603  -9.363 0.0000000000
20403  12.194  -41.319  -10.463 0.0000000000
20404  11.691  -41.767  -9.886 0.0000000000
20417  12.292  -41.419  -11.792 0.0000000000
20423  11.971  -41.348  -13.288 0.0000000000
20432  11.794  -40.780  -14.467 0.0000000000
21092  15.756  -41.368  -2.817 0.0000000000
21100  15.392  -40.844  -3.254 0.0000000000
21101  14.334  -40.693  -3.669 0.0000000000
21102  13.371  -41.157  -3.645 0.0000000000
21103  12.874  -41.446  -3.683 0.0000000000
21114  14.063  -40.127  -4.110 0.0000000000
21115  13.459  -40.351  -4.013 0.0000000000
21116  12.412  -40.912  -4.020 0.0000000000
21117  11.447  -40.679  -4.560 0.0000000000
21118  10.750  -40.476  -4.943 0.0000000000
21119  5.299  -39.789  -4.690 0.0000000000
21120  4.721  -40.466  -4.554 0.0000000000
21136  9.993  -40.378  -5.303 0.0000000000
21137  9.030  -40.441  -5.580 0.0000000000
21138  7.916  -40.531  -5.644 0.0000000000
21139  6.819  -40.604  -5.342 0.0000000000
21140  5.804  -40.414  -4.835 0.0000000000
21141  5.373  -40.663  -4.709 0.0000000000
21154  6.389  -40.855  -6.861 0.0000000000
21155  5.693  -40.706  -6.612 0.0000000000
21156  4.741  -40.527  -6.561 0.0000000000
21157  3.842  -40.205  -6.827 0.0000000000
21167  8.526  -41.153  -8.149 0.0000000000
21168  8.037  -40.830  -7.966 0.0000000000
21169  7.109  -40.613  -7.332 0.0000000000
21170  3.085  -39.980  -7.535 0.0000000000
21182  11.140  -41.312  -9.153 0.0000000000
21183  10.785  -41.152  -8.998 0.0000000000
21184  10.005  -40.979  -8.856 0.0000000000
21185  8.929  -40.694  -8.637 0.0000000000
21186  8.236  -40.172  -8.495 0.0000000000
21197  12.111  -40.778  -9.721 0.0000000000
21198  11.453  -40.783  -9.302 0.0000000000
21199  10.650  -40.398  -9.198 0.0000000000
21200  9.756  -40.172  -9.232 0.0000000000
21201  9.061  -39.886  -9.242 0.0000000000
21212  12.897  -39.935  -10.785 0.0000000000
21213  12.491  -40.379  -10.231 0.0000000000
21222  13.075  -39.774  -11.799 0.0000000000
21223  12.671  -40.590  -11.232 0.0000000000
21230  13.041  -39.376  -13.287 0.0000000000
21231  12.673  -40.477  -12.585 0.0000000000
21238  12.729  -39.264  -14.138 0.0000000000
21239  12.435  -39.978  -14.142 0.0000000000
21247  12.018  -40.300  -15.331 0.0000000000
21970  14.988  -40.308  -3.753 0.0000000000
21981  14.665  -39.756  -4.231 0.0000000000
21982  13.777  -39.708  -4.414 0.0000000000
21983  12.862  -39.702  -4.448 0.0000000000
21984  11.913  -39.936  -4.507 0.0000000000
21985  11.232  -39.960  -4.759 0.0000000000
21986  6.565  -39.009  -4.966 0.0000000000
21987  5.798  -39.169  -4.635 0.0000000000
21988  4.753  -39.100  -4.475 0.0000000000
21989  3.674  -39.138  -4.447 0.0000000000
22007  12.207  -39.269  -4.772 0.0000000000
22008  11.488  -39.317  -4.879 0.0000000000
22009  10.609  -39.544  -5.085 0.0000000000
22010  9.564  -39.507  -5.395 0.0000000000
22011  8.429  -39.476  -5.507 0.0000000000
22012  7.247  -39.469  -5.372 0.0000000000
22013  6.440  -39.715  -5.111 0.0000000000
22014  5.181  -39.011  -6.232 0.0000000000
22015  4.697  -39.076  -6.113 0.0000000000
22016  3.939  -38.922  -5.986 0.0000000000
22032  6.372  -40.092  -6.826 0.0000000000
22033  5.393  -39.636  -6.370 0.0000000000
22034  4.284  -39.643  -6.311 0.0000000000
22035  3.172  -39.111  -6.542 0.0000000000
22048  7.711  -39.966  -7.997 0.0000000000
22049  7.045  -39.608  -7.469 0.0000000000
22063  8.570  -39.882  -8.964 0.0000000000
22064  7.958  -39.535  -8.897 0.0000000000
22076  12.139  -40.055  -9.545 0.0000000000
22077  11.373  -39.757  -9.390 0.0000000000
22078  10.454  -39.505  -9.454 0.0000000000
22079  9.514  -39.336  -9.619 0.0000000000
22080  8.583  -39.317  -9.651 0.0000000000
22081  7.866  -39.023  -9.664 0.0000000000
22091  13.212  -39.205  -10.914 0.0000000000
22092  12.679  -39.558  -10.101 0.0000000000
22102  13.484  -38.753  -12.209 0.0000000000
22110  13.422  -38.472  -13.522 0.0000000000
22118  12.964  -38.633  -14.530 0.0000000000
22119  12.636  -39.192  -14.552 0.0000000000
22128  12.864  -38.487  -15.325 0.0000000000
22129  12.606  -39.091  -15.294 0.0000000000
22138  13.282  -39.461  -16.242 0.0000000000
22139  12.648  -39.690  -16.058 0.0000000000
22859  14.894  -38.891  -4.777 0.0000000000
22860  14.142  -39.126  -4.771 0.0000000000
22861  13.476  -39.204  -4.758 0.0000000000
22862  6.941  -38.706  -5.101 0.0000000000
22863  6.347  -38.110  -4.588 0.0000000000
22864  5.025  -38.069  -4.205 0.0000000000
22865  3.876  -38.020  -4.143 0.0000000000
22866  2.945  -38.019  -4.296 0.0000000000
22885  14.329  -38.498  -5.227 0.0000000000
22886  13.700  -38.763  -5.107 0.0000000000
22887  12.922  -38.839  -5.078 0.0000000000
22888  11.996  -38.684  -5.178 0.0000000000
22889  11.107  -38.664  -5.230 0.0000000000
22890  10.160  -38.702  -5.416 0.0000000000
22891  9.071  -38.649  -5.575 0.0000000000
22892  7.691  -38.375  -5.288 0.0000000000
22893  6.982  -37.518  -4.930 0.0000000000
22894  4.970  -38.659  -6.160 0.0000000000
22895  4.347  -38.403  -5.924 0.0000000000
22896  3.224  -38.123  -5.584 0.0000000000
22917  6.341  -39.138  -6.916 0.0000000000
22918  5.560  -38.627  -6.461 0.0000000000
22937  7.449  -39.315  -8.242 0.0000000000
22938  6.922  -38.679  -7.901 0.0000000000
22953  7.450  -38.850  -8.985 0.0000000000
22954  7.010  -38.062  -8.946 0.0000000000
22963  12.117  -39.089  -9.647 0.0000000000
22964  11.215  -38.737  -9.554 0.0000000000
22965  10.152  -38.553  -9.709 0.0000000000
22966  9.110  -38.443  -10.275 0.0000000000
22967  8.130  -38.640  -10.347 0.0000000000
22968  7.388  -38.350  -10.009 0.0000000000
22969  6.838  -37.690  -9.854 0.0000000000
22981  13.663  -38.271  -10.971 0.0000000000
22982  12.927  -38.653  -10.095 0.0000000000
22983  8.372  -38.052  -10.779 0.0000000000
22984  7.609  -37.958  -10.988 0.0000000000
22985  6.951  -37.720  -10.721 0.0000000000
22986  6.645  -37.459  -10.298 0.0000000000
22997  14.333  -37.446  -12.685 0.0000000000
22998  13.920  -38.024  -12.076 0.0000000000
22999  7.311  -37.644  -11.278 0.0000000000
23000  7.161  -37.758  -11.112 0.0000000000
23010  14.165  -37.250  -13.755 0.0000000000
23011  13.853  -37.941  -13.117 0.0000000000
23019  14.023  -37.173  -14.309 0.0000000000
23020  13.676  -37.690  -14.330 0.0000000000
23028  14.250  -38.253  -15.239 0.0000000000
23029  13.347  -38.233  -15.354 0.0000000000
23030  12.858  -38.494  -15.636 0.0000000000
23040  13.586  -38.733  -15.854 0.0000000000
23041  12.926  -38.719  -16.046 0.0000000000
23786  6.178  -36.949  -4.420 0.0000000000
23787  5.213  -37.056  -4.037 0.0000000000
23788  4.069  -37.004  -3.783 0.0000000000
23789  2.963  -37.018  -3.950 0.0000000000
23790  2.709  -37.510  -4.526 0.0000000000
23803  13.644  -38.167  -5.590 0.0000000000
23804  12.667  -38.107  -5.628 0.0000000000
23805  11.734  -38.019  -5.647 0.0000000000
23806  10.789  -37.980  -5.688 0.0000000000
23807  9.800  -37.996  -5.808 0.0000000000
23808  8.743  -37.821  -5.778 0.0000000000
23809  7.758  -37.292  -5.570 0.0000000000
23810  6.863  -36.749  -5.077 0.0000000000
23811  4.944  -38.141  -6.179 0.0000000000
23812  4.220  -37.472  -5.741 0.0000000000
23813  2.837  -37.089  -4.806 0.0000000000
23834  12.456  -37.459  -6.178 0.0000000000
23835  11.522  -37.408  -6.299 0.0000000000
23836  10.506  -37.418  -6.332 0.0000000000
23837  9.525  -37.397  -6.266 0.0000000000
23838  8.651  -37.120  -6.200 0.0000000000
23839  7.979  -36.718  -6.120 0.0000000000
23840  6.220  -38.308  -7.100 0.0000000000
23841  5.489  -37.543  -6.665 0.0000000000
23842  4.649  -36.827  -6.265 0.0000000000
23863  11.172  -37.095  -6.780 0.0000000000
23864  10.695  -36.968  -6.959 0.0000000000
23865  6.345  -37.699  -7.901 0.0000000000
23866  5.805  -37.024  -7.549 0.0000000000
23879  6.495  -37.348  -8.995 0.0000000000
23893  13.014  -37.208  -10.041 0.0000000000
23894  12.194  -37.802  -9.700 0.0000000000
23895  10.893  -37.710  -9.646 0.0000000000
23896  9.804  -37.576  -10.117 0.0000000000
23897  9.283  -37.884  -10.411 0.0000000000
23898  6.330  -37.166  -9.814 0.0000000000
23912  14.469  -36.936  -11.124 0.0000000000
23913  13.751  -37.282  -10.558 0.0000000000
23914  13.143  -37.856  -10.169 0.0000000000
23915  9.485  -36.988  -10.546 0.0000000000
23916  8.969  -37.517  -10.766 0.0000000000
23917  8.216  -37.474  -11.342 0.0000000000
23918  6.744  -37.459  -10.978 0.0000000000
23919  6.448  -37.114  -10.555 0.0000000000
23928  15.199  -36.447  -12.614 0.0000000000
23929  14.755  -37.014  -12.138 0.0000000000
23930  14.176  -37.540  -11.548 0.0000000000
23931  7.578  -37.319  -11.570 0.0000000000
23932  6.966  -37.398  -11.334 0.0000000000
23933  6.658  -37.241  -11.055 0.0000000000
23943  15.174  -36.263  -13.268 0.0000000000
23944  14.781  -36.675  -13.336 0.0000000000
23952  15.367  -37.221  -14.091 0.0000000000
23953  14.466  -37.046  -14.243 0.0000000000
23954  13.985  -37.195  -14.560 0.0000000000
23962  15.096  -37.689  -14.394 0.0000000000
23963  14.629  -37.558  -14.604 0.0000000000
23964  14.007  -37.448  -14.903 0.0000000000
24705  4.600  -35.400  -3.554 0.0000000000
24706  3.824  -35.352  -3.455 0.0000000000
24707  3.374  -35.180  -3.516 0.0000000000
24725  6.104  -36.032  -4.569 0.0000000000
24726  5.353  -36.110  -3.860 0.0000000000
24727  4.360  -36.132  -3.554 0.0000000000
24728  3.233  -35.775  -3.666 0.0000000000
24742  7.372  -36.573  -5.735 0.0000000000
24743  6.680  -35.931  -5.487 0.0000000000
24744  3.796  -36.317  -5.482 0.0000000000
24745  2.792  -36.033  -4.430 0.0000000000
24758  12.327  -36.908  -6.694 0.0000000000
24759  11.747  -36.906  -6.880 0.0000000000
24760  10.082  -37.066  -6.771 0.0000000000
24761  9.391  -36.863  -6.816 0.0000000000
24762  8.525  -36.544  -6.737 0.0000000000
24763  7.501  -36.043  -6.490 0.0000000000
24764  6.799  -35.562  -6.044 0.0000000000
24765  5.217  -36.511  -6.961 0.0000000000
24766  4.513  -36.221  -6.391 0.0000000000
24786  11.394  -36.478  -7.279 0.0000000000
24787  10.321  -36.463  -7.465 0.0000000000
24788  9.260  -36.367  -7.452 0.0000000000
24789  8.339  -36.037  -7.431 0.0000000000
24790  7.691  -35.756  -7.225 0.0000000000
24791  6.055  -37.032  -8.318 0.0000000000
24792  5.399  -36.530  -8.126 0.0000000000
24793  4.796  -36.036  -8.370 0.0000000000
24807  9.854  -35.989  -7.978 0.0000000000
24808  9.111  -35.880  -8.161 0.0000000000
24809  8.367  -35.674  -8.195 0.0000000000
24810  5.886  -36.764  -9.044 0.0000000000
24811  5.119  -36.323  -9.010 0.0000000000
24812  4.519  -35.774  -8.854 0.0000000000
24826  13.427  -36.475  -10.168 0.0000000000
24827  12.561  -36.612  -9.885 0.0000000000
24828  11.417  -36.593  -9.785 0.0000000000
24829  10.556  -37.051  -9.813 0.0000000000
24830  5.644  -36.526  -9.783 0.0000000000
24831  4.877  -35.918  -9.463 0.0000000000
24832  4.385  -35.424  -9.329 0.0000000000
24845  15.262  -36.117  -11.139 0.0000000000
24846  14.727  -36.375  -10.840 0.0000000000
24847  14.147  -36.470  -10.513 0.0000000000
24848  10.990  -35.951  -10.130 0.0000000000
24849  10.231  -36.455  -10.341 0.0000000000
24850  9.164  -36.479  -11.259 0.0000000000
24851  8.611  -37.025  -11.376 0.0000000000
24852  5.880  -36.329  -10.365 0.0000000000
24853  5.128  -35.868  -9.920 0.0000000000
24854  4.618  -35.444  -9.641 0.0000000000
24866  15.580  -36.112  -11.923 0.0000000000
24867  15.041  -36.562  -11.584 0.0000000000
24868  8.784  -36.063  -11.866 0.0000000000
24869  8.243  -36.492  -11.979 0.0000000000
24870  7.281  -36.441  -11.882 0.0000000000
24871  6.531  -36.679  -11.094 0.0000000000
24882  15.606  -36.025  -13.060 0.0000000000
24883  15.137  -36.238  -13.506 0.0000000000
24884  8.036  -35.984  -12.418 0.0000000000
24885  7.812  -36.166  -12.261 0.0000000000
24895  15.831  -36.576  -13.533 0.0000000000
24896  15.136  -36.458  -13.750 0.0000000000
25663  4.637  -34.957  -3.628 0.0000000000
25664  4.095  -34.805  -3.479 0.0000000000
25665  3.539  -34.840  -3.476 0.0000000000
25682  6.000  -35.350  -4.891 0.0000000000
25683  5.253  -35.019  -4.124 0.0000000000
25684  4.519  -34.627  -3.757 0.0000000000
25685  3.098  -34.802  -3.614 0.0000000000
25696  6.116  -34.928  -5.600 0.0000000000
25697  5.639  -34.779  -4.857 0.0000000000
25698  3.188  -35.412  -5.131 0.0000000000
25699  2.546  -34.744  -4.363 0.0000000000
25711  7.343  -35.618  -6.957 0.0000000000
25712  6.777  -35.279  -6.648 0.0000000000
25713  4.678  -36.032  -6.822 0.0000000000
25714  3.975  -35.399  -6.487 0.0000000000
25715  3.083  -34.696  -5.544 0.0000000000
25732  11.287  -35.522  -7.761 0.0000000000
25733  10.465  -35.632  -7.950 0.0000000000
25734  7.854  -35.693  -7.820 0.0000000000
25735  7.240  -35.363  -7.566 0.0000000000
25736  6.569  -34.739  -7.412 0.0000000000
25737  4.778  -35.971  -7.481 0.0000000000
25738  4.308  -35.281  -8.028 0.0000000000
25753  10.821  -34.953  -8.102 0.0000000000
25754  9.919  -35.135  -8.381 0.0000000000
25755  8.826  -35.116  -8.714 0.0000000000
25756  7.752  -35.088  -8.494 0.0000000000
25757  6.881  -34.673  -8.205 0.0000000000
25758  6.465  -34.405  -7.940 0.0000000000
25759  3.931  -35.006  -8.883 0.0000000000
25760  3.550  -34.559  -9.170 0.0000000000
25771  15.689  -35.001  -10.441 0.0000000000
25772  15.152  -35.183  -10.336 0.0000000000
25773  14.152  -35.619  -10.214 0.0000000000
25774  13.027  -35.650  -9.998 0.0000000000
25775  12.232  -35.922  -9.916 0.0000000000
25776  4.053  -34.885  -9.534 0.0000000000
25777  3.662  -34.474  -9.419 0.0000000000
25790  16.452  -35.088  -11.312 0.0000000000
25791  15.930  -35.452  -11.052 0.0000000000
25792  14.943  -35.833  -10.616 0.0000000000
25793  14.468  -36.082  -10.501 0.0000000000
25794  12.434  -35.304  -10.069 0.0000000000
25795  11.657  -35.466  -10.205 0.0000000000
25796  10.737  -35.438  -10.670 0.0000000000
25797  9.911  -35.754  -11.088 0.0000000000
25798  6.071  -35.889  -10.688 0.0000000000
25799  5.370  -35.508  -10.269 0.0000000000
25800  4.635  -35.118  -9.977 0.0000000000
25815  16.614  -35.141  -11.916 0.0000000000
25816  16.043  -35.666  -12.177 0.0000000000
25817  10.260  -35.066  -11.389 0.0000000000
25818  9.277  -35.387  -11.970 0.0000000000
25819  8.637  -35.860  -12.126 0.0000000000
25820  7.139  -35.431  -11.897 0.0000000000
25821  6.635  -35.703  -11.252 0.0000000000
25833  16.351  -35.652  -12.626 0.0000000000
25834  9.045  -34.929  -12.672 0.0000000000
25835  8.445  -35.432  -12.503 0.0000000000
25836  7.711  -35.583  -12.403 0.0000000000
26578  3.701  -34.514  -3.513 0.0000000000
26579  3.389  -34.406  -3.522 0.0000000000
26595  4.700  -34.349  -4.089 0.0000000000
26596  3.919  -34.035  -3.801 0.0000000000
26597  2.916  -33.946  -3.675 0.0000000000
26608  5.734  -34.346  -5.643 0.0000000000
26609  5.066  -33.810  -4.957 0.0000000000
26610  4.044  -33.488  -4.298 0.0000000000
26611  2.450  -33.507  -4.442 0.0000000000
26623  5.896  -34.299  -6.449 0.0000000000
26624  5.231  -33.455  -6.345 0.0000000000
26625  3.101  -34.452  -6.401 0.0000000000
26626  2.508  -33.620  -5.614 0.0000000000
26627  1.985  -32.769  -5.829 0.0000000000
26644  6.064  -34.093  -7.649 0.0000000000
26645  5.399  -33.501  -7.380 0.0000000000
26646  3.452  -34.663  -7.443 0.0000000000
26647  2.512  -33.925  -6.998 0.0000000000
26648  2.008  -32.941  -6.571 0.0000000000
26665  10.651  -34.159  -8.526 0.0000000000
26666  9.477  -34.003  -9.070 0.0000000000
26667  8.261  -34.200  -9.079 0.0000000000
26668  7.195  -33.899  -8.910 0.0000000000
26669  6.400  -33.833  -8.412 0.0000000000
26670  5.700  -33.401  -8.196 0.0000000000
26671  3.710  -34.764  -8.249 0.0000000000
26672  3.014  -34.262  -8.352 0.0000000000
26673  2.244  -33.186  -7.675 0.0000000000
26684  16.370  -34.223  -10.342 0.0000000000
26685  15.593  -34.426  -10.160 0.0000000000
26686  14.619  -34.558  -10.084 0.0000000000
26687  13.482  -34.579  -10.158 0.0000000000
26688  12.838  -35.007  -10.097 0.0000000000
26689  9.183  -33.266  -9.276 0.0000000000
26690  8.609  -33.310  -9.286 0.0000000000
26691  7.780  -33.294  -9.280 0.0000000000
26692  3.755  -34.362  -9.622 0.0000000000
26693  3.162  -33.967  -9.276 0.0000000000
26694  2.564  -33.372  -8.561 0.0000000000
26706  16.789  -34.640  -11.024 0.0000000000
26707  16.084  -34.789  -10.522 0.0000000000
26708  13.021  -33.980  -10.461 0.0000000000
26709  12.415  -34.534  -10.456 0.0000000000
26710  11.366  -34.625  -10.860 0.0000000000
26711  10.792  -34.857  -11.094 0.0000000000
26712  5.904  -34.785  -10.493 0.0000000000
26713  4.827  -34.545  -10.142 0.0000000000
26714  4.036  -34.423  -9.911 0.0000000000
26715  3.615  -34.011  -9.661 0.0000000000
26732  11.378  -34.066  -11.331 0.0000000000
26733  10.775  -34.281  -11.579 0.0000000000
26734  9.989  -34.579  -11.943 0.0000000000
26735  7.356  -34.570  -12.171 0.0000000000
26736  6.804  -34.508  -11.185 0.0000000000
26747  10.296  -34.045  -12.276 0.0000000000
26748  9.587  -34.292  -12.687 0.0000000000
26749  8.828  -34.335  -13.017 0.0000000000
26750  8.006  -34.596  -12.824 0.0000000000
26758  9.293  -33.922  -13.142 0.0000000000
26759  9.066  -33.855  -13.246 0.0000000000
27461  3.573  -33.379  -4.047 0.0000000000
27462  3.315  -33.568  -3.794 0.0000000000
27474  4.271  -32.880  -5.261 0.0000000000
27475  3.750  -32.900  -4.663 0.0000000000
27476  2.991  -33.100  -4.074 0.0000000000
27491  4.598  -32.860  -6.001 0.0000000000
27492  3.689  -32.212  -5.741 0.0000000000
27493  2.623  -32.508  -5.323 0.0000000000
27494  1.875  -32.157  -6.313 0.0000000000
27513  4.832  -32.946  -7.040 0.0000000000
27514  4.202  -32.322  -6.986 0.0000000000
27515  1.835  -32.250  -7.281 0.0000000000
27534  10.390  -33.152  -8.984 0.0000000000
27535  9.596  -33.107  -9.237 0.0000000000
27536  6.606  -33.279  -8.949 0.0000000000
27537  6.046  -32.955  -8.870 0.0000000000
27538  4.919  -32.427  -8.343 0.0000000000
27539  4.027  -31.914  -7.736 0.0000000000
27540  2.206  -32.456  -8.275 0.0000000000
27557  15.132  -33.557  -9.977 0.0000000000
27558  14.246  -33.867  -10.103 0.0000000000
27559  9.805  -32.477  -9.321 0.0000000000
27560  8.961  -32.542  -9.344 0.0000000000
27561  7.989  -32.408  -9.444 0.0000000000
27562  6.996  -32.684  -9.600 0.0000000000
27563  6.006  -32.652  -9.445 0.0000000000
27564  5.039  -32.395  -9.532 0.0000000000
27565  4.225  -32.613  -9.692 0.0000000000
27566  3.462  -33.119  -9.512 0.0000000000
27567  2.672  -32.884  -8.984 0.0000000000
27578  14.446  -33.175  -10.225 0.0000000000
27579  13.592  -33.389  -10.495 0.0000000000
27580  12.641  -33.446  -10.914 0.0000000000
27581  11.884  -33.878  -11.106 0.0000000000
27582  6.938  -32.560  -10.171 0.0000000000
27583  6.277  -33.455  -10.272 0.0000000000
27584  5.061  -33.502  -10.115 0.0000000000
27585  4.183  -33.666  -9.980 0.0000000000
27586  3.793  -33.851  -9.810 0.0000000000
27602  12.089  -33.182  -11.437 0.0000000000
27603  11.403  -33.398  -11.780 0.0000000000
27604  10.747  -33.627  -12.173 0.0000000000
27605  7.220  -33.422  -11.246 0.0000000000
27606  6.832  -33.825  -10.862 0.0000000000
27617  10.963  -33.051  -12.414 0.0000000000
27618  10.353  -33.335  -12.860 0.0000000000
27619  9.703  -33.610  -13.146 0.0000000000
27620  8.372  -33.642  -13.074 0.0000000000
27621  7.730  -33.590  -12.496 0.0000000000
27630  9.957  -32.939  -13.392 0.0000000000
27631  9.311  -33.368  -13.332 0.0000000000
27632  8.870  -33.666  -13.271 0.0000000000
28341  2.968  -31.711  -5.936 0.0000000000
28342  2.428  -31.643  -6.435 0.0000000000
28343  1.925  -31.611  -7.059 0.0000000000
28362  3.300  -31.808  -6.995 0.0000000000
28363  2.594  -31.436  -7.580 0.0000000000
28364  2.000  -31.640  -7.952 0.0000000000
28382  10.478  -32.435  -9.282 0.0000000000
28383  4.608  -31.580  -9.061 0.0000000000
28384  3.724  -31.557  -8.449 0.0000000000
28385  2.716  -31.565  -8.584 0.0000000000
28386  2.340  -31.930  -8.573 0.0000000000
28406  14.994  -32.692  -10.147 0.0000000000
28409  10.074  -31.839  -9.508 0.0000000000
28410  9.224  -31.705  -9.502 0.0000000000
28411  8.342  -31.543  -9.548 0.0000000000
28412  7.570  -31.407  -9.728 0.0000000000
28413  4.210  -31.759  -9.362 0.0000000000
28414  3.454  -31.900  -9.314 0.0000000000
28415  2.740  -32.170  -9.088 0.0000000000
28416  2.452  -32.297  -8.751 0.0000000000
28433  14.305  -32.317  -10.647 0.0000000000
28434  13.100  -32.378  -11.329 0.0000000000
28435  12.466  -32.836  -11.412 0.0000000000
28436  7.262  -31.498  -10.198 0.0000000000
28447  12.716  -31.919  -11.925 0.0000000000
28448  12.029  -32.306  -12.051 0.0000000000
28449  11.366  -32.744  -12.312 0.0000000000
28450  7.573  -32.045  -11.019 0.0000000000
28458  11.753  -31.852  -12.823 0.0000000000
28459  11.134  -32.221  -13.087 0.0000000000
28460  10.436  -32.638  -13.304 0.0000000000
28461  8.167  -32.478  -12.859 0.0000000000
28462  7.706  -32.630  -11.984 0.0000000000
28474  11.056  -31.662  -14.016 0.0000000000
28475  10.403  -32.053  -13.782 0.0000000000
28476  9.522  -32.431  -13.578 0.0000000000
28477  8.813  -32.940  -13.375 0.0000000000
29223  10.485  -31.399  -9.964 0.0000000000
29224  9.533  -31.024  -9.878 0.0000000000
29225  8.683  -30.871  -9.737 0.0000000000
29226  7.959  -30.567  -9.774 0.0000000000
29247  13.918  -31.557  -11.306 0.0000000000
29250  10.015  -30.793  -10.485 0.0000000000
29251  9.548  -30.637  -10.177 0.0000000000
29252  7.582  -30.435  -10.267 0.0000000000
29264  14.171  -30.683  -11.600 0.0000000000
29265  13.161  -31.242  -12.164 0.0000000000
29266  12.545  -31.704  -12.258 0.0000000000
29269  7.640  -30.756  -11.065 0.0000000000
29276  12.802  -30.959  -12.848 0.0000000000
29277  12.287  -31.347  -13.002 0.0000000000
29278  11.703  -31.648  -13.256 0.0000000000
29279  8.280  -31.062  -12.877 0.0000000000
29280  7.817  -31.491  -12.026 0.0000000000
29293  12.152  -31.046  -13.755 0.0000000000
29294  11.708  -31.188  -14.024 0.0000000000
29295  10.938  -30.947  -14.567 0.0000000000
29296  9.781  -31.344  -13.936 0.0000000000
29297  8.870  -31.829  -13.474 0.0000000000
29310  11.807  -30.657  -14.473 0.0000000000
29311  11.563  -30.769  -14.502 0.0000000000
30025  9.343  -30.542  -10.066 0.0000000000
30026  8.967  -30.353  -9.945 0.0000000000
30027  8.361  -30.130  -9.872 0.0000000000
30052  9.799  -30.465  -10.691 0.0000000000
30053  9.380  -30.133  -10.438 0.0000000000
30054  8.603  -29.629  -10.182 0.0000000000
30055  7.926  -29.563  -10.254 0.0000000000
30073  13.815  -30.171  -12.301 0.0000000000
30078  7.680  -29.425  -11.145 0.0000000000
30085  13.075  -30.331  -13.106 0.0000000000
30086  12.676  -30.862  -13.169 0.0000000000
30090  8.282  -29.977  -13.008 0.0000000000
30091  7.753  -30.037  -12.178 0.0000000000
30105  12.459  -30.679  -13.674 0.0000000000
30106  12.139  -30.854  -14.047 0.0000000000
30109  9.002  -30.577  -13.500 0.0000000000
30122  12.762  -29.824  -14.021 0.0000000000
30123  12.217  -30.320  -14.375 0.0000000000
30831  8.911  -29.181  -10.556 0.0000000000
30832  8.341  -28.842  -10.587 0.0000000000
30833  7.861  -28.741  -10.858 0.0000000000
30852  13.650  -29.498  -12.897 0.0000000000
