#!ascii label  , from subject FREESURFER vox2ras=TkReg 
218
89408  22.099  45.219  -20.817 0.0000000000
89409  21.616  45.428  -20.999 0.0000000000
89428  22.482  44.397  -21.155 0.0000000000
89429  21.471  44.759  -21.371 0.0000000000
89430  20.727  44.526  -22.094 0.0000000000
89443  20.320  44.295  -22.790 0.0000000000
89947  21.707  45.936  -20.671 0.0000000000
89961  21.230  45.809  -21.160 0.0000000000
89962  20.729  45.573  -21.759 0.0000000000
89970  20.290  45.396  -22.686 0.0000000000
89971  19.986  44.706  -23.410 0.0000000000
89978  20.071  45.646  -23.710 0.0000000000
89979  19.752  44.857  -24.286 0.0000000000
89984  20.062  45.731  -24.740 0.0000000000
89985  19.733  44.895  -25.342 0.0000000000
89991  20.189  45.754  -25.821 0.0000000000
89992  19.952  44.847  -26.458 0.0000000000
90000  20.452  45.827  -26.931 0.0000000000
90001  20.261  44.752  -27.508 0.0000000000
90006  20.457  45.667  -28.050 0.0000000000
90007  20.298  44.661  -28.397 0.0000000000
90012  20.261  46.033  -28.565 0.0000000000
90013  20.022  45.300  -29.256 0.0000000000
90518  21.286  46.667  -20.890 0.0000000000
90526  20.825  46.556  -21.502 0.0000000000
90527  20.457  46.474  -22.248 0.0000000000
90534  20.235  46.519  -23.180 0.0000000000
90540  20.265  46.596  -24.221 0.0000000000
90546  20.458  46.579  -25.272 0.0000000000
90549  20.775  46.512  -26.252 0.0000000000
90551  16.095  46.599  -25.688 0.0000000000
90552  15.105  46.546  -25.624 0.0000000000
90557  20.912  46.527  -26.875 0.0000000000
90559  16.875  46.856  -26.129 0.0000000000
90563  20.902  46.586  -27.456 0.0000000000
90567  20.661  46.651  -28.215 0.0000000000
90568  20.239  46.521  -28.985 0.0000000000
90573  19.492  46.431  -29.954 0.0000000000
90579  18.983  46.854  -30.682 0.0000000000
91149  20.962  47.448  -21.276 0.0000000000
91150  20.568  47.373  -21.917 0.0000000000
91158  20.378  47.400  -22.733 0.0000000000
91164  20.367  47.528  -23.770 0.0000000000
91170  20.663  47.483  -24.855 0.0000000000
91174  21.967  47.913  -26.271 0.0000000000
91175  21.157  47.248  -25.800 0.0000000000
91176  15.982  47.365  -25.907 0.0000000000
91177  15.512  47.477  -25.936 0.0000000000
91183  22.183  48.002  -27.184 0.0000000000
91184  21.455  47.137  -26.818 0.0000000000
91185  17.187  47.675  -26.829 0.0000000000
91186  16.367  47.588  -26.152 0.0000000000
91187  15.905  47.692  -26.030 0.0000000000
91193  22.124  48.282  -27.608 0.0000000000
91194  21.447  47.629  -27.778 0.0000000000
91195  17.667  47.234  -28.125 0.0000000000
91200  20.695  47.447  -28.606 0.0000000000
91201  19.955  47.418  -29.413 0.0000000000
91202  17.607  47.437  -29.752 0.0000000000
91206  19.281  47.473  -30.290 0.0000000000
91207  17.382  47.467  -30.864 0.0000000000
91211  18.586  47.470  -30.929 0.0000000000
91212  17.929  47.418  -31.314 0.0000000000
91213  17.579  47.420  -31.229 0.0000000000
91742  20.717  48.193  -21.724 0.0000000000
91748  20.516  48.132  -22.346 0.0000000000
91754  20.535  48.301  -23.231 0.0000000000
91760  21.779  48.892  -24.940 0.0000000000
91761  21.151  48.558  -24.489 0.0000000000
91768  22.973  49.123  -26.059 0.0000000000
91769  22.347  48.806  -25.637 0.0000000000
91770  21.438  48.011  -25.416 0.0000000000
91771  15.482  47.888  -26.094 0.0000000000
91772  15.217  47.909  -26.091 0.0000000000
91778  23.135  49.061  -26.508 0.0000000000
91779  22.711  48.553  -26.772 0.0000000000
91780  17.151  48.554  -26.983 0.0000000000
91781  16.657  48.500  -26.592 0.0000000000
91782  15.742  48.250  -26.242 0.0000000000
91783  14.844  48.395  -26.359 0.0000000000
91790  23.277  48.947  -27.232 0.0000000000
91791  22.720  48.713  -27.534 0.0000000000
91792  21.960  48.612  -27.934 0.0000000000
91793  17.466  48.514  -27.683 0.0000000000
91798  21.060  48.332  -28.280 0.0000000000
91799  20.333  48.283  -28.932 0.0000000000
91800  17.638  48.525  -29.060 0.0000000000
91805  19.415  48.417  -29.803 0.0000000000
91806  18.452  48.741  -30.412 0.0000000000
91807  17.633  48.657  -30.529 0.0000000000
91812  18.801  48.105  -30.599 0.0000000000
91813  18.157  48.175  -31.090 0.0000000000
91814  17.616  47.901  -31.201 0.0000000000
92261  20.668  48.597  -22.110 0.0000000000
92268  21.024  49.583  -22.949 0.0000000000
92269  20.715  48.826  -22.640 0.0000000000
92277  21.479  49.579  -23.796 0.0000000000
92278  20.984  49.024  -23.517 0.0000000000
92285  22.693  49.892  -24.976 0.0000000000
92286  21.884  49.305  -24.699 0.0000000000
92287  21.344  49.132  -24.105 0.0000000000
92293  23.158  49.596  -25.992 0.0000000000
92294  22.565  49.374  -25.308 0.0000000000
92299  23.438  49.682  -27.251 0.0000000000
92300  23.056  50.074  -27.680 0.0000000000
92301  17.107  49.436  -27.128 0.0000000000
92302  16.275  49.357  -26.612 0.0000000000
92303  15.441  49.297  -26.550 0.0000000000
92304  14.674  49.317  -26.724 0.0000000000
92305  14.024  49.402  -27.077 0.0000000000
92310  23.244  49.159  -27.656 0.0000000000
92311  22.597  49.531  -27.839 0.0000000000
92312  21.069  49.363  -28.093 0.0000000000
92313  20.335  49.860  -28.378 0.0000000000
92314  17.475  49.479  -28.378 0.0000000000
92318  20.587  48.803  -28.498 0.0000000000
92319  19.948  49.344  -28.906 0.0000000000
92320  17.606  49.505  -29.687 0.0000000000
92324  18.934  49.446  -29.819 0.0000000000
92325  18.164  49.558  -30.398 0.0000000000
92326  17.732  49.530  -30.305 0.0000000000
92733  22.060  49.980  -24.227 0.0000000000
92744  23.669  50.559  -26.624 0.0000000000
92745  23.019  50.604  -27.252 0.0000000000
92746  22.161  50.700  -27.165 0.0000000000
92747  17.028  50.070  -27.195 0.0000000000
92748  16.657  50.293  -27.038 0.0000000000
92749  15.929  50.156  -26.709 0.0000000000
92750  15.157  50.220  -26.784 0.0000000000
92751  14.492  50.027  -26.993 0.0000000000
92756  22.579  50.260  -27.584 0.0000000000
92757  21.569  50.359  -27.590 0.0000000000
92758  20.548  50.369  -27.993 0.0000000000
92759  17.155  50.350  -27.721 0.0000000000
92760  16.808  50.726  -27.405 0.0000000000
92761  14.674  50.673  -27.064 0.0000000000
92762  13.936  50.505  -27.340 0.0000000000
92766  19.866  50.396  -28.584 0.0000000000
92767  17.504  50.356  -29.119 0.0000000000
92771  19.244  50.273  -29.333 0.0000000000
92772  18.557  50.294  -29.913 0.0000000000
92773  17.791  50.294  -30.180 0.0000000000
93169  23.222  51.408  -26.780 0.0000000000
93170  22.362  51.245  -26.781 0.0000000000
93171  21.301  51.249  -26.839 0.0000000000
93172  20.376  51.619  -27.093 0.0000000000
93173  16.206  50.660  -26.985 0.0000000000
93174  15.751  50.852  -26.984 0.0000000000
93175  15.158  51.008  -27.042 0.0000000000
93180  20.663  50.939  -27.412 0.0000000000
93181  19.890  51.281  -27.900 0.0000000000
93182  16.926  50.923  -27.680 0.0000000000
93183  16.466  51.255  -27.464 0.0000000000
93184  15.563  51.667  -27.307 0.0000000000
93185  14.653  51.541  -27.300 0.0000000000
93186  13.855  51.621  -27.644 0.0000000000
93189  19.310  51.205  -28.939 0.0000000000
93190  18.925  51.500  -29.496 0.0000000000
93191  17.166  51.240  -28.455 0.0000000000
93192  16.788  52.069  -28.310 0.0000000000
93197  18.909  50.913  -29.605 0.0000000000
93198  18.366  51.264  -29.968 0.0000000000
93199  17.459  51.289  -30.004 0.0000000000
93672  21.605  52.868  -26.196 0.0000000000
93673  20.910  53.059  -26.224 0.0000000000
93676  22.644  51.746  -26.577 0.0000000000
93677  21.898  51.961  -26.431 0.0000000000
93678  20.692  52.443  -26.505 0.0000000000
93679  19.758  52.284  -27.223 0.0000000000
93681  19.157  52.217  -28.321 0.0000000000
93682  18.812  52.804  -28.721 0.0000000000
93683  16.118  52.567  -27.908 0.0000000000
93684  15.172  52.635  -27.599 0.0000000000
93688  19.066  51.807  -29.122 0.0000000000
93689  18.744  52.316  -29.582 0.0000000000
93690  17.091  52.131  -29.451 0.0000000000
93691  16.626  52.848  -28.953 0.0000000000
93696  18.003  52.245  -30.977 0.0000000000
93697  17.067  52.198  -30.819 0.0000000000
93698  16.676  52.849  -30.346 0.0000000000
93703  17.579  52.865  -31.706 0.0000000000
93704  17.153  52.455  -32.093 0.0000000000
93705  16.598  52.729  -31.638 0.0000000000
93710  16.788  52.751  -32.492 0.0000000000
93711  16.674  52.727  -32.361 0.0000000000
94147  20.950  53.692  -26.003 0.0000000000
94148  20.298  54.100  -26.073 0.0000000000
94150  20.534  53.182  -26.303 0.0000000000
94151  19.722  53.471  -26.570 0.0000000000
94152  18.891  53.960  -26.969 0.0000000000
94154  19.249  52.805  -27.404 0.0000000000
94155  18.699  53.341  -27.787 0.0000000000
94156  16.267  53.439  -28.553 0.0000000000
94161  18.569  53.353  -29.170 0.0000000000
94162  16.442  53.849  -29.715 0.0000000000
94163  16.230  53.960  -28.719 0.0000000000
94169  18.362  53.279  -30.377 0.0000000000
94170  16.399  53.532  -31.295 0.0000000000
94175  17.811  53.372  -31.374 0.0000000000
94176  17.347  53.284  -32.124 0.0000000000
94177  16.430  53.132  -32.253 0.0000000000
94182  16.876  52.986  -32.499 0.0000000000
94183  16.638  52.943  -32.529 0.0000000000
94619  18.231  54.156  -28.550 0.0000000000
94621  16.518  54.775  -30.094 0.0000000000
94622  16.300  54.628  -28.924 0.0000000000
94628  18.262  54.159  -29.813 0.0000000000
94629  17.739  54.834  -30.408 0.0000000000
94630  16.259  54.536  -31.087 0.0000000000
94635  18.041  54.074  -30.850 0.0000000000
94636  17.372  54.369  -31.702 0.0000000000
94637  16.412  54.190  -32.132 0.0000000000
94642  16.935  53.635  -32.382 0.0000000000
94643  16.651  53.280  -32.441 0.0000000000
95116  17.125  55.343  -30.813 0.0000000000
95117  16.490  55.222  -30.958 0.0000000000
95122  16.710  55.168  -31.772 0.0000000000
95123  16.143  55.051  -31.705 0.0000000000
