#!ascii label  , from subject FREESURFER vox2ras=TkReg 
553
16684  15.784  -45.910  -4.894 0.0000000000
16685  15.007  -45.960  -4.831 0.0000000000
16686  14.241  -45.900  -4.995 0.0000000000
16687  13.827  -45.765  -5.169 0.0000000000
16709  18.227  -46.391  -5.512 0.0000000000
16710  17.301  -46.382  -5.472 0.0000000000
16711  16.408  -46.326  -5.324 0.0000000000
16712  15.452  -46.565  -5.293 0.0000000000
16713  14.547  -46.630  -5.303 0.0000000000
16714  13.591  -46.382  -5.427 0.0000000000
17379  17.159  -44.985  -4.722 0.0000000000
17380  16.555  -45.361  -4.734 0.0000000000
17381  15.498  -45.245  -4.566 0.0000000000
17382  14.614  -45.225  -4.698 0.0000000000
17383  13.975  -45.294  -5.015 0.0000000000
17405  18.660  -45.493  -5.471 0.0000000000
17406  17.556  -45.455  -5.158 0.0000000000
17407  16.951  -45.867  -5.192 0.0000000000
17408  13.535  -45.453  -5.371 0.0000000000
17409  12.989  -45.700  -5.790 0.0000000000
18109  17.723  -43.986  -4.682 0.0000000000
18110  16.944  -44.356  -4.488 0.0000000000
18111  15.986  -44.434  -4.375 0.0000000000
18112  15.050  -44.420  -4.542 0.0000000000
18113  14.133  -44.444  -5.107 0.0000000000
18114  13.700  -44.942  -5.273 0.0000000000
18130  19.109  -44.513  -5.635 0.0000000000
18131  18.167  -44.611  -5.144 0.0000000000
18132  17.517  -44.688  -4.796 0.0000000000
18133  13.814  -44.116  -5.600 0.0000000000
18134  13.316  -44.624  -5.867 0.0000000000
18135  12.820  -45.291  -6.177 0.0000000000
18148  19.711  -44.124  -6.052 0.0000000000
18149  12.990  -44.194  -6.987 0.0000000000
18150  12.650  -44.976  -6.721 0.0000000000
18162  12.907  -44.082  -7.559 0.0000000000
18163  12.584  -44.543  -7.754 0.0000000000
18175  12.487  -44.477  -8.746 0.0000000000
18188  12.214  -44.730  -9.530 0.0000000000
18202  12.442  -44.355  -10.308 0.0000000000
18216  12.327  -44.352  -11.322 0.0000000000
18814  17.848  -43.220  -4.666 0.0000000000
18815  17.184  -43.383  -4.501 0.0000000000
18816  16.347  -43.497  -4.448 0.0000000000
18817  15.519  -43.608  -4.562 0.0000000000
18818  14.797  -43.617  -4.902 0.0000000000
18829  19.342  -43.448  -5.762 0.0000000000
18830  18.498  -43.561  -5.104 0.0000000000
18831  14.159  -43.505  -5.677 0.0000000000
18832  13.690  -43.929  -5.876 0.0000000000
18841  19.917  -43.465  -6.367 0.0000000000
18842  14.055  -43.148  -6.253 0.0000000000
18843  13.616  -43.577  -6.531 0.0000000000
18849  13.235  -43.651  -7.740 0.0000000000
18850  12.878  -44.041  -7.839 0.0000000000
18863  13.200  -43.559  -8.712 0.0000000000
18864  12.833  -43.989  -8.369 0.0000000000
18878  13.415  -43.339  -9.376 0.0000000000
18879  12.813  -43.903  -9.507 0.0000000000
18894  13.387  -43.337  -10.308 0.0000000000
18895  12.855  -43.817  -10.806 0.0000000000
18910  13.354  -43.259  -11.487 0.0000000000
18911  12.800  -43.769  -12.030 0.0000000000
18927  13.384  -43.306  -12.701 0.0000000000
18928  12.849  -43.866  -13.324 0.0000000000
18943  13.528  -43.483  -13.899 0.0000000000
19534  18.250  -42.574  -4.843 0.0000000000
19535  17.498  -42.577  -4.641 0.0000000000
19536  16.721  -42.637  -4.603 0.0000000000
19537  15.786  -42.618  -4.826 0.0000000000
19538  15.260  -43.151  -4.854 0.0000000000
19551  20.706  -41.866  -6.122 0.0000000000
19552  19.994  -42.474  -5.996 0.0000000000
19553  19.025  -42.565  -5.344 0.0000000000
19554  15.450  -42.223  -5.385 0.0000000000
19555  14.977  -42.799  -5.343 0.0000000000
19566  22.005  -42.052  -7.081 0.0000000000
19567  20.924  -42.491  -6.786 0.0000000000
19568  20.225  -42.940  -6.581 0.0000000000
19569  14.453  -42.647  -6.199 0.0000000000
19570  14.019  -42.914  -6.675 0.0000000000
19582  14.296  -42.394  -7.063 0.0000000000
19583  13.792  -42.926  -7.424 0.0000000000
19599  14.262  -42.359  -8.046 0.0000000000
19600  13.706  -42.984  -8.602 0.0000000000
19612  14.300  -42.341  -9.174 0.0000000000
19613  13.849  -42.846  -9.787 0.0000000000
19625  14.323  -42.254  -10.355 0.0000000000
19626  13.837  -42.733  -10.949 0.0000000000
19639  14.407  -42.214  -11.595 0.0000000000
19640  13.895  -42.737  -12.177 0.0000000000
19652  14.681  -42.349  -13.025 0.0000000000
19653  13.923  -42.934  -13.219 0.0000000000
19663  14.393  -42.110  -14.350 0.0000000000
19664  14.045  -42.868  -14.162 0.0000000000
19673  13.956  -41.857  -15.307 0.0000000000
19674  13.901  -42.556  -15.051 0.0000000000
19683  13.643  -41.616  -15.796 0.0000000000
19684  13.394  -42.224  -15.873 0.0000000000
20300  18.628  -41.756  -5.090 0.0000000000
20301  17.861  -41.794  -4.835 0.0000000000
20302  17.141  -41.906  -4.781 0.0000000000
20303  16.469  -41.948  -4.903 0.0000000000
20315  21.563  -41.087  -5.993 0.0000000000
20316  21.186  -41.258  -5.925 0.0000000000
20317  20.406  -41.419  -5.713 0.0000000000
20318  19.519  -41.612  -5.408 0.0000000000
20319  17.498  -41.395  -5.028 0.0000000000
20320  16.925  -41.299  -5.178 0.0000000000
20321  15.941  -41.485  -5.529 0.0000000000
20322  15.129  -42.017  -5.942 0.0000000000
20335  22.669  -41.454  -6.721 0.0000000000
20336  21.739  -41.362  -6.290 0.0000000000
20337  21.118  -41.734  -6.271 0.0000000000
20338  15.334  -41.108  -6.705 0.0000000000
20339  14.758  -41.960  -6.658 0.0000000000
20352  15.196  -41.069  -7.978 0.0000000000
20353  14.719  -41.741  -7.486 0.0000000000
20370  15.092  -41.006  -9.099 0.0000000000
20371  14.699  -41.701  -8.572 0.0000000000
20386  15.041  -40.916  -10.272 0.0000000000
20387  14.674  -41.642  -9.722 0.0000000000
20401  15.224  -40.962  -11.452 0.0000000000
20402  14.705  -41.578  -10.925 0.0000000000
20415  15.476  -41.083  -12.454 0.0000000000
20416  14.962  -41.641  -12.077 0.0000000000
20421  15.485  -41.135  -13.171 0.0000000000
20422  15.283  -41.638  -12.884 0.0000000000
20430  15.303  -41.097  -13.422 0.0000000000
20431  14.969  -41.382  -13.660 0.0000000000
20438  14.349  -41.249  -14.781 0.0000000000
20445  13.867  -41.107  -15.643 0.0000000000
20446  13.424  -41.187  -16.134 0.0000000000
21112  18.208  -41.257  -5.066 0.0000000000
21113  17.828  -41.281  -5.043 0.0000000000
21128  22.191  -40.264  -5.909 0.0000000000
21129  21.752  -40.657  -5.891 0.0000000000
21130  20.951  -40.614  -5.670 0.0000000000
21131  20.055  -40.699  -5.467 0.0000000000
21132  18.972  -40.791  -5.197 0.0000000000
21133  17.824  -40.715  -5.265 0.0000000000
21134  16.821  -40.472  -5.723 0.0000000000
21135  16.071  -40.625  -6.168 0.0000000000
21150  22.437  -40.614  -6.209 0.0000000000
21151  21.981  -40.869  -6.093 0.0000000000
21152  16.501  -40.069  -6.324 0.0000000000
21153  16.010  -40.181  -6.793 0.0000000000
21166  15.634  -40.337  -7.548 0.0000000000
21181  15.502  -40.337  -8.536 0.0000000000
21196  15.450  -40.271  -9.630 0.0000000000
21211  15.499  -40.135  -10.861 0.0000000000
21221  15.731  -40.361  -12.033 0.0000000000
21229  15.901  -40.521  -13.021 0.0000000000
21236  15.323  -40.615  -13.618 0.0000000000
21237  14.720  -40.517  -14.375 0.0000000000
21246  14.158  -40.334  -15.324 0.0000000000
21255  13.636  -40.302  -16.069 0.0000000000
21256  13.040  -40.418  -16.336 0.0000000000
22000  22.028  -40.102  -5.780 0.0000000000
22001  21.599  -39.803  -5.718 0.0000000000
22002  20.687  -39.933  -5.579 0.0000000000
22003  19.786  -39.898  -5.463 0.0000000000
22004  18.768  -39.795  -5.453 0.0000000000
22005  17.753  -39.629  -5.794 0.0000000000
22006  16.997  -39.721  -6.170 0.0000000000
22026  23.324  -39.955  -6.356 0.0000000000
22027  22.463  -39.731  -6.000 0.0000000000
22028  22.067  -39.286  -5.914 0.0000000000
22029  17.409  -39.211  -6.388 0.0000000000
22030  16.707  -39.385  -6.855 0.0000000000
22031  16.090  -39.733  -7.365 0.0000000000
22046  16.398  -39.174  -7.701 0.0000000000
22047  15.886  -39.678  -8.087 0.0000000000
22061  16.233  -39.023  -8.545 0.0000000000
22062  15.795  -39.610  -9.045 0.0000000000
22074  16.205  -38.919  -9.566 0.0000000000
22075  15.813  -39.546  -10.121 0.0000000000
22089  16.380  -38.944  -10.878 0.0000000000
22090  15.874  -39.534  -10.866 0.0000000000
22100  16.710  -39.122  -12.192 0.0000000000
22101  16.069  -39.648  -11.593 0.0000000000
22108  16.397  -38.937  -13.208 0.0000000000
22109  16.289  -39.786  -12.687 0.0000000000
22115  15.891  -38.637  -13.625 0.0000000000
22116  15.487  -39.316  -13.824 0.0000000000
22117  15.016  -39.984  -14.137 0.0000000000
22126  14.750  -38.749  -14.611 0.0000000000
22127  14.473  -39.400  -14.861 0.0000000000
22137  13.880  -39.454  -15.811 0.0000000000
22879  21.118  -39.436  -5.700 0.0000000000
22880  20.576  -39.245  -5.689 0.0000000000
22881  19.666  -39.050  -5.683 0.0000000000
22882  18.712  -38.913  -5.865 0.0000000000
22883  18.005  -38.859  -6.242 0.0000000000
22909  23.332  -39.122  -6.360 0.0000000000
22910  22.566  -38.872  -6.201 0.0000000000
22911  21.579  -38.843  -5.971 0.0000000000
22912  20.581  -38.443  -6.038 0.0000000000
22913  19.597  -38.238  -6.149 0.0000000000
22914  18.638  -38.194  -6.442 0.0000000000
22915  17.649  -38.456  -6.949 0.0000000000
22916  16.937  -38.746  -7.449 0.0000000000
22935  17.332  -38.208  -7.794 0.0000000000
22936  16.744  -38.573  -8.112 0.0000000000
22951  17.141  -38.102  -8.445 0.0000000000
22952  16.690  -38.340  -8.988 0.0000000000
22962  16.732  -38.277  -9.979 0.0000000000
22979  17.570  -38.009  -11.374 0.0000000000
22980  16.981  -38.297  -10.897 0.0000000000
22995  17.551  -37.937  -12.296 0.0000000000
22996  17.127  -38.507  -11.770 0.0000000000
23008  17.238  -37.668  -12.751 0.0000000000
23009  16.948  -38.192  -12.896 0.0000000000
23017  16.096  -38.075  -13.585 0.0000000000
23018  15.478  -38.155  -14.016 0.0000000000
23027  14.940  -38.216  -14.503 0.0000000000
23039  14.071  -38.862  -15.619 0.0000000000
23825  23.386  -38.299  -6.611 0.0000000000
23826  22.501  -38.067  -6.528 0.0000000000
23827  21.529  -37.847  -6.493 0.0000000000
23828  20.530  -37.633  -6.588 0.0000000000
23829  19.535  -37.532  -6.808 0.0000000000
23830  18.599  -37.606  -7.203 0.0000000000
23831  17.926  -37.750  -7.637 0.0000000000
23856  23.429  -37.391  -6.964 0.0000000000
23857  22.479  -37.199  -6.988 0.0000000000
23858  21.505  -37.087  -7.142 0.0000000000
23859  20.500  -37.021  -7.356 0.0000000000
23860  19.518  -37.009  -7.650 0.0000000000
23861  18.619  -37.159  -8.186 0.0000000000
23862  17.717  -37.635  -8.367 0.0000000000
23876  18.300  -37.180  -9.307 0.0000000000
23877  17.323  -37.766  -9.139 0.0000000000
23878  16.940  -38.047  -9.430 0.0000000000
23890  18.421  -37.269  -10.353 0.0000000000
23891  17.693  -37.542  -9.961 0.0000000000
23892  17.156  -37.876  -9.762 0.0000000000
23908  19.187  -37.049  -11.285 0.0000000000
23909  18.655  -37.362  -11.146 0.0000000000
23910  17.983  -37.627  -10.860 0.0000000000
23911  17.318  -37.917  -10.457 0.0000000000
23925  19.016  -36.710  -11.534 0.0000000000
23926  18.686  -36.980  -11.642 0.0000000000
23927  18.185  -37.431  -11.940 0.0000000000
23941  17.424  -37.148  -12.668 0.0000000000
23942  16.845  -37.220  -13.095 0.0000000000
23951  16.251  -37.302  -13.485 0.0000000000
24778  23.391  -36.451  -7.373 0.0000000000
24779  22.490  -36.435  -7.617 0.0000000000
24780  21.551  -36.435  -7.990 0.0000000000
24781  20.473  -36.572  -8.213 0.0000000000
24782  19.609  -36.683  -8.566 0.0000000000
24783  19.021  -36.789  -8.990 0.0000000000
24803  21.289  -36.127  -8.811 0.0000000000
24804  20.495  -36.413  -9.169 0.0000000000
24805  19.745  -36.679  -9.470 0.0000000000
24806  19.109  -36.832  -9.630 0.0000000000
24822  21.286  -35.933  -9.813 0.0000000000
24823  20.520  -36.520  -10.175 0.0000000000
24824  19.689  -36.882  -10.349 0.0000000000
24825  18.905  -36.978  -10.091 0.0000000000
24841  21.098  -36.073  -10.880 0.0000000000
24842  20.396  -36.776  -11.022 0.0000000000
24843  19.715  -37.090  -11.048 0.0000000000
24844  19.135  -37.147  -10.730 0.0000000000
24861  20.863  -35.670  -11.219 0.0000000000
24862  20.473  -36.004  -11.346 0.0000000000
24863  19.557  -36.405  -11.471 0.0000000000
24864  18.562  -36.243  -11.899 0.0000000000
24865  18.340  -36.774  -12.027 0.0000000000
24879  18.049  -35.779  -12.238 0.0000000000
24880  17.737  -36.276  -12.399 0.0000000000
24881  16.622  -36.289  -13.024 0.0000000000
24894  16.358  -36.775  -13.343 0.0000000000
25725  24.187  -35.493  -7.454 0.0000000000
25726  23.285  -35.484  -7.620 0.0000000000
25727  22.509  -35.511  -8.071 0.0000000000
25728  21.922  -35.763  -8.528 0.0000000000
25751  22.238  -35.149  -8.551 0.0000000000
25752  21.802  -35.315  -9.101 0.0000000000
25770  21.616  -35.071  -9.792 0.0000000000
25789  21.366  -35.192  -10.465 0.0000000000
25810  21.047  -35.069  -11.115 0.0000000000
25811  20.484  -35.147  -11.390 0.0000000000
25812  19.722  -35.294  -11.620 0.0000000000
25813  18.868  -35.421  -11.842 0.0000000000
25814  17.240  -34.906  -12.199 0.0000000000
25830  18.228  -35.385  -12.150 0.0000000000
25831  17.682  -35.239  -12.306 0.0000000000
25832  17.002  -35.434  -12.605 0.0000000000
26635  24.768  -34.472  -7.616 0.0000000000
26636  23.906  -34.504  -7.542 0.0000000000
26637  23.139  -34.537  -7.788 0.0000000000
26638  22.609  -34.536  -8.235 0.0000000000
26661  22.205  -34.490  -8.753 0.0000000000
26662  21.870  -34.398  -9.377 0.0000000000
26683  21.609  -34.325  -10.133 0.0000000000
26704  21.326  -34.315  -10.854 0.0000000000
26705  17.444  -34.229  -11.460 0.0000000000
26726  21.049  -34.300  -11.212 0.0000000000
26727  20.670  -34.274  -11.458 0.0000000000
26728  19.930  -34.285  -11.753 0.0000000000
26729  18.922  -34.366  -11.970 0.0000000000
26730  17.861  -34.271  -12.079 0.0000000000
26731  17.180  -34.617  -11.803 0.0000000000
26745  18.319  -34.829  -12.084 0.0000000000
26746  17.972  -34.890  -12.211 0.0000000000
27504  25.135  -33.486  -7.809 0.0000000000
27505  24.394  -33.552  -7.622 0.0000000000
27506  23.620  -33.596  -7.653 0.0000000000
27507  22.922  -33.675  -7.926 0.0000000000
27528  22.499  -33.839  -8.392 0.0000000000
27529  22.142  -33.617  -8.873 0.0000000000
27553  21.848  -33.464  -9.660 0.0000000000
27554  17.834  -33.237  -10.591 0.0000000000
27555  17.205  -33.599  -10.437 0.0000000000
27556  16.193  -33.522  -9.982 0.0000000000
27574  21.580  -33.362  -10.578 0.0000000000
27575  18.507  -33.114  -11.473 0.0000000000
27576  17.992  -33.556  -11.236 0.0000000000
27577  17.389  -34.046  -10.985 0.0000000000
27597  21.093  -33.442  -11.367 0.0000000000
27598  20.306  -33.333  -11.799 0.0000000000
27599  19.452  -33.376  -11.957 0.0000000000
27600  18.557  -33.422  -11.871 0.0000000000
27601  18.083  -33.683  -11.855 0.0000000000
28354  25.327  -32.690  -8.038 0.0000000000
28355  24.783  -32.653  -7.728 0.0000000000
28356  24.049  -32.656  -7.579 0.0000000000
28357  23.280  -32.727  -7.735 0.0000000000
28374  25.741  -32.180  -8.362 0.0000000000
28375  22.578  -32.872  -8.263 0.0000000000
28376  22.081  -32.617  -9.042 0.0000000000
28401  21.816  -32.415  -10.011 0.0000000000
28402  18.481  -32.285  -10.467 0.0000000000
28403  17.963  -32.635  -10.296 0.0000000000
28404  16.966  -32.622  -9.907 0.0000000000
28405  15.889  -32.508  -9.913 0.0000000000
28428  21.451  -32.148  -11.090 0.0000000000
28429  19.141  -32.375  -11.471 0.0000000000
28430  18.618  -32.671  -10.910 0.0000000000
28431  18.135  -33.061  -10.679 0.0000000000
28432  15.283  -31.879  -10.338 0.0000000000
28443  20.715  -32.324  -11.762 0.0000000000
28444  19.930  -32.488  -11.990 0.0000000000
28445  19.249  -32.712  -11.840 0.0000000000
28446  18.800  -32.833  -11.612 0.0000000000
29179  25.194  -31.854  -7.918 0.0000000000
29180  24.476  -31.719  -7.645 0.0000000000
29181  23.660  -31.753  -7.625 0.0000000000
29182  22.943  -31.874  -7.919 0.0000000000
29195  26.169  -31.583  -8.599 0.0000000000
29196  25.695  -31.199  -8.214 0.0000000000
29197  22.455  -31.800  -8.498 0.0000000000
29198  21.987  -31.556  -9.288 0.0000000000
29214  21.694  -31.351  -10.283 0.0000000000
29215  19.013  -31.464  -10.432 0.0000000000
29216  18.595  -31.708  -10.290 0.0000000000
29217  17.703  -31.678  -9.949 0.0000000000
29218  16.731  -31.567  -9.935 0.0000000000
29219  15.976  -31.604  -10.124 0.0000000000
29241  21.454  -31.058  -11.050 0.0000000000
29242  19.274  -31.677  -10.872 0.0000000000
29243  18.746  -32.093  -10.585 0.0000000000
29244  16.310  -31.052  -10.226 0.0000000000
29245  15.721  -31.006  -10.476 0.0000000000
29246  14.844  -31.095  -10.918 0.0000000000
29261  21.024  -31.192  -11.659 0.0000000000
29262  20.301  -31.587  -11.914 0.0000000000
29263  19.614  -31.950  -11.771 0.0000000000
29983  25.010  -30.710  -7.753 0.0000000000
29984  24.044  -30.744  -7.568 0.0000000000
29985  23.137  -30.875  -7.838 0.0000000000
29986  22.723  -31.285  -8.147 0.0000000000
29998  26.249  -30.692  -8.572 0.0000000000
29999  25.736  -30.187  -8.128 0.0000000000
30000  22.925  -30.185  -8.103 0.0000000000
30001  22.422  -30.643  -8.593 0.0000000000
30002  21.833  -30.562  -9.633 0.0000000000
30016  26.719  -30.234  -9.031 0.0000000000
30017  21.564  -30.435  -10.471 0.0000000000
30018  19.143  -30.987  -10.285 0.0000000000
30019  18.413  -30.773  -9.913 0.0000000000
30020  17.462  -30.627  -9.944 0.0000000000
30021  16.759  -30.747  -10.122 0.0000000000
30042  21.228  -30.308  -11.203 0.0000000000
30043  20.804  -30.092  -11.401 0.0000000000
30044  20.004  -30.364  -10.936 0.0000000000
30045  16.947  -30.172  -10.166 0.0000000000
30046  16.321  -30.253  -10.373 0.0000000000
30047  15.525  -30.041  -10.720 0.0000000000
30048  14.829  -29.976  -11.231 0.0000000000
30069  20.949  -30.536  -11.638 0.0000000000
30070  20.545  -30.773  -11.665 0.0000000000
30071  19.912  -31.183  -11.627 0.0000000000
30072  14.375  -29.873  -11.768 0.0000000000
30771  25.231  -29.586  -7.798 0.0000000000
30772  24.442  -29.726  -7.620 0.0000000000
30773  23.468  -29.760  -7.783 0.0000000000
30781  26.772  -29.098  -8.903 0.0000000000
30782  26.317  -29.570  -8.544 0.0000000000
30783  25.744  -29.369  -8.114 0.0000000000
30784  22.729  -29.527  -8.427 0.0000000000
30785  22.062  -29.497  -9.434 0.0000000000
30786  21.679  -29.971  -9.970 0.0000000000
30801  26.762  -29.604  -8.970 0.0000000000
30802  21.811  -28.954  -9.930 0.0000000000
30803  21.514  -29.475  -10.384 0.0000000000
30804  19.230  -29.772  -9.966 0.0000000000
30805  18.196  -29.710  -9.850 0.0000000000
30806  17.387  -29.597  -10.085 0.0000000000
30822  21.096  -29.598  -10.967 0.0000000000
30823  20.645  -29.420  -10.846 0.0000000000
30824  20.050  -29.200  -10.390 0.0000000000
30825  16.797  -29.584  -10.356 0.0000000000
30826  16.263  -29.144  -10.702 0.0000000000
30827  15.552  -28.965  -11.315 0.0000000000
30828  14.808  -29.299  -11.644 0.0000000000
30850  15.130  -28.581  -11.996 0.0000000000
30851  14.315  -29.168  -12.302 0.0000000000
30865  14.711  -28.246  -12.751 0.0000000000
31573  25.455  -28.701  -7.878 0.0000000000
31574  24.804  -28.853  -7.661 0.0000000000
31575  23.987  -28.779  -7.640 0.0000000000
31580  26.451  -28.529  -8.511 0.0000000000
31581  25.948  -28.804  -8.205 0.0000000000
31582  23.144  -28.633  -8.070 0.0000000000
31583  22.520  -28.564  -8.888 0.0000000000
31589  22.114  -28.459  -9.668 0.0000000000
31590  21.655  -28.492  -10.150 0.0000000000
31591  20.293  -28.108  -10.133 0.0000000000
31592  19.644  -28.495  -9.934 0.0000000000
31593  18.744  -28.685  -9.778 0.0000000000
31594  17.869  -28.709  -9.972 0.0000000000
31609  21.146  -28.738  -10.572 0.0000000000
31610  20.559  -28.648  -10.449 0.0000000000
31611  20.141  -28.600  -10.214 0.0000000000
31612  17.075  -28.716  -10.472 0.0000000000
31613  16.586  -27.471  -11.423 0.0000000000
31614  15.855  -28.280  -11.886 0.0000000000
31636  16.179  -27.118  -12.265 0.0000000000
31637  15.684  -27.657  -12.498 0.0000000000
32295  25.467  -28.254  -7.814 0.0000000000
32296  25.140  -28.210  -7.684 0.0000000000
32297  24.471  -28.176  -7.613 0.0000000000
32302  26.704  -27.550  -8.494 0.0000000000
32303  25.755  -27.854  -7.936 0.0000000000
32304  24.724  -27.474  -7.721 0.0000000000
32305  23.703  -27.673  -7.877 0.0000000000
32306  22.871  -27.716  -8.574 0.0000000000
32313  22.455  -27.701  -9.303 0.0000000000
32314  22.023  -27.658  -9.913 0.0000000000
32315  20.543  -27.554  -10.049 0.0000000000
32316  19.994  -27.554  -9.766 0.0000000000
32317  19.177  -27.648  -9.626 0.0000000000
32318  18.338  -27.757  -9.806 0.0000000000
32327  21.428  -27.818  -10.248 0.0000000000
32328  20.860  -27.904  -10.376 0.0000000000
32329  17.557  -27.734  -10.320 0.0000000000
33035  27.232  -26.570  -8.691 0.0000000000
33036  26.251  -26.602  -8.173 0.0000000000
33037  25.199  -26.585  -7.948 0.0000000000
33038  24.139  -26.609  -8.165 0.0000000000
33039  23.212  -26.814  -8.741 0.0000000000
33040  22.733  -27.208  -9.041 0.0000000000
33047  23.093  -26.239  -9.213 0.0000000000
33048  22.544  -26.730  -9.482 0.0000000000
33049  21.635  -26.857  -9.909 0.0000000000
33050  20.682  -26.875  -9.791 0.0000000000
33051  19.682  -26.709  -9.516 0.0000000000
33052  18.729  -26.716  -9.633 0.0000000000
33053  18.023  -27.041  -9.953 0.0000000000
33060  21.112  -27.354  -10.178 0.0000000000
33061  20.823  -27.408  -10.144 0.0000000000
33062  18.179  -26.402  -10.021 0.0000000000
33806  27.386  -25.474  -8.617 0.0000000000
33807  26.718  -25.500  -8.354 0.0000000000
33808  25.676  -25.575  -8.198 0.0000000000
33809  24.639  -25.624  -8.365 0.0000000000
33810  23.626  -25.765  -8.850 0.0000000000
33815  27.205  -25.265  -8.489 0.0000000000
33816  27.029  -25.400  -8.416 0.0000000000
33817  22.948  -25.690  -9.440 0.0000000000
33818  22.170  -25.782  -9.657 0.0000000000
33819  21.250  -25.814  -9.548 0.0000000000
33820  20.253  -25.780  -9.344 0.0000000000
33821  19.311  -25.768  -9.506 0.0000000000
33822  18.564  -25.775  -9.865 0.0000000000
33829  18.018  -25.874  -10.301 0.0000000000
34572  27.479  -24.244  -8.575 0.0000000000
34573  27.284  -24.359  -8.475 0.0000000000
34580  27.604  -24.616  -8.657 0.0000000000
34581  26.987  -24.639  -8.361 0.0000000000
34582  26.143  -24.599  -8.162 0.0000000000
34583  25.126  -24.597  -8.373 0.0000000000
34584  24.173  -24.720  -8.770 0.0000000000
34591  27.250  -25.020  -8.489 0.0000000000
34592  27.015  -25.146  -8.389 0.0000000000
34593  23.404  -24.814  -9.214 0.0000000000
34594  22.642  -24.808  -9.457 0.0000000000
34595  21.767  -24.813  -9.511 0.0000000000
34596  20.802  -24.758  -9.398 0.0000000000
34597  19.775  -24.786  -9.435 0.0000000000
34598  18.911  -24.947  -9.723 0.0000000000
34605  18.307  -25.054  -10.267 0.0000000000
34606  17.477  -25.547  -10.955 0.0000000000
34614  17.210  -25.132  -11.788 0.0000000000
34620  16.996  -24.899  -12.590 0.0000000000
35348  27.341  -24.056  -8.494 0.0000000000
35349  27.144  -24.147  -8.396 0.0000000000
35355  28.092  -24.028  -8.958 0.0000000000
35356  27.490  -23.856  -8.569 0.0000000000
35357  26.745  -23.760  -8.281 0.0000000000
35358  25.689  -23.618  -8.334 0.0000000000
35359  24.655  -23.582  -8.914 0.0000000000
35360  23.857  -24.072  -9.131 0.0000000000
35368  23.961  -23.444  -9.376 0.0000000000
35369  23.195  -23.844  -9.377 0.0000000000
35370  22.248  -23.888  -9.387 0.0000000000
35371  21.357  -23.887  -9.533 0.0000000000
35372  20.374  -23.650  -9.783 0.0000000000
35373  19.159  -24.063  -9.847 0.0000000000
35374  18.625  -24.444  -10.093 0.0000000000
35383  20.246  -22.963  -10.196 0.0000000000
35384  19.524  -23.256  -10.276 0.0000000000
35385  18.300  -23.865  -10.789 0.0000000000
35386  17.641  -24.680  -11.330 0.0000000000
35396  17.614  -24.231  -11.889 0.0000000000
36153  28.030  -23.210  -8.856 0.0000000000
36154  27.403  -22.824  -8.534 0.0000000000
36155  26.419  -22.825  -8.418 0.0000000000
36156  25.422  -22.672  -8.942 0.0000000000
36157  24.830  -22.983  -9.123 0.0000000000
36168  24.520  -22.730  -9.538 0.0000000000
36169  23.563  -22.942  -9.688 0.0000000000
36170  22.718  -23.078  -9.713 0.0000000000
36171  21.810  -23.123  -9.747 0.0000000000
36172  21.153  -23.271  -9.814 0.0000000000
36187  23.885  -22.243  -10.186 0.0000000000
36188  23.134  -22.466  -10.069 0.0000000000
36189  22.328  -22.376  -10.137 0.0000000000
36190  21.085  -22.520  -10.264 0.0000000000
36191  20.067  -22.547  -10.589 0.0000000000
36192  19.247  -22.748  -10.831 0.0000000000
36200  20.591  -21.981  -10.912 0.0000000000
36991  23.168  -21.779  -10.610 0.0000000000
36992  22.093  -21.688  -10.750 0.0000000000
36993  21.277  -21.696  -11.008 0.0000000000
103021  16.258  -26.177  -12.864 0.0000000000
103027  17.576  -26.659  -10.434 0.0000000000
103034  16.754  -25.932  -11.795 0.0000000000
103035  16.785  -25.529  -12.248 0.0000000000
103036  16.605  -25.086  -13.142 0.0000000000
