#!ascii label  , from subject FREESURFER vox2ras=TkReg 
405
67996  50.821  9.454  -27.475 0.0000000000
68005  49.477  9.558  -28.039 0.0000000000
68946  51.196  10.214  -27.538 0.0000000000
68947  50.273  10.260  -27.880 0.0000000000
68948  49.769  9.867  -27.967 0.0000000000
68956  49.888  10.783  -28.273 0.0000000000
68957  49.342  10.289  -28.339 0.0000000000
68958  48.393  10.149  -28.671 0.0000000000
69813  52.491  11.358  -27.960 0.0000000000
69814  51.435  10.964  -27.827 0.0000000000
69815  50.826  10.706  -27.836 0.0000000000
69823  52.110  11.964  -28.392 0.0000000000
69824  51.474  11.713  -28.328 0.0000000000
69825  50.465  11.292  -28.298 0.0000000000
69826  49.513  11.249  -28.661 0.0000000000
69827  48.602  11.139  -28.995 0.0000000000
69828  48.047  10.657  -28.971 0.0000000000
69835  48.123  11.709  -29.411 0.0000000000
69836  47.589  11.160  -29.377 0.0000000000
69837  46.701  11.218  -29.794 0.0000000000
69841  46.051  11.263  -30.289 0.0000000000
70667  53.229  11.709  -28.069 0.0000000000
70680  53.987  12.745  -28.646 0.0000000000
70681  52.830  12.407  -28.471 0.0000000000
70682  51.670  12.487  -28.709 0.0000000000
70683  50.739  12.262  -28.794 0.0000000000
70684  49.718  12.232  -29.103 0.0000000000
70685  49.112  11.722  -29.040 0.0000000000
70694  49.270  12.698  -29.692 0.0000000000
70695  48.689  12.190  -29.532 0.0000000000
70696  47.608  12.305  -29.865 0.0000000000
70697  47.043  11.799  -29.772 0.0000000000
70706  47.197  12.731  -30.409 0.0000000000
70707  46.527  12.267  -30.517 0.0000000000
70708  45.840  11.798  -30.765 0.0000000000
70712  46.234  12.657  -31.351 0.0000000000
70713  45.581  12.170  -31.640 0.0000000000
71449  54.276  13.426  -29.020 0.0000000000
71450  53.304  13.375  -29.012 0.0000000000
71451  52.050  13.553  -29.163 0.0000000000
71452  50.933  13.038  -29.251 0.0000000000
71453  50.310  12.726  -29.284 0.0000000000
71469  51.660  14.159  -29.653 0.0000000000
71470  51.071  13.813  -29.711 0.0000000000
71471  49.898  13.400  -29.983 0.0000000000
71472  48.790  12.991  -30.102 0.0000000000
71473  48.210  12.745  -29.996 0.0000000000
71481  49.459  14.017  -30.727 0.0000000000
71482  48.883  13.678  -30.669 0.0000000000
71483  47.752  13.264  -30.728 0.0000000000
71484  47.035  12.880  -30.720 0.0000000000
71490  47.249  13.546  -31.460 0.0000000000
71491  46.756  13.126  -31.299 0.0000000000
71492  46.093  13.082  -31.870 0.0000000000
71497  45.452  13.252  -32.652 0.0000000000
71503  45.260  13.769  -33.296 0.0000000000
72178  54.682  14.178  -29.233 0.0000000000
72179  53.813  14.092  -29.392 0.0000000000
72180  52.953  14.122  -29.409 0.0000000000
72197  54.962  14.916  -29.396 0.0000000000
72198  54.284  14.831  -29.686 0.0000000000
72199  53.416  14.757  -29.944 0.0000000000
72200  52.294  14.661  -29.951 0.0000000000
72201  51.367  14.514  -30.070 0.0000000000
72202  50.663  14.248  -30.302 0.0000000000
72216  51.723  15.078  -30.472 0.0000000000
72217  51.043  14.944  -30.746 0.0000000000
72218  50.068  14.565  -31.130 0.0000000000
72219  49.161  14.189  -31.348 0.0000000000
72220  48.423  13.940  -31.378 0.0000000000
72228  49.488  14.546  -31.912 0.0000000000
72229  48.750  14.335  -32.325 0.0000000000
72230  47.688  13.965  -31.936 0.0000000000
72231  46.846  13.747  -31.916 0.0000000000
72232  46.449  13.454  -31.866 0.0000000000
72237  48.618  14.484  -33.037 0.0000000000
72238  47.956  14.414  -33.104 0.0000000000
72239  46.942  14.175  -32.742 0.0000000000
72240  46.235  13.743  -32.415 0.0000000000
72244  47.688  14.659  -33.679 0.0000000000
72245  47.118  14.576  -33.554 0.0000000000
72246  45.919  14.304  -33.585 0.0000000000
72247  44.904  13.958  -33.740 0.0000000000
72254  45.546  14.752  -34.390 0.0000000000
72255  44.965  14.533  -34.298 0.0000000000
72944  54.730  15.668  -29.624 0.0000000000
72945  53.995  15.633  -30.271 0.0000000000
72946  53.073  15.543  -30.713 0.0000000000
72947  52.280  15.414  -30.662 0.0000000000
72961  52.577  15.959  -31.198 0.0000000000
72962  51.795  15.698  -31.253 0.0000000000
72963  50.895  15.349  -31.600 0.0000000000
72964  50.397  15.040  -31.766 0.0000000000
72980  50.645  15.333  -32.219 0.0000000000
72981  50.068  14.915  -32.232 0.0000000000
72982  49.484  14.676  -32.578 0.0000000000
72990  50.469  15.357  -32.880 0.0000000000
72991  49.904  15.092  -33.203 0.0000000000
72992  49.130  14.720  -33.191 0.0000000000
72993  48.572  14.676  -33.439 0.0000000000
72996  49.480  15.167  -33.690 0.0000000000
72997  48.929  15.049  -33.920 0.0000000000
72998  48.177  14.838  -33.902 0.0000000000
72999  47.478  14.880  -34.118 0.0000000000
73000  46.755  14.813  -34.159 0.0000000000
73004  48.542  15.295  -34.295 0.0000000000
73005  47.967  15.337  -34.546 0.0000000000
73006  47.115  15.323  -34.726 0.0000000000
73007  46.092  15.156  -34.665 0.0000000000
73008  45.137  15.233  -34.764 0.0000000000
73009  44.206  15.128  -34.727 0.0000000000
73041  45.330  14.847  -39.605 0.0000000000
73633  55.168  16.627  -29.108 0.0000000000
73634  50.949  18.075  -28.059 0.0000000000
73635  50.178  17.102  -27.948 0.0000000000
73636  49.145  16.586  -28.346 0.0000000000
73642  54.416  16.705  -29.916 0.0000000000
73643  53.545  16.816  -31.026 0.0000000000
73644  52.978  16.284  -31.268 0.0000000000
73645  51.024  18.416  -28.506 0.0000000000
73646  50.596  17.898  -28.707 0.0000000000
73647  49.573  17.210  -29.165 0.0000000000
73648  48.409  16.799  -28.964 0.0000000000
73655  53.314  17.448  -31.822 0.0000000000
73656  52.716  16.852  -32.210 0.0000000000
73657  51.575  15.987  -32.277 0.0000000000
73658  51.030  15.609  -32.193 0.0000000000
73659  49.148  17.364  -29.762 0.0000000000
73660  48.533  17.222  -29.681 0.0000000000
73661  47.352  16.928  -29.727 0.0000000000
73662  46.303  16.588  -30.202 0.0000000000
73674  52.625  17.488  -33.401 0.0000000000
73675  51.839  16.812  -33.647 0.0000000000
73676  51.045  15.797  -32.847 0.0000000000
73677  47.189  17.410  -30.332 0.0000000000
73678  46.667  17.326  -30.594 0.0000000000
73679  45.579  16.807  -31.085 0.0000000000
73689  50.718  17.399  -34.817 0.0000000000
73690  50.506  15.934  -33.916 0.0000000000
73691  49.865  15.443  -33.788 0.0000000000
73692  45.435  17.279  -31.565 0.0000000000
73702  50.082  17.724  -35.377 0.0000000000
73703  49.857  16.803  -35.012 0.0000000000
73704  49.462  15.728  -34.317 0.0000000000
73705  48.912  15.475  -34.319 0.0000000000
73710  48.744  17.219  -35.570 0.0000000000
73711  49.236  16.357  -34.980 0.0000000000
73712  48.690  15.870  -34.811 0.0000000000
73713  47.721  16.044  -35.298 0.0000000000
73714  46.589  15.982  -35.351 0.0000000000
73715  45.488  15.996  -35.372 0.0000000000
73716  44.530  15.734  -35.241 0.0000000000
73717  44.005  15.594  -35.158 0.0000000000
73724  45.427  16.957  -35.936 0.0000000000
73725  44.532  16.383  -35.934 0.0000000000
73726  43.880  15.860  -35.667 0.0000000000
73733  44.259  16.574  -36.441 0.0000000000
73734  43.799  16.213  -36.590 0.0000000000
73739  44.604  16.463  -38.056 0.0000000000
73740  43.968  15.968  -37.658 0.0000000000
73742  45.878  16.452  -39.607 0.0000000000
73743  45.131  15.848  -39.103 0.0000000000
73744  44.561  15.669  -38.420 0.0000000000
73752  47.288  16.381  -40.899 0.0000000000
73753  46.434  16.059  -40.587 0.0000000000
73754  45.367  15.859  -40.141 0.0000000000
73755  44.126  16.068  -39.643 0.0000000000
73764  48.646  16.927  -41.759 0.0000000000
73765  48.011  16.604  -41.573 0.0000000000
73766  46.898  15.990  -41.781 0.0000000000
73767  45.922  15.987  -41.165 0.0000000000
73775  48.519  16.783  -42.109 0.0000000000
73776  47.837  16.449  -42.369 0.0000000000
73777  47.160  16.217  -42.639 0.0000000000
74417  52.211  19.066  -28.112 0.0000000000
74418  51.594  18.909  -28.455 0.0000000000
74423  54.903  17.844  -29.126 0.0000000000
74424  54.170  17.975  -30.205 0.0000000000
74425  50.976  18.841  -28.950 0.0000000000
74426  50.289  18.247  -29.604 0.0000000000
74427  49.570  17.656  -29.879 0.0000000000
74433  53.574  18.503  -31.584 0.0000000000
74434  53.265  17.808  -32.339 0.0000000000
74435  49.637  18.182  -30.422 0.0000000000
74436  48.869  17.628  -30.270 0.0000000000
74437  47.926  17.519  -30.227 0.0000000000
74438  47.435  17.433  -30.274 0.0000000000
74447  53.313  19.382  -32.442 0.0000000000
74448  52.951  18.649  -33.435 0.0000000000
74449  52.407  17.774  -33.854 0.0000000000
74450  49.362  18.394  -30.892 0.0000000000
74451  48.968  18.057  -30.859 0.0000000000
74452  48.208  17.954  -30.726 0.0000000000
74453  47.288  17.866  -30.733 0.0000000000
74454  46.224  18.035  -31.640 0.0000000000
74455  45.647  17.481  -31.522 0.0000000000
74463  51.513  19.586  -34.849 0.0000000000
74464  51.658  18.209  -34.524 0.0000000000
74465  45.377  17.630  -31.836 0.0000000000
74475  50.546  20.146  -35.437 0.0000000000
74476  49.601  19.199  -35.677 0.0000000000
74477  49.663  17.696  -35.489 0.0000000000
74478  45.341  18.077  -32.376 0.0000000000
74489  49.094  20.554  -36.624 0.0000000000
74490  46.061  19.151  -33.545 0.0000000000
74497  46.088  16.654  -35.602 0.0000000000
74506  44.648  16.952  -36.590 0.0000000000
74507  44.184  16.645  -36.690 0.0000000000
74514  44.784  17.301  -37.438 0.0000000000
74515  44.226  16.671  -37.176 0.0000000000
74518  45.907  17.453  -39.309 0.0000000000
74519  45.273  17.147  -38.540 0.0000000000
74528  47.841  17.192  -40.828 0.0000000000
74529  46.767  17.058  -40.126 0.0000000000
74530  44.480  16.846  -40.083 0.0000000000
74531  43.338  17.359  -39.771 0.0000000000
74540  49.174  17.199  -41.975 0.0000000000
74541  48.627  17.313  -41.412 0.0000000000
74542  45.952  16.452  -41.824 0.0000000000
74543  45.187  17.085  -41.027 0.0000000000
74544  44.103  17.634  -40.431 0.0000000000
74551  48.644  17.034  -42.810 0.0000000000
74552  47.523  16.926  -42.915 0.0000000000
74553  46.506  16.798  -42.517 0.0000000000
74554  45.679  17.234  -42.043 0.0000000000
75157  53.056  20.286  -27.967 0.0000000000
75158  52.436  19.969  -28.426 0.0000000000
75159  51.729  19.779  -29.049 0.0000000000
75162  55.018  18.786  -28.474 0.0000000000
75163  54.461  19.213  -29.142 0.0000000000
75164  53.958  19.014  -30.263 0.0000000000
75165  51.064  19.359  -29.902 0.0000000000
75166  50.300  18.765  -30.315 0.0000000000
75173  53.946  19.771  -29.752 0.0000000000
75174  53.572  19.720  -30.586 0.0000000000
75175  50.613  19.262  -30.718 0.0000000000
75176  49.786  18.771  -31.037 0.0000000000
75184  53.298  19.937  -31.634 0.0000000000
75185  52.978  20.245  -32.734 0.0000000000
75186  49.023  18.453  -31.328 0.0000000000
75187  48.472  18.233  -31.164 0.0000000000
75188  47.800  18.244  -31.265 0.0000000000
75189  47.105  18.268  -31.443 0.0000000000
75190  46.855  18.373  -31.794 0.0000000000
75197  52.161  20.286  -33.809 0.0000000000
75198  48.344  18.513  -31.598 0.0000000000
75202  50.531  20.472  -34.542 0.0000000000
75203  49.518  20.322  -35.383 0.0000000000
75213  48.409  20.810  -35.065 0.0000000000
75230  46.443  18.007  -36.387 0.0000000000
75231  45.477  17.819  -36.687 0.0000000000
75236  45.689  18.283  -38.665 0.0000000000
75237  45.336  18.147  -37.697 0.0000000000
75244  47.387  18.218  -40.369 0.0000000000
75245  46.412  18.285  -39.484 0.0000000000
75246  43.434  18.478  -40.249 0.0000000000
75247  42.496  18.509  -39.638 0.0000000000
75259  49.187  18.026  -41.443 0.0000000000
75260  48.444  18.062  -40.942 0.0000000000
75261  45.187  18.223  -41.792 0.0000000000
75262  44.329  18.370  -40.965 0.0000000000
75270  49.062  18.147  -42.421 0.0000000000
75271  47.995  18.026  -43.009 0.0000000000
75272  46.901  17.803  -42.807 0.0000000000
75273  46.061  17.949  -42.399 0.0000000000
75915  54.347  20.052  -28.245 0.0000000000
75916  53.660  20.436  -28.215 0.0000000000
75917  52.913  20.779  -28.621 0.0000000000
75918  52.374  20.541  -29.050 0.0000000000
75919  54.020  20.317  -29.032 0.0000000000
75920  53.361  20.732  -29.236 0.0000000000
75921  52.725  20.840  -29.639 0.0000000000
75922  51.982  20.377  -29.882 0.0000000000
75926  53.638  20.367  -29.802 0.0000000000
75927  53.179  20.646  -30.509 0.0000000000
75928  52.428  20.617  -30.882 0.0000000000
75929  51.426  19.972  -31.059 0.0000000000
75930  50.441  19.275  -31.458 0.0000000000
75935  52.795  20.657  -31.683 0.0000000000
75936  51.808  20.986  -32.422 0.0000000000
75937  50.825  19.831  -32.132 0.0000000000
75938  49.005  19.026  -32.259 0.0000000000
75946  51.108  21.039  -33.523 0.0000000000
75952  50.030  20.533  -33.930 0.0000000000
75964  47.652  19.926  -37.473 0.0000000000
75965  47.696  19.081  -36.555 0.0000000000
75966  46.295  18.473  -36.901 0.0000000000
75970  47.666  19.945  -38.323 0.0000000000
75971  47.422  19.783  -38.021 0.0000000000
75972  46.353  18.946  -37.835 0.0000000000
75973  45.785  18.402  -37.232 0.0000000000
75974  42.683  20.075  -39.437 0.0000000000
75975  42.423  20.052  -39.188 0.0000000000
75979  47.692  19.911  -38.618 0.0000000000
75980  47.266  19.367  -39.224 0.0000000000
75981  46.320  18.807  -38.812 0.0000000000
75982  43.824  19.280  -40.642 0.0000000000
75983  42.959  19.689  -39.808 0.0000000000
75984  41.985  19.431  -39.274 0.0000000000
75996  48.799  18.544  -41.132 0.0000000000
75997  48.073  19.193  -40.831 0.0000000000
75998  47.070  19.296  -41.639 0.0000000000
75999  45.941  19.144  -42.034 0.0000000000
76000  44.684  19.403  -41.283 0.0000000000
76011  48.826  18.688  -41.619 0.0000000000
76012  48.121  18.875  -42.182 0.0000000000
76013  47.089  18.682  -42.515 0.0000000000
76014  46.487  18.432  -42.505 0.0000000000
76695  51.144  20.835  -33.066 0.0000000000
76696  50.929  20.414  -32.806 0.0000000000
76697  50.313  19.632  -32.646 0.0000000000
76701  50.817  20.756  -33.322 0.0000000000
76718  47.809  20.212  -37.748 0.0000000000
76721  47.812  20.236  -38.004 0.0000000000
76722  47.682  20.046  -37.904 0.0000000000
76725  47.833  20.166  -38.332 0.0000000000
76726  47.634  19.962  -38.130 0.0000000000
76727  42.818  20.494  -39.450 0.0000000000
76728  42.231  20.737  -39.121 0.0000000000
76731  48.015  20.318  -39.114 0.0000000000
76732  47.574  20.415  -39.882 0.0000000000
76733  46.747  20.727  -40.185 0.0000000000
76734  45.606  20.651  -40.301 0.0000000000
76735  44.264  20.268  -40.434 0.0000000000
76736  43.385  20.476  -39.766 0.0000000000
76740  47.079  19.893  -40.729 0.0000000000
76741  46.249  20.006  -41.101 0.0000000000
76742  45.167  20.053  -41.213 0.0000000000
76743  44.652  19.970  -41.054 0.0000000000
77483  50.952  20.777  -33.170 0.0000000000
77484  50.901  20.645  -33.102 0.0000000000
77515  48.041  20.513  -38.072 0.0000000000
77517  48.549  21.152  -38.246 0.0000000000
77518  48.376  20.843  -38.768 0.0000000000
77519  46.127  22.691  -39.361 0.0000000000
77520  45.350  22.337  -39.268 0.0000000000
77521  44.219  21.901  -39.290 0.0000000000
77522  43.135  21.562  -39.322 0.0000000000
77528  48.927  21.454  -39.130 0.0000000000
77529  48.334  21.475  -39.336 0.0000000000
77530  47.706  21.679  -39.963 0.0000000000
77531  46.395  21.870  -39.580 0.0000000000
77532  44.918  21.306  -39.658 0.0000000000
77533  43.818  21.067  -39.679 0.0000000000
77534  43.253  20.892  -39.552 0.0000000000
78263  49.167  22.133  -39.028 0.0000000000
78264  49.034  22.909  -39.467 0.0000000000
78265  47.162  23.575  -39.545 0.0000000000
78266  45.934  23.392  -39.272 0.0000000000
78267  44.537  22.923  -39.098 0.0000000000
78268  43.755  22.397  -39.132 0.0000000000
78278  49.163  21.829  -39.632 0.0000000000
78279  48.755  22.446  -39.871 0.0000000000
78280  47.733  22.821  -39.737 0.0000000000
78281  46.729  22.956  -39.479 0.0000000000
79037  48.421  23.182  -38.702 0.0000000000
79038  46.487  24.338  -39.007 0.0000000000
79046  48.729  23.027  -39.496 0.0000000000
79047  48.477  23.018  -39.603 0.0000000000
79645  46.989  23.634  -37.124 0.0000000000
79646  45.937  24.998  -38.396 0.0000000000
104271  46.670  18.469  -32.253 0.0000000000
104272  48.835  19.256  -33.015 0.0000000000
104273  47.366  19.292  -33.335 0.0000000000
104274  47.883  19.252  -33.090 0.0000000000
104275  49.137  19.976  -34.417 0.0000000000
104276  46.912  17.201  -35.787 0.0000000000
104277  49.270  19.438  -33.304 0.0000000000
104278  47.403  18.603  -31.992 0.0000000000
104279  49.732  19.632  -33.270 0.0000000000
104280  46.802  20.891  -35.410 0.0000000000
104281  46.083  17.094  -35.783 0.0000000000
104282  48.168  19.375  -33.526 0.0000000000
104283  48.662  19.265  -36.112 0.0000000000
104284  49.006  19.724  -36.201 0.0000000000
104285  49.108  19.942  -36.287 0.0000000000
104286  46.017  17.468  -36.040 0.0000000000
104288  48.922  21.453  -37.702 0.0000000000
104289  48.560  20.246  -36.717 0.0000000000
104290  48.012  19.876  -34.552 0.0000000000
104292  48.025  20.343  -37.404 0.0000000000
104293  48.527  20.817  -37.504 0.0000000000
104294  48.690  19.510  -36.210 0.0000000000
104295  45.952  20.546  -34.930 0.0000000000
104297  46.495  22.266  -35.721 0.0000000000
104298  49.762  19.400  -32.981 0.0000000000
104300  46.902  21.801  -35.606 0.0000000000
104302  50.390  19.983  -32.987 0.0000000000
104303  50.028  19.813  -33.219 0.0000000000
104304  49.593  19.874  -33.669 0.0000000000
104305  48.985  21.735  -36.696 0.0000000000
104307  50.665  20.377  -33.090 0.0000000000
104308  50.281  20.150  -33.257 0.0000000000
104309  48.559  19.678  -34.321 0.0000000000
104310  49.372  20.311  -34.423 0.0000000000
104311  49.439  20.174  -34.220 0.0000000000
104312  46.923  22.562  -35.785 0.0000000000
104314  50.539  20.500  -33.330 0.0000000000
104315  47.651  19.621  -34.016 0.0000000000
104316  46.938  20.212  -34.720 0.0000000000
104318  46.799  22.282  -35.661 0.0000000000
104319  46.473  23.336  -36.241 0.0000000000
104321  47.423  19.937  -34.360 0.0000000000
104324  48.413  23.204  -37.439 0.0000000000
104329  45.434  24.376  -37.143 0.0000000000
