#!ascii label  , from subject FREESURFER vox2ras=TkReg 
451
64572  34.152  6.614  26.188 0.0000000000
64573  33.945  6.497  26.126 0.0000000000
64587  34.151  6.603  25.944 0.0000000000
64588  33.797  6.475  25.609 0.0000000000
64604  33.511  6.402  25.080 0.0000000000
65535  34.823  7.382  26.157 0.0000000000
65536  34.303  6.812  26.317 0.0000000000
65548  34.826  7.592  25.708 0.0000000000
65549  34.324  7.159  25.420 0.0000000000
65550  33.831  6.682  25.135 0.0000000000
65559  34.167  7.532  24.755 0.0000000000
65560  33.602  7.005  24.472 0.0000000000
65569  33.309  7.466  23.855 0.0000000000
66505  35.152  8.035  27.252 0.0000000000
66515  35.189  7.799  26.593 0.0000000000
66516  34.753  7.343  26.861 0.0000000000
66520  35.235  8.024  25.877 0.0000000000
66521  34.830  7.882  25.397 0.0000000000
66524  35.215  8.343  25.218 0.0000000000
66525  34.664  8.152  24.773 0.0000000000
66526  34.129  7.854  24.394 0.0000000000
66529  34.473  8.404  24.123 0.0000000000
66530  33.819  8.164  23.846 0.0000000000
66531  33.127  7.906  23.558 0.0000000000
66538  33.344  8.596  23.347 0.0000000000
66539  32.645  8.347  22.951 0.0000000000
66552  32.224  8.743  22.237 0.0000000000
67421  36.106  9.973  29.302 0.0000000000
67422  35.758  9.915  29.426 0.0000000000
67442  36.191  9.726  29.024 0.0000000000
67443  35.596  9.449  28.860 0.0000000000
67462  36.361  9.364  28.243 0.0000000000
67463  35.615  8.845  27.839 0.0000000000
67479  37.164  9.613  26.682 0.0000000000
67480  36.714  9.379  27.043 0.0000000000
67481  35.775  8.563  26.575 0.0000000000
67493  37.126  9.557  26.330 0.0000000000
67494  36.557  9.267  25.858 0.0000000000
67495  35.794  8.711  25.506 0.0000000000
67497  36.286  9.255  24.999 0.0000000000
67498  35.549  8.856  24.651 0.0000000000
67499  35.001  8.775  24.162 0.0000000000
67501  36.117  9.489  24.344 0.0000000000
67502  35.515  9.433  23.898 0.0000000000
67503  34.591  9.198  23.608 0.0000000000
67504  33.846  9.026  23.380 0.0000000000
67513  34.127  9.611  23.080 0.0000000000
67514  33.390  9.413  22.743 0.0000000000
67515  32.668  9.200  22.331 0.0000000000
67525  32.949  9.793  22.058 0.0000000000
67526  32.278  9.526  21.578 0.0000000000
67527  31.659  9.170  21.049 0.0000000000
67534  31.892  9.818  20.725 0.0000000000
67535  31.352  9.217  20.210 0.0000000000
68339  37.097  10.956  30.211 0.0000000000
68340  36.798  10.847  30.365 0.0000000000
68353  37.178  10.735  29.911 0.0000000000
68354  36.426  10.192  29.647 0.0000000000
68365  37.471  10.423  29.031 0.0000000000
68366  36.853  9.795  28.643 0.0000000000
68376  37.460  10.106  27.877 0.0000000000
68377  36.937  9.628  27.842 0.0000000000
68388  38.093  10.321  25.756 0.0000000000
68389  37.571  9.950  26.697 0.0000000000
68390  37.186  9.745  27.361 0.0000000000
68406  38.011  10.506  24.885 0.0000000000
68407  37.327  9.876  25.428 0.0000000000
68408  36.741  9.551  25.214 0.0000000000
68421  37.896  10.776  24.391 0.0000000000
68422  37.343  10.520  24.266 0.0000000000
68423  36.720  9.805  24.640 0.0000000000
68432  36.946  10.782  23.662 0.0000000000
68433  36.316  10.241  23.770 0.0000000000
68434  35.227  10.284  23.183 0.0000000000
68435  34.548  9.903  23.107 0.0000000000
68441  35.017  10.776  22.637 0.0000000000
68442  34.214  10.447  22.433 0.0000000000
68443  33.398  10.094  22.184 0.0000000000
68445  33.900  10.966  21.730 0.0000000000
68446  33.099  10.601  21.429 0.0000000000
68447  32.318  10.204  21.036 0.0000000000
68450  32.872  11.045  20.674 0.0000000000
68451  32.279  10.626  20.336 0.0000000000
68452  31.757  9.954  20.208 0.0000000000
68455  32.067  10.790  19.212 0.0000000000
68456  31.675  10.040  19.650 0.0000000000
69236  38.329  11.685  30.235 0.0000000000
69237  37.437  11.349  30.463 0.0000000000
69247  38.407  11.630  29.401 0.0000000000
69248  37.764  11.154  29.655 0.0000000000
69257  38.489  11.530  28.567 0.0000000000
69258  38.019  11.096  28.967 0.0000000000
69270  39.256  11.467  26.810 0.0000000000
69271  38.698  11.359  27.593 0.0000000000
69272  38.032  10.833  28.224 0.0000000000
69286  39.379  11.253  25.925 0.0000000000
69287  38.589  10.758  26.497 0.0000000000
69288  38.065  10.600  27.362 0.0000000000
69304  39.375  11.312  24.899 0.0000000000
69305  38.717  10.775  25.354 0.0000000000
69323  39.235  11.674  24.009 0.0000000000
69324  38.420  11.094  24.313 0.0000000000
69325  37.809  10.942  24.099 0.0000000000
69344  39.093  11.945  23.538 0.0000000000
69345  38.557  11.675  23.613 0.0000000000
69346  37.568  11.371  23.465 0.0000000000
69347  36.526  11.018  23.248 0.0000000000
69348  35.932  10.743  23.210 0.0000000000
69357  37.273  11.840  22.835 0.0000000000
69358  36.727  11.566  22.822 0.0000000000
69359  35.695  11.285  22.541 0.0000000000
69360  34.887  11.024  22.326 0.0000000000
69362  35.474  11.769  21.876 0.0000000000
69363  34.587  11.501  21.616 0.0000000000
69364  33.751  11.191  21.353 0.0000000000
69367  34.291  11.907  20.813 0.0000000000
69368  33.487  11.566  20.570 0.0000000000
69369  32.785  11.218  20.331 0.0000000000
69371  33.174  11.884  19.775 0.0000000000
69372  32.659  11.475  19.731 0.0000000000
69375  33.015  11.969  19.186 0.0000000000
70093  40.604  12.928  29.349 0.0000000000
70094  39.836  12.478  29.665 0.0000000000
70095  39.134  11.991  29.978 0.0000000000
70104  40.549  12.854  28.314 0.0000000000
70105  39.730  12.479  28.694 0.0000000000
70106  39.040  12.086  29.082 0.0000000000
70116  40.587  12.698  27.212 0.0000000000
70117  39.601  12.213  27.578 0.0000000000
70118  39.040  12.003  28.272 0.0000000000
70126  41.562  12.687  25.901 0.0000000000
70127  40.752  12.361  26.179 0.0000000000
70128  39.951  11.919  26.516 0.0000000000
70137  41.404  12.737  24.859 0.0000000000
70138  40.798  12.253  25.140 0.0000000000
70139  40.117  11.718  25.510 0.0000000000
70152  41.191  12.935  24.303 0.0000000000
70153  40.659  12.646  24.124 0.0000000000
70154  40.024  11.942  24.485 0.0000000000
70177  40.308  12.830  23.581 0.0000000000
70178  39.687  12.469  23.490 0.0000000000
70179  38.753  12.144  23.210 0.0000000000
70180  38.196  11.885  23.230 0.0000000000
70195  39.496  12.839  22.980 0.0000000000
70196  38.969  12.620  22.875 0.0000000000
70197  37.869  12.373  22.676 0.0000000000
70198  36.915  12.080  22.458 0.0000000000
70199  36.387  11.767  22.420 0.0000000000
70206  37.579  12.782  22.218 0.0000000000
70207  37.108  12.690  22.034 0.0000000000
70208  36.175  12.152  21.888 0.0000000000
70209  35.374  12.140  21.458 0.0000000000
70212  36.522  12.839  21.451 0.0000000000
70213  35.772  12.800  21.041 0.0000000000
70214  34.877  12.348  20.761 0.0000000000
70215  34.209  12.177  20.278 0.0000000000
70218  35.360  12.890  20.241 0.0000000000
70219  34.729  12.668  19.673 0.0000000000
70220  33.717  12.244  19.518 0.0000000000
70223  34.289  12.710  18.650 0.0000000000
70930  44.221  13.969  28.501 0.0000000000
70931  43.564  13.989  28.797 0.0000000000
70932  42.505  13.602  28.900 0.0000000000
70933  41.492  13.339  29.085 0.0000000000
70942  44.332  13.634  27.670 0.0000000000
70943  43.535  13.293  27.755 0.0000000000
70944  42.598  13.154  27.918 0.0000000000
70945  41.542  13.114  28.060 0.0000000000
70954  44.107  13.502  26.402 0.0000000000
70955  43.360  13.187  26.616 0.0000000000
70956  42.515  12.984  26.790 0.0000000000
70957  41.574  12.907  26.974 0.0000000000
70966  43.614  13.749  25.229 0.0000000000
70967  42.997  13.376  25.465 0.0000000000
70968  42.283  13.005  25.639 0.0000000000
70978  43.207  14.035  24.650 0.0000000000
70979  42.718  13.788  24.682 0.0000000000
70980  41.689  13.439  24.381 0.0000000000
70981  41.038  13.055  24.034 0.0000000000
71004  41.211  13.721  23.639 0.0000000000
71005  40.677  13.302  23.497 0.0000000000
71006  40.170  12.947  23.362 0.0000000000
71023  40.340  13.519  23.114 0.0000000000
71024  39.936  13.261  22.999 0.0000000000
71025  39.214  13.108  22.666 0.0000000000
71026  38.529  12.975  22.472 0.0000000000
71034  39.378  13.615  22.528 0.0000000000
71035  38.717  13.555  22.189 0.0000000000
71036  37.775  13.216  21.902 0.0000000000
71037  37.040  13.146  21.463 0.0000000000
71044  37.306  13.502  21.080 0.0000000000
71045  36.561  13.314  20.795 0.0000000000
71046  35.925  13.222  20.268 0.0000000000
71052  37.066  13.699  20.390 0.0000000000
71053  36.483  13.599  19.802 0.0000000000
71054  35.637  13.179  19.434 0.0000000000
71055  35.063  12.965  18.819 0.0000000000
71057  36.276  13.574  18.908 0.0000000000
71721  44.431  14.471  29.278 0.0000000000
71729  44.755  14.562  28.908 0.0000000000
71730  44.843  14.652  29.892 0.0000000000
71738  45.183  14.420  26.563 0.0000000000
71739  45.008  14.239  27.549 0.0000000000
71746  44.739  14.615  25.414 0.0000000000
71747  44.555  13.971  25.910 0.0000000000
71756  44.448  14.853  24.756 0.0000000000
71757  43.789  14.513  24.531 0.0000000000
71758  42.666  14.289  24.275 0.0000000000
71759  42.111  14.029  24.265 0.0000000000
71782  43.387  14.994  23.823 0.0000000000
71783  42.767  14.768  23.806 0.0000000000
71784  41.649  14.336  23.505 0.0000000000
71785  40.977  13.845  23.343 0.0000000000
71801  41.187  14.565  22.780 0.0000000000
71802  40.460  14.124  22.779 0.0000000000
71803  39.752  13.833  22.614 0.0000000000
71806  39.973  14.632  22.086 0.0000000000
71807  39.272  14.330  21.777 0.0000000000
71808  38.242  13.834  21.398 0.0000000000
71809  37.747  13.625  21.265 0.0000000000
71815  39.024  14.699  20.241 0.0000000000
71816  38.325  14.260  20.505 0.0000000000
71817  37.674  13.852  20.699 0.0000000000
71826  37.381  14.047  19.627 0.0000000000
71827  36.734  13.811  19.238 0.0000000000
72432  46.849  16.548  29.170 0.0000000000
72433  46.764  16.368  29.322 0.0000000000
72443  47.283  16.394  28.589 0.0000000000
72444  47.105  16.271  28.937 0.0000000000
72445  46.756  15.828  29.316 0.0000000000
72454  47.445  16.092  28.330 0.0000000000
72455  47.276  15.599  28.593 0.0000000000
72456  46.794  15.128  29.013 0.0000000000
72457  45.081  14.908  29.850 0.0000000000
72464  47.752  15.791  27.597 0.0000000000
72465  47.429  15.273  27.839 0.0000000000
72466  46.477  14.823  28.176 0.0000000000
72467  45.570  14.999  27.775 0.0000000000
72468  45.200  15.710  28.996 0.0000000000
72476  49.217  15.730  25.801 0.0000000000
72477  48.452  15.693  26.426 0.0000000000
72478  47.456  15.356  26.695 0.0000000000
72479  46.356  15.240  26.539 0.0000000000
72480  45.444  15.022  26.034 0.0000000000
72491  49.123  15.629  25.587 0.0000000000
72492  48.487  15.523  25.579 0.0000000000
72493  47.338  15.500  25.432 0.0000000000
72494  46.112  15.452  25.094 0.0000000000
72495  45.062  15.195  24.827 0.0000000000
72496  44.404  15.128  24.324 0.0000000000
72520  45.689  15.584  24.348 0.0000000000
72521  45.014  15.599  24.003 0.0000000000
72522  44.014  15.440  23.544 0.0000000000
72523  43.022  15.275  23.399 0.0000000000
72524  42.280  15.053  23.202 0.0000000000
72539  43.284  15.723  23.029 0.0000000000
72540  42.555  15.577  22.818 0.0000000000
72541  41.595  15.256  22.395 0.0000000000
72542  40.931  14.756  22.489 0.0000000000
72544  41.127  15.883  21.207 0.0000000000
72545  40.467  15.110  21.802 0.0000000000
72546  39.817  14.826  21.689 0.0000000000
72549  41.114  16.043  20.465 0.0000000000
72550  40.519  15.698  20.240 0.0000000000
72551  39.662  15.110  20.933 0.0000000000
73145  46.811  16.810  29.087 0.0000000000
73146  46.628  16.740  29.375 0.0000000000
73151  47.365  16.512  28.306 0.0000000000
73152  47.071  16.845  28.660 0.0000000000
73153  46.316  16.550  29.718 0.0000000000
73154  45.953  16.960  29.863 0.0000000000
73159  47.625  16.465  27.684 0.0000000000
73160  47.288  16.937  28.166 0.0000000000
73161  46.148  15.604  29.839 0.0000000000
73162  45.709  16.622  29.848 0.0000000000
73167  48.397  16.218  26.765 0.0000000000
73168  46.095  14.974  29.275 0.0000000000
73169  45.395  16.081  28.964 0.0000000000
73170  44.586  16.562  28.259 0.0000000000
73171  44.228  16.390  28.291 0.0000000000
73179  49.471  15.816  25.433 0.0000000000
73180  49.298  15.984  26.024 0.0000000000
73181  44.111  17.029  27.364 0.0000000000
73198  49.281  15.712  25.049 0.0000000000
73199  48.428  15.768  24.513 0.0000000000
73200  47.038  15.721  24.394 0.0000000000
73201  46.237  15.684  24.335 0.0000000000
73224  48.681  16.187  23.660 0.0000000000
73225  47.766  16.109  23.655 0.0000000000
73226  46.241  15.984  23.688 0.0000000000
73227  45.022  16.022  23.289 0.0000000000
73228  44.399  16.011  23.057 0.0000000000
73241  48.251  16.451  23.070 0.0000000000
73242  47.288  16.387  22.850 0.0000000000
73243  45.929  16.367  22.727 0.0000000000
73244  44.797  16.344  22.566 0.0000000000
73245  43.898  16.138  22.718 0.0000000000
73246  43.021  16.168  22.493 0.0000000000
73247  42.301  16.013  22.240 0.0000000000
73249  44.302  16.531  22.157 0.0000000000
73250  43.635  16.567  21.984 0.0000000000
73251  42.761  16.540  21.671 0.0000000000
73252  41.904  16.215  21.533 0.0000000000
73254  42.439  16.668  20.892 0.0000000000
73255  41.711  16.338  20.490 0.0000000000
73895  46.511  17.054  29.343 0.0000000000
73896  46.403  16.946  29.552 0.0000000000
73902  46.569  17.266  29.012 0.0000000000
73903  46.141  17.227  29.542 0.0000000000
73904  45.812  17.106  29.672 0.0000000000
73910  47.325  17.164  27.709 0.0000000000
73911  46.747  17.586  28.321 0.0000000000
73912  46.195  17.736  28.957 0.0000000000
73913  45.589  17.371  29.158 0.0000000000
73920  47.782  16.965  26.949 0.0000000000
73921  47.030  17.772  27.369 0.0000000000
73922  44.868  17.401  28.052 0.0000000000
73923  44.386  17.169  27.569 0.0000000000
73934  49.525  16.132  25.331 0.0000000000
73935  48.644  16.800  25.812 0.0000000000
73936  47.526  17.585  26.496 0.0000000000
73937  44.779  18.038  27.256 0.0000000000
73938  44.084  17.709  26.515 0.0000000000
73960  49.596  15.936  25.043 0.0000000000
73961  49.269  16.412  24.428 0.0000000000
73979  48.701  16.692  23.166 0.0000000000
73992  48.163  16.677  22.126 0.0000000000
73993  46.752  16.519  22.008 0.0000000000
73994  45.432  16.598  21.996 0.0000000000
73995  44.743  16.613  22.037 0.0000000000
73997  48.346  16.855  21.163 0.0000000000
73998  47.313  16.636  21.278 0.0000000000
73999  45.898  16.798  21.306 0.0000000000
74000  44.526  16.896  21.500 0.0000000000
74001  43.444  16.905  21.246 0.0000000000
74002  42.904  16.821  21.095 0.0000000000
74695  46.266  18.065  28.508 0.0000000000
74696  45.907  18.155  28.594 0.0000000000
74697  45.468  17.952  28.310 0.0000000000
74707  46.416  18.489  28.021 0.0000000000
74708  45.732  18.581  27.930 0.0000000000
74709  45.209  18.166  27.677 0.0000000000
74724  47.671  17.833  25.824 0.0000000000
74725  46.967  18.829  26.857 0.0000000000
74726  46.122  19.402  27.630 0.0000000000
74727  45.271  18.808  26.799 0.0000000000
74728  44.274  18.883  25.579 0.0000000000
74747  48.289  17.587  24.845 0.0000000000
74748  47.418  18.701  25.492 0.0000000000
74762  48.454  17.477  23.638 0.0000000000
74763  47.642  18.501  24.230 0.0000000000
74772  48.266  17.497  22.552 0.0000000000
74773  47.564  18.377  23.016 0.0000000000
74776  48.179  17.781  21.551 0.0000000000
74777  47.679  18.368  22.124 0.0000000000
75455  46.505  20.174  27.071 0.0000000000
75456  45.582  20.315  27.099 0.0000000000
75457  44.672  20.135  26.103 0.0000000000
75474  46.973  19.893  26.229 0.0000000000
75475  46.757  20.289  25.506 0.0000000000
75488  47.048  19.513  24.949 0.0000000000
75489  46.519  20.233  24.447 0.0000000000
75495  46.811  19.347  23.655 0.0000000000
75496  46.197  20.221  23.262 0.0000000000
75505  47.415  18.814  21.523 0.0000000000
75506  46.631  19.558  22.205 0.0000000000
75507  46.256  20.550  22.565 0.0000000000
75524  47.588  18.912  20.777 0.0000000000
75525  46.985  19.553  21.189 0.0000000000
76179  45.577  22.243  26.676 0.0000000000
76180  45.319  22.202  26.743 0.0000000000
76195  46.547  20.530  26.669 0.0000000000
76196  46.021  21.390  26.695 0.0000000000
76197  44.850  21.563  26.645 0.0000000000
76198  43.807  21.296  25.809 0.0000000000
76216  46.578  20.625  26.229 0.0000000000
76217  46.360  21.074  25.383 0.0000000000
76235  46.243  21.016  23.990 0.0000000000
76242  46.405  21.494  22.604 0.0000000000
76243  46.248  21.072  22.891 0.0000000000
76244  43.772  21.350  21.904 0.0000000000
76261  46.339  21.098  22.202 0.0000000000
76262  46.299  20.901  22.518 0.0000000000
76279  47.091  19.836  20.742 0.0000000000
76280  46.639  20.741  21.035 0.0000000000
76281  46.145  21.327  20.478 0.0000000000
76294  47.317  20.055  20.262 0.0000000000
76295  46.632  20.898  19.927 0.0000000000
76909  45.765  22.595  26.503 0.0000000000
76910  45.266  22.821  26.797 0.0000000000
76924  46.483  22.853  24.940 0.0000000000
76925  46.232  22.218  25.765 0.0000000000
76926  44.655  22.823  26.704 0.0000000000
76927  43.890  22.578  26.240 0.0000000000
76939  46.479  22.543  23.930 0.0000000000
76940  46.432  21.899  24.591 0.0000000000
76941  43.134  22.388  25.457 0.0000000000
76957  46.499  22.379  23.281 0.0000000000
76958  46.442  21.794  23.427 0.0000000000
76959  44.643  23.116  23.478 0.0000000000
76960  44.112  22.707  23.757 0.0000000000
76961  42.975  22.468  24.057 0.0000000000
76976  46.480  22.116  22.668 0.0000000000
76977  46.436  21.615  22.857 0.0000000000
76978  44.767  22.694  22.885 0.0000000000
76979  43.949  21.744  22.741 0.0000000000
76996  46.299  22.082  21.750 0.0000000000
76997  45.878  22.336  21.506 0.0000000000
76998  45.062  22.206  21.816 0.0000000000
76999  44.201  21.487  21.585 0.0000000000
77009  46.132  21.716  21.064 0.0000000000
77010  45.482  21.668  20.811 0.0000000000
77011  44.513  21.430  20.829 0.0000000000
77669  45.362  23.451  26.539 0.0000000000
77670  44.715  23.496  26.664 0.0000000000
77671  44.405  23.773  26.481 0.0000000000
77684  46.258  23.539  24.978 0.0000000000
77685  46.074  23.375  25.879 0.0000000000
77686  44.495  23.312  26.635 0.0000000000
77687  44.167  23.504  26.419 0.0000000000
77699  46.394  23.283  24.180 0.0000000000
77700  43.889  23.739  25.222 0.0000000000
77701  43.322  23.454  25.703 0.0000000000
77702  42.825  22.932  25.301 0.0000000000
77724  46.457  22.971  23.258 0.0000000000
77725  45.292  23.709  23.666 0.0000000000
77726  44.521  23.571  24.209 0.0000000000
77727  43.510  23.238  24.729 0.0000000000
77728  42.819  23.065  25.010 0.0000000000
77745  46.240  23.045  22.478 0.0000000000
77746  45.719  23.475  22.894 0.0000000000
77747  45.075  23.375  23.193 0.0000000000
77760  46.116  22.745  21.852 0.0000000000
77761  45.807  22.963  22.049 0.0000000000
77762  45.379  23.007  22.508 0.0000000000
78438  44.977  23.872  26.585 0.0000000000
78439  44.601  23.940  26.479 0.0000000000
78440  44.226  23.888  26.347 0.0000000000
78456  45.865  23.901  25.283 0.0000000000
78457  45.220  24.116  26.024 0.0000000000
78458  44.335  24.066  26.109 0.0000000000
78459  43.933  23.842  26.129 0.0000000000
78474  46.054  23.832  24.445 0.0000000000
78475  45.456  24.051  24.878 0.0000000000
78476  44.592  24.077  25.265 0.0000000000
78477  43.924  23.909  25.777 0.0000000000
78503  46.194  23.556  23.596 0.0000000000
78504  45.738  23.825  23.812 0.0000000000
78505  45.141  23.960  24.354 0.0000000000
78519  46.264  23.357  23.054 0.0000000000
78520  46.082  23.564  23.101 0.0000000000
