#!ascii label  , from subject FREESURFER vox2ras=TkReg 
339
95025  41.699  56.142  -19.618 0.0000000000
95463  38.323  56.733  -17.933 0.0000000000
95464  37.465  56.732  -17.615 0.0000000000
95469  40.962  57.551  -18.736 0.0000000000
95470  40.226  56.938  -18.704 0.0000000000
95471  39.156  56.828  -18.338 0.0000000000
95479  43.564  57.602  -19.809 0.0000000000
95480  42.761  57.126  -19.674 0.0000000000
95481  41.389  57.041  -19.042 0.0000000000
95482  40.589  56.330  -18.985 0.0000000000
95489  43.361  57.013  -20.436 0.0000000000
95490  42.917  56.401  -20.275 0.0000000000
95500  43.491  56.861  -21.107 0.0000000000
95501  42.579  56.558  -21.427 0.0000000000
95502  41.679  56.766  -21.740 0.0000000000
95516  41.747  56.060  -22.050 0.0000000000
95517  41.006  56.418  -22.755 0.0000000000
95529  40.475  56.516  -24.179 0.0000000000
95902  36.586  57.998  -16.816 0.0000000000
95903  35.972  57.641  -16.492 0.0000000000
95906  38.868  57.595  -18.062 0.0000000000
95907  38.100  57.694  -17.711 0.0000000000
95908  36.981  57.745  -17.209 0.0000000000
95909  36.358  57.129  -17.050 0.0000000000
95912  41.450  57.985  -18.663 0.0000000000
95913  40.727  58.073  -18.539 0.0000000000
95914  39.750  58.025  -18.321 0.0000000000
95916  33.031  57.096  -18.886 0.0000000000
95917  32.202  57.194  -18.863 0.0000000000
95918  31.441  57.214  -19.037 0.0000000000
95919  30.750  57.273  -19.339 0.0000000000
95920  30.225  57.049  -19.726 0.0000000000
95923  43.877  57.905  -20.020 0.0000000000
95924  43.404  58.150  -19.588 0.0000000000
95925  42.372  58.281  -18.988 0.0000000000
95928  30.336  57.663  -19.653 0.0000000000
95929  29.885  57.417  -20.275 0.0000000000
95932  43.594  57.846  -20.608 0.0000000000
95933  43.072  58.040  -20.828 0.0000000000
95934  42.296  58.018  -20.868 0.0000000000
95937  29.646  57.444  -21.328 0.0000000000
95945  43.110  57.437  -21.047 0.0000000000
95946  42.328  57.414  -21.172 0.0000000000
95947  41.187  57.491  -21.650 0.0000000000
95948  40.373  57.939  -22.234 0.0000000000
95962  40.439  57.451  -23.314 0.0000000000
95963  40.053  58.402  -23.215 0.0000000000
95975  40.308  57.653  -24.863 0.0000000000
95976  40.324  58.235  -24.214 0.0000000000
95982  39.745  57.741  -25.885 0.0000000000
95983  39.037  57.512  -25.976 0.0000000000
95984  38.617  57.959  -25.534 0.0000000000
95989  39.669  58.344  -26.323 0.0000000000
95990  39.346  58.192  -26.384 0.0000000000
95991  38.873  58.177  -26.258 0.0000000000
96364  36.546  59.009  -16.095 0.0000000000
96369  37.635  59.054  -17.057 0.0000000000
96370  36.888  58.673  -16.714 0.0000000000
96371  36.259  58.436  -16.241 0.0000000000
96373  39.711  59.165  -18.106 0.0000000000
96374  39.115  58.680  -17.826 0.0000000000
96375  37.997  58.723  -17.423 0.0000000000
96376  37.332  58.557  -17.142 0.0000000000
96378  41.291  58.630  -18.865 0.0000000000
96379  40.257  58.942  -18.531 0.0000000000
96380  39.765  58.775  -18.157 0.0000000000
96381  33.612  57.821  -18.976 0.0000000000
96382  32.721  58.118  -18.960 0.0000000000
96383  31.851  58.044  -19.032 0.0000000000
96384  31.194  58.018  -19.188 0.0000000000
96385  30.685  58.198  -19.399 0.0000000000
96388  43.586  58.435  -20.153 0.0000000000
96389  42.854  58.820  -19.812 0.0000000000
96390  41.714  58.943  -19.565 0.0000000000
96391  40.630  59.104  -19.369 0.0000000000
96393  34.140  58.590  -19.371 0.0000000000
96394  33.356  58.644  -19.178 0.0000000000
96395  30.128  58.372  -19.787 0.0000000000
96396  29.625  58.366  -20.544 0.0000000000
96399  43.422  58.297  -20.507 0.0000000000
96400  42.953  58.443  -20.467 0.0000000000
96401  41.597  58.427  -20.623 0.0000000000
96402  40.550  58.946  -20.379 0.0000000000
96404  35.239  58.745  -20.398 0.0000000000
96405  34.651  58.919  -19.892 0.0000000000
96406  29.460  58.398  -21.542 0.0000000000
96414  40.704  58.085  -21.460 0.0000000000
96415  39.973  58.650  -21.786 0.0000000000
96417  36.236  58.775  -21.518 0.0000000000
96418  35.583  58.980  -21.126 0.0000000000
96419  29.387  58.521  -22.423 0.0000000000
96431  39.786  59.342  -23.287 0.0000000000
96432  37.322  58.828  -22.796 0.0000000000
96433  36.729  59.106  -22.171 0.0000000000
96442  40.450  58.578  -24.974 0.0000000000
96443  40.250  59.190  -24.404 0.0000000000
96444  38.280  58.747  -25.017 0.0000000000
96445  37.792  58.859  -23.981 0.0000000000
96449  40.297  58.626  -25.693 0.0000000000
96450  40.502  59.189  -25.316 0.0000000000
96451  38.692  58.808  -25.851 0.0000000000
96457  39.999  58.672  -26.231 0.0000000000
96458  39.607  58.793  -26.361 0.0000000000
96459  39.113  58.837  -26.356 0.0000000000
96845  38.426  59.894  -16.999 0.0000000000
96846  37.943  59.628  -16.646 0.0000000000
96847  37.346  59.642  -16.136 0.0000000000
96849  39.397  59.533  -17.916 0.0000000000
96850  38.776  59.697  -17.508 0.0000000000
96851  38.181  59.453  -17.127 0.0000000000
96854  39.574  59.564  -18.474 0.0000000000
96855  38.975  60.043  -18.350 0.0000000000
96856  32.812  59.018  -19.181 0.0000000000
96857  32.124  58.903  -19.082 0.0000000000
96858  31.396  58.748  -19.163 0.0000000000
96859  30.984  58.564  -19.242 0.0000000000
96863  39.729  59.507  -19.226 0.0000000000
96864  38.977  60.069  -19.203 0.0000000000
96865  34.177  59.377  -19.844 0.0000000000
96866  33.389  59.568  -19.666 0.0000000000
96867  32.411  59.735  -19.373 0.0000000000
96868  31.563  59.639  -19.228 0.0000000000
96869  30.664  59.232  -19.372 0.0000000000
96870  29.742  59.333  -19.912 0.0000000000
96874  39.657  59.367  -20.204 0.0000000000
96875  38.928  59.923  -20.129 0.0000000000
96876  35.198  59.721  -21.017 0.0000000000
96877  34.609  59.668  -20.375 0.0000000000
96878  33.980  59.936  -20.157 0.0000000000
96879  29.346  59.310  -20.794 0.0000000000
96888  39.478  59.386  -21.322 0.0000000000
96889  38.976  59.934  -21.114 0.0000000000
96890  36.415  59.838  -21.998 0.0000000000
96891  35.826  59.749  -21.506 0.0000000000
96892  29.248  59.345  -21.728 0.0000000000
96903  39.484  60.182  -22.694 0.0000000000
96904  39.224  60.104  -21.798 0.0000000000
96905  37.560  60.146  -23.700 0.0000000000
96906  36.959  59.991  -22.694 0.0000000000
96907  29.157  59.451  -22.502 0.0000000000
96912  40.064  60.331  -24.071 0.0000000000
96913  38.450  59.443  -25.472 0.0000000000
96914  38.144  59.821  -24.814 0.0000000000
96918  40.415  59.327  -25.786 0.0000000000
96919  40.496  60.071  -25.292 0.0000000000
96920  38.787  59.864  -26.022 0.0000000000
96921  38.428  59.926  -25.479 0.0000000000
96925  40.277  59.060  -26.055 0.0000000000
96926  40.074  59.568  -26.149 0.0000000000
96927  39.419  59.449  -26.302 0.0000000000
97315  38.338  60.244  -16.737 0.0000000000
97316  38.116  60.387  -16.112 0.0000000000
97317  37.870  59.913  -15.519 0.0000000000
97320  38.409  60.355  -17.316 0.0000000000
97321  38.047  60.829  -17.006 0.0000000000
97324  38.433  60.451  -18.091 0.0000000000
97325  37.901  60.867  -17.908 0.0000000000
97328  38.176  60.768  -19.228 0.0000000000
97329  37.912  60.800  -18.539 0.0000000000
97330  33.671  60.729  -20.130 0.0000000000
97331  32.766  60.634  -19.757 0.0000000000
97332  31.886  60.616  -19.436 0.0000000000
97333  31.007  60.490  -19.403 0.0000000000
97334  30.155  60.382  -19.697 0.0000000000
97337  38.510  60.771  -20.215 0.0000000000
97338  35.733  60.796  -21.309 0.0000000000
97339  34.912  60.598  -20.740 0.0000000000
97340  34.304  60.447  -20.370 0.0000000000
97341  29.458  60.325  -20.335 0.0000000000
97350  38.694  60.627  -20.999 0.0000000000
97351  36.779  60.942  -22.329 0.0000000000
97352  36.240  60.515  -21.742 0.0000000000
97353  29.174  60.128  -21.119 0.0000000000
97363  39.380  61.267  -23.028 0.0000000000
97364  39.032  60.880  -22.031 0.0000000000
97365  37.812  61.230  -23.728 0.0000000000
97366  37.365  61.015  -23.069 0.0000000000
97367  29.156  60.341  -21.944 0.0000000000
97374  39.768  61.248  -23.702 0.0000000000
97375  38.808  61.537  -24.803 0.0000000000
97376  38.314  61.060  -24.553 0.0000000000
97384  40.061  61.341  -24.829 0.0000000000
97385  39.119  61.143  -25.394 0.0000000000
97386  38.515  60.427  -25.332 0.0000000000
97391  39.987  60.652  -25.759 0.0000000000
97392  39.500  60.219  -26.093 0.0000000000
97762  38.045  61.153  -15.517 0.0000000000
97763  37.085  61.673  -15.857 0.0000000000
97764  36.186  62.120  -16.049 0.0000000000
97767  37.541  61.231  -16.504 0.0000000000
97768  36.416  61.921  -16.879 0.0000000000
97769  35.812  62.289  -16.607 0.0000000000
97772  37.084  61.588  -17.742 0.0000000000
97773  36.485  62.102  -17.486 0.0000000000
97777  38.098  61.820  -19.732 0.0000000000
97778  37.588  61.529  -18.940 0.0000000000
97779  33.896  61.639  -20.155 0.0000000000
97780  33.222  61.618  -19.884 0.0000000000
97781  32.303  61.605  -19.586 0.0000000000
97782  31.401  61.557  -19.516 0.0000000000
97783  30.602  61.425  -19.702 0.0000000000
97787  38.343  61.675  -20.266 0.0000000000
97788  37.141  62.430  -21.522 0.0000000000
97789  36.462  62.027  -21.355 0.0000000000
97790  35.389  61.665  -20.831 0.0000000000
97791  34.458  61.353  -20.404 0.0000000000
97792  29.893  61.370  -20.144 0.0000000000
97801  38.589  61.712  -21.351 0.0000000000
97802  38.189  62.154  -22.048 0.0000000000
97803  37.317  61.998  -22.008 0.0000000000
97804  36.480  61.282  -21.753 0.0000000000
97805  29.323  61.284  -21.062 0.0000000000
97815  39.423  61.632  -23.493 0.0000000000
97816  38.950  61.832  -22.952 0.0000000000
97817  37.960  61.876  -23.164 0.0000000000
97818  37.325  61.556  -22.687 0.0000000000
97828  39.496  61.843  -24.015 0.0000000000
97829  38.784  61.775  -24.181 0.0000000000
97830  38.225  61.568  -23.936 0.0000000000
97837  39.318  61.753  -24.741 0.0000000000
97838  39.008  61.726  -24.868 0.0000000000
98191  35.407  62.519  -16.154 0.0000000000
98192  34.444  62.817  -16.190 0.0000000000
98197  36.150  62.332  -17.357 0.0000000000
98198  35.367  62.667  -17.132 0.0000000000
98199  34.103  63.179  -16.765 0.0000000000
98204  37.344  62.721  -18.770 0.0000000000
98205  36.375  62.740  -17.860 0.0000000000
98206  35.694  63.072  -17.670 0.0000000000
98210  38.280  62.236  -20.170 0.0000000000
98211  38.083  62.773  -19.835 0.0000000000
98212  34.521  62.913  -20.206 0.0000000000
98213  33.940  62.539  -20.039 0.0000000000
98214  32.851  62.605  -19.632 0.0000000000
98215  31.845  62.631  -19.414 0.0000000000
98216  30.911  62.610  -19.582 0.0000000000
98217  30.352  62.166  -19.985 0.0000000000
98220  38.362  62.433  -20.670 0.0000000000
98221  38.066  63.123  -20.752 0.0000000000
98222  37.271  62.961  -21.077 0.0000000000
98223  36.095  62.747  -20.717 0.0000000000
98224  34.859  62.483  -20.401 0.0000000000
98225  34.269  61.994  -20.263 0.0000000000
98226  30.448  62.930  -20.013 0.0000000000
98227  29.959  62.549  -20.504 0.0000000000
98238  38.296  62.523  -21.312 0.0000000000
98239  37.848  62.658  -21.517 0.0000000000
98240  37.451  62.536  -21.530 0.0000000000
98632  35.342  63.246  -17.603 0.0000000000
98633  34.666  63.656  -17.472 0.0000000000
98638  37.709  63.814  -19.418 0.0000000000
98639  36.987  63.777  -18.600 0.0000000000
98640  35.740  63.750  -18.021 0.0000000000
98641  35.080  64.139  -17.864 0.0000000000
98645  38.000  63.921  -20.062 0.0000000000
98646  35.039  64.035  -20.248 0.0000000000
98647  34.510  63.579  -20.116 0.0000000000
98648  33.468  63.607  -19.760 0.0000000000
98649  32.376  63.724  -19.543 0.0000000000
98650  31.408  63.763  -19.519 0.0000000000
98651  30.741  63.847  -19.858 0.0000000000
98658  37.729  63.971  -20.436 0.0000000000
98659  36.890  63.864  -20.660 0.0000000000
98660  35.515  63.637  -20.423 0.0000000000
98661  34.836  63.131  -20.282 0.0000000000
99093  34.670  64.425  -17.729 0.0000000000
99105  38.173  64.652  -19.684 0.0000000000
99106  37.715  64.776  -19.067 0.0000000000
99107  36.564  64.807  -18.585 0.0000000000
99108  35.307  64.839  -18.120 0.0000000000
99121  38.361  64.875  -20.164 0.0000000000
99122  34.772  64.408  -20.136 0.0000000000
99123  34.094  64.556  -19.881 0.0000000000
99124  33.046  64.764  -19.618 0.0000000000
99136  37.872  65.052  -20.617 0.0000000000
99137  36.513  64.782  -20.496 0.0000000000
99138  35.424  64.622  -20.322 0.0000000000
99510  34.426  65.063  -17.768 0.0000000000
99523  38.482  65.709  -19.557 0.0000000000
99524  37.453  65.864  -18.810 0.0000000000
99525  36.065  65.907  -18.439 0.0000000000
99526  34.687  65.963  -18.084 0.0000000000
99541  38.756  65.872  -20.393 0.0000000000
99542  34.865  65.364  -20.173 0.0000000000
99543  33.866  65.706  -19.864 0.0000000000
99544  32.733  65.996  -19.591 0.0000000000
99555  38.274  66.120  -20.781 0.0000000000
99556  37.151  65.938  -20.516 0.0000000000
99557  35.892  65.625  -20.395 0.0000000000
99911  38.026  66.894  -19.183 0.0000000000
99912  36.804  67.018  -18.584 0.0000000000
99913  35.366  66.998  -18.284 0.0000000000
99926  38.718  67.030  -19.931 0.0000000000
99927  37.923  67.674  -20.000 0.0000000000
99928  35.341  66.120  -20.401 0.0000000000
99929  34.708  66.568  -20.388 0.0000000000
99930  33.655  66.907  -20.055 0.0000000000
99939  38.715  66.615  -20.620 0.0000000000
99940  37.626  67.073  -20.352 0.0000000000
99941  35.908  66.930  -20.551 0.0000000000
99942  35.003  67.369  -20.733 0.0000000000
100275  38.137  67.426  -19.484 0.0000000000
100276  37.234  68.080  -19.061 0.0000000000
100277  35.769  68.148  -18.377 0.0000000000
100293  37.981  67.644  -19.653 0.0000000000
100294  37.169  68.166  -19.690 0.0000000000
100295  34.420  67.521  -20.572 0.0000000000
100296  33.712  68.247  -20.361 0.0000000000
100303  36.927  68.138  -20.076 0.0000000000
100304  36.238  68.193  -20.456 0.0000000000
100305  35.064  68.294  -20.847 0.0000000000
100306  34.548  68.883  -20.696 0.0000000000
100623  36.519  69.220  -19.453 0.0000000000
100624  35.889  69.396  -18.679 0.0000000000
100625  34.460  69.060  -18.092 0.0000000000
100640  36.550  69.083  -20.033 0.0000000000
100641  33.491  69.197  -19.602 0.0000000000
100647  36.267  69.100  -20.497 0.0000000000
100648  35.749  69.246  -20.810 0.0000000000
100649  35.007  69.474  -20.833 0.0000000000
100650  34.291  69.372  -20.319 0.0000000000
100921  36.315  69.927  -19.896 0.0000000000
100922  35.850  70.354  -19.344 0.0000000000
100923  34.759  70.352  -18.736 0.0000000000
100924  33.692  69.527  -18.441 0.0000000000
100936  36.184  69.825  -20.401 0.0000000000
100937  35.998  70.467  -20.094 0.0000000000
100938  34.580  70.430  -19.392 0.0000000000
100939  33.695  69.900  -18.973 0.0000000000
100944  36.013  69.670  -20.724 0.0000000000
100945  35.650  70.148  -20.578 0.0000000000
100946  34.809  70.281  -20.212 0.0000000000
100947  34.161  69.910  -19.697 0.0000000000
101186  35.213  70.735  -19.330 0.0000000000
101187  34.910  70.716  -19.253 0.0000000000
101198  35.527  70.683  -19.792 0.0000000000
101199  35.053  70.725  -19.677 0.0000000000
101204  35.654  70.533  -20.161 0.0000000000
101205  35.352  70.588  -20.121 0.0000000000
