#!ascii label  , from subject FREESURFER vox2ras=TkReg 
397
84873  31.728  36.582  -2.331 0.0000000000
84874  31.178  36.649  -2.830 0.0000000000
84879  30.748  36.586  -3.527 0.0000000000
84881  30.537  36.452  -4.398 0.0000000000
84884  30.554  36.636  -5.861 0.0000000000
84887  30.329  36.470  -6.507 0.0000000000
85315  32.907  37.410  -1.780 0.0000000000
85316  32.157  37.387  -2.179 0.0000000000
85323  31.548  37.498  -2.591 0.0000000000
85324  30.959  37.780  -3.270 0.0000000000
85330  30.539  37.616  -4.256 0.0000000000
85331  30.532  38.103  -4.625 0.0000000000
85335  30.510  37.096  -5.074 0.0000000000
85336  30.533  37.887  -5.080 0.0000000000
85338  30.551  36.870  -5.549 0.0000000000
85339  30.478  37.402  -5.974 0.0000000000
85341  29.914  37.349  -6.819 0.0000000000
85779  32.471  38.374  -2.191 0.0000000000
85780  31.924  37.958  -2.404 0.0000000000
85789  32.125  38.988  -2.489 0.0000000000
85790  31.600  38.540  -2.718 0.0000000000
85791  31.047  38.772  -3.322 0.0000000000
85796  30.590  38.667  -4.007 0.0000000000
85797  30.536  38.260  -4.404 0.0000000000
85803  30.530  39.031  -4.482 0.0000000000
85804  30.515  38.617  -4.824 0.0000000000
85809  30.330  38.421  -5.740 0.0000000000
85812  29.800  38.238  -6.723 0.0000000000
85813  29.551  37.783  -7.113 0.0000000000
85816  29.555  38.586  -7.289 0.0000000000
85817  29.366  38.164  -7.672 0.0000000000
86303  32.657  39.446  -2.347 0.0000000000
86304  31.841  39.558  -2.781 0.0000000000
86305  31.335  39.267  -3.106 0.0000000000
86310  31.426  39.846  -3.217 0.0000000000
86311  31.004  39.551  -3.638 0.0000000000
86314  30.649  39.542  -4.344 0.0000000000
86315  30.500  39.243  -4.816 0.0000000000
86320  30.464  39.714  -4.970 0.0000000000
86321  30.299  39.235  -5.467 0.0000000000
86326  29.987  39.021  -6.248 0.0000000000
86328  29.689  39.045  -7.109 0.0000000000
86329  29.523  38.800  -7.685 0.0000000000
86331  29.629  39.220  -7.875 0.0000000000
86332  29.504  38.862  -8.452 0.0000000000
86815  32.336  40.508  -2.841 0.0000000000
86816  31.711  40.162  -3.068 0.0000000000
86823  32.070  41.061  -3.295 0.0000000000
86824  31.481  40.584  -3.652 0.0000000000
86825  30.936  40.046  -4.034 0.0000000000
86829  31.284  40.954  -4.263 0.0000000000
86830  30.812  40.397  -4.576 0.0000000000
86833  30.248  40.000  -5.704 0.0000000000
86834  30.129  39.483  -5.998 0.0000000000
86839  30.000  39.993  -6.815 0.0000000000
86840  29.978  39.557  -6.561 0.0000000000
86845  29.864  39.969  -7.717 0.0000000000
86846  29.816  39.604  -7.460 0.0000000000
86848  29.813  39.971  -8.205 0.0000000000
86849  29.752  39.613  -8.594 0.0000000000
86850  29.664  39.159  -9.072 0.0000000000
86853  29.512  39.964  -9.721 0.0000000000
86861  40.720  40.493  -12.179 0.0000000000
86862  40.023  40.594  -12.102 0.0000000000
86863  39.562  40.753  -12.163 0.0000000000
86867  41.758  40.282  -12.988 0.0000000000
86868  40.960  40.220  -12.814 0.0000000000
86869  40.258  40.356  -12.679 0.0000000000
86870  39.721  40.601  -12.625 0.0000000000
86879  41.278  40.525  -13.546 0.0000000000
86880  40.348  40.436  -13.215 0.0000000000
86881  39.901  40.417  -12.989 0.0000000000
86891  41.857  40.552  -13.785 0.0000000000
87357  32.024  41.372  -3.642 0.0000000000
87363  31.792  41.561  -4.231 0.0000000000
87364  31.204  41.128  -4.605 0.0000000000
87369  31.614  41.662  -4.766 0.0000000000
87370  30.740  40.802  -5.171 0.0000000000
87374  31.496  41.542  -6.260 0.0000000000
87375  30.256  40.308  -6.229 0.0000000000
87380  31.513  41.595  -7.210 0.0000000000
87381  30.037  40.162  -7.193 0.0000000000
87386  33.341  42.054  -8.895 0.0000000000
87387  32.904  41.981  -8.776 0.0000000000
87388  31.874  41.733  -8.308 0.0000000000
87389  29.911  40.098  -7.931 0.0000000000
87390  29.820  39.939  -8.460 0.0000000000
87394  35.290  42.128  -9.864 0.0000000000
87395  34.820  42.109  -9.751 0.0000000000
87396  33.708  42.060  -9.345 0.0000000000
87397  32.683  41.935  -9.353 0.0000000000
87398  31.677  41.761  -9.289 0.0000000000
87399  30.795  41.549  -9.387 0.0000000000
87400  29.795  39.841  -8.972 0.0000000000
87403  39.265  41.669  -11.070 0.0000000000
87404  38.831  41.586  -11.054 0.0000000000
87405  37.921  41.473  -11.115 0.0000000000
87406  37.119  41.290  -11.270 0.0000000000
87407  36.578  41.234  -11.535 0.0000000000
87408  34.623  42.111  -10.292 0.0000000000
87409  33.578  42.149  -10.238 0.0000000000
87410  32.496  42.129  -10.042 0.0000000000
87411  31.535  42.098  -9.985 0.0000000000
87412  30.603  41.952  -10.003 0.0000000000
87413  29.690  41.692  -10.179 0.0000000000
87414  29.073  41.550  -10.871 0.0000000000
87419  41.083  40.931  -11.836 0.0000000000
87420  40.521  41.073  -11.691 0.0000000000
87421  39.520  41.310  -11.520 0.0000000000
87422  38.465  41.327  -11.737 0.0000000000
87423  37.462  41.286  -11.818 0.0000000000
87424  36.526  41.223  -12.068 0.0000000000
87425  35.772  41.485  -12.085 0.0000000000
87426  34.873  42.230  -12.024 0.0000000000
87427  34.034  42.818  -11.811 0.0000000000
87437  41.481  40.690  -12.244 0.0000000000
87438  39.091  41.023  -12.398 0.0000000000
87439  38.111  41.500  -12.442 0.0000000000
87440  37.032  41.506  -12.272 0.0000000000
87441  36.601  41.489  -12.264 0.0000000000
87452  41.187  41.325  -13.955 0.0000000000
87453  40.452  41.098  -13.652 0.0000000000
87454  39.505  40.924  -13.184 0.0000000000
87455  38.822  41.272  -12.828 0.0000000000
87465  41.769  40.898  -14.068 0.0000000000
87985  32.233  42.134  -4.712 0.0000000000
87995  32.473  42.282  -5.023 0.0000000000
88004  33.434  42.472  -5.428 0.0000000000
88005  32.075  41.956  -6.865 0.0000000000
88014  34.619  42.650  -6.012 0.0000000000
88015  32.765  42.195  -7.506 0.0000000000
88016  32.091  41.922  -7.687 0.0000000000
88023  37.654  42.807  -8.821 0.0000000000
88024  37.371  42.756  -8.612 0.0000000000
88025  36.642  42.840  -7.780 0.0000000000
88026  34.643  42.490  -8.402 0.0000000000
88027  33.510  42.187  -8.505 0.0000000000
88028  32.499  41.999  -8.151 0.0000000000
88029  32.103  41.905  -8.059 0.0000000000
88035  39.149  42.721  -10.165 0.0000000000
88036  38.758  42.658  -9.953 0.0000000000
88037  37.894  42.618  -9.372 0.0000000000
88038  37.277  42.333  -9.412 0.0000000000
88039  35.439  42.286  -9.464 0.0000000000
88040  34.297  42.186  -9.100 0.0000000000
88041  33.809  42.120  -9.005 0.0000000000
88046  41.144  42.548  -11.190 0.0000000000
88047  40.643  42.486  -11.033 0.0000000000
88048  39.477  42.278  -10.687 0.0000000000
88049  38.372  42.059  -10.445 0.0000000000
88050  37.563  41.802  -10.387 0.0000000000
88051  37.106  41.530  -10.669 0.0000000000
88052  35.762  42.173  -9.944 0.0000000000
88053  33.350  43.179  -11.610 0.0000000000
88054  32.572  43.574  -11.409 0.0000000000
88055  31.418  43.693  -11.155 0.0000000000
88056  30.438  43.413  -11.075 0.0000000000
88057  29.558  42.792  -11.047 0.0000000000
88058  29.035  42.410  -11.119 0.0000000000
88066  41.527  41.943  -11.571 0.0000000000
88067  40.234  41.773  -11.258 0.0000000000
88068  39.744  41.749  -11.123 0.0000000000
88069  35.956  41.576  -12.290 0.0000000000
88070  35.370  42.149  -12.263 0.0000000000
88071  34.479  42.791  -11.988 0.0000000000
88072  33.512  43.350  -11.723 0.0000000000
88073  32.749  43.808  -11.525 0.0000000000
88085  41.968  41.151  -12.113 0.0000000000
88086  38.048  41.977  -12.735 0.0000000000
88087  37.441  42.047  -12.641 0.0000000000
88088  36.389  42.028  -12.483 0.0000000000
88089  35.583  42.759  -12.509 0.0000000000
88099  41.209  41.754  -14.099 0.0000000000
88100  40.818  42.009  -13.965 0.0000000000
88101  39.829  42.003  -13.601 0.0000000000
88102  38.691  41.994  -13.119 0.0000000000
88110  41.621  41.967  -14.361 0.0000000000
88111  41.088  42.848  -14.155 0.0000000000
88658  38.887  43.667  -8.119 0.0000000000
88659  38.309  43.461  -7.861 0.0000000000
88674  39.587  43.974  -9.166 0.0000000000
88675  38.925  43.627  -8.927 0.0000000000
88676  38.383  43.356  -8.598 0.0000000000
88677  37.781  43.047  -8.446 0.0000000000
88678  37.176  42.972  -7.809 0.0000000000
88687  40.863  43.867  -10.087 0.0000000000
88688  39.993  43.661  -9.913 0.0000000000
88689  39.269  43.130  -9.781 0.0000000000
88690  38.512  43.104  -9.283 0.0000000000
88691  38.104  43.030  -8.927 0.0000000000
88700  41.299  43.050  -10.807 0.0000000000
88701  40.334  43.082  -10.454 0.0000000000
88702  39.777  43.023  -10.185 0.0000000000
88703  31.846  44.063  -11.324 0.0000000000
88704  30.821  43.801  -11.170 0.0000000000
88705  29.996  43.466  -11.144 0.0000000000
88706  29.319  43.169  -11.231 0.0000000000
88707  28.941  42.860  -11.274 0.0000000000
88717  41.916  42.832  -11.097 0.0000000000
88718  34.964  42.962  -12.260 0.0000000000
88719  34.247  43.699  -12.099 0.0000000000
88720  33.296  44.005  -11.744 0.0000000000
88721  32.595  44.255  -11.547 0.0000000000
88722  29.300  43.629  -11.380 0.0000000000
88723  28.788  43.389  -11.511 0.0000000000
88734  37.973  42.487  -12.828 0.0000000000
88735  37.285  43.151  -12.917 0.0000000000
88736  36.170  43.317  -12.750 0.0000000000
88737  35.232  43.661  -12.455 0.0000000000
88738  34.692  44.117  -12.345 0.0000000000
88746  40.354  43.186  -13.906 0.0000000000
88747  39.349  43.168  -13.462 0.0000000000
88748  38.348  43.325  -13.088 0.0000000000
88749  37.836  43.791  -13.050 0.0000000000
88758  41.587  43.333  -14.473 0.0000000000
88759  41.003  43.641  -14.190 0.0000000000
89268  41.005  44.637  -8.407 0.0000000000
89269  39.986  44.382  -8.386 0.0000000000
89270  39.361  43.943  -8.406 0.0000000000
89280  41.469  44.371  -9.324 0.0000000000
89281  40.426  44.396  -9.301 0.0000000000
89292  41.811  43.842  -10.081 0.0000000000
89293  31.535  44.485  -11.420 0.0000000000
89294  31.008  44.318  -11.306 0.0000000000
89295  30.217  44.038  -11.279 0.0000000000
89296  29.655  43.702  -11.303 0.0000000000
89306  33.654  44.353  -12.033 0.0000000000
89307  33.019  44.719  -11.818 0.0000000000
89308  32.066  44.785  -11.598 0.0000000000
89309  31.215  44.871  -11.559 0.0000000000
89310  30.395  44.719  -11.491 0.0000000000
89311  29.439  44.303  -11.512 0.0000000000
89312  28.432  44.431  -12.062 0.0000000000
89320  36.770  44.169  -12.920 0.0000000000
89321  35.919  44.358  -12.723 0.0000000000
89322  35.062  44.555  -12.562 0.0000000000
89323  34.206  44.614  -12.365 0.0000000000
89324  33.533  44.851  -12.171 0.0000000000
89325  28.232  44.939  -12.572 0.0000000000
89332  39.853  44.250  -13.694 0.0000000000
89333  39.003  44.289  -13.359 0.0000000000
89334  38.170  44.383  -13.193 0.0000000000
89335  37.478  44.257  -13.071 0.0000000000
89344  41.358  44.363  -14.401 0.0000000000
89345  40.610  44.335  -14.084 0.0000000000
89363  30.915  44.839  -16.816 0.0000000000
89830  33.216  45.170  -12.096 0.0000000000
89831  32.652  45.596  -12.061 0.0000000000
89832  31.591  45.553  -11.821 0.0000000000
89833  30.696  45.465  -11.766 0.0000000000
89834  29.808  45.310  -11.789 0.0000000000
89835  29.082  45.084  -11.873 0.0000000000
89840  37.115  44.723  -13.103 0.0000000000
89841  36.565  45.173  -13.119 0.0000000000
89842  35.593  45.237  -12.896 0.0000000000
89843  34.697  45.382  -12.715 0.0000000000
89844  33.655  45.537  -12.430 0.0000000000
89845  33.114  46.054  -12.408 0.0000000000
89846  29.330  45.580  -12.137 0.0000000000
89847  28.739  45.422  -12.504 0.0000000000
89848  28.200  45.221  -12.958 0.0000000000
89853  40.197  45.201  -13.941 0.0000000000
89854  39.477  45.210  -13.636 0.0000000000
89855  38.635  45.272  -13.443 0.0000000000
89856  37.585  45.241  -13.306 0.0000000000
89857  37.000  45.675  -13.407 0.0000000000
89858  28.605  45.684  -13.268 0.0000000000
89866  40.939  45.250  -14.316 0.0000000000
89867  29.471  46.066  -14.541 0.0000000000
89868  28.887  45.880  -14.239 0.0000000000
89876  31.264  45.925  -15.941 0.0000000000
89877  30.850  45.883  -15.727 0.0000000000
89878  29.788  45.882  -15.142 0.0000000000
89886  32.148  45.734  -16.682 0.0000000000
89887  31.535  45.673  -16.406 0.0000000000
89888  30.418  45.361  -16.147 0.0000000000
89897  32.548  45.486  -17.143 0.0000000000
89898  31.729  44.916  -17.037 0.0000000000
90395  31.889  46.222  -12.217 0.0000000000
90396  31.034  46.182  -12.178 0.0000000000
90397  30.162  45.971  -12.129 0.0000000000
90398  29.679  45.775  -12.132 0.0000000000
90402  35.955  45.770  -13.250 0.0000000000
90403  35.311  46.144  -13.170 0.0000000000
90404  34.386  46.234  -12.868 0.0000000000
90405  33.537  46.450  -12.705 0.0000000000
90406  32.634  46.525  -12.610 0.0000000000
90407  31.556  46.736  -12.995 0.0000000000
90408  30.434  46.425  -12.818 0.0000000000
90409  29.492  46.033  -12.642 0.0000000000
90410  28.962  45.864  -12.928 0.0000000000
90415  39.812  45.855  -13.907 0.0000000000
90416  39.202  46.215  -13.794 0.0000000000
90417  38.240  46.107  -13.681 0.0000000000
90418  37.353  46.161  -13.628 0.0000000000
90419  36.488  46.123  -13.472 0.0000000000
90420  35.876  46.239  -13.367 0.0000000000
90421  31.400  46.983  -13.631 0.0000000000
90422  30.704  46.810  -13.739 0.0000000000
90423  29.789  46.407  -13.429 0.0000000000
90424  29.137  46.101  -13.376 0.0000000000
90431  40.379  46.164  -14.256 0.0000000000
90432  39.754  46.356  -14.036 0.0000000000
90433  31.195  46.700  -14.992 0.0000000000
90434  30.573  46.628  -14.554 0.0000000000
90435  29.791  46.381  -14.288 0.0000000000
90436  29.350  46.283  -13.828 0.0000000000
90444  32.100  46.474  -15.954 0.0000000000
90445  31.396  46.237  -15.716 0.0000000000
90446  30.639  46.321  -15.160 0.0000000000
90447  30.181  46.326  -14.774 0.0000000000
90455  33.052  46.377  -16.753 0.0000000000
90456  32.340  46.066  -16.535 0.0000000000
90457  31.829  46.136  -16.172 0.0000000000
90464  33.364  45.972  -17.170 0.0000000000
90465  32.833  45.972  -16.882 0.0000000000
91014  35.340  46.618  -13.321 0.0000000000
91015  34.969  46.729  -13.265 0.0000000000
91016  34.178  46.950  -13.148 0.0000000000
91017  33.299  47.043  -13.148 0.0000000000
91018  32.494  47.028  -13.250 0.0000000000
91025  39.194  46.726  -13.973 0.0000000000
91026  38.776  46.797  -13.929 0.0000000000
91027  37.891  46.885  -13.904 0.0000000000
91028  36.934  46.920  -13.795 0.0000000000
91029  35.785  46.895  -13.516 0.0000000000
91030  34.895  47.279  -13.671 0.0000000000
91031  34.011  47.335  -13.778 0.0000000000
91032  33.070  47.280  -13.848 0.0000000000
91033  32.043  47.180  -13.841 0.0000000000
91034  31.379  47.082  -14.040 0.0000000000
91043  40.937  47.124  -14.910 0.0000000000
91044  39.590  47.075  -14.289 0.0000000000
91045  38.524  47.556  -14.223 0.0000000000
91046  37.533  47.594  -14.235 0.0000000000
91047  36.557  47.535  -14.203 0.0000000000
91048  35.639  47.566  -14.228 0.0000000000
91049  34.849  47.623  -14.495 0.0000000000
91050  33.885  47.460  -14.614 0.0000000000
91051  32.839  47.234  -14.662 0.0000000000
91052  31.839  46.988  -14.677 0.0000000000
91053  31.109  46.898  -14.391 0.0000000000
91064  35.574  47.671  -15.848 0.0000000000
91065  34.969  47.660  -15.480 0.0000000000
91066  33.711  47.330  -15.535 0.0000000000
91067  32.629  46.918  -15.555 0.0000000000
91068  31.818  46.684  -15.373 0.0000000000
91078  36.387  47.698  -16.735 0.0000000000
91079  35.829  47.601  -16.394 0.0000000000
91080  34.630  47.312  -16.411 0.0000000000
91081  33.519  46.904  -16.413 0.0000000000
91082  32.698  46.606  -16.275 0.0000000000
91088  37.244  47.770  -17.571 0.0000000000
91089  36.663  47.650  -17.283 0.0000000000
91090  35.488  47.158  -17.378 0.0000000000
91091  34.425  46.769  -17.097 0.0000000000
91092  33.715  46.447  -17.016 0.0000000000
91102  38.218  47.918  -18.521 0.0000000000
91103  37.553  47.704  -18.104 0.0000000000
91104  36.443  47.104  -18.299 0.0000000000
91643  40.220  48.017  -15.232 0.0000000000
91644  39.182  48.235  -14.793 0.0000000000
91645  38.128  48.254  -14.743 0.0000000000
91646  37.191  47.983  -14.834 0.0000000000
91647  36.286  47.794  -14.879 0.0000000000
91648  35.526  47.741  -14.904 0.0000000000
91649  35.162  47.742  -15.026 0.0000000000
91657  40.725  48.666  -16.371 0.0000000000
91658  39.698  48.773  -15.663 0.0000000000
91659  38.685  48.787  -15.519 0.0000000000
91660  37.764  48.399  -15.517 0.0000000000
91661  36.907  47.970  -15.614 0.0000000000
91662  35.923  47.722  -15.666 0.0000000000
91663  35.383  47.717  -15.261 0.0000000000
91676  38.253  48.695  -16.188 0.0000000000
91677  37.534  48.255  -16.357 0.0000000000
91678  36.651  47.811  -16.510 0.0000000000
91679  36.142  47.705  -16.188 0.0000000000
91688  38.187  48.602  -17.013 0.0000000000
91689  37.477  47.968  -17.309 0.0000000000
91690  36.939  47.810  -17.037 0.0000000000
91704  38.968  48.779  -18.587 0.0000000000
91705  38.432  48.498  -18.132 0.0000000000
91706  37.850  48.017  -17.835 0.0000000000
91719  39.124  48.614  -19.053 0.0000000000
91720  38.552  48.108  -18.886 0.0000000000
92196  39.915  49.082  -16.433 0.0000000000
92197  39.201  49.142  -16.159 0.0000000000
92198  38.684  48.989  -16.108 0.0000000000
92206  40.386  49.244  -17.231 0.0000000000
92207  39.443  49.191  -16.921 0.0000000000
92208  38.722  49.055  -16.633 0.0000000000
92215  40.422  49.581  -18.182 0.0000000000
92216  39.585  49.250  -17.705 0.0000000000
92217  38.831  49.082  -17.408 0.0000000000
92231  39.452  49.114  -18.521 0.0000000000
92232  39.015  49.098  -17.966 0.0000000000
