#!ascii label  , from subject FREESURFER vox2ras=TkReg 
472
36444  27.316  -21.521  47.498 0.0000000000
36445  27.042  -21.722  47.542 0.0000000000
36446  26.515  -22.100  47.507 0.0000000000
36461  27.488  -21.586  47.277 0.0000000000
36462  27.126  -22.081  47.073 0.0000000000
36463  26.364  -22.278  46.842 0.0000000000
36478  27.714  -21.627  46.737 0.0000000000
36479  27.108  -21.881  46.277 0.0000000000
36480  26.237  -21.946  46.018 0.0000000000
36487  26.321  -21.321  43.193 0.0000000000
36488  26.154  -21.483  43.192 0.0000000000
36496  26.231  -21.435  42.910 0.0000000000
36497  25.934  -21.667  42.801 0.0000000000
36500  26.078  -21.544  42.450 0.0000000000
36501  25.805  -21.631  42.292 0.0000000000
37285  29.877  -19.034  47.892 0.0000000000
37286  28.530  -20.175  47.499 0.0000000000
37287  27.384  -21.069  47.657 0.0000000000
37288  26.329  -21.530  48.174 0.0000000000
37289  25.528  -22.162  47.654 0.0000000000
37306  30.146  -19.680  47.285 0.0000000000
37307  29.313  -20.267  47.151 0.0000000000
37308  28.236  -21.073  47.108 0.0000000000
37309  25.577  -22.027  46.459 0.0000000000
37310  24.781  -21.703  46.830 0.0000000000
37328  30.391  -19.587  47.146 0.0000000000
37329  29.916  -19.945  46.798 0.0000000000
37330  28.277  -20.812  45.842 0.0000000000
37331  26.565  -21.437  45.168 0.0000000000
37332  25.580  -21.438  45.248 0.0000000000
37333  25.203  -21.563  46.074 0.0000000000
37349  27.510  -20.252  44.716 0.0000000000
37350  26.560  -20.964  43.756 0.0000000000
37351  25.737  -21.518  43.679 0.0000000000
37352  25.198  -21.399  43.603 0.0000000000
37369  26.262  -21.200  42.524 0.0000000000
37370  25.495  -21.642  42.577 0.0000000000
37371  25.085  -21.506  42.975 0.0000000000
37386  26.004  -21.399  41.989 0.0000000000
37387  25.535  -21.555  41.875 0.0000000000
37388  25.063  -21.627  42.160 0.0000000000
38227  29.021  -18.544  47.406 0.0000000000
38228  28.405  -19.270  47.457 0.0000000000
38229  27.547  -20.020  47.599 0.0000000000
38230  26.262  -20.281  48.196 0.0000000000
38247  27.595  -19.414  47.364 0.0000000000
38248  26.858  -19.417  47.470 0.0000000000
38249  26.057  -19.232  47.870 0.0000000000
38265  29.801  -19.330  46.097 0.0000000000
38266  25.141  -21.142  44.665 0.0000000000
38267  24.834  -20.842  45.564 0.0000000000
38277  29.695  -18.010  45.675 0.0000000000
38278  28.385  -19.317  44.990 0.0000000000
38279  27.025  -19.767  43.985 0.0000000000
38280  25.302  -21.298  44.156 0.0000000000
38281  24.861  -20.923  43.792 0.0000000000
38293  26.338  -20.328  42.497 0.0000000000
38294  25.948  -20.041  41.642 0.0000000000
38295  24.752  -21.053  42.324 0.0000000000
38307  26.166  -21.036  42.002 0.0000000000
38308  25.765  -20.839  41.436 0.0000000000
38309  25.050  -21.304  41.598 0.0000000000
39176  27.446  -18.715  46.775 0.0000000000
39177  26.200  -18.549  46.974 0.0000000000
39178  25.673  -18.544  47.915 0.0000000000
39195  26.780  -17.987  46.275 0.0000000000
39196  26.157  -18.007  46.501 0.0000000000
39208  28.329  -17.770  44.658 0.0000000000
39209  27.313  -18.540  44.229 0.0000000000
39210  24.420  -19.655  44.626 0.0000000000
39221  26.450  -18.846  43.321 0.0000000000
39222  25.917  -19.231  42.201 0.0000000000
39223  24.449  -19.774  42.813 0.0000000000
39234  25.425  -19.456  41.064 0.0000000000
39235  24.542  -20.401  41.163 0.0000000000
40167  25.845  -17.981  46.671 0.0000000000
40168  25.318  -17.740  47.233 0.0000000000
40169  24.665  -16.905  47.127 0.0000000000
40192  25.811  -17.521  46.233 0.0000000000
40193  25.060  -17.009  46.488 0.0000000000
40194  24.850  -16.629  46.724 0.0000000000
40213  27.312  -17.459  44.000 0.0000000000
40214  26.773  -18.062  43.806 0.0000000000
40229  27.031  -16.946  43.628 0.0000000000
40230  26.417  -17.516  43.215 0.0000000000
40231  26.060  -18.375  42.748 0.0000000000
40239  26.029  -17.182  42.609 0.0000000000
40240  25.578  -17.939  42.165 0.0000000000
41203  31.428  -16.721  47.243 0.0000000000
41204  30.868  -16.628  47.592 0.0000000000
41205  24.318  -16.574  47.570 0.0000000000
41219  31.505  -16.848  47.010 0.0000000000
41220  25.280  -15.483  46.425 0.0000000000
41221  24.636  -16.031  46.908 0.0000000000
41222  24.053  -15.609  47.325 0.0000000000
41235  26.662  -16.931  45.794 0.0000000000
41236  25.525  -16.313  46.087 0.0000000000
41237  25.032  -16.507  46.526 0.0000000000
41255  28.751  -16.054  44.019 0.0000000000
41256  27.913  -17.079  44.289 0.0000000000
41275  28.437  -15.796  43.612 0.0000000000
41276  27.758  -16.448  43.753 0.0000000000
41277  26.880  -16.501  43.273 0.0000000000
41294  26.347  -16.627  42.754 0.0000000000
41295  25.824  -16.741  42.260 0.0000000000
42275  31.543  -15.965  46.947 0.0000000000
42276  31.280  -16.016  47.353 0.0000000000
42277  30.816  -15.566  47.463 0.0000000000
42290  31.076  -16.488  46.147 0.0000000000
42291  29.941  -16.675  45.331 0.0000000000
42292  30.183  -16.165  47.467 0.0000000000
42293  29.280  -15.856  46.772 0.0000000000
42294  25.477  -14.834  46.461 0.0000000000
42295  24.949  -14.908  46.686 0.0000000000
42296  24.283  -14.995  46.995 0.0000000000
42308  30.982  -15.330  45.569 0.0000000000
42309  30.278  -15.497  44.975 0.0000000000
42310  29.360  -16.243  44.628 0.0000000000
42311  28.482  -16.225  46.203 0.0000000000
42312  27.510  -16.163  45.728 0.0000000000
42313  26.532  -15.703  45.692 0.0000000000
42314  25.829  -15.241  46.072 0.0000000000
42325  29.997  -14.998  44.343 0.0000000000
42326  29.495  -15.343  44.019 0.0000000000
42327  28.902  -15.637  43.757 0.0000000000
42337  29.404  -15.001  43.493 0.0000000000
42338  28.886  -15.321  43.400 0.0000000000
42339  27.906  -15.533  43.094 0.0000000000
42340  27.315  -16.039  43.216 0.0000000000
42360  27.497  -15.283  42.583 0.0000000000
42361  26.841  -15.772  42.642 0.0000000000
42362  26.244  -16.234  42.397 0.0000000000
42383  26.651  -15.338  41.922 0.0000000000
42384  26.020  -15.901  41.903 0.0000000000
43321  31.399  -14.459  47.009 0.0000000000
43322  30.986  -14.319  47.311 0.0000000000
43323  30.208  -14.280  47.316 0.0000000000
43334  31.489  -14.666  46.447 0.0000000000
43335  29.426  -14.662  47.009 0.0000000000
43336  28.363  -14.685  46.441 0.0000000000
43337  27.234  -14.131  46.813 0.0000000000
43338  26.350  -13.924  46.991 0.0000000000
43339  25.483  -13.938  46.825 0.0000000000
43340  24.625  -13.999  46.687 0.0000000000
43341  23.671  -14.196  46.891 0.0000000000
43350  31.346  -14.721  45.775 0.0000000000
43351  30.902  -14.532  45.154 0.0000000000
43352  27.963  -15.501  45.848 0.0000000000
43353  27.366  -15.026  45.792 0.0000000000
43354  26.505  -14.674  46.095 0.0000000000
43355  25.903  -14.515  46.408 0.0000000000
43363  30.344  -14.415  44.249 0.0000000000
43364  29.924  -14.805  44.041 0.0000000000
43374  30.224  -14.157  43.742 0.0000000000
43375  29.863  -14.486  43.543 0.0000000000
43376  29.267  -14.781  43.077 0.0000000000
43377  28.647  -15.012  42.860 0.0000000000
43391  29.582  -14.252  42.872 0.0000000000
43392  28.987  -14.401  42.476 0.0000000000
43393  28.072  -14.841  42.402 0.0000000000
43394  27.260  -15.040  42.141 0.0000000000
43395  19.925  -13.758  42.373 0.0000000000
43396  19.375  -13.766  42.764 0.0000000000
43412  19.686  -13.935  42.057 0.0000000000
43413  19.072  -14.109  41.794 0.0000000000
43434  18.579  -13.960  41.139 0.0000000000
44492  31.073  -12.427  47.119 0.0000000000
44493  30.500  -12.774  47.418 0.0000000000
44494  29.743  -12.698  47.602 0.0000000000
44495  28.945  -12.723  47.666 0.0000000000
44496  28.344  -12.906  47.771 0.0000000000
44504  31.359  -12.864  46.689 0.0000000000
44505  29.370  -13.596  47.427 0.0000000000
44506  28.668  -13.642  47.399 0.0000000000
44507  27.888  -13.337  47.531 0.0000000000
44508  27.049  -13.155  47.856 0.0000000000
44509  26.099  -13.087  48.000 0.0000000000
44510  25.140  -13.090  47.720 0.0000000000
44511  24.274  -13.059  46.867 0.0000000000
44512  23.112  -13.132  46.662 0.0000000000
44521  31.512  -13.077  45.821 0.0000000000
44522  31.252  -13.927  45.401 0.0000000000
44531  31.688  -11.219  44.806 0.0000000000
44532  31.065  -13.305  44.688 0.0000000000
44533  23.728  -12.557  44.096 0.0000000000
44534  22.823  -12.444  44.336 0.0000000000
44535  21.779  -12.500  44.490 0.0000000000
44536  20.880  -12.714  44.579 0.0000000000
44545  30.371  -13.536  43.483 0.0000000000
44546  29.947  -13.984  43.018 0.0000000000
44547  24.918  -13.006  43.183 0.0000000000
44548  24.263  -13.088  43.446 0.0000000000
44549  23.183  -13.249  43.507 0.0000000000
44550  22.133  -13.233  43.615 0.0000000000
44551  21.139  -13.259  43.757 0.0000000000
44552  20.304  -13.298  43.964 0.0000000000
44565  25.193  -12.986  42.877 0.0000000000
44566  24.610  -12.967  42.387 0.0000000000
44567  23.511  -13.171  42.425 0.0000000000
44568  22.424  -13.376  42.515 0.0000000000
44569  21.336  -13.511  42.677 0.0000000000
44570  20.303  -13.545  42.942 0.0000000000
44571  19.751  -13.521  43.429 0.0000000000
44583  24.543  -12.826  41.637 0.0000000000
44584  23.839  -12.815  41.304 0.0000000000
44585  22.717  -13.186  41.405 0.0000000000
44586  21.629  -13.582  41.548 0.0000000000
44587  20.376  -13.804  41.807 0.0000000000
44588  19.668  -13.955  41.600 0.0000000000
44598  23.681  -12.746  40.536 0.0000000000
44599  23.022  -12.901  40.253 0.0000000000
44600  21.982  -13.428  40.435 0.0000000000
44601  20.856  -13.742  40.587 0.0000000000
44602  19.534  -13.843  40.794 0.0000000000
44603  18.396  -13.643  40.391 0.0000000000
44604  17.427  -13.532  40.289 0.0000000000
44621  24.684  -12.267  39.414 0.0000000000
44622  24.511  -12.327  39.419 0.0000000000
44623  22.818  -12.806  39.371 0.0000000000
44624  22.212  -13.084  39.456 0.0000000000
44625  21.290  -13.447  39.507 0.0000000000
44626  20.209  -13.589  39.603 0.0000000000
44627  19.093  -13.523  39.585 0.0000000000
44628  18.015  -13.372  39.506 0.0000000000
44629  16.964  -13.233  39.555 0.0000000000
44645  24.730  -12.211  39.168 0.0000000000
44646  24.497  -12.340  39.193 0.0000000000
44647  22.490  -12.761  38.724 0.0000000000
44648  21.672  -13.013  38.490 0.0000000000
44649  20.715  -13.396  38.593 0.0000000000
44650  19.724  -13.474  38.623 0.0000000000
44651  18.676  -13.352  38.595 0.0000000000
44652  17.588  -13.138  38.588 0.0000000000
44653  16.446  -12.982  38.699 0.0000000000
44670  21.039  -13.136  37.673 0.0000000000
44671  20.259  -13.361  37.743 0.0000000000
44672  19.340  -13.322  37.679 0.0000000000
44673  18.289  -13.119  37.603 0.0000000000
44674  17.135  -12.847  37.508 0.0000000000
44675  15.979  -12.808  37.783 0.0000000000
44695  20.621  -13.217  37.114 0.0000000000
44696  20.002  -13.264  36.820 0.0000000000
44697  19.013  -13.086  36.715 0.0000000000
44698  17.922  -12.807  36.503 0.0000000000
44699  17.275  -12.715  36.818 0.0000000000
44715  19.612  -13.064  35.863 0.0000000000
44716  18.775  -12.897  35.784 0.0000000000
44717  18.136  -12.755  35.502 0.0000000000
44727  19.213  -13.020  35.114 0.0000000000
44728  18.553  -12.873  34.999 0.0000000000
45601  25.439  -11.273  48.794 0.0000000000
45602  25.194  -11.369  48.854 0.0000000000
45603  24.941  -11.361  48.840 0.0000000000
45610  29.374  -11.257  47.625 0.0000000000
45611  28.566  -12.042  47.484 0.0000000000
45612  28.069  -12.643  47.732 0.0000000000
45613  26.159  -11.369  48.741 0.0000000000
45614  25.314  -11.562  48.854 0.0000000000
45615  25.022  -11.432  48.759 0.0000000000
45622  28.487  -11.426  47.128 0.0000000000
45623  27.741  -12.246  47.532 0.0000000000
45624  26.798  -11.847  48.300 0.0000000000
45625  25.689  -12.237  48.703 0.0000000000
45626  24.596  -12.084  48.264 0.0000000000
45627  23.760  -12.108  46.762 0.0000000000
45628  22.449  -11.973  46.379 0.0000000000
45636  31.475  -12.106  46.454 0.0000000000
45637  28.721  -11.011  46.370 0.0000000000
45638  28.090  -11.553  46.571 0.0000000000
45639  27.286  -11.640  46.820 0.0000000000
45640  26.502  -11.601  46.157 0.0000000000
45641  22.329  -11.308  45.984 0.0000000000
45642  21.498  -11.682  46.003 0.0000000000
45650  28.579  -11.372  45.478 0.0000000000
45651  27.843  -11.808  45.566 0.0000000000
45652  26.999  -12.089  45.333 0.0000000000
45653  25.938  -11.861  44.905 0.0000000000
45654  24.729  -12.118  44.296 0.0000000000
45655  23.603  -11.518  44.681 0.0000000000
45656  22.463  -11.398  45.295 0.0000000000
45657  21.267  -12.064  45.214 0.0000000000
45663  30.903  -12.326  43.892 0.0000000000
45664  28.283  -11.743  44.823 0.0000000000
45665  27.716  -12.011  44.330 0.0000000000
45666  26.665  -12.330  44.032 0.0000000000
45667  25.559  -12.665  43.538 0.0000000000
45668  24.880  -12.804  43.627 0.0000000000
45675  27.278  -12.168  43.298 0.0000000000
45676  26.490  -12.585  42.932 0.0000000000
45677  25.591  -12.833  42.397 0.0000000000
45678  25.017  -12.815  41.785 0.0000000000
45686  27.102  -12.125  42.498 0.0000000000
45687  26.509  -12.360  41.882 0.0000000000
45688  25.610  -12.594  41.451 0.0000000000
45689  24.744  -12.648  41.078 0.0000000000
45690  24.123  -12.660  40.621 0.0000000000
45697  26.211  -12.213  41.102 0.0000000000
45698  25.548  -12.251  40.536 0.0000000000
45699  24.626  -12.505  40.202 0.0000000000
45700  23.829  -12.671  39.968 0.0000000000
45701  23.307  -12.716  39.524 0.0000000000
45709  25.168  -12.014  39.535 0.0000000000
45710  24.330  -12.457  39.507 0.0000000000
45711  23.790  -12.585  39.146 0.0000000000
45712  23.153  -12.627  38.870 0.0000000000
45724  25.036  -11.833  38.727 0.0000000000
45725  24.409  -12.273  38.734 0.0000000000
45726  23.654  -12.360  38.340 0.0000000000
45727  22.918  -12.488  38.099 0.0000000000
45728  22.266  -12.666  38.008 0.0000000000
45741  24.755  -11.777  38.130 0.0000000000
45742  24.172  -11.920  37.868 0.0000000000
45743  23.418  -12.031  37.378 0.0000000000
45744  22.562  -12.457  37.256 0.0000000000
45745  21.774  -12.781  37.420 0.0000000000
45746  16.986  -12.680  36.918 0.0000000000
45747  16.478  -12.671  36.986 0.0000000000
45763  22.886  -11.978  36.288 0.0000000000
45764  22.018  -12.571  36.377 0.0000000000
45765  21.122  -12.967  36.686 0.0000000000
45766  20.571  -13.148  36.663 0.0000000000
45767  17.578  -12.639  35.720 0.0000000000
45768  16.973  -12.572  36.264 0.0000000000
45783  22.832  -11.753  35.591 0.0000000000
45784  22.280  -12.101  35.181 0.0000000000
45785  21.229  -12.692  35.538 0.0000000000
45786  20.455  -13.016  36.046 0.0000000000
45801  21.992  -11.745  33.961 0.0000000000
45802  21.255  -12.354  34.300 0.0000000000
45803  20.093  -12.894  34.721 0.0000000000
46616  25.256  -11.181  48.719 0.0000000000
46617  25.082  -11.209  48.816 0.0000000000
46618  24.935  -11.232  48.650 0.0000000000
46622  28.815  -11.286  47.265 0.0000000000
46623  25.531  -10.955  48.487 0.0000000000
46624  24.987  -10.998  48.331 0.0000000000
46625  24.842  -11.377  48.481 0.0000000000
46629  29.145  -10.349  47.064 0.0000000000
46630  26.103  -10.878  47.945 0.0000000000
46631  25.166  -10.778  47.519 0.0000000000
46632  24.365  -11.277  47.269 0.0000000000
46633  23.251  -11.370  46.344 0.0000000000
46634  22.663  -11.286  46.170 0.0000000000
46639  26.563  -11.226  47.233 0.0000000000
46640  25.621  -10.956  46.294 0.0000000000
46641  24.419  -10.783  46.347 0.0000000000
46642  23.524  -10.930  46.188 0.0000000000
46643  22.815  -11.025  45.972 0.0000000000
46649  25.270  -11.295  45.052 0.0000000000
46650  24.540  -10.896  45.211 0.0000000000
46651  23.546  -10.828  45.538 0.0000000000
46652  23.048  -10.915  45.748 0.0000000000
46658  28.725  -11.225  44.092 0.0000000000
46659  27.920  -11.692  43.460 0.0000000000
46666  28.192  -11.189  43.078 0.0000000000
46667  27.644  -11.622  42.729 0.0000000000
46675  28.024  -10.982  42.394 0.0000000000
46676  27.456  -11.469  41.777 0.0000000000
46677  26.792  -11.817  41.228 0.0000000000
46685  27.300  -11.223  40.881 0.0000000000
46686  26.496  -11.629  40.509 0.0000000000
46687  25.894  -11.651  39.975 0.0000000000
46696  26.488  -10.962  39.745 0.0000000000
46697  25.863  -11.342  39.473 0.0000000000
46704  26.081  -10.768  39.275 0.0000000000
46705  25.629  -11.155  38.859 0.0000000000
46717  25.231  -11.202  38.045 0.0000000000
46718  24.651  -11.312  37.434 0.0000000000
46719  24.032  -11.540  37.240 0.0000000000
46733  24.269  -11.099  36.891 0.0000000000
46734  23.711  -11.357  36.544 0.0000000000
46745  23.299  -11.344  35.710 0.0000000000
46746  22.887  -11.557  35.163 0.0000000000
46760  23.269  -11.040  34.890 0.0000000000
46761  22.651  -11.404  34.458 0.0000000000
47521  28.518  -10.238  42.945 0.0000000000
47603  23.704  -10.909  36.035 0.0000000000
48354  31.649  -10.941  47.108 0.0000000000
48365  32.095  -10.241  45.987 0.0000000000
48375  32.214  -9.728  45.746 0.0000000000
49215  32.130  -8.554  48.144 0.0000000000
49216  31.293  -8.804  48.580 0.0000000000
49217  30.489  -9.101  49.085 0.0000000000
49218  27.652  -8.575  49.975 0.0000000000
49236  32.321  -9.260  47.633 0.0000000000
49237  31.870  -9.691  48.072 0.0000000000
49238  27.823  -8.210  49.567 0.0000000000
49253  32.565  -9.253  46.872 0.0000000000
49267  32.458  -9.139  46.003 0.0000000000
49268  32.058  -9.619  45.264 0.0000000000
50167  29.073  -8.040  50.053 0.0000000000
50168  28.678  -7.735  50.159 0.0000000000
50169  28.436  -8.442  50.242 0.0000000000
50183  32.220  -8.017  48.100 0.0000000000
50184  31.654  -7.774  48.400 0.0000000000
50185  30.262  -7.834  49.372 0.0000000000
50186  28.422  -7.629  50.111 0.0000000000
50187  27.928  -7.724  50.032 0.0000000000
50191  32.554  -7.741  47.696 0.0000000000
50192  31.842  -7.083  48.203 0.0000000000
50193  28.458  -8.087  48.600 0.0000000000
50194  28.003  -7.684  49.538 0.0000000000
50200  32.978  -7.973  46.510 0.0000000000
50201  29.524  -8.623  46.493 0.0000000000
50207  32.408  -8.047  45.413 0.0000000000
51145  29.134  -7.421  49.841 0.0000000000
51146  28.675  -7.453  49.989 0.0000000000
51158  31.049  -6.603  48.711 0.0000000000
51159  29.827  -6.696  49.368 0.0000000000
51160  28.742  -7.104  49.542 0.0000000000
51161  28.198  -7.448  49.713 0.0000000000
51173  32.539  -6.495  47.393 0.0000000000
51174  31.925  -6.376  47.850 0.0000000000
51175  28.755  -6.853  48.683 0.0000000000
51176  28.355  -7.382  49.321 0.0000000000
51190  33.022  -6.629  46.889 0.0000000000
51191  29.169  -6.943  47.419 0.0000000000
52193  30.319  -5.971  48.645 0.0000000000
52194  29.585  -6.244  48.757 0.0000000000
52195  29.124  -6.477  48.796 0.0000000000
52216  29.467  -5.833  47.981 0.0000000000
103125  30.570  -18.748  47.605 0.0000000000
103126  30.526  -19.122  47.417 0.0000000000
103127  29.442  -17.450  47.184 0.0000000000
103128  30.296  -17.759  47.697 0.0000000000
103129  30.571  -19.203  46.918 0.0000000000
103130  28.767  -18.117  46.891 0.0000000000
103131  28.364  -18.541  46.914 0.0000000000
103132  30.572  -17.171  47.692 0.0000000000
103133  30.446  -18.347  46.462 0.0000000000
103134  30.112  -18.671  46.082 0.0000000000
103135  29.187  -17.113  44.936 0.0000000000
103136  27.378  -18.134  46.360 0.0000000000
103137  27.917  -17.635  46.288 0.0000000000
103138  30.882  -17.764  47.345 0.0000000000
103139  30.186  -17.186  47.735 0.0000000000
103140  28.510  -16.764  44.430 0.0000000000
103340  30.722  -11.428  47.678 0.0000000000
103341  30.046  -11.358  47.757 0.0000000000
103342  30.995  -11.672  47.355 0.0000000000
103343  30.114  -10.085  48.763 0.0000000000
103344  30.968  -10.653  48.192 0.0000000000
103345  29.421  -10.275  48.384 0.0000000000
103346  31.274  -12.052  46.864 0.0000000000
103347  28.893  -9.580  49.587 0.0000000000
103348  29.246  -9.259  49.685 0.0000000000
103349  30.749  -10.236  48.410 0.0000000000
103350  31.145  -11.245  47.511 0.0000000000
103351  29.036  -11.170  47.376 0.0000000000
103352  28.686  -9.968  48.757 0.0000000000
103353  31.697  -11.520  46.063 0.0000000000
103354  28.930  -8.926  50.004 0.0000000000
103355  28.044  -9.286  49.766 0.0000000000
103356  29.146  -8.965  49.877 0.0000000000
103357  31.133  -9.971  48.401 0.0000000000
103358  31.631  -10.344  47.928 0.0000000000
103359  32.125  -9.952  45.625 0.0000000000
103360  29.233  -10.806  47.447 0.0000000000
103361  29.245  -10.358  47.834 0.0000000000
103362  27.880  -9.065  49.121 0.0000000000
103363  31.997  -10.246  45.441 0.0000000000
103364  29.309  -10.213  45.504 0.0000000000
103365  28.721  -9.664  48.286 0.0000000000
103366  28.861  -8.600  50.108 0.0000000000
103367  28.343  -9.031  48.528 0.0000000000
103369  28.997  -9.160  47.913 0.0000000000
103370  29.401  -8.772  49.741 0.0000000000
103371  28.884  -8.360  50.136 0.0000000000
103372  29.421  -9.762  46.326 0.0000000000
103373  31.416  -10.662  47.894 0.0000000000
103375  29.219  -8.830  44.546 0.0000000000
103376  29.280  -9.838  43.956 0.0000000000
