#!ascii label  , from subject FREESURFER vox2ras=TkReg 
482
76415  51.978  21.196  11.941 0.0000000000
76422  52.135  21.222  10.150 0.0000000000
76423  51.577  21.111  10.786 0.0000000000
76430  52.252  21.166  9.404 0.0000000000
76431  51.801  20.982  9.961 0.0000000000
76434  41.668  21.001  8.690 0.0000000000
76435  40.980  20.973  8.741 0.0000000000
76436  40.200  20.999  8.786 0.0000000000
76437  39.726  21.028  8.782 0.0000000000
76442  52.668  21.324  7.804 0.0000000000
76443  52.461  21.186  8.407 0.0000000000
76444  52.156  21.039  8.869 0.0000000000
76446  43.645  20.854  7.796 0.0000000000
76447  42.974  20.725  7.941 0.0000000000
76448  42.141  20.743  8.201 0.0000000000
76449  41.223  20.741  8.124 0.0000000000
76450  40.414  20.790  8.157 0.0000000000
76451  39.586  20.918  8.276 0.0000000000
76452  39.048  20.982  7.996 0.0000000000
76458  52.612  21.273  7.403 0.0000000000
76459  52.349  21.135  7.237 0.0000000000
76460  52.225  21.005  7.767 0.0000000000
76461  49.858  20.207  7.734 0.0000000000
76462  44.076  20.866  7.219 0.0000000000
76463  43.225  20.602  7.177 0.0000000000
76464  42.345  20.594  7.268 0.0000000000
76465  41.461  20.705  7.356 0.0000000000
76466  40.658  20.834  7.448 0.0000000000
76467  39.870  20.966  7.454 0.0000000000
76468  39.272  21.007  7.668 0.0000000000
76472  51.953  21.215  6.144 0.0000000000
76473  51.952  21.048  6.615 0.0000000000
76474  49.887  20.176  6.738 0.0000000000
76475  45.420  21.135  6.209 0.0000000000
76476  44.640  20.915  6.435 0.0000000000
76477  43.618  20.594  6.360 0.0000000000
76478  42.607  20.586  6.369 0.0000000000
76479  41.698  20.783  6.510 0.0000000000
76480  40.742  21.042  6.546 0.0000000000
76481  40.251  21.042  7.005 0.0000000000
76483  51.592  21.223  5.228 0.0000000000
76484  51.317  21.043  5.372 0.0000000000
76485  49.902  20.191  5.703 0.0000000000
76486  45.621  21.145  5.615 0.0000000000
76487  44.996  20.929  5.527 0.0000000000
76488  44.068  20.683  5.483 0.0000000000
76489  43.008  20.655  5.433 0.0000000000
76490  41.848  20.944  5.475 0.0000000000
76491  41.249  21.059  6.009 0.0000000000
76493  51.429  21.217  4.839 0.0000000000
76494  51.082  21.077  4.637 0.0000000000
76496  46.150  21.153  4.460 0.0000000000
76497  45.615  21.027  4.798 0.0000000000
76498  44.567  20.749  4.610 0.0000000000
76499  43.539  20.814  4.538 0.0000000000
76500  42.489  21.135  4.482 0.0000000000
76501  41.850  21.239  4.764 0.0000000000
76509  45.928  20.897  3.892 0.0000000000
76510  45.087  20.715  3.818 0.0000000000
76511  44.064  20.897  3.526 0.0000000000
76512  43.115  21.192  3.767 0.0000000000
76513  42.635  21.395  3.847 0.0000000000
76524  45.489  20.897  3.195 0.0000000000
76525  44.760  20.903  3.000 0.0000000000
76526  44.279  21.064  2.902 0.0000000000
77094  50.802  22.061  13.988 0.0000000000
77095  49.469  22.061  13.703 0.0000000000
77096  48.302  22.026  13.616 0.0000000000
77097  47.267  21.922  13.670 0.0000000000
77098  46.251  21.955  13.628 0.0000000000
77099  45.229  21.931  13.578 0.0000000000
77122  52.256  21.543  12.974 0.0000000000
77124  52.190  21.641  11.935 0.0000000000
77125  52.021  21.376  11.516 0.0000000000
77127  52.794  21.921  10.336 0.0000000000
77128  52.474  21.658  10.761 0.0000000000
77129  51.894  21.309  11.200 0.0000000000
77130  42.017  21.704  9.440 0.0000000000
77131  41.488  21.870  9.618 0.0000000000
77132  40.544  21.971  9.809 0.0000000000
77133  39.527  22.096  10.019 0.0000000000
77134  38.591  22.423  10.134 0.0000000000
77135  38.006  22.830  10.157 0.0000000000
77138  52.880  21.903  9.749 0.0000000000
77139  52.471  21.443  9.867 0.0000000000
77140  46.647  21.756  8.699 0.0000000000
77141  45.862  21.666  8.829 0.0000000000
77142  44.955  21.527  8.921 0.0000000000
77143  44.041  21.370  9.025 0.0000000000
77144  43.223  21.350  9.053 0.0000000000
77145  42.385  21.344  9.098 0.0000000000
77146  41.559  21.358  9.167 0.0000000000
77147  40.755  21.363  9.279 0.0000000000
77148  39.696  21.301  9.279 0.0000000000
77149  38.625  21.660  9.522 0.0000000000
77150  37.661  22.330  9.611 0.0000000000
77151  37.059  22.523  9.302 0.0000000000
77155  53.538  22.271  7.953 0.0000000000
77156  53.014  21.787  8.565 0.0000000000
77157  52.583  21.468  9.206 0.0000000000
77158  47.630  21.710  7.663 0.0000000000
77159  47.049  21.652  8.033 0.0000000000
77160  46.172  21.516  8.079 0.0000000000
77161  45.336  21.363  8.133 0.0000000000
77162  44.368  21.132  8.144 0.0000000000
77163  43.524  21.057  8.437 0.0000000000
77164  42.857  21.025  8.568 0.0000000000
77165  39.447  21.081  8.731 0.0000000000
77166  38.795  21.191  8.537 0.0000000000
77167  37.801  21.661  8.833 0.0000000000
77168  37.094  22.144  8.895 0.0000000000
77173  53.698  22.377  7.114 0.0000000000
77174  53.015  21.586  7.384 0.0000000000
77175  52.588  21.272  7.155 0.0000000000
77176  47.800  21.668  7.007 0.0000000000
77177  47.102  21.562  7.176 0.0000000000
77178  46.410  21.463  7.342 0.0000000000
77179  45.680  21.338  7.416 0.0000000000
77180  44.906  21.154  7.363 0.0000000000
77181  39.236  21.186  7.138 0.0000000000
77182  38.657  21.233  7.526 0.0000000000
77183  37.775  21.579  7.864 0.0000000000
77184  37.262  21.922  8.307 0.0000000000
77188  53.803  22.437  6.538 0.0000000000
77189  53.185  21.878  6.299 0.0000000000
77190  52.533  21.355  6.658 0.0000000000
77191  47.836  21.646  6.167 0.0000000000
77192  47.180  21.518  6.403 0.0000000000
77193  46.535  21.425  6.603 0.0000000000
77194  45.900  21.319  6.748 0.0000000000
77195  45.312  21.196  6.834 0.0000000000
77196  40.238  21.355  6.046 0.0000000000
77197  39.736  21.307  6.532 0.0000000000
77198  38.701  21.606  6.576 0.0000000000
77199  38.049  21.753  7.089 0.0000000000
77201  52.795  21.798  5.166 0.0000000000
77202  52.254  21.459  5.696 0.0000000000
77203  47.880  21.667  5.380 0.0000000000
77204  47.199  21.519  5.596 0.0000000000
77205  46.583  21.383  5.861 0.0000000000
77206  46.023  21.279  6.085 0.0000000000
77207  41.421  21.395  4.908 0.0000000000
77208  40.722  21.482  5.433 0.0000000000
77209  39.838  21.743  5.729 0.0000000000
77210  39.156  21.826  5.912 0.0000000000
77212  52.773  21.842  4.047 0.0000000000
77213  51.746  21.355  4.555 0.0000000000
77214  51.085  21.126  4.203 0.0000000000
77215  47.974  21.730  4.562 0.0000000000
77216  47.221  21.545  4.757 0.0000000000
77217  46.475  21.360  5.008 0.0000000000
77218  46.061  21.261  5.470 0.0000000000
77219  42.305  21.570  3.887 0.0000000000
77220  41.725  21.707  4.253 0.0000000000
77221  41.088  21.851  4.685 0.0000000000
77226  48.062  21.858  3.674 0.0000000000
77227  47.249  21.562  3.829 0.0000000000
77228  46.566  21.289  4.155 0.0000000000
77229  43.935  21.263  2.795 0.0000000000
77230  43.398  21.447  3.033 0.0000000000
77231  42.644  21.766  3.289 0.0000000000
77232  42.071  21.962  3.627 0.0000000000
77242  48.138  22.071  2.807 0.0000000000
77243  47.333  21.702  2.837 0.0000000000
77244  46.298  21.243  2.987 0.0000000000
77245  45.246  21.205  2.464 0.0000000000
77246  44.394  21.380  2.387 0.0000000000
77247  43.648  21.793  2.297 0.0000000000
77248  43.056  21.944  2.632 0.0000000000
77261  48.239  22.223  2.228 0.0000000000
77262  47.541  22.075  1.847 0.0000000000
77263  46.570  21.660  1.932 0.0000000000
77264  45.672  21.528  1.874 0.0000000000
77265  44.824  21.714  1.631 0.0000000000
77266  44.117  21.859  1.756 0.0000000000
77278  47.247  22.193  1.003 0.0000000000
77279  46.626  22.015  1.088 0.0000000000
77280  45.810  21.893  1.170 0.0000000000
77281  45.286  21.847  1.310 0.0000000000
77823  52.010  21.986  13.255 0.0000000000
77824  51.428  22.415  13.365 0.0000000000
77825  50.162  22.978  13.238 0.0000000000
77826  48.807  22.961  13.405 0.0000000000
77827  47.662  22.976  13.541 0.0000000000
77828  46.606  23.011  13.580 0.0000000000
77829  45.577  23.054  13.517 0.0000000000
77830  44.521  23.098  13.510 0.0000000000
77831  43.448  23.123  13.614 0.0000000000
77856  51.750  22.610  12.537 0.0000000000
77857  50.984  23.280  13.053 0.0000000000
77858  50.476  23.584  13.136 0.0000000000
77873  52.658  23.032  10.729 0.0000000000
77874  52.404  22.620  11.259 0.0000000000
77886  52.859  22.449  10.400 0.0000000000
77887  52.711  22.159  10.843 0.0000000000
77888  48.808  23.204  9.946 0.0000000000
77889  48.181  22.985  9.977 0.0000000000
77890  47.106  22.790  10.045 0.0000000000
77891  46.085  22.839  10.113 0.0000000000
77892  45.054  22.805  10.139 0.0000000000
77893  43.942  22.632  10.036 0.0000000000
77894  42.604  22.256  9.850 0.0000000000
77895  41.406  22.661  10.115 0.0000000000
77896  40.355  22.861  10.258 0.0000000000
77897  39.376  23.035  10.409 0.0000000000
77898  38.543  23.267  10.425 0.0000000000
77899  37.879  23.437  10.346 0.0000000000
77900  37.361  23.503  10.185 0.0000000000
77910  53.565  23.136  9.094 0.0000000000
77911  53.279  22.753  9.475 0.0000000000
77912  51.147  23.773  8.979 0.0000000000
77913  50.408  23.422  9.052 0.0000000000
77914  49.066  22.799  9.303 0.0000000000
77915  47.617  22.106  9.021 0.0000000000
77916  46.483  22.107  9.448 0.0000000000
77917  45.500  22.088  9.561 0.0000000000
77918  44.514  21.984  9.594 0.0000000000
77919  43.549  21.842  9.538 0.0000000000
77920  42.944  21.676  9.419 0.0000000000
77921  37.557  23.031  9.977 0.0000000000
77922  36.963  23.107  9.682 0.0000000000
77923  36.266  23.155  9.432 0.0000000000
77932  53.583  22.760  8.710 0.0000000000
77933  53.196  22.269  9.142 0.0000000000
77934  51.984  23.578  7.869 0.0000000000
77935  51.174  23.367  8.258 0.0000000000
77936  49.798  22.731  8.139 0.0000000000
77937  48.444  22.066  7.898 0.0000000000
77938  47.702  21.816  8.175 0.0000000000
77939  36.562  22.600  9.098 0.0000000000
77940  35.902  22.910  8.883 0.0000000000
77945  54.037  23.018  7.806 0.0000000000
77946  51.568  23.173  7.206 0.0000000000
77947  50.430  22.739  7.184 0.0000000000
77948  49.317  22.337  7.023 0.0000000000
77949  48.471  21.926  6.683 0.0000000000
77950  37.178  22.015  7.835 0.0000000000
77951  36.506  22.330  8.129 0.0000000000
77952  35.534  22.892  8.006 0.0000000000
77957  54.565  23.565  5.895 0.0000000000
77958  54.293  23.217  6.467 0.0000000000
77959  53.810  22.442  6.101 0.0000000000
77960  50.899  22.850  6.208 0.0000000000
77961  49.845  22.496  6.165 0.0000000000
77962  48.973  22.163  6.056 0.0000000000
77963  48.368  21.841  5.915 0.0000000000
77964  37.975  22.158  6.478 0.0000000000
77965  37.212  22.325  7.083 0.0000000000
77966  35.963  22.864  7.032 0.0000000000
77971  54.669  23.473  5.254 0.0000000000
77972  54.164  22.641  5.450 0.0000000000
77973  53.463  22.200  5.570 0.0000000000
77974  51.208  23.074  5.237 0.0000000000
77975  50.229  22.674  5.238 0.0000000000
77976  49.304  22.325  5.263 0.0000000000
77977  48.547  21.974  5.276 0.0000000000
77978  40.035  22.229  5.255 0.0000000000
77979  39.324  22.544  5.474 0.0000000000
77980  38.482  22.469  5.822 0.0000000000
77981  37.500  22.781  5.992 0.0000000000
77982  36.630  23.018  6.304 0.0000000000
77985  54.450  22.763  4.337 0.0000000000
77986  53.574  22.228  4.705 0.0000000000
77987  51.423  23.179  4.592 0.0000000000
77988  50.686  22.893  4.142 0.0000000000
77989  49.560  22.467  4.346 0.0000000000
77990  48.711  22.111  4.455 0.0000000000
77991  41.208  22.309  4.285 0.0000000000
77992  40.538  22.562  4.684 0.0000000000
77993  39.826  22.910  5.078 0.0000000000
78000  49.695  22.498  3.336 0.0000000000
78001  48.829  22.226  3.557 0.0000000000
78002  42.188  22.337  3.219 0.0000000000
78003  41.619  22.584  3.650 0.0000000000
78004  41.070  22.882  4.143 0.0000000000
78012  48.836  22.312  2.642 0.0000000000
78013  43.198  22.352  2.199 0.0000000000
78014  42.606  22.595  2.599 0.0000000000
78015  42.054  22.851  3.040 0.0000000000
78029  48.481  22.401  1.555 0.0000000000
78030  47.719  22.279  1.245 0.0000000000
78031  44.320  22.242  1.295 0.0000000000
78032  43.685  22.585  1.565 0.0000000000
78033  43.065  22.871  1.974 0.0000000000
78050  47.634  22.458  0.515 0.0000000000
78051  46.685  22.364  0.335 0.0000000000
78052  45.847  22.376  0.449 0.0000000000
78053  44.913  22.450  0.747 0.0000000000
78054  44.202  22.744  0.942 0.0000000000
78071  46.880  22.761  -0.413 0.0000000000
78580  50.143  24.105  13.305 0.0000000000
78581  49.276  24.110  13.411 0.0000000000
78582  48.100  24.124  13.550 0.0000000000
78583  46.996  24.172  13.612 0.0000000000
78584  45.957  24.235  13.670 0.0000000000
78585  44.920  24.302  13.771 0.0000000000
78586  43.846  24.346  13.924 0.0000000000
78587  42.740  24.336  13.946 0.0000000000
78588  41.654  24.202  14.079 0.0000000000
78604  51.675  23.987  11.974 0.0000000000
78605  51.143  24.091  12.778 0.0000000000
78606  50.635  24.121  13.120 0.0000000000
78607  36.856  24.385  11.963 0.0000000000
78608  36.275  24.145  12.330 0.0000000000
78618  52.787  23.316  10.362 0.0000000000
78619  52.299  23.913  10.888 0.0000000000
78620  44.993  24.544  10.999 0.0000000000
78621  44.042  24.420  11.046 0.0000000000
78622  42.975  24.433  11.015 0.0000000000
78623  41.906  24.554  11.067 0.0000000000
78624  40.850  24.780  11.072 0.0000000000
78625  39.799  24.941  11.116 0.0000000000
78626  38.803  24.873  11.135 0.0000000000
78627  37.994  24.608  11.148 0.0000000000
78628  37.270  24.405  11.334 0.0000000000
78629  36.464  24.097  11.356 0.0000000000
78630  35.648  23.803  11.612 0.0000000000
78640  53.102  23.242  9.899 0.0000000000
78641  52.783  24.017  10.015 0.0000000000
78642  50.855  25.109  10.269 0.0000000000
78643  50.083  24.682  10.290 0.0000000000
78644  48.826  23.987  10.252 0.0000000000
78645  47.548  23.866  10.315 0.0000000000
78646  46.626  23.641  10.341 0.0000000000
78647  45.746  24.031  10.575 0.0000000000
78648  44.531  23.598  10.574 0.0000000000
78649  43.393  23.447  10.487 0.0000000000
78650  42.248  23.471  10.535 0.0000000000
78651  41.153  23.676  10.621 0.0000000000
78652  40.115  23.873  10.683 0.0000000000
78653  39.152  24.027  10.688 0.0000000000
78654  38.317  24.075  10.667 0.0000000000
78655  37.601  24.016  10.639 0.0000000000
78656  36.837  23.835  10.482 0.0000000000
78657  35.928  23.770  10.621 0.0000000000
78658  34.815  23.462  10.841 0.0000000000
78666  53.688  23.301  8.906 0.0000000000
78667  53.421  23.649  9.246 0.0000000000
78668  52.640  24.512  9.463 0.0000000000
78669  51.383  24.523  9.609 0.0000000000
78670  49.838  23.722  9.808 0.0000000000
78671  49.138  23.362  9.895 0.0000000000
78672  36.307  23.522  9.945 0.0000000000
78673  35.552  23.418  9.719 0.0000000000
78674  34.556  23.263  9.649 0.0000000000
78683  53.843  23.517  8.511 0.0000000000
78684  53.480  24.185  8.528 0.0000000000
78685  52.360  24.175  8.452 0.0000000000
78686  51.570  23.942  8.874 0.0000000000
78687  35.093  23.155  8.818 0.0000000000
78697  54.145  23.885  7.641 0.0000000000
78698  53.442  24.342  7.523 0.0000000000
78699  52.582  23.820  7.342 0.0000000000
78708  54.604  23.872  5.855 0.0000000000
78709  54.220  24.225  6.449 0.0000000000
78710  53.281  24.194  6.489 0.0000000000
78711  52.152  23.419  6.161 0.0000000000
78720  54.796  23.965  5.301 0.0000000000
78721  53.893  24.478  5.677 0.0000000000
78722  53.048  24.056  5.446 0.0000000000
78723  52.096  23.454  4.977 0.0000000000
78731  54.927  23.959  4.554 0.0000000000
78745  41.269  23.463  3.797 0.0000000000
78746  40.702  23.515  4.289 0.0000000000
78753  42.274  23.426  2.719 0.0000000000
78754  41.766  23.427  3.244 0.0000000000
78762  42.764  23.446  2.159 0.0000000000
79284  51.415  26.130  13.699 0.0000000000
79285  51.057  25.885  14.016 0.0000000000
79286  49.975  25.283  13.773 0.0000000000
79287  48.565  25.298  13.650 0.0000000000
79288  47.396  25.343  13.780 0.0000000000
79289  46.360  25.378  13.956 0.0000000000
79290  45.371  25.430  14.133 0.0000000000
79291  44.319  25.531  14.298 0.0000000000
79292  43.160  25.606  14.296 0.0000000000
79293  42.005  25.448  14.219 0.0000000000
79294  40.950  25.146  14.381 0.0000000000
79295  39.922  24.915  14.786 0.0000000000
79296  39.089  25.089  14.716 0.0000000000
79297  38.445  25.188  14.291 0.0000000000
79298  37.517  24.927  13.787 0.0000000000
79299  36.584  24.449  13.285 0.0000000000
79307  51.493  25.451  13.121 0.0000000000
79308  50.841  24.956  13.497 0.0000000000
79309  50.417  24.618  13.513 0.0000000000
79310  39.349  25.940  12.805 0.0000000000
79311  38.605  25.515  13.054 0.0000000000
79312  37.452  24.802  12.413 0.0000000000
79313  36.797  24.448  12.493 0.0000000000
79319  51.871  25.242  11.859 0.0000000000
79320  50.191  25.950  11.444 0.0000000000
79321  49.601  25.877  11.487 0.0000000000
79322  48.540  25.923  11.459 0.0000000000
79323  47.314  25.941  11.356 0.0000000000
79324  45.934  25.453  11.177 0.0000000000
79325  44.690  25.482  11.435 0.0000000000
79326  43.628  25.403  11.544 0.0000000000
79327  42.600  25.449  11.590 0.0000000000
79328  41.587  25.610  11.617 0.0000000000
79329  40.558  25.769  11.687 0.0000000000
79330  39.401  25.801  12.009 0.0000000000
79331  38.305  25.166  11.833 0.0000000000
79332  37.752  24.778  11.645 0.0000000000
79339  52.219  25.228  10.532 0.0000000000
79340  51.478  25.505  10.412 0.0000000000
79341  50.401  25.584  10.872 0.0000000000
79342  49.200  25.212  10.810 0.0000000000
79343  47.989  24.996  10.759 0.0000000000
79344  46.730  24.702  10.699 0.0000000000
79345  46.120  24.735  10.782 0.0000000000
79354  52.213  25.151  9.770 0.0000000000
79355  51.959  25.443  9.926 0.0000000000
79376  54.649  24.123  5.576 0.0000000000
79377  54.519  24.164  5.873 0.0000000000
79386  54.711  24.184  5.074 0.0000000000
79387  54.440  24.293  5.627 0.0000000000
79397  54.393  24.395  4.920 0.0000000000
79864  51.448  26.356  13.431 0.0000000000
79865  51.217  26.466  13.641 0.0000000000
79866  50.358  26.534  13.536 0.0000000000
79867  48.945  26.253  13.452 0.0000000000
79868  47.724  26.325  13.603 0.0000000000
79869  46.643  26.490  13.961 0.0000000000
79870  45.802  26.384  14.254 0.0000000000
79871  44.870  26.524  14.373 0.0000000000
79872  43.768  26.663  14.260 0.0000000000
79873  42.453  26.700  13.863 0.0000000000
79874  41.248  25.990  13.791 0.0000000000
79875  40.252  25.717  14.061 0.0000000000
79876  39.464  25.509  14.252 0.0000000000
79877  39.000  25.385  14.310 0.0000000000
79885  51.720  26.211  12.775 0.0000000000
79886  50.783  26.700  12.575 0.0000000000
79887  50.221  26.701  12.847 0.0000000000
79888  49.125  26.691  12.953 0.0000000000
79889  47.924  26.888  13.053 0.0000000000
79890  46.909  27.097  13.377 0.0000000000
79891  44.714  27.358  12.591 0.0000000000
79892  43.714  27.198  12.608 0.0000000000
79893  42.896  27.077  12.725 0.0000000000
79894  42.282  26.937  13.009 0.0000000000
79895  41.362  26.504  13.165 0.0000000000
79896  40.428  26.210  13.312 0.0000000000
79897  39.536  25.941  13.470 0.0000000000
79898  38.985  25.624  13.907 0.0000000000
79903  51.671  26.160  11.774 0.0000000000
79904  50.993  26.450  11.866 0.0000000000
79905  50.234  26.315  12.022 0.0000000000
79906  49.264  26.361  12.243 0.0000000000
79907  48.124  26.680  12.226 0.0000000000
79908  46.709  27.040  12.276 0.0000000000
79909  45.319  26.677  11.928 0.0000000000
79910  44.207  26.495  11.960 0.0000000000
79911  43.214  26.372  12.109 0.0000000000
79912  42.308  26.338  12.274 0.0000000000
79913  41.394  26.316  12.398 0.0000000000
79914  40.465  26.259  12.544 0.0000000000
79915  39.798  26.214  12.802 0.0000000000
79921  51.798  25.959  10.855 0.0000000000
79922  51.222  26.055  11.145 0.0000000000
79923  50.613  26.103  11.434 0.0000000000
80340  51.297  26.584  13.443 0.0000000000
80341  51.091  26.697  13.363 0.0000000000
80342  50.784  26.804  13.148 0.0000000000
80343  46.018  26.930  14.126 0.0000000000
80344  45.449  27.184  14.155 0.0000000000
80345  44.480  27.374  14.032 0.0000000000
80346  43.464  27.323  13.709 0.0000000000
80347  42.849  27.278  13.364 0.0000000000
80353  51.339  26.610  13.185 0.0000000000
80354  51.078  26.819  12.941 0.0000000000
80355  50.776  26.820  12.923 0.0000000000
80356  46.139  27.359  13.831 0.0000000000
80357  45.266  27.707  13.446 0.0000000000
80358  44.130  27.580  13.293 0.0000000000
80359  43.261  27.439  13.161 0.0000000000
80360  42.802  27.319  13.101 0.0000000000
80364  51.413  26.550  12.695 0.0000000000
80365  51.212  26.596  12.434 0.0000000000
80366  46.221  27.663  13.146 0.0000000000
80367  45.657  27.466  12.643 0.0000000000
