#!ascii label  , from subject FREESURFER vox2ras=TkReg 
380
44700  14.292  -13.064  36.853 0.0000000000
44701  13.490  -13.152  36.726 0.0000000000
44729  18.125  -12.756  34.977 0.0000000000
45748  15.695  -12.741  37.015 0.0000000000
45769  16.007  -12.467  36.295 0.0000000000
45770  15.005  -12.624  36.423 0.0000000000
45771  14.008  -12.618  36.234 0.0000000000
45772  13.143  -12.541  36.180 0.0000000000
45787  17.707  -12.638  35.054 0.0000000000
45788  17.052  -12.462  35.268 0.0000000000
45789  16.335  -12.265  35.494 0.0000000000
45790  15.483  -12.031  35.476 0.0000000000
45791  14.504  -12.096  35.658 0.0000000000
45792  13.571  -12.034  35.728 0.0000000000
45793  12.954  -12.031  35.867 0.0000000000
45804  18.942  -12.874  34.302 0.0000000000
45805  18.049  -12.622  34.413 0.0000000000
45806  17.271  -12.341  34.539 0.0000000000
45807  16.477  -12.020  34.621 0.0000000000
45808  15.984  -11.970  35.039 0.0000000000
45817  21.860  -11.470  33.403 0.0000000000
45818  21.304  -11.749  33.171 0.0000000000
45819  20.358  -12.350  33.460 0.0000000000
45820  19.381  -12.586  33.541 0.0000000000
45821  18.347  -12.289  33.418 0.0000000000
45822  17.430  -12.119  33.866 0.0000000000
45823  16.917  -12.034  34.166 0.0000000000
45832  20.971  -11.479  32.517 0.0000000000
45833  20.418  -11.778  32.607 0.0000000000
45834  19.558  -12.117  32.758 0.0000000000
45835  18.946  -12.288  32.990 0.0000000000
46747  15.377  -11.685  35.105 0.0000000000
46748  14.969  -11.565  35.191 0.0000000000
46749  14.018  -11.296  35.295 0.0000000000
46750  12.930  -11.277  35.687 0.0000000000
46762  16.228  -11.677  34.327 0.0000000000
46763  15.664  -11.483  34.609 0.0000000000
46764  14.724  -10.932  34.831 0.0000000000
46765  14.123  -10.608  35.045 0.0000000000
46776  22.325  -11.010  33.400 0.0000000000
46777  21.773  -11.318  33.073 0.0000000000
46778  18.126  -11.734  33.034 0.0000000000
46779  17.583  -11.561  33.225 0.0000000000
46780  16.567  -11.504  33.814 0.0000000000
46781  15.841  -10.857  33.815 0.0000000000
46791  22.140  -10.612  32.715 0.0000000000
46792  21.506  -10.914  32.382 0.0000000000
46793  20.581  -11.234  32.121 0.0000000000
46794  19.652  -11.161  32.128 0.0000000000
46795  18.611  -11.584  32.726 0.0000000000
46796  17.994  -11.428  32.891 0.0000000000
46805  21.152  -10.545  31.813 0.0000000000
46806  20.714  -10.744  31.799 0.0000000000
46807  20.226  -10.922  31.831 0.0000000000
47621  13.511  -10.347  35.351 0.0000000000
47622  12.883  -10.447  35.693 0.0000000000
47636  15.227  -10.336  34.206 0.0000000000
47637  14.437  -10.214  34.759 0.0000000000
47638  13.989  -10.193  35.036 0.0000000000
47649  22.563  -10.197  32.971 0.0000000000
47650  17.009  -10.960  33.115 0.0000000000
47651  16.346  -10.400  33.252 0.0000000000
47652  15.750  -10.309  33.666 0.0000000000
47662  22.066  -10.172  32.216 0.0000000000
47663  21.708  -10.442  32.118 0.0000000000
47664  19.351  -10.180  31.970 0.0000000000
47665  18.702  -10.546  32.357 0.0000000000
47666  17.709  -10.777  32.719 0.0000000000
47667  16.987  -10.465  32.890 0.0000000000
47675  21.901  -9.923  31.884 0.0000000000
47676  21.554  -10.160  31.820 0.0000000000
47677  20.806  -10.170  31.564 0.0000000000
47678  20.065  -10.372  31.665 0.0000000000
48512  13.470  -9.642  35.453 0.0000000000
48513  12.927  -9.692  35.843 0.0000000000
48532  15.218  -9.584  34.139 0.0000000000
48533  14.731  -9.574  34.520 0.0000000000
48534  13.970  -9.590  35.053 0.0000000000
48551  16.330  -9.650  33.148 0.0000000000
48552  15.720  -9.602  33.611 0.0000000000
48564  22.694  -9.348  32.627 0.0000000000
48565  19.309  -9.602  32.023 0.0000000000
48566  18.915  -9.694  32.303 0.0000000000
48567  18.075  -9.810  32.497 0.0000000000
48568  17.000  -9.745  32.749 0.0000000000
48579  22.013  -9.317  31.798 0.0000000000
48580  21.107  -9.415  31.489 0.0000000000
48581  20.325  -9.548  31.551 0.0000000000
48582  19.679  -9.604  31.759 0.0000000000
49387  19.848  -8.414  36.591 0.0000000000
49388  19.523  -8.635  36.669 0.0000000000
49409  19.833  -8.435  36.108 0.0000000000
49410  19.538  -8.581  36.256 0.0000000000
49431  19.689  -8.420  35.902 0.0000000000
49432  19.493  -8.550  35.968 0.0000000000
49433  14.182  -8.478  35.348 0.0000000000
49434  13.547  -8.997  35.607 0.0000000000
49454  15.251  -8.856  34.265 0.0000000000
49455  14.438  -8.922  34.843 0.0000000000
49456  13.978  -8.959  35.168 0.0000000000
49477  18.301  -8.641  33.272 0.0000000000
49478  17.262  -8.664  33.245 0.0000000000
49479  16.383  -8.951  33.245 0.0000000000
49480  15.770  -8.909  33.678 0.0000000000
49495  22.648  -8.445  32.231 0.0000000000
49496  19.361  -8.913  32.161 0.0000000000
49497  18.642  -9.080  32.699 0.0000000000
49498  17.711  -9.146  32.857 0.0000000000
49499  17.035  -9.026  32.857 0.0000000000
49509  22.154  -8.254  31.753 0.0000000000
49510  21.413  -8.449  31.523 0.0000000000
49511  20.529  -8.645  31.536 0.0000000000
49512  19.909  -8.947  31.719 0.0000000000
50277  20.297  -7.614  40.121 0.0000000000
50300  19.959  -7.446  38.833 0.0000000000
50301  19.288  -7.949  39.286 0.0000000000
50302  18.345  -7.894  39.609 0.0000000000
50321  19.826  -7.612  37.675 0.0000000000
50322  19.305  -7.943  38.114 0.0000000000
50323  18.466  -7.937  38.474 0.0000000000
50342  20.040  -7.961  37.011 0.0000000000
50343  19.541  -8.381  37.191 0.0000000000
50344  18.696  -8.388  37.418 0.0000000000
50361  20.090  -7.994  36.346 0.0000000000
50362  19.100  -8.719  36.628 0.0000000000
50363  18.295  -8.409  36.420 0.0000000000
50364  17.639  -8.096  35.943 0.0000000000
50380  19.890  -8.212  35.887 0.0000000000
50381  19.347  -8.407  35.730 0.0000000000
50382  18.328  -8.345  35.393 0.0000000000
50383  17.316  -7.950  35.290 0.0000000000
50384  15.342  -7.636  35.375 0.0000000000
50385  14.732  -7.699  35.789 0.0000000000
50386  13.862  -8.288  35.894 0.0000000000
50402  19.001  -8.073  34.742 0.0000000000
50403  18.058  -8.300  34.579 0.0000000000
50404  16.824  -7.864  34.568 0.0000000000
50405  15.669  -7.843  34.750 0.0000000000
50406  14.804  -8.295  34.954 0.0000000000
50424  18.726  -8.002  33.822 0.0000000000
50425  17.687  -8.337  33.874 0.0000000000
50426  16.574  -8.209  33.803 0.0000000000
50427  15.867  -8.450  33.848 0.0000000000
50449  19.394  -8.299  32.209 0.0000000000
50450  19.141  -8.018  32.711 0.0000000000
50465  22.776  -7.516  31.862 0.0000000000
50466  21.901  -7.539  31.430 0.0000000000
50467  20.814  -7.486  31.296 0.0000000000
50468  19.686  -7.923  31.799 0.0000000000
50469  19.131  -7.442  32.090 0.0000000000
51274  20.964  -7.146  40.261 0.0000000000
51290  21.169  -6.792  40.274 0.0000000000
51291  20.802  -6.898  39.550 0.0000000000
51306  20.200  -6.686  38.233 0.0000000000
51307  19.864  -5.948  37.949 0.0000000000
51308  17.545  -7.342  38.921 0.0000000000
51323  20.070  -7.320  36.925 0.0000000000
51324  19.768  -6.362  37.267 0.0000000000
51325  17.513  -7.710  37.485 0.0000000000
51326  16.263  -7.170  37.451 0.0000000000
51339  19.969  -7.645  35.999 0.0000000000
51340  19.726  -6.749  36.278 0.0000000000
51341  17.540  -7.975  36.509 0.0000000000
51342  16.742  -7.602  36.251 0.0000000000
51343  15.719  -7.311  36.621 0.0000000000
51344  15.050  -7.379  36.745 0.0000000000
51357  19.796  -7.966  35.668 0.0000000000
51358  19.414  -7.292  35.369 0.0000000000
51359  16.400  -7.591  35.237 0.0000000000
51360  15.690  -7.447  35.622 0.0000000000
51361  15.258  -7.356  36.178 0.0000000000
51377  18.795  -6.893  34.247 0.0000000000
51378  18.418  -6.234  33.945 0.0000000000
51379  16.166  -7.605  34.869 0.0000000000
51380  15.941  -7.489  35.065 0.0000000000
51396  18.558  -6.749  33.266 0.0000000000
51397  18.488  -6.436  33.747 0.0000000000
51416  18.749  -6.787  32.274 0.0000000000
51438  22.618  -6.858  31.131 0.0000000000
51439  21.678  -6.764  30.953 0.0000000000
51440  20.850  -6.575  30.806 0.0000000000
51441  19.813  -6.541  31.035 0.0000000000
51442  19.161  -6.902  31.681 0.0000000000
51461  22.493  -6.429  30.265 0.0000000000
51462  21.548  -6.135  30.245 0.0000000000
51463  20.571  -5.963  30.454 0.0000000000
51464  19.892  -5.727  30.595 0.0000000000
51478  21.834  -5.576  29.756 0.0000000000
52326  20.649  -5.694  40.419 0.0000000000
52334  21.087  -6.329  40.027 0.0000000000
52335  20.402  -5.818  39.342 0.0000000000
52336  19.769  -5.312  38.836 0.0000000000
52347  20.058  -5.834  38.506 0.0000000000
52348  19.523  -5.333  38.283 0.0000000000
52358  19.266  -5.484  37.588 0.0000000000
52366  19.151  -5.725  36.706 0.0000000000
52374  19.122  -5.971  35.764 0.0000000000
52381  18.767  -6.021  34.936 0.0000000000
52382  18.341  -5.787  34.226 0.0000000000
52390  18.232  -6.093  33.143 0.0000000000
52391  18.139  -5.772  33.494 0.0000000000
52399  18.221  -5.745  32.654 0.0000000000
52400  17.937  -5.225  33.043 0.0000000000
52416  19.371  -5.715  30.877 0.0000000000
52417  18.756  -5.732  31.432 0.0000000000
52433  21.180  -5.481  30.098 0.0000000000
52434  20.435  -5.106  30.290 0.0000000000
52435  19.565  -5.185  30.631 0.0000000000
52436  19.116  -5.330  30.906 0.0000000000
52454  21.623  -5.038  29.701 0.0000000000
52455  21.091  -5.015  30.024 0.0000000000
53378  19.832  -4.830  40.071 0.0000000000
53386  19.603  -4.803  39.276 0.0000000000
53387  19.362  -4.662  38.677 0.0000000000
53397  19.077  -4.590  37.985 0.0000000000
53405  18.731  -4.700  37.135 0.0000000000
53410  18.645  -4.878  36.164 0.0000000000
53417  18.576  -5.153  35.389 0.0000000000
53423  18.296  -4.904  34.661 0.0000000000
53424  17.982  -4.865  33.931 0.0000000000
53430  17.886  -4.785  33.342 0.0000000000
53436  18.211  -4.928  32.025 0.0000000000
53437  17.952  -4.635  32.708 0.0000000000
53447  18.509  -4.629  31.491 0.0000000000
53458  20.435  -4.468  30.262 0.0000000000
53459  19.837  -4.528  30.453 0.0000000000
53460  19.027  -4.659  30.881 0.0000000000
53476  21.150  -4.405  29.944 0.0000000000
54385  19.657  -3.710  40.644 0.0000000000
54394  19.451  -3.781  39.492 0.0000000000
54395  19.343  -4.234  39.017 0.0000000000
54405  19.382  -3.312  38.955 0.0000000000
54406  19.209  -3.732  38.531 0.0000000000
54414  18.841  -3.694  37.535 0.0000000000
54420  18.575  -3.754  36.546 0.0000000000
54427  18.419  -3.956  35.372 0.0000000000
54432  18.190  -3.794  34.008 0.0000000000
54433  17.939  -4.329  33.629 0.0000000000
54438  18.155  -3.419  32.945 0.0000000000
54439  17.885  -4.081  33.227 0.0000000000
54444  18.215  -3.904  32.057 0.0000000000
54445  17.931  -3.949  32.715 0.0000000000
54451  19.168  -3.555  31.064 0.0000000000
54452  18.712  -3.979  31.274 0.0000000000
54463  20.412  -3.841  30.339 0.0000000000
54464  19.479  -3.965  30.679 0.0000000000
54465  19.022  -4.000  30.906 0.0000000000
54474  21.175  -3.760  29.979 0.0000000000
55433  19.801  -2.858  40.736 0.0000000000
55442  19.694  -2.920  40.064 0.0000000000
55452  19.563  -2.808  39.173 0.0000000000
55453  19.305  -2.998  38.616 0.0000000000
55462  19.440  -2.500  38.460 0.0000000000
55463  19.045  -2.793  37.927 0.0000000000
55470  18.749  -2.840  37.022 0.0000000000
55477  18.566  -2.795  36.020 0.0000000000
55484  18.703  -2.820  34.818 0.0000000000
55491  21.927  -2.527  33.092 0.0000000000
55492  21.468  -2.545  32.930 0.0000000000
55493  19.516  -2.346  33.286 0.0000000000
55494  18.870  -2.622  33.479 0.0000000000
55500  22.119  -2.571  32.548 0.0000000000
55501  21.071  -2.547  32.415 0.0000000000
55502  19.811  -2.430  32.551 0.0000000000
55503  18.748  -2.916  32.274 0.0000000000
55509  22.124  -2.458  31.505 0.0000000000
55510  20.762  -2.681  31.513 0.0000000000
55511  19.575  -2.940  31.440 0.0000000000
55512  18.799  -3.368  31.570 0.0000000000
55524  21.631  -2.579  30.501 0.0000000000
55525  20.539  -3.098  30.771 0.0000000000
55526  19.772  -3.418  30.799 0.0000000000
55535  21.695  -2.547  29.520 0.0000000000
55536  21.251  -3.242  30.107 0.0000000000
56445  21.293  -1.312  39.843 0.0000000000
56446  20.547  -1.761  40.338 0.0000000000
56447  19.981  -2.329  40.563 0.0000000000
56455  21.205  -1.414  38.943 0.0000000000
56456  20.520  -1.733  39.368 0.0000000000
56457  19.961  -2.210  39.740 0.0000000000
56466  23.263  -1.563  37.929 0.0000000000
56467  22.265  -1.526  37.946 0.0000000000
56468  21.282  -1.470  38.109 0.0000000000
56469  20.431  -1.680  38.422 0.0000000000
56470  19.885  -2.130  38.824 0.0000000000
56479  24.247  -1.192  36.768 0.0000000000
56480  23.813  -1.630  37.092 0.0000000000
56481  22.736  -1.714  37.119 0.0000000000
56482  21.580  -1.515  37.220 0.0000000000
56483  20.469  -1.502  37.430 0.0000000000
56484  19.491  -1.953  37.751 0.0000000000
56485  18.965  -2.336  37.370 0.0000000000
56493  24.344  -0.984  36.421 0.0000000000
56494  24.056  -1.332  35.997 0.0000000000
56495  23.125  -1.778  36.169 0.0000000000
56496  21.993  -1.640  36.258 0.0000000000
56497  20.779  -1.452  36.376 0.0000000000
56498  19.674  -1.603  36.568 0.0000000000
56499  18.927  -2.110  36.738 0.0000000000
56506  23.803  -1.122  35.017 0.0000000000
56507  23.325  -1.582  35.224 0.0000000000
56508  22.421  -1.775  35.290 0.0000000000
56509  21.251  -1.641  35.347 0.0000000000
56510  20.044  -1.597  35.432 0.0000000000
56511  19.066  -2.009  35.646 0.0000000000
56516  23.716  -1.052  34.552 0.0000000000
56517  23.467  -1.323  34.497 0.0000000000
56518  22.876  -1.738  34.378 0.0000000000
56519  21.858  -1.990  34.384 0.0000000000
56520  20.644  -1.914  34.414 0.0000000000
56521  19.495  -2.159  34.415 0.0000000000
56529  23.663  -1.012  34.200 0.0000000000
56530  23.462  -1.344  33.664 0.0000000000
56531  22.636  -2.177  33.295 0.0000000000
56532  21.353  -2.305  33.529 0.0000000000
56533  20.152  -2.252  33.470 0.0000000000
56534  19.469  -2.349  33.670 0.0000000000
56546  23.588  -1.486  32.608 0.0000000000
56547  23.064  -2.157  32.119 0.0000000000
56548  20.867  -2.440  33.048 0.0000000000
56549  20.430  -2.396  32.867 0.0000000000
56561  23.673  -1.462  31.810 0.0000000000
56562  23.045  -1.623  31.286 0.0000000000
56575  22.354  -1.667  30.516 0.0000000000
56581  21.656  -1.546  29.661 0.0000000000
57482  22.239  -0.983  40.086 0.0000000000
57499  23.939  -0.844  39.524 0.0000000000
57500  22.966  -0.995  39.392 0.0000000000
57501  22.024  -1.131  39.239 0.0000000000
57516  24.172  -0.487  38.667 0.0000000000
57517  23.547  -1.080  38.674 0.0000000000
57518  22.687  -1.280  38.627 0.0000000000
57519  21.886  -1.344  38.581 0.0000000000
57527  24.231  -0.861  37.532 0.0000000000
57528  23.948  -1.292  37.995 0.0000000000
57533  24.424  -0.631  36.810 0.0000000000
57534  24.420  -0.525  36.130 0.0000000000
57540  24.193  -0.563  35.326 0.0000000000
57547  23.798  -0.616  34.567 0.0000000000
57558  23.696  -0.594  33.843 0.0000000000
57559  23.782  -0.666  33.009 0.0000000000
57570  23.823  -0.757  32.151 0.0000000000
57579  23.345  -0.764  31.548 0.0000000000
57580  22.618  -0.672  30.875 0.0000000000
57586  21.810  -0.573  30.130 0.0000000000
58524  24.329  0.039  38.128 0.0000000000
58525  24.300  0.577  37.705 0.0000000000
58537  24.405  -0.151  37.371 0.0000000000
58538  24.370  0.323  36.711 0.0000000000
58551  24.240  0.312  35.684 0.0000000000
58561  23.890  0.166  34.841 0.0000000000
58562  23.552  0.464  34.340 0.0000000000
58571  23.695  -0.087  34.225 0.0000000000
58572  23.507  0.205  33.613 0.0000000000
58579  23.421  0.051  32.632 0.0000000000
58580  22.981  0.393  32.238 0.0000000000
58588  23.304  -0.227  32.023 0.0000000000
58589  22.645  0.252  31.561 0.0000000000
58597  21.886  0.391  30.648 0.0000000000
59465  23.963  1.272  37.285 0.0000000000
59478  23.792  1.425  36.196 0.0000000000
59479  23.388  2.062  35.948 0.0000000000
59493  23.703  0.971  35.190 0.0000000000
59494  23.394  1.795  35.409 0.0000000000
59505  23.569  0.735  34.686 0.0000000000
59506  23.113  1.391  34.364 0.0000000000
59507  22.374  2.048  34.125 0.0000000000
59512  23.063  0.947  33.130 0.0000000000
59513  22.413  1.792  33.490 0.0000000000
59519  23.007  0.678  32.577 0.0000000000
59520  22.437  1.334  32.378 0.0000000000
59530  21.807  1.371  31.278 0.0000000000
60501  23.557  1.997  37.016 0.0000000000
60502  23.109  2.451  36.494 0.0000000000
60514  23.008  2.376  35.770 0.0000000000
60527  22.937  2.246  35.122 0.0000000000
60528  22.288  2.474  34.703 0.0000000000
60539  21.813  2.418  33.985 0.0000000000
60545  21.746  2.405  33.073 0.0000000000
60555  21.565  2.509  31.939 0.0000000000
