#!ascii label  , from subject FREESURFER vox2ras=TkReg 
406
33334  10.428  -25.029  31.917 0.0000000000
33343  10.531  -25.166  31.182 0.0000000000
33353  10.707  -25.151  30.216 0.0000000000
33363  10.783  -25.298  29.227 0.0000000000
34099  1.031  -24.133  33.956 0.0000000000
34103  1.028  -24.337  33.925 0.0000000000
34104  0.670  -24.213  34.078 0.0000000000
34109  1.115  -24.081  33.825 0.0000000000
34110  0.456  -24.143  34.084 0.0000000000
34111  0.240  -24.271  34.213 0.0000000000
34119  10.275  -24.515  32.289 0.0000000000
34120  9.860  -24.283  32.964 0.0000000000
34130  10.505  -24.345  31.607 0.0000000000
34141  10.748  -24.294  30.693 0.0000000000
34151  11.176  -23.787  29.141 0.0000000000
34152  11.043  -24.144  29.533 0.0000000000
34159  11.220  -23.887  28.755 0.0000000000
34160  11.033  -24.630  28.548 0.0000000000
34171  11.257  -24.050  27.924 0.0000000000
34888  1.168  -23.991  34.064 0.0000000000
34889  1.130  -24.342  34.192 0.0000000000
34896  2.801  -23.935  34.305 0.0000000000
34897  0.376  -23.934  34.129 0.0000000000
34898  0.440  -24.213  34.151 0.0000000000
34902  3.128  -23.905  33.773 0.0000000000
34903  2.405  -24.039  33.813 0.0000000000
34904  0.649  -23.670  33.772 0.0000000000
34905  0.161  -23.970  34.093 0.0000000000
34906  -0.159  -24.136  34.267 0.0000000000
34908  9.450  -23.516  33.390 0.0000000000
34909  3.163  -23.680  33.491 0.0000000000
34910  2.632  -23.764  33.544 0.0000000000
34911  2.012  -23.998  33.635 0.0000000000
34912  1.223  -24.112  33.052 0.0000000000
34915  10.172  -23.542  32.231 0.0000000000
34916  9.815  -23.493  32.826 0.0000000000
34923  10.554  -23.477  31.254 0.0000000000
34934  10.860  -23.405  30.306 0.0000000000
34943  11.171  -23.280  29.120 0.0000000000
34944  11.046  -23.351  29.694 0.0000000000
34952  11.318  -23.291  28.254 0.0000000000
34961  11.328  -23.366  27.344 0.0000000000
35700  1.936  -23.219  33.826 0.0000000000
35701  1.046  -23.250  34.060 0.0000000000
35710  5.463  -22.214  35.017 0.0000000000
35711  4.011  -22.933  34.754 0.0000000000
35712  2.921  -22.563  34.295 0.0000000000
35713  1.346  -23.115  33.767 0.0000000000
35714  0.808  -23.453  33.988 0.0000000000
35720  6.299  -22.323  34.574 0.0000000000
35721  5.123  -22.963  34.316 0.0000000000
35722  3.992  -23.626  34.032 0.0000000000
35723  1.457  -22.339  33.629 0.0000000000
35724  1.054  -22.758  33.658 0.0000000000
35725  0.648  -23.749  34.029 0.0000000000
35727  8.902  -22.815  33.729 0.0000000000
35728  8.321  -22.315  33.771 0.0000000000
35729  6.554  -22.643  33.430 0.0000000000
35730  6.165  -22.713  33.699 0.0000000000
35731  4.961  -23.257  33.538 0.0000000000
35732  3.844  -23.454  33.390 0.0000000000
35733  3.015  -23.043  33.116 0.0000000000
35734  2.070  -23.159  33.400 0.0000000000
35735  1.287  -23.033  33.542 0.0000000000
35740  9.997  -22.962  32.226 0.0000000000
35741  9.592  -22.697  32.627 0.0000000000
35742  6.506  -22.772  33.164 0.0000000000
35743  5.857  -23.055  32.912 0.0000000000
35744  4.768  -23.033  32.791 0.0000000000
35745  3.721  -22.594  32.702 0.0000000000
35746  2.901  -22.089  32.720 0.0000000000
35752  10.114  -22.714  31.752 0.0000000000
35753  9.598  -22.029  31.789 0.0000000000
35762  10.488  -22.602  30.775 0.0000000000
35771  11.058  -22.602  29.136 0.0000000000
35772  10.829  -22.551  29.748 0.0000000000
35782  11.176  -22.555  28.599 0.0000000000
35793  11.350  -22.503  27.764 0.0000000000
35804  11.465  -22.554  26.772 0.0000000000
36555  5.060  -21.624  35.265 0.0000000000
36556  3.152  -22.010  34.890 0.0000000000
36557  1.979  -22.099  34.653 0.0000000000
36558  2.116  -21.941  33.805 0.0000000000
36561  7.654  -22.219  34.055 0.0000000000
36562  6.932  -22.231  34.168 0.0000000000
36563  6.532  -22.385  34.080 0.0000000000
36564  4.537  -21.211  34.766 0.0000000000
36565  3.631  -21.381  34.637 0.0000000000
36566  2.416  -21.463  34.431 0.0000000000
36567  1.468  -21.805  33.914 0.0000000000
36568  1.384  -22.411  33.575 0.0000000000
36570  8.659  -22.111  33.042 0.0000000000
36571  7.748  -22.101  33.220 0.0000000000
36572  6.913  -22.405  33.509 0.0000000000
36573  6.662  -22.401  33.860 0.0000000000
36574  2.349  -22.119  32.876 0.0000000000
36575  1.662  -21.890  33.409 0.0000000000
36576  1.284  -21.818  33.650 0.0000000000
36581  8.948  -21.734  32.148 0.0000000000
36582  7.955  -21.914  32.299 0.0000000000
36583  6.785  -22.477  32.456 0.0000000000
36584  5.507  -22.494  32.203 0.0000000000
36585  4.429  -22.092  32.274 0.0000000000
36586  3.347  -21.327  32.273 0.0000000000
36587  2.368  -21.420  32.749 0.0000000000
36588  1.940  -21.564  33.014 0.0000000000
36594  9.927  -21.934  31.100 0.0000000000
36595  9.159  -21.377  31.082 0.0000000000
36596  8.187  -21.514  31.370 0.0000000000
36597  7.155  -21.785  31.447 0.0000000000
36598  5.999  -21.776  31.504 0.0000000000
36599  4.909  -21.490  31.767 0.0000000000
36600  4.180  -21.363  31.982 0.0000000000
36606  10.176  -21.685  30.272 0.0000000000
36607  9.675  -21.478  30.669 0.0000000000
36613  10.892  -22.021  29.018 0.0000000000
36614  10.481  -21.547  29.465 0.0000000000
36620  11.095  -21.584  28.255 0.0000000000
36621  10.679  -21.252  28.851 0.0000000000
36629  11.409  -21.590  27.314 0.0000000000
36637  11.578  -21.564  26.354 0.0000000000
36648  11.523  -21.430  25.486 0.0000000000
36664  11.419  -21.201  24.846 0.0000000000
37476  4.154  -20.796  34.324 0.0000000000
37477  2.987  -20.818  34.134 0.0000000000
37478  2.044  -20.912  33.997 0.0000000000
37489  4.820  -20.221  33.881 0.0000000000
37490  3.684  -20.244  33.644 0.0000000000
37491  2.703  -20.424  33.387 0.0000000000
37492  1.819  -21.000  33.404 0.0000000000
37503  3.400  -20.065  32.232 0.0000000000
37504  2.518  -20.663  32.774 0.0000000000
37505  1.880  -21.203  32.997 0.0000000000
37518  8.881  -20.919  30.456 0.0000000000
37519  8.312  -21.015  30.576 0.0000000000
37520  7.382  -21.118  30.726 0.0000000000
37521  6.388  -21.011  30.954 0.0000000000
37522  5.197  -20.377  31.204 0.0000000000
37523  4.083  -20.607  31.750 0.0000000000
37535  10.014  -21.014  29.704 0.0000000000
37536  9.399  -20.936  30.151 0.0000000000
37537  8.564  -20.403  29.948 0.0000000000
37538  7.613  -20.410  30.174 0.0000000000
37539  6.632  -20.354  30.444 0.0000000000
37540  5.976  -20.324  30.764 0.0000000000
37550  10.271  -20.750  29.126 0.0000000000
37551  9.585  -20.252  29.338 0.0000000000
37552  9.091  -20.303  29.698 0.0000000000
37560  11.171  -20.837  27.720 0.0000000000
37561  10.603  -20.358  28.315 0.0000000000
37562  10.050  -20.191  28.871 0.0000000000
37571  11.317  -20.457  26.914 0.0000000000
37572  10.985  -20.275  27.592 0.0000000000
37580  11.509  -20.715  26.012 0.0000000000
37588  11.488  -20.513  25.271 0.0000000000
37599  11.297  -20.521  24.323 0.0000000000
37600  10.961  -21.055  23.988 0.0000000000
37616  11.206  -20.066  23.804 0.0000000000
37617  10.711  -20.533  23.478 0.0000000000
37633  10.223  -20.147  22.805 0.0000000000
38418  4.310  -19.575  33.227 0.0000000000
38419  3.453  -19.756  33.077 0.0000000000
38432  4.973  -19.003  32.847 0.0000000000
38433  3.917  -19.136  32.442 0.0000000000
38434  3.156  -19.963  32.760 0.0000000000
38444  4.793  -19.010  31.132 0.0000000000
38445  4.051  -19.289  31.731 0.0000000000
38455  8.433  -19.997  29.630 0.0000000000
38456  7.970  -19.912  29.664 0.0000000000
38457  6.833  -19.531  29.823 0.0000000000
38458  5.726  -19.544  30.503 0.0000000000
38468  9.328  -19.785  29.089 0.0000000000
38469  8.747  -19.646  29.299 0.0000000000
38470  7.704  -19.272  29.389 0.0000000000
38471  7.080  -18.963  29.431 0.0000000000
38480  10.272  -19.654  28.055 0.0000000000
38481  9.589  -19.489  28.560 0.0000000000
38482  8.984  -19.265  28.844 0.0000000000
38493  11.090  -19.724  26.733 0.0000000000
38494  10.650  -19.505  27.312 0.0000000000
38495  10.097  -19.346  27.896 0.0000000000
38503  11.251  -19.635  26.018 0.0000000000
38504  10.956  -19.384  26.583 0.0000000000
38511  11.409  -19.607  24.956 0.0000000000
38519  11.361  -19.545  24.117 0.0000000000
38532  11.111  -19.577  23.468 0.0000000000
38533  10.666  -19.545  22.895 0.0000000000
39352  5.758  -18.586  32.449 0.0000000000
39353  4.570  -18.344  32.343 0.0000000000
39354  4.002  -18.359  32.170 0.0000000000
39360  6.415  -18.145  32.156 0.0000000000
39361  5.298  -17.843  32.083 0.0000000000
39362  4.321  -18.018  31.751 0.0000000000
39363  3.868  -18.582  32.027 0.0000000000
39368  5.903  -18.984  29.974 0.0000000000
39369  5.254  -18.157  30.601 0.0000000000
39375  8.125  -19.040  29.078 0.0000000000
39376  7.470  -18.522  29.035 0.0000000000
39377  6.343  -18.481  29.537 0.0000000000
39378  5.723  -17.879  29.820 0.0000000000
39385  9.225  -18.524  28.037 0.0000000000
39386  8.578  -18.694  28.614 0.0000000000
39387  7.903  -18.080  28.595 0.0000000000
39395  10.282  -18.522  26.981 0.0000000000
39396  9.846  -18.737  27.609 0.0000000000
39404  11.109  -19.002  25.915 0.0000000000
39405  10.830  -18.692  26.232 0.0000000000
39412  11.205  -18.734  25.448 0.0000000000
39413  11.007  -18.285  25.653 0.0000000000
39420  11.383  -18.759  24.519 0.0000000000
39427  11.313  -18.764  23.661 0.0000000000
39428  11.036  -18.964  23.062 0.0000000000
39439  11.148  -18.389  23.065 0.0000000000
39440  10.630  -18.536  22.453 0.0000000000
40381  7.448  -17.312  31.716 0.0000000000
40382  6.371  -17.503  31.715 0.0000000000
40383  5.016  -17.082  31.826 0.0000000000
40384  4.587  -17.348  31.354 0.0000000000
40391  4.709  -16.784  31.382 0.0000000000
40392  4.666  -17.054  30.836 0.0000000000
40399  6.800  -18.028  29.083 0.0000000000
40400  6.218  -17.476  29.314 0.0000000000
40401  5.382  -17.314  30.107 0.0000000000
40408  8.869  -18.072  28.058 0.0000000000
40409  8.312  -17.541  28.117 0.0000000000
40410  7.227  -17.561  28.664 0.0000000000
40411  6.618  -17.090  28.844 0.0000000000
40418  9.901  -18.107  27.146 0.0000000000
40419  9.312  -17.578  27.430 0.0000000000
40420  8.671  -17.082  27.626 0.0000000000
40429  10.186  -17.604  26.585 0.0000000000
40430  9.702  -17.095  26.824 0.0000000000
40436  11.125  -18.121  25.386 0.0000000000
40437  10.860  -17.651  25.552 0.0000000000
40444  11.287  -17.905  24.844 0.0000000000
40445  11.071  -17.368  24.957 0.0000000000
40453  11.401  -18.087  24.044 0.0000000000
40454  11.258  -17.617  23.661 0.0000000000
40462  11.301  -18.082  23.453 0.0000000000
40463  11.066  -17.631  22.956 0.0000000000
41436  8.018  -16.673  31.472 0.0000000000
41437  6.967  -16.906  31.336 0.0000000000
41438  5.917  -16.844  31.455 0.0000000000
41456  7.388  -16.338  30.989 0.0000000000
41457  6.331  -16.292  31.101 0.0000000000
41458  5.151  -16.261  31.414 0.0000000000
41459  4.622  -16.264  31.089 0.0000000000
41477  5.582  -16.867  29.646 0.0000000000
41478  4.979  -16.479  30.283 0.0000000000
41494  7.589  -16.912  28.182 0.0000000000
41495  6.898  -16.764  28.491 0.0000000000
41496  6.023  -16.582  29.003 0.0000000000
41497  5.373  -16.438  29.591 0.0000000000
41509  8.834  -16.758  27.309 0.0000000000
41510  8.112  -16.545  27.575 0.0000000000
41511  7.169  -16.318  27.917 0.0000000000
41512  6.496  -16.261  28.308 0.0000000000
41523  9.882  -16.798  26.443 0.0000000000
41524  9.276  -16.513  26.743 0.0000000000
41525  8.611  -16.243  27.032 0.0000000000
41534  10.293  -16.653  25.785 0.0000000000
41535  9.711  -16.302  26.142 0.0000000000
41543  11.128  -17.262  24.519 0.0000000000
41544  10.796  -16.787  24.862 0.0000000000
41553  11.275  -17.521  24.163 0.0000000000
41554  10.997  -16.871  23.791 0.0000000000
42504  9.096  -15.356  31.177 0.0000000000
42505  8.742  -15.954  31.630 0.0000000000
42518  9.158  -14.991  30.505 0.0000000000
42519  8.315  -15.770  30.689 0.0000000000
42520  6.994  -15.746  30.588 0.0000000000
42521  5.622  -15.418  30.927 0.0000000000
42522  4.469  -15.319  31.333 0.0000000000
42523  3.929  -14.785  31.459 0.0000000000
42531  9.203  -14.679  29.971 0.0000000000
42532  8.651  -14.980  29.933 0.0000000000
42533  7.622  -15.157  30.010 0.0000000000
42534  6.542  -15.017  30.373 0.0000000000
42535  4.337  -15.743  30.675 0.0000000000
42536  3.781  -15.102  31.075 0.0000000000
42545  5.843  -16.020  28.506 0.0000000000
42546  4.888  -15.831  29.395 0.0000000000
42547  3.935  -15.224  30.234 0.0000000000
42556  8.104  -15.878  27.023 0.0000000000
42557  7.405  -15.818  27.304 0.0000000000
42558  6.349  -15.695  27.702 0.0000000000
42559  5.381  -15.645  28.303 0.0000000000
42567  9.281  -15.920  26.153 0.0000000000
42568  8.587  -15.699  26.402 0.0000000000
42569  7.650  -15.383  26.608 0.0000000000
42570  6.893  -15.324  26.918 0.0000000000
42580  10.313  -16.090  25.076 0.0000000000
42581  9.672  -15.775  25.514 0.0000000000
42582  9.016  -15.534  25.828 0.0000000000
42593  10.458  -15.929  24.278 0.0000000000
42594  10.000  -15.610  24.819 0.0000000000
43540  9.492  -14.486  31.277 0.0000000000
43551  9.616  -14.212  30.256 0.0000000000
43552  4.863  -14.699  31.280 0.0000000000
43553  4.152  -14.346  31.465 0.0000000000
43554  3.622  -14.430  31.309 0.0000000000
43564  9.077  -14.266  29.379 0.0000000000
43565  8.072  -14.566  29.430 0.0000000000
43566  6.898  -14.262  29.750 0.0000000000
43567  5.521  -14.401  30.709 0.0000000000
43568  4.725  -14.225  31.252 0.0000000000
43569  3.258  -14.465  30.402 0.0000000000
43570  2.756  -14.107  30.001 0.0000000000
43580  8.854  -13.908  28.835 0.0000000000
43581  8.280  -14.059  28.956 0.0000000000
43582  7.664  -14.117  29.202 0.0000000000
43583  4.566  -15.391  28.507 0.0000000000
43584  3.583  -15.026  29.246 0.0000000000
43585  2.350  -14.345  29.380 0.0000000000
43586  1.513  -14.332  29.304 0.0000000000
43596  6.174  -15.124  26.943 0.0000000000
43597  5.209  -15.139  27.612 0.0000000000
43598  3.831  -15.098  28.081 0.0000000000
43599  2.545  -14.995  28.542 0.0000000000
43600  1.473  -14.717  28.840 0.0000000000
43612  8.633  -15.317  25.835 0.0000000000
43613  8.076  -15.012  25.913 0.0000000000
43614  6.847  -14.605  26.147 0.0000000000
43615  5.573  -14.622  26.670 0.0000000000
43616  4.368  -14.603  27.175 0.0000000000
43617  3.019  -14.710  27.625 0.0000000000
43618  1.915  -14.759  28.026 0.0000000000
43632  9.598  -15.369  24.942 0.0000000000
43633  8.920  -15.037  25.217 0.0000000000
44751  10.061  -12.991  30.633 0.0000000000
44752  9.875  -13.627  30.956 0.0000000000
44761  10.076  -13.118  30.112 0.0000000000
44762  9.940  -13.505  30.314 0.0000000000
44763  3.895  -13.910  31.379 0.0000000000
44764  3.704  -14.117  31.444 0.0000000000
44772  10.104  -12.941  29.815 0.0000000000
44773  9.824  -13.432  29.612 0.0000000000
44774  6.528  -13.647  29.484 0.0000000000
44775  5.760  -13.658  30.082 0.0000000000
44776  4.489  -13.698  30.952 0.0000000000
44777  3.340  -13.850  30.990 0.0000000000
44778  2.847  -14.039  30.406 0.0000000000
44784  9.342  -13.455  28.738 0.0000000000
44785  8.501  -13.598  28.520 0.0000000000
44786  7.323  -13.523  28.820 0.0000000000
44787  6.098  -13.219  29.291 0.0000000000
44788  4.977  -13.065  29.889 0.0000000000
44789  3.691  -13.144  30.225 0.0000000000
44790  2.536  -13.781  29.721 0.0000000000
44791  1.788  -14.120  29.363 0.0000000000
44799  9.440  -12.962  28.224 0.0000000000
44800  8.954  -13.159  28.018 0.0000000000
44801  8.100  -13.189  28.072 0.0000000000
44802  2.080  -13.576  29.135 0.0000000000
44803  1.288  -13.895  29.171 0.0000000000
44813  4.857  -14.126  26.318 0.0000000000
44814  3.565  -14.208  26.735 0.0000000000
44815  2.208  -14.330  27.285 0.0000000000
44816  1.011  -14.331  28.014 0.0000000000
45853  10.234  -12.607  30.154 0.0000000000
45861  10.211  -12.564  29.345 0.0000000000
45862  9.855  -13.100  29.048 0.0000000000
45869  10.241  -12.149  28.398 0.0000000000
45870  9.815  -12.792  28.554 0.0000000000
45871  6.464  -12.871  28.554 0.0000000000
45872  5.494  -12.684  28.896 0.0000000000
45873  4.291  -12.668  29.245 0.0000000000
45874  3.053  -12.983  29.329 0.0000000000
45875  2.423  -13.353  29.200 0.0000000000
45883  10.221  -11.907  27.787 0.0000000000
45884  9.602  -12.412  27.587 0.0000000000
45885  8.429  -12.754  27.428 0.0000000000
45886  7.253  -12.698  27.815 0.0000000000
45887  6.061  -12.378  28.000 0.0000000000
45888  4.931  -12.279  28.273 0.0000000000
45889  3.685  -12.509  28.454 0.0000000000
45890  2.154  -13.018  28.545 0.0000000000
45891  0.758  -13.386  28.426 0.0000000000
45899  9.477  -12.142  26.879 0.0000000000
45900  8.876  -12.289  26.713 0.0000000000
45901  7.730  -12.247  26.781 0.0000000000
45902  6.590  -12.043  27.150 0.0000000000
45903  5.512  -11.867  27.412 0.0000000000
45904  4.379  -11.946  27.611 0.0000000000
45905  3.254  -12.280  27.756 0.0000000000
45918  8.339  -12.031  26.243 0.0000000000
45919  7.753  -11.818  26.105 0.0000000000
46816  10.443  -11.712  30.117 0.0000000000
46824  10.537  -11.558  29.051 0.0000000000
46830  10.546  -11.440  28.090 0.0000000000
46836  10.309  -11.567  27.068 0.0000000000
46837  9.781  -12.004  26.948 0.0000000000
46847  10.236  -11.096  25.984 0.0000000000
46848  9.510  -11.758  26.307 0.0000000000
46849  8.831  -11.959  26.189 0.0000000000
46850  6.953  -11.679  26.369 0.0000000000
46851  5.992  -11.471  26.646 0.0000000000
46852  4.945  -11.409  26.825 0.0000000000
46868  9.599  -11.044  25.265 0.0000000000
46869  8.494  -11.555  25.649 0.0000000000
46870  7.325  -11.364  25.688 0.0000000000
46871  6.368  -11.165  25.927 0.0000000000
46887  8.735  -10.957  24.830 0.0000000000
46888  7.762  -10.970  25.019 0.0000000000
103118  1.435  -24.102  33.788 0.0000000000
103119  1.756  -24.234  33.800 0.0000000000
