#!ascii label  , from subject FREESURFER vox2ras=TkReg 
327
70398  43.343  12.667  0.390 0.0000000000
70399  42.705  12.467  0.770 0.0000000000
70415  43.602  12.574  -0.349 0.0000000000
70416  42.808  11.984  -0.343 0.0000000000
70424  43.883  12.454  -1.222 0.0000000000
70425  43.170  12.034  -1.240 0.0000000000
71176  42.719  13.327  2.462 0.0000000000
71192  42.892  13.103  1.931 0.0000000000
71199  43.946  13.239  0.559 0.0000000000
71200  43.493  13.195  1.172 0.0000000000
71211  44.806  13.565  -0.510 0.0000000000
71212  44.355  13.225  -0.219 0.0000000000
71223  45.122  13.444  -1.170 0.0000000000
71224  44.551  12.916  -1.198 0.0000000000
71896  36.344  15.072  5.787 0.0000000000
71897  36.053  15.016  5.790 0.0000000000
71928  42.957  13.879  2.697 0.0000000000
71929  42.361  13.967  3.500 0.0000000000
71930  41.765  14.291  4.074 0.0000000000
71946  44.046  14.821  1.455 0.0000000000
71947  43.641  14.201  1.763 0.0000000000
71960  44.761  14.795  0.443 0.0000000000
71961  44.390  14.292  0.765 0.0000000000
71962  43.889  13.763  1.107 0.0000000000
71970  45.011  14.379  -0.193 0.0000000000
71971  44.690  13.881  0.017 0.0000000000
71979  45.480  14.280  -1.306 0.0000000000
72639  36.804  15.523  5.831 0.0000000000
72640  36.408  15.461  5.811 0.0000000000
72641  35.868  15.461  5.737 0.0000000000
72645  39.939  15.286  5.656 0.0000000000
72646  39.030  15.302  5.652 0.0000000000
72647  38.015  15.290  5.611 0.0000000000
72648  37.110  15.269  5.750 0.0000000000
72649  36.596  15.192  5.791 0.0000000000
72650  35.122  15.408  5.494 0.0000000000
72651  34.219  15.365  5.263 0.0000000000
72652  33.281  15.442  4.948 0.0000000000
72657  41.194  15.290  4.888 0.0000000000
72658  40.611  15.302  5.329 0.0000000000
72659  33.186  15.876  4.529 0.0000000000
72666  42.828  14.714  3.250 0.0000000000
72667  42.365  15.123  3.766 0.0000000000
72668  41.796  15.221  4.404 0.0000000000
72676  43.822  15.302  1.891 0.0000000000
72677  43.314  15.128  2.654 0.0000000000
72678  42.787  15.418  3.202 0.0000000000
72689  44.622  15.144  0.752 0.0000000000
72690  44.252  15.414  1.258 0.0000000000
72700  44.874  15.301  0.260 0.0000000000
72701  44.537  15.842  0.725 0.0000000000
72712  45.310  15.449  -0.538 0.0000000000
72721  45.719  15.216  -1.622 0.0000000000
73354  37.081  15.717  5.814 0.0000000000
73355  36.837  15.894  5.836 0.0000000000
73356  36.364  15.951  5.800 0.0000000000
73360  40.258  15.753  5.272 0.0000000000
73361  39.723  16.107  5.226 0.0000000000
73362  38.663  16.137  5.353 0.0000000000
73363  37.555  16.115  5.604 0.0000000000
73364  36.805  16.471  5.644 0.0000000000
73365  35.936  16.364  5.620 0.0000000000
73366  35.093  16.337  5.138 0.0000000000
73367  34.300  15.990  4.861 0.0000000000
73371  41.483  15.946  4.520 0.0000000000
73372  40.706  16.187  4.809 0.0000000000
73373  40.124  16.867  4.753 0.0000000000
73374  34.739  16.638  4.704 0.0000000000
73375  34.004  16.349  4.387 0.0000000000
73376  33.188  16.218  4.097 0.0000000000
73381  42.521  15.894  3.401 0.0000000000
73382  42.020  16.132  3.889 0.0000000000
73383  33.869  16.696  3.820 0.0000000000
73384  33.445  16.623  3.281 0.0000000000
73390  43.891  15.984  1.667 0.0000000000
73391  43.392  16.155  2.139 0.0000000000
73392  42.838  16.057  2.798 0.0000000000
73399  44.085  16.385  1.172 0.0000000000
73400  43.652  16.525  1.620 0.0000000000
73409  44.781  16.096  0.113 0.0000000000
73410  44.362  16.569  0.554 0.0000000000
73420  44.964  16.494  -0.474 0.0000000000
73421  44.566  16.792  0.012 0.0000000000
73427  45.426  16.240  -1.115 0.0000000000
73433  45.791  16.140  -2.028 0.0000000000
74166  39.307  17.008  4.827 0.0000000000
74167  38.358  16.890  5.045 0.0000000000
74168  37.522  17.070  5.232 0.0000000000
74169  36.671  17.306  5.398 0.0000000000
74170  35.808  17.375  5.342 0.0000000000
74171  35.235  17.340  4.924 0.0000000000
74176  41.424  16.633  4.233 0.0000000000
74177  40.848  17.401  4.198 0.0000000000
74178  40.038  17.515  4.549 0.0000000000
74179  34.777  17.341  4.434 0.0000000000
74180  34.346  17.064  3.983 0.0000000000
74185  42.407  16.524  3.178 0.0000000000
74186  41.842  17.261  3.438 0.0000000000
74187  41.279  17.868  3.589 0.0000000000
74188  34.601  17.712  3.984 0.0000000000
74189  34.205  17.448  3.457 0.0000000000
74190  33.882  17.289  3.082 0.0000000000
74195  43.342  16.784  1.841 0.0000000000
74196  42.767  17.138  2.331 0.0000000000
74197  42.095  17.926  2.667 0.0000000000
74198  34.067  17.759  2.984 0.0000000000
74203  44.043  16.893  0.853 0.0000000000
74204  43.547  17.240  1.258 0.0000000000
74205  42.928  17.920  1.567 0.0000000000
74212  44.107  17.271  0.372 0.0000000000
74213  43.613  17.862  0.509 0.0000000000
74220  45.054  16.832  -0.888 0.0000000000
74221  44.584  17.384  -0.577 0.0000000000
74228  45.215  17.092  -1.482 0.0000000000
74229  44.718  17.893  -1.326 0.0000000000
74237  45.664  17.109  -2.657 0.0000000000
74946  38.917  17.470  4.895 0.0000000000
74947  38.387  17.705  4.920 0.0000000000
74948  37.512  17.982  4.998 0.0000000000
74949  36.559  18.397  5.109 0.0000000000
74950  35.625  18.239  5.148 0.0000000000
74951  35.152  18.008  4.809 0.0000000000
74957  40.315  17.953  4.204 0.0000000000
74958  39.551  18.245  4.478 0.0000000000
74959  38.451  18.533  4.687 0.0000000000
74960  37.593  18.853  4.703 0.0000000000
74961  37.011  19.071  4.703 0.0000000000
74962  35.382  18.556  4.796 0.0000000000
74963  34.986  18.356  4.351 0.0000000000
74967  41.560  18.114  3.114 0.0000000000
74968  40.765  18.548  3.481 0.0000000000
74969  40.118  18.907  3.882 0.0000000000
74970  34.660  18.366  3.697 0.0000000000
74971  34.332  18.385  3.165 0.0000000000
74974  42.424  18.135  2.020 0.0000000000
74975  41.692  18.760  2.280 0.0000000000
74976  41.082  19.086  2.681 0.0000000000
74977  33.974  18.366  2.750 0.0000000000
74982  43.199  18.115  0.929 0.0000000000
74983  42.475  18.717  1.135 0.0000000000
74984  41.915  19.092  1.504 0.0000000000
74990  43.937  17.960  -0.086 0.0000000000
74991  43.272  18.656  0.087 0.0000000000
74992  42.686  19.012  0.403 0.0000000000
74998  44.039  18.508  -0.866 0.0000000000
74999  43.568  18.987  -0.573 0.0000000000
75005  45.064  17.801  -1.990 0.0000000000
75006  44.657  18.550  -1.789 0.0000000000
75012  45.236  18.324  -2.688 0.0000000000
75013  44.823  19.169  -2.312 0.0000000000
75712  36.045  18.736  5.070 0.0000000000
75713  35.755  18.837  4.914 0.0000000000
75717  39.070  18.933  4.390 0.0000000000
75718  38.473  19.252  4.198 0.0000000000
75719  37.504  19.649  4.133 0.0000000000
75720  36.418  19.248  4.651 0.0000000000
75721  35.539  19.207  4.511 0.0000000000
75722  35.002  19.151  3.970 0.0000000000
75727  40.291  19.151  3.452 0.0000000000
75728  39.552  19.318  3.693 0.0000000000
75729  38.522  19.912  3.297 0.0000000000
75730  37.829  20.124  3.533 0.0000000000
75731  34.549  19.186  3.498 0.0000000000
75732  34.116  19.220  3.048 0.0000000000
75737  41.198  19.276  2.263 0.0000000000
75738  40.515  19.557  2.581 0.0000000000
75739  39.476  19.886  2.757 0.0000000000
75740  38.922  20.142  2.608 0.0000000000
75741  33.695  19.185  2.624 0.0000000000
75746  41.996  19.221  1.114 0.0000000000
75747  41.409  19.577  1.474 0.0000000000
75748  40.809  19.894  1.797 0.0000000000
75754  42.828  19.191  0.052 0.0000000000
75755  42.247  19.582  0.427 0.0000000000
75756  41.635  19.914  0.751 0.0000000000
75763  43.717  19.160  -0.922 0.0000000000
75764  43.212  19.648  -0.601 0.0000000000
75765  42.550  20.080  -0.266 0.0000000000
75770  44.085  19.557  -1.615 0.0000000000
75771  43.612  20.091  -1.316 0.0000000000
75778  44.721  19.884  -2.475 0.0000000000
76502  36.846  19.888  4.157 0.0000000000
76503  36.223  19.972  4.201 0.0000000000
76504  35.383  19.930  4.099 0.0000000000
76505  34.794  19.804  3.828 0.0000000000
76514  38.010  20.335  3.195 0.0000000000
76515  37.227  20.604  3.525 0.0000000000
76516  35.944  20.659  3.832 0.0000000000
76517  35.025  20.522  3.773 0.0000000000
76518  34.261  20.098  3.520 0.0000000000
76519  33.706  19.963  3.046 0.0000000000
76527  39.924  20.020  2.285 0.0000000000
76528  39.354  20.237  2.133 0.0000000000
76529  38.382  20.698  2.447 0.0000000000
76530  37.672  21.142  2.833 0.0000000000
76531  33.328  20.004  2.628 0.0000000000
76537  40.924  20.061  1.411 0.0000000000
76538  40.250  20.205  1.624 0.0000000000
76539  39.241  20.733  1.335 0.0000000000
76540  38.632  21.005  1.617 0.0000000000
76548  41.752  20.108  0.436 0.0000000000
76549  41.077  20.402  0.648 0.0000000000
76550  40.042  20.662  0.805 0.0000000000
76551  39.548  20.919  0.725 0.0000000000
76559  42.780  20.634  -0.706 0.0000000000
76560  41.995  20.568  -0.103 0.0000000000
76561  41.383  20.847  -0.063 0.0000000000
76566  43.855  20.617  -1.751 0.0000000000
76567  43.357  20.643  -1.225 0.0000000000
76573  44.887  20.605  -3.110 0.0000000000
76574  44.389  20.595  -2.329 0.0000000000
77233  36.345  21.275  3.364 0.0000000000
77234  35.459  21.259  3.435 0.0000000000
77235  34.575  21.058  3.345 0.0000000000
77236  33.868  20.732  3.081 0.0000000000
77237  33.533  20.460  2.844 0.0000000000
77249  37.838  21.444  2.413 0.0000000000
77250  37.071  21.733  2.812 0.0000000000
77251  35.938  21.942  2.990 0.0000000000
77252  34.939  21.872  3.007 0.0000000000
77253  34.050  21.577  2.869 0.0000000000
77254  33.283  21.019  2.587 0.0000000000
77267  38.751  21.238  1.196 0.0000000000
77268  38.260  21.600  1.702 0.0000000000
77269  37.656  21.997  2.182 0.0000000000
77282  40.373  20.914  0.303 0.0000000000
77283  39.799  21.061  0.369 0.0000000000
77284  39.190  21.453  0.564 0.0000000000
77285  38.612  21.721  1.032 0.0000000000
77294  42.380  21.540  -0.907 0.0000000000
77295  41.581  21.368  -0.518 0.0000000000
77296  40.834  21.199  -0.193 0.0000000000
77297  40.079  21.354  -0.063 0.0000000000
77298  39.656  21.420  0.149 0.0000000000
77304  43.588  21.579  -1.759 0.0000000000
77305  43.070  21.375  -1.186 0.0000000000
77311  44.577  21.633  -2.897 0.0000000000
77312  44.120  21.361  -2.215 0.0000000000
78016  37.146  22.436  2.185 0.0000000000
78017  36.359  22.549  2.383 0.0000000000
78018  35.341  22.567  2.446 0.0000000000
78019  34.347  22.371  2.407 0.0000000000
78020  33.472  22.012  2.308 0.0000000000
78021  33.005  21.655  2.163 0.0000000000
78034  38.261  22.159  1.166 0.0000000000
78035  37.682  22.553  1.514 0.0000000000
78036  36.783  23.067  1.716 0.0000000000
78037  35.759  23.143  1.725 0.0000000000
78038  34.735  22.919  1.646 0.0000000000
78039  33.749  22.626  1.606 0.0000000000
78055  39.056  22.112  0.132 0.0000000000
78056  38.633  22.318  0.631 0.0000000000
78057  38.094  22.669  0.948 0.0000000000
78074  42.272  22.285  -1.340 0.0000000000
78075  41.703  22.133  -1.138 0.0000000000
78076  40.981  21.839  -0.961 0.0000000000
78077  40.274  21.815  -0.657 0.0000000000
78078  39.544  21.917  -0.221 0.0000000000
78091  43.502  22.254  -2.015 0.0000000000
78092  42.932  22.355  -1.664 0.0000000000
78093  41.860  22.777  -2.062 0.0000000000
78094  41.061  22.432  -1.726 0.0000000000
78095  40.433  22.394  -1.341 0.0000000000
78096  39.791  22.462  -0.973 0.0000000000
78104  44.477  22.368  -2.994 0.0000000000
78105  44.019  22.439  -2.460 0.0000000000
78106  43.379  22.697  -2.215 0.0000000000
78107  41.429  23.029  -2.848 0.0000000000
78108  41.024  22.842  -2.561 0.0000000000
78109  40.373  22.843  -2.144 0.0000000000
78110  39.858  22.845  -1.674 0.0000000000
78117  44.850  22.564  -3.562 0.0000000000
78118  44.400  22.877  -3.135 0.0000000000
78763  37.770  22.971  0.967 0.0000000000
78764  37.242  23.256  0.953 0.0000000000
78765  36.243  23.443  0.880 0.0000000000
78766  35.193  23.279  0.766 0.0000000000
78767  34.185  23.005  0.681 0.0000000000
78780  39.218  22.365  -0.127 0.0000000000
78781  38.926  22.799  0.058 0.0000000000
78782  38.014  23.247  0.336 0.0000000000
78783  36.839  23.583  0.049 0.0000000000
78803  39.300  22.752  -0.505 0.0000000000
78804  38.586  23.382  -0.647 0.0000000000
78805  37.537  23.729  -0.746 0.0000000000
78823  43.036  22.909  -2.238 0.0000000000
78824  42.571  23.004  -2.397 0.0000000000
78825  39.238  23.190  -1.336 0.0000000000
78826  38.205  23.732  -1.790 0.0000000000
78839  43.988  23.268  -3.080 0.0000000000
78840  43.128  23.480  -2.887 0.0000000000
78841  41.859  23.367  -3.365 0.0000000000
78842  41.025  23.081  -3.388 0.0000000000
78843  40.331  23.279  -2.999 0.0000000000
78844  39.373  23.423  -2.436 0.0000000000
78845  38.554  23.828  -2.695 0.0000000000
78855  45.123  23.223  -4.225 0.0000000000
78856  44.386  23.653  -3.878 0.0000000000
78857  43.713  23.715  -3.434 0.0000000000
78858  41.543  23.667  -4.838 0.0000000000
78859  41.035  23.312  -4.308 0.0000000000
78860  40.408  23.483  -3.871 0.0000000000
78861  39.524  23.834  -3.571 0.0000000000
78862  38.972  23.804  -3.047 0.0000000000
78873  45.043  23.738  -4.475 0.0000000000
78874  41.384  23.788  -5.609 0.0000000000
78875  40.981  23.671  -5.232 0.0000000000
78876  40.436  23.801  -4.617 0.0000000000
78877  40.009  23.856  -4.163 0.0000000000
79455  42.728  23.964  -3.623 0.0000000000
79456  42.418  23.746  -3.445 0.0000000000
79457  37.967  24.295  -2.547 0.0000000000
79463  43.896  24.303  -4.584 0.0000000000
79464  43.151  24.193  -4.179 0.0000000000
79465  42.264  23.799  -4.268 0.0000000000
79466  39.131  24.553  -3.867 0.0000000000
79467  38.644  24.301  -3.259 0.0000000000
79472  44.743  24.374  -5.062 0.0000000000
79473  43.259  24.504  -5.536 0.0000000000
79474  42.027  23.980  -5.944 0.0000000000
79475  41.112  23.909  -6.045 0.0000000000
79476  40.464  24.315  -5.427 0.0000000000
79477  39.733  24.367  -4.482 0.0000000000
79484  41.728  24.059  -7.125 0.0000000000
79485  41.183  24.065  -6.838 0.0000000000
79486  40.814  24.378  -6.281 0.0000000000
80025  42.604  24.394  -6.274 0.0000000000
