#!ascii label  , from subject FREESURFER vox2ras=TkReg 
240
78784  35.739  23.546  -0.062 0.0000000000
78785  34.687  23.428  -0.093 0.0000000000
78786  33.549  23.547  -0.159 0.0000000000
78806  36.436  23.879  -0.878 0.0000000000
78807  35.269  23.909  -0.632 0.0000000000
78808  34.307  23.966  -0.501 0.0000000000
78809  33.723  24.124  -0.472 0.0000000000
78827  37.170  24.020  -1.434 0.0000000000
78828  36.763  24.033  -1.209 0.0000000000
79434  35.845  24.638  -0.947 0.0000000000
79435  34.793  24.611  -0.631 0.0000000000
79436  33.942  24.654  -0.479 0.0000000000
79437  33.148  24.527  -0.480 0.0000000000
79447  37.532  24.133  -2.050 0.0000000000
79448  37.228  24.604  -1.766 0.0000000000
79449  36.684  24.335  -1.269 0.0000000000
79458  37.594  24.467  -2.175 0.0000000000
79992  36.832  25.908  -1.198 0.0000000000
79993  36.051  25.627  -0.893 0.0000000000
79994  35.172  25.452  -0.634 0.0000000000
79995  34.286  25.418  -0.473 0.0000000000
79996  33.437  25.481  -0.453 0.0000000000
79997  32.529  25.510  -0.506 0.0000000000
80003  37.937  25.734  -2.134 0.0000000000
80004  37.310  25.419  -1.715 0.0000000000
80005  36.654  25.072  -1.317 0.0000000000
80012  38.322  25.149  -2.837 0.0000000000
80013  37.705  24.943  -2.228 0.0000000000
80436  38.658  26.902  -0.148 0.0000000000
80437  37.710  26.891  -0.083 0.0000000000
80438  36.796  26.953  -0.102 0.0000000000
80439  35.893  27.045  -0.179 0.0000000000
80440  34.957  27.067  -0.160 0.0000000000
80441  33.946  27.063  -0.140 0.0000000000
80442  33.269  27.448  -0.008 0.0000000000
80449  38.061  26.633  -0.896 0.0000000000
80450  37.203  26.538  -0.781 0.0000000000
80451  36.364  26.425  -0.653 0.0000000000
80452  35.498  26.312  -0.490 0.0000000000
80453  34.602  26.245  -0.377 0.0000000000
80454  33.831  26.171  -0.346 0.0000000000
80455  32.973  26.657  -0.270 0.0000000000
80456  31.973  26.498  -0.505 0.0000000000
80464  38.368  26.361  -1.686 0.0000000000
80465  37.577  26.170  -1.472 0.0000000000
80913  38.906  27.873  1.248 0.0000000000
80914  37.907  27.922  1.346 0.0000000000
80915  36.877  28.025  1.247 0.0000000000
80916  35.913  28.182  0.961 0.0000000000
80917  35.089  28.257  0.790 0.0000000000
80927  38.295  27.281  0.672 0.0000000000
80928  37.310  27.366  0.645 0.0000000000
80929  36.358  27.519  0.491 0.0000000000
80930  35.435  27.662  0.350 0.0000000000
80931  34.466  27.842  0.366 0.0000000000
80932  33.681  27.856  0.265 0.0000000000
80933  33.061  28.066  0.274 0.0000000000
80934  32.534  28.192  0.085 0.0000000000
80941  32.800  27.592  -0.062 0.0000000000
80942  32.207  27.606  -0.285 0.0000000000
80943  31.555  27.459  -0.611 0.0000000000
80944  31.010  27.497  -0.998 0.0000000000
81376  38.196  29.166  1.927 0.0000000000
81377  37.911  29.288  1.960 0.0000000000
81389  39.445  28.606  1.556 0.0000000000
81390  38.555  28.698  1.707 0.0000000000
81391  37.546  28.859  1.795 0.0000000000
81392  36.393  28.836  1.561 0.0000000000
81393  35.383  28.870  1.318 0.0000000000
81394  34.316  28.787  0.957 0.0000000000
81395  33.463  29.252  0.893 0.0000000000
81396  33.049  29.523  0.815 0.0000000000
81404  33.975  28.241  0.541 0.0000000000
81405  33.517  28.511  0.592 0.0000000000
81406  32.746  28.960  0.566 0.0000000000
81407  31.881  28.745  0.033 0.0000000000
81408  31.401  29.204  -0.175 0.0000000000
81413  31.744  28.111  -0.413 0.0000000000
81414  31.280  28.615  -0.606 0.0000000000
81415  30.789  28.555  -1.252 0.0000000000
81808  39.170  30.051  1.866 0.0000000000
81809  38.760  29.550  1.873 0.0000000000
81810  38.176  29.535  1.969 0.0000000000
81825  39.735  29.605  1.747 0.0000000000
81826  39.119  29.110  1.746 0.0000000000
81827  37.723  29.654  1.908 0.0000000000
81828  36.915  29.700  1.742 0.0000000000
81829  35.890  29.728  1.602 0.0000000000
81830  34.877  29.741  1.479 0.0000000000
81831  33.963  29.831  1.318 0.0000000000
81832  33.295  29.990  1.032 0.0000000000
81840  32.742  29.933  0.770 0.0000000000
81841  32.093  29.758  0.504 0.0000000000
81842  31.449  29.737  0.171 0.0000000000
81848  31.014  29.684  -0.262 0.0000000000
81849  30.634  29.545  -0.812 0.0000000000
82239  41.457  31.238  1.825 0.0000000000
82240  39.126  30.295  1.840 0.0000000000
82241  38.862  30.220  1.883 0.0000000000
82242  38.259  30.048  1.946 0.0000000000
82255  40.597  30.738  1.770 0.0000000000
82256  39.360  30.639  1.751 0.0000000000
82257  38.481  30.781  1.787 0.0000000000
82258  37.529  30.567  1.800 0.0000000000
82259  36.430  30.638  1.705 0.0000000000
82260  35.401  30.670  1.656 0.0000000000
82261  34.437  30.688  1.573 0.0000000000
82262  33.613  30.698  1.381 0.0000000000
82263  32.957  30.697  1.086 0.0000000000
82272  32.325  30.664  0.771 0.0000000000
82273  31.640  30.606  0.470 0.0000000000
82274  31.021  30.545  0.095 0.0000000000
82279  30.551  30.480  -0.426 0.0000000000
82280  30.180  30.441  -1.064 0.0000000000
82641  41.869  31.973  1.783 0.0000000000
82642  41.016  31.881  1.715 0.0000000000
82652  40.005  31.859  1.477 0.0000000000
82653  38.918  31.649  1.496 0.0000000000
82654  37.952  31.601  1.681 0.0000000000
82655  36.949  31.561  1.715 0.0000000000
82656  35.925  31.579  1.700 0.0000000000
82657  34.908  31.610  1.643 0.0000000000
82658  33.968  31.550  1.518 0.0000000000
82659  33.241  31.422  1.294 0.0000000000
82660  32.652  31.442  1.026 0.0000000000
82667  31.944  31.516  0.692 0.0000000000
82668  31.236  31.433  0.289 0.0000000000
82669  30.701  31.383  -0.170 0.0000000000
82671  30.254  31.337  -0.735 0.0000000000
83050  42.347  32.797  1.929 0.0000000000
83051  41.508  32.776  1.789 0.0000000000
83052  40.704  32.760  1.563 0.0000000000
83061  40.033  32.869  1.330 0.0000000000
83062  39.314  32.628  1.239 0.0000000000
83063  38.394  32.496  1.326 0.0000000000
83064  37.440  32.438  1.490 0.0000000000
83065  36.455  32.410  1.532 0.0000000000
83066  35.462  32.424  1.484 0.0000000000
83067  34.360  32.564  1.276 0.0000000000
83068  33.427  32.128  1.233 0.0000000000
83069  32.964  31.870  1.154 0.0000000000
83074  34.064  33.028  0.801 0.0000000000
83075  33.557  32.763  0.838 0.0000000000
83076  32.650  32.337  0.770 0.0000000000
83077  31.519  32.447  0.140 0.0000000000
83078  30.952  31.967  -0.015 0.0000000000
83082  31.223  32.907  -0.421 0.0000000000
83083  30.644  32.429  -0.692 0.0000000000
83084  30.157  31.878  -1.105 0.0000000000
83086  30.433  32.904  -1.422 0.0000000000
83500  41.951  33.607  2.166 0.0000000000
83501  41.137  33.632  1.904 0.0000000000
83506  40.369  33.589  1.569 0.0000000000
83507  39.606  33.548  1.258 0.0000000000
83508  38.802  33.418  0.902 0.0000000000
83509  37.917  33.200  1.048 0.0000000000
83510  36.979  33.125  1.115 0.0000000000
83511  36.014  33.073  1.122 0.0000000000
83512  35.173  33.057  1.085 0.0000000000
83516  38.280  33.714  0.487 0.0000000000
83517  37.523  33.653  0.420 0.0000000000
83518  36.506  33.625  0.527 0.0000000000
83519  35.536  33.535  0.557 0.0000000000
83520  34.569  33.364  0.526 0.0000000000
83521  33.841  33.239  0.361 0.0000000000
83522  33.121  33.095  0.243 0.0000000000
83523  32.347  33.009  0.079 0.0000000000
83528  34.166  33.560  -0.022 0.0000000000
83529  33.591  33.572  -0.237 0.0000000000
83530  32.783  33.503  -0.467 0.0000000000
83531  31.819  33.336  -0.617 0.0000000000
83532  31.136  33.195  -0.799 0.0000000000
83536  31.439  33.554  -1.181 0.0000000000
83537  30.854  33.429  -1.404 0.0000000000
83948  42.132  34.972  2.945 0.0000000000
83953  42.398  34.333  2.593 0.0000000000
83954  41.571  34.556  2.446 0.0000000000
83955  40.646  34.502  2.028 0.0000000000
83956  39.908  34.882  1.780 0.0000000000
83961  39.921  34.206  1.540 0.0000000000
83962  39.108  34.582  0.909 0.0000000000
83963  38.654  33.981  0.454 0.0000000000
83967  38.720  34.867  0.079 0.0000000000
83968  38.279  34.318  -0.339 0.0000000000
83969  37.003  34.084  -0.239 0.0000000000
83970  35.947  34.110  -0.028 0.0000000000
83971  35.024  33.842  -0.052 0.0000000000
83972  34.511  33.692  -0.047 0.0000000000
83976  37.991  34.562  -1.312 0.0000000000
83977  37.351  34.493  -1.055 0.0000000000
83978  36.329  34.517  -0.768 0.0000000000
83979  35.301  34.412  -0.597 0.0000000000
83980  34.281  34.061  -0.528 0.0000000000
83981  33.312  34.065  -0.810 0.0000000000
83982  32.463  34.107  -1.250 0.0000000000
83983  31.835  33.761  -1.244 0.0000000000
83988  32.151  34.755  -1.628 0.0000000000
83989  31.561  34.230  -1.716 0.0000000000
84400  41.958  36.154  3.883 0.0000000000
84407  42.298  35.333  3.368 0.0000000000
84408  41.603  35.699  3.124 0.0000000000
84409  40.975  36.154  2.801 0.0000000000
84412  41.090  35.098  2.485 0.0000000000
84413  40.514  35.620  2.382 0.0000000000
84414  39.581  35.615  1.703 0.0000000000
84418  39.121  35.704  1.040 0.0000000000
84422  38.883  35.438  0.319 0.0000000000
84423  38.703  35.217  -0.490 0.0000000000
84427  38.406  35.171  -1.502 0.0000000000
84428  37.590  34.886  -1.741 0.0000000000
84429  36.659  34.975  -1.417 0.0000000000
84430  35.642  35.011  -1.131 0.0000000000
84431  34.629  34.897  -1.006 0.0000000000
84432  33.673  34.723  -1.041 0.0000000000
84433  33.069  34.529  -1.152 0.0000000000
84440  36.977  35.540  -1.910 0.0000000000
84441  35.999  35.691  -1.502 0.0000000000
84442  34.978  35.719  -1.274 0.0000000000
84443  33.948  35.614  -1.219 0.0000000000
84444  32.834  35.266  -1.431 0.0000000000
84445  31.754  35.436  -2.062 0.0000000000
84832  41.597  36.654  3.722 0.0000000000
84833  41.131  36.660  3.118 0.0000000000
84839  40.583  36.615  2.635 0.0000000000
84840  39.962  36.474  2.113 0.0000000000
84843  39.372  36.465  1.459 0.0000000000
84847  39.089  36.393  0.522 0.0000000000
84848  38.899  35.890  -0.213 0.0000000000
84852  39.125  36.506  -0.409 0.0000000000
84853  38.911  35.856  -1.011 0.0000000000
84862  35.367  36.536  -1.520 0.0000000000
84863  34.357  36.546  -1.400 0.0000000000
84864  33.357  36.466  -1.494 0.0000000000
84865  32.431  36.440  -1.839 0.0000000000
85285  41.258  37.454  3.498 0.0000000000
85286  40.778  37.400  2.888 0.0000000000
85294  40.270  37.387  2.291 0.0000000000
85295  39.734  37.115  1.787 0.0000000000
85299  39.428  37.349  1.067 0.0000000000
85302  39.281  37.211  0.173 0.0000000000
