#!ascii label  , from subject FREESURFER vox2ras=TkReg 
284
47529  -4.962  -10.331  41.884 0.0000000000
47540  -4.852  -10.619  41.185 0.0000000000
47541  -5.653  -10.079  41.301 0.0000000000
47542  -5.972  -9.795  41.052 0.0000000000
47554  -4.379  -10.627  40.324 0.0000000000
47555  -5.528  -10.147  40.361 0.0000000000
47556  -5.990  -9.866  40.790 0.0000000000
47568  -3.914  -10.573  39.444 0.0000000000
47569  -4.753  -10.293  39.537 0.0000000000
47578  -3.196  -10.643  37.834 0.0000000000
47579  -3.964  -10.482  38.451 0.0000000000
47580  -4.305  -10.355  39.020 0.0000000000
47590  -2.530  -10.663  36.582 0.0000000000
47591  -3.356  -10.725  36.839 0.0000000000
47592  -4.058  -10.423  37.275 0.0000000000
47593  -4.312  -10.144  36.887 0.0000000000
47610  -2.515  -10.585  36.079 0.0000000000
47611  -3.268  -10.637  35.943 0.0000000000
47612  -4.126  -10.415  36.229 0.0000000000
47613  -4.293  -10.265  36.638 0.0000000000
47626  -3.688  -10.361  35.595 0.0000000000
47627  -3.924  -10.439  35.753 0.0000000000
48401  -4.911  -9.026  43.472 0.0000000000
48410  -5.083  -9.491  42.250 0.0000000000
48417  -5.684  -9.480  41.297 0.0000000000
48418  -5.969  -9.498  40.810 0.0000000000
48431  -5.726  -9.682  39.889 0.0000000000
48432  -5.967  -9.500  40.347 0.0000000000
48448  -5.288  -9.562  39.591 0.0000000000
48449  -5.774  -9.295  39.784 0.0000000000
48467  -4.265  -10.259  38.369 0.0000000000
48468  -4.529  -10.020  38.636 0.0000000000
48484  -4.203  -10.180  38.051 0.0000000000
48485  -4.341  -9.855  37.562 0.0000000000
48504  -2.508  -10.462  35.713 0.0000000000
48505  -4.425  -10.189  35.960 0.0000000000
48506  -4.451  -9.894  36.396 0.0000000000
48519  -1.926  -10.187  35.316 0.0000000000
48520  -3.062  -10.241  35.247 0.0000000000
48521  -4.154  -9.951  35.452 0.0000000000
48522  -4.500  -9.375  35.775 0.0000000000
48540  -3.263  -9.528  34.725 0.0000000000
48541  -3.819  -9.096  34.838 0.0000000000
49297  -5.192  -8.238  44.827 0.0000000000
49311  -4.995  -8.314  43.959 0.0000000000
49325  -4.854  -8.538  42.922 0.0000000000
49336  -5.177  -8.748  41.716 0.0000000000
49337  -5.698  -8.996  41.199 0.0000000000
49345  -5.419  -8.532  40.841 0.0000000000
49346  -5.849  -9.032  40.447 0.0000000000
49359  -4.744  -8.264  39.295 0.0000000000
49360  -5.276  -8.582  39.763 0.0000000000
49361  -5.888  -9.045  40.122 0.0000000000
49379  -3.434  -7.967  37.892 0.0000000000
49380  -4.366  -8.436  38.549 0.0000000000
49381  -4.786  -9.267  38.576 0.0000000000
49398  -3.388  -7.953  37.265 0.0000000000
49399  -3.844  -8.519  37.010 0.0000000000
49400  -4.329  -9.246  37.379 0.0000000000
49420  -4.129  -8.557  35.884 0.0000000000
49421  -4.467  -9.123  36.286 0.0000000000
49443  -4.065  -8.761  35.271 0.0000000000
49444  -4.476  -8.987  35.740 0.0000000000
49467  -3.554  -8.294  34.632 0.0000000000
50197  -3.777  -7.082  46.751 0.0000000000
50204  -3.789  -7.057  45.555 0.0000000000
50205  -4.379  -7.362  46.003 0.0000000000
50213  -3.790  -7.099  44.566 0.0000000000
50214  -4.448  -7.387  44.975 0.0000000000
50215  -4.847  -7.721  45.346 0.0000000000
50222  -3.766  -7.171  43.721 0.0000000000
50223  -4.403  -7.464  44.101 0.0000000000
50224  -4.859  -7.792  44.455 0.0000000000
50230  -2.887  -7.225  42.721 0.0000000000
50231  -3.692  -7.269  42.932 0.0000000000
50232  -4.317  -7.551  43.230 0.0000000000
50233  -4.753  -7.916  43.579 0.0000000000
50247  -0.561  -7.215  41.639 0.0000000000
50248  -1.651  -7.343  41.742 0.0000000000
50249  -2.654  -7.423  41.876 0.0000000000
50250  -3.545  -7.482  42.099 0.0000000000
50251  -4.224  -7.691  42.318 0.0000000000
50252  -4.672  -8.090  42.571 0.0000000000
50267  -0.310  -7.041  40.742 0.0000000000
50268  -1.247  -7.180  40.882 0.0000000000
50269  -2.342  -7.262  40.980 0.0000000000
50270  -3.398  -7.409  41.177 0.0000000000
50271  -4.230  -7.654  41.387 0.0000000000
50272  -4.780  -8.099  41.554 0.0000000000
50288  -0.273  -6.726  40.301 0.0000000000
50289  -0.831  -6.808  40.277 0.0000000000
50290  -1.863  -6.861  40.007 0.0000000000
50291  -3.222  -7.252  40.257 0.0000000000
50292  -4.185  -7.636  40.528 0.0000000000
50293  -4.900  -7.962  40.681 0.0000000000
50310  -1.925  -6.938  39.064 0.0000000000
50311  -2.970  -7.202  39.329 0.0000000000
50312  -4.248  -7.807  39.560 0.0000000000
50313  -4.743  -7.951  40.130 0.0000000000
50330  -1.130  -6.736  38.476 0.0000000000
50331  -1.619  -6.982  38.435 0.0000000000
50332  -2.581  -7.367  38.373 0.0000000000
50333  -3.606  -7.682  38.729 0.0000000000
50349  -1.136  -6.793  38.032 0.0000000000
50350  -1.785  -7.206  37.735 0.0000000000
50351  -2.693  -7.621  37.342 0.0000000000
50352  -3.294  -7.875  36.841 0.0000000000
50367  -1.235  -6.883  37.392 0.0000000000
50368  -1.804  -7.183  36.833 0.0000000000
50369  -2.746  -7.490  36.485 0.0000000000
50370  -3.500  -7.925  36.147 0.0000000000
50389  -2.264  -7.024  36.151 0.0000000000
50390  -2.938  -7.263  35.677 0.0000000000
50391  -3.600  -7.754  35.222 0.0000000000
50414  -3.573  -7.665  34.612 0.0000000000
51198  0.240  -5.683  46.964 0.0000000000
51199  -0.475  -6.031  46.800 0.0000000000
51200  -1.662  -6.430  46.625 0.0000000000
51201  -2.859  -6.777  46.157 0.0000000000
51211  0.954  -5.619  45.690 0.0000000000
51212  0.530  -5.780  46.029 0.0000000000
51213  -0.594  -6.352  45.774 0.0000000000
51214  -1.773  -6.634  45.436 0.0000000000
51215  -2.899  -6.842  45.014 0.0000000000
51222  1.004  -5.721  45.299 0.0000000000
51223  0.312  -6.143  45.008 0.0000000000
51224  -0.731  -6.510  44.674 0.0000000000
51225  -1.902  -6.723  44.350 0.0000000000
51226  -2.967  -6.945  44.069 0.0000000000
51233  1.178  -5.913  44.390 0.0000000000
51234  0.305  -6.345  43.898 0.0000000000
51235  -0.878  -6.702  43.572 0.0000000000
51236  -2.138  -6.944  43.325 0.0000000000
51237  -3.113  -7.076  43.377 0.0000000000
51249  2.124  -5.804  42.925 0.0000000000
51250  1.589  -6.007  43.191 0.0000000000
51251  0.233  -6.774  42.594 0.0000000000
51252  -1.150  -7.080  42.581 0.0000000000
51253  -2.081  -7.249  42.485 0.0000000000
51265  2.180  -5.937  42.430 0.0000000000
51266  1.490  -6.541  41.935 0.0000000000
51267  0.543  -6.987  41.288 0.0000000000
51280  2.299  -6.054  41.409 0.0000000000
51281  1.504  -6.356  40.687 0.0000000000
51282  0.374  -6.551  40.312 0.0000000000
51283  -0.306  -6.475  39.926 0.0000000000
51284  -0.927  -6.610  39.772 0.0000000000
51296  1.056  -6.039  39.919 0.0000000000
51297  0.345  -6.031  39.523 0.0000000000
51298  -0.448  -6.304  39.337 0.0000000000
51299  -1.167  -6.641  39.277 0.0000000000
51312  -0.023  -5.836  38.959 0.0000000000
51313  -0.638  -6.293  38.524 0.0000000000
51314  -1.274  -6.745  38.797 0.0000000000
51329  -0.841  -6.273  37.594 0.0000000000
51345  -1.169  -6.451  36.875 0.0000000000
51346  -1.692  -6.488  36.255 0.0000000000
51362  -2.363  -6.486  35.602 0.0000000000
51363  -3.243  -6.551  34.827 0.0000000000
51364  -3.600  -7.137  34.625 0.0000000000
51381  -3.508  -6.011  34.277 0.0000000000
51382  -3.733  -6.502  34.065 0.0000000000
52266  2.137  -5.147  45.532 0.0000000000
52267  1.340  -5.436  45.811 0.0000000000
52268  1.016  -5.461  46.266 0.0000000000
52285  2.380  -5.184  44.790 0.0000000000
52286  1.671  -5.472  44.952 0.0000000000
52300  3.276  -4.924  44.062 0.0000000000
52301  2.690  -5.237  44.174 0.0000000000
52302  2.052  -5.612  44.021 0.0000000000
52312  3.538  -4.980  43.408 0.0000000000
52313  2.618  -5.531  43.222 0.0000000000
52314  2.084  -5.701  43.460 0.0000000000
52320  3.492  -5.136  42.588 0.0000000000
52321  2.863  -5.571  42.026 0.0000000000
52327  3.460  -5.131  41.689 0.0000000000
52328  2.994  -5.459  40.997 0.0000000000
52329  2.318  -5.792  40.600 0.0000000000
52339  2.685  -5.318  40.308 0.0000000000
52340  1.890  -5.461  39.854 0.0000000000
52341  1.044  -5.565  39.492 0.0000000000
52351  1.321  -5.047  39.272 0.0000000000
52352  0.613  -5.257  38.967 0.0000000000
52353  -0.023  -5.319  38.437 0.0000000000
52359  -0.477  -5.430  37.820 0.0000000000
52367  -0.905  -5.492  37.007 0.0000000000
52368  -1.296  -5.885  36.454 0.0000000000
52375  -1.256  -5.264  36.393 0.0000000000
52376  -1.688  -5.576  35.785 0.0000000000
52377  -2.488  -5.826  35.129 0.0000000000
52383  -2.157  -5.101  35.133 0.0000000000
52384  -2.882  -5.378  34.397 0.0000000000
52385  -3.502  -5.654  33.941 0.0000000000
52392  -3.125  -5.030  33.703 0.0000000000
53362  5.587  -4.125  42.755 0.0000000000
53363  4.770  -4.317  42.877 0.0000000000
53364  4.107  -4.653  43.141 0.0000000000
53373  4.829  -4.131  41.692 0.0000000000
53374  4.083  -4.674  42.126 0.0000000000
53379  4.396  -3.987  40.646 0.0000000000
53380  3.750  -4.682  40.902 0.0000000000
53381  3.137  -5.073  40.458 0.0000000000
53388  4.223  -3.788  40.323 0.0000000000
53389  3.890  -4.035  40.192 0.0000000000
53390  2.957  -4.614  39.872 0.0000000000
53391  1.913  -4.505  39.283 0.0000000000
53398  1.108  -4.416  38.874 0.0000000000
53399  0.374  -4.440  38.451 0.0000000000
53400  -0.225  -4.539  38.006 0.0000000000
53406  -0.583  -4.561  37.389 0.0000000000
53411  -1.078  -4.405  36.568 0.0000000000
53412  -1.332  -3.841  36.195 0.0000000000
53418  -1.372  -4.911  36.104 0.0000000000
53419  -1.624  -4.357  35.710 0.0000000000
53425  -2.263  -4.301  34.800 0.0000000000
53426  -2.806  -4.233  34.006 0.0000000000
54383  5.372  -3.858  41.458 0.0000000000
54389  5.108  -3.715  40.932 0.0000000000
54397  4.454  -3.343  40.182 0.0000000000
54398  3.387  -3.543  39.644 0.0000000000
54399  2.462  -3.707  39.233 0.0000000000
54400  1.590  -3.650  38.912 0.0000000000
54407  0.734  -3.535  38.541 0.0000000000
54408  -0.077  -3.520  37.952 0.0000000000
54409  -0.368  -4.021  37.664 0.0000000000
54415  -0.376  -2.991  37.512 0.0000000000
54416  -0.634  -3.473  37.205 0.0000000000
54421  -1.134  -3.317  36.492 0.0000000000
54422  -1.537  -3.282  35.935 0.0000000000
54428  -1.991  -3.403  35.285 0.0000000000
54434  -2.534  -3.308  34.535 0.0000000000
55445  4.584  -2.361  39.882 0.0000000000
55446  3.662  -2.590  39.622 0.0000000000
55447  2.647  -2.707  39.258 0.0000000000
55448  1.977  -3.029  39.018 0.0000000000
55454  1.892  -2.399  38.980 0.0000000000
55455  1.216  -2.662  38.706 0.0000000000
55456  0.223  -2.522  38.139 0.0000000000
55457  -0.497  -2.061  37.739 0.0000000000
55464  -0.258  -2.671  37.711 0.0000000000
55465  -0.819  -2.353  37.304 0.0000000000
55466  -1.422  -2.118  36.970 0.0000000000
55471  -1.054  -2.671  36.834 0.0000000000
55472  -1.659  -2.342  36.412 0.0000000000
55473  -2.230  -1.990  36.099 0.0000000000
55478  -1.985  -2.573  35.703 0.0000000000
55479  -2.474  -1.965  35.464 0.0000000000
55485  -2.332  -2.664  35.078 0.0000000000
55486  -2.864  -2.158  34.409 0.0000000000
56460  3.870  -1.657  39.678 0.0000000000
56461  2.865  -1.782  39.459 0.0000000000
56462  2.078  -1.816  39.111 0.0000000000
56471  1.445  -1.813  38.765 0.0000000000
56472  0.578  -1.745  38.437 0.0000000000
56473  -0.477  -1.594  38.166 0.0000000000
56474  -1.458  -1.521  37.685 0.0000000000
56475  -2.205  -1.195  37.450 0.0000000000
56486  -1.446  -1.826  37.236 0.0000000000
56487  -2.070  -1.525  36.950 0.0000000000
56488  -2.575  -1.129  36.739 0.0000000000
56500  -2.180  -1.769  36.460 0.0000000000
56501  -2.594  -1.384  36.243 0.0000000000
56512  -2.826  -1.238  35.170 0.0000000000
57508  3.052  -0.979  39.730 0.0000000000
57509  1.832  -0.903  39.260 0.0000000000
57510  0.306  -0.572  39.184 0.0000000000
57511  -1.040  -0.628  39.185 0.0000000000
57512  -1.640  -0.475  39.080 0.0000000000
57520  1.652  -1.347  38.881 0.0000000000
57521  1.000  -1.130  38.713 0.0000000000
57522  -0.208  -1.085  38.672 0.0000000000
57523  -1.555  -0.978  38.567 0.0000000000
57524  -2.259  -0.909  37.866 0.0000000000
57529  -2.544  -0.688  36.936 0.0000000000
57530  -2.707  -0.940  36.545 0.0000000000
57535  -2.642  -0.186  36.341 0.0000000000
57536  -2.815  -0.585  35.957 0.0000000000
57542  -2.831  -0.491  34.771 0.0000000000
58520  -2.120  -0.400  38.201 0.0000000000
58533  -2.249  -0.057  37.458 0.0000000000
58545  -2.291  0.384  36.413 0.0000000000
58546  -2.652  0.094  35.873 0.0000000000
58555  -2.114  0.534  35.185 0.0000000000
58556  -2.705  -0.015  35.271 0.0000000000
