#!ascii label  , from subject FREESURFER vox2ras=TkReg 
672
83787  33.775  33.962  21.148 0.0000000000
84214  36.049  35.709  25.017 0.0000000000
84215  35.976  35.497  25.055 0.0000000000
84216  35.674  35.490  25.134 0.0000000000
84225  36.111  35.625  24.753 0.0000000000
84226  36.001  35.329  24.720 0.0000000000
84227  35.283  35.059  24.684 0.0000000000
84228  34.369  34.973  24.314 0.0000000000
84237  36.203  35.563  24.233 0.0000000000
84238  35.998  35.242  23.707 0.0000000000
84239  34.946  34.718  23.282 0.0000000000
84248  35.750  35.094  22.647 0.0000000000
84249  35.103  34.379  21.912 0.0000000000
84263  34.218  34.547  21.242 0.0000000000
84264  33.424  34.429  20.781 0.0000000000
84265  32.564  34.630  20.353 0.0000000000
84276  31.827  34.754  19.910 0.0000000000
84277  31.117  34.809  19.483 0.0000000000
84278  30.338  34.844  19.171 0.0000000000
84285  29.548  34.926  18.865 0.0000000000
84286  28.756  35.049  18.568 0.0000000000
84287  27.995  35.169  18.256 0.0000000000
84290  27.341  35.266  17.772 0.0000000000
84291  26.677  35.378  17.335 0.0000000000
84292  26.085  35.405  16.881 0.0000000000
84295  25.450  35.350  16.459 0.0000000000
84296  24.784  35.362  16.008 0.0000000000
84299  24.120  35.417  15.504 0.0000000000
84645  36.106  35.991  24.785 0.0000000000
84646  35.727  35.970  25.208 0.0000000000
84647  34.726  35.996  25.482 0.0000000000
84648  33.817  36.740  25.437 0.0000000000
84656  36.270  35.934  24.206 0.0000000000
84657  34.476  35.378  24.924 0.0000000000
84658  33.429  36.013  24.683 0.0000000000
84668  36.396  35.925  23.545 0.0000000000
84669  36.364  35.781  22.682 0.0000000000
84682  35.789  35.626  21.883 0.0000000000
84683  34.812  35.587  21.352 0.0000000000
84695  33.952  35.583  20.832 0.0000000000
84696  33.024  35.695  20.474 0.0000000000
84697  32.090  35.838  20.230 0.0000000000
84704  31.272  35.927  19.857 0.0000000000
84705  30.536  35.885  19.471 0.0000000000
84706  29.842  35.945  19.120 0.0000000000
84714  29.163  36.070  18.676 0.0000000000
84715  28.423  36.111  18.354 0.0000000000
84716  27.734  36.186  18.038 0.0000000000
84723  27.046  36.288  17.638 0.0000000000
84724  26.360  36.285  17.220 0.0000000000
84725  25.774  36.277  16.749 0.0000000000
84727  25.177  36.256  16.267 0.0000000000
84728  24.591  36.264  15.720 0.0000000000
84730  23.930  36.424  14.979 0.0000000000
84731  23.473  35.938  14.631 0.0000000000
84734  23.859  36.933  14.449 0.0000000000
84735  23.340  36.408  14.024 0.0000000000
84736  22.926  36.041  13.765 0.0000000000
84739  23.169  36.791  13.076 0.0000000000
84740  22.797  36.116  13.373 0.0000000000
84746  23.155  36.877  12.566 0.0000000000
84747  22.734  36.370  12.427 0.0000000000
84757  22.553  36.150  11.535 0.0000000000
84769  22.904  36.513  10.413 0.0000000000
84770  22.562  36.015  10.821 0.0000000000
85084  35.716  36.470  24.799 0.0000000000
85085  34.966  37.028  25.190 0.0000000000
85086  34.101  37.386  25.541 0.0000000000
85087  33.072  37.575  25.518 0.0000000000
85088  32.461  38.248  25.706 0.0000000000
85096  36.061  36.458  24.145 0.0000000000
85097  35.534  37.105  24.365 0.0000000000
85098  32.706  37.017  24.945 0.0000000000
85110  36.274  36.308  23.677 0.0000000000
85111  36.047  37.046  23.031 0.0000000000
85112  35.227  37.709  22.347 0.0000000000
85128  35.980  36.362  22.192 0.0000000000
85129  35.041  37.114  21.556 0.0000000000
85130  33.806  37.715  21.238 0.0000000000
85141  34.411  36.338  21.010 0.0000000000
85142  33.545  36.901  20.751 0.0000000000
85143  32.547  36.662  20.342 0.0000000000
85150  32.501  37.533  20.327 0.0000000000
85151  31.722  37.180  19.874 0.0000000000
85152  30.810  36.924  19.551 0.0000000000
85153  30.196  36.674  19.260 0.0000000000
85160  32.209  37.825  19.759 0.0000000000
85161  31.976  37.811  19.425 0.0000000000
85162  30.384  37.280  19.080 0.0000000000
85163  29.694  37.075  18.826 0.0000000000
85164  28.858  37.091  18.285 0.0000000000
85165  28.223  36.830  18.041 0.0000000000
85174  28.398  37.435  17.872 0.0000000000
85175  27.711  37.179  17.676 0.0000000000
85176  26.806  37.204  17.292 0.0000000000
85177  26.125  36.960  16.999 0.0000000000
85179  26.375  37.530  16.814 0.0000000000
85180  25.698  37.255  16.411 0.0000000000
85181  25.074  36.902  15.922 0.0000000000
85183  25.310  37.559  15.712 0.0000000000
85184  24.697  37.109  15.378 0.0000000000
85186  25.049  37.822  15.143 0.0000000000
85187  24.402  37.563  14.591 0.0000000000
85188  23.850  37.264  14.098 0.0000000000
85190  24.110  37.839  13.890 0.0000000000
85191  23.684  37.442  13.395 0.0000000000
85198  23.491  37.335  12.567 0.0000000000
85199  23.195  36.987  12.180 0.0000000000
85210  24.047  37.832  11.518 0.0000000000
85211  23.605  37.467  11.718 0.0000000000
85212  23.010  36.811  11.613 0.0000000000
85221  23.976  37.785  11.005 0.0000000000
85222  23.294  37.171  10.802 0.0000000000
85223  22.826  36.566  11.032 0.0000000000
85232  23.885  37.663  9.948 0.0000000000
85233  23.259  36.964  9.972 0.0000000000
85557  34.671  37.583  25.265 0.0000000000
85558  34.399  38.016  25.397 0.0000000000
85559  33.610  38.559  26.062 0.0000000000
85560  32.810  38.579  26.016 0.0000000000
85568  34.794  37.603  24.841 0.0000000000
85569  34.357  38.191  24.499 0.0000000000
85570  32.973  39.176  26.139 0.0000000000
85571  32.178  38.902  25.911 0.0000000000
85582  35.038  37.600  23.935 0.0000000000
85583  34.662  38.146  23.138 0.0000000000
85584  34.049  38.561  22.572 0.0000000000
85598  34.703  38.179  22.140 0.0000000000
85599  33.800  38.526  21.753 0.0000000000
85600  32.920  38.951  21.481 0.0000000000
85610  32.866  38.206  20.964 0.0000000000
85611  32.483  39.075  21.076 0.0000000000
85619  32.369  38.336  20.088 0.0000000000
85620  31.255  37.426  19.362 0.0000000000
85621  30.902  37.528  19.084 0.0000000000
85627  32.210  38.369  19.365 0.0000000000
85628  31.595  37.983  18.929 0.0000000000
85629  30.432  37.990  18.621 0.0000000000
85630  29.416  38.015  18.217 0.0000000000
85631  28.806  37.831  17.926 0.0000000000
85641  28.962  38.389  17.825 0.0000000000
85642  28.341  38.176  17.503 0.0000000000
85643  27.507  37.926  17.163 0.0000000000
85644  26.883  37.895  16.878 0.0000000000
85650  27.906  38.590  17.011 0.0000000000
85651  27.309  38.504  16.666 0.0000000000
85652  26.442  38.209  16.340 0.0000000000
85653  25.785  38.003  15.962 0.0000000000
85655  26.124  38.521  15.719 0.0000000000
85656  25.580  38.232  15.388 0.0000000000
85658  25.990  38.761  15.122 0.0000000000
85659  25.374  38.524  14.527 0.0000000000
85660  24.665  38.269  13.954 0.0000000000
85662  25.359  38.768  13.421 0.0000000000
85663  24.349  38.254  13.164 0.0000000000
85664  23.874  37.849  12.746 0.0000000000
85672  25.007  38.737  12.262 0.0000000000
85673  24.259  38.142  12.295 0.0000000000
85674  23.855  37.753  12.237 0.0000000000
85685  25.156  38.649  11.186 0.0000000000
85686  24.492  38.156  11.518 0.0000000000
85687  24.057  37.886  11.851 0.0000000000
85694  24.577  38.185  10.589 0.0000000000
86042  33.997  39.064  25.404 0.0000000000
86043  33.510  39.454  26.073 0.0000000000
86044  30.943  39.942  25.982 0.0000000000
86057  33.726  38.741  24.073 0.0000000000
86058  32.969  39.631  25.205 0.0000000000
86059  31.657  39.882  25.703 0.0000000000
86071  33.883  38.679  23.144 0.0000000000
86072  33.216  39.184  23.043 0.0000000000
86073  31.865  40.035  23.788 0.0000000000
86074  31.204  40.359  23.027 0.0000000000
86086  33.070  39.118  22.001 0.0000000000
86087  32.279  39.519  21.932 0.0000000000
86088  31.295  39.986  22.219 0.0000000000
86095  37.726  38.827  20.058 0.0000000000
86096  36.738  38.753  20.107 0.0000000000
86097  35.759  39.123  20.011 0.0000000000
86098  35.231  39.401  19.981 0.0000000000
86099  32.402  38.959  20.445 0.0000000000
86100  31.829  39.607  20.801 0.0000000000
86101  31.483  39.790  21.425 0.0000000000
86109  38.136  38.722  19.289 0.0000000000
86110  37.267  38.508  19.373 0.0000000000
86111  36.206  38.878  19.423 0.0000000000
86112  34.983  39.443  19.483 0.0000000000
86113  33.587  39.642  19.266 0.0000000000
86114  32.534  39.214  19.687 0.0000000000
86115  32.139  39.424  20.216 0.0000000000
86122  38.170  39.010  18.799 0.0000000000
86123  37.648  38.865  18.736 0.0000000000
86124  36.709  38.977  18.737 0.0000000000
86125  35.591  39.463  18.774 0.0000000000
86126  34.069  39.913  18.442 0.0000000000
86127  32.436  39.320  18.613 0.0000000000
86128  31.035  39.087  18.258 0.0000000000
86129  29.879  38.889  18.088 0.0000000000
86130  29.303  38.654  17.922 0.0000000000
86139  33.635  40.216  17.725 0.0000000000
86140  32.987  39.919  17.624 0.0000000000
86141  31.747  39.860  17.176 0.0000000000
86142  30.356  39.579  17.269 0.0000000000
86143  29.064  39.105  17.363 0.0000000000
86144  28.338  38.846  17.111 0.0000000000
86151  31.478  40.260  16.377 0.0000000000
86152  30.866  40.045  16.349 0.0000000000
86153  29.683  39.821  15.982 0.0000000000
86154  28.167  39.213  16.335 0.0000000000
86155  27.051  38.900  16.023 0.0000000000
86156  26.531  38.689  15.901 0.0000000000
86159  29.573  39.909  15.054 0.0000000000
86160  28.793  39.763  14.892 0.0000000000
86161  27.480  39.341  15.192 0.0000000000
86162  26.586  38.958  15.420 0.0000000000
86165  28.670  39.898  14.107 0.0000000000
86166  27.882  39.779  13.965 0.0000000000
86167  26.512  39.201  14.378 0.0000000000
86168  25.851  38.938  13.958 0.0000000000
86171  27.640  40.078  13.302 0.0000000000
86172  26.905  39.828  13.233 0.0000000000
86173  26.150  39.224  13.504 0.0000000000
86180  26.555  40.040  12.667 0.0000000000
86181  26.001  39.515  12.588 0.0000000000
86192  25.575  39.253  11.700 0.0000000000
86538  30.754  40.213  26.006 0.0000000000
86539  30.480  40.421  25.682 0.0000000000
86540  29.904  40.897  25.255 0.0000000000
86541  29.063  40.600  25.514 0.0000000000
86552  31.059  40.435  25.713 0.0000000000
86553  30.781  40.929  25.044 0.0000000000
86554  30.190  41.121  24.133 0.0000000000
86555  29.690  41.170  23.392 0.0000000000
86563  31.325  40.533  24.894 0.0000000000
86564  30.916  40.693  23.798 0.0000000000
86565  30.052  40.812  23.000 0.0000000000
86566  29.254  40.941  22.586 0.0000000000
86575  30.586  40.359  22.442 0.0000000000
86576  29.704  40.568  21.901 0.0000000000
86577  28.878  40.907  21.700 0.0000000000
86584  37.715  39.670  20.080 0.0000000000
86585  37.152  39.540  20.289 0.0000000000
86586  36.195  39.526  20.385 0.0000000000
86587  35.308  39.650  20.292 0.0000000000
86588  34.761  39.932  20.255 0.0000000000
86589  31.474  40.008  20.609 0.0000000000
86590  30.708  40.344  20.972 0.0000000000
86591  29.316  40.978  21.153 0.0000000000
86592  28.751  41.181  21.258 0.0000000000
86600  37.967  39.439  19.689 0.0000000000
86601  34.897  39.599  20.019 0.0000000000
86602  34.316  39.849  19.860 0.0000000000
86603  33.236  40.086  19.778 0.0000000000
86604  31.878  40.164  20.123 0.0000000000
86605  31.064  40.949  20.247 0.0000000000
86613  38.074  39.395  19.141 0.0000000000
86614  37.794  39.589  18.694 0.0000000000
86615  37.099  39.564  18.409 0.0000000000
86616  36.157  39.831  18.324 0.0000000000
86617  35.150  40.101  18.196 0.0000000000
86625  37.286  40.250  18.374 0.0000000000
86626  36.570  40.474  18.100 0.0000000000
86627  35.582  40.690  17.835 0.0000000000
86628  34.291  40.653  17.585 0.0000000000
86629  33.249  40.501  17.360 0.0000000000
86630  32.559  40.324  17.011 0.0000000000
86639  33.460  41.051  17.228 0.0000000000
86640  32.731  40.935  16.945 0.0000000000
86641  31.996  40.662  16.296 0.0000000000
86642  31.221  40.514  15.846 0.0000000000
86643  30.595  40.245  15.579 0.0000000000
86648  31.462  40.982  15.595 0.0000000000
86649  30.846  40.855  15.114 0.0000000000
86650  30.136  40.256  14.904 0.0000000000
86651  29.574  40.024  14.556 0.0000000000
86653  30.406  40.932  14.338 0.0000000000
86654  29.905  40.507  14.166 0.0000000000
86655  29.243  40.190  14.014 0.0000000000
86656  28.650  40.156  13.686 0.0000000000
86659  30.171  40.978  13.812 0.0000000000
86660  29.740  40.818  13.653 0.0000000000
86661  29.091  40.755  13.434 0.0000000000
86662  28.195  40.585  13.163 0.0000000000
86663  27.447  40.415  13.024 0.0000000000
86668  27.599  40.956  12.786 0.0000000000
86669  26.888  40.645  12.554 0.0000000000
86670  26.312  40.231  12.342 0.0000000000
86681  26.248  40.723  12.154 0.0000000000
86682  25.867  40.200  11.643 0.0000000000
87071  29.733  41.362  24.363 0.0000000000
87072  29.283  41.773  24.979 0.0000000000
87073  28.604  42.309  24.408 0.0000000000
87082  29.737  41.335  23.852 0.0000000000
87083  29.108  41.473  23.474 0.0000000000
87084  28.454  42.113  23.768 0.0000000000
87091  28.514  41.285  22.252 0.0000000000
87092  28.114  41.911  22.705 0.0000000000
87101  28.406  41.364  21.446 0.0000000000
87102  27.984  41.823  21.703 0.0000000000
87109  37.828  40.176  19.916 0.0000000000
87110  37.551  40.397  20.224 0.0000000000
87111  36.681  40.360  20.448 0.0000000000
87112  35.580  40.222  20.499 0.0000000000
87113  34.988  40.097  20.419 0.0000000000
87114  30.456  41.253  20.382 0.0000000000
87115  29.657  41.605  20.527 0.0000000000
87116  28.613  41.596  20.893 0.0000000000
87117  28.144  41.765  21.173 0.0000000000
87123  37.845  40.111  19.505 0.0000000000
87124  38.152  41.083  19.972 0.0000000000
87125  37.345  41.257  20.371 0.0000000000
87126  36.048  41.140  20.450 0.0000000000
87127  34.483  40.701  20.291 0.0000000000
87128  32.857  41.119  19.996 0.0000000000
87129  31.655  41.435  19.963 0.0000000000
87130  30.759  41.721  20.085 0.0000000000
87131  30.224  41.768  20.263 0.0000000000
87138  37.827  39.894  19.081 0.0000000000
87139  37.601  40.694  19.063 0.0000000000
87146  37.008  41.142  18.238 0.0000000000
87147  36.163  41.417  17.650 0.0000000000
87148  35.077  41.525  17.319 0.0000000000
87149  34.011  41.596  17.193 0.0000000000
87159  33.090  41.631  17.069 0.0000000000
87160  32.360  41.531  16.558 0.0000000000
87161  31.706  41.500  15.956 0.0000000000
87169  31.178  41.535  15.339 0.0000000000
87170  30.718  41.579  14.695 0.0000000000
87172  30.240  41.665  13.995 0.0000000000
87173  29.920  42.079  13.819 0.0000000000
87175  29.985  41.248  13.701 0.0000000000
87176  29.605  41.632  13.582 0.0000000000
87177  28.768  41.613  13.220 0.0000000000
87178  28.004  41.631  12.905 0.0000000000
87181  27.240  41.632  12.621 0.0000000000
87182  26.334  41.567  12.159 0.0000000000
87183  25.880  42.045  11.871 0.0000000000
87192  25.969  40.978  11.833 0.0000000000
87671  29.159  42.418  25.375 0.0000000000
87672  28.605  42.692  24.927 0.0000000000
87679  27.995  42.736  24.038 0.0000000000
87685  27.735  42.746  23.034 0.0000000000
87686  27.356  43.122  22.493 0.0000000000
87695  27.514  42.606  22.000 0.0000000000
87696  27.111  43.315  22.029 0.0000000000
87704  29.426  42.386  20.344 0.0000000000
87705  28.809  42.378  20.496 0.0000000000
87706  27.882  42.486  20.947 0.0000000000
87713  38.492  41.794  19.942 0.0000000000
87714  38.036  42.053  20.178 0.0000000000
87715  36.818  42.101  20.364 0.0000000000
87716  35.244  42.031  20.272 0.0000000000
87717  33.704  42.111  20.156 0.0000000000
87718  32.360  42.339  20.072 0.0000000000
87719  31.225  42.513  20.034 0.0000000000
87720  30.123  42.544  20.205 0.0000000000
87727  38.027  41.698  19.602 0.0000000000
87728  37.467  42.305  19.386 0.0000000000
87736  37.424  41.674  18.849 0.0000000000
87737  36.672  42.205  18.210 0.0000000000
87738  35.626  42.357  17.383 0.0000000000
87739  34.516  42.389  17.194 0.0000000000
87747  33.557  42.342  17.094 0.0000000000
87748  32.723  42.318  16.874 0.0000000000
87749  31.949  42.299  16.446 0.0000000000
87758  31.368  42.230  15.816 0.0000000000
87759  30.883  42.261  15.260 0.0000000000
87762  30.406  42.363  14.731 0.0000000000
87763  29.923  42.551  14.289 0.0000000000
87764  29.492  42.922  14.132 0.0000000000
87767  29.628  42.374  13.846 0.0000000000
87768  29.086  42.592  13.679 0.0000000000
87769  28.324  42.538  13.282 0.0000000000
87772  27.607  42.527  12.905 0.0000000000
87773  26.857  42.524  12.561 0.0000000000
87774  26.174  42.595  12.194 0.0000000000
88322  27.818  43.511  24.501 0.0000000000
88330  27.466  43.626  23.446 0.0000000000
88331  27.108  44.178  23.018 0.0000000000
88336  27.424  43.299  22.880 0.0000000000
88337  27.171  43.740  22.581 0.0000000000
88344  27.338  43.367  21.401 0.0000000000
88345  27.021  44.019  21.827 0.0000000000
88353  38.445  43.931  21.091 0.0000000000
88354  38.282  43.845  21.135 0.0000000000
88355  37.675  43.682  21.233 0.0000000000
88356  36.466  43.672  21.100 0.0000000000
88357  34.959  43.833  20.707 0.0000000000
88358  33.843  43.838  20.495 0.0000000000
88359  29.267  43.101  20.374 0.0000000000
88360  28.473  43.376  20.595 0.0000000000
88361  27.766  43.750  20.858 0.0000000000
88368  38.406  43.921  20.929 0.0000000000
88369  38.157  43.686  20.811 0.0000000000
88370  37.527  43.053  20.350 0.0000000000
88371  35.996  42.981  20.421 0.0000000000
88372  34.434  43.042  20.358 0.0000000000
88373  33.082  43.367  20.344 0.0000000000
88374  31.842  43.488  20.236 0.0000000000
88375  30.759  43.562  20.225 0.0000000000
88376  29.870  43.745  20.386 0.0000000000
88383  36.378  43.081  19.130 0.0000000000
88384  35.398  43.568  18.383 0.0000000000
88392  35.822  42.926  18.011 0.0000000000
88393  34.800  43.210  17.680 0.0000000000
88394  33.805  43.203  17.277 0.0000000000
88395  33.112  43.598  17.063 0.0000000000
88405  33.116  42.927  17.046 0.0000000000
88406  32.431  43.273  16.767 0.0000000000
88407  31.509  43.239  16.288 0.0000000000
88408  30.939  43.572  15.958 0.0000000000
88418  31.020  42.873  15.784 0.0000000000
88419  30.490  43.252  15.437 0.0000000000
88420  30.001  43.641  15.201 0.0000000000
88423  30.106  43.068  14.864 0.0000000000
88424  29.651  43.465  14.702 0.0000000000
88425  29.167  43.523  14.197 0.0000000000
88428  28.594  43.454  13.717 0.0000000000
88429  27.910  43.422  13.310 0.0000000000
88432  27.237  43.423  12.893 0.0000000000
88433  26.555  43.440  12.504 0.0000000000
88987  27.397  44.100  24.086 0.0000000000
88988  26.925  44.699  23.640 0.0000000000
88995  26.894  44.690  22.473 0.0000000000
89003  27.319  44.265  21.209 0.0000000000
89004  27.081  44.882  21.551 0.0000000000
89011  38.422  44.194  21.075 0.0000000000
89012  37.868  44.406  21.375 0.0000000000
89013  36.797  44.605  21.433 0.0000000000
89014  35.355  44.721  21.193 0.0000000000
89015  33.791  44.762  20.628 0.0000000000
89016  33.255  44.150  20.444 0.0000000000
89017  29.107  44.292  20.517 0.0000000000
89018  28.269  44.445  20.609 0.0000000000
89019  27.618  44.744  20.794 0.0000000000
89020  27.303  44.897  21.093 0.0000000000
89027  38.294  44.153  20.761 0.0000000000
89028  37.868  44.128  20.312 0.0000000000
89029  36.979  44.106  19.659 0.0000000000
89030  32.999  45.162  20.530 0.0000000000
89031  32.535  44.602  20.337 0.0000000000
89032  31.274  44.537  20.281 0.0000000000
89033  30.279  44.516  20.378 0.0000000000
89034  29.683  44.467  20.466 0.0000000000
89042  35.803  44.295  18.950 0.0000000000
89043  34.514  44.418  18.185 0.0000000000
89044  33.825  45.032  17.757 0.0000000000
89053  34.099  43.766  17.631 0.0000000000
89054  33.526  44.352  17.366 0.0000000000
89055  32.760  44.299  16.867 0.0000000000
89064  31.946  44.299  16.525 0.0000000000
89065  31.190  44.264  16.169 0.0000000000
89066  30.609  44.232  15.836 0.0000000000
89076  30.176  44.135  15.529 0.0000000000
89077  29.797  44.273  15.192 0.0000000000
89080  29.404  44.289  14.689 0.0000000000
89081  28.932  44.336  14.124 0.0000000000
89083  28.311  44.317  13.588 0.0000000000
89084  27.633  44.313  13.164 0.0000000000
89086  27.000  44.319  12.695 0.0000000000
89580  36.719  46.272  22.192 0.0000000000
89581  36.292  46.261  22.245 0.0000000000
89582  35.407  46.301  22.074 0.0000000000
89583  26.725  45.716  21.903 0.0000000000
89591  38.486  44.514  21.107 0.0000000000
89592  38.228  44.883  21.163 0.0000000000
89593  37.114  45.728  21.716 0.0000000000
89594  35.891  45.619  21.719 0.0000000000
89595  34.310  45.818  21.514 0.0000000000
89596  32.936  46.064  21.206 0.0000000000
89597  32.237  46.037  20.752 0.0000000000
89598  29.097  44.876  20.403 0.0000000000
89599  28.733  45.040  20.355 0.0000000000
89600  27.926  45.451  20.269 0.0000000000
89601  27.143  45.692  20.883 0.0000000000
89609  38.425  44.500  20.883 0.0000000000
89610  38.094  44.892  20.548 0.0000000000
89611  37.374  45.173  19.821 0.0000000000
89612  36.512  45.749  19.469 0.0000000000
89613  33.248  45.499  20.918 0.0000000000
89614  32.562  45.555  20.646 0.0000000000
89615  31.717  45.553  20.397 0.0000000000
89616  30.634  45.458  20.190 0.0000000000
89617  29.448  45.258  20.198 0.0000000000
89618  28.539  45.782  19.866 0.0000000000
89619  27.922  46.168  19.723 0.0000000000
89628  36.415  44.996  19.364 0.0000000000
89629  35.453  45.642  18.955 0.0000000000
89630  34.154  45.725  18.190 0.0000000000
89640  33.285  45.614  17.351 0.0000000000
89641  33.039  44.908  16.989 0.0000000000
89649  32.813  45.998  16.841 0.0000000000
89650  32.483  45.327  16.630 0.0000000000
89651  31.423  45.275  16.105 0.0000000000
89652  30.852  44.791  15.949 0.0000000000
89661  31.155  45.701  15.602 0.0000000000
89662  30.345  45.198  15.448 0.0000000000
89663  29.694  44.779  15.040 0.0000000000
89666  30.036  45.712  14.753 0.0000000000
89667  29.460  45.215  14.585 0.0000000000
89668  28.796  45.167  13.828 0.0000000000
89670  28.133  45.179  13.313 0.0000000000
89671  27.490  45.165  12.834 0.0000000000
90101  36.582  46.774  22.241 0.0000000000
90102  35.760  46.820  22.418 0.0000000000
90103  34.821  46.817  21.972 0.0000000000
90111  37.775  45.836  20.905 0.0000000000
90112  37.179  46.811  21.418 0.0000000000
90113  33.712  46.788  21.403 0.0000000000
90114  32.551  46.764  20.596 0.0000000000
90115  31.900  46.192  20.432 0.0000000000
90116  27.395  46.390  20.025 0.0000000000
90126  37.607  45.609  20.331 0.0000000000
90127  36.836  46.578  20.113 0.0000000000
90128  36.209  46.243  19.371 0.0000000000
90129  32.165  47.277  19.540 0.0000000000
90130  31.339  46.396  19.744 0.0000000000
90131  30.017  46.132  19.460 0.0000000000
90132  28.991  46.200  19.333 0.0000000000
90146  36.124  47.384  19.701 0.0000000000
90147  35.797  46.887  19.216 0.0000000000
90148  34.819  46.765  18.505 0.0000000000
90164  33.849  46.786  17.775 0.0000000000
90179  33.072  46.678  17.015 0.0000000000
90180  32.481  46.333  16.345 0.0000000000
90181  32.058  45.815  16.158 0.0000000000
90196  32.432  46.847  15.829 0.0000000000
90197  31.838  46.303  15.562 0.0000000000
90198  31.060  46.004  15.249 0.0000000000
90210  31.405  46.520  14.892 0.0000000000
90211  30.641  46.237  14.664 0.0000000000
90212  29.788  46.158  14.245 0.0000000000
90213  29.209  45.822  13.985 0.0000000000
90216  29.361  46.409  13.766 0.0000000000
90217  28.691  46.112  13.486 0.0000000000
90218  27.958  45.956  12.938 0.0000000000
90660  36.420  47.235  22.278 0.0000000000
90661  36.073  47.314  22.314 0.0000000000
90662  35.369  47.360  22.169 0.0000000000
90672  36.445  47.503  21.876 0.0000000000
90673  35.627  47.899  21.860 0.0000000000
90674  34.626  47.735  21.456 0.0000000000
90675  33.582  47.457  20.909 0.0000000000
90686  36.611  47.742  20.868 0.0000000000
90687  34.069  48.116  20.736 0.0000000000
90688  33.172  47.919  20.135 0.0000000000
90698  36.162  48.037  19.932 0.0000000000
90699  35.777  47.872  19.275 0.0000000000
90700  35.373  47.553  18.657 0.0000000000
90711  35.864  48.607  19.299 0.0000000000
90712  35.521  48.380  18.644 0.0000000000
90713  34.833  47.782  17.876 0.0000000000
90728  33.796  47.738  16.968 0.0000000000
90729  32.824  47.293  16.308 0.0000000000
90744  33.263  48.245  16.077 0.0000000000
90745  32.433  47.557  15.265 0.0000000000
90746  31.871  46.864  14.913 0.0000000000
90759  32.189  47.935  14.594 0.0000000000
90760  31.486  47.359  14.287 0.0000000000
90761  30.317  46.822  13.917 0.0000000000
90762  29.733  46.651  13.788 0.0000000000
90768  31.199  47.864  13.696 0.0000000000
90769  30.624  47.554  13.587 0.0000000000
90770  29.433  47.243  13.318 0.0000000000
90771  28.238  46.798  12.947 0.0000000000
90775  29.172  47.799  12.707 0.0000000000
90776  28.582  47.520  12.596 0.0000000000
91302  35.926  48.294  21.195 0.0000000000
91303  35.171  48.677  21.205 0.0000000000
91304  34.638  48.575  20.925 0.0000000000
91316  36.006  48.623  20.349 0.0000000000
91317  34.840  49.100  20.726 0.0000000000
91318  34.202  48.907  20.255 0.0000000000
91319  33.328  48.872  19.553 0.0000000000
91329  35.964  49.001  19.581 0.0000000000
91339  35.678  49.132  18.898 0.0000000000
91340  35.215  48.943  17.962 0.0000000000
91341  34.664  48.453  17.201 0.0000000000
91351  34.753  49.118  17.095 0.0000000000
91352  34.143  48.801  16.462 0.0000000000
91365  33.632  49.066  15.756 0.0000000000
91366  33.047  48.607  15.400 0.0000000000
91382  33.390  49.123  15.104 0.0000000000
91383  32.647  48.672  14.692 0.0000000000
91384  32.074  48.233  14.249 0.0000000000
91396  32.262  48.829  14.089 0.0000000000
91397  31.653  48.464  13.688 0.0000000000
91398  30.953  48.171  13.314 0.0000000000
91399  30.271  47.968  13.128 0.0000000000
91402  31.279  48.687  13.052 0.0000000000
91403  30.683  48.492  12.724 0.0000000000
91404  29.749  48.198  12.532 0.0000000000
91405  29.005  48.056  12.250 0.0000000000
91409  29.417  48.375  11.933 0.0000000000
91901  35.428  49.013  20.604 0.0000000000
91902  35.095  49.178  20.691 0.0000000000
91914  35.559  49.318  19.916 0.0000000000
91915  34.858  49.571  20.053 0.0000000000
91916  34.041  49.800  19.453 0.0000000000
91926  35.412  49.527  19.273 0.0000000000
91927  35.189  49.601  19.647 0.0000000000
91928  33.920  50.371  19.084 0.0000000000
91937  35.204  49.602  18.588 0.0000000000
91938  34.828  49.703  17.607 0.0000000000
91949  34.398  49.645  16.347 0.0000000000
91950  33.988  49.384  16.012 0.0000000000
91960  34.236  49.922  15.624 0.0000000000
91961  33.956  49.634  15.372 0.0000000000
91975  33.197  49.652  14.515 0.0000000000
91976  32.625  49.186  14.217 0.0000000000
91989  32.957  50.092  13.979 0.0000000000
91990  32.323  49.526  13.530 0.0000000000
91991  31.705  48.960  13.136 0.0000000000
91997  32.099  49.795  12.714 0.0000000000
91998  31.445  49.260  12.360 0.0000000000
91999  30.370  48.688  12.011 0.0000000000
92000  29.808  48.494  11.946 0.0000000000
92003  31.254  49.553  11.575 0.0000000000
92004  30.683  49.255  11.386 0.0000000000
92409  34.627  49.674  19.592 0.0000000000
92410  34.528  49.840  19.384 0.0000000000
92418  35.182  49.713  19.218 0.0000000000
92419  34.834  49.839  19.326 0.0000000000
92420  34.177  50.326  19.023 0.0000000000
92428  35.119  49.809  18.990 0.0000000000
92429  34.494  50.330  18.330 0.0000000000
92430  33.817  50.788  18.268 0.0000000000
92441  34.463  50.348  17.026 0.0000000000
92452  34.411  50.454  15.823 0.0000000000
92453  34.253  50.126  15.242 0.0000000000
92468  34.452  50.749  14.965 0.0000000000
92469  33.981  50.238  14.758 0.0000000000
92480  34.224  51.006  14.294 0.0000000000
92481  33.530  50.541  14.006 0.0000000000
92482  33.029  50.259  13.440 0.0000000000
92489  34.203  50.969  13.492 0.0000000000
92490  33.653  50.609  12.933 0.0000000000
92491  32.707  50.211  12.695 0.0000000000
92492  32.104  49.937  12.205 0.0000000000
92496  33.246  50.583  12.223 0.0000000000
92497  32.573  50.403  11.779 0.0000000000
92498  31.740  49.966  11.541 0.0000000000
92503  32.155  50.480  11.153 0.0000000000
92875  34.172  50.775  17.418 0.0000000000
92876  33.656  51.292  17.535 0.0000000000
92886  34.180  51.241  16.583 0.0000000000
92887  33.780  52.100  16.946 0.0000000000
92899  35.534  51.883  14.667 0.0000000000
92900  34.887  51.572  15.409 0.0000000000
92914  35.626  51.824  14.024 0.0000000000
92915  34.944  51.420  14.490 0.0000000000
92923  35.570  51.695  13.255 0.0000000000
92924  34.900  51.363  13.691 0.0000000000
92932  35.489  51.634  12.785 0.0000000000
92933  34.665  51.222  12.562 0.0000000000
92934  33.777  50.799  12.287 0.0000000000
92940  34.373  51.498  11.291 0.0000000000
92941  33.410  50.921  11.510 0.0000000000
92942  32.613  50.697  11.236 0.0000000000
93304  34.364  52.436  16.277 0.0000000000
93321  35.679  52.404  15.089 0.0000000000
93322  35.110  52.577  15.651 0.0000000000
93335  36.814  52.517  13.767 0.0000000000
93336  36.211  52.341  14.346 0.0000000000
93348  37.135  52.283  13.169 0.0000000000
93349  36.358  52.092  13.586 0.0000000000
93363  37.327  52.226  12.309 0.0000000000
93364  36.176  51.972  12.698 0.0000000000
93365  35.432  51.647  12.529 0.0000000000
93381  36.327  52.154  11.602 0.0000000000
93382  35.325  51.775  11.932 0.0000000000
93395  35.017  51.991  10.736 0.0000000000
