#!ascii label  , from subject FREESURFER vox2ras=TkReg 
571
93493  32.220  53.040  -5.425 0.0000000000
93967  31.534  53.951  -3.687 0.0000000000
93973  32.585  53.809  -4.859 0.0000000000
93974  31.925  53.784  -4.341 0.0000000000
93978  32.727  53.588  -5.361 0.0000000000
93979  31.741  53.147  -4.952 0.0000000000
93984  33.789  53.785  -6.053 0.0000000000
94444  32.348  54.717  -3.195 0.0000000000
94445  31.707  54.696  -2.597 0.0000000000
94450  32.621  54.511  -3.924 0.0000000000
94451  31.799  54.273  -3.515 0.0000000000
94452  31.254  54.318  -2.935 0.0000000000
94455  33.977  53.999  -5.558 0.0000000000
94456  33.064  54.089  -4.873 0.0000000000
94457  32.336  54.181  -4.169 0.0000000000
94459  34.183  54.058  -5.620 0.0000000000
94460  33.911  53.735  -5.932 0.0000000000
94897  33.673  56.064  2.245 0.0000000000
94902  33.543  56.116  0.978 0.0000000000
94907  33.481  56.004  -0.158 0.0000000000
94908  32.662  55.664  0.346 0.0000000000
94911  33.479  55.892  -1.197 0.0000000000
94912  32.638  55.590  -0.669 0.0000000000
94916  33.530  55.739  -2.156 0.0000000000
94917  32.649  55.482  -1.609 0.0000000000
94918  31.919  55.202  -1.165 0.0000000000
94922  33.667  55.440  -3.039 0.0000000000
94923  32.676  55.157  -2.553 0.0000000000
94924  32.023  55.075  -1.921 0.0000000000
94927  34.778  55.258  -4.351 0.0000000000
94928  33.882  55.049  -3.918 0.0000000000
94929  33.067  54.906  -3.455 0.0000000000
94932  35.951  54.820  -5.761 0.0000000000
94933  35.049  54.554  -5.496 0.0000000000
94934  34.071  54.496  -4.990 0.0000000000
94935  33.313  54.644  -4.256 0.0000000000
94938  38.290  55.418  -6.629 0.0000000000
94939  37.322  54.699  -6.720 0.0000000000
94940  36.299  54.469  -6.748 0.0000000000
94941  35.392  54.107  -6.552 0.0000000000
94942  34.558  53.979  -5.963 0.0000000000
94943  34.042  54.340  -5.648 0.0000000000
94946  39.269  57.122  -7.377 0.0000000000
94947  39.215  56.392  -7.481 0.0000000000
94948  38.647  55.486  -7.578 0.0000000000
94949  37.775  55.165  -7.499 0.0000000000
94950  36.592  55.036  -7.636 0.0000000000
94951  35.420  55.045  -7.301 0.0000000000
94952  34.887  55.153  -6.890 0.0000000000
94953  33.621  54.722  -6.819 0.0000000000
94958  38.945  57.122  -7.419 0.0000000000
94959  38.783  56.776  -7.504 0.0000000000
94960  38.338  56.171  -7.771 0.0000000000
94961  37.748  55.513  -8.102 0.0000000000
94962  37.224  55.088  -8.142 0.0000000000
95350  35.131  56.908  3.509 0.0000000000
95361  36.012  57.315  2.968 0.0000000000
95362  35.594  57.110  3.111 0.0000000000
95363  34.706  56.573  2.981 0.0000000000
95366  36.081  57.463  2.751 0.0000000000
95367  35.632  57.195  2.301 0.0000000000
95368  34.515  56.658  1.659 0.0000000000
95371  35.278  57.110  0.915 0.0000000000
95372  34.339  56.593  0.378 0.0000000000
95375  35.171  57.111  -0.358 0.0000000000
95376  34.315  56.496  -0.796 0.0000000000
95379  35.237  57.196  -1.615 0.0000000000
95380  34.392  56.408  -1.865 0.0000000000
95385  35.262  57.236  -2.691 0.0000000000
95386  34.552  56.124  -2.757 0.0000000000
95389  36.042  57.757  -3.577 0.0000000000
95390  35.466  56.809  -3.579 0.0000000000
95391  34.499  55.674  -3.486 0.0000000000
95394  37.634  57.836  -5.027 0.0000000000
95395  37.189  57.346  -5.139 0.0000000000
95396  36.342  56.627  -4.806 0.0000000000
95397  35.583  55.459  -4.764 0.0000000000
95399  38.808  57.496  -5.848 0.0000000000
95400  38.323  57.026  -5.745 0.0000000000
95401  37.356  55.986  -5.954 0.0000000000
95402  36.690  55.156  -6.022 0.0000000000
95404  39.215  57.531  -7.033 0.0000000000
95405  39.410  57.195  -6.511 0.0000000000
95406  39.164  56.056  -6.689 0.0000000000
95407  36.930  56.634  -7.149 0.0000000000
95408  36.539  56.262  -7.327 0.0000000000
95409  35.564  56.034  -7.168 0.0000000000
95410  34.596  56.001  -6.788 0.0000000000
95411  33.539  56.062  -6.681 0.0000000000
95412  32.366  56.253  -6.808 0.0000000000
95417  38.985  57.373  -7.243 0.0000000000
95418  38.608  57.173  -7.294 0.0000000000
95419  38.104  56.804  -7.395 0.0000000000
95420  37.375  56.308  -7.564 0.0000000000
95421  37.019  55.609  -7.991 0.0000000000
95689  30.181  57.816  9.648 0.0000000000
95734  34.670  57.752  4.506 0.0000000000
95748  36.362  57.963  2.965 0.0000000000
95749  36.018  57.723  3.369 0.0000000000
95750  35.402  57.359  3.888 0.0000000000
95759  36.283  57.928  2.637 0.0000000000
95760  36.177  57.564  2.924 0.0000000000
95761  35.823  57.290  3.244 0.0000000000
95765  36.374  58.284  1.950 0.0000000000
95766  36.224  57.754  2.022 0.0000000000
95767  35.994  57.463  1.234 0.0000000000
95770  36.724  58.511  0.941 0.0000000000
95771  36.556  57.914  0.599 0.0000000000
95772  36.042  57.483  0.105 0.0000000000
95773  30.706  58.215  -0.264 0.0000000000
95774  30.268  58.147  -0.202 0.0000000000
95775  29.595  58.095  -0.171 0.0000000000
95778  37.385  58.566  -0.206 0.0000000000
95779  36.907  57.988  -0.651 0.0000000000
95780  36.117  57.729  -1.209 0.0000000000
95781  31.464  58.277  -1.193 0.0000000000
95782  30.889  58.122  -0.833 0.0000000000
95783  30.068  57.907  -0.829 0.0000000000
95784  29.271  57.952  -0.745 0.0000000000
95787  37.624  58.629  -1.211 0.0000000000
95788  37.088  58.479  -1.866 0.0000000000
95789  36.180  58.348  -2.650 0.0000000000
95790  35.600  59.145  -2.979 0.0000000000
95791  31.386  58.228  -1.648 0.0000000000
95792  30.730  57.983  -1.652 0.0000000000
95793  29.908  57.830  -1.633 0.0000000000
95794  29.124  57.955  -1.636 0.0000000000
95800  35.700  58.375  -3.187 0.0000000000
95801  35.022  59.546  -2.951 0.0000000000
95802  32.240  58.456  -3.005 0.0000000000
95803  31.607  58.255  -2.543 0.0000000000
95804  30.696  57.859  -2.556 0.0000000000
95805  29.838  57.763  -2.558 0.0000000000
95806  29.095  57.978  -2.599 0.0000000000
95809  37.335  58.874  -3.351 0.0000000000
95810  36.680  58.470  -3.414 0.0000000000
95811  35.534  59.079  -3.041 0.0000000000
95812  34.511  59.277  -3.198 0.0000000000
95813  32.038  58.425  -3.321 0.0000000000
95814  31.505  58.140  -3.555 0.0000000000
95815  30.629  57.715  -3.526 0.0000000000
95816  29.777  57.608  -3.540 0.0000000000
95820  37.820  58.318  -4.810 0.0000000000
95821  37.348  58.401  -4.181 0.0000000000
95822  36.810  57.759  -4.387 0.0000000000
95823  34.641  59.688  -3.477 0.0000000000
95824  34.171  59.412  -3.540 0.0000000000
95825  31.298  58.124  -4.470 0.0000000000
95826  30.545  57.711  -4.542 0.0000000000
95827  29.684  57.525  -4.562 0.0000000000
95831  38.971  57.736  -6.032 0.0000000000
95832  38.002  58.068  -5.490 0.0000000000
95833  36.604  58.155  -5.775 0.0000000000
95834  36.130  58.277  -5.672 0.0000000000
95835  35.069  58.383  -5.607 0.0000000000
95836  33.891  58.433  -5.810 0.0000000000
95837  32.740  58.480  -5.978 0.0000000000
95838  31.461  58.288  -5.598 0.0000000000
95839  30.468  57.670  -5.569 0.0000000000
95844  38.962  57.596  -7.018 0.0000000000
95845  38.720  57.602  -6.542 0.0000000000
95846  37.749  57.823  -6.233 0.0000000000
95847  36.833  57.381  -6.365 0.0000000000
95848  35.767  57.224  -6.440 0.0000000000
95849  34.698  57.258  -6.435 0.0000000000
95850  33.605  57.353  -6.445 0.0000000000
95851  32.470  57.418  -6.452 0.0000000000
95852  31.365  57.422  -6.483 0.0000000000
95859  38.721  57.485  -7.042 0.0000000000
95860  38.218  57.387  -6.941 0.0000000000
95861  37.520  57.114  -6.999 0.0000000000
95862  37.124  56.823  -7.067 0.0000000000
96134  31.048  58.988  9.907 0.0000000000
96135  29.871  58.755  10.092 0.0000000000
96136  29.054  58.722  9.734 0.0000000000
96180  34.594  58.206  4.407 0.0000000000
96181  33.916  58.416  4.474 0.0000000000
96196  36.339  58.200  2.861 0.0000000000
96197  36.110  58.499  3.054 0.0000000000
96198  34.980  58.401  3.883 0.0000000000
96199  34.137  58.839  4.014 0.0000000000
96209  36.281  58.532  2.427 0.0000000000
96210  36.169  58.897  2.620 0.0000000000
96211  32.207  59.823  1.581 0.0000000000
96212  31.864  59.616  1.685 0.0000000000
96218  36.715  59.014  1.335 0.0000000000
96219  32.970  59.715  0.900 0.0000000000
96220  32.388  59.477  1.184 0.0000000000
96221  31.318  58.946  1.384 0.0000000000
96222  30.189  58.741  1.198 0.0000000000
96223  29.371  58.813  1.001 0.0000000000
96227  38.796  60.189  -0.184 0.0000000000
96228  37.790  59.568  0.086 0.0000000000
96229  33.894  59.696  -0.186 0.0000000000
96230  33.193  59.432  0.271 0.0000000000
96231  32.100  58.759  0.354 0.0000000000
96232  30.855  58.405  0.272 0.0000000000
96233  29.797  58.369  0.442 0.0000000000
96234  28.871  58.474  0.236 0.0000000000
96235  28.218  58.810  -0.170 0.0000000000
96241  39.040  59.842  -0.773 0.0000000000
96242  38.239  59.228  -1.009 0.0000000000
96243  33.861  59.495  -0.818 0.0000000000
96244  33.029  58.962  -0.762 0.0000000000
96245  31.761  58.411  -0.706 0.0000000000
96246  31.010  58.255  -0.361 0.0000000000
96247  28.546  58.292  -0.771 0.0000000000
96254  38.830  59.763  -1.617 0.0000000000
96255  38.049  59.285  -2.034 0.0000000000
96256  37.061  59.353  -2.627 0.0000000000
96257  35.888  59.666  -2.856 0.0000000000
96258  34.443  59.404  -2.073 0.0000000000
96259  32.940  58.741  -1.731 0.0000000000
96260  31.965  58.435  -1.647 0.0000000000
96272  33.880  59.023  -2.651 0.0000000000
96273  32.604  58.572  -2.570 0.0000000000
96274  31.853  58.392  -2.095 0.0000000000
96284  37.980  59.304  -4.239 0.0000000000
96285  37.688  59.158  -3.554 0.0000000000
96286  37.188  59.530  -3.067 0.0000000000
96287  36.217  59.928  -2.923 0.0000000000
96288  33.664  58.974  -3.316 0.0000000000
96289  32.746  58.713  -3.557 0.0000000000
96290  32.165  58.554  -3.908 0.0000000000
96298  37.773  58.829  -4.095 0.0000000000
96299  35.804  60.418  -4.430 0.0000000000
96300  35.443  60.157  -3.991 0.0000000000
96301  33.862  59.334  -4.099 0.0000000000
96302  32.662  58.894  -4.454 0.0000000000
96303  31.905  58.567  -4.475 0.0000000000
96309  37.461  58.757  -5.512 0.0000000000
96310  36.759  58.935  -5.529 0.0000000000
96311  35.829  59.874  -5.035 0.0000000000
96312  34.453  59.428  -5.032 0.0000000000
96313  33.233  59.040  -5.150 0.0000000000
96314  32.215  58.813  -5.181 0.0000000000
96315  31.677  58.556  -4.980 0.0000000000
96320  37.157  58.219  -5.862 0.0000000000
96321  36.843  58.160  -5.845 0.0000000000
96602  31.091  60.934  10.888 0.0000000000
96603  30.615  60.673  10.894 0.0000000000
96604  30.017  60.422  10.940 0.0000000000
96610  31.326  60.307  10.509 0.0000000000
96611  30.383  59.760  10.567 0.0000000000
96612  29.489  59.819  10.423 0.0000000000
96613  28.771  59.704  9.694 0.0000000000
96620  32.026  59.779  9.802 0.0000000000
96621  28.265  59.704  8.691 0.0000000000
96622  27.873  60.044  8.098 0.0000000000
96629  32.145  59.516  8.771 0.0000000000
96644  31.809  59.419  6.145 0.0000000000
96652  33.732  59.080  4.081 0.0000000000
96653  33.020  59.570  4.273 0.0000000000
96654  32.126  59.560  5.193 0.0000000000
96666  35.973  59.084  2.694 0.0000000000
96667  35.164  59.337  2.793 0.0000000000
96668  33.883  59.473  3.450 0.0000000000
96669  33.159  60.136  3.536 0.0000000000
96681  36.487  59.244  1.666 0.0000000000
96682  35.925  59.579  1.949 0.0000000000
96683  35.161  59.780  2.206 0.0000000000
96684  32.872  60.644  1.847 0.0000000000
96685  32.290  60.255  1.879 0.0000000000
96686  31.282  59.772  2.175 0.0000000000
96687  30.292  59.818  2.280 0.0000000000
96699  37.050  60.039  1.051 0.0000000000
96700  36.381  60.521  1.162 0.0000000000
96701  33.789  60.346  1.085 0.0000000000
96702  33.161  60.186  1.334 0.0000000000
96703  32.471  59.946  1.512 0.0000000000
96704  30.497  59.236  1.852 0.0000000000
96705  29.607  59.456  1.694 0.0000000000
96706  28.759  59.433  1.095 0.0000000000
96707  28.222  59.913  0.708 0.0000000000
96716  39.151  60.603  -0.597 0.0000000000
96717  38.241  60.746  0.097 0.0000000000
96718  34.994  60.469  0.058 0.0000000000
96719  34.198  60.200  0.441 0.0000000000
96720  33.333  59.866  0.751 0.0000000000
96721  28.340  59.212  0.396 0.0000000000
96730  39.480  60.528  -1.590 0.0000000000
96731  36.236  60.689  -1.314 0.0000000000
96732  35.493  60.511  -0.724 0.0000000000
96733  34.464  59.935  -0.755 0.0000000000
96741  38.628  60.175  -2.206 0.0000000000
96742  37.784  60.102  -2.442 0.0000000000
96743  36.576  60.441  -2.035 0.0000000000
96744  35.172  60.058  -1.787 0.0000000000
96745  34.449  59.722  -1.399 0.0000000000
96764  37.677  59.983  -3.426 0.0000000000
96765  36.751  60.558  -3.463 0.0000000000
96766  36.083  60.492  -3.482 0.0000000000
96776  36.893  60.454  -4.524 0.0000000000
96777  36.292  60.639  -4.220 0.0000000000
96778  36.086  60.668  -3.753 0.0000000000
96787  37.189  59.457  -5.291 0.0000000000
96788  36.798  59.984  -5.090 0.0000000000
96789  36.440  60.364  -4.707 0.0000000000
97071  31.637  61.298  11.021 0.0000000000
97072  30.906  61.415  11.289 0.0000000000
97073  30.227  61.260  11.232 0.0000000000
97079  32.242  60.914  10.413 0.0000000000
97080  29.652  60.988  10.892 0.0000000000
97081  28.999  60.760  10.410 0.0000000000
97086  32.159  60.655  9.423 0.0000000000
97087  28.515  60.746  9.590 0.0000000000
97088  28.086  60.795  8.705 0.0000000000
97093  31.756  60.423  8.167 0.0000000000
97094  31.377  60.901  7.428 0.0000000000
97095  27.575  60.713  7.815 0.0000000000
97096  26.992  60.843  7.267 0.0000000000
97101  31.547  60.207  6.864 0.0000000000
97102  31.138  61.044  6.548 0.0000000000
97103  27.256  60.234  7.161 0.0000000000
97104  26.754  60.337  6.775 0.0000000000
97111  31.511  60.516  5.594 0.0000000000
97112  31.122  61.419  5.650 0.0000000000
97120  32.744  60.598  3.664 0.0000000000
97121  32.107  60.758  4.347 0.0000000000
97135  34.780  59.845  2.270 0.0000000000
97136  34.110  59.970  2.402 0.0000000000
97137  33.150  60.760  2.937 0.0000000000
97153  35.636  60.475  1.344 0.0000000000
97154  34.780  60.276  1.801 0.0000000000
97155  33.688  60.706  2.092 0.0000000000
97156  32.726  60.892  2.338 0.0000000000
97157  31.826  60.721  2.423 0.0000000000
97158  30.828  60.596  2.560 0.0000000000
97159  29.478  60.529  2.375 0.0000000000
97160  28.595  61.212  2.270 0.0000000000
97175  37.081  61.114  0.647 0.0000000000
97176  36.027  60.963  0.852 0.0000000000
97177  35.076  60.735  1.136 0.0000000000
97178  34.076  60.519  1.376 0.0000000000
97179  33.305  60.701  1.842 0.0000000000
97180  29.008  59.968  1.713 0.0000000000
97181  28.354  60.604  1.545 0.0000000000
97190  38.685  61.250  -1.015 0.0000000000
97191  37.580  61.493  -0.411 0.0000000000
97192  36.476  61.206  0.069 0.0000000000
97193  35.371  60.717  0.356 0.0000000000
97194  34.649  60.648  0.868 0.0000000000
97202  38.565  60.968  -2.046 0.0000000000
97203  37.773  61.368  -1.540 0.0000000000
97204  36.669  61.047  -1.034 0.0000000000
97205  36.006  60.900  -0.301 0.0000000000
97213  38.231  60.525  -2.323 0.0000000000
97214  37.732  60.747  -2.113 0.0000000000
97215  37.214  60.901  -1.726 0.0000000000
97233  37.448  60.549  -4.080 0.0000000000
97234  36.836  60.865  -3.934 0.0000000000
97243  36.849  60.748  -4.167 0.0000000000
97511  32.915  62.888  11.324 0.0000000000
97512  32.738  62.778  11.422 0.0000000000
97513  32.250  62.717  11.656 0.0000000000
97517  33.031  62.698  11.213 0.0000000000
97518  32.654  61.975  11.258 0.0000000000
97519  31.526  62.276  11.678 0.0000000000
97520  30.548  62.163  11.651 0.0000000000
97525  33.123  62.473  10.797 0.0000000000
97526  32.677  61.904  10.131 0.0000000000
97527  29.924  62.030  11.335 0.0000000000
97528  29.431  61.842  10.805 0.0000000000
97533  31.927  61.635  8.997 0.0000000000
97534  31.288  61.919  8.492 0.0000000000
97535  28.911  61.810  10.301 0.0000000000
97536  28.397  61.883  9.578 0.0000000000
97541  31.419  61.258  8.126 0.0000000000
97542  30.888  61.673  7.557 0.0000000000
97543  27.793  61.785  8.669 0.0000000000
97544  27.188  61.689  7.742 0.0000000000
97548  30.643  61.821  6.294 0.0000000000
97549  26.421  61.409  6.771 0.0000000000
97550  25.820  60.988  6.058 0.0000000000
97554  31.455  61.552  4.786 0.0000000000
97555  30.952  62.278  5.149 0.0000000000
97556  25.724  61.787  5.820 0.0000000000
97557  25.433  61.052  5.598 0.0000000000
97561  32.312  61.381  3.438 0.0000000000
97562  31.785  62.002  3.935 0.0000000000
97563  31.378  62.334  4.384 0.0000000000
97564  25.815  62.075  4.762 0.0000000000
97565  25.312  61.394  4.971 0.0000000000
97571  32.278  61.385  2.865 0.0000000000
97572  31.455  62.021  3.221 0.0000000000
97573  30.185  62.252  3.152 0.0000000000
97574  29.529  62.348  3.062 0.0000000000
97575  26.160  62.192  3.621 0.0000000000
97586  32.137  61.149  2.633 0.0000000000
97587  31.561  61.314  2.741 0.0000000000
97588  30.500  61.472  2.811 0.0000000000
97589  29.263  61.840  2.780 0.0000000000
97590  28.218  62.046  2.217 0.0000000000
97591  27.840  62.552  1.866 0.0000000000
97602  28.139  61.447  1.855 0.0000000000
97959  32.846  63.100  11.266 0.0000000000
97960  32.387  63.230  11.590 0.0000000000
97961  31.780  63.210  11.801 0.0000000000
97967  33.096  63.005  10.913 0.0000000000
97968  30.909  63.287  11.769 0.0000000000
97969  30.200  62.702  11.670 0.0000000000
97975  32.903  62.890  10.498 0.0000000000
97976  32.136  62.982  9.753 0.0000000000
97977  31.075  63.747  10.442 0.0000000000
97978  29.776  63.189  11.198 0.0000000000
97979  29.330  62.497  10.690 0.0000000000
97983  31.616  62.387  8.955 0.0000000000
97984  30.876  62.807  8.776 0.0000000000
97985  30.176  63.873  9.686 0.0000000000
97986  29.174  63.198  10.362 0.0000000000
97987  28.444  63.013  9.416 0.0000000000
97991  30.171  62.443  7.158 0.0000000000
97992  29.896  63.375  7.890 0.0000000000
97993  27.550  62.828  8.540 0.0000000000
97994  26.811  62.655  7.578 0.0000000000
97998  30.292  62.653  5.870 0.0000000000
97999  29.855  63.252  6.447 0.0000000000
98000  26.250  62.680  6.652 0.0000000000
98003  30.652  63.255  5.017 0.0000000000
98004  30.242  63.456  5.527 0.0000000000
98005  26.003  62.846  5.674 0.0000000000
98008  31.427  62.647  3.951 0.0000000000
98009  30.951  62.982  4.323 0.0000000000
98010  26.278  62.965  4.554 0.0000000000
98015  31.421  62.435  3.670 0.0000000000
98016  30.737  62.829  3.689 0.0000000000
98017  29.481  62.908  3.274 0.0000000000
98018  28.852  63.245  3.014 0.0000000000
98019  26.479  63.221  3.402 0.0000000000
98028  29.213  62.435  2.994 0.0000000000
98029  28.680  62.753  2.713 0.0000000000
98030  28.090  62.796  2.164 0.0000000000
98031  26.322  63.783  2.423 0.0000000000
98394  32.499  63.559  11.318 0.0000000000
98395  32.042  63.724  11.586 0.0000000000
98396  31.605  63.611  11.706 0.0000000000
98407  32.825  63.464  10.993 0.0000000000
98408  32.371  63.939  11.102 0.0000000000
98409  31.626  64.026  11.339 0.0000000000
98413  32.921  63.221  10.786 0.0000000000
98414  32.606  63.452  10.649 0.0000000000
98415  32.041  63.877  10.585 0.0000000000
98416  29.193  64.943  10.429 0.0000000000
98417  28.694  64.801  10.300 0.0000000000
98418  28.299  64.876  10.002 0.0000000000
98422  29.798  64.645  10.018 0.0000000000
98423  28.893  64.130  10.354 0.0000000000
98424  28.100  64.224  9.419 0.0000000000
98429  29.536  64.318  8.396 0.0000000000
98430  27.238  63.778  8.257 0.0000000000
98431  26.625  63.678  7.496 0.0000000000
98435  29.548  64.098  6.790 0.0000000000
98436  26.298  63.797  6.669 0.0000000000
98440  30.585  64.161  5.007 0.0000000000
98441  30.039  64.140  5.632 0.0000000000
98442  26.432  63.830  5.546 0.0000000000
98447  30.490  63.997  4.374 0.0000000000
98448  30.190  64.402  3.996 0.0000000000
98449  26.724  63.943  4.295 0.0000000000
98454  30.644  63.477  3.967 0.0000000000
98455  29.899  63.853  3.773 0.0000000000
98456  28.949  63.794  3.200 0.0000000000
98457  26.565  64.289  3.192 0.0000000000
98466  28.438  63.638  2.693 0.0000000000
98467  28.109  63.340  2.307 0.0000000000
98847  28.891  65.262  10.188 0.0000000000
98848  28.421  65.131  10.177 0.0000000000
98849  27.762  65.208  9.671 0.0000000000
98855  29.050  65.397  9.633 0.0000000000
98856  28.682  65.946  8.801 0.0000000000
98857  27.113  64.948  8.798 0.0000000000
98858  26.651  65.391  8.657 0.0000000000
98863  29.166  65.074  8.602 0.0000000000
98864  28.778  65.700  8.483 0.0000000000
98865  26.924  64.332  8.063 0.0000000000
98866  26.645  64.904  7.881 0.0000000000
98870  29.065  65.050  6.924 0.0000000000
98871  28.861  65.613  7.590 0.0000000000
98872  27.194  65.635  6.066 0.0000000000
98873  26.673  64.942  6.713 0.0000000000
98878  30.780  65.032  5.172 0.0000000000
98879  29.945  65.009  5.734 0.0000000000
98880  27.312  65.914  4.804 0.0000000000
98881  27.091  64.762  5.233 0.0000000000
98888  30.881  64.992  4.546 0.0000000000
98889  30.328  64.921  4.150 0.0000000000
98890  26.859  66.358  3.409 0.0000000000
98891  26.922  65.072  3.806 0.0000000000
98896  29.712  64.825  3.882 0.0000000000
98897  28.927  64.695  3.468 0.0000000000
98898  26.653  66.314  2.563 0.0000000000
98899  26.090  65.530  2.134 0.0000000000
98907  28.237  64.546  2.812 0.0000000000
98908  27.744  64.186  2.264 0.0000000000
99291  28.528  65.493  9.797 0.0000000000
99292  27.784  65.982  9.613 0.0000000000
99293  26.805  65.900  9.379 0.0000000000
99294  26.348  66.246  9.185 0.0000000000
99300  28.784  65.445  9.827 0.0000000000
99301  28.350  66.068  9.265 0.0000000000
99302  26.646  65.574  8.986 0.0000000000
99303  26.296  65.911  8.838 0.0000000000
99308  28.522  66.377  8.297 0.0000000000
99309  26.205  65.919  7.968 0.0000000000
99312  29.251  66.314  6.591 0.0000000000
99313  28.753  66.221  7.570 0.0000000000
99314  27.195  66.722  6.014 0.0000000000
99315  26.709  66.174  7.135 0.0000000000
99320  30.676  65.928  5.261 0.0000000000
99321  29.876  65.840  5.886 0.0000000000
99322  27.151  67.078  4.534 0.0000000000
99327  30.922  65.865  4.836 0.0000000000
99328  30.066  65.926  4.371 0.0000000000
99329  29.237  66.590  4.011 0.0000000000
99330  27.109  67.341  3.625 0.0000000000
99334  29.805  65.350  4.093 0.0000000000
99335  28.912  65.831  3.783 0.0000000000
99336  27.504  66.697  2.791 0.0000000000
99337  26.815  66.096  2.161 0.0000000000
99345  28.125  65.460  3.052 0.0000000000
99346  27.423  65.463  2.253 0.0000000000
99680  26.961  66.633  9.439 0.0000000000
99681  26.430  66.558  9.221 0.0000000000
99682  26.181  66.413  9.078 0.0000000000
99687  27.475  67.126  9.149 0.0000000000
99688  26.590  67.176  9.197 0.0000000000
99689  26.112  66.721  8.793 0.0000000000
99694  28.180  67.213  8.207 0.0000000000
99695  26.148  66.792  8.015 0.0000000000
99700  29.407  67.385  6.092 0.0000000000
99701  28.746  67.144  7.054 0.0000000000
99702  27.163  67.422  6.578 0.0000000000
99703  26.677  67.058  7.262 0.0000000000
99709  30.658  66.445  5.064 0.0000000000
99710  30.005  66.847  5.415 0.0000000000
99711  27.379  67.642  5.466 0.0000000000
99716  30.880  66.254  4.990 0.0000000000
99717  30.263  66.779  4.846 0.0000000000
99718  29.445  67.168  4.240 0.0000000000
99719  27.270  68.007  4.305 0.0000000000
99723  28.569  67.375  3.559 0.0000000000
99724  27.668  67.919  3.557 0.0000000000
100040  26.891  67.690  8.793 0.0000000000
100041  26.441  67.367  8.653 0.0000000000
100042  26.151  67.129  8.482 0.0000000000
100047  27.512  67.722  8.014 0.0000000000
100048  26.889  67.739  8.018 0.0000000000
100049  26.431  67.354  8.062 0.0000000000
100054  29.078  68.118  6.072 0.0000000000
100055  28.304  67.930  6.736 0.0000000000
100056  27.615  67.919  6.518 0.0000000000
100057  26.922  67.557  7.376 0.0000000000
100062  29.634  68.050  5.463 0.0000000000
100063  27.708  68.362  5.083 0.0000000000
100068  29.970  67.977  4.977 0.0000000000
100069  29.548  67.960  4.516 0.0000000000
100070  27.692  68.825  4.139 0.0000000000
100075  29.000  68.156  3.964 0.0000000000
100076  28.359  68.577  3.668 0.0000000000
100396  28.779  68.587  5.761 0.0000000000
100397  28.296  68.531  5.701 0.0000000000
100398  27.951  68.507  5.521 0.0000000000
100403  29.289  68.717  5.387 0.0000000000
100404  28.737  69.100  5.161 0.0000000000
100405  28.113  68.921  4.945 0.0000000000
100410  29.664  68.537  5.123 0.0000000000
100411  29.296  68.762  4.698 0.0000000000
100412  28.487  69.108  4.343 0.0000000000
100422  29.160  68.491  4.303 0.0000000000
100423  28.839  68.739  4.137 0.0000000000
104831  37.599  59.739  -5.002 0.0000000000
