#!ascii label  , from subject FREESURFER vox2ras=TkReg 
384
43861  31.364  -14.277  13.592 0.0000000000
43881  31.923  -14.606  12.669 0.0000000000
43882  30.976  -14.354  12.555 0.0000000000
43889  32.616  -14.632  11.714 0.0000000000
43890  31.633  -14.572  11.612 0.0000000000
43891  30.809  -14.282  11.443 0.0000000000
43898  32.336  -14.643  10.710 0.0000000000
43899  31.429  -14.529  10.572 0.0000000000
43900  30.659  -14.193  10.364 0.0000000000
43910  32.102  -14.653  9.732 0.0000000000
43911  31.239  -14.495  9.581 0.0000000000
43912  30.536  -14.112  9.340 0.0000000000
43921  31.841  -14.547  8.829 0.0000000000
43922  31.061  -14.344  8.689 0.0000000000
43923  30.504  -13.957  8.502 0.0000000000
43932  31.557  -14.291  8.032 0.0000000000
43933  30.861  -14.039  7.986 0.0000000000
43934  30.487  -13.812  8.020 0.0000000000
44962  30.549  -13.628  13.529 0.0000000000
44963  30.180  -13.215  12.750 0.0000000000
44979  30.366  -13.812  12.270 0.0000000000
44980  30.118  -13.124  11.945 0.0000000000
44993  30.277  -13.684  11.189 0.0000000000
44994  29.805  -12.916  11.022 0.0000000000
45009  29.983  -13.548  10.027 0.0000000000
45010  29.382  -12.745  10.128 0.0000000000
45029  29.988  -13.659  8.914 0.0000000000
45030  29.453  -13.117  9.224 0.0000000000
45051  30.115  -13.606  8.120 0.0000000000
45052  29.556  -13.224  8.331 0.0000000000
45077  31.223  -13.814  7.350 0.0000000000
45078  30.478  -13.563  7.529 0.0000000000
45079  29.794  -13.156  7.548 0.0000000000
45100  30.777  -13.251  6.834 0.0000000000
45101  30.151  -13.050  7.008 0.0000000000
46019  30.576  -12.575  14.306 0.0000000000
46025  30.291  -12.509  13.292 0.0000000000
46026  30.190  -12.653  12.499 0.0000000000
46033  30.304  -12.058  12.604 0.0000000000
46034  30.047  -12.188  11.835 0.0000000000
46038  29.219  -11.921  10.984 0.0000000000
46039  28.668  -11.563  10.815 0.0000000000
46047  28.888  -12.247  10.130 0.0000000000
46048  28.587  -11.776  10.387 0.0000000000
46060  28.929  -12.529  9.413 0.0000000000
46061  28.459  -11.973  9.647 0.0000000000
46077  29.016  -12.708  8.559 0.0000000000
46078  28.497  -12.117  8.791 0.0000000000
46095  29.223  -12.703  7.734 0.0000000000
46096  28.715  -12.185  7.928 0.0000000000
46112  30.346  -12.635  6.557 0.0000000000
46113  29.561  -12.314  6.880 0.0000000000
46114  29.032  -12.208  7.398 0.0000000000
46136  30.087  -12.146  6.392 0.0000000000
46960  30.542  -11.706  13.966 0.0000000000
46966  30.486  -11.526  13.109 0.0000000000
46973  30.296  -11.381  12.389 0.0000000000
46974  29.715  -11.310  11.839 0.0000000000
46977  29.068  -11.197  11.576 0.0000000000
46978  28.578  -11.199  11.214 0.0000000000
46979  28.033  -10.885  11.034 0.0000000000
46984  28.265  -11.327  10.669 0.0000000000
46985  27.820  -10.880  10.452 0.0000000000
46993  28.076  -11.436  10.009 0.0000000000
46994  27.704  -10.864  9.706 0.0000000000
47004  28.012  -11.407  9.101 0.0000000000
47005  27.691  -10.740  9.039 0.0000000000
47013  28.291  -11.459  8.153 0.0000000000
47018  29.313  -11.462  6.641 0.0000000000
47019  28.779  -11.457  7.206 0.0000000000
47032  29.899  -11.401  6.162 0.0000000000
47804  30.780  -11.049  14.413 0.0000000000
47807  31.136  -10.354  14.282 0.0000000000
47808  30.753  -10.877  13.674 0.0000000000
47815  31.181  -10.068  13.500 0.0000000000
47816  30.659  -10.627  12.888 0.0000000000
47823  30.113  -10.630  12.359 0.0000000000
47824  29.126  -10.523  12.069 0.0000000000
47825  28.558  -10.108  12.070 0.0000000000
47828  28.724  -10.871  11.656 0.0000000000
47829  28.260  -10.429  11.623 0.0000000000
47830  27.683  -10.263  10.970 0.0000000000
47833  27.511  -10.222  10.200 0.0000000000
47837  27.504  -10.190  9.400 0.0000000000
47842  27.906  -10.806  8.425 0.0000000000
47843  27.659  -10.202  8.624 0.0000000000
47846  28.229  -10.496  7.661 0.0000000000
47847  27.880  -10.299  8.129 0.0000000000
47849  29.172  -10.547  6.547 0.0000000000
47850  28.626  -10.569  7.069 0.0000000000
47853  30.314  -10.457  5.728 0.0000000000
47854  29.754  -10.489  6.084 0.0000000000
48700  32.463  -9.180  13.763 0.0000000000
48701  31.726  -9.644  14.056 0.0000000000
48710  32.437  -8.931  13.460 0.0000000000
48711  31.787  -9.250  13.465 0.0000000000
48712  30.765  -9.626  13.003 0.0000000000
48713  30.205  -9.442  13.034 0.0000000000
48721  30.420  -10.188  12.706 0.0000000000
48722  29.853  -9.783  12.723 0.0000000000
48723  28.784  -9.606  12.424 0.0000000000
48724  28.159  -9.177  12.181 0.0000000000
48727  28.242  -9.774  12.008 0.0000000000
48728  27.725  -9.447  11.559 0.0000000000
48732  27.321  -9.399  10.697 0.0000000000
48733  27.062  -8.978  10.258 0.0000000000
48737  27.253  -9.536  9.870 0.0000000000
48738  26.968  -8.877  9.646 0.0000000000
48744  27.321  -9.428  8.953 0.0000000000
48745  26.953  -8.716  8.983 0.0000000000
48748  28.195  -9.935  7.535 0.0000000000
48749  27.845  -9.603  7.894 0.0000000000
48751  29.117  -9.676  6.548 0.0000000000
48752  28.521  -9.706  7.082 0.0000000000
48753  28.133  -8.938  7.331 0.0000000000
48757  29.756  -9.552  6.118 0.0000000000
49650  33.035  -8.620  13.485 0.0000000000
49651  32.280  -8.591  13.394 0.0000000000
49652  31.282  -8.659  13.344 0.0000000000
49653  29.916  -8.721  13.207 0.0000000000
49654  29.032  -7.854  13.200 0.0000000000
49661  29.244  -9.196  12.855 0.0000000000
49662  28.560  -8.529  12.753 0.0000000000
49663  27.658  -8.502  12.079 0.0000000000
49666  27.022  -8.484  11.248 0.0000000000
49667  26.556  -7.933  10.962 0.0000000000
49671  27.005  -8.799  10.657 0.0000000000
49672  26.625  -8.332  10.355 0.0000000000
49676  26.559  -8.269  9.394 0.0000000000
49682  27.286  -8.746  8.330 0.0000000000
49683  26.668  -8.233  8.584 0.0000000000
49687  27.615  -8.586  7.600 0.0000000000
49688  26.921  -8.165  7.787 0.0000000000
49690  29.102  -9.003  6.567 0.0000000000
49691  28.481  -8.657  6.841 0.0000000000
49692  27.884  -8.345  6.982 0.0000000000
49693  27.292  -8.011  7.028 0.0000000000
49697  29.612  -8.453  6.128 0.0000000000
49698  28.815  -8.281  6.234 0.0000000000
49699  28.017  -8.140  6.365 0.0000000000
49700  27.582  -7.999  6.592 0.0000000000
50635  32.892  -7.955  13.347 0.0000000000
50636  31.902  -7.839  13.505 0.0000000000
50637  30.765  -7.646  13.568 0.0000000000
50638  29.651  -7.337  13.509 0.0000000000
50639  28.774  -7.072  13.337 0.0000000000
50640  28.199  -6.958  13.012 0.0000000000
50645  28.428  -7.567  12.982 0.0000000000
50646  27.693  -7.439  12.556 0.0000000000
50647  27.021  -7.149  12.060 0.0000000000
50650  27.153  -7.817  11.919 0.0000000000
50651  26.653  -7.421  11.435 0.0000000000
50654  26.259  -7.358  10.620 0.0000000000
50655  25.899  -7.035  10.014 0.0000000000
50659  26.197  -7.637  9.797 0.0000000000
50660  25.806  -7.104  9.344 0.0000000000
50665  26.196  -7.682  8.957 0.0000000000
50666  25.759  -7.147  8.500 0.0000000000
50671  26.267  -7.699  8.082 0.0000000000
50674  26.531  -7.641  7.147 0.0000000000
50681  28.294  -7.895  5.612 0.0000000000
51618  34.154  -6.479  13.881 0.0000000000
51619  33.112  -6.334  14.055 0.0000000000
51620  32.098  -6.141  14.171 0.0000000000
51621  31.171  -5.909  14.177 0.0000000000
51622  30.667  -5.721  14.096 0.0000000000
51633  33.534  -7.248  13.499 0.0000000000
51634  32.522  -7.109  13.747 0.0000000000
51635  31.468  -6.861  13.901 0.0000000000
51636  30.349  -6.346  13.898 0.0000000000
51637  29.217  -6.329  13.641 0.0000000000
51638  28.402  -6.308  13.300 0.0000000000
51639  27.777  -6.399  12.849 0.0000000000
51645  27.178  -6.482  12.364 0.0000000000
51646  26.673  -6.522  11.812 0.0000000000
51649  26.296  -6.546  11.130 0.0000000000
51653  25.976  -6.477  10.410 0.0000000000
51654  25.724  -6.445  9.719 0.0000000000
52628  35.866  -5.701  14.042 0.0000000000
52629  34.788  -5.602  14.362 0.0000000000
52630  33.689  -5.461  14.434 0.0000000000
52631  32.642  -5.302  14.399 0.0000000000
52632  31.683  -5.176  14.307 0.0000000000
52633  30.825  -5.117  14.175 0.0000000000
52634  30.221  -4.931  13.990 0.0000000000
52644  30.341  -5.498  14.010 0.0000000000
52645  29.650  -5.362  13.819 0.0000000000
52646  28.726  -5.471  13.497 0.0000000000
52647  27.996  -5.548  13.098 0.0000000000
52653  27.357  -5.611  12.587 0.0000000000
52654  26.796  -5.724  12.081 0.0000000000
52656  26.442  -5.753  11.498 0.0000000000
52660  26.105  -5.683  10.766 0.0000000000
52661  25.793  -5.743  10.049 0.0000000000
53635  37.249  -4.303  14.988 0.0000000000
53636  36.233  -4.101  15.011 0.0000000000
53637  35.691  -3.939  14.922 0.0000000000
53649  36.553  -4.914  14.369 0.0000000000
53650  35.462  -4.526  14.624 0.0000000000
53651  34.295  -4.447  14.624 0.0000000000
53652  33.182  -4.315  14.531 0.0000000000
53653  32.143  -4.289  14.425 0.0000000000
53654  31.239  -4.288  14.300 0.0000000000
53655  30.475  -4.293  14.116 0.0000000000
53656  29.791  -4.388  13.853 0.0000000000
53663  29.025  -4.549  13.569 0.0000000000
53664  28.305  -4.719  13.205 0.0000000000
53665  27.707  -4.773  12.761 0.0000000000
53668  27.011  -4.740  12.028 0.0000000000
53669  26.639  -5.250  11.738 0.0000000000
53672  26.813  -4.366  11.479 0.0000000000
53673  26.453  -4.794  11.216 0.0000000000
53677  25.975  -4.788  10.076 0.0000000000
54660  37.914  -3.426  15.206 0.0000000000
54661  36.855  -3.328  15.325 0.0000000000
54662  35.706  -3.280  15.213 0.0000000000
54663  34.779  -2.727  15.112 0.0000000000
54664  34.178  -2.288  15.112 0.0000000000
54676  35.426  -3.852  14.881 0.0000000000
54677  34.904  -3.651  14.831 0.0000000000
54678  33.794  -3.113  14.763 0.0000000000
54679  32.562  -3.293  14.565 0.0000000000
54680  31.580  -3.384  14.397 0.0000000000
54681  30.771  -3.493  14.185 0.0000000000
54682  30.071  -3.565  13.923 0.0000000000
54688  29.356  -3.657  13.586 0.0000000000
54689  28.518  -3.752  13.120 0.0000000000
54690  28.074  -4.265  12.890 0.0000000000
54693  28.290  -3.370  12.670 0.0000000000
54694  27.810  -3.832  12.412 0.0000000000
54697  27.171  -3.761  11.401 0.0000000000
54698  26.729  -4.172  11.181 0.0000000000
54701  27.155  -3.374  10.780 0.0000000000
54702  26.653  -3.810  10.514 0.0000000000
55679  37.564  -2.415  15.443 0.0000000000
55680  36.501  -2.273  15.462 0.0000000000
55681  35.484  -2.109  15.406 0.0000000000
55682  34.680  -1.873  15.323 0.0000000000
55683  34.123  -1.700  15.211 0.0000000000
55701  33.605  -1.984  15.031 0.0000000000
55702  32.850  -2.265  14.726 0.0000000000
55703  31.889  -2.413  14.444 0.0000000000
55704  30.986  -2.581  14.107 0.0000000000
55705  30.388  -2.928  13.939 0.0000000000
55716  30.438  -2.390  13.711 0.0000000000
55717  29.795  -2.731  13.529 0.0000000000
55718  29.077  -3.059  13.282 0.0000000000
55725  29.284  -2.545  13.076 0.0000000000
55726  28.686  -2.815  12.721 0.0000000000
55727  28.186  -3.114  12.346 0.0000000000
55734  28.416  -2.613  12.032 0.0000000000
55735  27.866  -3.057  11.746 0.0000000000
55742  28.383  -2.500  11.214 0.0000000000
55743  27.679  -2.900  10.820 0.0000000000
55744  27.238  -3.093  10.311 0.0000000000
55749  28.395  -2.372  10.370 0.0000000000
55750  27.829  -2.478  9.788 0.0000000000
56740  38.111  -0.957  15.912 0.0000000000
56741  37.722  -0.755  15.863 0.0000000000
56750  38.262  -1.674  15.627 0.0000000000
56751  37.307  -1.263  15.730 0.0000000000
56752  36.140  -1.260  15.611 0.0000000000
56753  35.197  -1.196  15.463 0.0000000000
56754  34.454  -1.162  15.286 0.0000000000
56755  33.832  -1.175  15.047 0.0000000000
56770  33.160  -1.317  14.678 0.0000000000
56771  32.325  -1.516  14.306 0.0000000000
56772  31.335  -1.622  13.785 0.0000000000
56773  30.741  -2.047  13.737 0.0000000000
56784  31.021  -1.294  13.231 0.0000000000
56785  30.339  -1.754  13.142 0.0000000000
56786  29.678  -2.253  13.091 0.0000000000
56794  30.031  -1.478  12.053 0.0000000000
56795  29.387  -2.115  12.469 0.0000000000
56796  28.828  -2.403  12.253 0.0000000000
56804  30.149  -1.571  11.260 0.0000000000
56805  29.582  -1.831  11.456 0.0000000000
56806  28.928  -2.208  11.686 0.0000000000
56813  30.485  -1.552  10.741 0.0000000000
56814  29.990  -1.777  10.611 0.0000000000
56815  29.168  -2.068  10.613 0.0000000000
56820  30.515  -1.651  10.063 0.0000000000
56821  29.942  -1.743  9.597 0.0000000000
56822  28.909  -1.991  9.435 0.0000000000
57747  38.584  -0.457  15.918 0.0000000000
57748  37.995  -0.418  15.886 0.0000000000
57758  37.509  -0.392  15.814 0.0000000000
57759  36.741  -0.363  15.690 0.0000000000
57760  35.745  -0.390  15.445 0.0000000000
57761  34.847  -0.445  15.233 0.0000000000
57762  34.226  -0.648  15.046 0.0000000000
57774  34.419  -0.181  14.892 0.0000000000
57775  33.739  -0.384  14.551 0.0000000000
57776  32.820  -0.707  14.112 0.0000000000
57777  32.113  -0.963  13.725 0.0000000000
57787  33.266  -0.085  13.821 0.0000000000
57788  32.630  -0.315  13.178 0.0000000000
57789  31.584  -0.812  13.020 0.0000000000
57790  30.918  -1.126  12.808 0.0000000000
57797  32.319  -0.420  11.831 0.0000000000
57798  31.222  -0.836  12.097 0.0000000000
57799  30.596  -1.212  12.343 0.0000000000
57807  32.436  -0.698  10.480 0.0000000000
57808  31.590  -0.956  11.018 0.0000000000
57809  30.707  -1.248  11.424 0.0000000000
57816  33.192  -0.245  9.231 0.0000000000
57817  32.570  -0.652  9.481 0.0000000000
57818  31.816  -1.091  9.864 0.0000000000
57819  31.042  -1.387  10.366 0.0000000000
57824  33.162  0.024  8.817 0.0000000000
57825  32.713  -0.203  8.687 0.0000000000
57826  31.967  -0.775  8.864 0.0000000000
57827  30.950  -1.371  9.124 0.0000000000
57828  30.227  -1.504  8.811 0.0000000000
58730  39.015  0.095  15.868 0.0000000000
58731  38.259  0.062  15.836 0.0000000000
58732  37.819  -0.061  15.828 0.0000000000
58741  39.546  0.620  15.587 0.0000000000
58742  38.633  0.634  15.592 0.0000000000
58743  37.572  0.404  15.609 0.0000000000
58744  36.371  0.534  15.289 0.0000000000
58745  35.328  0.242  15.079 0.0000000000
58746  34.768  0.054  14.991 0.0000000000
58758  36.497  1.205  14.881 0.0000000000
58759  35.809  0.999  14.537 0.0000000000
58760  34.666  0.396  14.440 0.0000000000
58761  33.845  0.330  13.940 0.0000000000
58773  35.258  1.047  13.636 0.0000000000
58774  34.424  0.704  13.394 0.0000000000
58775  33.536  0.350  13.053 0.0000000000
58776  33.075  -0.039  12.367 0.0000000000
58784  35.109  0.924  12.617 0.0000000000
58785  34.348  0.636  12.356 0.0000000000
58786  33.707  0.260  11.968 0.0000000000
58787  33.223  -0.126  11.610 0.0000000000
58794  35.063  0.690  11.642 0.0000000000
58795  34.438  0.357  11.336 0.0000000000
58796  33.858  -0.082  10.996 0.0000000000
58797  33.142  -0.365  10.782 0.0000000000
58804  35.072  0.531  10.738 0.0000000000
58805  34.514  0.189  10.346 0.0000000000
58806  33.798  -0.184  9.872 0.0000000000
58807  33.079  -0.522  9.943 0.0000000000
58813  35.042  0.649  9.976 0.0000000000
58814  34.433  0.610  9.513 0.0000000000
58815  33.560  0.428  8.923 0.0000000000
58816  33.086  0.231  8.616 0.0000000000
59673  39.235  1.237  15.266 0.0000000000
59674  38.230  1.253  15.238 0.0000000000
59675  37.185  1.271  15.106 0.0000000000
59690  39.922  1.728  14.816 0.0000000000
59691  38.947  1.799  14.751 0.0000000000
59692  37.923  1.874  14.605 0.0000000000
59693  36.784  1.810  14.220 0.0000000000
59694  35.962  1.538  13.710 0.0000000000
59702  36.542  1.811  13.024 0.0000000000
59703  35.840  1.357  12.762 0.0000000000
59712  37.385  1.554  11.191 0.0000000000
59713  36.674  1.425  11.754 0.0000000000
59714  35.769  0.969  11.781 0.0000000000
59722  37.098  1.330  10.418 0.0000000000
59723  36.219  1.003  10.829 0.0000000000
59724  35.581  0.745  11.040 0.0000000000
59735  37.002  1.659  9.409 0.0000000000
59736  36.306  1.301  9.858 0.0000000000
59737  35.628  0.874  10.271 0.0000000000
59751  36.351  1.882  9.199 0.0000000000
59752  35.330  1.442  9.469 0.0000000000
59753  34.193  1.367  9.043 0.0000000000
60721  39.699  2.185  14.173 0.0000000000
60722  38.759  2.296  14.010 0.0000000000
60723  37.816  2.344  13.702 0.0000000000
60724  37.147  2.238  13.220 0.0000000000
60736  39.574  2.426  13.302 0.0000000000
60737  38.697  2.455  12.995 0.0000000000
60738  37.838  2.424  12.617 0.0000000000
60739  37.203  1.944  12.329 0.0000000000
60754  38.679  2.452  11.879 0.0000000000
60755  37.834  2.014  11.565 0.0000000000
60756  37.266  1.722  11.708 0.0000000000
60770  38.705  2.133  10.811 0.0000000000
60771  37.937  1.689  10.551 0.0000000000
60787  38.634  2.124  9.902 0.0000000000
60788  37.781  1.789  9.670 0.0000000000
