#!ascii label  , from subject FREESURFER vox2ras=TkReg 
407
48831  49.539  -9.220  -0.665 0.0000000000
49736  47.682  -9.084  0.715 0.0000000000
49737  46.785  -8.579  0.992 0.0000000000
49746  48.842  -9.086  -0.339 0.0000000000
49747  48.028  -8.467  0.083 0.0000000000
49748  47.364  -8.453  0.566 0.0000000000
49764  49.940  -8.592  -0.961 0.0000000000
49765  49.153  -8.465  -0.628 0.0000000000
49766  48.636  -8.454  -0.382 0.0000000000
50734  46.580  -7.950  0.857 0.0000000000
50735  46.084  -7.612  1.235 0.0000000000
50736  45.897  -6.866  1.811 0.0000000000
50743  47.888  -7.345  0.092 0.0000000000
50744  47.014  -7.639  0.614 0.0000000000
50745  46.539  -7.129  0.883 0.0000000000
50748  56.187  -6.966  -1.621 0.0000000000
50749  55.413  -7.239  -1.339 0.0000000000
50750  54.528  -7.441  -1.090 0.0000000000
50751  53.563  -7.505  -0.967 0.0000000000
50752  52.572  -7.529  -1.020 0.0000000000
50753  51.497  -7.537  -1.109 0.0000000000
50754  50.370  -7.533  -1.030 0.0000000000
50755  49.440  -7.638  -0.736 0.0000000000
50756  48.638  -7.717  -0.403 0.0000000000
50767  59.734  -6.502  -2.400 0.0000000000
50768  58.742  -7.338  -2.335 0.0000000000
50769  57.446  -7.527  -2.144 0.0000000000
50770  56.636  -7.564  -1.887 0.0000000000
51717  46.388  -6.307  2.258 0.0000000000
51730  46.983  -6.086  1.125 0.0000000000
51731  46.551  -6.490  1.376 0.0000000000
51732  46.167  -6.550  1.982 0.0000000000
51741  49.153  -6.112  -0.123 0.0000000000
51742  48.607  -6.490  -0.074 0.0000000000
51743  47.355  -6.357  0.652 0.0000000000
51744  46.802  -6.877  0.770 0.0000000000
51752  57.100  -5.753  -1.697 0.0000000000
51753  56.646  -6.030  -1.614 0.0000000000
51754  55.715  -6.190  -1.292 0.0000000000
51755  54.852  -6.338  -0.961 0.0000000000
51756  53.935  -6.412  -0.775 0.0000000000
51757  52.990  -6.434  -0.754 0.0000000000
51758  52.002  -6.429  -0.804 0.0000000000
51759  50.926  -6.446  -0.717 0.0000000000
51760  49.676  -6.412  -0.402 0.0000000000
51761  49.069  -7.078  -0.449 0.0000000000
51768  59.723  -5.597  -2.033 0.0000000000
51769  58.928  -5.856  -2.098 0.0000000000
51770  57.633  -6.082  -1.916 0.0000000000
51771  56.862  -6.829  -1.911 0.0000000000
51784  60.215  -5.495  -2.375 0.0000000000
52681  47.262  -4.630  4.705 0.0000000000
52682  46.883  -4.851  4.658 0.0000000000
52683  45.978  -5.303  4.503 0.0000000000
52697  47.659  -4.995  4.314 0.0000000000
52698  46.619  -5.476  4.087 0.0000000000
52724  47.296  -5.309  3.182 0.0000000000
52725  46.445  -5.849  3.020 0.0000000000
52726  45.993  -6.045  3.548 0.0000000000
52741  48.185  -5.281  1.624 0.0000000000
52742  47.349  -5.773  1.703 0.0000000000
52743  46.813  -5.962  2.309 0.0000000000
52757  51.346  -4.971  1.023 0.0000000000
52758  50.332  -5.138  0.867 0.0000000000
52759  49.290  -5.552  0.389 0.0000000000
52760  48.278  -5.648  0.704 0.0000000000
52761  47.705  -5.663  1.069 0.0000000000
52770  57.722  -4.466  -1.543 0.0000000000
52771  57.057  -5.113  -1.500 0.0000000000
52772  56.121  -5.230  -1.212 0.0000000000
52773  55.274  -5.336  -0.816 0.0000000000
52774  54.330  -5.335  -0.499 0.0000000000
52775  53.360  -5.356  -0.281 0.0000000000
52776  52.467  -5.448  -0.174 0.0000000000
52777  51.573  -5.519  -0.079 0.0000000000
52778  50.616  -5.592  0.037 0.0000000000
52779  49.947  -5.606  0.121 0.0000000000
52788  57.752  -2.005  -3.021 0.0000000000
52789  59.197  -4.423  -1.894 0.0000000000
52790  58.290  -5.051  -1.769 0.0000000000
52791  57.688  -5.190  -1.694 0.0000000000
52800  59.545  -4.084  -2.899 0.0000000000
53702  47.505  -4.457  4.666 0.0000000000
53703  47.085  -4.433  4.764 0.0000000000
53704  46.460  -4.678  4.683 0.0000000000
53705  45.704  -4.890  4.544 0.0000000000
53716  49.643  -3.498  3.967 0.0000000000
53717  49.307  -3.712  4.075 0.0000000000
53718  48.325  -4.218  4.450 0.0000000000
53719  46.720  -4.261  4.688 0.0000000000
53720  46.001  -4.417  4.486 0.0000000000
53721  45.027  -4.759  4.130 0.0000000000
53737  50.548  -3.287  3.461 0.0000000000
53738  50.016  -3.504  3.677 0.0000000000
53739  49.375  -4.315  3.837 0.0000000000
53740  48.374  -4.796  3.690 0.0000000000
53741  46.325  -3.971  4.430 0.0000000000
53742  45.587  -4.087  3.902 0.0000000000
53743  44.679  -4.479  3.446 0.0000000000
53744  43.726  -4.544  3.105 0.0000000000
53756  51.517  -3.500  2.444 0.0000000000
53757  50.977  -3.477  2.920 0.0000000000
53758  50.156  -4.298  3.006 0.0000000000
53759  49.038  -4.793  2.634 0.0000000000
53760  48.027  -5.070  2.584 0.0000000000
53761  45.212  -4.157  3.108 0.0000000000
53762  44.487  -4.219  2.538 0.0000000000
53763  43.508  -4.286  2.258 0.0000000000
53764  42.650  -4.374  2.008 0.0000000000
53779  53.413  -3.872  0.794 0.0000000000
53780  53.053  -3.918  1.099 0.0000000000
53781  52.022  -3.958  1.886 0.0000000000
53782  50.899  -4.480  2.066 0.0000000000
53783  49.807  -4.844  1.730 0.0000000000
53784  48.901  -5.141  1.355 0.0000000000
53785  44.122  -4.036  1.706 0.0000000000
53786  43.370  -4.171  1.367 0.0000000000
53801  58.217  -0.783  -1.765 0.0000000000
53802  57.173  -2.035  -0.811 0.0000000000
53803  57.766  -3.532  -1.311 0.0000000000
53804  57.118  -3.790  -1.195 0.0000000000
53805  56.425  -4.289  -1.080 0.0000000000
53806  55.753  -4.442  -0.739 0.0000000000
53807  54.898  -4.399  -0.286 0.0000000000
53808  53.743  -4.210  0.330 0.0000000000
53809  52.808  -4.600  0.669 0.0000000000
53810  52.120  -4.930  0.775 0.0000000000
53811  44.047  -3.945  0.971 0.0000000000
53812  43.410  -4.033  0.469 0.0000000000
53823  58.286  -3.238  -1.511 0.0000000000
53824  58.317  -4.139  -1.613 0.0000000000
54727  47.438  -4.172  4.732 0.0000000000
54728  46.978  -4.032  4.874 0.0000000000
54738  49.383  -3.300  3.918 0.0000000000
54739  48.565  -3.480  4.112 0.0000000000
54740  47.617  -3.704  4.370 0.0000000000
54741  46.956  -3.921  4.631 0.0000000000
54751  50.401  -2.875  3.359 0.0000000000
54752  49.564  -2.811  3.449 0.0000000000
54753  48.648  -2.955  3.461 0.0000000000
54754  47.643  -3.286  3.510 0.0000000000
54755  46.473  -3.655  3.713 0.0000000000
54756  45.674  -3.887  3.313 0.0000000000
54762  51.452  -3.036  2.209 0.0000000000
54763  50.596  -2.434  2.376 0.0000000000
54764  49.684  -2.374  2.615 0.0000000000
54765  48.744  -2.607  2.550 0.0000000000
54766  47.764  -3.004  2.486 0.0000000000
54767  46.652  -3.369  2.470 0.0000000000
54768  45.449  -3.790  2.452 0.0000000000
54769  44.685  -3.934  1.975 0.0000000000
54778  54.040  -3.117  0.488 0.0000000000
54779  53.419  -3.380  0.752 0.0000000000
54780  52.435  -3.268  1.315 0.0000000000
54781  51.843  -3.190  1.786 0.0000000000
54782  50.193  -1.988  1.768 0.0000000000
54783  49.739  -2.100  1.803 0.0000000000
54784  48.838  -2.421  1.419 0.0000000000
54785  47.905  -2.787  1.463 0.0000000000
54786  46.863  -3.118  1.386 0.0000000000
54787  45.708  -3.437  1.330 0.0000000000
54788  44.753  -3.773  1.390 0.0000000000
54800  56.519  -3.378  -0.743 0.0000000000
54801  56.095  -3.885  -0.742 0.0000000000
54802  55.659  -3.463  -0.377 0.0000000000
54803  54.536  -3.503  0.166 0.0000000000
54804  53.949  -3.567  0.480 0.0000000000
54805  48.547  -2.511  0.763 0.0000000000
54806  48.062  -2.613  0.580 0.0000000000
54807  47.118  -2.823  0.485 0.0000000000
54808  46.034  -3.134  0.315 0.0000000000
54809  44.647  -3.669  0.193 0.0000000000
54822  47.446  -2.677  -0.136 0.0000000000
54823  46.630  -2.882  -0.488 0.0000000000
54824  45.450  -3.126  -0.768 0.0000000000
55791  51.388  -2.699  1.935 0.0000000000
55792  51.183  -2.540  1.958 0.0000000000
55796  54.065  -2.839  0.435 0.0000000000
55797  53.815  -2.584  0.421 0.0000000000
55798  52.792  -2.500  0.702 0.0000000000
55799  51.695  -2.499  1.477 0.0000000000
55800  50.662  -2.042  1.478 0.0000000000
55801  49.789  -2.087  1.209 0.0000000000
55802  49.309  -2.264  1.205 0.0000000000
55810  54.354  -2.822  0.296 0.0000000000
55811  54.581  -2.056  -0.052 0.0000000000
55812  53.474  -1.529  0.024 0.0000000000
55813  52.195  -1.850  0.404 0.0000000000
55814  51.152  -1.960  0.421 0.0000000000
55815  49.988  -2.123  0.366 0.0000000000
55816  48.803  -2.432  0.378 0.0000000000
55817  47.953  -2.564  -0.077 0.0000000000
55827  50.416  -2.054  -0.577 0.0000000000
55828  49.183  -2.290  -0.820 0.0000000000
55829  47.682  -2.634  -0.955 0.0000000000
55830  46.193  -2.691  -1.474 0.0000000000
55844  49.936  -1.850  -1.635 0.0000000000
55845  48.423  -2.176  -2.002 0.0000000000
55846  46.928  -2.201  -2.190 0.0000000000
56888  52.655  0.316  -3.006 0.0000000000
56889  50.689  -1.019  -2.271 0.0000000000
56890  49.185  -1.376  -2.568 0.0000000000
56891  47.612  -1.372  -2.835 0.0000000000
56901  50.015  -0.493  -3.049 0.0000000000
56902  48.534  -0.658  -3.091 0.0000000000
56903  47.536  -0.487  -3.172 0.0000000000
57900  49.019  0.011  -3.362 0.0000000000
57901  47.995  0.145  -3.300 0.0000000000
58885  50.061  0.326  -3.608 0.0000000000
58886  48.611  0.954  -3.662 0.0000000000
58887  47.398  1.009  -3.212 0.0000000000
58897  50.552  0.945  -4.097 0.0000000000
58898  49.591  0.886  -3.935 0.0000000000
59830  57.762  0.156  -1.526 0.0000000000
59831  55.948  1.145  -2.137 0.0000000000
59832  56.431  1.754  -3.235 0.0000000000
59833  48.445  2.008  -3.678 0.0000000000
59834  47.633  2.045  -3.132 0.0000000000
59843  56.781  2.009  -3.619 0.0000000000
59844  56.232  2.008  -3.912 0.0000000000
59845  55.569  1.918  -4.340 0.0000000000
59846  52.841  1.834  -5.141 0.0000000000
59847  52.015  1.104  -4.438 0.0000000000
59848  50.939  1.648  -4.645 0.0000000000
59849  49.983  1.933  -4.397 0.0000000000
59850  49.266  1.650  -4.087 0.0000000000
59861  54.840  1.706  -4.515 0.0000000000
59862  54.085  1.994  -5.137 0.0000000000
59863  53.559  2.334  -5.415 0.0000000000
59864  51.859  1.958  -5.125 0.0000000000
59865  50.909  2.556  -4.871 0.0000000000
59889  45.911  2.291  -7.331 0.0000000000
59890  45.506  2.180  -6.938 0.0000000000
59899  45.915  2.238  -7.663 0.0000000000
60898  59.412  0.503  -2.524 0.0000000000
60899  58.534  1.770  -2.668 0.0000000000
60900  57.377  1.899  -3.093 0.0000000000
60901  57.023  1.985  -3.442 0.0000000000
60902  48.953  3.118  -3.620 0.0000000000
60903  48.312  2.822  -3.341 0.0000000000
60904  47.425  3.017  -2.721 0.0000000000
60915  59.124  2.581  -3.341 0.0000000000
60916  58.468  2.497  -3.532 0.0000000000
60917  57.316  2.297  -4.013 0.0000000000
60918  56.296  2.407  -4.886 0.0000000000
60919  55.480  2.131  -4.782 0.0000000000
60920  50.126  2.983  -4.421 0.0000000000
60921  49.378  2.655  -4.034 0.0000000000
60922  48.824  2.483  -3.784 0.0000000000
60933  56.037  2.939  -5.480 0.0000000000
60934  55.193  2.588  -5.338 0.0000000000
60935  54.095  2.813  -5.627 0.0000000000
60936  53.160  2.871  -5.645 0.0000000000
60937  52.180  2.827  -5.437 0.0000000000
60938  51.203  3.122  -5.082 0.0000000000
60939  50.653  3.200  -4.716 0.0000000000
60940  46.991  3.164  -5.885 0.0000000000
60941  46.253  2.951  -5.559 0.0000000000
60949  47.108  2.926  -6.850 0.0000000000
60950  46.437  2.691  -6.421 0.0000000000
60951  45.793  2.542  -6.106 0.0000000000
60959  47.101  2.906  -7.838 0.0000000000
60960  46.319  2.461  -7.314 0.0000000000
60961  46.025  2.430  -6.718 0.0000000000
60968  47.067  3.097  -8.450 0.0000000000
61934  59.823  1.496  -2.854 0.0000000000
61935  59.607  1.775  -2.917 0.0000000000
61936  49.025  3.441  -3.629 0.0000000000
61937  48.742  3.423  -3.609 0.0000000000
61938  48.037  3.412  -3.471 0.0000000000
61939  47.167  3.517  -3.363 0.0000000000
61946  60.114  1.900  -3.418 0.0000000000
61947  59.643  2.775  -3.513 0.0000000000
61948  59.290  3.237  -3.962 0.0000000000
61949  58.404  3.189  -4.646 0.0000000000
61950  57.406  2.811  -5.040 0.0000000000
61951  49.977  3.847  -3.918 0.0000000000
61952  49.338  3.631  -3.775 0.0000000000
61953  48.687  3.953  -3.860 0.0000000000
61954  47.822  3.835  -4.027 0.0000000000
61955  46.811  3.668  -4.201 0.0000000000
61962  57.751  3.549  -5.382 0.0000000000
61963  56.793  3.373  -5.619 0.0000000000
61964  55.798  3.555  -5.858 0.0000000000
61965  54.757  3.646  -5.872 0.0000000000
61966  53.691  3.811  -5.774 0.0000000000
61967  52.625  3.960  -5.539 0.0000000000
61968  51.557  4.128  -5.082 0.0000000000
61969  50.519  4.101  -4.391 0.0000000000
61970  48.898  4.565  -4.644 0.0000000000
61971  48.606  4.288  -4.536 0.0000000000
61972  47.580  3.739  -5.075 0.0000000000
61973  46.736  3.409  -5.094 0.0000000000
61980  48.836  4.598  -5.045 0.0000000000
61981  48.368  4.071  -5.570 0.0000000000
61982  47.730  3.503  -6.245 0.0000000000
61992  48.933  4.319  -5.877 0.0000000000
61993  48.487  3.894  -6.717 0.0000000000
61994  47.774  3.367  -7.297 0.0000000000
62003  48.330  3.744  -7.647 0.0000000000
62004  47.743  3.489  -8.294 0.0000000000
62914  59.874  4.201  -4.332 0.0000000000
62915  59.204  4.312  -4.800 0.0000000000
62916  58.331  4.297  -5.363 0.0000000000
62917  49.730  4.419  -3.967 0.0000000000
62918  49.173  4.323  -3.987 0.0000000000
62919  48.895  4.326  -4.122 0.0000000000
62924  57.489  4.365  -5.745 0.0000000000
62925  56.507  4.501  -6.027 0.0000000000
62926  55.385  4.626  -6.034 0.0000000000
62927  54.285  4.766  -5.847 0.0000000000
62928  53.204  4.946  -5.489 0.0000000000
62929  52.144  5.170  -4.963 0.0000000000
62930  51.106  5.387  -4.269 0.0000000000
62931  50.034  5.242  -4.553 0.0000000000
62932  49.221  4.644  -4.490 0.0000000000
62933  49.020  4.476  -4.282 0.0000000000
62938  50.064  5.195  -5.870 0.0000000000
62939  49.400  4.788  -5.375 0.0000000000
62948  50.097  5.112  -7.201 0.0000000000
62949  49.351  4.443  -6.849 0.0000000000
62950  48.733  4.057  -7.409 0.0000000000
62959  50.063  5.178  -7.959 0.0000000000
62960  49.615  4.811  -8.017 0.0000000000
62961  48.709  4.230  -8.280 0.0000000000
62962  47.849  4.046  -9.145 0.0000000000
63904  58.640  5.516  -5.464 0.0000000000
63905  57.984  4.953  -5.654 0.0000000000
63910  58.085  6.162  -5.772 0.0000000000
63911  57.407  5.584  -5.950 0.0000000000
63912  56.033  5.653  -6.107 0.0000000000
63913  54.865  5.729  -5.950 0.0000000000
63914  53.787  5.864  -5.543 0.0000000000
63915  52.807  6.007  -4.909 0.0000000000
63916  51.839  6.165  -4.516 0.0000000000
63917  51.045  6.328  -4.804 0.0000000000
63918  50.669  5.756  -4.704 0.0000000000
63922  50.996  6.353  -5.825 0.0000000000
63923  50.496  5.901  -5.255 0.0000000000
63930  51.019  6.277  -6.735 0.0000000000
63931  50.636  5.757  -6.552 0.0000000000
63939  50.866  6.053  -7.342 0.0000000000
63940  50.484  5.616  -7.858 0.0000000000
63941  49.817  5.442  -8.494 0.0000000000
63942  49.109  5.121  -8.842 0.0000000000
63943  48.252  4.975  -9.256 0.0000000000
64880  57.643  6.739  -5.776 0.0000000000
64881  56.596  6.680  -5.936 0.0000000000
64882  55.404  6.718  -5.991 0.0000000000
64883  54.360  6.649  -5.708 0.0000000000
64884  53.414  6.876  -5.107 0.0000000000
64885  52.359  6.853  -4.858 0.0000000000
64886  51.665  6.701  -4.892 0.0000000000
64890  54.769  7.187  -5.954 0.0000000000
64891  54.093  7.363  -5.675 0.0000000000
64892  53.419  7.596  -5.508 0.0000000000
64893  51.915  7.104  -5.262 0.0000000000
64894  51.426  6.803  -5.480 0.0000000000
64900  51.789  7.205  -5.968 0.0000000000
64901  51.441  6.772  -6.712 0.0000000000
64902  51.253  6.638  -7.691 0.0000000000
64909  51.121  6.401  -7.333 0.0000000000
64910  50.889  6.340  -8.122 0.0000000000
64911  50.153  6.170  -8.738 0.0000000000
64912  49.286  5.961  -9.072 0.0000000000
64913  48.621  5.677  -9.184 0.0000000000
65863  52.765  7.420  -5.297 0.0000000000
65864  52.287  7.269  -5.183 0.0000000000
65871  53.892  7.968  -5.957 0.0000000000
65872  53.037  8.043  -6.188 0.0000000000
65873  52.279  7.487  -5.737 0.0000000000
65880  52.169  7.529  -7.100 0.0000000000
65881  51.486  7.038  -7.946 0.0000000000
65882  51.115  6.775  -8.255 0.0000000000
66812  53.732  8.218  -6.382 0.0000000000
103438  56.126  -1.472  -0.697 0.0000000000
103441  56.353  -2.809  -0.546 0.0000000000
103446  56.422  -2.110  -0.600 0.0000000000
103449  59.772  -0.680  -3.056 0.0000000000
103452  55.853  -2.386  -0.429 0.0000000000
103453  56.086  -1.882  -0.580 0.0000000000
103454  56.295  -0.439  -1.100 0.0000000000
103462  55.020  -2.851  -0.023 0.0000000000
103463  55.364  -1.858  -0.391 0.0000000000
103468  54.859  -1.545  -0.315 0.0000000000
103469  55.423  -1.419  -0.521 0.0000000000
103470  55.510  -0.843  -0.698 0.0000000000
103471  54.983  1.341  -3.654 0.0000000000
103475  54.413  -1.486  -0.218 0.0000000000
103476  56.313  -1.193  -0.824 0.0000000000
103477  54.948  -0.568  -0.635 0.0000000000
103478  54.756  -0.053  -1.005 0.0000000000
103480  54.120  -1.575  -0.073 0.0000000000
103481  54.542  -0.977  -0.417 0.0000000000
103482  53.840  1.297  -4.340 0.0000000000
103483  54.601  1.419  -4.168 0.0000000000
103484  54.833  1.474  -4.105 0.0000000000
103486  52.661  1.433  -4.831 0.0000000000
103488  52.404  1.467  -4.866 0.0000000000
103489  52.362  1.710  -5.058 0.0000000000
103490  52.295  2.168  -5.279 0.0000000000
103492  51.790  -1.455  -1.006 0.0000000000
103493  54.109  -1.342  -0.156 0.0000000000
103495  51.536  0.850  -4.121 0.0000000000
103497  53.401  -0.553  -0.888 0.0000000000
103498  52.743  1.153  -4.464 0.0000000000
103499  54.567  0.917  -2.864 0.0000000000
