#!ascii label  , from subject FREESURFER vox2ras=TkReg 
319
65423  9.595  7.860  36.140 0.0000000000
65424  9.142  7.777  36.092 0.0000000000
65425  8.046  7.527  36.019 0.0000000000
65435  10.397  7.735  35.380 0.0000000000
65436  9.863  7.573  35.700 0.0000000000
65437  8.825  7.115  35.648 0.0000000000
66406  8.330  8.637  36.972 0.0000000000
66417  10.365  8.564  36.445 0.0000000000
66418  9.672  8.183  36.475 0.0000000000
66419  8.712  8.209  36.535 0.0000000000
66420  7.758  8.181  36.624 0.0000000000
66429  11.152  8.690  35.352 0.0000000000
66430  10.591  8.147  35.666 0.0000000000
66431  10.169  8.090  36.156 0.0000000000
67297  9.454  9.542  37.378 0.0000000000
67298  8.361  9.400  37.376 0.0000000000
67312  10.945  9.729  36.388 0.0000000000
67313  10.515  9.335  36.722 0.0000000000
67314  9.974  8.922  37.026 0.0000000000
67315  9.137  8.762  37.047 0.0000000000
67327  11.282  9.511  35.703 0.0000000000
67328  10.915  8.950  36.133 0.0000000000
67344  11.451  9.268  34.768 0.0000000000
68244  10.182  10.628  37.573 0.0000000000
68245  9.893  10.333  37.676 0.0000000000
68246  8.930  10.300  37.786 0.0000000000
68262  10.927  10.088  36.499 0.0000000000
68263  10.539  10.335  36.951 0.0000000000
68264  10.134  9.661  37.204 0.0000000000
68276  11.181  10.240  36.158 0.0000000000
68277  11.021  10.921  36.383 0.0000000000
68291  11.479  10.273  35.132 0.0000000000
68292  11.362  10.857  34.376 0.0000000000
68306  11.442  9.940  33.866 0.0000000000
68307  11.117  10.958  33.404 0.0000000000
68321  11.466  10.217  32.579 0.0000000000
68322  11.012  11.109  32.304 0.0000000000
68335  11.493  10.630  31.372 0.0000000000
68336  11.119  11.388  31.535 0.0000000000
68350  11.764  10.737  30.090 0.0000000000
69144  10.087  11.013  40.023 0.0000000000
69145  9.652  11.106  39.914 0.0000000000
69154  10.283  11.256  39.003 0.0000000000
69155  10.033  11.124  39.390 0.0000000000
69156  8.998  11.228  39.252 0.0000000000
69168  10.154  11.113  38.145 0.0000000000
69169  9.451  10.897  38.411 0.0000000000
69170  8.424  11.056  38.291 0.0000000000
69180  10.488  11.445  36.963 0.0000000000
69189  11.331  10.871  35.751 0.0000000000
69190  10.835  11.671  35.779 0.0000000000
69199  11.380  11.158  35.096 0.0000000000
69200  10.914  11.893  34.321 0.0000000000
69210  10.791  11.840  32.982 0.0000000000
69221  10.826  11.902  32.014 0.0000000000
69232  11.346  11.403  30.770 0.0000000000
69233  11.086  11.986  31.243 0.0000000000
69244  11.555  11.768  29.869 0.0000000000
69245  11.321  12.068  30.601 0.0000000000
69254  11.802  11.966  29.122 0.0000000000
69267  12.063  11.872  28.586 0.0000000000
69983  9.663  12.150  40.450 0.0000000000
69984  9.323  12.070  40.519 0.0000000000
69985  8.596  12.112  40.471 0.0000000000
69993  10.240  11.924  39.949 0.0000000000
69994  9.963  11.692  40.174 0.0000000000
69995  8.969  11.473  40.154 0.0000000000
70006  10.317  11.744  39.323 0.0000000000
70007  10.290  11.383  39.722 0.0000000000
70008  8.222  11.573  39.567 0.0000000000
70018  10.310  12.233  37.951 0.0000000000
70025  10.288  12.578  36.639 0.0000000000
70034  10.393  12.940  35.310 0.0000000000
70044  10.555  12.997  34.237 0.0000000000
70055  10.713  12.741  33.401 0.0000000000
70067  10.842  12.654  32.470 0.0000000000
70079  11.022  12.614  31.661 0.0000000000
70090  11.476  12.629  30.203 0.0000000000
70091  11.226  12.638  30.942 0.0000000000
70102  11.734  12.550  29.464 0.0000000000
70113  12.310  12.503  28.172 0.0000000000
70114  12.024  12.537  28.824 0.0000000000
70808  9.416  13.213  41.196 0.0000000000
70809  9.083  13.153  41.325 0.0000000000
70810  8.243  13.252  41.296 0.0000000000
70816  9.903  13.031  40.619 0.0000000000
70817  9.620  12.778  40.757 0.0000000000
70818  8.818  12.585  40.901 0.0000000000
70825  10.048  12.636  40.117 0.0000000000
70826  9.882  12.287  40.364 0.0000000000
70837  10.287  13.077  38.938 0.0000000000
70844  10.284  13.621  37.623 0.0000000000
70852  10.145  13.752  36.310 0.0000000000
70859  10.147  14.009  35.412 0.0000000000
70868  10.350  13.846  34.574 0.0000000000
70880  10.677  13.724  33.641 0.0000000000
70893  10.943  13.505  32.805 0.0000000000
70905  11.440  13.715  31.392 0.0000000000
70906  11.140  13.414  31.993 0.0000000000
70916  11.515  13.409  30.694 0.0000000000
70917  11.229  13.154  31.326 0.0000000000
70927  12.226  13.683  29.203 0.0000000000
70928  11.839  13.386  29.789 0.0000000000
70939  12.343  13.349  28.557 0.0000000000
70940  12.002  13.092  29.144 0.0000000000
70951  13.172  13.636  27.058 0.0000000000
70952  12.710  13.296  27.669 0.0000000000
70962  13.451  13.440  26.464 0.0000000000
70963  13.011  12.868  26.963 0.0000000000
71595  11.327  14.776  45.076 0.0000000000
71596  10.584  14.533  44.964 0.0000000000
71597  9.642  14.452  44.707 0.0000000000
71598  8.861  14.455  44.242 0.0000000000
71601  11.701  14.847  44.598 0.0000000000
71602  11.100  14.324  44.324 0.0000000000
71603  10.240  14.202  43.978 0.0000000000
71604  9.354  14.320  43.617 0.0000000000
71605  8.566  14.469  43.360 0.0000000000
71608  11.532  14.635  43.874 0.0000000000
71609  10.797  14.434  43.320 0.0000000000
71610  9.852  14.323  42.887 0.0000000000
71611  9.014  14.337  42.590 0.0000000000
71612  8.115  14.444  42.592 0.0000000000
71617  10.248  14.459  42.276 0.0000000000
71618  9.484  13.774  41.583 0.0000000000
71619  8.628  13.852  41.832 0.0000000000
71626  10.088  13.822  41.009 0.0000000000
71627  9.728  13.386  41.126 0.0000000000
71630  10.317  14.083  39.804 0.0000000000
71636  10.423  14.392  38.693 0.0000000000
71644  10.372  14.764  37.875 0.0000000000
71653  10.249  14.688  36.990 0.0000000000
71661  10.072  14.780  35.974 0.0000000000
71670  10.158  14.814  34.968 0.0000000000
71679  10.612  14.729  34.007 0.0000000000
71688  11.587  14.947  32.394 0.0000000000
71689  11.219  14.629  32.962 0.0000000000
71698  11.533  14.346  31.948 0.0000000000
71699  11.231  13.948  32.429 0.0000000000
71707  12.238  14.648  30.414 0.0000000000
71708  11.811  14.316  31.033 0.0000000000
71718  12.344  14.308  29.701 0.0000000000
71719  11.959  13.996  30.322 0.0000000000
71726  13.159  14.638  28.356 0.0000000000
71727  12.659  14.323  28.895 0.0000000000
71735  13.288  14.321  27.576 0.0000000000
71736  12.792  13.997  28.184 0.0000000000
71744  13.588  14.248  26.758 0.0000000000
71752  14.303  14.207  25.347 0.0000000000
71753  13.847  14.181  26.081 0.0000000000
72357  12.041  15.293  44.042 0.0000000000
72358  8.149  14.539  44.009 0.0000000000
72366  11.506  15.057  43.125 0.0000000000
72367  10.890  14.724  42.689 0.0000000000
72368  8.040  14.538  43.272 0.0000000000
72374  11.677  15.719  42.675 0.0000000000
72375  10.862  15.381  42.049 0.0000000000
72379  10.593  15.364  40.576 0.0000000000
72382  10.696  15.420  39.422 0.0000000000
72385  10.695  15.557  38.468 0.0000000000
72391  10.562  15.644  37.571 0.0000000000
72398  10.424  15.688  36.612 0.0000000000
72404  10.391  15.733  35.584 0.0000000000
72406  10.639  15.713  34.560 0.0000000000
72408  11.713  16.042  33.384 0.0000000000
72409  11.247  15.620  33.593 0.0000000000
72413  12.446  16.096  32.528 0.0000000000
72414  11.801  15.673  32.787 0.0000000000
72415  11.406  15.295  33.107 0.0000000000
72421  12.453  15.805  32.061 0.0000000000
72422  11.891  15.152  31.939 0.0000000000
72428  12.385  15.288  31.125 0.0000000000
72429  11.867  14.781  31.487 0.0000000000
72439  13.325  15.816  29.672 0.0000000000
72440  12.810  15.320  29.988 0.0000000000
72450  13.286  15.357  29.068 0.0000000000
72451  12.758  14.830  29.396 0.0000000000
72462  13.658  15.283  28.052 0.0000000000
72472  14.315  15.683  26.605 0.0000000000
72473  13.953  15.185  27.013 0.0000000000
72487  14.271  15.213  26.003 0.0000000000
72488  13.919  14.705  26.454 0.0000000000
72518  14.734  15.134  24.965 0.0000000000
73089  12.732  16.888  42.676 0.0000000000
73090  12.176  16.023  43.217 0.0000000000
73094  13.144  16.841  42.198 0.0000000000
73095  12.178  16.519  42.138 0.0000000000
73096  11.315  16.567  41.100 0.0000000000
73098  11.047  16.575  39.980 0.0000000000
73100  12.283  17.067  38.461 0.0000000000
73101  11.485  16.535  39.039 0.0000000000
73104  12.335  17.015  37.698 0.0000000000
73105  11.368  16.418  38.096 0.0000000000
73108  12.188  17.081  36.821 0.0000000000
73109  11.219  16.483  37.203 0.0000000000
73112  12.168  16.936  35.896 0.0000000000
73113  11.144  16.481  36.238 0.0000000000
73117  12.258  16.731  35.069 0.0000000000
73118  11.233  16.411  35.276 0.0000000000
73121  13.228  16.751  33.894 0.0000000000
73122  12.584  16.641  34.337 0.0000000000
73123  11.512  16.332  34.408 0.0000000000
73126  13.120  16.636  33.238 0.0000000000
73127  12.320  16.409  33.451 0.0000000000
73128  11.781  16.291  33.809 0.0000000000
73131  13.781  16.736  31.988 0.0000000000
73132  13.194  16.460  32.522 0.0000000000
73133  12.520  16.304  32.877 0.0000000000
73136  13.777  16.619  31.223 0.0000000000
73137  13.121  16.160  31.588 0.0000000000
73141  13.810  16.547  30.453 0.0000000000
73142  13.185  16.019  30.718 0.0000000000
73147  14.490  17.041  29.072 0.0000000000
73148  13.933  16.463  29.656 0.0000000000
73149  13.376  16.059  30.071 0.0000000000
73155  14.552  16.934  28.213 0.0000000000
73156  13.986  16.210  28.610 0.0000000000
73163  14.629  16.768  27.333 0.0000000000
73164  14.171  16.069  27.693 0.0000000000
73175  14.665  16.353  26.435 0.0000000000
73176  14.355  16.002  27.010 0.0000000000
73196  14.900  16.081  25.465 0.0000000000
73818  13.439  16.971  41.587 0.0000000000
73819  12.544  16.882  41.106 0.0000000000
73825  13.547  17.527  40.471 0.0000000000
73826  12.116  17.087  40.273 0.0000000000
73833  12.691  17.689  39.333 0.0000000000
73834  11.830  16.960  39.645 0.0000000000
73840  13.969  17.859  37.874 0.0000000000
73841  13.420  17.782  38.140 0.0000000000
73848  14.697  17.933  37.437 0.0000000000
73849  14.247  17.859  37.581 0.0000000000
73850  13.385  17.420  37.295 0.0000000000
73857  14.809  17.867  37.230 0.0000000000
73858  14.296  17.549  36.959 0.0000000000
73859  13.299  17.323  36.462 0.0000000000
73863  14.874  17.819  36.788 0.0000000000
73864  14.308  17.722  36.151 0.0000000000
73865  13.242  17.122  35.549 0.0000000000
73869  14.485  17.624  34.291 0.0000000000
73870  14.126  17.385  34.723 0.0000000000
73871  13.083  16.845  34.948 0.0000000000
73875  14.498  17.526  33.889 0.0000000000
73876  13.943  16.950  33.639 0.0000000000
73880  14.699  17.752  32.645 0.0000000000
73881  14.346  17.376  32.838 0.0000000000
73882  13.669  16.835  33.069 0.0000000000
73885  14.630  17.828  32.257 0.0000000000
73886  14.249  17.275  31.757 0.0000000000
73890  14.599  17.907  31.358 0.0000000000
73891  14.271  17.186  30.855 0.0000000000
73897  14.757  17.795  30.093 0.0000000000
73898  14.237  16.986  30.261 0.0000000000
73907  14.961  17.864  28.774 0.0000000000
73917  14.994  17.660  27.818 0.0000000000
73930  15.595  18.038  26.269 0.0000000000
73931  15.140  17.569  26.910 0.0000000000
73957  15.289  17.085  25.897 0.0000000000
74594  14.021  18.204  39.662 0.0000000000
74604  13.690  18.599  39.059 0.0000000000
74614  13.981  18.034  38.017 0.0000000000
74615  13.333  18.656  38.316 0.0000000000
74619  14.728  18.270  37.405 0.0000000000
74620  13.912  18.621  37.704 0.0000000000
74621  13.073  19.194  37.892 0.0000000000
74627  15.157  18.306  37.010 0.0000000000
74628  15.066  18.740  36.587 0.0000000000
74634  15.029  18.198  36.470 0.0000000000
74635  14.831  18.759  35.807 0.0000000000
74636  14.416  19.686  35.373 0.0000000000
74642  14.691  18.105  34.205 0.0000000000
74643  14.434  19.020  34.791 0.0000000000
74644  14.062  19.899  34.965 0.0000000000
74650  15.038  18.452  33.159 0.0000000000
74651  14.929  18.052  33.428 0.0000000000
74658  14.940  18.124  32.789 0.0000000000
74659  14.814  17.822  33.043 0.0000000000
74665  14.798  18.507  32.026 0.0000000000
74675  14.799  18.713  31.119 0.0000000000
74683  15.021  19.013  30.342 0.0000000000
74691  15.495  19.335  28.815 0.0000000000
74692  15.358  19.056  29.235 0.0000000000
74703  15.573  19.310  28.383 0.0000000000
74704  15.426  18.501  28.186 0.0000000000
74721  15.687  18.780  27.224 0.0000000000
74722  15.334  18.161  27.539 0.0000000000
75332  14.919  18.621  37.203 0.0000000000
75333  14.408  18.947  37.238 0.0000000000
75334  12.902  19.663  37.208 0.0000000000
75338  14.935  18.871  36.984 0.0000000000
75339  14.378  19.373  36.611 0.0000000000
75340  13.237  20.032  36.231 0.0000000000
75341  12.558  20.158  35.810 0.0000000000
75344  14.392  19.943  35.955 0.0000000000
75345  13.515  20.108  35.437 0.0000000000
75346  12.223  19.989  35.190 0.0000000000
75350  14.749  18.547  33.775 0.0000000000
75351  14.397  19.110  34.031 0.0000000000
75352  13.427  19.872  34.435 0.0000000000
75357  15.068  18.650  32.992 0.0000000000
75358  14.818  18.972  33.297 0.0000000000
75359  14.023  19.833  33.417 0.0000000000
75360  12.824  20.070  33.341 0.0000000000
75368  14.971  18.940  32.612 0.0000000000
75369  14.525  19.679  32.605 0.0000000000
75370  13.627  20.152  32.522 0.0000000000
75378  14.775  19.324  31.863 0.0000000000
75379  14.288  20.042  31.741 0.0000000000
75380  13.305  20.089  31.554 0.0000000000
75390  14.577  19.501  30.990 0.0000000000
75391  14.060  20.083  30.809 0.0000000000
75402  14.713  19.691  30.071 0.0000000000
75403  13.997  20.192  29.859 0.0000000000
75414  15.409  19.567  28.819 0.0000000000
75415  14.972  20.014  29.150 0.0000000000
75432  15.328  19.828  28.486 0.0000000000
75450  15.374  19.760  27.688 0.0000000000
76065  12.281  20.138  36.445 0.0000000000
76071  12.362  20.181  36.091 0.0000000000
