#!ascii label  , from subject FREESURFER vox2ras=TkReg 
1751
1280  -2.407  -82.087  -10.366 0.0000000000
1299  -2.372  -82.307  -11.313 0.0000000000
1319  -2.173  -81.909  -12.399 0.0000000000
1339  -2.038  -82.289  -13.417 0.0000000000
1340  -4.120  -81.238  -14.617 0.0000000000
1341  -4.538  -81.619  -13.905 0.0000000000
1356  -1.977  -81.933  -14.334 0.0000000000
1357  -4.110  -81.620  -14.855 0.0000000000
1365  -2.441  -82.052  -15.049 0.0000000000
1366  -3.484  -82.211  -15.191 0.0000000000
1686  -3.040  -81.754  -8.900 0.0000000000
1702  -2.510  -81.589  -10.596 0.0000000000
1703  -2.722  -81.291  -9.930 0.0000000000
1720  -2.423  -81.635  -11.357 0.0000000000
1721  -2.638  -81.072  -11.022 0.0000000000
1736  -2.367  -81.133  -12.425 0.0000000000
1737  -2.526  -81.021  -11.706 0.0000000000
1738  -4.644  -80.966  -13.152 0.0000000000
1758  -2.049  -81.330  -13.629 0.0000000000
1759  -4.019  -81.004  -14.764 0.0000000000
1760  -4.192  -80.946  -14.317 0.0000000000
1776  -2.409  -81.327  -14.704 0.0000000000
1777  -3.526  -81.050  -14.862 0.0000000000
1778  -4.010  -80.511  -14.638 0.0000000000
1781  -2.472  -81.639  -15.056 0.0000000000
1782  -2.817  -81.614  -15.141 0.0000000000
2092  -6.370  -80.051  -5.097 0.0000000000
2103  -5.311  -80.528  -6.390 0.0000000000
2104  -5.973  -80.134  -5.888 0.0000000000
2121  -3.766  -81.136  -7.976 0.0000000000
2122  -4.251  -80.514  -7.859 0.0000000000
2123  -4.840  -80.561  -7.197 0.0000000000
2144  -3.416  -80.582  -8.884 0.0000000000
2145  -3.889  -79.691  -8.541 0.0000000000
2164  -2.835  -80.237  -9.963 0.0000000000
2181  -2.709  -80.457  -10.719 0.0000000000
2198  -2.292  -80.620  -13.245 0.0000000000
2199  -2.537  -80.107  -12.149 0.0000000000
2200  -4.850  -79.989  -12.936 0.0000000000
2219  -2.188  -80.603  -13.957 0.0000000000
2220  -2.347  -79.899  -13.797 0.0000000000
2221  -4.371  -80.220  -14.081 0.0000000000
2237  -2.194  -80.897  -14.275 0.0000000000
2238  -2.700  -80.394  -14.469 0.0000000000
2239  -3.611  -79.899  -14.675 0.0000000000
2473  -10.092  -79.402  0.677 0.0000000000
2480  -9.474  -79.213  -0.433 0.0000000000
2481  -10.319  -79.011  -0.140 0.0000000000
2495  -8.538  -78.880  -1.428 0.0000000000
2496  -9.331  -78.705  -1.232 0.0000000000
2514  -7.218  -78.997  -2.228 0.0000000000
2515  -7.800  -78.861  -1.837 0.0000000000
2529  -6.769  -79.268  -3.139 0.0000000000
2542  -6.553  -79.633  -4.139 0.0000000000
2543  -7.189  -78.944  -4.153 0.0000000000
2557  -6.937  -79.127  -5.235 0.0000000000
2558  -7.299  -78.648  -4.760 0.0000000000
2572  -5.705  -79.454  -6.601 0.0000000000
2573  -6.299  -79.555  -5.832 0.0000000000
2595  -4.290  -79.397  -8.157 0.0000000000
2596  -4.954  -79.669  -7.501 0.0000000000
2614  -3.374  -78.971  -8.877 0.0000000000
2615  -3.813  -78.912  -8.377 0.0000000000
2632  -2.909  -79.272  -9.756 0.0000000000
2649  -2.662  -79.457  -10.850 0.0000000000
2650  -4.923  -78.912  -11.851 0.0000000000
2662  -2.337  -78.017  -12.358 0.0000000000
2663  -2.428  -78.501  -12.042 0.0000000000
2664  -4.799  -78.946  -12.761 0.0000000000
2674  -2.314  -78.041  -12.806 0.0000000000
2675  -2.393  -78.702  -13.543 0.0000000000
2676  -4.239  -79.042  -14.183 0.0000000000
2690  -2.880  -79.093  -14.715 0.0000000000
2691  -3.543  -79.119  -14.797 0.0000000000
2941  -10.879  -79.090  1.188 0.0000000000
2952  -10.795  -78.782  0.183 0.0000000000
2953  -11.243  -78.302  0.511 0.0000000000
2958  -9.805  -78.527  -1.146 0.0000000000
2959  -10.526  -78.327  -0.730 0.0000000000
2960  -11.081  -78.285  -0.159 0.0000000000
2963  -8.706  -78.367  -1.996 0.0000000000
2964  -9.436  -78.158  -1.776 0.0000000000
2965  -10.093  -78.157  -1.382 0.0000000000
2973  -7.570  -78.647  -2.603 0.0000000000
2974  -8.065  -78.417  -2.422 0.0000000000
2975  -8.818  -78.032  -2.313 0.0000000000
2990  -7.495  -78.598  -3.182 0.0000000000
2991  -8.070  -77.938  -3.399 0.0000000000
3006  -7.685  -78.121  -4.378 0.0000000000
3007  -8.200  -77.575  -4.047 0.0000000000
3021  -6.712  -78.175  -5.748 0.0000000000
3022  -7.264  -78.328  -5.166 0.0000000000
3034  -4.707  -78.053  -6.854 0.0000000000
3035  -5.527  -78.424  -6.655 0.0000000000
3036  -6.317  -78.829  -6.187 0.0000000000
3059  -3.352  -77.776  -7.964 0.0000000000
3060  -3.944  -78.240  -7.677 0.0000000000
3061  -5.026  -78.756  -7.158 0.0000000000
3083  -3.099  -77.889  -8.540 0.0000000000
3084  -3.504  -78.471  -8.348 0.0000000000
3108  -2.786  -78.254  -9.508 0.0000000000
3109  -4.945  -77.702  -11.038 0.0000000000
3130  -2.374  -77.356  -11.278 0.0000000000
3131  -2.531  -78.078  -10.841 0.0000000000
3132  -4.825  -77.973  -12.323 0.0000000000
3150  -2.318  -77.520  -12.184 0.0000000000
3151  -2.420  -78.037  -11.659 0.0000000000
3152  -4.428  -78.069  -13.559 0.0000000000
3163  -2.340  -77.533  -13.590 0.0000000000
3164  -2.857  -77.866  -14.686 0.0000000000
3165  -3.790  -77.785  -14.442 0.0000000000
3181  -3.018  -78.461  -15.017 0.0000000000
3182  -3.395  -78.524  -14.846 0.0000000000
3423  -11.062  -77.325  1.534 0.0000000000
3434  -11.273  -77.517  0.689 0.0000000000
3442  -10.877  -77.644  -1.020 0.0000000000
3443  -11.218  -77.577  -0.374 0.0000000000
3448  -9.771  -77.590  -2.056 0.0000000000
3449  -10.370  -77.485  -1.651 0.0000000000
3450  -11.056  -77.156  -1.166 0.0000000000
3453  -8.613  -77.695  -2.863 0.0000000000
3454  -9.327  -77.516  -2.468 0.0000000000
3455  -9.904  -77.196  -2.291 0.0000000000
3461  -8.555  -77.366  -3.566 0.0000000000
3462  -9.104  -77.090  -3.163 0.0000000000
3473  -8.010  -77.184  -4.613 0.0000000000
3474  -8.477  -77.091  -4.122 0.0000000000
3488  -5.230  -76.799  -5.822 0.0000000000
3489  -6.118  -77.228  -5.840 0.0000000000
3490  -7.282  -77.418  -5.344 0.0000000000
3507  -3.670  -76.801  -6.966 0.0000000000
3508  -4.178  -77.291  -6.645 0.0000000000
3509  -5.131  -77.509  -6.269 0.0000000000
3510  -6.031  -78.010  -6.279 0.0000000000
3524  -3.216  -77.252  -7.836 0.0000000000
3525  -3.709  -77.356  -7.221 0.0000000000
3535  -2.802  -77.170  -8.717 0.0000000000
3552  -2.433  -76.616  -10.798 0.0000000000
3553  -2.467  -77.040  -10.012 0.0000000000
3554  -4.890  -76.946  -11.238 0.0000000000
3568  -2.346  -76.644  -11.434 0.0000000000
3569  -2.398  -77.263  -10.825 0.0000000000
3570  -4.547  -76.718  -12.325 0.0000000000
3588  -2.255  -76.584  -12.421 0.0000000000
3589  -4.132  -76.819  -13.702 0.0000000000
3602  -2.253  -76.854  -13.113 0.0000000000
3603  -2.649  -76.683  -14.159 0.0000000000
3604  -3.344  -76.847  -14.498 0.0000000000
3858  -10.454  -76.344  1.898 0.0000000000
3859  -10.739  -76.789  1.501 0.0000000000
3872  -10.535  -76.461  1.180 0.0000000000
3873  -10.992  -76.789  0.834 0.0000000000
3885  -11.263  -76.778  0.023 0.0000000000
3893  -10.752  -76.470  -1.573 0.0000000000
3894  -11.229  -76.599  -0.811 0.0000000000
3899  -9.652  -76.813  -2.760 0.0000000000
3900  -10.188  -76.513  -2.348 0.0000000000
3903  -8.882  -76.757  -3.794 0.0000000000
3904  -9.462  -76.239  -3.395 0.0000000000
3905  -9.839  -76.345  -2.842 0.0000000000
3908  -7.654  -76.384  -5.030 0.0000000000
3909  -8.499  -76.404  -4.387 0.0000000000
3910  -9.000  -76.247  -3.957 0.0000000000
3912  -4.858  -75.859  -5.798 0.0000000000
3913  -5.044  -76.145  -5.659 0.0000000000
3914  -5.784  -76.347  -5.557 0.0000000000
3915  -6.688  -76.424  -5.459 0.0000000000
3925  -3.762  -76.215  -6.875 0.0000000000
3926  -4.294  -76.319  -6.260 0.0000000000
3927  -4.644  -76.810  -6.037 0.0000000000
3942  -3.337  -76.239  -7.665 0.0000000000
3956  -2.844  -76.404  -8.938 0.0000000000
3968  -2.504  -76.185  -11.080 0.0000000000
3969  -2.626  -75.933  -10.453 0.0000000000
3970  -4.751  -76.284  -11.564 0.0000000000
3971  -5.205  -76.231  -10.429 0.0000000000
3976  -2.374  -75.803  -11.936 0.0000000000
3977  -2.630  -75.262  -11.986 0.0000000000
3978  -4.086  -75.753  -12.883 0.0000000000
3986  -2.330  -75.992  -12.504 0.0000000000
3987  -2.505  -75.636  -12.579 0.0000000000
3988  -3.205  -76.125  -13.044 0.0000000000
3995  -2.377  -76.153  -12.980 0.0000000000
3996  -2.468  -76.079  -13.619 0.0000000000
3997  -3.078  -75.804  -14.114 0.0000000000
4317  -8.136  -74.784  2.383 0.0000000000
4318  -8.937  -74.995  2.248 0.0000000000
4319  -10.371  -75.479  2.346 0.0000000000
4320  -11.425  -75.055  2.899 0.0000000000
4321  -12.019  -74.918  3.097 0.0000000000
4334  -6.432  -74.851  2.015 0.0000000000
4335  -6.780  -75.075  2.050 0.0000000000
4336  -7.840  -75.233  2.094 0.0000000000
4337  -9.198  -75.622  1.751 0.0000000000
4338  -10.099  -76.002  1.475 0.0000000000
4348  -6.345  -75.003  1.238 0.0000000000
4349  -7.313  -75.479  1.328 0.0000000000
4350  -8.518  -75.766  1.181 0.0000000000
4351  -9.616  -75.957  0.889 0.0000000000
4352  -10.390  -76.153  0.734 0.0000000000
4353  -10.729  -76.425  0.740 0.0000000000
4366  -6.389  -75.066  0.350 0.0000000000
4367  -7.010  -75.348  0.427 0.0000000000
4368  -8.159  -75.530  0.370 0.0000000000
4369  -9.284  -75.581  0.236 0.0000000000
4370  -10.356  -75.677  -0.103 0.0000000000
4371  -10.913  -76.272  0.301 0.0000000000
4382  -10.835  -75.773  -1.085 0.0000000000
4383  -11.091  -76.131  -0.359 0.0000000000
4393  -9.648  -74.928  -2.541 0.0000000000
4394  -10.195  -75.524  -2.148 0.0000000000
4403  -9.546  -75.227  -3.158 0.0000000000
4404  -9.970  -75.919  -2.849 0.0000000000
4412  -5.778  -74.677  -4.374 0.0000000000
4413  -5.983  -75.082  -4.474 0.0000000000
4414  -6.897  -75.447  -4.953 0.0000000000
4415  -8.115  -75.565  -4.625 0.0000000000
4416  -8.928  -75.599  -4.039 0.0000000000
4424  -4.722  -75.507  -6.022 0.0000000000
4425  -5.430  -75.139  -5.244 0.0000000000
4426  -5.818  -75.648  -5.204 0.0000000000
4427  -6.254  -75.938  -5.322 0.0000000000
4433  -3.635  -75.803  -7.220 0.0000000000
4434  -4.081  -75.561  -6.765 0.0000000000
4444  -3.429  -75.402  -7.825 0.0000000000
4445  -3.732  -75.291  -7.388 0.0000000000
4458  -3.126  -75.495  -8.739 0.0000000000
4473  -2.807  -75.540  -9.815 0.0000000000
4474  -4.455  -75.757  -12.346 0.0000000000
4475  -4.855  -75.478  -11.542 0.0000000000
4480  -2.793  -75.220  -11.205 0.0000000000
4481  -3.576  -75.594  -12.805 0.0000000000
4482  -4.424  -75.254  -12.628 0.0000000000
4490  -2.187  -76.005  -12.878 0.0000000000
4491  -2.437  -75.846  -12.920 0.0000000000
4492  -2.667  -75.645  -13.122 0.0000000000
4500  -2.414  -75.951  -13.149 0.0000000000
4501  -2.543  -75.752  -13.471 0.0000000000
4502  -2.856  -75.993  -13.809 0.0000000000
4807  -7.090  -74.386  2.472 0.0000000000
4808  -7.483  -74.494  2.468 0.0000000000
4809  -8.530  -74.397  2.479 0.0000000000
4810  -9.776  -74.392  2.356 0.0000000000
4811  -11.078  -74.571  2.368 0.0000000000
4812  -12.372  -74.380  2.603 0.0000000000
4813  -13.216  -74.107  2.831 0.0000000000
4827  -6.416  -74.511  1.798 0.0000000000
4828  -6.795  -74.576  2.308 0.0000000000
4829  -7.076  -74.841  2.302 0.0000000000
4830  -10.717  -73.934  2.223 0.0000000000
4831  -11.668  -73.969  2.067 0.0000000000
4832  -12.266  -73.919  2.122 0.0000000000
4844  -6.185  -74.189  0.939 0.0000000000
4853  -6.071  -74.509  -0.090 0.0000000000
4854  -6.769  -75.073  -0.419 0.0000000000
4855  -7.925  -75.182  -0.528 0.0000000000
4856  -9.075  -75.174  -0.488 0.0000000000
4857  -9.756  -75.332  -0.404 0.0000000000
4873  -5.891  -74.305  -1.209 0.0000000000
4874  -6.463  -74.730  -1.244 0.0000000000
4875  -7.650  -74.772  -1.425 0.0000000000
4876  -8.924  -74.752  -1.375 0.0000000000
4877  -9.995  -75.095  -1.115 0.0000000000
4895  -5.741  -73.961  -1.854 0.0000000000
4896  -6.149  -74.405  -2.037 0.0000000000
4897  -7.155  -74.564  -2.295 0.0000000000
4898  -8.726  -74.558  -2.568 0.0000000000
4899  -9.604  -74.878  -2.006 0.0000000000
4914  -5.685  -73.747  -3.277 0.0000000000
4915  -5.838  -74.029  -2.862 0.0000000000
4916  -6.533  -74.376  -3.035 0.0000000000
4917  -7.657  -74.450  -3.414 0.0000000000
4918  -8.656  -74.780  -3.754 0.0000000000
4930  -5.611  -74.040  -4.095 0.0000000000
4931  -5.999  -74.497  -3.751 0.0000000000
4932  -6.765  -74.635  -4.056 0.0000000000
4933  -7.824  -74.836  -4.324 0.0000000000
4934  -8.460  -75.119  -4.281 0.0000000000
4943  -5.034  -74.852  -5.765 0.0000000000
4944  -5.295  -74.225  -5.303 0.0000000000
4952  -4.624  -74.651  -6.534 0.0000000000
4953  -5.053  -74.251  -6.020 0.0000000000
4962  -3.600  -74.857  -7.833 0.0000000000
4963  -4.000  -74.563  -7.498 0.0000000000
4973  -3.386  -74.588  -8.599 0.0000000000
4974  -3.669  -74.371  -8.109 0.0000000000
4975  -5.590  -75.144  -10.540 0.0000000000
4988  -2.954  -74.625  -10.014 0.0000000000
4989  -5.577  -74.726  -11.034 0.0000000000
4990  -6.057  -73.977  -11.164 0.0000000000
4995  -2.735  -74.524  -12.085 0.0000000000
4996  -4.140  -74.962  -13.475 0.0000000000
4997  -5.131  -74.355  -12.408 0.0000000000
4998  -5.950  -73.718  -11.868 0.0000000000
5004  -3.202  -74.198  -13.354 0.0000000000
5005  -4.145  -74.362  -13.920 0.0000000000
5006  -4.949  -73.880  -13.323 0.0000000000
5016  -3.408  -73.901  -13.950 0.0000000000
5017  -3.605  -73.873  -14.125 0.0000000000
5346  -6.940  -74.280  2.446 0.0000000000
5347  -7.305  -74.135  2.494 0.0000000000
5348  -8.133  -73.918  2.575 0.0000000000
5349  -9.018  -73.879  2.412 0.0000000000
5350  -12.544  -73.795  2.237 0.0000000000
5351  -13.072  -73.452  2.445 0.0000000000
5360  -6.382  -73.934  1.346 0.0000000000
5361  -6.859  -73.946  2.094 0.0000000000
5362  -7.878  -73.585  2.216 0.0000000000
5363  -8.935  -73.368  2.136 0.0000000000
5364  -9.899  -73.480  2.131 0.0000000000
5365  -11.036  -73.293  1.997 0.0000000000
5366  -12.192  -73.348  2.034 0.0000000000
5367  -12.696  -73.069  2.176 0.0000000000
5384  -6.288  -73.436  0.529 0.0000000000
5385  -6.776  -73.334  0.798 0.0000000000
5386  -7.740  -73.415  1.319 0.0000000000
5387  -8.664  -73.219  1.433 0.0000000000
5407  -5.981  -73.586  0.077 0.0000000000
5408  -7.238  -72.745  0.049 0.0000000000
5409  -7.964  -73.131  0.322 0.0000000000
5410  -8.462  -73.178  0.783 0.0000000000
5422  -5.815  -73.457  -1.040 0.0000000000
5431  -5.688  -72.628  -2.954 0.0000000000
5432  -5.757  -73.156  -2.413 0.0000000000
5446  -5.614  -73.056  -3.421 0.0000000000
5447  -5.716  -73.565  -2.957 0.0000000000
5464  -5.506  -73.100  -4.218 0.0000000000
5474  -5.423  -73.283  -4.986 0.0000000000
5484  -4.916  -73.832  -6.568 0.0000000000
5485  -5.209  -73.368  -6.094 0.0000000000
5493  -4.530  -73.511  -7.336 0.0000000000
5494  -4.981  -73.245  -6.847 0.0000000000
5507  -3.281  -73.942  -9.410 0.0000000000
5508  -3.798  -73.442  -8.641 0.0000000000
5526  -3.228  -73.242  -10.551 0.0000000000
5527  -3.738  -72.500  -9.605 0.0000000000
5528  -6.930  -73.666  -10.540 0.0000000000
5529  -7.718  -72.772  -10.886 0.0000000000
5530  -8.268  -72.476  -10.538 0.0000000000
5541  -2.990  -73.258  -12.561 0.0000000000
5542  -5.897  -73.575  -12.281 0.0000000000
5543  -6.681  -73.087  -11.871 0.0000000000
5544  -7.380  -72.443  -11.668 0.0000000000
5553  -3.203  -73.493  -13.673 0.0000000000
5554  -4.858  -73.557  -13.770 0.0000000000
5555  -5.709  -73.257  -13.069 0.0000000000
5556  -6.429  -72.464  -12.888 0.0000000000
5566  -3.397  -73.547  -14.011 0.0000000000
5567  -4.122  -73.346  -14.137 0.0000000000
5568  -5.238  -72.786  -13.918 0.0000000000
5569  -5.929  -72.460  -13.577 0.0000000000
5928  -13.598  -72.873  3.290 0.0000000000
5935  -11.877  -71.932  2.319 0.0000000000
5936  -12.689  -72.323  2.538 0.0000000000
5937  -13.191  -72.699  2.633 0.0000000000
5942  -9.649  -73.113  1.846 0.0000000000
5943  -10.344  -72.640  1.707 0.0000000000
5944  -11.425  -72.522  1.974 0.0000000000
5945  -12.340  -72.659  2.194 0.0000000000
5946  -12.886  -72.820  2.323 0.0000000000
5956  -6.345  -73.024  0.194 0.0000000000
5957  -6.580  -72.742  0.015 0.0000000000
5958  -9.498  -72.897  1.457 0.0000000000
5959  -10.068  -72.431  0.991 0.0000000000
5980  -6.329  -72.229  -0.553 0.0000000000
5981  -7.056  -72.031  -0.393 0.0000000000
5982  -8.157  -72.401  -0.419 0.0000000000
5983  -9.321  -72.736  0.249 0.0000000000
5984  -10.237  -72.312  0.309 0.0000000000
6004  -5.959  -72.063  -1.775 0.0000000000
6008  -5.632  -72.155  -3.295 0.0000000000
6009  -5.748  -72.055  -2.706 0.0000000000
6018  -5.563  -72.217  -3.756 0.0000000000
6033  -5.519  -72.532  -4.064 0.0000000000
6046  -5.575  -72.460  -4.712 0.0000000000
6058  -5.504  -72.402  -5.734 0.0000000000
6068  -4.367  -72.696  -8.009 0.0000000000
6069  -5.036  -72.322  -7.261 0.0000000000
6082  -4.230  -71.959  -8.821 0.0000000000
6083  -4.873  -71.445  -8.300 0.0000000000
6099  -3.357  -72.433  -11.731 0.0000000000
6100  -3.982  -71.799  -10.522 0.0000000000
6101  -4.705  -71.632  -10.732 0.0000000000
6102  -7.360  -71.713  -11.056 0.0000000000
6103  -8.150  -71.926  -10.946 0.0000000000
6104  -8.765  -72.160  -10.357 0.0000000000
6115  -3.292  -72.417  -12.725 0.0000000000
6116  -3.844  -71.873  -12.223 0.0000000000
6117  -4.974  -71.624  -11.685 0.0000000000
6118  -6.629  -71.879  -11.818 0.0000000000
6119  -7.670  -72.054  -11.482 0.0000000000
6127  -3.246  -72.884  -13.422 0.0000000000
6128  -3.599  -72.020  -13.395 0.0000000000
6129  -4.489  -71.540  -13.044 0.0000000000
6130  -5.708  -71.778  -13.188 0.0000000000
6140  -3.275  -73.252  -13.833 0.0000000000
6141  -3.537  -72.857  -13.927 0.0000000000
6142  -4.617  -72.002  -14.217 0.0000000000
6143  -5.629  -72.149  -14.021 0.0000000000
6481  -10.102  -70.960  5.305 0.0000000000
6482  -10.824  -71.234  5.174 0.0000000000
6493  -10.973  -71.066  4.731 0.0000000000
6494  -11.457  -71.233  4.585 0.0000000000
6495  -12.603  -71.823  4.550 0.0000000000
6504  -11.204  -70.843  3.234 0.0000000000
6505  -11.673  -71.169  3.652 0.0000000000
6506  -12.946  -71.955  3.548 0.0000000000
6514  -11.362  -71.112  2.778 0.0000000000
6515  -12.370  -71.702  2.910 0.0000000000
6516  -13.119  -72.211  2.911 0.0000000000
6521  -10.509  -72.167  1.303 0.0000000000
6522  -11.031  -71.570  1.675 0.0000000000
6527  -10.596  -71.920  0.748 0.0000000000
6528  -11.134  -71.260  0.581 0.0000000000
6541  -6.214  -70.212  -0.756 0.0000000000
6542  -6.798  -70.792  -0.505 0.0000000000
6543  -7.923  -71.202  -0.569 0.0000000000
6544  -9.253  -71.586  -0.634 0.0000000000
6545  -10.598  -71.645  -0.215 0.0000000000
6546  -11.346  -71.080  -0.033 0.0000000000
6569  -5.945  -70.624  -1.453 0.0000000000
6577  -5.678  -71.476  -3.176 0.0000000000
6578  -5.769  -70.929  -2.594 0.0000000000
6582  -5.665  -71.583  -3.720 0.0000000000
6583  -5.785  -70.940  -3.485 0.0000000000
6584  -7.347  -70.688  -3.925 0.0000000000
6585  -8.317  -71.077  -3.868 0.0000000000
6586  -9.279  -71.194  -3.905 0.0000000000
6587  -9.678  -71.096  -3.989 0.0000000000
6596  -5.646  -71.894  -4.269 0.0000000000
6597  -5.955  -71.217  -4.255 0.0000000000
6598  -6.557  -70.861  -4.268 0.0000000000
6599  -7.710  -71.341  -4.558 0.0000000000
6600  -8.829  -71.445  -4.622 0.0000000000
6601  -9.628  -71.106  -4.471 0.0000000000
6614  -5.790  -71.741  -5.081 0.0000000000
6615  -6.201  -71.311  -5.281 0.0000000000
6616  -7.063  -71.376  -5.448 0.0000000000
6617  -8.264  -71.556  -5.579 0.0000000000
6618  -9.350  -71.176  -5.558 0.0000000000
6619  -9.798  -70.948  -4.992 0.0000000000
6632  -5.696  -71.601  -6.236 0.0000000000
6633  -6.465  -71.380  -6.482 0.0000000000
6634  -7.609  -71.556  -6.627 0.0000000000
6635  -8.647  -71.394  -6.713 0.0000000000
6636  -9.271  -70.770  -6.801 0.0000000000
6650  -5.763  -71.447  -7.677 0.0000000000
6651  -7.018  -71.550  -7.754 0.0000000000
6652  -8.112  -71.582  -7.853 0.0000000000
6653  -8.805  -71.118  -7.869 0.0000000000
6654  -9.065  -70.476  -7.793 0.0000000000
6667  -4.666  -71.359  -9.102 0.0000000000
6668  -5.435  -71.365  -9.018 0.0000000000
6669  -6.585  -71.546  -8.964 0.0000000000
6670  -7.658  -71.597  -9.022 0.0000000000
6671  -8.415  -71.247  -9.067 0.0000000000
6672  -8.745  -70.548  -8.828 0.0000000000
6687  -4.417  -71.562  -9.571 0.0000000000
6688  -4.943  -71.435  -10.077 0.0000000000
6689  -6.289  -71.627  -10.277 0.0000000000
6690  -7.424  -71.688  -10.135 0.0000000000
6691  -8.200  -71.503  -10.143 0.0000000000
6692  -8.624  -70.683  -10.275 0.0000000000
6703  -5.017  -71.610  -10.812 0.0000000000
6704  -5.559  -71.691  -10.905 0.0000000000
6705  -8.141  -69.211  -10.099 0.0000000000
6706  -8.886  -69.276  -10.846 0.0000000000
6995  -8.370  -69.497  8.875 0.0000000000
6996  -8.819  -69.507  8.830 0.0000000000
6997  -9.794  -69.654  8.833 0.0000000000
7010  -8.199  -69.632  8.536 0.0000000000
7011  -9.132  -69.652  8.084 0.0000000000
7012  -10.507  -69.908  8.218 0.0000000000
7013  -11.717  -70.030  8.045 0.0000000000
7014  -12.685  -69.882  8.006 0.0000000000
7023  -8.607  -70.200  7.466 0.0000000000
7024  -9.555  -69.621  7.143 0.0000000000
7025  -10.880  -69.932  7.237 0.0000000000
7026  -12.198  -70.005  7.307 0.0000000000
7027  -13.328  -69.760  7.454 0.0000000000
7028  -13.976  -69.620  7.223 0.0000000000
7036  -9.282  -70.072  6.099 0.0000000000
7037  -10.050  -69.502  6.396 0.0000000000
7038  -11.345  -69.658  6.388 0.0000000000
7039  -12.884  -69.821  6.570 0.0000000000
7040  -13.654  -69.782  6.967 0.0000000000
7050  -9.746  -70.432  5.025 0.0000000000
7051  -10.278  -70.829  4.971 0.0000000000
7052  -11.649  -69.489  5.936 0.0000000000
7053  -12.106  -69.649  6.153 0.0000000000
7065  -9.874  -70.168  4.074 0.0000000000
7066  -10.651  -70.742  4.443 0.0000000000
7067  -11.249  -70.931  4.156 0.0000000000
7077  -9.987  -69.970  3.608 0.0000000000
7078  -10.652  -70.481  3.431 0.0000000000
7079  -11.084  -70.728  3.923 0.0000000000
7087  -10.933  -70.411  2.454 0.0000000000
7093  -11.382  -70.457  1.361 0.0000000000
7094  -11.965  -70.056  0.870 0.0000000000
7100  -11.621  -70.566  0.380 0.0000000000
7101  -12.114  -69.933  0.291 0.0000000000
7110  -6.205  -69.377  -0.689 0.0000000000
7111  -6.628  -69.555  -0.512 0.0000000000
7112  -7.544  -69.876  -0.445 0.0000000000
7113  -8.798  -70.229  -0.510 0.0000000000
7114  -10.165  -70.488  -0.646 0.0000000000
7115  -11.449  -70.374  -0.323 0.0000000000
7116  -12.088  -69.704  -0.134 0.0000000000
7135  -5.909  -69.319  -1.108 0.0000000000
7152  -5.902  -69.611  -2.295 0.0000000000
7153  -7.031  -69.455  -2.663 0.0000000000
7154  -8.322  -69.686  -2.802 0.0000000000
7155  -9.491  -70.009  -2.914 0.0000000000
7156  -10.117  -70.080  -3.116 0.0000000000
7164  -5.942  -70.335  -3.248 0.0000000000
7165  -6.559  -70.103  -3.410 0.0000000000
7166  -7.738  -70.248  -3.360 0.0000000000
7167  -8.898  -70.615  -3.329 0.0000000000
7168  -9.952  -70.711  -3.674 0.0000000000
7171  -6.046  -70.665  -3.783 0.0000000000
7172  -6.210  -70.433  -3.676 0.0000000000
7173  -10.152  -70.625  -4.683 0.0000000000
7184  -9.630  -70.409  -5.952 0.0000000000
7185  -9.894  -70.620  -5.318 0.0000000000
7202  -9.471  -70.243  -6.530 0.0000000000
7220  -9.252  -69.862  -7.088 0.0000000000
7237  -8.847  -69.703  -8.201 0.0000000000
7253  -8.612  -69.773  -9.311 0.0000000000
7254  -9.933  -68.681  -11.247 0.0000000000
7264  -8.785  -68.295  -11.136 0.0000000000
7273  -8.518  -68.082  -10.527 0.0000000000
7512  -9.327  -69.001  10.580 0.0000000000
7513  -10.187  -69.022  10.237 0.0000000000
7527  -8.491  -69.408  9.403 0.0000000000
7528  -9.586  -69.348  9.572 0.0000000000
7529  -11.090  -69.414  9.446 0.0000000000
7530  -12.489  -69.093  9.089 0.0000000000
7531  -13.064  -68.822  8.806 0.0000000000
7544  -8.011  -69.575  8.990 0.0000000000
7545  -11.442  -69.800  8.601 0.0000000000
7546  -12.213  -69.628  8.598 0.0000000000
7547  -13.475  -69.254  8.257 0.0000000000
7548  -14.250  -68.933  7.992 0.0000000000
7557  -13.879  -69.467  7.599 0.0000000000
7558  -14.487  -69.205  7.415 0.0000000000
7559  -15.139  -69.003  7.089 0.0000000000
7563  -9.364  -69.497  5.439 0.0000000000
7564  -9.713  -69.297  5.723 0.0000000000
7565  -10.356  -69.331  5.979 0.0000000000
7566  -13.408  -69.692  6.050 0.0000000000
7567  -14.111  -69.643  6.554 0.0000000000
7568  -14.993  -69.215  6.608 0.0000000000
7574  -9.354  -69.735  5.145 0.0000000000
7575  -9.607  -69.247  5.052 0.0000000000
7576  -10.726  -69.220  5.459 0.0000000000
7577  -12.384  -69.454  5.621 0.0000000000
7578  -13.924  -69.367  5.492 0.0000000000
7579  -14.673  -69.373  6.044 0.0000000000
7590  -9.569  -69.690  4.526 0.0000000000
7591  -10.106  -69.073  4.324 0.0000000000
7592  -11.366  -68.850  4.644 0.0000000000
7593  -12.760  -68.999  4.704 0.0000000000
7594  -13.764  -68.887  4.718 0.0000000000
7607  -9.864  -69.688  3.950 0.0000000000
7608  -10.501  -69.580  3.352 0.0000000000
7619  -11.343  -69.571  2.240 0.0000000000
7620  -12.115  -69.292  1.859 0.0000000000
7626  -11.852  -69.754  1.449 0.0000000000
7627  -12.397  -69.354  1.094 0.0000000000
7634  -12.387  -69.176  0.259 0.0000000000
7643  -6.489  -68.768  -0.636 0.0000000000
7644  -7.222  -68.839  -0.293 0.0000000000
7645  -8.293  -69.002  -0.294 0.0000000000
7646  -9.512  -69.188  -0.397 0.0000000000
7647  -10.794  -69.411  -0.550 0.0000000000
7648  -11.745  -69.437  -0.388 0.0000000000
7649  -12.173  -69.343  -0.172 0.0000000000
7659  -6.366  -68.560  -1.136 0.0000000000
7660  -7.106  -68.272  -1.393 0.0000000000
7661  -8.195  -68.287  -1.546 0.0000000000
7662  -9.406  -68.482  -1.801 0.0000000000
7663  -10.147  -68.510  -2.210 0.0000000000
7678  -5.988  -68.932  -1.583 0.0000000000
7679  -6.541  -68.789  -1.885 0.0000000000
7680  -7.645  -68.802  -2.126 0.0000000000
7681  -8.932  -69.080  -2.299 0.0000000000
7682  -10.185  -69.314  -2.735 0.0000000000
7683  -10.510  -69.517  -3.325 0.0000000000
7696  -10.424  -69.933  -3.434 0.0000000000
7697  -10.642  -69.530  -3.806 0.0000000000
7701  -10.513  -70.065  -4.234 0.0000000000
7702  -10.493  -69.443  -4.454 0.0000000000
7706  -9.546  -69.735  -6.253 0.0000000000
7707  -10.097  -69.624  -5.328 0.0000000000
7772  -10.162  -68.278  -9.975 0.0000000000
7785  -9.292  -68.072  -9.913 0.0000000000
8036  -9.914  -68.653  11.628 0.0000000000
8037  -10.986  -68.386  11.556 0.0000000000
8038  -11.821  -68.105  11.795 0.0000000000
8039  -12.188  -68.146  12.414 0.0000000000
8045  -10.049  -68.760  10.810 0.0000000000
8046  -10.888  -68.679  10.564 0.0000000000
8047  -11.649  -68.214  10.801 0.0000000000
8054  -11.321  -68.889  9.967 0.0000000000
8055  -11.897  -68.588  9.893 0.0000000000
8056  -12.773  -68.406  9.187 0.0000000000
8066  -13.398  -68.445  8.678 0.0000000000
8067  -14.048  -68.503  8.289 0.0000000000
8075  -14.620  -68.510  7.779 0.0000000000
8076  -15.048  -68.668  7.320 0.0000000000
8084  -15.387  -68.581  6.794 0.0000000000
8089  -14.385  -68.927  5.026 0.0000000000
8090  -15.182  -68.756  5.592 0.0000000000
8098  -10.865  -68.800  3.789 0.0000000000
8099  -11.914  -68.666  3.880 0.0000000000
8100  -13.131  -68.595  4.016 0.0000000000
8101  -14.375  -68.418  4.383 0.0000000000
8102  -15.293  -68.041  4.722 0.0000000000
8112  -11.376  -68.922  3.088 0.0000000000
8113  -12.407  -68.578  3.141 0.0000000000
8114  -13.418  -68.111  3.312 0.0000000000
8115  -14.311  -67.830  3.731 0.0000000000
8128  -12.004  -69.013  2.488 0.0000000000
8129  -12.599  -68.550  2.154 0.0000000000
8130  -13.188  -67.706  2.298 0.0000000000
8141  -12.739  -68.232  1.118 0.0000000000
8142  -12.988  -67.558  1.640 0.0000000000
8150  -12.360  -68.396  0.219 0.0000000000
8158  -6.743  -68.401  -0.665 0.0000000000
8159  -7.052  -68.309  -0.555 0.0000000000
8160  -7.908  -68.269  -0.480 0.0000000000
8161  -9.034  -68.221  -0.441 0.0000000000
8162  -10.106  -68.075  -0.422 0.0000000000
8163  -11.240  -68.614  -0.374 0.0000000000
8164  -12.093  -68.866  -0.227 0.0000000000
8172  -6.561  -68.462  -0.816 0.0000000000
8173  -6.828  -68.227  -0.850 0.0000000000
8174  -7.554  -68.002  -0.883 0.0000000000
8175  -8.649  -67.971  -0.996 0.0000000000
8176  -9.992  -68.039  -1.463 0.0000000000
8185  -10.691  -68.375  -2.977 0.0000000000
8186  -10.608  -69.150  -3.377 0.0000000000
8198  -10.396  -68.231  -4.053 0.0000000000
8199  -10.578  -68.853  -4.134 0.0000000000
8211  -10.295  -69.038  -4.835 0.0000000000
8220  -9.745  -68.927  -5.585 0.0000000000
8296  -10.262  -68.139  -8.797 0.0000000000
8576  -12.388  -67.775  11.178 0.0000000000
8577  -12.738  -67.670  11.657 0.0000000000
8583  -12.218  -67.902  10.722 0.0000000000
8584  -12.615  -67.513  10.589 0.0000000000
8594  -12.125  -68.132  10.283 0.0000000000
8595  -12.574  -67.786  9.798 0.0000000000
8605  -13.147  -67.721  8.945 0.0000000000
8606  -13.756  -67.882  8.544 0.0000000000
8614  -14.395  -67.765  8.155 0.0000000000
8615  -15.166  -67.833  7.456 0.0000000000
8623  -15.768  -67.582  6.479 0.0000000000
8624  -16.019  -66.866  5.915 0.0000000000
8632  -15.782  -67.581  5.376 0.0000000000
8633  -16.009  -66.663  5.258 0.0000000000
8638  -14.943  -67.798  4.126 0.0000000000
8639  -15.548  -67.109  4.458 0.0000000000
8640  -15.869  -66.323  4.801 0.0000000000
8646  -13.807  -67.435  3.225 0.0000000000
8647  -14.687  -67.156  3.713 0.0000000000
8648  -15.177  -66.562  3.969 0.0000000000
8655  -13.529  -67.076  2.643 0.0000000000
8666  -12.791  -67.225  1.228 0.0000000000
8667  -13.218  -66.998  1.948 0.0000000000
8678  -10.144  -67.001  -0.039 0.0000000000
8679  -10.952  -67.258  0.173 0.0000000000
8680  -12.187  -67.449  0.409 0.0000000000
8691  -10.215  -66.981  -0.684 0.0000000000
8692  -10.655  -67.708  -0.132 0.0000000000
8693  -11.676  -68.056  -0.088 0.0000000000
8702  -10.399  -67.110  -1.640 0.0000000000
8715  -10.544  -67.412  -2.556 0.0000000000
9133  -13.351  -66.817  11.480 0.0000000000
9138  -12.984  -66.966  10.562 0.0000000000
9144  -12.754  -67.102  9.893 0.0000000000
9150  -12.926  -66.942  9.215 0.0000000000
9151  -13.712  -66.951  8.571 0.0000000000
9161  -14.655  -66.816  7.938 0.0000000000
9162  -15.374  -66.661  7.270 0.0000000000
9169  -15.827  -66.308  6.549 0.0000000000
9170  -16.091  -66.031  5.872 0.0000000000
9179  -16.051  -65.839  5.261 0.0000000000
9187  -15.540  -66.182  4.391 0.0000000000
9188  -15.829  -65.681  4.792 0.0000000000
9194  -13.936  -66.699  3.249 0.0000000000
9195  -14.581  -66.276  3.692 0.0000000000
9196  -15.119  -65.913  4.047 0.0000000000
9201  -12.590  -65.862  2.584 0.0000000000
9202  -13.196  -66.421  2.642 0.0000000000
9208  -8.996  -65.922  1.199 0.0000000000
9209  -10.177  -66.151  1.289 0.0000000000
9210  -11.503  -66.106  1.405 0.0000000000
9211  -12.651  -66.393  1.794 0.0000000000
9212  -13.058  -66.630  2.087 0.0000000000
9219  -9.266  -65.675  0.436 0.0000000000
9220  -9.951  -66.515  0.487 0.0000000000
9221  -11.208  -66.631  0.654 0.0000000000
9222  -12.211  -66.664  0.936 0.0000000000
9232  -9.526  -65.464  -0.046 0.0000000000
9233  -9.846  -65.952  -0.482 0.0000000000
9245  -10.071  -66.053  -1.850 0.0000000000
9260  -8.652  -66.035  -3.591 0.0000000000
9261  -9.833  -66.522  -3.043 0.0000000000
9395  -9.726  -67.455  -6.751 0.0000000000
9700  -12.509  -65.026  11.233 0.0000000000
9701  -13.117  -65.463  11.567 0.0000000000
9707  -12.379  -65.193  10.769 0.0000000000
9708  -12.838  -66.053  10.597 0.0000000000
9714  -12.207  -65.437  9.937 0.0000000000
9715  -12.672  -66.279  9.677 0.0000000000
9721  -12.423  -65.428  9.320 0.0000000000
9722  -12.998  -65.864  8.847 0.0000000000
9723  -14.132  -65.707  8.273 0.0000000000
9724  -14.877  -65.193  7.872 0.0000000000
9733  -14.959  -65.959  7.768 0.0000000000
9734  -15.493  -65.427  7.250 0.0000000000
9743  -15.993  -65.264  6.456 0.0000000000
9744  -16.151  -65.179  5.758 0.0000000000
9752  -16.013  -65.079  5.154 0.0000000000
9760  -14.100  -64.903  4.278 0.0000000000
9761  -14.864  -65.013  4.331 0.0000000000
9762  -15.419  -65.357  4.490 0.0000000000
9763  -15.779  -65.224  4.809 0.0000000000
9771  -9.243  -64.389  3.467 0.0000000000
9772  -10.449  -64.479  3.605 0.0000000000
9773  -11.615  -64.661  3.698 0.0000000000
9774  -12.582  -65.104  3.831 0.0000000000
9775  -13.639  -65.694  3.672 0.0000000000
9776  -14.592  -65.568  4.018 0.0000000000
9777  -15.038  -65.480  4.188 0.0000000000
9784  -7.953  -64.529  2.626 0.0000000000
9785  -8.686  -64.884  2.802 0.0000000000
9786  -9.828  -65.058  2.956 0.0000000000
9787  -11.063  -65.126  3.046 0.0000000000
9788  -12.098  -65.355  3.173 0.0000000000
9789  -12.835  -65.719  3.216 0.0000000000
9794  -7.742  -64.592  1.857 0.0000000000
9795  -8.210  -65.311  1.966 0.0000000000
9796  -9.298  -65.594  2.076 0.0000000000
9797  -10.616  -65.554  2.117 0.0000000000
9798  -11.826  -65.612  2.270 0.0000000000
9805  -7.903  -64.394  1.408 0.0000000000
9806  -8.299  -65.036  0.973 0.0000000000
9812  -9.237  -65.101  0.173 0.0000000000
9813  -9.731  -65.245  -0.566 0.0000000000
9824  -8.641  -64.908  -3.070 0.0000000000
9825  -9.336  -65.161  -2.194 0.0000000000
9844  -10.038  -66.072  -4.947 0.0000000000
9845  -8.529  -65.231  -3.824 0.0000000000
9846  -9.056  -65.705  -2.915 0.0000000000
9872  -9.140  -66.565  -4.825 0.0000000000
9896  -10.171  -65.903  -5.405 0.0000000000
10291  -12.630  -64.238  13.336 0.0000000000
10300  -12.501  -64.323  12.825 0.0000000000
10301  -13.108  -64.844  12.416 0.0000000000
10307  -10.375  -63.965  11.099 0.0000000000
10308  -10.675  -64.129  11.182 0.0000000000
10309  -11.973  -64.496  11.526 0.0000000000
10310  -12.811  -64.894  11.788 0.0000000000
10316  -10.407  -64.014  10.868 0.0000000000
10317  -10.812  -64.276  10.572 0.0000000000
10318  -11.585  -64.819  10.284 0.0000000000
10323  -11.126  -64.293  9.904 0.0000000000
10324  -11.898  -64.617  9.482 0.0000000000
10325  -12.606  -64.331  9.151 0.0000000000
10330  -12.532  -65.004  8.970 0.0000000000
10331  -13.370  -64.667  8.721 0.0000000000
10332  -14.449  -64.518  8.274 0.0000000000
10333  -15.227  -64.392  7.712 0.0000000000
10338  -15.832  -64.254  6.973 0.0000000000
10348  -16.125  -64.405  6.195 0.0000000000
10349  -16.088  -64.461  5.595 0.0000000000
10362  -15.910  -64.429  5.202 0.0000000000
10372  -12.922  -63.861  4.317 0.0000000000
10373  -13.687  -64.041  4.398 0.0000000000
10374  -14.557  -64.200  4.468 0.0000000000
10375  -15.249  -64.469  4.615 0.0000000000
10376  -15.707  -64.749  4.865 0.0000000000
10387  -8.192  -63.937  3.279 0.0000000000
10388  -8.814  -63.908  3.530 0.0000000000
10389  -9.964  -63.902  3.779 0.0000000000
10390  -11.247  -63.979  3.945 0.0000000000
10391  -12.312  -64.239  4.096 0.0000000000
10392  -13.177  -64.662  4.242 0.0000000000
10401  -7.909  -64.094  3.035 0.0000000000
10402  -8.324  -64.245  3.244 0.0000000000
10409  -7.683  -64.087  2.479 0.0000000000
10410  -10.640  -63.790  0.884 0.0000000000
10411  -11.009  -63.861  0.921 0.0000000000
10419  -7.680  -64.008  1.719 0.0000000000
10420  -8.175  -64.104  1.013 0.0000000000
10421  -9.159  -64.063  0.545 0.0000000000
10422  -10.381  -64.037  0.520 0.0000000000
10423  -11.642  -64.056  0.449 0.0000000000
10433  -8.888  -64.599  0.470 0.0000000000
10434  -9.831  -64.780  -0.516 0.0000000000
10435  -11.119  -64.351  -0.765 0.0000000000
10436  -12.510  -63.567  -0.368 0.0000000000
10453  -8.892  -64.713  -3.205 0.0000000000
10454  -10.066  -64.427  -2.624 0.0000000000
10479  -8.862  -65.010  -4.978 0.0000000000
10480  -9.185  -64.504  -4.211 0.0000000000
10481  -10.050  -64.156  -4.009 0.0000000000
10508  -9.889  -65.536  -5.491 0.0000000000
10509  -9.204  -64.633  -5.312 0.0000000000
10510  -9.762  -64.330  -4.940 0.0000000000
10528  -9.730  -65.359  -5.605 0.0000000000
10529  -10.204  -64.754  -5.121 0.0000000000
10940  -11.380  -63.246  14.026 0.0000000000
10941  -12.270  -63.923  13.558 0.0000000000
10953  -10.377  -63.390  12.169 0.0000000000
10954  -10.980  -63.495  12.866 0.0000000000
10955  -11.792  -64.046  12.576 0.0000000000
10963  -10.326  -63.640  11.330 0.0000000000
10964  -10.845  -63.918  11.862 0.0000000000
10965  -11.344  -63.998  12.184 0.0000000000
10973  -10.398  -63.610  10.686 0.0000000000
10974  -10.730  -63.659  10.092 0.0000000000
10980  -11.400  -63.665  9.693 0.0000000000
10981  -12.250  -63.589  9.414 0.0000000000
10982  -13.144  -63.568  9.122 0.0000000000
10988  -14.046  -63.604  8.684 0.0000000000
10989  -14.867  -63.546  8.142 0.0000000000
10990  -15.474  -63.453  7.505 0.0000000000
10995  -15.819  -63.323  6.950 0.0000000000
11005  -16.011  -63.578  6.424 0.0000000000
11006  -16.085  -63.762  5.843 0.0000000000
11020  -15.929  -63.959  5.425 0.0000000000
11025  -12.860  -63.571  4.244 0.0000000000
11026  -13.235  -63.486  4.272 0.0000000000
11027  -14.201  -63.232  4.300 0.0000000000
11028  -15.057  -63.545  4.606 0.0000000000
11029  -15.625  -63.910  5.010 0.0000000000
11038  -8.190  -63.862  3.227 0.0000000000
11039  -8.465  -63.775  3.267 0.0000000000
11040  -9.547  -63.391  3.342 0.0000000000
11041  -10.945  -63.423  3.679 0.0000000000
11042  -12.420  -63.419  4.073 0.0000000000
11043  -13.502  -62.937  4.081 0.0000000000
11044  -14.079  -62.761  4.039 0.0000000000
11053  -8.006  -63.818  3.012 0.0000000000
11054  -8.536  -63.466  2.829 0.0000000000
11055  -9.427  -63.098  2.624 0.0000000000
11056  -10.175  -63.065  2.293 0.0000000000
11057  -11.093  -63.159  2.255 0.0000000000
11058  -12.010  -63.162  2.279 0.0000000000
11067  -7.927  -63.637  2.295 0.0000000000
11068  -8.547  -63.327  2.032 0.0000000000
11069  -9.436  -63.282  1.712 0.0000000000
11070  -10.477  -63.546  1.305 0.0000000000
11071  -11.716  -63.599  1.414 0.0000000000
11072  -12.817  -63.273  1.634 0.0000000000
11080  -8.057  -63.645  1.603 0.0000000000
11081  -8.698  -63.559  1.218 0.0000000000
11082  -9.651  -63.607  0.947 0.0000000000
11083  -10.147  -63.685  0.873 0.0000000000
11084  -12.548  -63.591  0.755 0.0000000000
11085  -13.446  -62.702  0.560 0.0000000000
11524  -10.473  -61.775  15.977 0.0000000000
11525  -10.886  -62.473  15.540 0.0000000000
11534  -10.460  -62.050  14.939 0.0000000000
11535  -10.818  -62.689  14.497 0.0000000000
11544  -10.425  -62.339  13.943 0.0000000000
11545  -10.656  -62.952  13.538 0.0000000000
11551  -10.315  -62.789  12.941 0.0000000000
11552  -10.530  -63.111  13.109 0.0000000000
11557  -10.059  -62.833  11.925 0.0000000000
11562  -10.165  -62.871  11.070 0.0000000000
11563  -10.539  -62.874  10.430 0.0000000000
11568  -11.070  -62.832  9.939 0.0000000000
11569  -11.862  -62.711  9.635 0.0000000000
11570  -12.725  -62.533  9.298 0.0000000000
11576  -13.618  -62.612  8.896 0.0000000000
11577  -14.455  -62.681  8.394 0.0000000000
11578  -15.096  -62.663  7.823 0.0000000000
11584  -15.573  -62.621  7.174 0.0000000000
11588  -15.850  -62.789  6.532 0.0000000000
11589  -16.043  -63.014  5.976 0.0000000000
11602  -15.808  -63.250  5.443 0.0000000000
11612  -14.415  -62.570  4.075 0.0000000000
11613  -14.954  -62.553  4.338 0.0000000000
11614  -15.439  -62.973  4.945 0.0000000000
11623  -10.041  -62.853  3.049 0.0000000000
11624  -10.728  -62.906  3.297 0.0000000000
11625  -11.871  -62.914  3.479 0.0000000000
11626  -13.089  -62.809  3.543 0.0000000000
11627  -14.163  -62.444  3.567 0.0000000000
11628  -14.647  -62.172  3.865 0.0000000000
11635  -10.058  -62.862  2.755 0.0000000000
11636  -10.596  -62.791  2.819 0.0000000000
11637  -11.499  -62.782  2.887 0.0000000000
11638  -12.726  -62.903  2.717 0.0000000000
11639  -13.845  -62.495  2.719 0.0000000000
11646  -13.619  -62.708  1.766 0.0000000000
11647  -14.183  -62.060  1.776 0.0000000000
11657  -13.891  -62.319  1.178 0.0000000000
12054  -13.698  -60.927  18.021 0.0000000000
12055  -14.655  -61.278  17.746 0.0000000000
12056  -15.562  -61.139  17.490 0.0000000000
12057  -16.254  -60.688  17.260 0.0000000000
12062  -10.272  -60.771  16.471 0.0000000000
12063  -13.962  -61.291  16.777 0.0000000000
12064  -15.036  -61.345  16.650 0.0000000000
12065  -15.854  -61.095  16.488 0.0000000000
12066  -16.412  -60.607  16.295 0.0000000000
12071  -10.364  -61.211  15.348 0.0000000000
12072  -13.905  -61.204  15.691 0.0000000000
12073  -14.637  -61.342  15.727 0.0000000000
12074  -15.434  -61.242  15.654 0.0000000000
12075  -16.128  -60.989  15.543 0.0000000000
12081  -10.367  -61.562  14.402 0.0000000000
12082  -13.597  -60.814  15.062 0.0000000000
12083  -14.301  -61.205  14.847 0.0000000000
12084  -15.068  -61.312  14.816 0.0000000000
12085  -15.738  -61.172  14.739 0.0000000000
12091  -10.303  -61.822  13.503 0.0000000000
12092  -13.302  -60.495  14.592 0.0000000000
12093  -13.766  -60.884  14.030 0.0000000000
12094  -14.756  -61.245  13.904 0.0000000000
12095  -15.370  -61.263  14.137 0.0000000000
12100  -10.284  -61.941  12.550 0.0000000000
12101  -13.940  -60.763  13.344 0.0000000000
12102  -14.323  -60.985  13.327 0.0000000000
12107  -10.292  -61.963  11.573 0.0000000000
12113  -10.420  -62.015  10.736 0.0000000000
12114  -10.827  -62.016  10.157 0.0000000000
12119  -11.413  -61.909  9.716 0.0000000000
12120  -12.250  -61.749  9.277 0.0000000000
12121  -12.669  -61.962  9.195 0.0000000000
12126  -12.457  -61.453  8.948 0.0000000000
12127  -12.933  -61.692  8.928 0.0000000000
12128  -13.982  -61.728  8.401 0.0000000000
12129  -14.682  -62.036  8.011 0.0000000000
12136  -14.495  -61.446  7.838 0.0000000000
12137  -15.103  -61.761  7.421 0.0000000000
12143  -15.581  -61.896  6.573 0.0000000000
12144  -15.861  -62.374  6.072 0.0000000000
12154  -15.676  -61.766  5.725 0.0000000000
12155  -15.768  -62.505  5.561 0.0000000000
12164  -15.501  -61.978  4.864 0.0000000000
12165  -15.637  -62.667  5.225 0.0000000000
12172  -14.600  -61.915  3.507 0.0000000000
12173  -14.920  -61.579  3.817 0.0000000000
12180  -14.470  -61.577  2.823 0.0000000000
12181  -14.763  -61.146  3.270 0.0000000000
12571  -10.360  -59.776  17.242 0.0000000000
12572  -12.756  -59.460  17.781 0.0000000000
12574  -16.731  -59.976  16.927 0.0000000000
12575  -17.005  -59.580  16.644 0.0000000000
12581  -10.349  -59.797  16.318 0.0000000000
12582  -12.804  -59.805  16.915 0.0000000000
12583  -13.192  -60.435  17.353 0.0000000000
12584  -16.755  -60.193  16.080 0.0000000000
12585  -16.976  -59.783  16.193 0.0000000000
12591  -10.323  -60.255  15.592 0.0000000000
12592  -12.680  -59.583  16.135 0.0000000000
12593  -13.240  -60.578  16.155 0.0000000000
12594  -16.602  -60.498  15.455 0.0000000000
12595  -16.974  -60.013  15.514 0.0000000000
12601  -10.377  -60.643  14.739 0.0000000000
12602  -12.617  -59.279  15.287 0.0000000000
12603  -13.013  -60.167  15.216 0.0000000000
12604  -16.356  -60.827  14.625 0.0000000000
12605  -16.871  -60.248  14.664 0.0000000000
12612  -10.414  -61.013  13.997 0.0000000000
12613  -12.580  -58.996  14.761 0.0000000000
12614  -12.912  -59.842  14.196 0.0000000000
12615  -13.559  -60.445  13.422 0.0000000000
12616  -15.283  -61.214  13.622 0.0000000000
12617  -15.831  -61.075  13.725 0.0000000000
12618  -16.579  -60.543  13.667 0.0000000000
12623  -10.487  -60.917  13.225 0.0000000000
12624  -13.280  -59.785  13.047 0.0000000000
12625  -14.020  -60.561  12.752 0.0000000000
12626  -15.053  -61.056  12.852 0.0000000000
12627  -16.053  -60.729  12.668 0.0000000000
12628  -16.799  -60.224  12.650 0.0000000000
12634  -10.525  -60.880  12.199 0.0000000000
12635  -13.606  -59.646  11.943 0.0000000000
12636  -14.523  -60.439  11.795 0.0000000000
12637  -15.472  -60.569  11.691 0.0000000000
12638  -16.344  -60.384  11.635 0.0000000000
12639  -16.983  -59.973  11.704 0.0000000000
12646  -10.559  -60.871  11.059 0.0000000000
12647  -10.633  -61.313  10.306 0.0000000000
12648  -14.161  -59.832  11.086 0.0000000000
12649  -14.918  -60.161  10.852 0.0000000000
12650  -15.827  -60.151  10.609 0.0000000000
12651  -16.669  -59.959  10.755 0.0000000000
12652  -17.061  -59.761  11.145 0.0000000000
12657  -10.618  -60.468  10.105 0.0000000000
12658  -10.917  -61.101  9.634 0.0000000000
12659  -11.520  -61.225  9.213 0.0000000000
12660  -16.320  -59.840  10.117 0.0000000000
12661  -16.596  -59.794  10.181 0.0000000000
12667  -10.607  -60.266  9.335 0.0000000000
12668  -11.010  -60.545  8.732 0.0000000000
12669  -12.181  -60.977  8.684 0.0000000000
12670  -13.220  -60.965  8.276 0.0000000000
12671  -13.993  -61.025  7.930 0.0000000000
12677  -11.553  -60.281  8.043 0.0000000000
12678  -12.505  -60.309  7.809 0.0000000000
12679  -13.551  -60.439  7.595 0.0000000000
12680  -14.506  -60.793  7.304 0.0000000000
12681  -15.137  -61.170  6.836 0.0000000000
12687  -14.844  -60.608  6.608 0.0000000000
12688  -15.301  -61.004  6.125 0.0000000000
12695  -15.470  -60.988  5.241 0.0000000000
12704  -15.259  -60.906  4.364 0.0000000000
12712  -14.547  -60.260  2.919 0.0000000000
12713  -14.870  -60.641  3.544 0.0000000000
12720  -14.396  -60.594  2.226 0.0000000000
12721  -14.643  -60.833  2.947 0.0000000000
12735  -14.244  -60.670  1.572 0.0000000000
13092  -10.713  -58.897  17.593 0.0000000000
13093  -11.072  -58.734  17.910 0.0000000000
13094  -11.816  -58.812  18.026 0.0000000000
13095  -16.850  -59.664  17.590 0.0000000000
13096  -17.181  -59.247  17.179 0.0000000000
13104  -10.619  -58.961  16.562 0.0000000000
13105  -12.393  -58.966  17.016 0.0000000000
13106  -17.213  -59.322  16.275 0.0000000000
13112  -10.461  -59.236  15.678 0.0000000000
13113  -12.314  -58.661  16.079 0.0000000000
13114  -17.148  -59.554  15.699 0.0000000000
13120  -10.377  -59.746  14.992 0.0000000000
13121  -12.449  -58.359  15.263 0.0000000000
13122  -17.173  -59.585  14.952 0.0000000000
13131  -10.425  -59.882  14.084 0.0000000000
13132  -12.647  -58.457  14.375 0.0000000000
13133  -12.846  -59.041  13.549 0.0000000000
13134  -17.184  -59.744  13.770 0.0000000000
13141  -10.500  -59.699  12.969 0.0000000000
13142  -12.865  -58.197  13.626 0.0000000000
13143  -13.069  -58.661  12.759 0.0000000000
13144  -17.270  -59.532  12.572 0.0000000000
13150  -10.547  -59.671  11.869 0.0000000000
13151  -13.234  -58.425  11.761 0.0000000000
13152  -17.286  -59.422  11.607 0.0000000000
13158  -10.554  -59.608  10.801 0.0000000000
13159  -13.623  -59.023  10.931 0.0000000000
13160  -14.438  -59.302  10.314 0.0000000000
13161  -15.213  -59.684  10.193 0.0000000000
13162  -16.814  -59.733  10.286 0.0000000000
13163  -17.180  -59.474  10.580 0.0000000000
13167  -10.454  -59.512  9.796 0.0000000000
13168  -14.998  -59.144  9.718 0.0000000000
13169  -15.769  -59.433  9.540 0.0000000000
13170  -16.696  -59.544  9.658 0.0000000000
13171  -17.351  -59.151  9.587 0.0000000000
13177  -10.288  -59.543  8.722 0.0000000000
13178  -10.773  -59.973  7.931 0.0000000000
13179  -16.317  -59.061  8.604 0.0000000000
13180  -17.056  -59.126  8.670 0.0000000000
13181  -17.542  -58.824  8.801 0.0000000000
13187  -10.276  -59.174  7.625 0.0000000000
13188  -11.634  -59.442  7.182 0.0000000000
13189  -13.013  -59.733  7.118 0.0000000000
13190  -14.001  -60.026  6.971 0.0000000000
13191  -14.477  -60.344  6.808 0.0000000000
13192  -16.730  -58.835  7.997 0.0000000000
13193  -17.194  -58.811  8.043 0.0000000000
13194  -17.375  -58.822  8.347 0.0000000000
13200  -12.083  -58.938  6.513 0.0000000000
13201  -12.660  -59.195  6.553 0.0000000000
13202  -13.662  -59.379  6.257 0.0000000000
13203  -14.526  -60.045  6.307 0.0000000000
13204  -14.956  -60.469  6.190 0.0000000000
13211  -13.923  -59.163  5.686 0.0000000000
13212  -14.448  -59.529  5.465 0.0000000000
13213  -15.033  -60.332  5.699 0.0000000000
13221  -14.604  -59.566  4.462 0.0000000000
13222  -15.073  -60.204  4.872 0.0000000000
13230  -14.515  -59.724  3.496 0.0000000000
13231  -14.954  -60.180  4.123 0.0000000000
13240  -13.642  -59.386  1.651 0.0000000000
13241  -14.067  -59.654  2.414 0.0000000000
13255  -13.642  -59.515  1.227 0.0000000000
13256  -13.999  -60.041  1.387 0.0000000000
13280  -13.661  -59.630  0.820 0.0000000000
13579  -11.176  -58.498  17.243 0.0000000000
13580  -11.569  -58.548  17.271 0.0000000000
13581  -11.968  -58.647  17.240 0.0000000000
13582  -17.466  -58.336  17.335 0.0000000000
13591  -11.035  -58.313  16.641 0.0000000000
13592  -11.531  -58.204  16.574 0.0000000000
13593  -11.980  -58.415  16.674 0.0000000000
13594  -17.437  -58.637  16.364 0.0000000000
13602  -10.754  -58.101  15.689 0.0000000000
13603  -11.361  -57.722  15.882 0.0000000000
13604  -12.043  -57.748  15.827 0.0000000000
13605  -17.361  -59.017  15.531 0.0000000000
13615  -10.411  -58.740  14.825 0.0000000000
13616  -12.411  -57.576  15.048 0.0000000000
13617  -17.414  -58.848  14.514 0.0000000000
13624  -10.338  -58.503  13.752 0.0000000000
13625  -12.582  -57.501  14.199 0.0000000000
13626  -17.472  -58.817  13.394 0.0000000000
13631  -10.380  -58.505  12.632 0.0000000000
13632  -12.828  -57.495  13.212 0.0000000000
13633  -13.073  -57.801  12.431 0.0000000000
13634  -17.510  -58.726  12.349 0.0000000000
13635  -17.576  -58.217  11.909 0.0000000000
13640  -10.463  -58.566  11.598 0.0000000000
13641  -12.884  -57.185  12.533 0.0000000000
13642  -13.026  -57.435  11.869 0.0000000000
13643  -17.529  -58.823  11.346 0.0000000000
13644  -17.711  -58.116  11.211 0.0000000000
13650  -10.445  -58.534  10.598 0.0000000000
13651  -13.252  -57.784  10.834 0.0000000000
13652  -13.851  -58.499  10.252 0.0000000000
13653  -17.616  -58.753  10.433 0.0000000000
13654  -17.912  -58.048  10.346 0.0000000000
13659  -10.242  -58.446  9.595 0.0000000000
13660  -13.706  -57.838  9.962 0.0000000000
13661  -14.424  -58.289  9.547 0.0000000000
13662  -15.152  -58.735  9.202 0.0000000000
13663  -17.770  -58.591  9.575 0.0000000000
13664  -18.153  -58.005  9.509 0.0000000000
13670  -9.664  -57.430  8.407 0.0000000000
13671  -9.813  -58.147  8.508 0.0000000000
13672  -14.957  -58.003  8.753 0.0000000000
13673  -15.588  -58.639  8.567 0.0000000000
13674  -17.961  -58.474  8.868 0.0000000000
13675  -18.345  -58.025  8.645 0.0000000000
13681  -9.551  -57.608  7.982 0.0000000000
13682  -9.868  -58.131  7.234 0.0000000000
13683  -10.695  -58.752  6.913 0.0000000000
13684  -15.282  -57.940  8.057 0.0000000000
13685  -16.039  -58.312  7.439 0.0000000000
13686  -17.014  -58.629  7.354 0.0000000000
13687  -17.791  -58.539  7.913 0.0000000000
13688  -18.513  -57.889  7.763 0.0000000000
13693  -10.507  -58.245  6.480 0.0000000000
13694  -11.540  -58.423  6.178 0.0000000000
13695  -12.557  -58.713  6.072 0.0000000000
13696  -13.088  -58.994  6.131 0.0000000000
13697  -16.184  -57.875  6.581 0.0000000000
13698  -16.786  -58.138  6.324 0.0000000000
13699  -17.572  -58.332  6.789 0.0000000000
13700  -18.217  -58.086  6.927 0.0000000000
13707  -11.810  -58.090  5.511 0.0000000000
13708  -12.440  -58.239  5.250 0.0000000000
13709  -13.430  -58.839  5.545 0.0000000000
13710  -14.015  -59.089  5.406 0.0000000000
13711  -17.193  -57.885  5.698 0.0000000000
13712  -17.605  -58.077  6.036 0.0000000000
13713  -17.969  -58.124  6.395 0.0000000000
13721  -12.634  -58.167  4.064 0.0000000000
13722  -13.413  -58.553  4.536 0.0000000000
13723  -14.096  -59.000  4.904 0.0000000000
13733  -12.619  -58.204  2.930 0.0000000000
13734  -13.338  -58.624  3.460 0.0000000000
13735  -14.098  -58.993  3.976 0.0000000000
13746  -12.695  -58.119  2.252 0.0000000000
13747  -13.224  -58.719  2.144 0.0000000000
13748  -13.863  -59.143  3.112 0.0000000000
13758  -13.424  -59.063  1.107 0.0000000000
13775  -13.561  -59.267  0.268 0.0000000000
14105  -17.619  -57.761  16.478 0.0000000000
14116  -11.023  -57.215  15.378 0.0000000000
14117  -11.699  -57.120  15.430 0.0000000000
14118  -12.132  -57.237  15.357 0.0000000000
14119  -17.518  -58.075  15.351 0.0000000000
14128  -10.556  -57.450  14.571 0.0000000000
14129  -11.368  -56.854  14.742 0.0000000000
14130  -12.161  -56.981  14.873 0.0000000000
14131  -17.507  -57.796  14.068 0.0000000000
14132  -17.632  -57.118  13.694 0.0000000000
14138  -10.433  -57.354  13.232 0.0000000000
14139  -11.024  -56.742  13.831 0.0000000000
14140  -12.090  -56.754  13.837 0.0000000000
14141  -17.472  -58.143  13.086 0.0000000000
14142  -17.545  -57.486  13.096 0.0000000000
14148  -10.414  -57.699  12.254 0.0000000000
14149  -12.452  -56.819  12.930 0.0000000000
14150  -17.520  -57.985  12.513 0.0000000000
14151  -17.670  -57.448  12.107 0.0000000000
14158  -10.470  -57.606  11.436 0.0000000000
14159  -12.593  -56.696  12.100 0.0000000000
14160  -12.883  -56.984  11.416 0.0000000000
14161  -17.881  -57.333  11.101 0.0000000000
14169  -10.435  -57.487  10.534 0.0000000000
14170  -12.488  -56.494  11.360 0.0000000000
14171  -12.839  -56.796  10.773 0.0000000000
14172  -18.075  -57.276  10.221 0.0000000000
14177  -10.233  -57.245  9.650 0.0000000000
14178  -13.333  -57.100  10.028 0.0000000000
14179  -13.917  -57.438  9.529 0.0000000000
14180  -18.419  -57.238  9.365 0.0000000000
14181  -18.703  -56.829  8.984 0.0000000000
14188  -9.562  -56.904  8.295 0.0000000000
14189  -9.889  -56.948  8.911 0.0000000000
14190  -13.678  -56.861  9.316 0.0000000000
14191  -14.364  -57.207  8.938 0.0000000000
14192  -18.686  -57.399  8.494 0.0000000000
14193  -19.007  -56.789  8.399 0.0000000000
14197  -9.486  -57.136  7.491 0.0000000000
14198  -9.676  -57.528  6.894 0.0000000000
14199  -14.903  -57.183  8.261 0.0000000000
14200  -15.270  -57.260  7.541 0.0000000000
14201  -18.925  -57.335  7.828 0.0000000000
14202  -19.310  -56.803  7.597 0.0000000000
14208  -9.466  -56.996  6.586 0.0000000000
14209  -9.980  -57.678  6.217 0.0000000000
14210  -10.743  -57.951  5.901 0.0000000000
14211  -15.716  -57.232  6.655 0.0000000000
14212  -16.225  -57.594  6.062 0.0000000000
14213  -18.898  -57.459  6.930 0.0000000000
14214  -19.455  -56.688  6.718 0.0000000000
14221  -9.396  -57.018  5.179 0.0000000000
14222  -10.383  -57.685  5.159 0.0000000000
14223  -11.340  -57.893  5.300 0.0000000000
14224  -11.883  -57.987  5.190 0.0000000000
14225  -16.032  -56.919  5.869 0.0000000000
14226  -16.797  -57.276  5.337 0.0000000000
14227  -17.685  -57.626  5.414 0.0000000000
14228  -18.387  -57.700  5.969 0.0000000000
14229  -19.108  -57.028  5.932 0.0000000000
14236  -9.163  -57.069  3.706 0.0000000000
14237  -10.015  -57.531  4.047 0.0000000000
14238  -11.067  -57.708  4.326 0.0000000000
14239  -11.889  -57.923  4.627 0.0000000000
14240  -17.222  -56.745  4.773 0.0000000000
14241  -17.677  -57.037  4.803 0.0000000000
14242  -18.398  -57.174  5.101 0.0000000000
14243  -18.794  -57.127  5.443 0.0000000000
14252  -9.006  -57.057  3.050 0.0000000000
14253  -9.760  -57.164  2.967 0.0000000000
14254  -10.950  -57.427  3.260 0.0000000000
14255  -11.895  -57.810  3.563 0.0000000000
14262  -10.161  -56.823  2.526 0.0000000000
14263  -10.902  -56.941  2.579 0.0000000000
14264  -12.270  -57.422  2.190 0.0000000000
14265  -12.789  -58.064  1.804 0.0000000000
14268  -12.816  -57.134  1.128 0.0000000000
14269  -13.095  -57.990  0.765 0.0000000000
14644  -17.903  -56.920  16.684 0.0000000000
14657  -17.693  -57.168  15.617 0.0000000000
14658  -18.075  -56.351  15.820 0.0000000000
14667  -17.587  -57.401  14.885 0.0000000000
14668  -17.825  -56.696  14.512 0.0000000000
14673  -10.904  -56.689  13.023 0.0000000000
14674  -11.541  -56.576  13.180 0.0000000000
14675  -12.042  -56.606  13.178 0.0000000000
14676  -17.870  -56.637  13.091 0.0000000000
14683  -10.642  -56.868  12.225 0.0000000000
14684  -11.283  -56.421  12.422 0.0000000000
14685  -11.980  -56.469  12.619 0.0000000000
14686  -17.994  -56.537  11.818 0.0000000000
14694  -10.575  -56.833  11.317 0.0000000000
14695  -10.947  -56.247  11.568 0.0000000000
14696  -11.832  -56.183  11.686 0.0000000000
14697  -18.095  -56.624  10.897 0.0000000000
14707  -10.612  -56.495  10.633 0.0000000000
14708  -11.267  -55.860  10.696 0.0000000000
14709  -12.219  -56.076  10.683 0.0000000000
14710  -12.789  -56.523  10.238 0.0000000000
14711  -18.278  -56.425  10.175 0.0000000000
14712  -18.479  -56.004  9.832 0.0000000000
14717  -10.503  -56.089  9.746 0.0000000000
14718  -11.206  -55.604  9.913 0.0000000000
14719  -12.502  -56.145  10.007 0.0000000000
14720  -13.054  -56.534  9.660 0.0000000000
14721  -18.508  -56.515  9.494 0.0000000000
14722  -18.807  -56.086  9.141 0.0000000000
14729  -9.417  -56.311  8.049 0.0000000000
14730  -9.920  -55.943  8.762 0.0000000000
14731  -12.728  -56.117  9.456 0.0000000000
14732  -13.312  -56.320  9.017 0.0000000000
14733  -13.938  -56.583  8.804 0.0000000000
14734  -19.370  -56.046  8.286 0.0000000000
14738  -9.360  -56.231  7.311 0.0000000000
14739  -13.775  -56.202  8.563 0.0000000000
14740  -14.409  -56.388  8.278 0.0000000000
14741  -14.943  -56.555  7.832 0.0000000000
14742  -19.758  -56.066  7.388 0.0000000000
14743  -20.013  -55.748  6.964 0.0000000000
14749  -9.153  -56.168  6.321 0.0000000000
14750  -14.824  -56.029  7.789 0.0000000000
14751  -15.236  -56.229  7.214 0.0000000000
14752  -19.826  -56.151  6.663 0.0000000000
14753  -20.049  -55.735  6.381 0.0000000000
14760  -8.808  -55.532  4.840 0.0000000000
14761  -8.827  -55.967  5.214 0.0000000000
14762  -15.728  -56.023  6.299 0.0000000000
14763  -16.273  -56.196  5.517 0.0000000000
14764  -19.661  -56.298  5.893 0.0000000000
14765  -20.035  -55.687  5.628 0.0000000000
14772  -8.728  -55.732  4.096 0.0000000000
14773  -8.868  -56.513  4.228 0.0000000000
14774  -16.825  -56.253  4.845 0.0000000000
14775  -17.552  -56.281  4.209 0.0000000000
14776  -18.391  -56.639  4.422 0.0000000000
14777  -19.233  -56.444  4.847 0.0000000000
14778  -19.736  -56.019  5.238 0.0000000000
14785  -8.588  -55.755  3.335 0.0000000000
14786  -8.646  -56.381  3.112 0.0000000000
14787  -9.158  -56.825  2.833 0.0000000000
14788  -17.885  -55.864  3.706 0.0000000000
14789  -18.399  -56.099  3.835 0.0000000000
14790  -18.876  -56.274  4.154 0.0000000000
14792  -8.983  -55.973  2.639 0.0000000000
14793  -9.601  -56.397  2.553 0.0000000000
14794  -10.729  -56.364  2.310 0.0000000000
14795  -11.754  -56.430  2.024 0.0000000000
14798  -12.606  -56.488  1.298 0.0000000000
14799  -12.914  -56.794  0.336 0.0000000000
15232  -11.781  -55.702  10.155 0.0000000000
15233  -12.158  -55.870  10.188 0.0000000000
15243  -10.819  -55.389  9.278 0.0000000000
15244  -11.684  -55.494  9.494 0.0000000000
15245  -12.218  -55.814  9.731 0.0000000000
15252  -9.570  -55.477  8.009 0.0000000000
15253  -10.448  -55.093  8.487 0.0000000000
15254  -11.533  -55.167  8.729 0.0000000000
15255  -12.608  -55.731  8.884 0.0000000000
15256  -13.360  -56.007  8.626 0.0000000000
15264  -9.383  -55.388  7.111 0.0000000000
15265  -10.201  -54.767  7.492 0.0000000000
15266  -11.256  -54.804  7.990 0.0000000000
15267  -12.458  -55.103  7.921 0.0000000000
15268  -13.662  -55.723  8.126 0.0000000000
15269  -14.441  -55.887  7.891 0.0000000000
15277  -9.232  -55.357  6.166 0.0000000000
15278  -9.634  -54.863  6.730 0.0000000000
15279  -12.809  -54.937  7.483 0.0000000000
15280  -13.364  -55.071  7.468 0.0000000000
15281  -14.540  -55.460  7.348 0.0000000000
15282  -15.332  -55.396  6.721 0.0000000000
15291  -8.862  -55.223  4.643 0.0000000000
15292  -9.041  -55.103  5.275 0.0000000000
15293  -15.687  -55.170  6.255 0.0000000000
15294  -16.028  -55.288  5.793 0.0000000000
15295  -20.367  -55.124  5.532 0.0000000000
15302  -8.876  -55.001  4.171 0.0000000000
15303  -16.403  -55.381  5.105 0.0000000000
15304  -16.886  -55.452  4.407 0.0000000000
15305  -19.513  -55.886  4.399 0.0000000000
15306  -19.970  -55.505  4.672 0.0000000000
15312  -8.652  -55.115  3.496 0.0000000000
15313  -8.448  -55.596  3.063 0.0000000000
15314  -17.421  -55.418  3.816 0.0000000000
15315  -18.197  -55.334  3.407 0.0000000000
15316  -19.288  -55.592  3.753 0.0000000000
15317  -20.031  -54.983  3.805 0.0000000000
15320  -8.479  -54.993  3.033 0.0000000000
15321  -8.740  -55.362  2.771 0.0000000000
15322  -9.509  -55.385  2.474 0.0000000000
15323  -10.710  -55.426  2.287 0.0000000000
15324  -11.483  -55.791  2.039 0.0000000000
15325  -18.836  -54.997  3.036 0.0000000000
15326  -19.360  -54.794  2.974 0.0000000000
15329  -11.742  -55.113  1.917 0.0000000000
15330  -12.325  -55.539  1.518 0.0000000000
15815  -10.706  -54.581  6.993 0.0000000000
15816  -11.263  -54.671  7.302 0.0000000000
15817  -11.855  -54.817  7.574 0.0000000000
15824  -9.641  -54.769  5.890 0.0000000000
15825  -10.324  -54.548  6.427 0.0000000000
15826  -11.316  -54.544  6.515 0.0000000000
15827  -12.523  -54.758  6.992 0.0000000000
15828  -13.932  -54.765  6.750 0.0000000000
15829  -14.972  -54.829  6.536 0.0000000000
15830  -15.461  -54.936  6.364 0.0000000000
15839  -9.060  -54.669  4.646 0.0000000000
15840  -9.545  -54.316  4.966 0.0000000000
15841  -10.123  -54.226  5.464 0.0000000000
15842  -11.088  -54.130  5.430 0.0000000000
15843  -12.261  -54.477  5.822 0.0000000000
15844  -13.399  -54.489  6.031 0.0000000000
15845  -14.506  -54.301  5.874 0.0000000000
15846  -15.617  -54.478  5.729 0.0000000000
15847  -16.099  -54.837  5.361 0.0000000000
15848  -20.668  -54.650  5.051 0.0000000000
15854  -8.783  -54.128  4.106 0.0000000000
15855  -9.182  -54.132  4.568 0.0000000000
15856  -11.501  -53.772  4.810 0.0000000000
15857  -12.149  -54.074  4.969 0.0000000000
15858  -13.177  -54.206  5.276 0.0000000000
15859  -13.868  -54.194  5.570 0.0000000000
15860  -15.867  -54.059  5.017 0.0000000000
15861  -16.395  -54.391  4.607 0.0000000000
15862  -16.941  -54.919  4.062 0.0000000000
15863  -20.504  -54.602  4.156 0.0000000000
15864  -21.058  -54.042  4.454 0.0000000000
15866  -8.686  -54.240  3.324 0.0000000000
15867  -16.720  -53.806  3.895 0.0000000000
15868  -17.316  -54.396  3.633 0.0000000000
15869  -18.267  -54.386  3.018 0.0000000000
15870  -19.897  -54.682  3.147 0.0000000000
15871  -20.433  -54.379  3.396 0.0000000000
15872  -20.925  -53.988  3.598 0.0000000000
15874  -8.747  -54.338  2.896 0.0000000000
15875  -9.321  -54.391  2.581 0.0000000000
15876  -10.427  -54.342  2.423 0.0000000000
15877  -11.548  -54.307  2.035 0.0000000000
15878  -18.954  -54.363  2.587 0.0000000000
15879  -19.667  -54.154  2.454 0.0000000000
15880  -20.439  -53.963  2.636 0.0000000000
15881  -20.769  -53.941  3.078 0.0000000000
15884  -12.283  -54.473  1.528 0.0000000000
15890  -19.761  -53.853  2.165 0.0000000000
15891  -20.018  -53.870  2.150 0.0000000000
16387  -9.599  -53.865  4.737 0.0000000000
16388  -9.857  -53.806  4.859 0.0000000000
16389  -10.386  -53.753  4.951 0.0000000000
16390  -14.628  -54.022  5.520 0.0000000000
16391  -14.954  -53.992  5.522 0.0000000000
16395  -8.803  -53.229  4.170 0.0000000000
16396  -9.302  -53.421  4.549 0.0000000000
16397  -9.991  -53.063  4.744 0.0000000000
16398  -10.944  -53.214  4.571 0.0000000000
16399  -11.957  -53.519  4.380 0.0000000000
16400  -13.011  -53.736  4.500 0.0000000000
16401  -14.296  -53.817  5.076 0.0000000000
16402  -15.435  -53.707  4.997 0.0000000000
16403  -16.013  -53.694  4.616 0.0000000000
16407  -8.685  -53.220  3.710 0.0000000000
16408  -11.687  -52.857  4.046 0.0000000000
16409  -12.607  -53.036  3.856 0.0000000000
16410  -13.810  -53.161  3.990 0.0000000000
16411  -14.970  -53.150  4.238 0.0000000000
16412  -15.819  -53.183  4.173 0.0000000000
16413  -16.379  -53.333  3.918 0.0000000000
16414  -17.148  -53.247  3.505 0.0000000000
16415  -17.782  -53.679  3.129 0.0000000000
16416  -21.483  -53.456  3.847 0.0000000000
16417  -21.942  -52.790  3.352 0.0000000000
16419  -8.746  -53.287  3.109 0.0000000000
16420  -9.161  -53.317  2.681 0.0000000000
16421  -10.172  -53.236  2.461 0.0000000000
16422  -11.370  -53.077  1.996 0.0000000000
16423  -17.676  -53.027  2.948 0.0000000000
16424  -18.497  -53.417  2.503 0.0000000000
16425  -19.164  -53.901  2.291 0.0000000000
16426  -20.824  -53.599  2.322 0.0000000000
16427  -21.283  -53.406  2.678 0.0000000000
16428  -21.946  -52.648  2.591 0.0000000000
16437  -18.871  -52.774  2.006 0.0000000000
16438  -19.552  -53.448  1.946 0.0000000000
16439  -20.494  -53.484  1.951 0.0000000000
16440  -20.990  -53.407  2.087 0.0000000000
16913  -8.794  -52.239  4.156 0.0000000000
16914  -9.438  -52.200  4.487 0.0000000000
16915  -10.251  -52.195  4.494 0.0000000000
16916  -11.106  -52.170  4.158 0.0000000000
16919  -8.696  -52.162  3.413 0.0000000000
16920  -12.040  -52.165  3.661 0.0000000000
16921  -13.249  -52.233  3.488 0.0000000000
16922  -14.514  -52.309  3.605 0.0000000000
16923  -15.586  -52.401  3.782 0.0000000000
16924  -16.337  -52.500  3.694 0.0000000000
16925  -16.875  -52.511  3.492 0.0000000000
16926  -17.352  -52.418  3.139 0.0000000000
16930  -8.951  -52.166  2.727 0.0000000000
16931  -9.797  -52.207  2.341 0.0000000000
16932  -10.919  -52.126  1.711 0.0000000000
16933  -11.410  -52.446  1.521 0.0000000000
16934  -17.912  -52.482  2.660 0.0000000000
16935  -18.421  -52.562  2.298 0.0000000000
16936  -21.749  -52.679  2.026 0.0000000000
16937  -22.268  -52.168  2.048 0.0000000000
16940  -11.223  -51.708  1.069 0.0000000000
16946  -18.610  -52.196  1.950 0.0000000000
16947  -19.298  -52.197  1.491 0.0000000000
16948  -20.236  -52.799  1.289 0.0000000000
16949  -21.205  -52.889  1.528 0.0000000000
16950  -22.022  -52.285  1.304 0.0000000000
16958  -19.580  -51.637  1.133 0.0000000000
16959  -20.024  -51.924  0.913 0.0000000000
16960  -20.835  -52.182  0.656 0.0000000000
16961  -21.607  -52.152  0.676 0.0000000000
16968  -21.268  -51.888  0.195 0.0000000000
16969  -21.727  -51.796  0.018 0.0000000000
17480  -8.763  -51.526  4.150 0.0000000000
17481  -8.949  -51.280  4.294 0.0000000000
17482  -9.721  -51.214  4.374 0.0000000000
17483  -10.532  -51.484  4.244 0.0000000000
17488  -8.675  -51.148  3.832 0.0000000000
17489  -8.838  -50.830  4.124 0.0000000000
17490  -10.393  -50.774  4.058 0.0000000000
17491  -11.320  -51.171  3.793 0.0000000000
17492  -12.557  -51.303  3.347 0.0000000000
17493  -13.962  -51.174  3.140 0.0000000000
17494  -15.258  -51.537  3.412 0.0000000000
17495  -16.214  -51.736  3.529 0.0000000000
17496  -16.892  -51.894  3.423 0.0000000000
17497  -17.163  -52.047  3.257 0.0000000000
17502  -8.579  -50.949  2.867 0.0000000000
17503  -9.483  -50.959  1.977 0.0000000000
17504  -10.253  -51.543  1.813 0.0000000000
17505  -14.357  -50.500  2.863 0.0000000000
17506  -15.012  -50.731  3.047 0.0000000000
17507  -15.976  -50.977  3.269 0.0000000000
17508  -16.791  -51.265  3.223 0.0000000000
17509  -17.510  -51.585  2.751 0.0000000000
17510  -18.170  -52.028  2.311 0.0000000000
17515  -10.025  -50.256  1.376 0.0000000000
17516  -10.730  -50.963  1.045 0.0000000000
17518  -17.896  -51.016  2.089 0.0000000000
17519  -18.437  -51.445  1.820 0.0000000000
17520  -19.188  -51.272  1.260 0.0000000000
17521  -22.595  -51.659  1.316 0.0000000000
17531  -19.703  -51.254  0.776 0.0000000000
17532  -20.382  -51.392  0.223 0.0000000000
17533  -20.908  -51.749  0.136 0.0000000000
17534  -22.317  -51.725  0.426 0.0000000000
17535  -22.946  -51.137  0.541 0.0000000000
17542  -20.519  -51.100  -0.178 0.0000000000
17543  -21.029  -51.356  -0.387 0.0000000000
17544  -22.086  -51.319  -0.484 0.0000000000
17545  -22.713  -51.169  -0.129 0.0000000000
17551  -21.085  -50.923  -0.823 0.0000000000
17552  -21.492  -50.968  -0.862 0.0000000000
18099  -8.946  -50.633  4.136 0.0000000000
18100  -9.173  -50.688  4.209 0.0000000000
18105  -8.640  -50.154  3.251 0.0000000000
18106  -8.965  -50.222  3.834 0.0000000000
18107  -9.715  -50.126  3.923 0.0000000000
18108  -10.829  -49.932  3.656 0.0000000000
18109  -11.953  -50.390  3.273 0.0000000000
18110  -12.928  -50.580  2.975 0.0000000000
18113  -8.615  -50.041  2.803 0.0000000000
18114  -8.901  -49.974  2.368 0.0000000000
18115  -11.627  -49.516  3.136 0.0000000000
18116  -12.560  -49.742  2.787 0.0000000000
18117  -13.693  -50.110  2.647 0.0000000000
18118  -14.709  -50.034  2.479 0.0000000000
18119  -15.683  -50.362  2.727 0.0000000000
18120  -16.591  -50.688  2.821 0.0000000000
18121  -17.132  -50.981  2.864 0.0000000000
18124  -9.552  -49.489  1.499 0.0000000000
18125  -10.197  -49.654  0.796 0.0000000000
18126  -14.887  -49.697  2.216 0.0000000000
18127  -15.347  -49.793  2.204 0.0000000000
18128  -16.333  -50.046  2.239 0.0000000000
18129  -17.367  -50.550  2.213 0.0000000000
18130  -18.326  -50.541  1.509 0.0000000000
18131  -18.792  -50.889  1.365 0.0000000000
18134  -10.875  -49.847  0.346 0.0000000000
18139  -18.555  -50.184  0.995 0.0000000000
18140  -19.170  -50.477  0.747 0.0000000000
18141  -19.848  -50.895  0.364 0.0000000000
18147  -19.404  -50.082  0.169 0.0000000000
18148  -20.141  -50.504  -0.287 0.0000000000
18149  -20.809  -50.819  -0.697 0.0000000000
18150  -22.689  -50.859  -0.689 0.0000000000
18151  -23.222  -50.549  -0.325 0.0000000000
18158  -20.451  -49.897  -0.891 0.0000000000
18159  -21.000  -50.416  -1.119 0.0000000000
18160  -22.126  -50.598  -1.207 0.0000000000
18161  -22.990  -50.392  -1.133 0.0000000000
18796  -8.692  -49.536  2.853 0.0000000000
18797  -8.813  -49.113  3.206 0.0000000000
18798  -9.275  -49.115  3.636 0.0000000000
18799  -10.017  -48.919  3.791 0.0000000000
18802  -8.777  -49.602  2.623 0.0000000000
18803  -9.011  -48.826  2.228 0.0000000000
18804  -10.942  -48.734  3.315 0.0000000000
18805  -11.978  -48.735  2.702 0.0000000000
18806  -13.290  -48.973  2.238 0.0000000000
18807  -14.066  -49.613  2.300 0.0000000000
18811  -9.334  -48.154  0.629 0.0000000000
18812  -9.730  -48.938  0.619 0.0000000000
18813  -13.865  -48.478  1.713 0.0000000000
18814  -14.608  -49.259  1.931 0.0000000000
18815  -15.856  -49.261  1.559 0.0000000000
18816  -17.015  -49.685  1.648 0.0000000000
18817  -17.897  -49.952  1.407 0.0000000000
18818  -18.311  -50.080  1.132 0.0000000000
18822  -9.467  -47.617  -0.450 0.0000000000
18823  -10.223  -48.550  -0.241 0.0000000000
18828  -16.175  -48.832  1.063 0.0000000000
18829  -16.797  -49.069  1.153 0.0000000000
18830  -17.625  -49.363  1.054 0.0000000000
18831  -18.498  -49.619  0.648 0.0000000000
18832  -19.094  -49.895  0.373 0.0000000000
18839  -18.749  -49.110  -0.001 0.0000000000
18840  -19.302  -49.510  -0.133 0.0000000000
18841  -20.003  -49.411  -0.726 0.0000000000
18849  -20.672  -49.324  -1.392 0.0000000000
18850  -21.633  -49.765  -1.712 0.0000000000
18851  -22.660  -49.829  -1.701 0.0000000000
18852  -23.639  -49.480  -1.190 0.0000000000
18859  -21.268  -48.994  -2.072 0.0000000000
18860  -22.130  -49.126  -2.251 0.0000000000
18861  -23.079  -49.106  -2.112 0.0000000000
18862  -23.530  -48.898  -1.869 0.0000000000
19547  -8.984  -48.467  3.406 0.0000000000
19548  -9.420  -48.171  3.493 0.0000000000
19549  -10.205  -48.060  3.365 0.0000000000
19553  -8.957  -47.865  2.794 0.0000000000
19554  -9.805  -47.491  2.834 0.0000000000
19555  -11.084  -47.674  2.471 0.0000000000
19556  -12.403  -47.921  2.022 0.0000000000
19557  -13.245  -48.022  1.760 0.0000000000
19561  -9.057  -47.183  1.415 0.0000000000
19562  -12.093  -47.065  1.679 0.0000000000
19563  -12.963  -47.236  1.398 0.0000000000
19564  -13.809  -47.724  1.256 0.0000000000
19565  -14.529  -48.425  1.367 0.0000000000
19566  -15.104  -48.840  1.429 0.0000000000
19569  -9.640  -46.911  0.073 0.0000000000
19570  -10.545  -47.157  -0.608 0.0000000000
19573  -14.080  -47.601  0.967 0.0000000000
19574  -14.462  -47.882  0.935 0.0000000000
19575  -15.490  -48.373  0.806 0.0000000000
19576  -16.562  -48.614  0.675 0.0000000000
19577  -17.406  -48.845  0.655 0.0000000000
19578  -17.950  -49.115  0.633 0.0000000000
19585  -15.806  -48.020  0.228 0.0000000000
19586  -16.313  -48.166  0.188 0.0000000000
19587  -17.190  -48.331  0.156 0.0000000000
19588  -18.162  -48.685  0.095 0.0000000000
19589  -19.070  -48.597  -0.523 0.0000000000
19590  -19.553  -48.970  -0.625 0.0000000000
19598  -19.288  -48.193  -1.034 0.0000000000
19599  -19.837  -48.488  -1.139 0.0000000000
19600  -23.831  -48.671  -1.797 0.0000000000
19608  -20.630  -48.335  -1.912 0.0000000000
19609  -21.527  -48.165  -2.611 0.0000000000
19610  -22.596  -48.456  -2.676 0.0000000000
19611  -23.514  -48.316  -2.442 0.0000000000
19612  -24.102  -48.172  -2.134 0.0000000000
19619  -21.689  -47.619  -3.054 0.0000000000
19620  -22.207  -47.756  -3.135 0.0000000000
19621  -22.975  -47.836  -3.064 0.0000000000
20323  -9.447  -47.053  2.188 0.0000000000
20324  -10.312  -46.903  2.015 0.0000000000
20325  -11.364  -46.797  1.593 0.0000000000
20328  -9.818  -46.710  1.507 0.0000000000
20329  -10.835  -46.495  1.050 0.0000000000
20330  -12.722  -46.194  0.500 0.0000000000
20331  -13.650  -46.982  0.715 0.0000000000
20332  -13.951  -47.363  0.852 0.0000000000
20336  -9.969  -46.476  0.751 0.0000000000
20337  -11.361  -46.201  -0.271 0.0000000000
20338  -14.154  -47.071  0.437 0.0000000000
20339  -14.304  -47.449  0.679 0.0000000000
20340  -14.879  -47.661  0.412 0.0000000000
20341  -15.466  -47.806  0.161 0.0000000000
20345  -15.293  -47.161  -0.359 0.0000000000
20346  -16.018  -47.727  -0.289 0.0000000000
20347  -16.888  -47.797  -0.407 0.0000000000
20348  -17.732  -47.971  -0.392 0.0000000000
20349  -18.463  -48.076  -0.628 0.0000000000
20350  -18.955  -48.030  -0.970 0.0000000000
20354  -16.628  -46.954  -1.118 0.0000000000
20355  -17.464  -47.455  -0.847 0.0000000000
20356  -18.070  -47.593  -0.868 0.0000000000
20357  -18.605  -47.573  -1.125 0.0000000000
20358  -19.285  -47.626  -1.420 0.0000000000
20359  -20.017  -47.767  -1.765 0.0000000000
20368  -19.706  -47.173  -2.039 0.0000000000
20369  -20.555  -47.284  -2.489 0.0000000000
20370  -21.296  -47.404  -2.962 0.0000000000
20371  -23.999  -47.804  -2.532 0.0000000000
20380  -21.043  -46.768  -3.181 0.0000000000
20381  -21.772  -46.948  -3.369 0.0000000000
20382  -22.659  -46.982  -3.421 0.0000000000
20383  -23.636  -47.203  -3.121 0.0000000000
20384  -24.136  -46.759  -3.091 0.0000000000
21087  -14.338  -45.224  -0.627 0.0000000000
21088  -14.601  -46.367  -0.387 0.0000000000
21092  -14.574  -47.164  0.165 0.0000000000
21098  -17.916  -46.890  -1.380 0.0000000000
21099  -18.729  -47.180  -1.456 0.0000000000
21105  -17.250  -46.299  -1.582 0.0000000000
21106  -18.035  -45.585  -1.944 0.0000000000
21107  -18.966  -46.621  -1.888 0.0000000000
21108  -19.790  -46.384  -2.469 0.0000000000
21118  -20.450  -46.135  -3.100 0.0000000000
21119  -21.250  -45.758  -3.834 0.0000000000
21120  -22.178  -46.047  -3.987 0.0000000000
21121  -23.016  -45.933  -3.968 0.0000000000
21122  -23.717  -46.061  -3.525 0.0000000000
21138  -21.375  -45.006  -4.469 0.0000000000
21139  -21.818  -45.149  -4.584 0.0000000000
21140  -22.446  -45.243  -4.593 0.0000000000
21851  -19.180  -45.472  -2.381 0.0000000000
21852  -19.864  -45.512  -2.885 0.0000000000
21862  -19.543  -44.705  -2.870 0.0000000000
21863  -20.307  -44.827  -3.618 0.0000000000
21864  -20.990  -44.821  -4.324 0.0000000000
21865  -23.423  -45.424  -4.202 0.0000000000
21879  -20.696  -44.161  -4.455 0.0000000000
21880  -21.388  -44.152  -4.866 0.0000000000
21881  -22.169  -44.460  -5.089 0.0000000000
21882  -22.945  -44.698  -4.900 0.0000000000
22609  -18.664  -44.247  -2.423 0.0000000000
22610  -19.509  -43.813  -3.259 0.0000000000
22623  -20.133  -43.681  -4.120 0.0000000000
22624  -20.743  -43.380  -4.744 0.0000000000
22635  -20.949  -43.264  -5.130 0.0000000000
23351  -19.614  -43.212  -3.710 0.0000000000
23358  -18.355  -43.138  -3.285 0.0000000000
23359  -20.073  -43.037  -4.456 0.0000000000
23360  -20.694  -42.993  -4.897 0.0000000000
23371  -19.673  -42.723  -4.868 0.0000000000
23372  -20.567  -42.831  -5.013 0.0000000000
24104  -16.957  -43.528  -2.083 0.0000000000
24113  -16.244  -43.320  -2.685 0.0000000000
103923  -8.177  -68.545  -10.744 0.0000000000
103924  -8.651  -68.352  -9.613 0.0000000000
103925  -8.531  -68.774  -8.622 0.0000000000
103926  -8.810  -68.728  -7.171 0.0000000000
103927  -9.778  -68.084  -8.975 0.0000000000
103928  -9.189  -69.137  -6.593 0.0000000000
103929  -9.497  -69.004  -5.944 0.0000000000
103930  -9.012  -68.598  -6.301 0.0000000000
103931  -8.993  -68.154  -6.401 0.0000000000
103932  -10.312  -68.135  -8.070 0.0000000000
103933  -10.182  -67.500  -3.802 0.0000000000
103934  -9.588  -68.289  -5.288 0.0000000000
103935  -10.100  -66.781  -5.528 0.0000000000
103936  -9.704  -66.776  -5.447 0.0000000000
103937  -9.875  -66.255  -5.752 0.0000000000
103938  -10.722  -68.079  -7.686 0.0000000000
103939  -10.718  -67.848  -6.784 0.0000000000
103941  -10.595  -67.240  -5.811 0.0000000000
103943  -9.760  -66.087  -5.916 0.0000000000
103967  -13.700  -61.312  -0.142 0.0000000000
103969  -13.654  -61.861  -0.051 0.0000000000
103972  -13.996  -61.614  0.720 0.0000000000
103973  -14.309  -61.243  1.670 0.0000000000
103975  -14.151  -60.791  1.086 0.0000000000
103977  -13.817  -60.425  0.368 0.0000000000
104242  -11.624  -46.694  -1.008 0.0000000000
104243  -13.640  -44.982  -0.696 0.0000000000
104244  -12.815  -45.372  -1.023 0.0000000000
104245  -12.581  -45.527  -0.288 0.0000000000
104246  -14.804  -44.816  -1.028 0.0000000000
104247  -15.199  -44.333  -1.470 0.0000000000
104249  -14.298  -44.689  -2.107 0.0000000000
104250  -15.550  -46.531  -0.889 0.0000000000
104252  -15.154  -43.690  -2.283 0.0000000000
104253  -15.136  -46.682  -0.516 0.0000000000
104257  -17.277  -46.714  -1.379 0.0000000000
104258  -14.996  -45.143  -1.059 0.0000000000
104259  -16.399  -45.293  -1.668 0.0000000000
104260  -17.718  -44.590  -2.087 0.0000000000
104261  -17.673  -43.780  -2.222 0.0000000000
104262  -17.738  -43.198  -2.348 0.0000000000
104263  -15.357  -43.584  -3.066 0.0000000000
