#!ascii label  , from subject FREESURFER vox2ras=TkReg 
863
5163  0.940  -65.078  3.868 0.0000000000
5173  1.383  -64.627  3.675 0.0000000000
5174  0.706  -64.635  3.274 0.0000000000
5175  0.065  -64.616  2.811 0.0000000000
5184  1.098  -64.415  3.101 0.0000000000
5185  0.496  -64.361  2.334 0.0000000000
5186  -0.576  -64.691  2.036 0.0000000000
5187  -1.272  -64.584  1.758 0.0000000000
5199  -0.327  -64.392  0.982 0.0000000000
5200  -1.215  -64.691  1.044 0.0000000000
5201  -1.636  -64.470  1.277 0.0000000000
5215  -0.673  -64.068  0.195 0.0000000000
5216  -1.258  -64.573  -0.026 0.0000000000
5217  -1.831  -64.506  0.433 0.0000000000
5233  -1.824  -64.574  -0.460 0.0000000000
5234  -1.894  -64.693  -0.127 0.0000000000
5748  0.322  -64.371  4.142 0.0000000000
5749  -0.604  -63.603  4.873 0.0000000000
5750  -1.566  -62.946  5.739 0.0000000000
5763  1.475  -64.104  3.470 0.0000000000
5764  0.161  -64.518  3.340 0.0000000000
5765  -0.601  -64.251  3.234 0.0000000000
5766  -1.176  -63.142  4.169 0.0000000000
5774  1.208  -63.802  2.898 0.0000000000
5775  0.819  -63.804  2.314 0.0000000000
5776  -1.046  -64.460  2.284 0.0000000000
5777  -1.586  -64.098  2.303 0.0000000000
5788  1.004  -63.305  2.429 0.0000000000
5789  0.493  -63.506  1.644 0.0000000000
5790  -1.976  -64.149  1.031 0.0000000000
5806  -0.337  -63.432  0.627 0.0000000000
5807  -1.090  -63.585  -0.168 0.0000000000
5808  -2.133  -64.215  0.389 0.0000000000
5827  -1.700  -64.065  -0.506 0.0000000000
5828  -2.142  -64.290  -0.158 0.0000000000
6320  -2.348  -62.334  6.467 0.0000000000
6321  -2.712  -61.655  6.886 0.0000000000
6337  -1.991  -62.327  5.489 0.0000000000
6338  -2.682  -61.752  6.116 0.0000000000
6353  -0.964  -62.283  4.312 0.0000000000
6354  -1.314  -62.419  4.656 0.0000000000
6366  -0.916  -62.360  3.329 0.0000000000
6367  -1.398  -63.118  2.892 0.0000000000
6378  0.997  -62.522  2.220 0.0000000000
6379  0.241  -62.292  1.338 0.0000000000
6380  -1.744  -62.607  1.499 0.0000000000
6381  -1.954  -63.559  1.605 0.0000000000
6395  -0.710  -62.605  0.408 0.0000000000
6396  -1.684  -62.827  -0.029 0.0000000000
6397  -2.195  -63.618  0.490 0.0000000000
6415  -1.643  -63.497  -0.468 0.0000000000
6416  -2.082  -63.611  -0.394 0.0000000000
6871  -2.870  -61.116  7.197 0.0000000000
6886  -2.952  -61.224  6.479 0.0000000000
6901  -2.147  -61.241  5.200 0.0000000000
6902  -2.408  -61.534  5.516 0.0000000000
6903  -2.865  -61.360  5.993 0.0000000000
6918  -0.356  -61.110  4.381 0.0000000000
6919  -1.083  -61.656  4.731 0.0000000000
6920  -1.819  -61.732  5.113 0.0000000000
6933  0.161  -60.932  3.680 0.0000000000
6934  -0.310  -61.585  3.356 0.0000000000
6947  1.234  -61.324  2.267 0.0000000000
6948  0.301  -60.998  2.248 0.0000000000
6949  -0.803  -61.771  1.897 0.0000000000
6965  -0.459  -61.846  1.145 0.0000000000
6966  -1.194  -62.045  0.736 0.0000000000
7480  -2.728  -60.491  7.393 0.0000000000
7498  -3.013  -60.585  6.669 0.0000000000
7511  -2.129  -60.610  5.118 0.0000000000
7512  -2.718  -60.707  5.468 0.0000000000
7513  -2.969  -60.924  5.982 0.0000000000
7529  -0.143  -60.361  4.530 0.0000000000
7530  -1.122  -60.537  4.920 0.0000000000
7545  0.550  -60.182  3.621 0.0000000000
7561  1.424  -60.012  2.084 0.0000000000
7562  0.995  -59.767  2.634 0.0000000000
7576  1.752  -59.294  1.489 0.0000000000
8095  -2.492  -59.936  7.471 0.0000000000
8114  -2.289  -59.315  7.147 0.0000000000
8115  -2.847  -59.701  6.750 0.0000000000
8128  -2.103  -59.642  4.920 0.0000000000
8129  -2.828  -59.863  5.262 0.0000000000
8130  -3.017  -60.122  5.951 0.0000000000
8146  -0.006  -59.401  4.630 0.0000000000
8147  -0.953  -59.717  4.934 0.0000000000
8163  1.381  -58.703  3.153 0.0000000000
8164  0.844  -59.151  3.674 0.0000000000
8180  1.526  -58.818  1.988 0.0000000000
8181  1.293  -59.220  2.829 0.0000000000
8199  1.488  -58.798  0.642 0.0000000000
8215  1.638  -58.392  0.078 0.0000000000
8754  -1.873  -58.470  6.743 0.0000000000
8755  -2.579  -58.664  6.423 0.0000000000
8769  -2.397  -58.970  4.739 0.0000000000
8770  -2.808  -59.068  4.944 0.0000000000
8771  -2.945  -58.960  5.667 0.0000000000
8788  -0.085  -58.373  4.391 0.0000000000
8789  -1.500  -58.708  4.654 0.0000000000
8790  -2.589  -58.495  4.540 0.0000000000
8791  -2.891  -58.466  4.944 0.0000000000
8813  1.552  -57.873  3.117 0.0000000000
8814  0.834  -58.114  3.809 0.0000000000
8839  1.683  -57.463  2.112 0.0000000000
8863  1.247  -57.704  0.594 0.0000000000
8879  1.904  -57.965  -0.408 0.0000000000
8880  1.316  -58.032  -0.111 0.0000000000
9452  -1.329  -57.472  6.517 0.0000000000
9453  -2.312  -57.707  6.313 0.0000000000
9454  -2.733  -57.940  5.828 0.0000000000
9464  -2.885  -58.082  5.212 0.0000000000
9473  -0.044  -57.587  4.058 0.0000000000
9474  -1.157  -57.762  3.988 0.0000000000
9475  -2.233  -57.941  3.950 0.0000000000
9476  -2.762  -57.823  4.518 0.0000000000
9489  1.489  -56.966  3.039 0.0000000000
9490  0.675  -57.050  3.644 0.0000000000
9491  -0.749  -57.026  3.580 0.0000000000
9492  -1.863  -57.224  3.490 0.0000000000
9493  -2.515  -57.308  3.897 0.0000000000
9513  1.505  -56.546  2.416 0.0000000000
9535  1.457  -56.659  1.314 0.0000000000
10090  -0.596  -56.400  6.331 0.0000000000
10091  -1.883  -56.833  6.225 0.0000000000
10092  -2.551  -57.199  5.920 0.0000000000
10104  -1.370  -56.111  5.993 0.0000000000
10105  -2.113  -56.560  5.461 0.0000000000
10106  -2.723  -57.343  5.131 0.0000000000
10115  -2.420  -56.744  4.443 0.0000000000
10116  -2.645  -57.249  4.347 0.0000000000
10127  1.019  -55.995  3.163 0.0000000000
10128  -0.256  -56.150  3.448 0.0000000000
10129  -1.431  -56.433  3.397 0.0000000000
10130  -2.214  -56.705  3.715 0.0000000000
10131  -2.597  -56.983  4.001 0.0000000000
10149  1.347  -55.627  1.995 0.0000000000
10164  1.234  -55.848  0.751 0.0000000000
10174  0.918  -56.549  -0.058 0.0000000000
10695  2.703  -55.469  6.432 0.0000000000
10696  1.621  -55.439  6.473 0.0000000000
10697  0.490  -55.437  6.355 0.0000000000
10698  -0.469  -55.488  6.014 0.0000000000
10705  -1.208  -55.609  5.305 0.0000000000
10706  -1.884  -56.159  4.671 0.0000000000
10714  -1.429  -55.503  4.202 0.0000000000
10715  -2.025  -56.240  4.046 0.0000000000
10729  0.797  -55.180  2.665 0.0000000000
10730  -0.014  -55.160  3.120 0.0000000000
10731  -1.087  -55.443  3.404 0.0000000000
10732  -1.730  -56.070  3.647 0.0000000000
10749  1.003  -54.434  2.047 0.0000000000
10750  0.370  -54.628  2.689 0.0000000000
10758  1.062  -54.908  0.886 0.0000000000
10766  0.450  -55.517  -0.328 0.0000000000
10767  -0.263  -55.869  -1.242 0.0000000000
10773  0.226  -56.300  -0.746 0.0000000000
11294  3.861  -54.526  7.350 0.0000000000
11301  3.958  -55.085  7.008 0.0000000000
11302  3.356  -54.630  6.803 0.0000000000
11303  2.355  -54.542  6.621 0.0000000000
11304  1.335  -54.502  6.531 0.0000000000
11305  0.378  -54.521  6.166 0.0000000000
11306  -0.401  -54.851  5.676 0.0000000000
11312  -0.050  -54.191  5.716 0.0000000000
11313  -0.634  -54.541  4.943 0.0000000000
11323  -1.030  -54.508  3.945 0.0000000000
11338  -0.247  -54.428  2.875 0.0000000000
11339  -0.880  -54.412  3.205 0.0000000000
11351  0.764  -53.351  1.683 0.0000000000
11352  0.148  -53.834  2.525 0.0000000000
11353  -0.706  -53.928  2.846 0.0000000000
11360  0.869  -53.854  0.831 0.0000000000
11368  0.375  -54.353  -0.179 0.0000000000
11369  -0.557  -54.717  -0.847 0.0000000000
11915  3.977  -53.839  8.322 0.0000000000
11926  4.055  -54.284  7.842 0.0000000000
11927  3.588  -53.714  7.523 0.0000000000
11928  2.906  -53.237  7.224 0.0000000000
11934  2.932  -53.856  6.862 0.0000000000
11935  2.128  -53.537  6.781 0.0000000000
11936  1.133  -53.635  6.592 0.0000000000
11937  0.432  -53.546  6.177 0.0000000000
11947  -0.199  -53.561  5.547 0.0000000000
11948  -0.738  -53.620  4.656 0.0000000000
11961  -1.241  -53.615  3.766 0.0000000000
11962  -1.611  -53.177  3.415 0.0000000000
11974  -1.364  -53.583  2.976 0.0000000000
11975  -1.846  -53.005  3.022 0.0000000000
11984  0.771  -52.409  1.305 0.0000000000
11985  0.236  -52.824  2.189 0.0000000000
11986  -0.914  -53.242  2.555 0.0000000000
11987  -1.566  -53.156  2.725 0.0000000000
11993  0.754  -52.896  0.560 0.0000000000
11998  0.285  -53.517  -0.260 0.0000000000
11999  -0.262  -53.989  -0.638 0.0000000000
12545  3.100  -52.490  9.173 0.0000000000
12558  3.617  -53.083  8.547 0.0000000000
12559  3.085  -52.444  8.306 0.0000000000
12569  3.242  -52.879  7.748 0.0000000000
12570  2.404  -52.522  7.522 0.0000000000
12571  1.434  -52.351  7.346 0.0000000000
12572  0.721  -52.289  7.161 0.0000000000
12578  1.634  -52.906  6.901 0.0000000000
12579  0.918  -52.874  6.764 0.0000000000
12580  0.072  -52.628  6.360 0.0000000000
12581  -0.814  -52.398  5.902 0.0000000000
12582  -1.542  -52.189  5.707 0.0000000000
12591  -0.529  -52.967  5.423 0.0000000000
12592  -1.266  -52.785  4.732 0.0000000000
12593  -2.095  -52.062  5.126 0.0000000000
12594  -2.481  -51.701  5.203 0.0000000000
12607  -1.573  -53.080  3.890 0.0000000000
12608  -1.989  -52.576  3.839 0.0000000000
12609  -2.536  -51.760  4.504 0.0000000000
12610  -2.593  -51.594  4.199 0.0000000000
12622  -2.171  -52.561  3.088 0.0000000000
12623  -2.474  -52.059  3.466 0.0000000000
12624  -2.684  -52.032  4.184 0.0000000000
12630  0.853  -51.875  1.043 0.0000000000
12631  0.624  -51.825  1.696 0.0000000000
12632  -0.657  -52.342  2.434 0.0000000000
12633  -1.779  -52.621  2.653 0.0000000000
12634  -2.260  -52.345  2.924 0.0000000000
12640  1.032  -51.943  0.378 0.0000000000
12641  0.862  -51.632  0.880 0.0000000000
12644  0.700  -52.775  -0.530 0.0000000000
12645  -0.087  -53.797  -1.184 0.0000000000
13153  -1.760  -51.681  10.540 0.0000000000
13154  -2.859  -51.688  10.665 0.0000000000
13155  -3.584  -50.987  10.956 0.0000000000
13170  1.963  -51.671  9.555 0.0000000000
13171  1.064  -51.429  9.549 0.0000000000
13172  -0.016  -51.398  9.526 0.0000000000
13173  -1.207  -51.557  9.506 0.0000000000
13174  -2.321  -51.645  9.517 0.0000000000
13175  -3.235  -51.155  9.537 0.0000000000
13188  2.451  -51.948  8.674 0.0000000000
13189  1.506  -51.643  8.693 0.0000000000
13190  0.526  -51.569  8.597 0.0000000000
13191  -0.584  -51.607  8.507 0.0000000000
13192  -1.713  -51.784  8.479 0.0000000000
13193  -2.625  -51.627  8.380 0.0000000000
13194  -3.223  -51.119  8.051 0.0000000000
13201  1.821  -51.895  7.952 0.0000000000
13202  1.033  -51.859  7.853 0.0000000000
13203  0.056  -51.841  7.486 0.0000000000
13204  -1.045  -51.766  7.517 0.0000000000
13205  -2.029  -51.823  7.428 0.0000000000
13206  -2.725  -51.583  7.235 0.0000000000
13207  -3.131  -51.168  6.855 0.0000000000
13217  -0.569  -52.032  6.732 0.0000000000
13218  -1.361  -51.942  6.575 0.0000000000
13219  -2.209  -51.849  6.310 0.0000000000
13220  -2.780  -51.540  6.288 0.0000000000
13221  -3.087  -51.261  6.016 0.0000000000
13232  -2.494  -51.709  5.705 0.0000000000
13233  -2.741  -51.460  5.456 0.0000000000
13234  -3.059  -51.149  5.358 0.0000000000
13249  -2.760  -51.371  4.977 0.0000000000
13250  -2.777  -51.263  4.578 0.0000000000
13262  -1.357  -51.359  2.837 0.0000000000
13263  -2.085  -51.483  2.896 0.0000000000
13264  -2.417  -51.613  3.308 0.0000000000
13265  -2.593  -51.513  3.874 0.0000000000
13273  0.751  -50.956  1.446 0.0000000000
13274  -0.262  -51.421  2.482 0.0000000000
13275  -1.539  -51.902  2.576 0.0000000000
13276  -2.284  -52.029  2.800 0.0000000000
13282  1.812  -51.463  0.552 0.0000000000
13283  0.957  -51.200  0.732 0.0000000000
13747  -3.863  -50.048  11.251 0.0000000000
13761  -3.646  -50.133  10.219 0.0000000000
13774  -3.515  -50.019  8.820 0.0000000000
13781  -3.329  -50.296  7.396 0.0000000000
13792  -3.307  -50.645  6.115 0.0000000000
13805  -3.149  -50.703  5.079 0.0000000000
13820  -0.698  -50.141  3.434 0.0000000000
13821  -1.248  -50.346  3.695 0.0000000000
13822  -2.130  -50.504  3.840 0.0000000000
13823  -2.729  -50.831  4.174 0.0000000000
13833  -0.690  -50.706  3.036 0.0000000000
13834  -1.742  -50.940  3.218 0.0000000000
13835  -2.259  -50.886  3.233 0.0000000000
13836  -2.519  -51.297  3.663 0.0000000000
13842  1.049  -50.211  0.941 0.0000000000
13843  0.359  -50.243  2.027 0.0000000000
13846  1.345  -49.618  1.037 0.0000000000
13847  0.997  -49.441  0.567 0.0000000000
14347  -3.609  -49.424  11.424 0.0000000000
14357  -3.721  -49.415  10.640 0.0000000000
14363  -3.438  -49.290  9.654 0.0000000000
14374  -3.446  -48.875  8.748 0.0000000000
14390  -3.606  -49.007  7.794 0.0000000000
14411  -3.370  -49.586  6.640 0.0000000000
14431  -1.011  -48.965  4.871 0.0000000000
14432  -2.066  -49.203  5.077 0.0000000000
14433  -2.868  -49.500  5.285 0.0000000000
14434  -3.269  -49.961  5.630 0.0000000000
14451  -0.699  -49.530  3.869 0.0000000000
14452  -1.628  -49.795  4.357 0.0000000000
14453  -2.528  -49.982  4.534 0.0000000000
14454  -3.018  -50.209  4.893 0.0000000000
14466  -0.325  -49.797  2.888 0.0000000000
14475  0.600  -49.318  1.146 0.0000000000
14476  0.113  -49.121  1.963 0.0000000000
14483  1.270  -48.837  0.776 0.0000000000
14484  0.515  -48.565  0.591 0.0000000000
15023  -2.025  -48.837  11.430 0.0000000000
15024  -3.066  -48.937  11.226 0.0000000000
15025  -3.539  -49.074  10.764 0.0000000000
15036  0.107  -48.429  10.833 0.0000000000
15037  -1.058  -48.566  10.612 0.0000000000
15038  -2.195  -48.729  10.470 0.0000000000
15039  -2.991  -48.858  10.226 0.0000000000
15040  -3.195  -49.074  9.975 0.0000000000
15048  2.015  -48.154  10.684 0.0000000000
15049  1.279  -48.143  10.158 0.0000000000
15050  0.083  -48.143  9.572 0.0000000000
15051  -1.356  -48.351  9.675 0.0000000000
15052  -2.338  -48.499  9.572 0.0000000000
15053  -2.857  -48.401  9.103 0.0000000000
15054  -3.093  -48.339  8.849 0.0000000000
15060  0.126  -47.766  8.764 0.0000000000
15061  -0.760  -47.900  8.884 0.0000000000
15062  -1.820  -47.985  8.990 0.0000000000
15063  -2.445  -48.142  8.997 0.0000000000
15064  -3.497  -47.803  8.251 0.0000000000
15078  -3.630  -47.884  7.590 0.0000000000
15099  -3.236  -47.916  6.259 0.0000000000
15100  -3.536  -48.469  6.874 0.0000000000
15119  -0.646  -47.911  5.117 0.0000000000
15120  -1.581  -48.227  5.485 0.0000000000
15121  -2.610  -48.543  5.684 0.0000000000
15122  -3.197  -49.011  6.048 0.0000000000
15137  -0.486  -48.371  4.072 0.0000000000
15152  -0.294  -48.784  2.951 0.0000000000
15166  -0.124  -48.421  0.995 0.0000000000
15167  -0.402  -48.156  1.777 0.0000000000
15178  1.031  -47.548  0.439 0.0000000000
15179  -0.764  -47.462  0.202 0.0000000000
15184  0.194  -46.446  0.196 0.0000000000
15778  4.395  -46.828  10.940 0.0000000000
15779  3.774  -47.133  10.697 0.0000000000
15780  2.801  -47.868  10.971 0.0000000000
15790  3.581  -47.002  9.996 0.0000000000
15791  2.718  -47.568  9.891 0.0000000000
15792  1.491  -47.657  8.981 0.0000000000
15793  0.654  -47.772  8.910 0.0000000000
15794  -3.105  -47.297  8.478 0.0000000000
15795  -3.286  -47.082  8.258 0.0000000000
15805  1.415  -47.194  8.415 0.0000000000
15806  0.771  -47.342  8.405 0.0000000000
15807  -0.260  -47.265  8.350 0.0000000000
15808  -1.354  -47.217  8.525 0.0000000000
15809  -2.465  -47.341  8.712 0.0000000000
15810  -3.635  -47.105  8.085 0.0000000000
15825  -3.595  -46.829  7.830 0.0000000000
15840  -3.328  -46.800  6.451 0.0000000000
15841  -3.604  -47.340  7.016 0.0000000000
15858  -0.555  -47.029  5.127 0.0000000000
15859  -1.182  -47.185  5.569 0.0000000000
15860  -2.407  -47.284  5.878 0.0000000000
15875  -0.467  -47.270  4.271 0.0000000000
15891  -0.538  -47.531  2.817 0.0000000000
15905  -0.926  -47.822  0.841 0.0000000000
15906  -1.251  -47.416  1.284 0.0000000000
15922  -1.549  -47.577  0.514 0.0000000000
15930  0.979  -46.721  0.480 0.0000000000
16489  5.292  -46.523  11.326 0.0000000000
16490  4.783  -46.636  11.005 0.0000000000
16498  6.624  -46.111  10.981 0.0000000000
16499  5.832  -46.072  10.951 0.0000000000
16500  5.177  -46.201  10.722 0.0000000000
16501  4.532  -46.465  10.492 0.0000000000
16502  4.058  -46.492  9.989 0.0000000000
16510  3.493  -46.595  9.371 0.0000000000
16511  2.573  -46.859  8.659 0.0000000000
16512  1.836  -47.027  8.421 0.0000000000
16513  -3.375  -46.450  8.287 0.0000000000
16514  -3.439  -46.215  8.149 0.0000000000
16523  2.042  -46.590  8.263 0.0000000000
16524  1.379  -46.533  7.987 0.0000000000
16525  0.331  -46.663  7.926 0.0000000000
16526  -0.739  -46.376  8.003 0.0000000000
16527  -1.958  -46.283  8.384 0.0000000000
16528  -2.802  -46.074  8.409 0.0000000000
16529  -3.685  -46.312  8.017 0.0000000000
16546  1.152  -45.948  7.741 0.0000000000
16547  0.702  -46.044  7.719 0.0000000000
16548  0.025  -46.047  7.708 0.0000000000
16549  -3.674  -45.985  7.779 0.0000000000
16565  -3.432  -45.935  6.555 0.0000000000
16566  -3.696  -46.144  7.119 0.0000000000
16577  -0.843  -46.459  5.347 0.0000000000
16578  -1.704  -46.106  5.684 0.0000000000
16579  -2.912  -46.129  6.130 0.0000000000
16590  -0.512  -46.277  4.611 0.0000000000
16591  -0.869  -45.751  5.201 0.0000000000
16602  -0.725  -46.449  3.480 0.0000000000
16612  -1.515  -46.515  2.029 0.0000000000
16613  -2.255  -45.993  1.520 0.0000000000
16629  0.851  -46.024  0.832 0.0000000000
16630  -1.982  -46.667  0.557 0.0000000000
16641  1.042  -46.337  0.684 0.0000000000
17183  8.201  -45.763  10.402 0.0000000000
17184  7.209  -45.746  10.383 0.0000000000
17185  6.299  -45.619  10.351 0.0000000000
17186  5.604  -45.735  10.378 0.0000000000
17187  4.880  -45.727  10.013 0.0000000000
17188  4.430  -46.084  9.963 0.0000000000
17197  8.754  -45.197  9.833 0.0000000000
17198  7.719  -45.268  9.770 0.0000000000
17199  6.874  -45.283  9.876 0.0000000000
17200  4.639  -45.259  9.599 0.0000000000
17201  4.118  -45.532  9.393 0.0000000000
17202  3.213  -45.739  8.626 0.0000000000
17203  -3.593  -45.824  8.106 0.0000000000
17204  -3.661  -46.038  8.268 0.0000000000
17211  2.226  -45.858  8.061 0.0000000000
17212  1.461  -45.632  7.767 0.0000000000
17213  -1.413  -45.316  7.933 0.0000000000
17214  -2.572  -45.388  8.149 0.0000000000
17215  -3.380  -45.485  8.010 0.0000000000
17216  -3.582  -45.724  7.832 0.0000000000
17232  0.938  -45.502  7.666 0.0000000000
17233  0.258  -45.426  7.646 0.0000000000
17234  -0.462  -45.561  7.747 0.0000000000
17235  -3.684  -45.302  7.413 0.0000000000
17253  -3.285  -45.565  6.355 0.0000000000
17254  -3.596  -45.140  6.691 0.0000000000
17266  -1.502  -45.003  5.318 0.0000000000
17267  -2.809  -45.077  5.965 0.0000000000
17268  -3.351  -44.631  6.406 0.0000000000
17282  -0.591  -45.920  4.029 0.0000000000
17283  -0.924  -45.310  4.268 0.0000000000
17294  -0.859  -45.787  3.600 0.0000000000
17295  -1.297  -45.444  3.221 0.0000000000
17312  -1.297  -45.973  2.920 0.0000000000
17313  -1.765  -45.620  2.296 0.0000000000
17930  5.898  -45.399  10.073 0.0000000000
17931  5.487  -45.268  9.865 0.0000000000
17932  4.979  -45.110  9.654 0.0000000000
17938  10.353  -44.527  9.230 0.0000000000
17939  9.274  -44.689  9.233 0.0000000000
17940  8.200  -44.602  8.996 0.0000000000
17941  7.111  -44.703  9.336 0.0000000000
17942  6.143  -44.856  9.642 0.0000000000
17943  5.303  -44.635  9.420 0.0000000000
17944  4.597  -44.717  9.281 0.0000000000
17945  4.078  -44.649  8.967 0.0000000000
17946  3.592  -44.735  8.685 0.0000000000
17955  11.096  -44.080  8.743 0.0000000000
17956  10.320  -43.967  8.545 0.0000000000
17957  9.551  -44.146  8.661 0.0000000000
17958  8.916  -44.340  8.769 0.0000000000
17959  2.750  -44.704  8.178 0.0000000000
17960  1.659  -44.706  7.697 0.0000000000
17961  1.055  -44.216  7.549 0.0000000000
17962  -1.363  -44.599  7.759 0.0000000000
17963  -2.133  -44.471  7.840 0.0000000000
17964  -2.932  -44.790  7.963 0.0000000000
17965  -3.557  -44.922  7.598 0.0000000000
17975  1.215  -45.156  7.658 0.0000000000
17976  0.740  -44.766  7.582 0.0000000000
17977  -0.470  -44.612  7.612 0.0000000000
17978  -1.336  -44.096  7.614 0.0000000000
17979  -3.565  -44.826  7.476 0.0000000000
17994  -3.852  -44.523  6.978 0.0000000000
18008  -2.181  -44.111  5.465 0.0000000000
18009  -3.000  -44.127  6.125 0.0000000000
18010  -3.450  -44.363  6.697 0.0000000000
18027  -1.605  -44.250  4.545 0.0000000000
18039  -1.558  -44.686  3.165 0.0000000000
18052  -0.910  -44.778  1.494 0.0000000000
18053  -1.542  -45.239  1.533 0.0000000000
18062  0.050  -45.595  0.951 0.0000000000
18063  -1.172  -45.449  0.447 0.0000000000
18628  7.945  -44.038  8.526 0.0000000000
18629  7.346  -44.082  8.723 0.0000000000
18630  6.500  -44.051  8.940 0.0000000000
18631  5.675  -43.973  9.005 0.0000000000
18632  4.897  -43.927  8.953 0.0000000000
18633  4.213  -44.042  8.792 0.0000000000
18634  3.832  -44.245  8.701 0.0000000000
18643  11.727  -43.620  8.359 0.0000000000
18644  10.808  -43.543  8.162 0.0000000000
18645  9.783  -43.444  7.998 0.0000000000
18646  8.642  -43.778  8.290 0.0000000000
18647  7.672  -43.493  8.252 0.0000000000
18648  6.860  -43.305  8.495 0.0000000000
18649  6.036  -43.126  8.682 0.0000000000
18650  5.194  -43.051  8.719 0.0000000000
18651  4.347  -43.135  8.670 0.0000000000
18652  3.412  -43.591  8.414 0.0000000000
18653  2.238  -43.597  7.842 0.0000000000
18654  1.326  -43.682  7.556 0.0000000000
18655  -2.843  -44.065  7.576 0.0000000000
18656  -3.421  -44.390  7.424 0.0000000000
18657  -3.573  -44.615  7.413 0.0000000000
18663  12.293  -43.118  8.032 0.0000000000
18664  11.385  -42.999  7.841 0.0000000000
18665  10.519  -42.934  7.724 0.0000000000
18666  0.494  -43.764  7.421 0.0000000000
18667  -0.627  -43.510  7.269 0.0000000000
18668  -1.929  -43.491  7.399 0.0000000000
18669  -3.015  -43.528  7.187 0.0000000000
18670  -3.596  -44.319  7.251 0.0000000000
18680  -2.847  -43.272  6.502 0.0000000000
18681  -3.429  -43.942  6.965 0.0000000000
18700  -2.074  -43.627  4.866 0.0000000000
18701  -2.572  -43.126  5.378 0.0000000000
18702  -3.106  -43.760  6.448 0.0000000000
18718  -2.108  -43.316  3.895 0.0000000000
18719  -2.609  -42.464  4.169 0.0000000000
18734  -0.994  -43.829  2.514 0.0000000000
18735  -1.000  -43.899  2.756 0.0000000000
18750  -1.453  -44.206  1.747 0.0000000000
18751  -1.787  -44.167  1.673 0.0000000000
19363  8.990  -43.003  7.726 0.0000000000
19364  8.151  -42.823  7.710 0.0000000000
19365  7.282  -42.698  8.015 0.0000000000
19366  6.474  -42.332  8.323 0.0000000000
19367  5.585  -42.098  8.577 0.0000000000
19368  4.660  -42.116  8.626 0.0000000000
19369  3.726  -42.230  8.455 0.0000000000
19370  2.597  -42.222  8.002 0.0000000000
19371  1.548  -42.808  7.577 0.0000000000
19372  0.959  -43.161  7.445 0.0000000000
19378  13.009  -42.676  7.793 0.0000000000
19379  11.995  -42.366  7.646 0.0000000000
19380  10.949  -42.207  7.503 0.0000000000
19381  9.652  -42.304  7.413 0.0000000000
19382  8.764  -42.454  7.501 0.0000000000
19383  2.299  -41.496  7.703 0.0000000000
19384  1.665  -41.910  7.518 0.0000000000
19385  0.540  -42.587  7.204 0.0000000000
19386  -0.900  -42.561  6.814 0.0000000000
19387  -2.096  -42.778  6.845 0.0000000000
19388  -2.534  -42.885  6.559 0.0000000000
19392  -1.560  -42.112  6.511 0.0000000000
19393  -2.155  -42.264  6.303 0.0000000000
19394  -2.479  -42.344  5.821 0.0000000000
19414  -2.749  -41.936  4.656 0.0000000000
19435  -2.578  -42.459  3.553 0.0000000000
19436  -2.915  -41.808  3.417 0.0000000000
19453  -1.580  -42.836  2.861 0.0000000000
19454  -2.360  -42.373  2.881 0.0000000000
19455  -3.091  -41.700  2.623 0.0000000000
20113  7.668  -42.264  7.646 0.0000000000
20114  7.088  -41.795  7.781 0.0000000000
20115  6.154  -40.990  8.305 0.0000000000
20116  5.039  -41.132  8.661 0.0000000000
20117  4.118  -41.230  8.572 0.0000000000
20118  3.298  -41.319  8.270 0.0000000000
20119  2.730  -41.227  7.924 0.0000000000
20123  14.418  -41.869  7.540 0.0000000000
20124  13.632  -41.935  7.352 0.0000000000
20125  12.691  -41.774  7.315 0.0000000000
20126  11.670  -41.481  7.307 0.0000000000
20127  10.454  -41.123  7.139 0.0000000000
20128  9.446  -41.328  7.147 0.0000000000
20129  8.302  -41.586  7.316 0.0000000000
20130  7.107  -40.722  7.714 0.0000000000
20131  6.595  -40.152  8.123 0.0000000000
20132  2.469  -41.111  7.658 0.0000000000
20133  2.032  -41.227  7.410 0.0000000000
20134  1.079  -41.484  7.097 0.0000000000
20135  0.121  -41.852  6.781 0.0000000000
20138  14.688  -41.368  7.231 0.0000000000
20139  14.233  -41.363  7.022 0.0000000000
20140  13.388  -41.223  6.950 0.0000000000
20141  12.453  -40.893  7.020 0.0000000000
20142  11.466  -40.594  7.048 0.0000000000
20143  10.749  -40.349  7.040 0.0000000000
20144  0.427  -41.295  6.676 0.0000000000
20145  -0.680  -41.387  6.387 0.0000000000
20146  -1.834  -41.592  6.076 0.0000000000
20147  -2.282  -41.836  5.886 0.0000000000
20166  -0.848  -40.865  5.950 0.0000000000
20167  -1.489  -40.945  5.722 0.0000000000
20168  -2.471  -41.224  5.215 0.0000000000
20192  -1.368  -42.398  2.881 0.0000000000
20193  -3.022  -41.009  3.814 0.0000000000
20214  -1.823  -41.658  2.183 0.0000000000
20215  -3.111  -41.606  1.975 0.0000000000
20216  -3.467  -41.018  2.477 0.0000000000
20232  -2.369  -41.134  1.052 0.0000000000
20233  -3.045  -41.367  0.929 0.0000000000
20234  -3.809  -41.025  1.318 0.0000000000
20906  4.088  -40.135  8.491 0.0000000000
20907  3.875  -40.165  8.383 0.0000000000
20912  6.151  -39.736  8.292 0.0000000000
20913  5.296  -40.162  8.537 0.0000000000
20914  4.444  -40.444  8.553 0.0000000000
20915  3.683  -40.404  8.303 0.0000000000
20916  3.041  -40.878  8.070 0.0000000000
20922  10.242  -40.374  7.059 0.0000000000
20923  9.387  -40.183  7.118 0.0000000000
20924  7.918  -40.051  7.451 0.0000000000
20925  7.038  -39.802  7.916 0.0000000000
20926  6.608  -39.700  8.149 0.0000000000
20927  3.518  -39.972  7.793 0.0000000000
20928  2.785  -40.623  7.595 0.0000000000
20929  1.797  -40.856  7.075 0.0000000000
20930  1.051  -40.994  6.770 0.0000000000
20934  15.092  -40.778  6.773 0.0000000000
20935  14.081  -40.887  6.450 0.0000000000
20936  13.189  -40.541  6.519 0.0000000000
20937  12.229  -39.970  6.609 0.0000000000
20938  11.189  -39.832  6.884 0.0000000000
20939  10.344  -39.800  7.066 0.0000000000
20940  9.872  -39.513  7.206 0.0000000000
20941  4.010  -39.623  6.614 0.0000000000
20942  3.421  -39.814  7.066 0.0000000000
20943  2.437  -40.364  6.818 0.0000000000
20944  1.493  -40.576  6.513 0.0000000000
20945  0.456  -40.755  6.323 0.0000000000
20946  -0.337  -40.768  5.985 0.0000000000
20955  14.648  -40.468  6.011 0.0000000000
20956  13.867  -40.427  5.894 0.0000000000
20957  13.068  -39.947  6.061 0.0000000000
20958  12.562  -39.648  6.164 0.0000000000
20959  3.745  -39.805  6.310 0.0000000000
20960  3.073  -40.082  6.240 0.0000000000
20961  2.191  -40.317  5.981 0.0000000000
20962  1.192  -40.313  5.553 0.0000000000
20963  0.208  -40.404  5.539 0.0000000000
20964  -0.781  -40.511  5.300 0.0000000000
20965  -1.903  -40.372  4.810 0.0000000000
20966  -2.682  -40.411  4.135 0.0000000000
20986  0.702  -40.168  4.956 0.0000000000
20987  0.050  -40.012  4.602 0.0000000000
20988  -1.066  -39.872  4.155 0.0000000000
20989  -2.229  -39.694  3.671 0.0000000000
20990  -3.242  -39.929  2.921 0.0000000000
21010  -0.836  -40.739  2.114 0.0000000000
21011  -3.887  -39.972  1.568 0.0000000000
21029  -0.473  -40.038  1.411 0.0000000000
21030  -1.718  -40.540  1.132 0.0000000000
21031  -2.645  -40.675  0.395 0.0000000000
21032  -3.680  -40.333  0.202 0.0000000000
21050  1.070  -38.955  0.979 0.0000000000
21051  -0.163  -39.282  0.806 0.0000000000
21052  -1.301  -39.634  0.635 0.0000000000
21053  -2.177  -39.992  0.221 0.0000000000
21054  -2.787  -40.046  -0.116 0.0000000000
21766  4.211  -39.964  8.426 0.0000000000
21767  3.926  -39.921  8.545 0.0000000000
21771  6.191  -39.041  8.048 0.0000000000
21772  5.473  -39.234  8.110 0.0000000000
21773  4.503  -39.830  8.381 0.0000000000
21774  4.005  -40.063  8.421 0.0000000000
21778  9.567  -38.896  7.372 0.0000000000
21779  8.519  -39.038  7.530 0.0000000000
21780  7.464  -39.133  7.767 0.0000000000
21781  6.685  -39.295  8.031 0.0000000000
21782  5.212  -38.918  7.399 0.0000000000
21783  4.564  -39.320  7.839 0.0000000000
21784  3.980  -39.748  8.155 0.0000000000
21789  15.580  -40.184  6.373 0.0000000000
21790  12.210  -39.450  6.189 0.0000000000
21791  11.550  -39.150  6.427 0.0000000000
21792  10.756  -39.146  6.956 0.0000000000
21793  10.175  -39.189  7.212 0.0000000000
21794  5.229  -39.151  6.502 0.0000000000
21795  4.371  -39.312  7.031 0.0000000000
21796  3.950  -39.577  7.623 0.0000000000
21801  15.457  -39.891  5.728 0.0000000000
21802  14.607  -40.176  5.355 0.0000000000
21803  13.661  -40.073  5.239 0.0000000000
21804  12.623  -39.458  5.524 0.0000000000
21805  12.029  -39.152  5.989 0.0000000000
21806  5.300  -39.334  5.827 0.0000000000
21807  4.584  -39.653  5.862 0.0000000000
21808  3.703  -39.843  5.609 0.0000000000
21809  2.949  -40.100  5.309 0.0000000000
21810  2.095  -40.217  4.983 0.0000000000
21823  15.133  -39.747  5.058 0.0000000000
21824  14.588  -39.673  4.648 0.0000000000
21825  13.543  -39.566  4.534 0.0000000000
21826  12.799  -39.230  4.712 0.0000000000
21830  4.187  -39.592  5.156 0.0000000000
21831  3.677  -39.571  4.781 0.0000000000
21832  2.729  -39.556  4.368 0.0000000000
21833  1.299  -39.533  4.051 0.0000000000
21834  -0.117  -39.165  3.517 0.0000000000
21835  -1.310  -38.994  3.030 0.0000000000
21836  -2.416  -39.013  2.436 0.0000000000
21837  -3.330  -39.071  1.813 0.0000000000
21842  14.321  -39.281  4.103 0.0000000000
21843  13.844  -39.146  3.847 0.0000000000
21853  0.701  -38.253  2.877 0.0000000000
21854  -0.371  -38.139  2.481 0.0000000000
21855  -1.478  -38.177  1.976 0.0000000000
21856  -2.585  -38.293  1.358 0.0000000000
21857  -3.574  -38.887  0.652 0.0000000000
21877  0.597  -37.387  1.992 0.0000000000
21878  -0.300  -37.811  1.493 0.0000000000
21879  -1.351  -38.579  1.191 0.0000000000
21880  -2.318  -38.611  0.368 0.0000000000
21881  -2.911  -39.343  -0.211 0.0000000000
21904  1.391  -37.825  1.194 0.0000000000
21905  -0.095  -38.423  0.830 0.0000000000
21906  -1.175  -38.812  0.381 0.0000000000
21907  -2.059  -39.314  0.064 0.0000000000
21908  -2.497  -39.664  -0.118 0.0000000000
22672  6.203  -38.834  7.846 0.0000000000
22673  5.956  -38.906  7.966 0.0000000000
22677  10.330  -38.037  7.138 0.0000000000
22678  9.817  -38.017  7.440 0.0000000000
22679  8.924  -37.905  7.537 0.0000000000
22680  7.890  -38.294  7.475 0.0000000000
22681  6.789  -38.636  7.649 0.0000000000
22682  6.001  -38.701  7.634 0.0000000000
22686  11.407  -38.688  6.282 0.0000000000
22687  10.903  -38.341  6.628 0.0000000000
22688  10.284  -38.593  7.210 0.0000000000
22689  8.264  -37.511  7.232 0.0000000000
22690  7.466  -37.764  7.024 0.0000000000
22691  6.621  -38.257  7.031 0.0000000000
22692  5.898  -38.635  6.815 0.0000000000
22696  15.953  -39.163  5.408 0.0000000000
22697  12.348  -39.043  5.061 0.0000000000
22698  11.685  -38.635  5.650 0.0000000000
22699  11.082  -37.759  6.085 0.0000000000
22700  7.137  -37.940  6.384 0.0000000000
22701  6.609  -38.377  6.123 0.0000000000
22702  5.908  -38.914  5.718 0.0000000000
22703  5.278  -39.137  5.277 0.0000000000
22715  15.591  -38.969  4.719 0.0000000000
22716  14.929  -39.063  4.140 0.0000000000
22717  13.203  -39.116  4.114 0.0000000000
22718  12.433  -38.669  4.293 0.0000000000
22719  11.637  -38.086  4.689 0.0000000000
22720  7.169  -37.964  5.504 0.0000000000
22721  6.636  -38.241  4.913 0.0000000000
22722  5.772  -38.409  4.612 0.0000000000
22723  4.664  -38.877  4.585 0.0000000000
22724  3.595  -38.655  4.072 0.0000000000
22725  2.526  -38.382  3.496 0.0000000000
22726  1.574  -38.154  3.107 0.0000000000
22731  15.312  -38.475  3.920 0.0000000000
22732  14.600  -38.613  3.534 0.0000000000
22733  13.544  -38.538  3.312 0.0000000000
22734  12.703  -38.078  3.151 0.0000000000
22739  2.107  -37.406  2.804 0.0000000000
22740  1.379  -37.356  2.414 0.0000000000
22753  2.018  -36.683  2.182 0.0000000000
22754  1.619  -36.857  1.594 0.0000000000
22772  2.675  -36.890  0.874 0.0000000000
23601  10.459  -37.805  6.927 0.0000000000
23602  10.134  -37.535  7.192 0.0000000000
23603  9.541  -37.366  7.341 0.0000000000
23607  10.549  -37.378  6.652 0.0000000000
23608  9.914  -36.905  7.007 0.0000000000
23609  8.959  -36.756  7.068 0.0000000000
23610  8.166  -37.142  6.732 0.0000000000
23614  11.262  -37.717  5.364 0.0000000000
23615  10.853  -36.974  5.773 0.0000000000
23616  8.549  -36.706  5.958 0.0000000000
23617  7.798  -37.448  5.814 0.0000000000
23627  15.799  -38.034  4.075 0.0000000000
23628  11.959  -37.918  3.755 0.0000000000
23629  11.278  -37.131  4.327 0.0000000000
23630  10.721  -36.450  4.992 0.0000000000
23631  8.339  -36.881  4.474 0.0000000000
23632  7.502  -37.585  4.090 0.0000000000
23633  6.537  -37.575  3.578 0.0000000000
23634  5.517  -37.613  3.611 0.0000000000
23635  4.462  -37.721  3.593 0.0000000000
23636  3.495  -37.631  3.341 0.0000000000
23637  2.791  -37.368  3.049 0.0000000000
23645  15.507  -37.519  3.212 0.0000000000
23646  14.552  -37.655  2.610 0.0000000000
23647  13.607  -37.394  2.414 0.0000000000
23648  12.435  -36.928  2.680 0.0000000000
23649  11.556  -36.357  3.245 0.0000000000
23652  7.240  -36.764  2.427 0.0000000000
23653  6.223  -36.658  2.407 0.0000000000
23654  5.190  -36.875  2.717 0.0000000000
23655  4.241  -36.905  2.805 0.0000000000
23656  3.359  -36.830  2.659 0.0000000000
23657  2.609  -36.839  2.517 0.0000000000
23664  15.229  -36.622  2.171 0.0000000000
23665  14.592  -36.442  1.870 0.0000000000
23666  13.917  -36.010  1.696 0.0000000000
23667  13.202  -35.709  1.948 0.0000000000
23671  6.675  -36.825  1.706 0.0000000000
23672  5.968  -36.358  1.156 0.0000000000
23673  3.002  -36.554  2.229 0.0000000000
23674  2.590  -36.451  2.041 0.0000000000
23692  5.334  -36.555  0.593 0.0000000000
23693  3.111  -36.320  1.733 0.0000000000
24565  10.326  -36.699  6.427 0.0000000000
24566  9.747  -36.411  6.386 0.0000000000
24567  9.177  -36.291  6.068 0.0000000000
24571  10.331  -36.288  5.727 0.0000000000
24572  9.712  -35.969  5.359 0.0000000000
24573  8.974  -36.131  4.935 0.0000000000
24579  10.958  -36.114  4.018 0.0000000000
24580  10.321  -35.821  4.589 0.0000000000
24581  9.834  -35.530  4.418 0.0000000000
24582  8.667  -36.067  3.538 0.0000000000
24590  12.277  -35.757  2.408 0.0000000000
24591  11.423  -35.508  3.012 0.0000000000
24593  5.574  -36.299  1.903 0.0000000000
24594  4.819  -36.306  2.062 0.0000000000
24595  3.998  -36.346  2.152 0.0000000000
24596  3.425  -36.402  2.110 0.0000000000
24605  13.860  -35.194  1.496 0.0000000000
24606  13.041  -34.980  1.596 0.0000000000
24610  5.217  -35.999  1.398 0.0000000000
24611  4.386  -35.991  1.444 0.0000000000
24612  3.690  -36.155  1.655 0.0000000000
24625  12.986  -34.433  1.004 0.0000000000
24629  4.875  -36.063  0.643 0.0000000000
24630  3.545  -36.087  0.972 0.0000000000
24646  4.911  -36.599  0.453 0.0000000000
24647  4.173  -37.007  0.359 0.0000000000
25557  9.428  -35.711  4.550 0.0000000000
25558  9.028  -35.623  4.019 0.0000000000
25564  10.765  -35.351  3.579 0.0000000000
25565  10.178  -34.845  3.561 0.0000000000
25566  9.422  -35.161  3.747 0.0000000000
25567  8.843  -35.174  3.115 0.0000000000
25574  12.056  -34.990  2.199 0.0000000000
25575  11.142  -34.489  2.526 0.0000000000
25576  10.398  -34.263  2.905 0.0000000000
25586  12.265  -34.434  1.552 0.0000000000
25587  11.688  -34.045  1.450 0.0000000000
25598  12.303  -34.016  0.962 0.0000000000
25599  11.882  -33.892  0.980 0.0000000000
26485  9.979  -34.140  3.008 0.0000000000
26486  9.513  -34.496  3.171 0.0000000000
26487  9.128  -34.760  3.212 0.0000000000
26493  11.000  -33.898  1.812 0.0000000000
26494  10.310  -33.973  2.345 0.0000000000
26495  9.560  -34.111  2.504 0.0000000000
26496  9.059  -34.518  2.666 0.0000000000
26505  11.298  -33.908  1.172 0.0000000000
26507  9.743  -33.967  1.920 0.0000000000
26516  12.073  -33.961  0.826 0.0000000000
26529  12.106  -34.115  0.653 0.0000000000
102482  1.787  -57.200  -1.177 0.0000000000
102483  0.602  -56.875  -1.153 0.0000000000
102484  0.971  -55.856  -1.680 0.0000000000
102485  0.447  -55.807  -1.766 0.0000000000
102486  -0.127  -56.274  -1.535 0.0000000000
102487  1.562  -56.540  -1.478 0.0000000000
102488  0.736  -54.629  -1.783 0.0000000000
102489  1.242  -55.325  -1.626 0.0000000000
102490  1.573  -55.807  -1.512 0.0000000000
102491  -0.421  -54.933  -1.665 0.0000000000
102492  -0.037  -55.795  -1.740 0.0000000000
102495  1.804  -55.057  -1.461 0.0000000000
102497  0.852  -53.113  -1.464 0.0000000000
102498  1.996  -53.884  -1.338 0.0000000000
102499  1.471  -53.305  -1.653 0.0000000000
102794  -1.618  -46.911  -0.180 0.0000000000
102795  -1.273  -46.322  -0.165 0.0000000000
102796  -0.607  -45.892  0.156 0.0000000000
102797  -1.802  -45.794  0.310 0.0000000000
102829  2.533  -36.424  1.520 0.0000000000
