#!ascii label  , from subject FREESURFER vox2ras=TkReg 
1135
17614  28.691  -44.930  39.530 0.0000000000
17615  28.443  -44.986  39.552 0.0000000000
17621  28.824  -45.369  39.089 0.0000000000
17622  28.450  -45.155  39.371 0.0000000000
17627  28.536  -45.232  38.272 0.0000000000
17628  28.179  -45.362  38.865 0.0000000000
17633  28.308  -44.969  37.842 0.0000000000
17634  28.093  -45.153  38.188 0.0000000000
18304  28.747  -44.486  39.496 0.0000000000
18305  28.538  -44.766  39.503 0.0000000000
18311  29.619  -44.026  38.456 0.0000000000
18312  29.225  -44.484  39.226 0.0000000000
18313  28.283  -44.874  39.298 0.0000000000
18318  29.744  -43.986  37.654 0.0000000000
18319  29.274  -44.823  38.359 0.0000000000
18320  27.963  -44.743  38.501 0.0000000000
18326  29.806  -43.717  36.715 0.0000000000
18327  28.849  -44.450  37.384 0.0000000000
18328  28.070  -44.441  37.567 0.0000000000
18333  29.793  -43.450  36.111 0.0000000000
18334  29.102  -43.665  36.262 0.0000000000
18335  28.342  -43.915  36.561 0.0000000000
19009  28.606  -44.332  39.404 0.0000000000
19010  28.480  -44.549  39.366 0.0000000000
19017  29.664  -43.404  38.873 0.0000000000
19018  28.975  -43.614  39.383 0.0000000000
19019  28.381  -43.971  38.914 0.0000000000
19025  30.808  -42.950  37.500 0.0000000000
19026  30.300  -43.290  38.044 0.0000000000
19027  27.776  -43.789  37.883 0.0000000000
19034  31.188  -42.923  37.070 0.0000000000
19035  30.669  -43.492  37.004 0.0000000000
19036  27.834  -43.390  36.568 0.0000000000
19043  31.239  -43.038  36.380 0.0000000000
19044  30.573  -43.197  35.936 0.0000000000
19045  29.577  -43.130  35.600 0.0000000000
19046  28.468  -43.053  35.425 0.0000000000
19054  30.169  -42.595  35.244 0.0000000000
19055  29.352  -42.518  34.875 0.0000000000
19056  28.641  -42.467  34.594 0.0000000000
19074  27.016  -40.256  32.358 0.0000000000
19075  26.652  -41.974  32.693 0.0000000000
19076  25.678  -42.088  32.499 0.0000000000
19089  27.708  -41.569  32.124 0.0000000000
19090  27.059  -42.437  31.571 0.0000000000
19091  24.988  -41.915  31.968 0.0000000000
19104  27.340  -41.782  30.931 0.0000000000
19751  30.442  -41.516  39.067 0.0000000000
19752  29.783  -42.258  39.152 0.0000000000
19753  28.613  -42.386  39.095 0.0000000000
19754  28.052  -42.988  38.297 0.0000000000
19760  31.795  -41.295  37.794 0.0000000000
19761  31.046  -42.103  38.085 0.0000000000
19762  30.199  -42.755  38.611 0.0000000000
19763  28.237  -42.009  37.949 0.0000000000
19764  27.847  -42.839  37.295 0.0000000000
19770  33.224  -41.169  36.260 0.0000000000
19771  32.411  -41.539  36.728 0.0000000000
19772  31.753  -42.499  36.530 0.0000000000
19773  28.184  -42.095  36.616 0.0000000000
19774  27.860  -42.651  36.301 0.0000000000
19780  34.727  -41.505  35.239 0.0000000000
19781  33.840  -41.619  35.545 0.0000000000
19782  32.782  -42.253  35.583 0.0000000000
19783  31.704  -42.567  35.611 0.0000000000
19784  30.909  -42.389  35.294 0.0000000000
19785  27.965  -42.199  35.867 0.0000000000
19786  27.900  -42.450  35.415 0.0000000000
19793  35.628  -41.727  34.236 0.0000000000
19794  35.137  -41.776  34.643 0.0000000000
19795  33.934  -42.176  34.669 0.0000000000
19796  32.781  -42.166  34.666 0.0000000000
19797  31.594  -41.897  34.865 0.0000000000
19798  30.344  -41.666  34.537 0.0000000000
19799  29.093  -42.044  34.046 0.0000000000
19800  27.920  -42.324  34.086 0.0000000000
19801  27.277  -41.966  33.660 0.0000000000
19806  35.717  -41.695  33.640 0.0000000000
19807  34.849  -42.003  33.694 0.0000000000
19808  33.727  -41.888  33.889 0.0000000000
19809  33.022  -41.688  34.003 0.0000000000
19810  29.675  -41.280  33.703 0.0000000000
19811  28.881  -41.359  33.018 0.0000000000
19818  35.941  -41.600  32.505 0.0000000000
19819  35.445  -41.671  32.902 0.0000000000
19820  29.083  -40.710  32.262 0.0000000000
19821  26.378  -40.818  32.045 0.0000000000
19822  26.123  -41.480  32.251 0.0000000000
19831  36.003  -41.680  31.886 0.0000000000
19832  35.720  -41.677  32.148 0.0000000000
19833  26.135  -40.514  31.612 0.0000000000
19834  25.591  -41.158  31.640 0.0000000000
19835  24.565  -41.666  31.396 0.0000000000
19848  27.019  -41.584  29.915 0.0000000000
19850  25.331  -40.857  31.165 0.0000000000
19851  24.853  -41.104  31.007 0.0000000000
19852  23.645  -41.562  30.659 0.0000000000
19866  26.997  -41.228  28.999 0.0000000000
19868  23.511  -41.136  30.053 0.0000000000
19869  22.775  -41.198  29.945 0.0000000000
19880  26.913  -41.060  28.455 0.0000000000
20527  31.888  -40.281  39.026 0.0000000000
20528  31.013  -40.890  39.250 0.0000000000
20529  29.985  -40.945  39.183 0.0000000000
20530  29.324  -41.590  39.133 0.0000000000
20537  32.321  -40.649  37.831 0.0000000000
20538  31.600  -41.037  38.512 0.0000000000
20539  29.729  -40.537  38.759 0.0000000000
20540  29.029  -40.977  38.602 0.0000000000
20546  33.653  -40.558  36.092 0.0000000000
20547  32.922  -40.762  36.785 0.0000000000
20548  28.627  -41.081  37.035 0.0000000000
20553  35.518  -40.803  34.874 0.0000000000
20554  35.130  -41.063  35.224 0.0000000000
20555  34.445  -41.064  35.515 0.0000000000
20556  27.973  -41.416  35.382 0.0000000000
20557  27.448  -42.027  34.713 0.0000000000
20563  35.748  -41.431  34.366 0.0000000000
20564  35.487  -41.348  34.793 0.0000000000
20565  32.309  -41.308  34.254 0.0000000000
20566  31.217  -41.015  34.393 0.0000000000
20567  30.712  -41.052  34.232 0.0000000000
20568  27.704  -41.015  34.549 0.0000000000
20569  27.354  -41.473  34.185 0.0000000000
20570  26.961  -41.559  33.506 0.0000000000
20576  36.087  -41.239  33.740 0.0000000000
20577  35.004  -41.784  33.013 0.0000000000
20578  34.414  -41.549  33.088 0.0000000000
20579  33.121  -40.828  33.287 0.0000000000
20580  31.759  -40.474  33.732 0.0000000000
20581  30.584  -40.642  33.685 0.0000000000
20582  29.787  -40.750  33.160 0.0000000000
20583  27.138  -41.175  33.728 0.0000000000
20587  36.192  -41.293  32.876 0.0000000000
20588  35.144  -41.584  32.398 0.0000000000
20589  34.346  -40.819  32.143 0.0000000000
20590  33.390  -40.383  32.441 0.0000000000
20591  30.237  -40.241  32.919 0.0000000000
20592  29.659  -40.249  32.466 0.0000000000
20593  29.323  -40.030  31.681 0.0000000000
20594  26.581  -39.725  31.333 0.0000000000
20601  36.288  -41.357  31.849 0.0000000000
20602  35.675  -41.410  31.328 0.0000000000
20603  34.848  -40.886  31.291 0.0000000000
20604  29.692  -39.817  32.031 0.0000000000
20605  25.916  -40.429  31.275 0.0000000000
20606  25.562  -40.671  31.191 0.0000000000
20617  36.406  -41.210  31.086 0.0000000000
20618  36.245  -41.172  30.692 0.0000000000
20619  25.673  -40.442  31.009 0.0000000000
20620  25.307  -40.558  30.770 0.0000000000
20621  24.576  -40.825  30.426 0.0000000000
20622  23.992  -40.968  30.080 0.0000000000
20633  27.447  -40.844  29.545 0.0000000000
20634  25.046  -40.361  30.216 0.0000000000
20635  24.491  -40.415  29.803 0.0000000000
20636  23.497  -40.715  29.608 0.0000000000
20637  22.151  -40.544  29.512 0.0000000000
20647  27.235  -40.486  28.388 0.0000000000
20649  24.089  -40.190  29.278 0.0000000000
20650  23.208  -40.161  29.028 0.0000000000
20651  22.167  -39.899  29.056 0.0000000000
20661  27.058  -40.374  27.672 0.0000000000
21349  33.167  -38.954  39.018 0.0000000000
21350  32.229  -39.295  39.395 0.0000000000
21351  31.179  -39.635  39.223 0.0000000000
21352  30.624  -40.344  39.149 0.0000000000
21361  34.509  -38.952  37.457 0.0000000000
21362  33.622  -39.271  37.907 0.0000000000
21363  32.724  -39.753  38.490 0.0000000000
21364  30.799  -39.341  38.715 0.0000000000
21365  30.263  -39.877  38.498 0.0000000000
21366  29.616  -40.339  38.405 0.0000000000
21371  34.904  -39.400  36.365 0.0000000000
21372  34.033  -39.583  36.692 0.0000000000
21373  33.129  -39.999  37.233 0.0000000000
21374  29.996  -39.477  37.616 0.0000000000
21375  29.390  -39.924  37.519 0.0000000000
21379  35.414  -39.925  35.007 0.0000000000
21380  35.164  -40.062  35.447 0.0000000000
21381  34.560  -40.218  35.750 0.0000000000
21382  28.717  -40.028  36.002 0.0000000000
21388  35.756  -40.590  34.265 0.0000000000
21389  28.178  -40.262  34.538 0.0000000000
21390  27.588  -40.881  34.272 0.0000000000
21399  36.122  -40.662  33.337 0.0000000000
21400  32.066  -40.043  32.994 0.0000000000
21401  31.183  -39.982  33.030 0.0000000000
21402  30.636  -40.100  32.968 0.0000000000
21403  28.331  -39.799  34.016 0.0000000000
21414  36.441  -40.693  32.320 0.0000000000
21415  33.471  -40.143  31.912 0.0000000000
21416  32.671  -39.911  32.356 0.0000000000
21417  31.658  -39.430  32.321 0.0000000000
21418  30.525  -39.495  32.332 0.0000000000
21419  29.915  -39.687  32.176 0.0000000000
21429  36.606  -40.837  31.417 0.0000000000
21430  35.067  -40.778  30.762 0.0000000000
21431  34.119  -40.300  31.157 0.0000000000
21432  32.887  -39.549  31.393 0.0000000000
21433  32.254  -39.420  31.931 0.0000000000
21434  30.319  -38.974  31.648 0.0000000000
21447  36.520  -40.592  30.558 0.0000000000
21448  35.837  -40.716  30.197 0.0000000000
21449  34.630  -40.192  30.117 0.0000000000
21450  33.610  -39.741  30.588 0.0000000000
21451  25.848  -40.092  30.765 0.0000000000
21452  25.444  -40.117  30.355 0.0000000000
21462  36.748  -39.959  28.478 0.0000000000
21463  36.593  -40.010  29.201 0.0000000000
21464  35.455  -40.067  29.084 0.0000000000
21465  34.467  -39.799  29.360 0.0000000000
21466  27.688  -39.782  28.676 0.0000000000
21467  25.695  -39.787  30.229 0.0000000000
21468  25.257  -39.842  29.792 0.0000000000
21469  24.693  -39.898  29.367 0.0000000000
21470  21.292  -39.905  29.463 0.0000000000
21482  36.933  -39.783  28.513 0.0000000000
21483  36.290  -39.786  28.276 0.0000000000
21484  35.282  -39.758  28.182 0.0000000000
21485  27.450  -39.862  28.192 0.0000000000
21486  25.142  -39.461  29.234 0.0000000000
21487  24.302  -39.602  28.836 0.0000000000
21488  22.892  -39.499  28.586 0.0000000000
21489  21.371  -39.255  28.949 0.0000000000
21500  35.739  -39.525  27.796 0.0000000000
21501  35.088  -39.398  27.714 0.0000000000
21502  27.292  -39.774  27.665 0.0000000000
21503  27.012  -40.032  27.169 0.0000000000
21513  27.193  -39.371  26.723 0.0000000000
21514  27.006  -40.119  26.562 0.0000000000
21526  27.113  -39.745  25.710 0.0000000000
21527  27.086  -40.251  26.162 0.0000000000
21538  27.354  -39.793  24.576 0.0000000000
22229  34.101  -37.720  40.003 0.0000000000
22230  33.159  -37.877  40.317 0.0000000000
22231  32.279  -37.953  40.245 0.0000000000
22232  31.963  -37.963  40.160 0.0000000000
22255  34.522  -38.095  39.138 0.0000000000
22256  33.655  -38.311  39.555 0.0000000000
22257  32.679  -38.475  39.801 0.0000000000
22258  31.837  -38.409  39.650 0.0000000000
22275  34.676  -38.274  38.084 0.0000000000
22276  34.056  -38.578  38.525 0.0000000000
22277  31.095  -38.587  38.416 0.0000000000
22278  30.700  -39.197  38.269 0.0000000000
22287  34.968  -38.606  36.992 0.0000000000
22288  30.841  -38.213  37.535 0.0000000000
22289  30.377  -38.768  37.351 0.0000000000
22290  29.797  -39.213  37.210 0.0000000000
22294  35.478  -39.398  35.118 0.0000000000
22295  35.399  -39.099  35.771 0.0000000000
22296  30.071  -38.323  36.490 0.0000000000
22297  29.507  -38.801  36.396 0.0000000000
22302  35.513  -39.666  34.570 0.0000000000
22303  35.505  -39.069  34.990 0.0000000000
22304  29.003  -39.030  35.083 0.0000000000
22314  35.677  -40.005  33.830 0.0000000000
22315  35.411  -39.082  34.055 0.0000000000
22316  28.725  -39.263  34.185 0.0000000000
22317  28.388  -39.503  33.758 0.0000000000
22327  35.894  -39.873  32.973 0.0000000000
22328  35.432  -38.821  32.840 0.0000000000
22329  31.578  -39.144  31.961 0.0000000000
22330  31.280  -39.062  31.981 0.0000000000
22331  28.734  -38.924  33.685 0.0000000000
22332  28.164  -39.406  33.311 0.0000000000
22341  36.232  -39.718  31.640 0.0000000000
22342  35.458  -38.502  31.931 0.0000000000
22343  32.504  -39.147  31.134 0.0000000000
22344  31.928  -38.997  31.526 0.0000000000
22345  30.886  -38.628  31.445 0.0000000000
22346  30.085  -38.569  30.983 0.0000000000
22352  36.268  -39.389  30.303 0.0000000000
22353  33.820  -39.615  29.907 0.0000000000
22354  32.806  -38.982  30.425 0.0000000000
22355  31.671  -38.331  30.645 0.0000000000
22356  30.686  -37.977  30.271 0.0000000000
22357  26.108  -39.531  30.379 0.0000000000
22366  37.040  -39.474  28.669 0.0000000000
22367  36.623  -38.867  29.352 0.0000000000
22368  34.684  -39.678  28.713 0.0000000000
22369  33.799  -39.181  29.166 0.0000000000
22370  32.871  -38.455  29.314 0.0000000000
22371  25.757  -39.440  29.835 0.0000000000
22372  25.545  -39.280  29.442 0.0000000000
22381  37.022  -39.126  28.062 0.0000000000
22382  36.319  -39.257  27.750 0.0000000000
22383  34.321  -39.307  28.081 0.0000000000
22384  33.442  -38.573  28.460 0.0000000000
22385  32.715  -38.090  28.652 0.0000000000
22386  27.548  -39.461  28.031 0.0000000000
22387  25.770  -39.107  29.486 0.0000000000
22388  25.682  -38.625  28.955 0.0000000000
22389  23.944  -38.922  28.096 0.0000000000
22390  22.323  -38.736  28.185 0.0000000000
22391  20.885  -38.528  28.464 0.0000000000
22402  36.551  -38.460  27.601 0.0000000000
22403  35.539  -38.842  27.553 0.0000000000
22404  34.628  -38.904  27.611 0.0000000000
22405  27.755  -39.053  28.136 0.0000000000
22406  27.539  -38.948  27.489 0.0000000000
22407  25.460  -37.874  28.216 0.0000000000
22408  24.729  -38.003  27.863 0.0000000000
22409  23.283  -38.056  27.599 0.0000000000
22410  21.699  -37.999  27.658 0.0000000000
22411  20.395  -38.113  27.927 0.0000000000
22419  27.462  -38.545  26.691 0.0000000000
22429  27.294  -38.680  25.836 0.0000000000
22441  27.252  -38.845  24.807 0.0000000000
23131  34.068  -36.587  40.909 0.0000000000
23132  33.419  -36.943  40.966 0.0000000000
23133  32.953  -36.302  40.986 0.0000000000
23152  34.341  -36.954  40.215 0.0000000000
23153  33.622  -37.150  40.539 0.0000000000
23154  32.650  -36.991  40.470 0.0000000000
23155  32.224  -37.697  40.251 0.0000000000
23175  34.579  -37.353  39.405 0.0000000000
23176  32.455  -36.792  39.325 0.0000000000
23177  32.092  -37.614  39.906 0.0000000000
23194  34.761  -37.721  38.619 0.0000000000
23195  32.362  -36.678  38.574 0.0000000000
23196  31.954  -37.402  38.552 0.0000000000
23212  34.776  -37.738  37.671 0.0000000000
23213  34.503  -37.305  37.032 0.0000000000
23214  31.245  -37.572  37.347 0.0000000000
23215  30.783  -37.979  36.986 0.0000000000
23226  34.927  -38.087  36.492 0.0000000000
23227  34.363  -37.268  36.121 0.0000000000
23228  30.955  -37.498  36.545 0.0000000000
23229  30.491  -37.853  36.350 0.0000000000
23230  30.020  -38.036  35.951 0.0000000000
23236  34.987  -38.273  35.209 0.0000000000
23237  34.184  -37.171  34.958 0.0000000000
23238  30.937  -37.272  35.940 0.0000000000
23239  30.473  -37.399  35.388 0.0000000000
23240  29.655  -38.023  35.266 0.0000000000
23250  34.657  -37.933  33.858 0.0000000000
23251  34.020  -36.939  34.030 0.0000000000
23252  30.041  -37.332  34.605 0.0000000000
23253  29.241  -38.061  34.152 0.0000000000
23261  34.785  -37.797  32.627 0.0000000000
23262  28.650  -38.338  33.243 0.0000000000
23263  27.771  -39.337  32.532 0.0000000000
23268  35.729  -38.667  31.100 0.0000000000
23269  35.005  -37.546  31.486 0.0000000000
23275  35.800  -37.987  30.285 0.0000000000
23276  34.987  -36.900  30.676 0.0000000000
23277  32.201  -38.263  29.913 0.0000000000
23278  31.514  -37.895  29.820 0.0000000000
23279  30.993  -37.621  29.575 0.0000000000
23285  37.035  -38.359  28.578 0.0000000000
23286  36.444  -37.598  29.280 0.0000000000
23287  32.147  -37.944  29.206 0.0000000000
23288  31.482  -37.605  29.087 0.0000000000
23289  26.024  -39.151  29.770 0.0000000000
23293  37.315  -37.772  27.825 0.0000000000
23294  33.840  -38.456  27.787 0.0000000000
23295  32.986  -37.933  28.031 0.0000000000
23296  32.100  -37.609  28.377 0.0000000000
23297  31.276  -37.349  28.418 0.0000000000
23298  30.917  -37.431  29.036 0.0000000000
23299  25.838  -37.711  28.350 0.0000000000
23307  36.643  -37.547  27.564 0.0000000000
23308  35.751  -37.777  27.518 0.0000000000
23309  34.503  -37.939  27.577 0.0000000000
23310  33.302  -37.573  27.557 0.0000000000
23311  32.350  -37.323  27.599 0.0000000000
23312  31.645  -37.271  27.766 0.0000000000
23313  27.819  -38.626  27.884 0.0000000000
23314  26.243  -36.506  27.878 0.0000000000
23315  25.522  -37.188  27.703 0.0000000000
23316  24.164  -37.113  27.020 0.0000000000
23317  22.695  -37.420  27.007 0.0000000000
23318  21.666  -37.446  27.045 0.0000000000
23319  20.801  -37.638  27.306 0.0000000000
23320  19.981  -37.845  27.411 0.0000000000
23330  28.185  -37.776  27.713 0.0000000000
23331  27.814  -38.069  27.322 0.0000000000
23332  23.885  -36.445  26.463 0.0000000000
23333  23.146  -36.699  26.438 0.0000000000
23334  22.070  -36.934  26.534 0.0000000000
23335  21.081  -37.160  26.682 0.0000000000
23336  20.273  -37.406  26.822 0.0000000000
23347  27.594  -37.876  26.157 0.0000000000
23359  27.480  -37.943  25.078 0.0000000000
23370  27.437  -38.107  24.060 0.0000000000
24035  25.924  -36.878  42.710 0.0000000000
24052  34.423  -35.590  41.985 0.0000000000
24053  33.872  -35.619  42.158 0.0000000000
24054  25.653  -36.435  41.830 0.0000000000
24074  34.522  -35.882  41.154 0.0000000000
24075  34.047  -36.050  42.189 0.0000000000
24076  32.973  -36.075  41.360 0.0000000000
24100  34.527  -36.138  40.427 0.0000000000
24101  32.859  -35.823  40.892 0.0000000000
24121  34.546  -36.454  39.608 0.0000000000
24122  32.684  -35.892  39.820 0.0000000000
24141  34.610  -36.931  38.597 0.0000000000
24142  34.381  -36.223  38.136 0.0000000000
24143  32.536  -35.902  38.555 0.0000000000
24144  32.298  -36.480  38.021 0.0000000000
24158  34.492  -36.905  37.709 0.0000000000
24159  34.150  -36.252  37.123 0.0000000000
24160  32.374  -35.792  37.575 0.0000000000
24161  31.842  -36.437  37.192 0.0000000000
24175  33.837  -36.147  35.830 0.0000000000
24176  31.331  -36.866  36.340 0.0000000000
24188  33.644  -36.150  34.647 0.0000000000
24189  31.176  -36.637  35.415 0.0000000000
24190  30.732  -36.625  34.576 0.0000000000
24199  34.253  -37.116  33.273 0.0000000000
24200  33.574  -36.230  33.418 0.0000000000
24201  30.064  -36.760  33.764 0.0000000000
24202  29.248  -37.313  33.313 0.0000000000
24211  34.173  -36.814  32.402 0.0000000000
24212  33.517  -35.877  32.293 0.0000000000
24213  29.676  -36.551  32.945 0.0000000000
24214  28.752  -37.257  32.340 0.0000000000
24215  27.732  -38.381  31.527 0.0000000000
24224  34.131  -36.345  31.341 0.0000000000
24225  33.586  -35.514  31.551 0.0000000000
24226  28.455  -36.992  31.016 0.0000000000
24232  35.524  -36.811  29.895 0.0000000000
24233  34.545  -35.980  30.319 0.0000000000
24234  28.291  -36.500  30.188 0.0000000000
24241  37.069  -36.955  28.504 0.0000000000
24242  36.255  -36.436  29.254 0.0000000000
24243  35.305  -35.982  29.634 0.0000000000
24244  27.739  -36.044  29.323 0.0000000000
24248  37.396  -36.740  27.917 0.0000000000
24249  31.067  -37.081  27.786 0.0000000000
24250  30.458  -37.170  28.571 0.0000000000
24251  26.847  -36.067  28.403 0.0000000000
24254  36.987  -36.825  27.677 0.0000000000
24255  36.083  -36.766  27.564 0.0000000000
24256  34.881  -36.805  27.501 0.0000000000
24257  33.641  -36.751  27.431 0.0000000000
24258  32.583  -36.704  27.240 0.0000000000
24259  31.495  -36.633  27.036 0.0000000000
24260  30.489  -36.710  27.439 0.0000000000
24261  29.669  -36.893  28.046 0.0000000000
24262  26.306  -35.797  27.845 0.0000000000
24263  25.561  -36.097  27.317 0.0000000000
24264  25.018  -36.647  27.095 0.0000000000
24270  31.077  -36.016  26.562 0.0000000000
24271  30.607  -36.258  26.651 0.0000000000
24272  29.657  -36.386  26.642 0.0000000000
24273  28.621  -37.150  27.645 0.0000000000
24274  28.128  -37.495  27.332 0.0000000000
24275  25.156  -35.702  26.953 0.0000000000
24276  24.615  -36.049  26.638 0.0000000000
24277  23.441  -35.783  26.014 0.0000000000
24278  22.378  -36.253  25.975 0.0000000000
24279  21.362  -36.529  26.121 0.0000000000
24280  20.473  -36.840  26.263 0.0000000000
24281  20.008  -37.179  26.388 0.0000000000
24291  29.339  -36.156  25.846 0.0000000000
24292  28.659  -36.489  25.912 0.0000000000
24293  28.031  -37.266  26.648 0.0000000000
24294  22.993  -35.203  25.707 0.0000000000
24295  22.474  -35.475  25.670 0.0000000000
24296  21.570  -35.764  25.635 0.0000000000
24297  20.663  -36.140  25.678 0.0000000000
24308  28.173  -36.514  24.634 0.0000000000
24309  27.832  -37.128  25.454 0.0000000000
24324  27.685  -37.266  24.351 0.0000000000
24975  26.115  -36.521  43.232 0.0000000000
24976  25.480  -36.236  43.520 0.0000000000
24986  34.176  -35.413  42.084 0.0000000000
24987  33.818  -35.659  42.067 0.0000000000
24988  33.529  -35.728  41.969 0.0000000000
24989  26.232  -35.100  41.367 0.0000000000
24990  26.160  -35.364  42.170 0.0000000000
24991  24.907  -35.633  42.911 0.0000000000
25007  34.466  -35.518  41.596 0.0000000000
25008  33.363  -36.042  42.055 0.0000000000
25009  33.185  -35.939  41.511 0.0000000000
25010  26.290  -34.988  40.607 0.0000000000
25011  25.747  -35.807  41.099 0.0000000000
25032  34.530  -35.815  40.874 0.0000000000
25033  32.865  -35.334  41.231 0.0000000000
25034  26.202  -35.065  39.211 0.0000000000
25035  25.638  -35.722  39.976 0.0000000000
25057  34.561  -35.476  39.913 0.0000000000
25058  33.686  -34.965  39.799 0.0000000000
25059  32.952  -35.063  40.334 0.0000000000
25060  25.989  -35.120  38.100 0.0000000000
25061  25.508  -35.698  38.770 0.0000000000
25083  34.427  -36.024  38.934 0.0000000000
25084  33.890  -35.305  38.382 0.0000000000
25085  33.062  -35.313  39.076 0.0000000000
25086  25.782  -35.172  37.396 0.0000000000
25102  33.304  -35.093  36.738 0.0000000000
25103  32.778  -35.027  37.543 0.0000000000
25104  32.251  -35.310  36.760 0.0000000000
25105  25.390  -35.556  36.830 0.0000000000
25118  33.245  -35.161  35.434 0.0000000000
25119  31.661  -35.747  35.929 0.0000000000
25120  25.299  -35.495  36.109 0.0000000000
25132  33.162  -35.200  34.249 0.0000000000
25133  31.255  -35.698  34.833 0.0000000000
25134  30.710  -35.702  34.000 0.0000000000
25135  25.146  -35.433  35.241 0.0000000000
25150  33.147  -35.118  33.105 0.0000000000
25151  30.319  -35.733  33.113 0.0000000000
25164  33.273  -34.932  32.097 0.0000000000
25165  29.712  -35.848  32.335 0.0000000000
25166  29.145  -35.975  31.469 0.0000000000
25179  33.907  -35.513  30.947 0.0000000000
25180  33.544  -34.771  31.188 0.0000000000
25181  28.724  -35.978  30.724 0.0000000000
25192  34.094  -34.890  30.459 0.0000000000
25193  33.749  -34.347  30.704 0.0000000000
25194  28.406  -35.585  30.199 0.0000000000
25195  28.123  -35.247  29.845 0.0000000000
25208  36.901  -35.822  28.833 0.0000000000
25209  35.848  -35.427  29.271 0.0000000000
25210  34.832  -35.179  29.834 0.0000000000
25211  27.838  -35.174  29.574 0.0000000000
25212  27.563  -35.223  29.267 0.0000000000
25221  37.318  -35.874  28.125 0.0000000000
25222  36.847  -35.417  28.025 0.0000000000
25223  27.201  -35.376  28.809 0.0000000000
25224  26.671  -35.378  28.286 0.0000000000
25233  37.181  -36.315  27.834 0.0000000000
25234  36.551  -35.825  27.822 0.0000000000
25235  35.291  -35.742  27.631 0.0000000000
25236  34.053  -35.684  27.485 0.0000000000
25237  32.740  -35.570  27.120 0.0000000000
25238  32.074  -36.105  26.926 0.0000000000
25239  26.330  -35.284  27.900 0.0000000000
25240  25.926  -35.391  27.582 0.0000000000
25245  32.238  -34.905  26.756 0.0000000000
25246  31.519  -35.348  26.471 0.0000000000
25247  30.663  -35.751  26.165 0.0000000000
25248  30.205  -36.024  26.203 0.0000000000
25249  25.426  -35.351  27.208 0.0000000000
25250  24.927  -35.238  26.815 0.0000000000
25251  24.215  -35.054  26.354 0.0000000000
25256  31.058  -34.783  25.806 0.0000000000
25257  30.679  -35.169  25.706 0.0000000000
25258  29.830  -35.661  25.467 0.0000000000
25259  29.176  -36.045  25.502 0.0000000000
25260  23.347  -34.698  25.895 0.0000000000
25261  22.560  -34.754  25.608 0.0000000000
25262  21.753  -34.924  25.423 0.0000000000
25271  28.875  -35.917  24.883 0.0000000000
25931  34.241  -35.501  41.881 0.0000000000
25932  34.016  -35.876  42.012 0.0000000000
25933  33.580  -35.858  41.712 0.0000000000
25934  25.604  -34.411  42.847 0.0000000000
25947  34.449  -35.706  41.429 0.0000000000
25948  33.769  -35.794  41.342 0.0000000000
25949  33.150  -35.744  40.988 0.0000000000
25965  34.502  -35.876  40.960 0.0000000000
25966  34.147  -35.466  41.071 0.0000000000
25967  33.469  -34.879  40.957 0.0000000000
25985  34.522  -35.571  40.797 0.0000000000
25986  34.320  -34.828  40.756 0.0000000000
25987  33.511  -34.657  40.487 0.0000000000
26009  25.574  -35.374  37.136 0.0000000000
26026  32.963  -34.134  36.118 0.0000000000
26027  32.647  -34.143  36.764 0.0000000000
26028  32.285  -34.247  36.797 0.0000000000
26029  26.692  -33.611  36.801 0.0000000000
26030  25.863  -34.958  36.756 0.0000000000
26043  33.072  -34.177  35.049 0.0000000000
26044  31.820  -34.526  36.155 0.0000000000
26045  26.340  -34.183  35.140 0.0000000000
26046  25.831  -34.786  35.693 0.0000000000
26057  33.060  -34.177  33.904 0.0000000000
26058  31.478  -34.716  35.236 0.0000000000
26059  30.938  -34.716  34.437 0.0000000000
26060  26.209  -34.305  34.424 0.0000000000
26061  25.463  -34.949  34.230 0.0000000000
26062  24.577  -35.498  34.022 0.0000000000
26072  33.163  -34.123  32.785 0.0000000000
26073  30.474  -34.695  33.632 0.0000000000
26074  25.067  -34.807  32.925 0.0000000000
26075  24.208  -35.396  33.313 0.0000000000
26076  23.396  -35.474  33.162 0.0000000000
26087  33.342  -34.091  31.792 0.0000000000
26088  30.043  -34.664  32.745 0.0000000000
26089  29.493  -34.875  31.871 0.0000000000
26090  24.845  -34.595  32.362 0.0000000000
26091  24.236  -34.837  32.385 0.0000000000
26092  23.151  -35.152  32.588 0.0000000000
26107  33.794  -33.568  31.022 0.0000000000
26108  33.561  -34.016  30.986 0.0000000000
26109  28.844  -34.919  30.914 0.0000000000
26110  28.303  -34.475  30.531 0.0000000000
26111  24.081  -34.534  31.862 0.0000000000
26112  23.504  -34.606  31.857 0.0000000000
26129  34.918  -33.568  30.156 0.0000000000
26130  34.138  -33.883  30.439 0.0000000000
26131  33.719  -34.068  30.630 0.0000000000
26132  28.394  -34.923  30.264 0.0000000000
26133  27.960  -34.593  29.942 0.0000000000
26134  27.489  -34.427  29.567 0.0000000000
26149  35.348  -34.272  29.754 0.0000000000
26150  34.537  -34.544  30.093 0.0000000000
26151  27.644  -34.816  29.502 0.0000000000
26152  27.279  -34.745  29.109 0.0000000000
26161  37.097  -35.171  28.460 0.0000000000
26162  36.807  -35.131  28.226 0.0000000000
26163  26.858  -34.846  28.607 0.0000000000
26164  26.466  -34.884  28.143 0.0000000000
26177  36.401  -34.961  28.120 0.0000000000
26178  35.648  -34.788  27.893 0.0000000000
26179  34.547  -34.641  27.630 0.0000000000
26180  33.501  -34.572  27.334 0.0000000000
26181  26.149  -34.982  27.782 0.0000000000
26182  25.725  -34.806  27.528 0.0000000000
26183  25.307  -34.391  27.374 0.0000000000
26192  32.718  -34.393  26.923 0.0000000000
26193  32.066  -34.284  26.498 0.0000000000
26194  25.234  -34.828  27.141 0.0000000000
26195  24.754  -34.404  26.867 0.0000000000
26196  23.923  -34.130  26.379 0.0000000000
26204  31.414  -34.171  25.890 0.0000000000
26206  30.290  -35.004  25.225 0.0000000000
26207  23.279  -33.899  26.068 0.0000000000
26208  22.716  -34.038  25.764 0.0000000000
26209  21.951  -34.093  25.529 0.0000000000
26851  25.284  -33.530  42.312 0.0000000000
26872  33.122  -33.082  39.312 0.0000000000
26873  32.680  -33.183  39.606 0.0000000000
26874  32.277  -33.020  39.663 0.0000000000
26888  33.177  -33.067  38.560 0.0000000000
26889  32.620  -33.268  38.852 0.0000000000
26890  32.073  -33.081  39.137 0.0000000000
26904  33.120  -33.274  37.849 0.0000000000
26905  32.654  -33.407  38.205 0.0000000000
26906  31.894  -33.271  38.156 0.0000000000
26918  33.168  -33.280  36.983 0.0000000000
26919  32.450  -33.750  37.462 0.0000000000
26920  31.418  -33.450  36.849 0.0000000000
26921  30.770  -33.207  36.015 0.0000000000
26933  33.325  -33.175  35.908 0.0000000000
26934  31.213  -33.848  35.720 0.0000000000
26935  30.612  -33.361  35.269 0.0000000000
26936  27.332  -33.000  35.687 0.0000000000
26937  26.834  -33.519  35.375 0.0000000000
26952  30.970  -34.014  34.954 0.0000000000
26953  30.340  -33.642  34.319 0.0000000000
26954  29.676  -33.420  33.859 0.0000000000
26955  27.197  -33.260  34.921 0.0000000000
26956  26.701  -33.728  34.422 0.0000000000
26957  26.206  -34.252  33.956 0.0000000000
26970  30.035  -33.927  33.427 0.0000000000
26971  29.432  -33.560  33.276 0.0000000000
26972  28.983  -33.491  32.892 0.0000000000
26973  26.613  -33.834  33.558 0.0000000000
26974  25.904  -34.306  33.222 0.0000000000
26986  29.792  -33.971  32.958 0.0000000000
26987  29.411  -33.965  32.489 0.0000000000
26988  28.604  -33.666  32.310 0.0000000000
26989  27.722  -33.573  32.140 0.0000000000
26990  26.672  -33.760  32.486 0.0000000000
26991  25.425  -34.254  32.204 0.0000000000
26992  24.581  -34.417  31.897 0.0000000000
27006  28.974  -34.188  31.710 0.0000000000
27007  28.166  -33.983  31.137 0.0000000000
27008  27.054  -33.729  31.215 0.0000000000
27009  25.934  -33.820  31.284 0.0000000000
27010  24.891  -33.992  31.248 0.0000000000
27011  23.950  -34.245  31.256 0.0000000000
27012  22.958  -34.256  31.155 0.0000000000
27040  27.984  -34.196  30.417 0.0000000000
27041  27.357  -33.981  30.096 0.0000000000
27042  26.277  -33.740  30.242 0.0000000000
27043  25.239  -33.703  30.330 0.0000000000
27044  24.252  -33.725  30.417 0.0000000000
27045  23.304  -33.779  30.467 0.0000000000
27072  27.043  -34.219  29.207 0.0000000000
27073  26.426  -33.882  29.287 0.0000000000
27074  25.518  -33.632  29.353 0.0000000000
27075  24.547  -33.432  29.465 0.0000000000
27076  23.589  -33.378  29.625 0.0000000000
27093  36.870  -34.595  28.129 0.0000000000
27094  36.553  -34.668  28.064 0.0000000000
27095  26.934  -34.494  28.850 0.0000000000
27096  26.454  -34.317  28.513 0.0000000000
27097  25.703  -33.821  28.464 0.0000000000
27098  24.799  -33.457  28.475 0.0000000000
27099  23.799  -33.173  28.593 0.0000000000
27100  22.917  -33.166  28.958 0.0000000000
27114  36.254  -33.989  27.921 0.0000000000
27115  35.101  -33.701  27.714 0.0000000000
27116  33.999  -33.531  27.476 0.0000000000
27117  33.235  -33.750  27.124 0.0000000000
27118  26.151  -34.608  27.922 0.0000000000
27119  25.771  -34.233  27.844 0.0000000000
27120  25.003  -33.825  27.586 0.0000000000
27121  24.034  -33.300  27.627 0.0000000000
27134  24.272  -33.708  26.946 0.0000000000
27135  23.328  -33.312  26.698 0.0000000000
27136  22.580  -33.133  26.316 0.0000000000
27149  22.840  -33.508  26.082 0.0000000000
27150  22.155  -33.335  25.857 0.0000000000
27715  32.886  -32.289  42.205 0.0000000000
27716  32.512  -32.319  41.890 0.0000000000
27717  32.001  -32.190  41.465 0.0000000000
27718  28.045  -31.817  42.100 0.0000000000
27721  33.056  -32.385  41.562 0.0000000000
27722  32.605  -32.545  41.008 0.0000000000
27723  31.922  -32.280  40.673 0.0000000000
27724  28.289  -31.422  42.333 0.0000000000
27730  33.176  -32.650  40.284 0.0000000000
27731  32.463  -32.844  40.169 0.0000000000
27732  31.799  -32.466  39.710 0.0000000000
27733  28.341  -31.570  41.739 0.0000000000
27746  33.379  -32.305  39.081 0.0000000000
27747  31.300  -32.320  38.644 0.0000000000
27748  30.632  -32.091  37.933 0.0000000000
27761  33.506  -32.299  37.890 0.0000000000
27762  31.113  -32.710  37.632 0.0000000000
27763  30.553  -32.359  37.245 0.0000000000
27770  33.679  -32.126  36.777 0.0000000000
27771  30.840  -32.826  37.084 0.0000000000
27772  30.470  -32.613  36.547 0.0000000000
27773  29.946  -32.292  36.055 0.0000000000
27784  30.271  -32.718  35.698 0.0000000000
27785  29.511  -32.410  35.550 0.0000000000
27786  28.306  -32.429  35.746 0.0000000000
27787  27.665  -32.883  34.971 0.0000000000
27801  30.043  -32.906  35.014 0.0000000000
27802  29.269  -32.863  34.468 0.0000000000
27803  28.163  -32.835  34.385 0.0000000000
27804  27.371  -33.215  34.214 0.0000000000
27805  26.937  -33.496  33.894 0.0000000000
27823  29.260  -33.261  33.802 0.0000000000
27824  28.706  -33.237  33.539 0.0000000000
27825  27.835  -33.188  33.553 0.0000000000
27826  27.157  -33.451  33.429 0.0000000000
27846  28.621  -33.424  32.920 0.0000000000
27847  28.172  -33.371  32.892 0.0000000000
27848  27.515  -33.427  32.897 0.0000000000
27933  23.549  -33.064  27.944 0.0000000000
27934  23.046  -32.976  28.164 0.0000000000
27953  23.262  -33.027  27.496 0.0000000000
27954  22.600  -32.842  27.588 0.0000000000
27974  22.933  -32.932  27.123 0.0000000000
27975  22.430  -32.816  26.848 0.0000000000
27992  22.052  -32.856  26.289 0.0000000000
28577  32.670  -30.812  43.848 0.0000000000
28578  32.310  -31.010  44.007 0.0000000000
28579  31.739  -31.175  43.961 0.0000000000
28580  27.646  -31.347  43.743 0.0000000000
28581  27.493  -31.645  43.485 0.0000000000
28582  26.624  -32.230  43.235 0.0000000000
28586  32.875  -31.169  43.471 0.0000000000
28587  32.399  -31.534  43.373 0.0000000000
28588  31.656  -31.434  43.294 0.0000000000
28589  27.768  -31.318  43.599 0.0000000000
28593  33.167  -31.742  42.537 0.0000000000
28594  32.440  -31.962  42.636 0.0000000000
28595  31.660  -31.626  42.315 0.0000000000
28596  28.005  -31.383  43.049 0.0000000000
28597  27.408  -32.505  42.176 0.0000000000
28599  33.316  -31.597  41.192 0.0000000000
28600  31.296  -31.301  41.377 0.0000000000
28601  30.614  -30.955  41.014 0.0000000000
28602  28.925  -30.419  42.147 0.0000000000
28603  28.604  -30.926  42.321 0.0000000000
28608  33.228  -31.281  39.855 0.0000000000
28609  31.242  -31.542  40.351 0.0000000000
28610  30.312  -31.098  40.396 0.0000000000
28611  29.350  -30.975  40.923 0.0000000000
28612  28.591  -31.555  40.835 0.0000000000
28613  28.002  -32.178  41.137 0.0000000000
28623  33.326  -30.890  38.494 0.0000000000
28624  31.002  -31.675  39.504 0.0000000000
28625  30.109  -31.483  38.882 0.0000000000
28626  28.826  -31.584  39.237 0.0000000000
28627  28.104  -32.192  39.794 0.0000000000
28628  27.145  -33.330  40.280 0.0000000000
28641  33.639  -30.971  37.364 0.0000000000
28642  30.075  -31.870  37.496 0.0000000000
28643  29.201  -31.784  37.724 0.0000000000
28644  27.871  -32.560  37.779 0.0000000000
28655  30.200  -32.191  36.949 0.0000000000
28656  29.680  -32.091  36.675 0.0000000000
28657  28.806  -32.072  36.759 0.0000000000
28669  29.568  -32.212  36.076 0.0000000000
28670  29.156  -32.140  36.117 0.0000000000
28671  25.471  -31.525  36.863 0.0000000000
29412  32.996  -30.552  43.683 0.0000000000
29413  32.444  -30.327  44.146 0.0000000000
29414  31.481  -30.257  44.320 0.0000000000
29415  30.512  -29.727  44.204 0.0000000000
29416  27.842  -31.260  43.812 0.0000000000
29417  27.506  -31.211  43.872 0.0000000000
29418  27.089  -31.370  43.784 0.0000000000
29422  33.310  -30.771  43.052 0.0000000000
29423  30.982  -30.653  43.906 0.0000000000
29424  30.076  -29.770  43.714 0.0000000000
29425  27.762  -31.049  43.761 0.0000000000
29426  27.322  -30.795  43.955 0.0000000000
29427  26.596  -31.062  43.266 0.0000000000
29432  33.415  -30.502  42.031 0.0000000000
29433  33.378  -29.476  41.469 0.0000000000
29434  30.786  -30.710  43.116 0.0000000000
29435  29.589  -29.898  43.002 0.0000000000
29436  28.928  -29.760  42.680 0.0000000000
29437  28.158  -30.310  43.736 0.0000000000
29438  27.192  -30.180  43.226 0.0000000000
29439  26.611  -30.427  41.867 0.0000000000
29443  33.184  -30.255  40.747 0.0000000000
29444  33.241  -29.097  40.650 0.0000000000
29445  30.709  -30.752  42.329 0.0000000000
29446  30.087  -30.381  41.967 0.0000000000
29447  29.231  -30.064  42.142 0.0000000000
29448  28.748  -30.032  42.942 0.0000000000
29449  26.363  -29.986  40.200 0.0000000000
29456  33.013  -29.865  39.500 0.0000000000
29457  32.961  -29.064  39.890 0.0000000000
29458  30.023  -30.602  41.320 0.0000000000
29459  29.760  -30.676  41.204 0.0000000000
29460  25.958  -29.895  38.647 0.0000000000
29469  32.974  -30.006  38.470 0.0000000000
29470  32.867  -29.542  39.048 0.0000000000
29471  26.028  -29.528  37.727 0.0000000000
29483  33.351  -30.208  37.650 0.0000000000
29484  32.780  -29.886  38.022 0.0000000000
29485  31.518  -29.783  37.683 0.0000000000
29486  30.763  -29.526  37.377 0.0000000000
29497  33.803  -30.150  36.821 0.0000000000
29498  33.064  -29.931  36.927 0.0000000000
29499  31.941  -30.030  36.890 0.0000000000
29500  30.885  -29.883  36.874 0.0000000000
29501  25.744  -30.150  37.459 0.0000000000
29515  32.131  -30.150  35.926 0.0000000000
29516  30.718  -30.142  35.888 0.0000000000
29517  29.958  -29.761  35.303 0.0000000000
29518  25.590  -30.342  36.057 0.0000000000
29533  32.262  -30.137  34.928 0.0000000000
29534  31.167  -30.321  34.817 0.0000000000
29535  30.130  -30.052  34.672 0.0000000000
29548  32.310  -29.972  33.939 0.0000000000
29549  31.397  -30.234  33.826 0.0000000000
29550  30.430  -30.158  33.701 0.0000000000
29565  31.576  -30.098  32.772 0.0000000000
29566  30.754  -30.217  32.923 0.0000000000
29581  31.376  -30.014  31.715 0.0000000000
29593  31.785  -29.804  31.326 0.0000000000
29594  31.328  -29.862  31.039 0.0000000000
30229  33.240  -30.258  43.399 0.0000000000
30230  32.981  -29.666  43.787 0.0000000000
30231  31.897  -29.327  44.337 0.0000000000
30232  30.598  -28.979  44.498 0.0000000000
30233  29.724  -28.391  44.636 0.0000000000
30237  33.390  -29.926  42.935 0.0000000000
30238  33.248  -28.869  42.963 0.0000000000
30239  29.509  -28.977  44.444 0.0000000000
30240  29.254  -28.222  44.557 0.0000000000
30246  33.461  -29.414  42.233 0.0000000000
30247  33.396  -28.447  41.831 0.0000000000
30248  29.017  -28.967  43.707 0.0000000000
30249  28.609  -28.835  43.037 0.0000000000
30250  28.302  -29.683  43.196 0.0000000000
30251  27.864  -29.686  42.815 0.0000000000
30252  27.292  -29.755  42.145 0.0000000000
30259  32.995  -28.238  40.843 0.0000000000
30260  32.385  -28.047  40.607 0.0000000000
30261  28.796  -28.810  42.326 0.0000000000
30262  28.464  -29.233  42.247 0.0000000000
30263  27.707  -29.012  41.421 0.0000000000
30264  26.867  -29.399  40.997 0.0000000000
30273  32.681  -28.657  40.175 0.0000000000
30274  31.871  -28.405  40.083 0.0000000000
30275  31.020  -28.340  39.869 0.0000000000
30276  27.100  -28.629  40.371 0.0000000000
30277  26.507  -28.992  39.551 0.0000000000
30286  32.611  -29.075  39.366 0.0000000000
30287  31.439  -28.928  39.283 0.0000000000
30288  30.465  -28.304  39.317 0.0000000000
30289  26.388  -29.046  38.189 0.0000000000
30304  32.844  -29.715  38.886 0.0000000000
30305  32.074  -29.531  38.614 0.0000000000
30306  30.474  -28.909  38.074 0.0000000000
30307  29.810  -28.210  37.441 0.0000000000
30308  26.228  -29.001  37.092 0.0000000000
30309  25.925  -29.541  37.212 0.0000000000
30317  30.361  -29.247  36.863 0.0000000000
30318  29.862  -28.516  36.812 0.0000000000
30319  26.101  -28.795  36.028 0.0000000000
30320  25.845  -29.507  36.538 0.0000000000
30332  30.415  -29.625  36.359 0.0000000000
30333  29.868  -29.141  35.842 0.0000000000
30334  26.045  -28.749  35.453 0.0000000000
30335  25.746  -29.292  35.347 0.0000000000
30346  29.537  -29.323  34.691 0.0000000000
30347  25.475  -29.318  34.225 0.0000000000
30356  29.570  -29.603  33.638 0.0000000000
30357  25.110  -29.425  33.371 0.0000000000
30373  30.718  -30.116  32.020 0.0000000000
30374  29.912  -29.804  32.454 0.0000000000
30375  25.179  -28.860  32.875 0.0000000000
30394  30.855  -29.954  31.259 0.0000000000
30395  30.210  -29.723  31.264 0.0000000000
30411  31.908  -29.661  30.578 0.0000000000
30412  30.883  -29.640  30.483 0.0000000000
30413  29.960  -29.327  30.354 0.0000000000
30432  32.680  -29.391  29.835 0.0000000000
30433  31.628  -29.332  29.530 0.0000000000
30434  30.573  -29.175  29.648 0.0000000000
30435  29.885  -28.948  29.677 0.0000000000
30457  32.644  -29.037  28.984 0.0000000000
30458  31.857  -28.878  28.682 0.0000000000
31013  32.365  -28.488  43.737 0.0000000000
31014  31.241  -28.231  44.286 0.0000000000
31015  30.229  -28.029  44.647 0.0000000000
31016  29.552  -27.938  44.605 0.0000000000
31021  32.700  -27.785  42.890 0.0000000000
31022  29.028  -28.090  44.048 0.0000000000
31023  29.328  -27.881  44.316 0.0000000000
31030  32.585  -27.449  42.003 0.0000000000
31031  31.545  -27.331  42.034 0.0000000000
31032  29.857  -27.757  42.794 0.0000000000
31033  29.277  -28.308  42.272 0.0000000000
31041  32.282  -27.698  41.282 0.0000000000
31042  31.309  -27.821  41.190 0.0000000000
31043  30.126  -27.985  41.427 0.0000000000
31044  29.376  -28.066  41.353 0.0000000000
31045  28.799  -28.192  41.322 0.0000000000
31046  28.274  -28.309  41.144 0.0000000000
31053  30.936  -28.115  40.547 0.0000000000
31054  30.158  -28.017  40.304 0.0000000000
31055  29.367  -27.599  40.221 0.0000000000
31056  28.635  -27.669  40.332 0.0000000000
31057  27.766  -27.908  40.081 0.0000000000
31058  27.116  -28.316  39.487 0.0000000000
31068  29.908  -27.701  39.547 0.0000000000
31069  29.500  -27.527  39.200 0.0000000000
31070  27.596  -27.942  38.722 0.0000000000
31071  26.907  -28.423  38.542 0.0000000000
31086  29.955  -27.953  38.857 0.0000000000
31087  29.521  -27.823  38.115 0.0000000000
31088  28.968  -27.655  37.571 0.0000000000
31089  27.369  -28.094  37.711 0.0000000000
31090  26.795  -28.466  37.483 0.0000000000
31098  29.282  -27.860  36.954 0.0000000000
31099  28.577  -27.655  36.979 0.0000000000
31100  27.195  -28.090  36.940 0.0000000000
31101  26.719  -28.265  36.391 0.0000000000
31108  29.243  -28.168  35.942 0.0000000000
31109  28.608  -27.740  36.147 0.0000000000
31110  26.431  -28.277  35.235 0.0000000000
31111  26.024  -28.721  35.162 0.0000000000
31118  29.104  -28.442  34.915 0.0000000000
31119  28.560  -27.778  35.176 0.0000000000
31120  26.377  -27.945  34.120 0.0000000000
31121  25.957  -28.633  34.585 0.0000000000
31129  28.965  -28.707  33.806 0.0000000000
31130  28.482  -27.835  34.108 0.0000000000
31131  26.265  -27.739  33.539 0.0000000000
31132  25.723  -28.343  33.414 0.0000000000
31142  29.051  -28.939  32.609 0.0000000000
31143  28.365  -28.042  32.942 0.0000000000
31144  25.176  -28.306  32.224 0.0000000000
31145  24.674  -28.861  31.926 0.0000000000
31159  29.317  -29.054  31.258 0.0000000000
31160  28.455  -28.224  31.703 0.0000000000
31161  25.092  -27.897  31.598 0.0000000000
31162  24.606  -28.355  31.309 0.0000000000
31178  29.325  -28.769  30.092 0.0000000000
31179  28.656  -28.254  30.535 0.0000000000
31195  31.030  -28.843  28.896 0.0000000000
31196  30.227  -28.675  29.115 0.0000000000
31197  29.526  -28.527  29.319 0.0000000000
31198  28.840  -28.224  29.539 0.0000000000
31218  32.532  -28.251  28.359 0.0000000000
31219  31.524  -28.239  28.283 0.0000000000
31220  30.611  -28.254  28.509 0.0000000000
31221  29.829  -28.207  28.696 0.0000000000
31222  29.157  -28.167  28.871 0.0000000000
31242  32.120  -27.806  28.024 0.0000000000
31243  31.655  -27.612  27.923 0.0000000000
31795  31.728  -27.501  43.675 0.0000000000
31796  30.668  -27.524  44.186 0.0000000000
31797  29.881  -27.715  44.359 0.0000000000
31798  29.541  -27.809  44.405 0.0000000000
31801  32.017  -26.957  42.954 0.0000000000
31802  31.017  -27.080  43.541 0.0000000000
31803  29.935  -27.558  43.886 0.0000000000
31804  29.644  -27.708  44.214 0.0000000000
31809  31.906  -27.104  42.451 0.0000000000
31810  31.154  -27.104  42.842 0.0000000000
31811  30.487  -27.331  43.286 0.0000000000
31825  29.054  -27.383  39.606 0.0000000000
31826  28.540  -27.525  39.430 0.0000000000
31827  28.106  -27.674  39.047 0.0000000000
31840  29.043  -27.470  38.848 0.0000000000
31841  28.543  -27.588  38.604 0.0000000000
31842  28.105  -27.667  38.375 0.0000000000
31856  28.918  -27.573  38.162 0.0000000000
31857  28.442  -27.635  37.782 0.0000000000
31858  27.875  -27.748  37.753 0.0000000000
31866  28.115  -27.637  37.139 0.0000000000
31867  27.665  -27.797  36.864 0.0000000000
31868  27.269  -27.856  36.330 0.0000000000
31873  28.087  -27.590  36.415 0.0000000000
31874  27.610  -27.617  35.932 0.0000000000
31875  27.053  -27.706  35.585 0.0000000000
31881  28.049  -27.487  35.515 0.0000000000
31882  27.503  -27.464  34.957 0.0000000000
31883  26.890  -27.501  34.544 0.0000000000
31888  27.987  -27.342  34.484 0.0000000000
31889  27.327  -27.167  33.769 0.0000000000
31890  26.691  -27.304  33.456 0.0000000000
31891  26.212  -27.577  33.155 0.0000000000
31899  27.894  -27.282  33.355 0.0000000000
31900  27.298  -26.961  32.706 0.0000000000
31901  26.456  -27.222  32.767 0.0000000000
31902  25.870  -27.569  32.579 0.0000000000
31911  27.738  -27.341  32.093 0.0000000000
31912  27.156  -26.767  31.865 0.0000000000
31913  26.207  -27.094  32.227 0.0000000000
31914  25.582  -27.304  31.577 0.0000000000
31915  25.052  -27.718  31.254 0.0000000000
31930  27.946  -27.554  30.912 0.0000000000
31931  27.329  -26.949  31.169 0.0000000000
31932  25.583  -26.825  30.814 0.0000000000
31933  24.888  -27.359  30.560 0.0000000000
31946  28.134  -27.632  29.827 0.0000000000
31947  27.453  -27.056  30.241 0.0000000000
31967  30.978  -27.709  28.011 0.0000000000
31968  30.173  -27.755  28.129 0.0000000000
31969  29.322  -27.823  28.236 0.0000000000
31970  28.405  -27.767  28.701 0.0000000000
31971  27.407  -27.131  29.103 0.0000000000
31972  26.957  -26.925  28.680 0.0000000000
31993  30.583  -27.204  27.672 0.0000000000
31994  29.745  -27.327  27.651 0.0000000000
31995  28.706  -27.377  27.591 0.0000000000
31996  27.614  -27.368  27.948 0.0000000000
31997  27.147  -27.118  28.425 0.0000000000
32020  28.290  -27.153  27.159 0.0000000000
32021  28.047  -27.288  27.396 0.0000000000
32590  26.967  -26.907  32.910 0.0000000000
32591  26.759  -27.055  32.865 0.0000000000
32600  26.876  -26.760  32.224 0.0000000000
32601  26.671  -26.951  32.428 0.0000000000
32610  26.765  -26.656  31.640 0.0000000000
32611  26.367  -26.756  31.770 0.0000000000
32612  25.950  -26.612  31.184 0.0000000000
32624  26.941  -26.601  31.279 0.0000000000
32625  26.484  -26.533  31.038 0.0000000000
32626  25.948  -26.431  30.556 0.0000000000
32627  25.468  -26.654  30.260 0.0000000000
32640  26.961  -26.605  30.628 0.0000000000
32641  26.468  -26.474  30.181 0.0000000000
32642  25.871  -26.363  29.785 0.0000000000
32643  25.035  -26.572  29.633 0.0000000000
32660  26.988  -26.691  29.865 0.0000000000
32661  26.594  -26.614  29.209 0.0000000000
32662  25.743  -26.307  28.849 0.0000000000
32685  27.276  -27.180  27.612 0.0000000000
32686  26.728  -26.867  28.005 0.0000000000
32687  25.519  -26.110  27.701 0.0000000000
102798  28.505  -40.967  31.930 0.0000000000
102799  27.617  -41.904  32.862 0.0000000000
102800  27.616  -41.559  31.315 0.0000000000
102801  27.115  -40.946  33.241 0.0000000000
102802  27.322  -41.471  30.472 0.0000000000
102803  29.869  -39.325  31.732 0.0000000000
102804  28.090  -40.879  31.127 0.0000000000
102805  27.856  -41.281  31.376 0.0000000000
102806  27.475  -40.815  33.924 0.0000000000
102807  27.849  -40.134  33.673 0.0000000000
102808  27.202  -39.106  31.515 0.0000000000
102809  27.239  -39.360  32.030 0.0000000000
102810  27.304  -39.593  32.394 0.0000000000
102811  27.356  -41.290  30.190 0.0000000000
102812  29.506  -39.086  30.911 0.0000000000
102813  27.627  -41.221  30.806 0.0000000000
102814  27.412  -40.143  33.030 0.0000000000
102815  27.118  -38.894  30.948 0.0000000000
102816  29.502  -37.897  29.556 0.0000000000
102817  26.801  -39.220  30.883 0.0000000000
102818  27.414  -37.767  30.030 0.0000000000
102819  28.027  -40.214  29.865 0.0000000000
102820  30.472  -37.525  29.455 0.0000000000
102821  26.624  -37.214  28.522 0.0000000000
102822  28.228  -38.636  28.598 0.0000000000
102823  26.583  -39.004  30.321 0.0000000000
102824  28.753  -39.695  30.525 0.0000000000
102877  26.274  -34.090  43.199 0.0000000000
102878  26.273  -34.295  42.871 0.0000000000
102879  26.170  -33.869  43.296 0.0000000000
102880  25.986  -33.475  43.503 0.0000000000
102881  26.325  -33.954  43.045 0.0000000000
102882  26.304  -34.930  41.206 0.0000000000
102883  26.367  -34.453  42.351 0.0000000000
102884  25.771  -33.647  43.231 0.0000000000
102885  26.228  -33.264  43.236 0.0000000000
102886  25.874  -33.016  43.135 0.0000000000
102887  26.427  -33.934  42.518 0.0000000000
102888  26.464  -33.578  42.967 0.0000000000
102889  26.678  -34.313  40.184 0.0000000000
102890  26.488  -34.569  40.464 0.0000000000
102891  26.518  -34.073  41.535 0.0000000000
102892  25.636  -32.378  39.739 0.0000000000
102893  25.144  -33.211  40.621 0.0000000000
102894  26.823  -33.029  42.983 0.0000000000
102895  25.867  -32.008  41.812 0.0000000000
102896  25.964  -31.731  39.950 0.0000000000
102897  26.891  -33.355  42.050 0.0000000000
102898  26.592  -34.365  40.410 0.0000000000
102899  26.709  -34.176  40.381 0.0000000000
102900  26.874  -34.060  40.240 0.0000000000
102901  26.704  -34.145  40.464 0.0000000000
102902  27.203  -33.014  41.452 0.0000000000
102903  25.322  -33.022  39.398 0.0000000000
102904  25.860  -31.996  39.467 0.0000000000
102905  26.047  -31.141  39.389 0.0000000000
102906  26.271  -30.977  40.467 0.0000000000
102908  26.178  -34.574  37.464 0.0000000000
102909  26.841  -33.987  40.382 0.0000000000
102910  27.287  -32.901  41.247 0.0000000000
102911  26.093  -30.509  39.422 0.0000000000
102912  25.812  -30.678  38.398 0.0000000000
102913  26.774  -33.960  40.614 0.0000000000
102914  26.672  -34.175  38.358 0.0000000000
102915  26.644  -34.392  39.690 0.0000000000
102916  27.120  -33.427  38.005 0.0000000000
102918  26.780  -33.668  37.689 0.0000000000
102919  26.487  -34.436  40.789 0.0000000000
102921  27.189  -33.122  37.486 0.0000000000
102922  27.489  -32.766  36.465 0.0000000000
102923  25.814  -30.265  38.452 0.0000000000
102925  25.825  -31.787  38.810 0.0000000000
102926  25.781  -30.235  38.208 0.0000000000
