#!ascii label  , from subject FREESURFER vox2ras=TkReg 
657
48670  8.925  -8.598  21.900 0.0000000000
49584  0.039  -8.530  25.230 0.0000000000
49585  -0.438  -8.564  25.205 0.0000000000
49586  -1.333  -8.501  25.054 0.0000000000
49592  1.513  -8.645  24.376 0.0000000000
49593  0.437  -8.649  24.749 0.0000000000
49594  -0.583  -8.406  24.381 0.0000000000
49595  -1.477  -8.042  24.522 0.0000000000
49598  9.655  -8.230  22.204 0.0000000000
49603  3.393  -7.926  23.255 0.0000000000
49604  0.671  -9.144  23.706 0.0000000000
49605  0.428  -8.433  23.432 0.0000000000
49606  -0.304  -7.921  23.489 0.0000000000
49609  9.215  -8.223  21.810 0.0000000000
49610  8.594  -8.234  21.599 0.0000000000
49613  5.767  -7.725  21.953 0.0000000000
49614  1.374  -8.889  22.355 0.0000000000
49615  0.955  -8.020  22.308 0.0000000000
49618  2.134  -8.872  20.941 0.0000000000
49621  3.095  -8.536  19.037 0.0000000000
49622  2.745  -8.780  19.694 0.0000000000
50548  -0.049  -7.942  25.209 0.0000000000
50549  -1.131  -7.901  25.479 0.0000000000
50550  -2.218  -7.707  25.030 0.0000000000
50551  -2.477  -7.094  24.856 0.0000000000
50555  2.479  -7.948  23.728 0.0000000000
50556  1.467  -7.665  24.233 0.0000000000
50557  0.598  -7.842  24.751 0.0000000000
50558  -1.060  -7.751  23.880 0.0000000000
50559  -1.832  -7.244  24.183 0.0000000000
50560  -2.319  -7.187  24.680 0.0000000000
50562  9.928  -7.397  22.107 0.0000000000
50563  9.510  -7.819  21.815 0.0000000000
50564  5.002  -7.654  22.350 0.0000000000
50565  4.035  -7.312  22.597 0.0000000000
50566  3.000  -7.346  23.148 0.0000000000
50567  2.324  -7.425  23.603 0.0000000000
50568  0.320  -7.431  22.515 0.0000000000
50569  -0.614  -7.251  23.167 0.0000000000
50570  -1.225  -7.198  23.612 0.0000000000
50573  9.678  -6.850  21.616 0.0000000000
50574  9.128  -7.278  21.271 0.0000000000
50575  8.024  -7.647  21.151 0.0000000000
50576  7.041  -7.618  21.317 0.0000000000
50577  6.160  -7.444  21.447 0.0000000000
50578  5.268  -7.100  21.619 0.0000000000
50579  4.672  -7.144  22.099 0.0000000000
50580  1.639  -7.656  21.403 0.0000000000
50581  0.997  -7.424  21.943 0.0000000000
50584  8.739  -6.627  20.817 0.0000000000
50585  8.249  -6.839  20.771 0.0000000000
50586  7.363  -6.956  20.810 0.0000000000
50587  6.430  -6.979  20.985 0.0000000000
50588  5.829  -7.007  21.204 0.0000000000
50589  2.764  -7.347  19.940 0.0000000000
50590  2.482  -7.870  20.402 0.0000000000
50593  3.113  -7.763  19.197 0.0000000000
50594  2.828  -7.941  19.787 0.0000000000
50597  3.308  -7.619  18.175 0.0000000000
51539  -0.043  -7.325  25.116 0.0000000000
51540  -0.611  -7.017  25.308 0.0000000000
51541  -1.860  -6.919  25.565 0.0000000000
51542  -2.484  -6.836  25.049 0.0000000000
51548  1.424  -6.844  24.068 0.0000000000
51549  0.508  -6.919  24.667 0.0000000000
51550  -0.308  -6.091  24.795 0.0000000000
51551  -1.847  -6.572  24.042 0.0000000000
51552  -2.292  -6.707  24.609 0.0000000000
51556  3.961  -6.810  22.371 0.0000000000
51557  3.418  -6.670  22.606 0.0000000000
51558  2.215  -6.661  23.408 0.0000000000
51559  0.386  -6.866  22.141 0.0000000000
51560  -0.126  -6.640  22.381 0.0000000000
51561  -1.117  -6.503  23.341 0.0000000000
51564  9.930  -6.326  21.916 0.0000000000
51565  9.533  -6.307  21.316 0.0000000000
51566  5.019  -6.655  21.476 0.0000000000
51567  4.316  -6.431  21.887 0.0000000000
51568  3.436  -6.070  22.319 0.0000000000
51569  1.638  -6.949  21.185 0.0000000000
51570  0.910  -6.595  21.580 0.0000000000
51571  0.045  -6.021  21.905 0.0000000000
51573  9.066  -6.209  20.795 0.0000000000
51574  8.425  -6.112  20.512 0.0000000000
51575  7.643  -6.187  20.450 0.0000000000
51576  6.688  -6.235  20.599 0.0000000000
51577  5.471  -6.341  21.075 0.0000000000
51578  4.745  -5.843  21.294 0.0000000000
51579  2.665  -6.959  20.049 0.0000000000
51580  2.124  -6.688  20.501 0.0000000000
51581  1.362  -6.120  20.867 0.0000000000
51584  2.843  -6.887  19.668 0.0000000000
51585  2.578  -6.203  19.456 0.0000000000
51588  3.058  -6.539  18.730 0.0000000000
51589  2.757  -6.105  18.994 0.0000000000
52537  -1.297  -6.095  25.036 0.0000000000
52538  -2.234  -6.290  24.989 0.0000000000
52539  -2.456  -6.537  24.887 0.0000000000
52547  1.342  -6.153  23.945 0.0000000000
52548  0.550  -5.433  24.165 0.0000000000
52549  -0.587  -5.479  24.248 0.0000000000
52550  -1.539  -5.926  24.080 0.0000000000
52551  -2.266  -6.398  24.702 0.0000000000
52557  2.788  -5.966  22.685 0.0000000000
52558  1.813  -5.200  23.252 0.0000000000
52559  0.834  -4.553  23.536 0.0000000000
52560  -0.523  -5.967  22.397 0.0000000000
52561  -0.792  -5.540  22.880 0.0000000000
52565  9.902  -5.638  21.938 0.0000000000
52566  9.728  -5.625  21.548 0.0000000000
52567  4.238  -5.370  21.517 0.0000000000
52568  3.155  -5.177  22.191 0.0000000000
52569  2.163  -4.306  22.678 0.0000000000
52570  0.374  -5.793  21.537 0.0000000000
52571  -0.148  -5.344  21.863 0.0000000000
52572  -0.491  -4.995  22.413 0.0000000000
52575  9.430  -5.455  20.943 0.0000000000
52576  8.761  -5.294  20.388 0.0000000000
52577  7.954  -5.389  20.107 0.0000000000
52578  7.096  -5.423  20.222 0.0000000000
52579  6.099  -5.332  20.510 0.0000000000
52580  4.980  -5.120  20.956 0.0000000000
52581  1.513  -5.931  20.522 0.0000000000
52582  0.814  -5.444  20.893 0.0000000000
52583  0.213  -4.766  21.345 0.0000000000
52586  8.280  -4.862  20.033 0.0000000000
52587  7.899  -4.790  19.909 0.0000000000
52588  1.757  -5.614  19.932 0.0000000000
52589  1.049  -4.953  20.016 0.0000000000
52591  2.909  -6.039  18.541 0.0000000000
52592  2.489  -5.629  18.808 0.0000000000
52599  3.027  -5.995  18.079 0.0000000000
52600  2.592  -5.199  17.698 0.0000000000
52611  3.149  -5.908  17.118 0.0000000000
53554  0.011  -4.761  23.634 0.0000000000
53555  -0.660  -5.171  23.506 0.0000000000
53556  -0.877  -5.404  23.330 0.0000000000
53567  9.868  -5.150  22.111 0.0000000000
53569  1.322  -4.046  23.024 0.0000000000
53570  0.408  -4.241  22.954 0.0000000000
53571  -0.269  -4.653  22.962 0.0000000000
53572  -0.647  -5.021  22.906 0.0000000000
53579  9.796  -5.283  21.766 0.0000000000
53580  9.678  -4.696  21.493 0.0000000000
53581  4.012  -4.199  21.505 0.0000000000
53582  2.759  -3.878  22.222 0.0000000000
53583  1.790  -3.598  22.525 0.0000000000
53584  0.832  -3.855  22.042 0.0000000000
53585  -0.000  -4.566  22.178 0.0000000000
53586  -0.376  -4.791  22.583 0.0000000000
53589  9.219  -4.499  20.659 0.0000000000
53590  8.613  -4.419  20.178 0.0000000000
53591  7.446  -4.829  19.977 0.0000000000
53592  6.769  -4.419  20.100 0.0000000000
53593  5.611  -4.312  20.565 0.0000000000
53594  4.864  -4.247  20.948 0.0000000000
53595  0.683  -4.340  20.741 0.0000000000
53596  0.374  -4.355  21.533 0.0000000000
53600  8.110  -4.395  19.905 0.0000000000
53601  7.657  -4.426  19.886 0.0000000000
53602  7.306  -4.459  19.939 0.0000000000
53603  1.532  -4.903  19.310 0.0000000000
53604  1.139  -4.424  19.711 0.0000000000
53610  1.723  -4.411  18.491 0.0000000000
53611  1.382  -4.442  19.165 0.0000000000
53622  2.087  -4.281  17.108 0.0000000000
54565  9.714  -3.583  21.842 0.0000000000
54566  4.000  -3.295  21.505 0.0000000000
54567  3.240  -3.196  21.892 0.0000000000
54568  2.213  -3.070  22.238 0.0000000000
54569  1.524  -3.333  22.007 0.0000000000
54584  9.419  -3.588  21.072 0.0000000000
54585  8.817  -3.539  20.415 0.0000000000
54586  8.103  -3.264  20.090 0.0000000000
54587  7.230  -3.401  20.018 0.0000000000
54588  6.113  -3.369  20.305 0.0000000000
54589  4.831  -3.317  20.939 0.0000000000
54590  1.744  -3.002  21.659 0.0000000000
54591  1.281  -3.585  21.177 0.0000000000
54606  8.316  -3.907  20.023 0.0000000000
54607  7.808  -3.921  19.891 0.0000000000
54608  7.357  -4.129  19.913 0.0000000000
54609  1.674  -3.151  20.571 0.0000000000
54610  1.223  -3.843  20.059 0.0000000000
54625  1.562  -3.389  19.209 0.0000000000
54626  1.233  -4.090  19.238 0.0000000000
54640  1.485  -3.309  17.722 0.0000000000
54641  1.466  -2.804  16.893 0.0000000000
54650  1.623  -3.432  16.349 0.0000000000
54651  1.422  -2.717  16.273 0.0000000000
54668  1.885  -3.445  15.109 0.0000000000
55617  9.502  -2.622  21.537 0.0000000000
55618  3.836  -2.485  21.595 0.0000000000
55619  2.723  -2.353  22.180 0.0000000000
55620  1.955  -2.408  22.229 0.0000000000
55626  9.107  -2.628  20.855 0.0000000000
55627  8.520  -2.544  20.465 0.0000000000
55628  7.726  -2.396  20.243 0.0000000000
55629  6.697  -2.385  20.266 0.0000000000
55630  5.594  -2.359  20.584 0.0000000000
55631  4.712  -2.244  21.058 0.0000000000
55632  1.859  -2.433  21.332 0.0000000000
55641  2.079  -2.500  20.033 0.0000000000
55651  1.920  -2.445  18.671 0.0000000000
55657  1.724  -2.294  17.504 0.0000000000
55658  1.599  -2.213  16.631 0.0000000000
55665  1.470  -2.875  15.677 0.0000000000
55666  1.502  -2.163  15.849 0.0000000000
55688  1.584  -2.432  15.071 0.0000000000
55689  1.475  -1.749  15.245 0.0000000000
55738  4.147  -2.188  11.231 0.0000000000
56693  9.601  -1.692  22.237 0.0000000000
56701  9.151  -1.515  21.226 0.0000000000
56702  8.774  -0.923  20.998 0.0000000000
56703  3.235  -1.392  22.223 0.0000000000
56704  2.150  -1.628  22.708 0.0000000000
56705  1.674  -1.721  22.157 0.0000000000
56708  8.826  -2.025  20.758 0.0000000000
56709  8.349  -1.442  20.647 0.0000000000
56710  7.252  -1.418  20.446 0.0000000000
56711  6.161  -1.418  20.558 0.0000000000
56712  5.060  -1.433  20.921 0.0000000000
56713  4.218  -1.620  21.463 0.0000000000
56714  1.945  -1.643  20.940 0.0000000000
56718  2.265  -1.577  19.525 0.0000000000
56726  2.090  -1.523  18.197 0.0000000000
56733  1.820  -1.435  16.963 0.0000000000
56734  1.614  -1.777  16.330 0.0000000000
56742  1.772  -0.947  16.531 0.0000000000
56743  1.587  -1.250  15.908 0.0000000000
56760  1.674  -1.703  14.738 0.0000000000
56761  1.413  -1.132  14.975 0.0000000000
56775  2.747  -1.486  14.404 0.0000000000
56776  1.962  -1.329  14.439 0.0000000000
56777  1.640  -1.165  14.647 0.0000000000
56788  5.831  -1.099  12.818 0.0000000000
56807  5.087  -1.687  11.893 0.0000000000
56808  4.484  -1.591  11.540 0.0000000000
56809  3.881  -1.477  11.174 0.0000000000
57694  1.764  -0.251  23.515 0.0000000000
57695  1.425  -0.317  23.600 0.0000000000
57696  0.721  -0.401  23.563 0.0000000000
57707  9.383  -0.508  21.920 0.0000000000
57708  8.965  -0.388  21.328 0.0000000000
57709  3.305  -0.534  22.389 0.0000000000
57710  2.298  -0.492  23.115 0.0000000000
57711  1.310  -1.018  23.089 0.0000000000
57712  0.685  -0.376  22.746 0.0000000000
57719  8.433  -0.374  20.944 0.0000000000
57720  7.686  -0.450  20.689 0.0000000000
57721  6.690  -0.462  20.652 0.0000000000
57722  5.549  -0.486  20.893 0.0000000000
57723  4.239  -0.541  21.609 0.0000000000
57724  1.322  -0.943  21.905 0.0000000000
57725  1.032  -0.088  21.618 0.0000000000
57728  1.796  -0.642  20.434 0.0000000000
57729  1.320  0.197  20.554 0.0000000000
57733  2.216  -0.673  18.934 0.0000000000
57739  2.060  -0.665  17.726 0.0000000000
57740  1.864  -0.259  17.197 0.0000000000
57749  1.861  -0.734  16.955 0.0000000000
57750  1.681  -0.342  16.397 0.0000000000
57763  6.087  -0.478  15.062 0.0000000000
57764  5.717  -0.535  15.214 0.0000000000
57765  4.993  -0.551  15.347 0.0000000000
57766  4.066  -0.544  15.091 0.0000000000
57767  1.488  -0.377  15.359 0.0000000000
57778  6.236  -0.396  14.672 0.0000000000
57779  3.119  -0.618  14.574 0.0000000000
57780  2.283  -0.662  14.417 0.0000000000
57781  1.708  -0.543  14.647 0.0000000000
57791  6.316  -0.536  13.931 0.0000000000
57792  5.855  -0.488  13.199 0.0000000000
57800  5.174  -0.634  12.348 0.0000000000
57801  4.598  -0.057  12.093 0.0000000000
57810  4.780  -1.107  11.834 0.0000000000
57811  4.307  -0.560  11.658 0.0000000000
57812  3.525  -0.591  11.102 0.0000000000
58675  9.431  0.482  22.442 0.0000000000
58676  1.688  0.062  23.494 0.0000000000
58677  0.948  0.225  23.619 0.0000000000
58678  0.451  0.037  23.293 0.0000000000
58690  9.149  0.494  21.740 0.0000000000
58691  8.638  0.470  21.247 0.0000000000
58692  3.438  0.312  22.309 0.0000000000
58693  2.374  0.512  22.969 0.0000000000
58694  1.517  0.733  23.142 0.0000000000
58695  0.793  0.566  22.558 0.0000000000
58705  8.032  0.483  20.843 0.0000000000
58706  7.173  0.512  20.706 0.0000000000
58707  6.120  0.473  20.822 0.0000000000
58708  4.978  0.401  21.227 0.0000000000
58709  4.213  0.353  21.688 0.0000000000
58710  0.908  0.756  21.157 0.0000000000
58716  1.730  0.102  19.488 0.0000000000
58717  1.052  0.791  19.992 0.0000000000
58720  1.976  0.033  18.300 0.0000000000
58721  1.414  0.788  18.774 0.0000000000
58724  1.943  -0.086  17.631 0.0000000000
58725  1.653  0.536  17.329 0.0000000000
58733  1.449  0.585  15.920 0.0000000000
58747  5.861  0.451  15.163 0.0000000000
58748  5.298  0.246  15.372 0.0000000000
58749  4.527  0.379  15.423 0.0000000000
58750  3.384  0.346  15.021 0.0000000000
58751  2.415  0.589  14.738 0.0000000000
58752  1.702  0.410  14.904 0.0000000000
58762  6.089  0.612  14.666 0.0000000000
58763  6.075  0.657  14.290 0.0000000000
58764  2.584  -0.060  14.567 0.0000000000
58765  1.979  -0.036  14.506 0.0000000000
58766  1.735  -0.081  14.643 0.0000000000
58777  6.158  0.166  14.294 0.0000000000
58778  5.916  0.448  13.788 0.0000000000
58788  5.356  0.420  12.982 0.0000000000
58789  4.723  0.484  12.417 0.0000000000
58798  4.233  0.479  11.936 0.0000000000
58799  3.635  0.400  11.489 0.0000000000
58800  3.026  0.797  11.234 0.0000000000
58808  3.151  0.105  11.009 0.0000000000
59604  9.513  1.439  22.899 0.0000000000
59616  9.260  1.395  22.150 0.0000000000
59617  8.803  1.425  21.575 0.0000000000
59618  8.290  1.854  21.260 0.0000000000
59619  3.555  0.848  22.060 0.0000000000
59620  3.126  1.010  22.277 0.0000000000
59621  2.207  1.225  22.500 0.0000000000
59622  1.446  1.239  22.417 0.0000000000
59634  8.331  1.163  21.093 0.0000000000
59635  7.664  1.518  20.866 0.0000000000
59636  6.634  1.472  20.696 0.0000000000
59637  5.494  1.372  20.834 0.0000000000
59638  4.074  1.192  21.511 0.0000000000
59639  2.968  1.699  21.683 0.0000000000
59640  1.942  1.767  21.694 0.0000000000
59641  1.116  1.456  21.355 0.0000000000
59650  0.462  1.573  20.482 0.0000000000
59651  -0.120  1.770  19.966 0.0000000000
59656  0.609  1.432  19.448 0.0000000000
59657  -0.053  1.975  19.167 0.0000000000
59659  0.860  1.638  18.118 0.0000000000
59660  0.146  2.351  18.259 0.0000000000
59663  4.951  1.977  15.830 0.0000000000
59664  4.646  1.948  15.801 0.0000000000
59665  1.098  1.575  16.604 0.0000000000
59676  5.726  1.257  15.281 0.0000000000
59677  5.187  1.430  15.612 0.0000000000
59678  4.046  1.361  15.586 0.0000000000
59679  3.051  1.300  15.124 0.0000000000
59680  2.167  1.433  14.980 0.0000000000
59681  1.434  1.672  15.492 0.0000000000
59695  5.996  1.395  15.014 0.0000000000
59696  5.916  1.346  14.343 0.0000000000
59704  5.402  1.470  13.464 0.0000000000
59705  4.794  1.865  12.936 0.0000000000
59715  4.894  1.161  12.805 0.0000000000
59716  4.198  1.545  12.287 0.0000000000
59717  3.658  2.074  12.052 0.0000000000
59725  3.867  1.002  11.825 0.0000000000
59726  3.377  1.555  11.674 0.0000000000
60621  9.477  2.275  23.433 0.0000000000
60631  9.221  2.435  22.501 0.0000000000
60632  8.875  3.027  22.228 0.0000000000
60645  9.053  1.976  21.948 0.0000000000
60646  8.633  2.544  21.757 0.0000000000
60647  7.855  2.553  21.221 0.0000000000
60662  7.065  2.491  20.803 0.0000000000
60663  6.098  2.418  20.574 0.0000000000
60664  4.956  2.314  20.612 0.0000000000
60665  3.793  2.379  20.851 0.0000000000
60666  2.648  2.495  20.943 0.0000000000
60667  1.458  2.478  20.903 0.0000000000
60668  0.041  2.480  20.813 0.0000000000
60669  -0.742  2.905  20.467 0.0000000000
60670  -0.896  3.099  20.247 0.0000000000
60684  -0.210  1.984  20.384 0.0000000000
60685  -0.671  2.347  20.024 0.0000000000
60686  -0.915  2.892  20.133 0.0000000000
60693  -0.423  2.788  19.030 0.0000000000
60694  -0.800  2.886  19.838 0.0000000000
60697  0.482  2.367  17.195 0.0000000000
60698  -0.069  3.002  17.726 0.0000000000
60701  4.873  2.485  15.892 0.0000000000
60702  3.851  2.410  15.821 0.0000000000
60703  3.139  2.699  15.628 0.0000000000
60704  0.644  2.553  15.986 0.0000000000
60705  0.222  3.031  16.695 0.0000000000
60707  5.712  1.707  15.306 0.0000000000
60708  5.537  2.442  15.455 0.0000000000
60709  3.485  1.805  15.498 0.0000000000
60710  2.887  2.126  15.354 0.0000000000
60711  1.969  2.368  15.220 0.0000000000
60712  1.172  2.781  15.330 0.0000000000
60725  5.852  1.970  15.146 0.0000000000
60726  5.853  2.342  14.887 0.0000000000
60740  5.591  2.412  14.115 0.0000000000
60741  5.023  2.528  13.422 0.0000000000
60757  4.427  2.594  12.797 0.0000000000
60758  3.819  2.647  12.299 0.0000000000
60772  3.330  2.571  11.899 0.0000000000
61691  9.280  3.022  23.234 0.0000000000
61692  8.894  3.529  22.732 0.0000000000
61702  8.540  3.507  22.046 0.0000000000
61703  8.055  3.412  21.579 0.0000000000
61715  7.382  3.459  21.087 0.0000000000
61716  6.579  3.440  20.653 0.0000000000
61717  5.625  3.385  20.418 0.0000000000
61718  4.568  3.353  20.387 0.0000000000
61719  3.452  3.377  20.420 0.0000000000
61720  2.249  3.436  20.518 0.0000000000
61721  0.910  3.526  20.661 0.0000000000
61722  -0.348  3.667  20.523 0.0000000000
61723  -0.791  3.221  20.292 0.0000000000
61739  -0.461  3.969  19.719 0.0000000000
61740  -0.800  3.226  20.134 0.0000000000
61751  -0.193  3.914  18.439 0.0000000000
61752  -0.608  3.323  19.498 0.0000000000
61755  0.077  3.785  16.958 0.0000000000
61757  5.145  3.694  15.870 0.0000000000
61758  4.249  3.486  16.132 0.0000000000
61759  3.111  3.430  15.768 0.0000000000
61760  2.503  3.891  15.551 0.0000000000
61761  0.630  3.189  15.482 0.0000000000
61762  0.252  3.521  15.911 0.0000000000
61765  5.618  3.435  15.248 0.0000000000
61766  2.594  2.809  15.457 0.0000000000
61767  1.933  3.434  15.286 0.0000000000
61768  0.926  3.558  15.189 0.0000000000
61769  0.536  3.604  15.448 0.0000000000
61772  5.592  3.306  14.623 0.0000000000
61779  5.221  3.365  13.952 0.0000000000
61780  4.611  3.424  13.337 0.0000000000
61791  4.030  3.501  12.722 0.0000000000
61792  3.277  3.584  12.162 0.0000000000
61793  2.824  4.100  12.001 0.0000000000
61806  3.003  3.058  11.791 0.0000000000
62695  8.235  4.389  22.383 0.0000000000
62696  7.756  4.872  22.080 0.0000000000
62708  8.170  3.951  21.858 0.0000000000
62709  7.660  4.383  21.573 0.0000000000
62719  6.957  4.373  20.862 0.0000000000
62720  6.124  4.367  20.493 0.0000000000
62721  5.197  4.323  20.327 0.0000000000
62722  4.204  4.324  20.262 0.0000000000
62723  3.110  4.362  20.249 0.0000000000
62724  1.917  4.446  20.338 0.0000000000
62725  0.798  4.575  20.378 0.0000000000
62726  0.109  4.760  20.075 0.0000000000
62740  0.079  4.834  19.178 0.0000000000
62755  0.205  4.998  18.169 0.0000000000
62758  0.111  4.785  17.128 0.0000000000
62761  5.130  4.891  16.029 0.0000000000
62762  4.514  4.565  16.251 0.0000000000
62763  3.558  4.401  16.173 0.0000000000
62764  2.813  4.291  15.764 0.0000000000
62765  0.111  4.492  16.081 0.0000000000
62769  5.425  4.513  15.506 0.0000000000
62770  2.128  4.380  15.425 0.0000000000
62771  1.282  4.272  15.225 0.0000000000
62772  0.521  4.193  15.436 0.0000000000
62775  5.601  4.226  14.925 0.0000000000
62776  5.315  4.690  14.572 0.0000000000
62781  5.346  4.008  14.414 0.0000000000
62782  4.828  4.436  13.887 0.0000000000
62783  4.193  4.836  13.402 0.0000000000
62789  4.252  4.146  13.220 0.0000000000
62790  3.650  4.534  12.840 0.0000000000
62791  2.952  4.639  12.343 0.0000000000
63704  7.319  5.336  21.841 0.0000000000
63705  6.803  5.581  21.372 0.0000000000
63713  7.106  5.045  21.207 0.0000000000
63714  6.460  5.291  20.804 0.0000000000
63715  5.645  5.169  20.470 0.0000000000
63716  4.819  5.164  20.332 0.0000000000
63717  3.878  5.229  20.301 0.0000000000
63718  2.809  5.328  20.331 0.0000000000
63719  1.731  5.490  20.353 0.0000000000
63720  0.939  5.608  20.179 0.0000000000
63730  0.539  5.679  19.671 0.0000000000
63745  0.470  5.795  18.685 0.0000000000
63754  0.410  5.816  17.446 0.0000000000
63757  5.137  5.545  16.095 0.0000000000
63758  4.737  5.505  16.305 0.0000000000
63759  3.871  5.381  16.520 0.0000000000
63760  2.587  5.279  15.941 0.0000000000
63761  1.358  5.747  15.645 0.0000000000
63762  0.418  5.708  16.073 0.0000000000
63764  5.332  5.468  15.765 0.0000000000
63765  1.607  4.977  15.384 0.0000000000
63766  0.834  5.005  15.395 0.0000000000
63767  0.406  4.859  15.670 0.0000000000
63771  5.496  5.291  15.105 0.0000000000
63772  5.074  5.454  14.456 0.0000000000
63778  4.498  5.536  13.818 0.0000000000
63779  3.798  5.540  13.329 0.0000000000
63785  3.168  5.521  12.787 0.0000000000
64637  5.686  6.609  21.898 0.0000000000
64644  6.754  5.904  21.857 0.0000000000
64645  6.208  6.110  21.382 0.0000000000
64646  5.216  6.441  21.194 0.0000000000
64647  4.261  6.597  21.038 0.0000000000
64648  3.310  6.749  21.149 0.0000000000
64649  2.323  6.934  21.340 0.0000000000
64650  1.709  7.180  21.403 0.0000000000
64657  5.808  5.840  20.782 0.0000000000
64658  5.243  5.767  20.586 0.0000000000
64659  4.541  5.942  20.567 0.0000000000
64660  3.585  6.054  20.602 0.0000000000
64661  2.544  6.230  20.703 0.0000000000
64662  1.514  6.611  20.776 0.0000000000
64663  0.867  6.533  20.257 0.0000000000
64673  0.623  6.694  19.423 0.0000000000
64686  0.626  6.922  18.103 0.0000000000
64698  0.614  6.734  16.827 0.0000000000
64702  5.125  6.264  16.152 0.0000000000
64703  4.364  6.313  16.547 0.0000000000
64704  3.302  6.363  16.568 0.0000000000
64705  2.091  6.532  16.145 0.0000000000
64706  1.069  6.672  15.941 0.0000000000
64707  0.743  6.647  16.231 0.0000000000
64715  5.369  6.217  15.566 0.0000000000
64725  5.344  6.308  14.936 0.0000000000
64726  4.786  6.425  14.356 0.0000000000
64738  4.156  6.492  13.711 0.0000000000
64739  3.443  6.435  13.219 0.0000000000
64753  2.840  6.464  12.749 0.0000000000
65581  5.701  6.787  22.373 0.0000000000
65582  4.987  7.257  22.316 0.0000000000
65583  3.764  7.754  22.270 0.0000000000
65584  2.775  7.957  22.309 0.0000000000
65585  2.200  8.049  22.359 0.0000000000
65593  4.643  6.851  21.544 0.0000000000
65594  4.032  7.145  21.643 0.0000000000
65595  3.035  7.358  21.788 0.0000000000
65596  1.974  7.592  21.999 0.0000000000
65597  1.141  7.565  21.399 0.0000000000
65598  0.804  8.086  21.192 0.0000000000
65607  1.003  7.047  20.780 0.0000000000
65608  0.722  7.590  20.422 0.0000000000
65618  0.590  7.740  19.107 0.0000000000
65630  0.525  7.977  18.098 0.0000000000
65650  0.568  7.794  17.190 0.0000000000
65670  5.173  7.040  16.170 0.0000000000
65671  4.791  7.054  16.403 0.0000000000
65672  4.017  7.258  16.708 0.0000000000
65673  2.857  7.432  16.662 0.0000000000
65674  1.678  7.559  16.312 0.0000000000
65675  0.882  7.548  16.405 0.0000000000
65688  5.341  6.838  15.910 0.0000000000
65699  5.317  7.007  15.473 0.0000000000
65700  5.080  7.263  14.886 0.0000000000
65711  4.515  7.477  14.239 0.0000000000
65712  3.766  7.532  13.531 0.0000000000
66533  4.512  8.726  23.624 0.0000000000
66541  4.923  8.028  23.204 0.0000000000
66542  4.254  8.248  22.888 0.0000000000
66543  3.317  8.517  22.709 0.0000000000
66544  2.293  8.584  22.623 0.0000000000
66545  1.404  8.692  22.701 0.0000000000
66546  0.834  8.808  22.578 0.0000000000
66555  1.786  8.184  22.405 0.0000000000
66556  1.213  8.155  22.246 0.0000000000
66557  0.690  8.595  21.848 0.0000000000
66567  0.641  8.696  20.883 0.0000000000
66576  0.561  8.645  19.788 0.0000000000
66585  0.483  8.701  18.631 0.0000000000
66593  0.399  8.750  17.548 0.0000000000
66606  5.008  7.397  16.224 0.0000000000
66607  4.644  7.925  16.321 0.0000000000
66608  3.671  8.349  16.647 0.0000000000
66609  2.415  8.500  16.576 0.0000000000
66610  1.297  8.594  16.314 0.0000000000
66611  0.625  8.821  16.666 0.0000000000
66626  5.219  7.528  15.978 0.0000000000
66627  4.877  8.452  15.783 0.0000000000
66638  5.139  7.760  15.442 0.0000000000
66639  4.821  8.466  14.919 0.0000000000
67505  4.057  9.760  24.080 0.0000000000
67506  3.123  9.997  23.603 0.0000000000
67507  2.092  10.064  23.532 0.0000000000
67508  1.089  10.009  23.618 0.0000000000
67509  0.453  10.010  23.408 0.0000000000
67516  3.725  9.113  23.303 0.0000000000
67517  2.766  9.308  23.071 0.0000000000
67518  1.738  9.333  23.086 0.0000000000
67519  0.888  9.329  23.102 0.0000000000
67520  0.428  9.606  22.634 0.0000000000
67528  0.609  10.113  20.809 0.0000000000
67529  0.531  9.773  21.452 0.0000000000
67537  0.631  10.299  20.502 0.0000000000
67538  0.603  9.718  20.284 0.0000000000
67544  0.534  9.547  19.185 0.0000000000
67550  0.365  9.605  18.066 0.0000000000
67553  0.331  9.639  17.081 0.0000000000
67559  4.300  9.349  16.261 0.0000000000
67560  3.229  9.486  16.703 0.0000000000
67561  1.934  9.510  16.533 0.0000000000
67562  0.982  9.562  16.336 0.0000000000
67563  0.623  9.753  16.643 0.0000000000
68436  3.363  10.745  24.057 0.0000000000
68437  2.425  10.836  23.870 0.0000000000
68438  1.347  10.857  24.004 0.0000000000
68439  0.410  10.759  23.950 0.0000000000
68440  0.094  10.656  23.219 0.0000000000
68444  0.402  10.541  22.290 0.0000000000
68448  0.687  10.698  20.961 0.0000000000
68449  0.542  10.545  21.616 0.0000000000
68453  0.689  10.673  19.940 0.0000000000
68454  0.597  10.119  19.551 0.0000000000
68457  0.675  11.085  19.302 0.0000000000
68458  0.543  10.563  18.751 0.0000000000
68461  0.345  10.498  17.478 0.0000000000
68464  0.504  10.437  16.774 0.0000000000
68470  2.651  10.513  16.751 0.0000000000
68471  1.439  10.409  16.487 0.0000000000
68472  0.805  10.260  16.505 0.0000000000
69353  2.841  11.569  23.746 0.0000000000
69354  1.724  11.771  24.015 0.0000000000
69355  0.645  11.759  24.292 0.0000000000
69356  -0.087  11.688  23.790 0.0000000000
69361  0.241  11.573  22.749 0.0000000000
69365  0.698  11.625  21.143 0.0000000000
69366  0.592  11.224  21.759 0.0000000000
69370  0.727  11.424  20.457 0.0000000000
69373  0.687  11.539  19.686 0.0000000000
69374  0.580  11.590  18.830 0.0000000000
69377  0.423  11.464  17.807 0.0000000000
69380  0.450  11.375  16.955 0.0000000000
69387  1.958  11.450  16.645 0.0000000000
69388  0.897  11.227  16.485 0.0000000000
70191  3.357  12.142  23.510 0.0000000000
70192  2.342  12.528  23.544 0.0000000000
70193  1.029  12.879  23.979 0.0000000000
70194  0.138  12.484  24.188 0.0000000000
70203  2.996  12.556  23.185 0.0000000000
70204  0.600  13.479  23.562 0.0000000000
70205  0.198  12.845  23.247 0.0000000000
70210  0.675  12.010  21.211 0.0000000000
70211  0.566  12.394  21.665 0.0000000000
70216  0.730  12.028  20.857 0.0000000000
70217  0.672  12.717  20.497 0.0000000000
70221  0.724  12.030  20.177 0.0000000000
70222  0.616  12.479  19.387 0.0000000000
70226  0.460  12.450  18.142 0.0000000000
70230  0.420  12.384  17.173 0.0000000000
71021  2.279  12.940  23.318 0.0000000000
71022  1.884  13.067  23.422 0.0000000000
71031  2.625  13.114  22.852 0.0000000000
71032  1.340  13.561  23.072 0.0000000000
71033  0.608  13.695  22.963 0.0000000000
71041  2.111  13.902  21.871 0.0000000000
71042  1.125  14.022  22.099 0.0000000000
71043  0.580  13.555  22.157 0.0000000000
71050  0.854  14.166  21.497 0.0000000000
71051  0.657  13.703  21.000 0.0000000000
71056  0.684  13.586  19.813 0.0000000000
71060  0.525  13.469  18.586 0.0000000000
