#!ascii label  , from subject FREESURFER vox2ras=TkReg 
819
68697  43.709  10.574  -1.961 0.0000000000
69578  43.116  10.806  -1.706 0.0000000000
69579  42.748  11.293  -1.216 0.0000000000
69583  45.179  11.600  -2.061 0.0000000000
69584  44.540  11.087  -2.145 0.0000000000
69585  43.639  11.340  -2.095 0.0000000000
69586  43.176  11.494  -1.719 0.0000000000
70326  47.688  13.075  5.128 0.0000000000
70346  48.612  12.919  4.244 0.0000000000
70347  47.783  13.389  4.626 0.0000000000
70369  49.735  13.088  3.620 0.0000000000
70370  48.900  13.246  3.603 0.0000000000
70398  43.343  12.667  0.390 0.0000000000
70399  42.705  12.467  0.770 0.0000000000
70415  43.602  12.574  -0.349 0.0000000000
70416  42.808  11.984  -0.343 0.0000000000
70424  43.883  12.454  -1.222 0.0000000000
70425  43.170  12.034  -1.240 0.0000000000
70429  46.548  12.753  -1.714 0.0000000000
70430  45.831  12.219  -1.743 0.0000000000
70431  45.003  12.125  -2.243 0.0000000000
70432  44.211  12.142  -2.035 0.0000000000
70433  43.497  11.976  -1.852 0.0000000000
71133  47.151  13.725  5.351 0.0000000000
71134  46.717  14.313  5.351 0.0000000000
71151  48.219  13.437  4.040 0.0000000000
71152  47.497  14.094  4.414 0.0000000000
71153  46.868  14.568  4.860 0.0000000000
71172  50.728  13.670  3.124 0.0000000000
71173  49.672  13.588  3.074 0.0000000000
71174  48.502  13.798  3.345 0.0000000000
71175  47.800  14.250  3.653 0.0000000000
71176  42.719  13.327  2.462 0.0000000000
71189  50.638  14.237  2.540 0.0000000000
71190  49.546  14.097  2.554 0.0000000000
71191  48.714  14.215  2.659 0.0000000000
71192  42.892  13.103  1.931 0.0000000000
71199  43.946  13.239  0.559 0.0000000000
71200  43.493  13.195  1.172 0.0000000000
71211  44.806  13.565  -0.510 0.0000000000
71212  44.355  13.225  -0.219 0.0000000000
71219  51.196  14.520  -1.163 0.0000000000
71220  49.962  13.839  -1.082 0.0000000000
71221  48.536  13.226  -0.708 0.0000000000
71222  47.645  12.991  -0.915 0.0000000000
71223  45.122  13.444  -1.170 0.0000000000
71224  44.551  12.916  -1.198 0.0000000000
71227  50.850  14.808  -1.647 0.0000000000
71228  50.284  14.512  -1.733 0.0000000000
71229  48.888  14.182  -1.963 0.0000000000
71230  47.341  13.298  -1.782 0.0000000000
71231  46.258  13.022  -2.280 0.0000000000
71232  45.539  13.139  -2.038 0.0000000000
71233  44.906  12.680  -1.793 0.0000000000
71237  48.454  14.396  -2.767 0.0000000000
71238  47.658  14.066  -2.784 0.0000000000
71239  46.651  13.677  -2.818 0.0000000000
71240  46.027  13.577  -2.615 0.0000000000
71896  36.344  15.072  5.787 0.0000000000
71897  36.053  15.016  5.790 0.0000000000
71901  46.367  14.976  5.340 0.0000000000
71915  47.445  14.503  3.954 0.0000000000
71916  46.942  14.949  4.283 0.0000000000
71925  48.099  14.265  3.066 0.0000000000
71926  47.468  14.703  3.305 0.0000000000
71927  46.996  15.410  3.413 0.0000000000
71928  42.957  13.879  2.697 0.0000000000
71929  42.361  13.967  3.500 0.0000000000
71930  41.765  14.291  4.074 0.0000000000
71940  51.627  15.073  1.937 0.0000000000
71941  50.430  14.756  1.974 0.0000000000
71942  49.325  14.613  2.070 0.0000000000
71943  48.230  14.702  2.370 0.0000000000
71944  47.367  15.381  2.502 0.0000000000
71945  47.012  15.717  2.987 0.0000000000
71946  44.046  14.821  1.455 0.0000000000
71947  43.641  14.201  1.763 0.0000000000
71955  51.303  15.341  1.188 0.0000000000
71956  50.097  15.147  1.379 0.0000000000
71957  48.990  15.079  1.536 0.0000000000
71958  48.077  15.321  1.736 0.0000000000
71959  47.668  15.663  1.902 0.0000000000
71960  44.761  14.795  0.443 0.0000000000
71961  44.390  14.292  0.765 0.0000000000
71962  43.889  13.763  1.107 0.0000000000
71970  45.011  14.379  -0.193 0.0000000000
71971  44.690  13.881  0.017 0.0000000000
71978  51.808  15.021  -1.254 0.0000000000
71979  45.480  14.280  -1.306 0.0000000000
71984  51.139  15.003  -1.545 0.0000000000
71985  50.609  14.984  -2.014 0.0000000000
71986  49.907  14.697  -2.275 0.0000000000
71987  45.780  14.188  -2.307 0.0000000000
71992  50.215  15.060  -2.631 0.0000000000
71993  49.265  14.716  -2.884 0.0000000000
71994  48.167  14.532  -3.414 0.0000000000
71995  46.964  14.317  -3.762 0.0000000000
71996  46.235  14.235  -3.016 0.0000000000
71999  49.932  15.104  -3.237 0.0000000000
72000  49.104  14.913  -3.806 0.0000000000
72001  47.830  14.790  -4.314 0.0000000000
72002  47.133  14.746  -4.312 0.0000000000
72006  48.660  15.077  -4.414 0.0000000000
72007  48.194  15.096  -4.700 0.0000000000
72639  36.804  15.523  5.831 0.0000000000
72640  36.408  15.461  5.811 0.0000000000
72641  35.868  15.461  5.737 0.0000000000
72643  46.489  15.673  4.895 0.0000000000
72645  39.939  15.286  5.656 0.0000000000
72646  39.030  15.302  5.652 0.0000000000
72647  38.015  15.290  5.611 0.0000000000
72648  37.110  15.269  5.750 0.0000000000
72649  36.596  15.192  5.791 0.0000000000
72650  35.122  15.408  5.494 0.0000000000
72651  34.219  15.365  5.263 0.0000000000
72652  33.281  15.442  4.948 0.0000000000
72656  46.722  15.836  4.089 0.0000000000
72657  41.194  15.290  4.888 0.0000000000
72658  40.611  15.302  5.329 0.0000000000
72659  33.186  15.876  4.529 0.0000000000
72665  46.863  16.052  3.367 0.0000000000
72666  42.828  14.714  3.250 0.0000000000
72667  42.365  15.123  3.766 0.0000000000
72668  41.796  15.221  4.404 0.0000000000
72674  47.432  16.075  2.051 0.0000000000
72675  47.090  16.107  2.727 0.0000000000
72676  43.822  15.302  1.891 0.0000000000
72677  43.314  15.128  2.654 0.0000000000
72678  42.787  15.418  3.202 0.0000000000
72684  51.948  15.478  0.250 0.0000000000
72685  50.847  15.522  0.544 0.0000000000
72686  49.724  15.527  0.777 0.0000000000
72687  48.700  15.600  1.005 0.0000000000
72688  47.874  15.927  1.277 0.0000000000
72689  44.622  15.144  0.752 0.0000000000
72690  44.252  15.414  1.258 0.0000000000
72696  51.489  15.491  -0.327 0.0000000000
72697  50.458  15.707  -0.148 0.0000000000
72698  49.347  15.975  0.164 0.0000000000
72699  48.470  16.047  0.576 0.0000000000
72700  44.874  15.301  0.260 0.0000000000
72701  44.537  15.842  0.725 0.0000000000
72708  51.918  15.230  -0.869 0.0000000000
72709  51.146  15.335  -1.038 0.0000000000
72710  50.033  15.846  -0.983 0.0000000000
72711  49.258  16.197  -0.402 0.0000000000
72712  45.310  15.449  -0.538 0.0000000000
72719  50.760  15.336  -1.621 0.0000000000
72720  50.376  15.561  -2.087 0.0000000000
72721  45.719  15.216  -1.622 0.0000000000
72728  50.369  15.558  -2.930 0.0000000000
72729  46.364  15.053  -3.472 0.0000000000
72730  45.985  15.080  -2.612 0.0000000000
72737  50.097  15.497  -3.761 0.0000000000
72738  49.378  15.246  -4.296 0.0000000000
72739  47.256  14.941  -4.564 0.0000000000
72740  46.791  15.175  -4.375 0.0000000000
72746  49.836  15.626  -4.486 0.0000000000
72747  48.850  15.403  -4.888 0.0000000000
72748  47.572  15.349  -5.002 0.0000000000
72749  46.895  15.561  -4.843 0.0000000000
72754  48.322  15.626  -5.318 0.0000000000
72755  47.909  15.768  -5.452 0.0000000000
73354  37.081  15.717  5.814 0.0000000000
73355  36.837  15.894  5.836 0.0000000000
73356  36.364  15.951  5.800 0.0000000000
73360  40.258  15.753  5.272 0.0000000000
73361  39.723  16.107  5.226 0.0000000000
73362  38.663  16.137  5.353 0.0000000000
73363  37.555  16.115  5.604 0.0000000000
73364  36.805  16.471  5.644 0.0000000000
73365  35.936  16.364  5.620 0.0000000000
73366  35.093  16.337  5.138 0.0000000000
73367  34.300  15.990  4.861 0.0000000000
73370  46.558  16.387  4.718 0.0000000000
73371  41.483  15.946  4.520 0.0000000000
73372  40.706  16.187  4.809 0.0000000000
73373  40.124  16.867  4.753 0.0000000000
73374  34.739  16.638  4.704 0.0000000000
73375  34.004  16.349  4.387 0.0000000000
73376  33.188  16.218  4.097 0.0000000000
73380  46.765  16.554  3.886 0.0000000000
73381  42.521  15.894  3.401 0.0000000000
73382  42.020  16.132  3.889 0.0000000000
73383  33.869  16.696  3.820 0.0000000000
73384  33.445  16.623  3.281 0.0000000000
73388  47.222  16.736  2.382 0.0000000000
73389  46.957  16.718  3.156 0.0000000000
73390  43.891  15.984  1.667 0.0000000000
73391  43.392  16.155  2.139 0.0000000000
73392  42.838  16.057  2.798 0.0000000000
73398  47.563  16.701  1.517 0.0000000000
73399  44.085  16.385  1.172 0.0000000000
73400  43.652  16.525  1.620 0.0000000000
73407  48.721  16.357  -0.007 0.0000000000
73408  48.054  16.653  0.562 0.0000000000
73409  44.781  16.096  0.113 0.0000000000
73410  44.362  16.569  0.554 0.0000000000
73417  49.777  16.132  -1.663 0.0000000000
73418  48.975  16.498  -0.852 0.0000000000
73419  48.414  16.784  -0.186 0.0000000000
73420  44.964  16.494  -0.474 0.0000000000
73421  44.566  16.792  0.012 0.0000000000
73425  50.106  16.128  -2.443 0.0000000000
73426  49.224  16.656  -1.852 0.0000000000
73427  45.426  16.240  -1.115 0.0000000000
73430  50.403  16.151  -3.257 0.0000000000
73431  49.604  16.699  -2.788 0.0000000000
73432  46.126  15.979  -2.944 0.0000000000
73433  45.791  16.140  -2.028 0.0000000000
73440  50.416  16.258  -4.169 0.0000000000
73441  50.068  16.718  -3.512 0.0000000000
73442  46.378  15.981  -3.742 0.0000000000
73449  49.723  16.058  -5.220 0.0000000000
73450  48.882  15.741  -5.323 0.0000000000
73451  46.972  15.871  -5.113 0.0000000000
73452  46.651  16.149  -4.557 0.0000000000
73459  49.326  16.415  -5.808 0.0000000000
73460  48.513  16.118  -5.731 0.0000000000
73461  47.438  16.196  -5.537 0.0000000000
73462  46.870  16.456  -5.148 0.0000000000
74166  39.307  17.008  4.827 0.0000000000
74167  38.358  16.890  5.045 0.0000000000
74168  37.522  17.070  5.232 0.0000000000
74169  36.671  17.306  5.398 0.0000000000
74170  35.808  17.375  5.342 0.0000000000
74171  35.235  17.340  4.924 0.0000000000
74174  47.142  17.527  4.272 0.0000000000
74175  46.812  17.141  4.423 0.0000000000
74176  41.424  16.633  4.233 0.0000000000
74177  40.848  17.401  4.198 0.0000000000
74178  40.038  17.515  4.549 0.0000000000
74179  34.777  17.341  4.434 0.0000000000
74180  34.346  17.064  3.983 0.0000000000
74183  47.201  17.541  3.819 0.0000000000
74184  46.926  17.086  3.575 0.0000000000
74185  42.407  16.524  3.178 0.0000000000
74186  41.842  17.261  3.438 0.0000000000
74187  41.279  17.868  3.589 0.0000000000
74188  34.601  17.712  3.984 0.0000000000
74189  34.205  17.448  3.457 0.0000000000
74190  33.882  17.289  3.082 0.0000000000
74193  47.210  17.380  2.975 0.0000000000
74194  46.988  17.066  3.232 0.0000000000
74195  43.342  16.784  1.841 0.0000000000
74196  42.767  17.138  2.331 0.0000000000
74197  42.095  17.926  2.667 0.0000000000
74198  34.067  17.759  2.984 0.0000000000
74202  47.392  17.448  1.918 0.0000000000
74203  44.043  16.893  0.853 0.0000000000
74204  43.547  17.240  1.258 0.0000000000
74205  42.928  17.920  1.567 0.0000000000
74211  47.677  17.438  0.944 0.0000000000
74212  44.107  17.271  0.372 0.0000000000
74213  43.613  17.862  0.509 0.0000000000
74218  48.420  16.988  -0.559 0.0000000000
74219  48.115  17.438  -0.107 0.0000000000
74220  45.054  16.832  -0.888 0.0000000000
74221  44.584  17.384  -0.577 0.0000000000
74226  48.464  17.279  -1.068 0.0000000000
74227  48.125  17.850  -0.703 0.0000000000
74228  45.215  17.092  -1.482 0.0000000000
74229  44.718  17.893  -1.326 0.0000000000
74235  48.769  17.415  -2.125 0.0000000000
74236  46.101  16.554  -3.261 0.0000000000
74237  45.664  17.109  -2.657 0.0000000000
74243  50.163  17.241  -4.010 0.0000000000
74244  49.291  17.530  -3.180 0.0000000000
74245  46.173  17.126  -3.745 0.0000000000
74246  45.642  17.736  -3.211 0.0000000000
74249  50.722  17.402  -5.633 0.0000000000
74250  50.678  16.967  -4.951 0.0000000000
74251  46.629  17.124  -4.719 0.0000000000
74258  50.726  17.595  -6.203 0.0000000000
74259  49.989  16.956  -5.925 0.0000000000
74260  48.843  16.796  -6.254 0.0000000000
74261  47.735  16.963  -6.377 0.0000000000
74262  46.980  17.133  -5.572 0.0000000000
74269  50.704  17.826  -6.571 0.0000000000
74270  50.084  17.610  -6.596 0.0000000000
74271  49.148  17.396  -6.620 0.0000000000
74272  48.389  17.332  -6.699 0.0000000000
74946  38.917  17.470  4.895 0.0000000000
74947  38.387  17.705  4.920 0.0000000000
74948  37.512  17.982  4.998 0.0000000000
74949  36.559  18.397  5.109 0.0000000000
74950  35.625  18.239  5.148 0.0000000000
74951  35.152  18.008  4.809 0.0000000000
74955  47.458  17.886  4.261 0.0000000000
74956  47.096  17.503  4.513 0.0000000000
74957  40.315  17.953  4.204 0.0000000000
74958  39.551  18.245  4.478 0.0000000000
74959  38.451  18.533  4.687 0.0000000000
74960  37.593  18.853  4.703 0.0000000000
74961  37.011  19.071  4.703 0.0000000000
74962  35.382  18.556  4.796 0.0000000000
74963  34.986  18.356  4.351 0.0000000000
74965  47.997  18.642  3.837 0.0000000000
74966  47.654  18.260  3.339 0.0000000000
74967  41.560  18.114  3.114 0.0000000000
74968  40.765  18.548  3.481 0.0000000000
74969  40.118  18.907  3.882 0.0000000000
74970  34.660  18.366  3.697 0.0000000000
74971  34.332  18.385  3.165 0.0000000000
74973  47.555  18.194  2.363 0.0000000000
74974  42.424  18.135  2.020 0.0000000000
74975  41.692  18.760  2.280 0.0000000000
74976  41.082  19.086  2.681 0.0000000000
74977  33.974  18.366  2.750 0.0000000000
74981  47.568  18.214  1.397 0.0000000000
74982  43.199  18.115  0.929 0.0000000000
74983  42.475  18.717  1.135 0.0000000000
74984  41.915  19.092  1.504 0.0000000000
74989  47.789  18.183  0.455 0.0000000000
74990  43.937  17.960  -0.086 0.0000000000
74991  43.272  18.656  0.087 0.0000000000
74992  42.686  19.012  0.403 0.0000000000
74996  48.193  18.558  -0.606 0.0000000000
74997  48.054  18.227  -0.395 0.0000000000
74998  44.039  18.508  -0.866 0.0000000000
74999  43.568  18.987  -0.573 0.0000000000
75003  48.245  18.229  -1.159 0.0000000000
75004  48.101  18.104  -0.753 0.0000000000
75005  45.064  17.801  -1.990 0.0000000000
75006  44.657  18.550  -1.789 0.0000000000
75011  48.647  18.346  -2.374 0.0000000000
75012  45.236  18.324  -2.688 0.0000000000
75013  44.823  19.169  -2.312 0.0000000000
75017  49.552  18.105  -3.740 0.0000000000
75018  49.076  18.564  -3.126 0.0000000000
75019  46.279  17.866  -4.324 0.0000000000
75020  45.766  18.391  -3.701 0.0000000000
75024  50.814  17.766  -5.264 0.0000000000
75025  50.200  18.153  -4.566 0.0000000000
75026  46.649  18.037  -5.050 0.0000000000
75029  51.186  18.020  -5.843 0.0000000000
75030  48.401  18.209  -7.136 0.0000000000
75031  48.036  17.927  -7.098 0.0000000000
75032  47.275  18.276  -6.069 0.0000000000
75036  51.262  18.247  -6.545 0.0000000000
75037  50.542  18.138  -6.913 0.0000000000
75038  49.133  18.252  -7.133 0.0000000000
75039  48.583  17.697  -6.907 0.0000000000
75043  51.312  18.610  -7.080 0.0000000000
75044  50.485  18.869  -7.360 0.0000000000
75045  49.589  19.267  -7.608 0.0000000000
75712  36.045  18.736  5.070 0.0000000000
75713  35.755  18.837  4.914 0.0000000000
75717  39.070  18.933  4.390 0.0000000000
75718  38.473  19.252  4.198 0.0000000000
75719  37.504  19.649  4.133 0.0000000000
75720  36.418  19.248  4.651 0.0000000000
75721  35.539  19.207  4.511 0.0000000000
75722  35.002  19.151  3.970 0.0000000000
75724  49.238  19.770  3.674 0.0000000000
75725  48.454  19.164  3.306 0.0000000000
75726  48.002  18.837  2.676 0.0000000000
75727  40.291  19.151  3.452 0.0000000000
75728  39.552  19.318  3.693 0.0000000000
75729  38.522  19.912  3.297 0.0000000000
75730  37.829  20.124  3.533 0.0000000000
75731  34.549  19.186  3.498 0.0000000000
75732  34.116  19.220  3.048 0.0000000000
75734  49.166  19.812  3.095 0.0000000000
75735  48.608  19.561  2.411 0.0000000000
75736  47.915  18.926  1.874 0.0000000000
75737  41.198  19.276  2.263 0.0000000000
75738  40.515  19.557  2.581 0.0000000000
75739  39.476  19.886  2.757 0.0000000000
75740  38.922  20.142  2.608 0.0000000000
75741  33.695  19.185  2.624 0.0000000000
75744  48.359  19.600  1.422 0.0000000000
75745  47.827  18.948  0.928 0.0000000000
75746  41.996  19.221  1.114 0.0000000000
75747  41.409  19.577  1.474 0.0000000000
75748  40.809  19.894  1.797 0.0000000000
75752  48.369  19.480  0.481 0.0000000000
75753  48.048  18.784  0.090 0.0000000000
75754  42.828  19.191  0.052 0.0000000000
75755  42.247  19.582  0.427 0.0000000000
75756  41.635  19.914  0.751 0.0000000000
75761  48.410  19.112  -0.519 0.0000000000
75762  48.150  18.671  -0.359 0.0000000000
75763  43.717  19.160  -0.922 0.0000000000
75764  43.212  19.648  -0.601 0.0000000000
75765  42.550  20.080  -0.266 0.0000000000
75769  48.626  19.143  -1.622 0.0000000000
75770  44.085  19.557  -1.615 0.0000000000
75771  43.612  20.091  -1.316 0.0000000000
75775  49.310  19.662  -2.853 0.0000000000
75776  48.974  19.219  -2.653 0.0000000000
75777  45.289  19.508  -3.169 0.0000000000
75778  44.721  19.884  -2.475 0.0000000000
75781  49.499  19.196  -3.524 0.0000000000
75782  49.111  19.000  -3.102 0.0000000000
75783  46.218  18.623  -4.479 0.0000000000
75784  45.892  19.561  -4.278 0.0000000000
75788  50.907  18.759  -5.307 0.0000000000
75789  50.367  19.394  -4.512 0.0000000000
75790  46.589  19.249  -5.140 0.0000000000
75791  46.276  19.995  -4.835 0.0000000000
75794  52.577  19.669  -6.327 0.0000000000
75795  51.971  19.201  -6.066 0.0000000000
75796  48.353  18.528  -7.190 0.0000000000
75797  47.883  19.167  -6.926 0.0000000000
75798  47.330  19.782  -5.979 0.0000000000
75802  52.779  19.520  -6.667 0.0000000000
75803  52.074  18.982  -6.894 0.0000000000
75804  48.667  19.339  -7.540 0.0000000000
75805  48.178  20.069  -7.398 0.0000000000
75809  52.804  19.578  -7.174 0.0000000000
75810  51.780  19.478  -7.398 0.0000000000
75811  50.491  19.841  -7.808 0.0000000000
75812  49.380  20.087  -8.061 0.0000000000
76502  36.846  19.888  4.157 0.0000000000
76503  36.223  19.972  4.201 0.0000000000
76504  35.383  19.930  4.099 0.0000000000
76505  34.794  19.804  3.828 0.0000000000
76507  50.577  20.871  3.880 0.0000000000
76508  49.867  20.332  3.421 0.0000000000
76514  38.010  20.335  3.195 0.0000000000
76515  37.227  20.604  3.525 0.0000000000
76516  35.944  20.659  3.832 0.0000000000
76517  35.025  20.522  3.773 0.0000000000
76518  34.261  20.098  3.520 0.0000000000
76519  33.706  19.963  3.046 0.0000000000
76521  50.406  20.841  3.052 0.0000000000
76522  49.599  20.267  2.506 0.0000000000
76523  49.013  20.050  1.790 0.0000000000
76527  39.924  20.020  2.285 0.0000000000
76528  39.354  20.237  2.133 0.0000000000
76529  38.382  20.698  2.447 0.0000000000
76530  37.672  21.142  2.833 0.0000000000
76531  33.328  20.004  2.628 0.0000000000
76534  50.387  20.889  2.088 0.0000000000
76535  49.706  20.431  1.529 0.0000000000
76536  48.919  20.175  0.979 0.0000000000
76537  40.924  20.061  1.411 0.0000000000
76538  40.250  20.205  1.624 0.0000000000
76539  39.241  20.733  1.335 0.0000000000
76540  38.632  21.005  1.617 0.0000000000
76545  50.541  20.737  1.144 0.0000000000
76546  49.762  20.437  0.607 0.0000000000
76547  48.977  20.029  0.022 0.0000000000
76548  41.752  20.108  0.436 0.0000000000
76549  41.077  20.402  0.648 0.0000000000
76550  40.042  20.662  0.805 0.0000000000
76551  39.548  20.919  0.725 0.0000000000
76556  50.550  20.733  0.317 0.0000000000
76557  49.869  20.524  -0.395 0.0000000000
76558  49.032  19.901  -0.980 0.0000000000
76559  42.780  20.634  -0.706 0.0000000000
76560  41.995  20.568  -0.103 0.0000000000
76561  41.383  20.847  -0.063 0.0000000000
76564  49.666  20.456  -1.414 0.0000000000
76565  49.124  19.862  -1.984 0.0000000000
76566  43.855  20.617  -1.751 0.0000000000
76567  43.357  20.643  -1.225 0.0000000000
76570  50.715  20.855  -2.806 0.0000000000
76571  49.841  20.361  -2.681 0.0000000000
76572  49.257  19.780  -2.529 0.0000000000
76573  44.887  20.605  -3.110 0.0000000000
76574  44.389  20.595  -2.329 0.0000000000
76577  50.869  20.741  -3.544 0.0000000000
76578  50.307  20.005  -3.967 0.0000000000
76579  45.448  20.567  -3.942 0.0000000000
76583  52.249  20.936  -5.125 0.0000000000
76584  51.360  20.221  -4.928 0.0000000000
76585  50.602  19.880  -4.460 0.0000000000
76586  46.655  20.539  -5.372 0.0000000000
76587  46.052  20.642  -4.679 0.0000000000
76591  53.898  21.593  -6.353 0.0000000000
76592  52.856  20.563  -6.028 0.0000000000
76593  52.054  19.953  -5.692 0.0000000000
76594  47.599  20.598  -6.919 0.0000000000
76595  47.063  20.851  -6.176 0.0000000000
76598  54.276  21.084  -6.764 0.0000000000
76599  53.650  20.072  -7.022 0.0000000000
76600  48.639  20.306  -7.881 0.0000000000
76601  48.245  21.015  -7.704 0.0000000000
76605  54.252  20.888  -7.395 0.0000000000
76606  53.171  20.454  -7.576 0.0000000000
76607  51.643  20.605  -7.868 0.0000000000
76608  50.237  20.847  -8.148 0.0000000000
76609  49.039  21.088  -8.279 0.0000000000
76610  48.609  21.504  -8.001 0.0000000000
77223  52.948  22.003  2.877 0.0000000000
77224  51.930  21.533  3.350 0.0000000000
77225  51.097  21.197  3.638 0.0000000000
77233  36.345  21.275  3.364 0.0000000000
77234  35.459  21.259  3.435 0.0000000000
77235  34.575  21.058  3.345 0.0000000000
77236  33.868  20.732  3.081 0.0000000000
77237  33.533  20.460  2.844 0.0000000000
77239  53.138  22.168  1.732 0.0000000000
77240  52.085  21.633  2.243 0.0000000000
77241  51.120  21.334  2.673 0.0000000000
77249  37.838  21.444  2.413 0.0000000000
77250  37.071  21.733  2.812 0.0000000000
77251  35.938  21.942  2.990 0.0000000000
77252  34.939  21.872  3.007 0.0000000000
77253  34.050  21.577  2.869 0.0000000000
77254  33.283  21.019  2.587 0.0000000000
77258  53.319  22.123  0.685 0.0000000000
77259  52.277  21.571  1.176 0.0000000000
77260  51.264  21.259  1.642 0.0000000000
77267  38.751  21.238  1.196 0.0000000000
77268  38.260  21.600  1.702 0.0000000000
77269  37.656  21.997  2.182 0.0000000000
77275  53.591  21.821  -0.168 0.0000000000
77276  52.470  21.444  0.172 0.0000000000
77277  51.405  21.051  0.665 0.0000000000
77282  40.373  20.914  0.303 0.0000000000
77283  39.799  21.061  0.369 0.0000000000
77284  39.190  21.453  0.564 0.0000000000
77285  38.612  21.721  1.032 0.0000000000
77290  53.694  21.792  -0.665 0.0000000000
77291  52.811  21.694  -0.879 0.0000000000
77292  51.120  21.125  -0.501 0.0000000000
77293  50.216  20.805  -0.943 0.0000000000
77294  42.380  21.540  -0.907 0.0000000000
77295  41.581  21.368  -0.518 0.0000000000
77296  40.834  21.199  -0.193 0.0000000000
77297  40.079  21.354  -0.063 0.0000000000
77298  39.656  21.420  0.149 0.0000000000
77301  52.577  21.974  -2.082 0.0000000000
77302  51.488  21.408  -1.650 0.0000000000
77303  50.444  20.917  -1.563 0.0000000000
77304  43.588  21.579  -1.759 0.0000000000
77305  43.070  21.375  -1.186 0.0000000000
77308  52.686  22.001  -3.239 0.0000000000
77309  51.555  21.341  -2.786 0.0000000000
77310  50.752  21.003  -2.283 0.0000000000
77311  44.577  21.633  -2.897 0.0000000000
77312  44.120  21.361  -2.215 0.0000000000
77315  52.728  22.039  -3.996 0.0000000000
77316  51.912  21.431  -4.042 0.0000000000
77317  45.119  21.568  -3.773 0.0000000000
77320  52.664  21.916  -4.906 0.0000000000
77321  52.079  21.093  -4.714 0.0000000000
77322  46.444  21.610  -5.183 0.0000000000
77323  45.736  21.599  -4.595 0.0000000000
77327  55.060  22.907  -6.946 0.0000000000
77328  54.580  22.357  -6.669 0.0000000000
77329  53.651  22.234  -5.802 0.0000000000
77330  47.363  21.716  -6.614 0.0000000000
77331  46.943  21.655  -5.830 0.0000000000
77334  55.278  22.608  -7.237 0.0000000000
77335  54.922  21.738  -7.319 0.0000000000
77336  47.832  21.689  -7.319 0.0000000000
77340  55.211  22.256  -7.764 0.0000000000
77341  54.343  21.626  -7.857 0.0000000000
77342  52.869  21.474  -7.932 0.0000000000
77343  51.315  21.543  -7.993 0.0000000000
77344  49.940  21.710  -8.075 0.0000000000
77345  48.935  21.966  -8.169 0.0000000000
77346  48.344  21.840  -7.763 0.0000000000
77984  54.888  23.520  3.871 0.0000000000
77995  55.136  23.705  2.659 0.0000000000
77996  54.743  22.938  3.075 0.0000000000
77997  53.809  22.324  3.558 0.0000000000
77998  51.155  23.051  2.574 0.0000000000
77999  50.629  22.773  2.946 0.0000000000
78006  55.319  24.041  1.748 0.0000000000
78007  54.997  23.273  1.925 0.0000000000
78008  54.100  22.545  2.342 0.0000000000
78009  51.479  23.197  2.249 0.0000000000
78010  50.857  22.954  1.870 0.0000000000
78011  49.690  22.518  2.269 0.0000000000
78016  37.146  22.436  2.185 0.0000000000
78017  36.359  22.549  2.383 0.0000000000
78018  35.341  22.567  2.446 0.0000000000
78019  34.347  22.371  2.407 0.0000000000
78020  33.472  22.012  2.308 0.0000000000
78021  33.005  21.655  2.163 0.0000000000
78024  55.137  24.380  1.401 0.0000000000
78025  54.931  23.916  1.186 0.0000000000
78026  54.392  22.886  1.157 0.0000000000
78027  50.624  23.140  0.777 0.0000000000
78028  49.646  22.739  1.179 0.0000000000
78034  38.261  22.159  1.166 0.0000000000
78035  37.682  22.553  1.514 0.0000000000
78036  36.783  23.067  1.716 0.0000000000
78037  35.759  23.143  1.725 0.0000000000
78038  34.735  22.919  1.646 0.0000000000
78039  33.749  22.626  1.606 0.0000000000
78044  55.529  22.868  -0.383 0.0000000000
78045  55.195  22.681  -0.061 0.0000000000
78046  54.411  22.598  0.382 0.0000000000
78047  50.652  23.357  -0.136 0.0000000000
78048  49.688  23.001  0.095 0.0000000000
78049  48.649  22.717  0.374 0.0000000000
78055  39.056  22.112  0.132 0.0000000000
78056  38.633  22.318  0.631 0.0000000000
78057  38.094  22.669  0.948 0.0000000000
78062  55.739  23.393  -0.733 0.0000000000
78063  55.697  23.087  -0.798 0.0000000000
78064  55.259  22.570  -0.999 0.0000000000
78065  54.389  22.044  -0.740 0.0000000000
78066  53.723  21.809  -0.937 0.0000000000
78067  50.773  23.551  -0.702 0.0000000000
78068  49.927  23.383  -1.008 0.0000000000
78069  48.763  23.040  -0.723 0.0000000000
78070  47.784  22.864  -0.508 0.0000000000
78074  42.272  22.285  -1.340 0.0000000000
78075  41.703  22.133  -1.138 0.0000000000
78076  40.981  21.839  -0.961 0.0000000000
78077  40.274  21.815  -0.657 0.0000000000
78078  39.544  21.917  -0.221 0.0000000000
78081  55.899  23.681  -1.052 0.0000000000
78082  55.747  23.625  -1.087 0.0000000000
78083  55.141  23.417  -1.467 0.0000000000
78084  54.243  22.932  -1.931 0.0000000000
78085  53.640  22.088  -1.521 0.0000000000
78086  49.537  23.523  -1.982 0.0000000000
78087  48.830  23.295  -1.758 0.0000000000
78088  47.831  23.212  -1.675 0.0000000000
78089  47.022  23.177  -1.247 0.0000000000
78091  43.502  22.254  -2.015 0.0000000000
78092  42.932  22.355  -1.664 0.0000000000
78093  41.860  22.777  -2.062 0.0000000000
78094  41.061  22.432  -1.726 0.0000000000
78095  40.433  22.394  -1.341 0.0000000000
78096  39.791  22.462  -0.973 0.0000000000
78099  53.792  23.357  -3.273 0.0000000000
78100  53.555  22.425  -2.684 0.0000000000
78101  49.458  23.566  -2.488 0.0000000000
78102  48.907  23.475  -2.647 0.0000000000
78103  48.170  23.383  -2.650 0.0000000000
78104  44.477  22.368  -2.994 0.0000000000
78105  44.019  22.439  -2.460 0.0000000000
78106  43.379  22.697  -2.215 0.0000000000
78107  41.429  23.029  -2.848 0.0000000000
78108  41.024  22.842  -2.561 0.0000000000
78109  40.373  22.843  -2.144 0.0000000000
78110  39.858  22.845  -1.674 0.0000000000
78113  53.774  23.734  -4.256 0.0000000000
78114  53.474  22.596  -3.955 0.0000000000
78115  48.681  23.510  -3.160 0.0000000000
78116  48.432  23.485  -3.190 0.0000000000
78117  44.850  22.564  -3.562 0.0000000000
78118  44.400  22.877  -3.135 0.0000000000
78121  53.534  24.149  -4.679 0.0000000000
78122  53.013  23.393  -5.059 0.0000000000
78123  51.496  23.414  -5.334 0.0000000000
78124  50.673  23.283  -5.388 0.0000000000
78125  48.111  23.303  -5.549 0.0000000000
78126  47.271  23.267  -5.586 0.0000000000
78127  46.381  22.734  -5.137 0.0000000000
78128  45.455  22.543  -4.426 0.0000000000
78132  55.108  22.996  -7.289 0.0000000000
78133  54.534  22.944  -7.075 0.0000000000
78134  53.547  23.230  -6.477 0.0000000000
78135  51.941  23.474  -6.260 0.0000000000
78136  50.351  23.202  -6.007 0.0000000000
78137  48.851  23.114  -6.038 0.0000000000
78138  47.559  22.696  -6.099 0.0000000000
78139  46.909  22.431  -5.577 0.0000000000
78143  55.272  22.819  -7.692 0.0000000000
78144  54.664  22.875  -7.619 0.0000000000
78145  53.613  22.800  -7.358 0.0000000000
78146  52.221  22.875  -7.136 0.0000000000
78147  50.699  22.795  -6.962 0.0000000000
78148  49.301  22.941  -7.021 0.0000000000
78149  48.073  22.600  -7.011 0.0000000000
78152  54.856  22.479  -8.001 0.0000000000
78153  53.904  22.299  -7.810 0.0000000000
78154  52.489  22.258  -7.762 0.0000000000
78155  50.990  22.229  -7.639 0.0000000000
78156  49.656  22.369  -7.657 0.0000000000
78157  48.663  22.437  -7.635 0.0000000000
78158  48.134  22.202  -7.499 0.0000000000
78732  53.764  24.373  4.695 0.0000000000
78733  52.922  23.889  4.336 0.0000000000
78734  51.847  23.363  3.930 0.0000000000
78735  51.195  23.086  3.363 0.0000000000
78740  55.055  24.046  3.443 0.0000000000
78741  53.757  24.264  3.593 0.0000000000
78742  52.931  23.844  3.203 0.0000000000
78743  51.864  23.376  2.767 0.0000000000
78744  51.164  23.060  2.931 0.0000000000
78748  55.131  24.214  2.402 0.0000000000
78749  53.920  24.352  2.532 0.0000000000
78750  53.220  23.970  2.115 0.0000000000
78751  52.188  23.511  1.715 0.0000000000
78752  51.548  23.362  1.121 0.0000000000
78756  55.066  24.429  1.777 0.0000000000
78757  54.496  24.412  1.665 0.0000000000
78758  53.725  24.112  1.201 0.0000000000
78759  52.652  23.703  0.790 0.0000000000
78760  51.573  23.583  0.366 0.0000000000
78763  37.770  22.971  0.967 0.0000000000
78764  37.242  23.256  0.953 0.0000000000
78765  36.243  23.443  0.880 0.0000000000
78766  35.193  23.279  0.766 0.0000000000
78767  34.185  23.005  0.681 0.0000000000
78772  55.693  23.758  0.171 0.0000000000
78773  55.577  23.446  0.165 0.0000000000
78774  55.036  23.684  0.736 0.0000000000
78775  53.986  24.212  0.661 0.0000000000
78776  52.667  24.070  -0.020 0.0000000000
78777  51.522  23.757  -0.449 0.0000000000
78780  39.218  22.365  -0.127 0.0000000000
78781  38.926  22.799  0.058 0.0000000000
78782  38.014  23.247  0.336 0.0000000000
78783  36.839  23.583  0.049 0.0000000000
78793  55.845  23.434  -0.274 0.0000000000
78794  55.518  22.822  -0.019 0.0000000000
78795  54.740  24.494  0.089 0.0000000000
78796  53.790  24.371  -0.485 0.0000000000
78797  52.550  24.096  -0.995 0.0000000000
78798  51.177  23.747  -1.298 0.0000000000
78799  50.304  23.628  -1.764 0.0000000000
78803  39.300  22.752  -0.505 0.0000000000
78804  38.586  23.382  -0.647 0.0000000000
78805  37.537  23.729  -0.746 0.0000000000
78812  56.096  23.506  -0.850 0.0000000000
78813  55.338  23.676  -0.529 0.0000000000
78814  55.073  24.430  -0.932 0.0000000000
78815  53.857  24.121  -1.628 0.0000000000
78816  52.354  24.038  -2.010 0.0000000000
78817  51.051  23.808  -2.237 0.0000000000
78818  50.038  23.660  -2.401 0.0000000000
78819  47.023  23.482  -2.108 0.0000000000
78823  43.036  22.909  -2.238 0.0000000000
78824  42.571  23.004  -2.397 0.0000000000
78825  39.238  23.190  -1.336 0.0000000000
78826  38.205  23.732  -1.790 0.0000000000
78831  53.455  24.230  -2.808 0.0000000000
78832  51.937  24.107  -2.954 0.0000000000
78833  50.620  23.770  -3.039 0.0000000000
78834  49.490  23.582  -3.027 0.0000000000
78835  48.927  23.523  -3.125 0.0000000000
78836  47.397  23.553  -2.894 0.0000000000
78839  43.988  23.268  -3.080 0.0000000000
78840  43.128  23.480  -2.887 0.0000000000
78841  41.859  23.367  -3.365 0.0000000000
78842  41.025  23.081  -3.388 0.0000000000
78843  40.331  23.279  -2.999 0.0000000000
78844  39.373  23.423  -2.436 0.0000000000
78845  38.554  23.828  -2.695 0.0000000000
78848  53.602  24.300  -3.818 0.0000000000
78849  52.674  24.259  -3.743 0.0000000000
78850  51.361  23.800  -3.801 0.0000000000
78851  49.960  23.551  -3.880 0.0000000000
78852  48.760  23.522  -3.751 0.0000000000
78853  47.819  23.617  -3.829 0.0000000000
78854  47.102  23.907  -4.100 0.0000000000
78855  45.123  23.223  -4.225 0.0000000000
78856  44.386  23.653  -3.878 0.0000000000
78857  43.713  23.715  -3.434 0.0000000000
78858  41.543  23.667  -4.838 0.0000000000
78859  41.035  23.312  -4.308 0.0000000000
78860  40.408  23.483  -3.871 0.0000000000
78861  39.524  23.834  -3.571 0.0000000000
78862  38.972  23.804  -3.047 0.0000000000
78865  53.684  24.396  -4.362 0.0000000000
78866  53.177  24.220  -4.370 0.0000000000
78867  52.140  23.755  -4.457 0.0000000000
78868  50.598  23.363  -4.801 0.0000000000
78869  49.098  23.375  -4.920 0.0000000000
78870  47.985  23.576  -4.880 0.0000000000
78871  47.058  23.844  -5.177 0.0000000000
78872  45.841  23.613  -4.777 0.0000000000
78873  45.043  23.738  -4.475 0.0000000000
78874  41.384  23.788  -5.609 0.0000000000
78875  40.981  23.671  -5.232 0.0000000000
78876  40.436  23.801  -4.617 0.0000000000
78877  40.009  23.856  -4.163 0.0000000000
78881  50.318  23.190  -5.402 0.0000000000
78882  49.789  23.190  -5.431 0.0000000000
79396  54.774  24.213  4.194 0.0000000000
79402  54.843  24.274  3.139 0.0000000000
79403  54.403  24.364  3.921 0.0000000000
79407  54.889  24.434  2.267 0.0000000000
79408  54.461  24.377  2.883 0.0000000000
79412  54.837  24.506  1.865 0.0000000000
79413  54.590  24.462  2.151 0.0000000000
79418  55.696  24.002  0.082 0.0000000000
79419  55.716  24.065  0.359 0.0000000000
79420  55.609  23.968  0.790 0.0000000000
79429  55.875  24.044  -0.369 0.0000000000
79430  55.616  24.298  0.037 0.0000000000
79431  55.410  24.427  0.445 0.0000000000
79442  56.034  23.873  -0.284 0.0000000000
79443  55.415  24.286  -0.363 0.0000000000
79444  55.352  24.644  -0.169 0.0000000000
79455  42.728  23.964  -3.623 0.0000000000
79456  42.418  23.746  -3.445 0.0000000000
79457  37.967  24.295  -2.547 0.0000000000
79461  46.714  24.260  -4.306 0.0000000000
79463  43.896  24.303  -4.584 0.0000000000
79464  43.151  24.193  -4.179 0.0000000000
79465  42.264  23.799  -4.268 0.0000000000
79466  39.131  24.553  -3.867 0.0000000000
79467  38.644  24.301  -3.259 0.0000000000
79470  46.956  24.177  -4.917 0.0000000000
79471  46.366  24.284  -5.549 0.0000000000
79472  44.743  24.374  -5.062 0.0000000000
79473  43.259  24.504  -5.536 0.0000000000
79474  42.027  23.980  -5.944 0.0000000000
79475  41.112  23.909  -6.045 0.0000000000
79476  40.464  24.315  -5.427 0.0000000000
79477  39.733  24.367  -4.482 0.0000000000
79482  44.908  24.750  -6.368 0.0000000000
79483  43.901  24.713  -6.050 0.0000000000
79484  41.728  24.059  -7.125 0.0000000000
79485  41.183  24.065  -6.838 0.0000000000
79486  40.814  24.378  -6.281 0.0000000000
80012  38.322  25.149  -2.837 0.0000000000
80018  39.206  25.215  -4.269 0.0000000000
80019  38.763  24.988  -3.575 0.0000000000
80024  43.062  24.675  -6.334 0.0000000000
80025  42.604  24.394  -6.274 0.0000000000
80026  40.327  25.086  -5.868 0.0000000000
80027  39.712  24.933  -5.132 0.0000000000
80035  42.343  24.673  -6.773 0.0000000000
80036  41.369  24.695  -7.092 0.0000000000
80037  40.876  24.682  -6.647 0.0000000000
