#!ascii label  , from subject FREESURFER vox2ras=TkReg 
967
62752  32.567  4.347  18.315 0.0000000000
63742  33.089  5.169  18.026 0.0000000000
63743  31.923  5.470  18.182 0.0000000000
63751  33.652  5.903  17.721 0.0000000000
63752  32.649  6.081  17.831 0.0000000000
63753  31.995  6.352  17.984 0.0000000000
64572  34.152  6.614  26.188 0.0000000000
64573  33.945  6.497  26.126 0.0000000000
64587  34.151  6.603  25.944 0.0000000000
64588  33.797  6.475  25.609 0.0000000000
64604  33.511  6.402  25.080 0.0000000000
64684  31.490  6.572  18.393 0.0000000000
64685  31.034  6.341  18.887 0.0000000000
64694  34.239  6.643  17.439 0.0000000000
64695  33.185  6.770  17.517 0.0000000000
64696  32.328  6.844  17.734 0.0000000000
64697  31.883  6.787  17.985 0.0000000000
65535  34.823  7.382  26.157 0.0000000000
65536  34.303  6.812  26.317 0.0000000000
65548  34.826  7.592  25.708 0.0000000000
65549  34.324  7.159  25.420 0.0000000000
65550  33.831  6.682  25.135 0.0000000000
65559  34.167  7.532  24.755 0.0000000000
65560  33.602  7.005  24.472 0.0000000000
65561  32.948  6.487  24.237 0.0000000000
65569  33.309  7.466  23.855 0.0000000000
65570  32.570  6.993  23.601 0.0000000000
65578  32.131  7.643  22.961 0.0000000000
65591  31.362  7.740  21.790 0.0000000000
65617  30.845  7.194  19.652 0.0000000000
65628  31.415  7.680  18.370 0.0000000000
65629  31.087  7.063  18.938 0.0000000000
65646  34.855  7.393  17.165 0.0000000000
65647  33.770  7.473  17.194 0.0000000000
65648  32.672  7.729  17.350 0.0000000000
65649  31.869  7.346  17.879 0.0000000000
65666  35.455  8.113  16.791 0.0000000000
65667  34.377  8.136  16.820 0.0000000000
65668  33.425  8.215  16.952 0.0000000000
65669  32.907  8.339  17.101 0.0000000000
66505  35.152  8.035  27.252 0.0000000000
66515  35.189  7.799  26.593 0.0000000000
66516  34.753  7.343  26.861 0.0000000000
66520  35.235  8.024  25.877 0.0000000000
66521  34.830  7.882  25.397 0.0000000000
66524  35.215  8.343  25.218 0.0000000000
66525  34.664  8.152  24.773 0.0000000000
66526  34.129  7.854  24.394 0.0000000000
66529  34.473  8.404  24.123 0.0000000000
66530  33.819  8.164  23.846 0.0000000000
66531  33.127  7.906  23.558 0.0000000000
66538  33.344  8.596  23.347 0.0000000000
66539  32.645  8.347  22.951 0.0000000000
66540  31.971  8.093  22.546 0.0000000000
66552  32.224  8.743  22.237 0.0000000000
66553  31.681  8.413  21.761 0.0000000000
66554  31.300  8.077  21.310 0.0000000000
66565  31.384  8.642  20.972 0.0000000000
66566  31.081  8.183  20.604 0.0000000000
66575  30.857  8.060  19.852 0.0000000000
66583  31.395  8.367  18.375 0.0000000000
66584  31.009  8.172  18.963 0.0000000000
66591  32.572  8.537  17.269 0.0000000000
66592  31.861  8.441  17.761 0.0000000000
66602  36.052  8.634  16.150 0.0000000000
66603  34.934  8.780  16.174 0.0000000000
66604  33.928  8.792  16.469 0.0000000000
66605  33.091  8.886  16.837 0.0000000000
66623  36.651  8.976  15.294 0.0000000000
66624  35.629  9.193  15.526 0.0000000000
66625  34.932  9.441  15.661 0.0000000000
66636  37.425  9.171  14.636 0.0000000000
66637  36.707  9.418  14.587 0.0000000000
67462  36.361  9.364  28.243 0.0000000000
67463  35.615  8.845  27.839 0.0000000000
67479  37.164  9.613  26.682 0.0000000000
67480  36.714  9.379  27.043 0.0000000000
67481  35.775  8.563  26.575 0.0000000000
67493  37.126  9.557  26.330 0.0000000000
67494  36.557  9.267  25.858 0.0000000000
67495  35.794  8.711  25.506 0.0000000000
67497  36.286  9.255  24.999 0.0000000000
67498  35.549  8.856  24.651 0.0000000000
67499  35.001  8.775  24.162 0.0000000000
67501  36.117  9.489  24.344 0.0000000000
67502  35.515  9.433  23.898 0.0000000000
67503  34.591  9.198  23.608 0.0000000000
67504  33.846  9.026  23.380 0.0000000000
67513  34.127  9.611  23.080 0.0000000000
67514  33.390  9.413  22.743 0.0000000000
67515  32.668  9.200  22.331 0.0000000000
67525  32.949  9.793  22.058 0.0000000000
67526  32.278  9.526  21.578 0.0000000000
67527  31.659  9.170  21.049 0.0000000000
67534  31.892  9.818  20.725 0.0000000000
67535  31.352  9.217  20.210 0.0000000000
67536  31.024  8.590  20.020 0.0000000000
67542  31.315  9.378  19.251 0.0000000000
67543  31.067  8.746  19.520 0.0000000000
67548  31.437  9.101  18.473 0.0000000000
67549  31.115  8.886  19.010 0.0000000000
67551  32.512  9.289  17.314 0.0000000000
67552  31.954  9.394  17.829 0.0000000000
67556  34.349  9.407  16.038 0.0000000000
67557  33.677  9.582  16.442 0.0000000000
67558  33.108  9.597  16.906 0.0000000000
67565  36.033  9.545  14.856 0.0000000000
67566  35.285  9.945  15.143 0.0000000000
67567  34.609  10.005  15.630 0.0000000000
67568  34.169  9.950  16.057 0.0000000000
67570  38.761  9.604  14.107 0.0000000000
67571  37.958  9.583  14.177 0.0000000000
67572  37.177  9.833  14.167 0.0000000000
67573  36.409  9.998  14.390 0.0000000000
67574  35.823  10.176  14.666 0.0000000000
67577  38.996  10.224  13.438 0.0000000000
67578  38.177  10.133  13.803 0.0000000000
67579  37.687  10.011  13.956 0.0000000000
67584  39.515  10.113  12.764 0.0000000000
67594  39.785  9.957  12.381 0.0000000000
68365  37.471  10.423  29.031 0.0000000000
68366  36.853  9.795  28.643 0.0000000000
68376  37.460  10.106  27.877 0.0000000000
68377  36.937  9.628  27.842 0.0000000000
68388  38.093  10.321  25.756 0.0000000000
68389  37.571  9.950  26.697 0.0000000000
68390  37.186  9.745  27.361 0.0000000000
68406  38.011  10.506  24.885 0.0000000000
68407  37.327  9.876  25.428 0.0000000000
68408  36.741  9.551  25.214 0.0000000000
68421  37.896  10.776  24.391 0.0000000000
68422  37.343  10.520  24.266 0.0000000000
68423  36.720  9.805  24.640 0.0000000000
68432  36.946  10.782  23.662 0.0000000000
68433  36.316  10.241  23.770 0.0000000000
68434  35.227  10.284  23.183 0.0000000000
68435  34.548  9.903  23.107 0.0000000000
68441  35.017  10.776  22.637 0.0000000000
68442  34.214  10.447  22.433 0.0000000000
68443  33.398  10.094  22.184 0.0000000000
68445  33.900  10.966  21.730 0.0000000000
68446  33.099  10.601  21.429 0.0000000000
68447  32.318  10.204  21.036 0.0000000000
68450  32.872  11.045  20.674 0.0000000000
68451  32.279  10.626  20.336 0.0000000000
68452  31.757  9.954  20.208 0.0000000000
68455  32.067  10.790  19.212 0.0000000000
68456  31.675  10.040  19.650 0.0000000000
68459  32.154  10.634  18.293 0.0000000000
68460  31.664  10.022  18.806 0.0000000000
68462  32.393  10.154  17.617 0.0000000000
68463  31.872  9.885  18.176 0.0000000000
68465  33.895  10.879  16.367 0.0000000000
68466  33.389  10.295  16.746 0.0000000000
68467  32.876  9.978  17.166 0.0000000000
68473  34.887  10.815  15.345 0.0000000000
68474  34.308  10.547  15.915 0.0000000000
68475  33.892  10.243  16.297 0.0000000000
68477  36.748  10.395  14.146 0.0000000000
68478  36.127  10.830  14.402 0.0000000000
68479  35.475  10.650  14.843 0.0000000000
68481  38.734  10.787  13.208 0.0000000000
68482  38.211  10.977  13.430 0.0000000000
68483  37.345  10.624  13.877 0.0000000000
68484  36.718  10.810  14.095 0.0000000000
68488  39.014  10.902  12.757 0.0000000000
68489  38.632  11.074  13.128 0.0000000000
68495  40.249  10.568  11.647 0.0000000000
68496  39.644  10.399  12.190 0.0000000000
69247  38.407  11.630  29.401 0.0000000000
69257  38.489  11.530  28.567 0.0000000000
69258  38.019  11.096  28.967 0.0000000000
69270  39.256  11.467  26.810 0.0000000000
69271  38.698  11.359  27.593 0.0000000000
69272  38.032  10.833  28.224 0.0000000000
69286  39.379  11.253  25.925 0.0000000000
69287  38.589  10.758  26.497 0.0000000000
69288  38.065  10.600  27.362 0.0000000000
69304  39.375  11.312  24.899 0.0000000000
69305  38.717  10.775  25.354 0.0000000000
69323  39.235  11.674  24.009 0.0000000000
69324  38.420  11.094  24.313 0.0000000000
69325  37.809  10.942  24.099 0.0000000000
69344  39.093  11.945  23.538 0.0000000000
69345  38.557  11.675  23.613 0.0000000000
69346  37.568  11.371  23.465 0.0000000000
69347  36.526  11.018  23.248 0.0000000000
69348  35.932  10.743  23.210 0.0000000000
69357  37.273  11.840  22.835 0.0000000000
69358  36.727  11.566  22.822 0.0000000000
69359  35.695  11.285  22.541 0.0000000000
69360  34.887  11.024  22.326 0.0000000000
69362  35.474  11.769  21.876 0.0000000000
69363  34.587  11.501  21.616 0.0000000000
69364  33.751  11.191  21.353 0.0000000000
69367  34.291  11.907  20.813 0.0000000000
69368  33.487  11.566  20.570 0.0000000000
69369  32.785  11.218  20.331 0.0000000000
69371  33.174  11.884  19.775 0.0000000000
69372  32.659  11.475  19.731 0.0000000000
69375  33.015  11.969  19.186 0.0000000000
69376  32.553  11.552  18.566 0.0000000000
69378  33.126  11.516  17.329 0.0000000000
69379  32.774  11.153  17.631 0.0000000000
69381  33.954  11.527  16.441 0.0000000000
69382  33.368  11.231  16.925 0.0000000000
69383  32.977  10.561  17.229 0.0000000000
69389  34.910  11.637  15.390 0.0000000000
69390  34.400  11.397  15.889 0.0000000000
69392  35.984  11.685  14.421 0.0000000000
69393  35.419  11.464  14.851 0.0000000000
69395  37.885  11.864  13.400 0.0000000000
69396  37.363  11.587  13.680 0.0000000000
69397  36.644  11.451  14.065 0.0000000000
69401  38.895  11.767  12.512 0.0000000000
69402  38.491  11.656  13.055 0.0000000000
69406  41.974  11.863  11.502 0.0000000000
69407  41.321  11.702  11.423 0.0000000000
69408  40.411  11.521  11.473 0.0000000000
69409  39.480  11.388  11.927 0.0000000000
70093  40.604  12.928  29.349 0.0000000000
70094  39.836  12.478  29.665 0.0000000000
70104  40.549  12.854  28.314 0.0000000000
70105  39.730  12.479  28.694 0.0000000000
70106  39.040  12.086  29.082 0.0000000000
70116  40.587  12.698  27.212 0.0000000000
70117  39.601  12.213  27.578 0.0000000000
70118  39.040  12.003  28.272 0.0000000000
70126  41.562  12.687  25.901 0.0000000000
70127  40.752  12.361  26.179 0.0000000000
70128  39.951  11.919  26.516 0.0000000000
70137  41.404  12.737  24.859 0.0000000000
70138  40.798  12.253  25.140 0.0000000000
70139  40.117  11.718  25.510 0.0000000000
70152  41.191  12.935  24.303 0.0000000000
70153  40.659  12.646  24.124 0.0000000000
70154  40.024  11.942  24.485 0.0000000000
70177  40.308  12.830  23.581 0.0000000000
70178  39.687  12.469  23.490 0.0000000000
70179  38.753  12.144  23.210 0.0000000000
70180  38.196  11.885  23.230 0.0000000000
70195  39.496  12.839  22.980 0.0000000000
70196  38.969  12.620  22.875 0.0000000000
70197  37.869  12.373  22.676 0.0000000000
70198  36.915  12.080  22.458 0.0000000000
70199  36.387  11.767  22.420 0.0000000000
70206  37.579  12.782  22.218 0.0000000000
70207  37.108  12.690  22.034 0.0000000000
70208  36.175  12.152  21.888 0.0000000000
70209  35.374  12.140  21.458 0.0000000000
70212  36.522  12.839  21.451 0.0000000000
70213  35.772  12.800  21.041 0.0000000000
70214  34.877  12.348  20.761 0.0000000000
70215  34.209  12.177  20.278 0.0000000000
70218  35.360  12.890  20.241 0.0000000000
70219  34.729  12.668  19.673 0.0000000000
70220  33.717  12.244  19.518 0.0000000000
70223  34.289  12.710  18.650 0.0000000000
70224  33.327  12.273  18.352 0.0000000000
70225  32.923  11.782  17.826 0.0000000000
70227  34.110  12.673  17.540 0.0000000000
70228  33.384  11.996  17.252 0.0000000000
70229  33.024  11.631  17.527 0.0000000000
70231  35.001  12.642  16.006 0.0000000000
70232  34.386  12.249  16.364 0.0000000000
70233  33.741  11.781  16.712 0.0000000000
70239  35.769  12.958  14.956 0.0000000000
70240  35.249  12.414  15.300 0.0000000000
70241  34.704  11.957  15.696 0.0000000000
70243  36.903  13.037  14.209 0.0000000000
70244  36.242  12.562  14.362 0.0000000000
70245  35.673  12.064  14.675 0.0000000000
70247  38.134  12.528  13.361 0.0000000000
70248  37.295  12.588  13.769 0.0000000000
70249  36.844  12.068  13.876 0.0000000000
70253  39.183  12.423  12.289 0.0000000000
70254  38.664  12.491  12.849 0.0000000000
70259  42.056  12.428  11.399 0.0000000000
70260  41.388  12.500  11.479 0.0000000000
70261  40.627  12.407  11.541 0.0000000000
70262  39.835  12.373  11.759 0.0000000000
70930  44.221  13.969  28.501 0.0000000000
70931  43.564  13.989  28.797 0.0000000000
70932  42.505  13.602  28.900 0.0000000000
70933  41.492  13.339  29.085 0.0000000000
70942  44.332  13.634  27.670 0.0000000000
70943  43.535  13.293  27.755 0.0000000000
70944  42.598  13.154  27.918 0.0000000000
70945  41.542  13.114  28.060 0.0000000000
70954  44.107  13.502  26.402 0.0000000000
70955  43.360  13.187  26.616 0.0000000000
70956  42.515  12.984  26.790 0.0000000000
70957  41.574  12.907  26.974 0.0000000000
70966  43.614  13.749  25.229 0.0000000000
70967  42.997  13.376  25.465 0.0000000000
70968  42.283  13.005  25.639 0.0000000000
70978  43.207  14.035  24.650 0.0000000000
70979  42.718  13.788  24.682 0.0000000000
70980  41.689  13.439  24.381 0.0000000000
70981  41.038  13.055  24.034 0.0000000000
71004  41.211  13.721  23.639 0.0000000000
71005  40.677  13.302  23.497 0.0000000000
71006  40.170  12.947  23.362 0.0000000000
71023  40.340  13.519  23.114 0.0000000000
71024  39.936  13.261  22.999 0.0000000000
71025  39.214  13.108  22.666 0.0000000000
71026  38.529  12.975  22.472 0.0000000000
71034  39.378  13.615  22.528 0.0000000000
71035  38.717  13.555  22.189 0.0000000000
71036  37.775  13.216  21.902 0.0000000000
71037  37.040  13.146  21.463 0.0000000000
71044  37.306  13.502  21.080 0.0000000000
71045  36.561  13.314  20.795 0.0000000000
71046  35.925  13.222  20.268 0.0000000000
71052  37.066  13.699  20.390 0.0000000000
71053  36.483  13.599  19.802 0.0000000000
71054  35.637  13.179  19.434 0.0000000000
71055  35.063  12.965  18.819 0.0000000000
71057  36.276  13.574  18.908 0.0000000000
71058  35.658  13.269  18.402 0.0000000000
71059  34.935  13.018  17.943 0.0000000000
71061  36.345  13.606  17.964 0.0000000000
71062  35.680  13.217  17.355 0.0000000000
71063  34.909  12.867  16.929 0.0000000000
71065  37.225  13.883  16.556 0.0000000000
71066  36.593  13.598  16.740 0.0000000000
71067  35.537  13.001  16.144 0.0000000000
71068  34.947  12.719  16.346 0.0000000000
71074  37.236  13.795  15.861 0.0000000000
71075  36.361  13.300  15.255 0.0000000000
71076  35.663  13.005  15.368 0.0000000000
71078  38.374  13.737  14.357 0.0000000000
71079  37.561  13.449  14.543 0.0000000000
71080  36.711  13.189  14.517 0.0000000000
71082  39.397  13.814  13.170 0.0000000000
71083  38.680  13.386  13.525 0.0000000000
71084  37.908  13.016  13.784 0.0000000000
71087  40.279  13.724  12.185 0.0000000000
71088  39.662  13.377  12.422 0.0000000000
71089  39.010  12.957  12.745 0.0000000000
71093  42.028  13.222  11.361 0.0000000000
71094  41.480  13.173  11.573 0.0000000000
71095  40.669  13.278  11.811 0.0000000000
71096  40.168  12.902  11.825 0.0000000000
71721  44.431  14.471  29.278 0.0000000000
71729  44.755  14.562  28.908 0.0000000000
71730  44.843  14.652  29.892 0.0000000000
71738  45.183  14.420  26.563 0.0000000000
71739  45.008  14.239  27.549 0.0000000000
71746  44.739  14.615  25.414 0.0000000000
71747  44.555  13.971  25.910 0.0000000000
71756  44.448  14.853  24.756 0.0000000000
71757  43.789  14.513  24.531 0.0000000000
71758  42.666  14.289  24.275 0.0000000000
71759  42.111  14.029  24.265 0.0000000000
71782  43.387  14.994  23.823 0.0000000000
71783  42.767  14.768  23.806 0.0000000000
71784  41.649  14.336  23.505 0.0000000000
71785  40.977  13.845  23.343 0.0000000000
71801  41.187  14.565  22.780 0.0000000000
71802  40.460  14.124  22.779 0.0000000000
71803  39.752  13.833  22.614 0.0000000000
71806  39.973  14.632  22.086 0.0000000000
71807  39.272  14.330  21.777 0.0000000000
71808  38.242  13.834  21.398 0.0000000000
71809  37.747  13.625  21.265 0.0000000000
71815  39.024  14.699  20.241 0.0000000000
71816  38.325  14.260  20.505 0.0000000000
71817  37.674  13.852  20.699 0.0000000000
71824  38.994  14.788  19.550 0.0000000000
71825  38.447  14.579  19.299 0.0000000000
71826  37.381  14.047  19.627 0.0000000000
71827  36.734  13.811  19.238 0.0000000000
71832  38.316  14.698  18.147 0.0000000000
71833  37.599  14.316  18.490 0.0000000000
71834  36.872  13.923  18.653 0.0000000000
71836  38.348  14.708  17.159 0.0000000000
71837  37.696  14.360  17.508 0.0000000000
71838  37.059  13.964  17.729 0.0000000000
71840  38.472  14.633  16.217 0.0000000000
71841  37.741  14.230  16.553 0.0000000000
71842  37.273  13.989  17.023 0.0000000000
71848  39.412  14.783  15.042 0.0000000000
71849  38.692  14.478  15.333 0.0000000000
71850  38.008  14.097  15.563 0.0000000000
71853  42.625  14.971  13.655 0.0000000000
71854  42.307  15.172  13.712 0.0000000000
71855  40.561  14.985  13.860 0.0000000000
71856  39.714  14.578  14.148 0.0000000000
71857  38.931  14.138  14.438 0.0000000000
71858  38.327  13.966  14.864 0.0000000000
71860  42.525  14.788  13.102 0.0000000000
71861  42.046  15.033  13.329 0.0000000000
71862  41.088  14.881  13.042 0.0000000000
71863  39.987  14.362  13.054 0.0000000000
71864  39.354  14.032  13.693 0.0000000000
71867  42.565  14.666  12.652 0.0000000000
71868  41.847  14.609  12.494 0.0000000000
71869  40.795  14.178  12.208 0.0000000000
71870  40.133  13.957  12.437 0.0000000000
71874  41.583  13.881  11.811 0.0000000000
71875  41.140  13.656  11.801 0.0000000000
72432  46.849  16.548  29.170 0.0000000000
72433  46.764  16.368  29.322 0.0000000000
72443  47.283  16.394  28.589 0.0000000000
72444  47.105  16.271  28.937 0.0000000000
72445  46.756  15.828  29.316 0.0000000000
72454  47.445  16.092  28.330 0.0000000000
72455  47.276  15.599  28.593 0.0000000000
72456  46.794  15.128  29.013 0.0000000000
72457  45.081  14.908  29.850 0.0000000000
72464  47.752  15.791  27.597 0.0000000000
72465  47.429  15.273  27.839 0.0000000000
72466  46.477  14.823  28.176 0.0000000000
72467  45.570  14.999  27.775 0.0000000000
72468  45.200  15.710  28.996 0.0000000000
72476  49.217  15.730  25.801 0.0000000000
72477  48.452  15.693  26.426 0.0000000000
72478  47.456  15.356  26.695 0.0000000000
72479  46.356  15.240  26.539 0.0000000000
72480  45.444  15.022  26.034 0.0000000000
72491  49.123  15.629  25.587 0.0000000000
72492  48.487  15.523  25.579 0.0000000000
72493  47.338  15.500  25.432 0.0000000000
72494  46.112  15.452  25.094 0.0000000000
72495  45.062  15.195  24.827 0.0000000000
72496  44.404  15.128  24.324 0.0000000000
72520  45.689  15.584  24.348 0.0000000000
72521  45.014  15.599  24.003 0.0000000000
72522  44.014  15.440  23.544 0.0000000000
72523  43.022  15.275  23.399 0.0000000000
72524  42.280  15.053  23.202 0.0000000000
72539  43.284  15.723  23.029 0.0000000000
72540  42.555  15.577  22.818 0.0000000000
72541  41.595  15.256  22.395 0.0000000000
72542  40.931  14.756  22.489 0.0000000000
72544  41.127  15.883  21.207 0.0000000000
72545  40.467  15.110  21.802 0.0000000000
72546  39.817  14.826  21.689 0.0000000000
72549  41.114  16.043  20.465 0.0000000000
72550  40.519  15.698  20.240 0.0000000000
72551  39.662  15.110  20.933 0.0000000000
72558  40.232  15.757  18.903 0.0000000000
72559  39.473  15.158  19.509 0.0000000000
72560  38.972  14.853  19.251 0.0000000000
72567  40.152  15.759  17.888 0.0000000000
72568  39.538  15.364  18.359 0.0000000000
72569  38.948  14.952  18.710 0.0000000000
72571  40.220  15.612  17.082 0.0000000000
72572  39.587  15.372  17.408 0.0000000000
72573  38.964  15.019  17.760 0.0000000000
72575  45.513  15.526  15.355 0.0000000000
72576  45.199  15.619  15.711 0.0000000000
72577  41.994  15.790  15.573 0.0000000000
72578  41.350  15.721  15.931 0.0000000000
72579  40.518  15.605  16.330 0.0000000000
72580  39.711  15.360  16.538 0.0000000000
72581  39.032  15.027  16.830 0.0000000000
72586  45.521  15.387  14.694 0.0000000000
72587  44.656  15.249  15.145 0.0000000000
72588  43.530  15.265  14.928 0.0000000000
72589  42.555  15.498  14.981 0.0000000000
72590  41.652  15.590  15.068 0.0000000000
72591  40.769  15.486  15.376 0.0000000000
72592  39.922  15.294  15.649 0.0000000000
72593  39.170  14.980  15.926 0.0000000000
72598  43.906  14.857  14.222 0.0000000000
72599  43.040  14.961  14.227 0.0000000000
72600  42.160  15.273  14.175 0.0000000000
72601  41.123  15.366  14.485 0.0000000000
72602  40.212  15.107  14.761 0.0000000000
72607  43.132  14.711  13.416 0.0000000000
72608  42.043  15.225  13.741 0.0000000000
72609  41.506  15.198  13.760 0.0000000000
73145  46.811  16.810  29.087 0.0000000000
73146  46.628  16.740  29.375 0.0000000000
73151  47.365  16.512  28.306 0.0000000000
73152  47.071  16.845  28.660 0.0000000000
73153  46.316  16.550  29.718 0.0000000000
73154  45.953  16.960  29.863 0.0000000000
73159  47.625  16.465  27.684 0.0000000000
73160  47.288  16.937  28.166 0.0000000000
73161  46.148  15.604  29.839 0.0000000000
73162  45.709  16.622  29.848 0.0000000000
73167  48.397  16.218  26.765 0.0000000000
73168  46.095  14.974  29.275 0.0000000000
73169  45.395  16.081  28.964 0.0000000000
73170  44.586  16.562  28.259 0.0000000000
73171  44.228  16.390  28.291 0.0000000000
73179  49.471  15.816  25.433 0.0000000000
73180  49.298  15.984  26.024 0.0000000000
73181  44.111  17.029  27.364 0.0000000000
73182  43.528  16.708  27.100 0.0000000000
73198  49.281  15.712  25.049 0.0000000000
73199  48.428  15.768  24.513 0.0000000000
73200  47.038  15.721  24.394 0.0000000000
73201  46.237  15.684  24.335 0.0000000000
73224  48.681  16.187  23.660 0.0000000000
73225  47.766  16.109  23.655 0.0000000000
73226  46.241  15.984  23.688 0.0000000000
73227  45.022  16.022  23.289 0.0000000000
73228  44.399  16.011  23.057 0.0000000000
73241  48.251  16.451  23.070 0.0000000000
73242  47.288  16.387  22.850 0.0000000000
73243  45.929  16.367  22.727 0.0000000000
73244  44.797  16.344  22.566 0.0000000000
73245  43.898  16.138  22.718 0.0000000000
73246  43.021  16.168  22.493 0.0000000000
73247  42.301  16.013  22.240 0.0000000000
73249  44.302  16.531  22.157 0.0000000000
73250  43.635  16.567  21.984 0.0000000000
73251  42.761  16.540  21.671 0.0000000000
73252  41.904  16.215  21.533 0.0000000000
73254  42.439  16.668  20.892 0.0000000000
73255  41.711  16.338  20.490 0.0000000000
73256  41.250  16.115  19.955 0.0000000000
73261  42.520  16.787  20.002 0.0000000000
73262  41.846  16.464  19.477 0.0000000000
73263  41.047  16.154  19.208 0.0000000000
73270  43.724  17.090  18.629 0.0000000000
73271  42.878  16.892  18.832 0.0000000000
73272  41.765  16.404  18.455 0.0000000000
73273  40.866  16.108  18.214 0.0000000000
73275  49.460  16.673  17.802 0.0000000000
73276  49.131  16.460  17.805 0.0000000000
73277  48.502  16.347  17.726 0.0000000000
73278  47.657  16.440  17.519 0.0000000000
73279  46.608  16.591  17.239 0.0000000000
73280  45.400  16.710  17.187 0.0000000000
73281  43.978  16.829  17.696 0.0000000000
73282  42.581  16.428  17.556 0.0000000000
73283  41.517  16.138  17.461 0.0000000000
73284  40.737  15.882  17.384 0.0000000000
73289  49.461  16.681  17.428 0.0000000000
73290  48.916  16.458  17.188 0.0000000000
73291  48.155  16.388  16.899 0.0000000000
73292  47.182  16.372  16.567 0.0000000000
73293  45.962  15.980  16.158 0.0000000000
73294  44.625  16.088  16.227 0.0000000000
73295  43.332  16.258  16.475 0.0000000000
73296  42.132  16.026  16.372 0.0000000000
73297  41.134  15.841  16.745 0.0000000000
73298  40.642  15.725  16.896 0.0000000000
73306  49.425  16.669  16.837 0.0000000000
73307  48.866  16.514  16.314 0.0000000000
73308  47.942  16.399  16.009 0.0000000000
73309  47.009  16.249  15.640 0.0000000000
73310  46.205  15.823  15.163 0.0000000000
73311  43.839  15.756  15.626 0.0000000000
73312  42.962  15.878  15.589 0.0000000000
73313  42.387  15.841  15.606 0.0000000000
73318  48.595  16.552  15.587 0.0000000000
73319  47.926  16.504  15.221 0.0000000000
73320  47.007  16.374  14.871 0.0000000000
73895  46.511  17.054  29.343 0.0000000000
73896  46.403  16.946  29.552 0.0000000000
73902  46.569  17.266  29.012 0.0000000000
73903  46.141  17.227  29.542 0.0000000000
73904  45.812  17.106  29.672 0.0000000000
73910  47.325  17.164  27.709 0.0000000000
73911  46.747  17.586  28.321 0.0000000000
73912  46.195  17.736  28.957 0.0000000000
73913  45.589  17.371  29.158 0.0000000000
73920  47.782  16.965  26.949 0.0000000000
73921  47.030  17.772  27.369 0.0000000000
73922  44.868  17.401  28.052 0.0000000000
73923  44.386  17.169  27.569 0.0000000000
73934  49.525  16.132  25.331 0.0000000000
73935  48.644  16.800  25.812 0.0000000000
73936  47.526  17.585  26.496 0.0000000000
73937  44.779  18.038  27.256 0.0000000000
73938  44.084  17.709  26.515 0.0000000000
73939  42.742  17.363  25.812 0.0000000000
73960  49.596  15.936  25.043 0.0000000000
73961  49.269  16.412  24.428 0.0000000000
73962  43.643  18.372  25.514 0.0000000000
73963  43.003  18.117  25.290 0.0000000000
73979  48.701  16.692  23.166 0.0000000000
73992  48.163  16.677  22.126 0.0000000000
73993  46.752  16.519  22.008 0.0000000000
73994  45.432  16.598  21.996 0.0000000000
73995  44.743  16.613  22.037 0.0000000000
73997  48.346  16.855  21.163 0.0000000000
73998  47.313  16.636  21.278 0.0000000000
73999  45.898  16.798  21.306 0.0000000000
74000  44.526  16.896  21.500 0.0000000000
74001  43.444  16.905  21.246 0.0000000000
74002  42.904  16.821  21.095 0.0000000000
74004  48.600  16.806  20.454 0.0000000000
74005  47.625  16.680  20.548 0.0000000000
74006  46.313  16.838  20.546 0.0000000000
74007  45.019  17.119  20.584 0.0000000000
74008  43.912  17.200  20.601 0.0000000000
74009  43.063  16.998  20.601 0.0000000000
74019  48.610  16.827  19.678 0.0000000000
74020  47.815  16.708  19.805 0.0000000000
74021  46.629  16.815  19.781 0.0000000000
74022  45.381  17.141  19.751 0.0000000000
74023  44.274  17.305  19.798 0.0000000000
74024  43.343  17.170  19.825 0.0000000000
74043  49.676  17.546  18.166 0.0000000000
74044  49.283  17.003  18.675 0.0000000000
74045  48.688  16.708  18.911 0.0000000000
74046  47.976  16.659  19.010 0.0000000000
74047  46.933  16.759  18.990 0.0000000000
74048  45.768  17.120  18.922 0.0000000000
74049  44.518  17.237  18.856 0.0000000000
74050  43.702  17.210  19.178 0.0000000000
74067  49.776  17.066  17.715 0.0000000000
74068  49.427  16.745  18.122 0.0000000000
74069  48.908  16.450  18.303 0.0000000000
74070  48.207  16.406  18.315 0.0000000000
74071  47.312  16.706  18.191 0.0000000000
74072  46.232  17.121  18.044 0.0000000000
74073  45.138  17.216  18.089 0.0000000000
74086  49.954  17.120  17.060 0.0000000000
74102  49.784  16.971  16.212 0.0000000000
74103  49.215  16.724  15.657 0.0000000000
74120  49.703  17.146  15.472 0.0000000000
74121  48.996  16.829  14.990 0.0000000000
74122  47.931  16.889  14.559 0.0000000000
74695  46.266  18.065  28.508 0.0000000000
74696  45.907  18.155  28.594 0.0000000000
74697  45.468  17.952  28.310 0.0000000000
74707  46.416  18.489  28.021 0.0000000000
74708  45.732  18.581  27.930 0.0000000000
74709  45.209  18.166  27.677 0.0000000000
74724  47.671  17.833  25.824 0.0000000000
74725  46.967  18.829  26.857 0.0000000000
74726  46.122  19.402  27.630 0.0000000000
74727  45.271  18.808  26.799 0.0000000000
74728  44.274  18.883  25.579 0.0000000000
74747  48.289  17.587  24.845 0.0000000000
74748  47.418  18.701  25.492 0.0000000000
74749  43.350  18.930  25.018 0.0000000000
74762  48.454  17.477  23.638 0.0000000000
74763  47.642  18.501  24.230 0.0000000000
74772  48.266  17.497  22.552 0.0000000000
74773  47.564  18.377  23.016 0.0000000000
74776  48.179  17.781  21.551 0.0000000000
74777  47.679  18.368  22.124 0.0000000000
74788  48.458  17.748  20.696 0.0000000000
74789  35.824  18.812  20.015 0.0000000000
74803  48.996  18.143  19.317 0.0000000000
74804  48.805  17.678  19.939 0.0000000000
74805  37.754  18.967  19.055 0.0000000000
74806  37.108  18.833  19.200 0.0000000000
74807  36.322  18.707  19.478 0.0000000000
74808  35.465  18.387  19.511 0.0000000000
74821  49.839  18.543  18.159 0.0000000000
74822  49.355  18.129  18.737 0.0000000000
74823  49.075  17.281  19.311 0.0000000000
74824  38.860  18.884  18.137 0.0000000000
74825  38.171  18.774  18.458 0.0000000000
74826  37.281  18.586  18.479 0.0000000000
74827  36.510  18.457  18.639 0.0000000000
74838  50.740  18.609  16.651 0.0000000000
74839  50.241  18.160  17.449 0.0000000000
74840  39.179  19.014  17.405 0.0000000000
74841  38.265  18.692  17.486 0.0000000000
74842  37.411  18.501  17.644 0.0000000000
74849  50.908  18.438  16.066 0.0000000000
74850  50.445  17.742  16.562 0.0000000000
74851  39.140  19.161  16.399 0.0000000000
74852  38.383  18.822  16.559 0.0000000000
74860  50.668  18.487  15.483 0.0000000000
74861  50.321  17.711  15.789 0.0000000000
74862  39.113  19.277  15.890 0.0000000000
74884  50.500  18.512  15.159 0.0000000000
74885  49.969  17.937  15.024 0.0000000000
74886  48.881  17.527  14.514 0.0000000000
74896  49.427  18.210  14.450 0.0000000000
75455  46.505  20.174  27.071 0.0000000000
75456  45.582  20.315  27.099 0.0000000000
75457  44.672  20.135  26.103 0.0000000000
75458  43.640  19.965  25.313 0.0000000000
75474  46.973  19.893  26.229 0.0000000000
75475  46.757  20.289  25.506 0.0000000000
75476  42.840  19.712  24.983 0.0000000000
75488  47.048  19.513  24.949 0.0000000000
75489  46.519  20.233  24.447 0.0000000000
75495  46.811  19.347  23.655 0.0000000000
75496  46.197  20.221  23.262 0.0000000000
75505  47.415  18.814  21.523 0.0000000000
75506  46.631  19.558  22.205 0.0000000000
75507  46.256  20.550  22.565 0.0000000000
75508  39.675  20.139  20.873 0.0000000000
75509  39.319  20.209  20.928 0.0000000000
75510  37.711  20.156  20.929 0.0000000000
75511  36.915  19.974  20.946 0.0000000000
75512  36.033  19.778  20.985 0.0000000000
75524  47.588  18.912  20.777 0.0000000000
75525  46.985  19.553  21.189 0.0000000000
75526  41.567  19.756  19.893 0.0000000000
75527  40.862  19.646  20.031 0.0000000000
75528  40.068  19.798  20.290 0.0000000000
75529  39.136  19.955  20.383 0.0000000000
75530  38.263  19.865  20.460 0.0000000000
75531  37.349  19.616  20.368 0.0000000000
75532  36.451  19.302  20.313 0.0000000000
75533  35.622  19.185  20.543 0.0000000000
75541  48.641  18.700  19.504 0.0000000000
75542  48.090  18.999  19.944 0.0000000000
75543  41.906  19.770  19.179 0.0000000000
75544  41.080  19.602  19.215 0.0000000000
75545  40.260  19.524  19.322 0.0000000000
75546  39.417  19.509  19.448 0.0000000000
75547  38.483  19.380  19.457 0.0000000000
75548  37.668  19.313  19.712 0.0000000000
75549  36.996  19.139  19.817 0.0000000000
75556  49.615  19.413  18.447 0.0000000000
75557  48.984  19.249  19.005 0.0000000000
75558  48.384  19.626  19.350 0.0000000000
75559  43.278  20.129  17.971 0.0000000000
75560  42.731  20.002  17.991 0.0000000000
75561  42.139  19.866  18.269 0.0000000000
75562  41.289  19.653  18.376 0.0000000000
75563  40.475  19.484  18.471 0.0000000000
75564  39.595  19.254  18.483 0.0000000000
75565  38.921  19.138  18.799 0.0000000000
75575  50.757  19.431  17.075 0.0000000000
75576  50.240  19.464  17.874 0.0000000000
75577  43.685  20.146  17.466 0.0000000000
75578  42.926  20.029  17.322 0.0000000000
75579  42.202  19.888  17.379 0.0000000000
75580  41.424  19.706  17.508 0.0000000000
75581  40.622  19.524  17.648 0.0000000000
75582  39.951  19.345  17.798 0.0000000000
75591  51.987  19.585  15.689 0.0000000000
75592  51.352  19.357  16.250 0.0000000000
75593  44.857  20.312  16.488 0.0000000000
75594  44.183  20.168  16.709 0.0000000000
75595  43.240  20.081  16.602 0.0000000000
75596  42.401  19.946  16.580 0.0000000000
75597  41.562  19.751  16.640 0.0000000000
75598  40.679  19.562  16.760 0.0000000000
75599  39.884  19.347  16.992 0.0000000000
75603  52.918  19.811  14.620 0.0000000000
75604  52.334  19.488  15.122 0.0000000000
75605  51.402  19.096  15.588 0.0000000000
75606  45.157  20.336  15.974 0.0000000000
75607  44.423  20.177  15.864 0.0000000000
75608  43.573  20.121  15.828 0.0000000000
75609  42.675  20.064  15.799 0.0000000000
75610  41.788  19.857  15.798 0.0000000000
75611  40.840  19.652  15.844 0.0000000000
75612  39.724  19.449  15.931 0.0000000000
75613  39.089  19.321  15.585 0.0000000000
75630  52.877  20.079  14.064 0.0000000000
75631  52.204  19.620  14.286 0.0000000000
75632  50.865  19.018  14.834 0.0000000000
75633  49.999  18.507  14.568 0.0000000000
75634  45.372  20.354  15.501 0.0000000000
75635  44.841  20.172  15.255 0.0000000000
75636  43.937  20.108  15.086 0.0000000000
75637  42.998  20.191  15.047 0.0000000000
75638  42.071  20.098  15.025 0.0000000000
75639  41.139  19.862  15.005 0.0000000000
75640  40.128  19.671  15.009 0.0000000000
75656  52.727  20.398  13.757 0.0000000000
76179  45.577  22.243  26.676 0.0000000000
76180  45.319  22.202  26.743 0.0000000000
76195  46.547  20.530  26.669 0.0000000000
76196  46.021  21.390  26.695 0.0000000000
76197  44.850  21.563  26.645 0.0000000000
76198  43.807  21.296  25.809 0.0000000000
76216  46.578  20.625  26.229 0.0000000000
76217  46.360  21.074  25.383 0.0000000000
76218  42.753  21.006  25.251 0.0000000000
76235  46.243  21.016  23.990 0.0000000000
76242  46.405  21.494  22.604 0.0000000000
76243  46.248  21.072  22.891 0.0000000000
76244  43.772  21.350  21.904 0.0000000000
76245  43.208  21.211  22.086 0.0000000000
76246  42.348  21.204  22.087 0.0000000000
76247  38.549  21.467  21.813 0.0000000000
76248  37.982  21.396  21.847 0.0000000000
76249  36.935  21.250  21.911 0.0000000000
76261  46.339  21.098  22.202 0.0000000000
76262  46.299  20.901  22.518 0.0000000000
76263  43.623  21.184  21.372 0.0000000000
76264  42.837  20.854  21.310 0.0000000000
76265  41.686  20.763  21.449 0.0000000000
76266  40.485  20.412  21.185 0.0000000000
76267  39.489  20.641  21.305 0.0000000000
76268  38.538  20.753  21.338 0.0000000000
76269  37.413  20.696  21.383 0.0000000000
76270  36.435  20.477  21.489 0.0000000000
76279  47.091  19.836  20.742 0.0000000000
76280  46.639  20.741  21.035 0.0000000000
76281  46.145  21.327  20.478 0.0000000000
76282  44.314  20.994  20.438 0.0000000000
76283  43.705  20.863  20.579 0.0000000000
76284  42.427  20.224  20.233 0.0000000000
76285  41.329  20.022  20.633 0.0000000000
76286  40.700  19.889  20.597 0.0000000000
76287  39.059  20.309  20.985 0.0000000000
76288  38.772  20.187  20.828 0.0000000000
76294  47.317  20.055  20.262 0.0000000000
76295  46.632  20.898  19.927 0.0000000000
76296  45.547  21.062  19.845 0.0000000000
76297  44.431  20.770  19.814 0.0000000000
76298  43.378  20.404  19.464 0.0000000000
76299  42.638  20.037  19.033 0.0000000000
76305  49.181  20.196  18.536 0.0000000000
76306  48.457  20.360  18.773 0.0000000000
76307  47.530  20.581  19.239 0.0000000000
76308  46.116  20.816  18.899 0.0000000000
76309  44.994  20.651  18.760 0.0000000000
76310  43.916  20.368  18.531 0.0000000000
76311  43.108  20.168  18.571 0.0000000000
76312  42.669  20.014  18.461 0.0000000000
76319  50.611  20.300  17.482 0.0000000000
76320  49.933  20.606  18.094 0.0000000000
76321  48.764  20.894  17.975 0.0000000000
76322  47.641  20.866  18.002 0.0000000000
76323  46.491  20.803  17.962 0.0000000000
76324  45.438  20.560  17.870 0.0000000000
76325  44.527  20.342  17.726 0.0000000000
76336  51.897  20.032  16.058 0.0000000000
76337  51.309  20.468  16.713 0.0000000000
76338  50.601  21.058  17.308 0.0000000000
76339  49.323  21.135  16.874 0.0000000000
76340  47.878  21.048  16.906 0.0000000000
76341  46.702  20.834  16.929 0.0000000000
76342  45.614  20.568  16.884 0.0000000000
76343  44.923  20.373  17.115 0.0000000000
76348  53.018  20.101  15.151 0.0000000000
76349  52.503  20.129  15.625 0.0000000000
76350  51.999  20.566  16.033 0.0000000000
76351  49.021  21.261  15.961 0.0000000000
76352  48.061  21.193  15.607 0.0000000000
76353  46.822  20.802  15.833 0.0000000000
76354  45.872  20.554  15.987 0.0000000000
76368  53.088  20.395  14.611 0.0000000000
76369  47.523  21.204  14.492 0.0000000000
76370  46.815  20.898  14.753 0.0000000000
76371  45.647  20.486  14.892 0.0000000000
76372  44.411  20.455  14.506 0.0000000000
76373  43.370  20.505  14.392 0.0000000000
76374  42.381  20.505  14.348 0.0000000000
76375  41.418  20.422  14.373 0.0000000000
76376  40.461  20.268  14.387 0.0000000000
76396  52.877  20.696  14.074 0.0000000000
76398  47.381  21.365  13.976 0.0000000000
76399  46.875  21.248  13.970 0.0000000000
76400  45.985  20.999  13.909 0.0000000000
76401  44.878  20.958  13.876 0.0000000000
76402  43.773  21.065  13.862 0.0000000000
76403  42.729  21.084  13.796 0.0000000000
76404  41.715  21.056  13.800 0.0000000000
76405  40.743  21.014  13.919 0.0000000000
76909  45.765  22.595  26.503 0.0000000000
76910  45.266  22.821  26.797 0.0000000000
76924  46.483  22.853  24.940 0.0000000000
76925  46.232  22.218  25.765 0.0000000000
76926  44.655  22.823  26.704 0.0000000000
76927  43.890  22.578  26.240 0.0000000000
76939  46.479  22.543  23.930 0.0000000000
76940  46.432  21.899  24.591 0.0000000000
76941  43.134  22.388  25.457 0.0000000000
76942  42.371  22.393  24.975 0.0000000000
76957  46.499  22.379  23.281 0.0000000000
76958  46.442  21.794  23.427 0.0000000000
76959  44.643  23.116  23.478 0.0000000000
76960  44.112  22.707  23.757 0.0000000000
76961  42.975  22.468  24.057 0.0000000000
76962  41.885  22.705  23.764 0.0000000000
76965  39.061  22.869  22.999 0.0000000000
76966  38.319  22.720  22.940 0.0000000000
76976  46.480  22.116  22.668 0.0000000000
76977  46.436  21.615  22.857 0.0000000000
76978  44.767  22.694  22.885 0.0000000000
76979  43.949  21.744  22.741 0.0000000000
76980  42.619  21.808  22.896 0.0000000000
76981  41.522  21.897  22.412 0.0000000000
76982  40.668  22.015  22.132 0.0000000000
76983  39.947  22.187  22.129 0.0000000000
76984  38.914  22.188  22.316 0.0000000000
76985  37.632  21.883  22.481 0.0000000000
76996  46.299  22.082  21.750 0.0000000000
76997  45.878  22.336  21.506 0.0000000000
76998  45.062  22.206  21.816 0.0000000000
76999  44.201  21.487  21.585 0.0000000000
77000  40.869  21.299  21.803 0.0000000000
77001  40.108  21.361  21.735 0.0000000000
77002  39.295  21.456  21.763 0.0000000000
77003  38.813  21.478  21.800 0.0000000000
77009  46.132  21.716  21.064 0.0000000000
77010  45.482  21.668  20.811 0.0000000000
77011  44.513  21.430  20.829 0.0000000000
77012  44.003  21.283  21.052 0.0000000000
77018  44.906  21.234  20.327 0.0000000000
77019  44.555  21.082  20.378 0.0000000000
77036  51.099  21.161  16.808 0.0000000000
77037  50.481  21.286  16.539 0.0000000000
77038  49.657  21.288  16.062 0.0000000000
77048  52.824  20.465  15.396 0.0000000000
77049  52.482  20.792  15.630 0.0000000000
77050  51.536  21.201  16.039 0.0000000000
77051  50.349  21.411  15.576 0.0000000000
77052  49.124  21.397  15.240 0.0000000000
77053  48.247  21.340  14.706 0.0000000000
77066  53.000  20.764  15.174 0.0000000000
77067  52.395  21.283  15.139 0.0000000000
77068  51.267  21.536  14.899 0.0000000000
77069  49.961  21.650  14.576 0.0000000000
77070  48.802  21.585  14.252 0.0000000000
77071  47.903  21.470  14.041 0.0000000000
77092  52.921  21.032  14.622 0.0000000000
77093  52.240  21.561  14.002 0.0000000000
77094  50.802  22.061  13.988 0.0000000000
77095  49.469  22.061  13.703 0.0000000000
77096  48.302  22.026  13.616 0.0000000000
77097  47.267  21.922  13.670 0.0000000000
77098  46.251  21.955  13.628 0.0000000000
77099  45.229  21.931  13.578 0.0000000000
77100  44.154  21.967  13.583 0.0000000000
77101  43.089  22.007  13.654 0.0000000000
77102  42.042  21.988  13.673 0.0000000000
77669  45.362  23.451  26.539 0.0000000000
77670  44.715  23.496  26.664 0.0000000000
77671  44.405  23.773  26.481 0.0000000000
77684  46.258  23.539  24.978 0.0000000000
77685  46.074  23.375  25.879 0.0000000000
77686  44.495  23.312  26.635 0.0000000000
77687  44.167  23.504  26.419 0.0000000000
77699  46.394  23.283  24.180 0.0000000000
77700  43.889  23.739  25.222 0.0000000000
77701  43.322  23.454  25.703 0.0000000000
77702  42.825  22.932  25.301 0.0000000000
77724  46.457  22.971  23.258 0.0000000000
77725  45.292  23.709  23.666 0.0000000000
77726  44.521  23.571  24.209 0.0000000000
77727  43.510  23.238  24.729 0.0000000000
77728  42.819  23.065  25.010 0.0000000000
77729  41.212  22.605  22.926 0.0000000000
77730  41.015  22.988  23.471 0.0000000000
77745  46.240  23.045  22.478 0.0000000000
77746  45.719  23.475  22.894 0.0000000000
77747  45.075  23.375  23.193 0.0000000000
77748  40.988  22.303  22.521 0.0000000000
77749  40.642  22.531  22.669 0.0000000000
77750  40.138  22.807  22.929 0.0000000000
77751  39.647  23.017  23.150 0.0000000000
77760  46.116  22.745  21.852 0.0000000000
77761  45.807  22.963  22.049 0.0000000000
77762  45.379  23.007  22.508 0.0000000000
77827  47.662  22.976  13.541 0.0000000000
77828  46.606  23.011  13.580 0.0000000000
77829  45.577  23.054  13.517 0.0000000000
78438  44.977  23.872  26.585 0.0000000000
78439  44.601  23.940  26.479 0.0000000000
78440  44.226  23.888  26.347 0.0000000000
78456  45.865  23.901  25.283 0.0000000000
78457  45.220  24.116  26.024 0.0000000000
78458  44.335  24.066  26.109 0.0000000000
78459  43.933  23.842  26.129 0.0000000000
78474  46.054  23.832  24.445 0.0000000000
78475  45.456  24.051  24.878 0.0000000000
78476  44.592  24.077  25.265 0.0000000000
78477  43.924  23.909  25.777 0.0000000000
78503  46.194  23.556  23.596 0.0000000000
78504  45.738  23.825  23.812 0.0000000000
78505  45.141  23.960  24.354 0.0000000000
78519  46.264  23.357  23.054 0.0000000000
78520  46.082  23.564  23.101 0.0000000000
