#!ascii label  , from subject FREESURFER vox2ras=TkReg 
1014
86116  21.274  39.992  19.208 0.0000000000
86131  21.166  40.156  18.721 0.0000000000
86132  20.660  39.687  18.618 0.0000000000
86145  19.957  39.625  17.847 0.0000000000
86606  22.207  40.945  20.173 0.0000000000
86607  21.845  40.590  19.573 0.0000000000
86618  21.540  40.639  18.765 0.0000000000
86619  21.067  40.384  18.399 0.0000000000
86631  21.260  40.929  18.213 0.0000000000
86632  20.611  40.569  17.828 0.0000000000
86633  19.648  40.549  17.316 0.0000000000
86644  19.174  41.046  17.055 0.0000000000
87042  29.627  41.879  28.175 0.0000000000
87051  29.535  41.835  27.661 0.0000000000
87060  29.311  41.438  26.420 0.0000000000
87093  23.477  42.277  22.621 0.0000000000
87103  23.378  42.327  21.919 0.0000000000
87104  22.940  41.774  21.799 0.0000000000
87118  22.595  41.551  20.643 0.0000000000
87132  22.379  41.556  19.441 0.0000000000
87133  21.975  41.055  19.024 0.0000000000
87140  22.321  42.020  18.824 0.0000000000
87141  21.848  41.568  18.490 0.0000000000
87150  21.111  41.554  17.743 0.0000000000
87151  20.167  41.558  17.177 0.0000000000
87152  19.576  41.213  17.076 0.0000000000
87162  19.772  42.103  16.921 0.0000000000
87163  19.249  41.768  16.863 0.0000000000
87630  30.184  43.421  28.715 0.0000000000
87631  29.833  43.264  28.576 0.0000000000
87632  28.812  42.889  28.655 0.0000000000
87641  30.273  43.316  28.514 0.0000000000
87642  29.835  42.364  28.398 0.0000000000
87653  30.430  43.152  28.034 0.0000000000
87654  30.028  42.575  27.246 0.0000000000
87661  29.469  42.511  26.023 0.0000000000
87662  29.038  42.845  25.553 0.0000000000
87673  23.811  43.237  24.294 0.0000000000
87680  23.914  43.247  23.940 0.0000000000
87681  23.771  42.757  23.460 0.0000000000
87687  24.002  43.311  23.280 0.0000000000
87688  23.884  43.040  22.661 0.0000000000
87697  23.677  42.852  21.886 0.0000000000
87698  23.343  42.445  21.495 0.0000000000
87707  23.564  42.937  21.121 0.0000000000
87708  23.122  42.355  20.904 0.0000000000
87721  23.364  42.936  20.516 0.0000000000
87722  22.921  42.520  19.994 0.0000000000
87729  22.618  42.539  19.087 0.0000000000
87730  22.164  42.546  18.462 0.0000000000
87740  21.554  42.461  17.883 0.0000000000
87741  20.799  42.460  17.384 0.0000000000
87750  20.101  42.542  17.042 0.0000000000
87751  19.474  42.612  16.846 0.0000000000
87752  18.720  42.631  16.739 0.0000000000
88287  30.145  43.755  28.752 0.0000000000
88288  29.155  43.929  28.444 0.0000000000
88289  27.678  43.606  28.522 0.0000000000
88298  30.527  44.066  28.229 0.0000000000
88299  29.957  44.230  28.511 0.0000000000
88306  30.253  43.652  27.594 0.0000000000
88307  29.519  43.617  26.611 0.0000000000
88308  28.709  44.173  26.335 0.0000000000
88313  29.214  43.129  25.930 0.0000000000
88314  28.483  43.596  25.633 0.0000000000
88315  23.811  44.142  25.242 0.0000000000
88323  23.854  43.638  24.427 0.0000000000
88324  23.662  43.547  24.926 0.0000000000
88332  24.058  43.862  23.694 0.0000000000
88338  24.143  43.807  22.789 0.0000000000
88339  23.944  43.445  22.150 0.0000000000
88346  24.105  43.980  22.095 0.0000000000
88347  23.870  43.658  21.496 0.0000000000
88362  23.632  43.593  20.708 0.0000000000
88377  23.297  43.458  20.049 0.0000000000
88378  22.880  43.378  19.398 0.0000000000
88385  22.389  43.397  18.736 0.0000000000
88386  21.750  43.410  18.166 0.0000000000
88396  21.102  43.344  17.654 0.0000000000
88397  20.377  43.389  17.313 0.0000000000
88398  19.731  43.810  17.192 0.0000000000
88409  19.787  43.173  16.996 0.0000000000
88410  19.129  43.470  16.883 0.0000000000
88411  18.315  43.453  16.740 0.0000000000
88944  28.717  44.590  28.057 0.0000000000
88945  27.847  44.501  28.063 0.0000000000
88946  26.442  44.512  28.242 0.0000000000
88952  30.150  44.275  27.885 0.0000000000
88953  29.484  44.470  27.938 0.0000000000
88954  28.017  45.171  27.481 0.0000000000
88955  26.707  45.359  27.741 0.0000000000
88956  25.416  45.552  28.259 0.0000000000
88957  24.222  45.726  28.585 0.0000000000
88962  30.335  44.097  27.808 0.0000000000
88963  29.836  44.164  27.530 0.0000000000
88964  28.666  44.786  27.004 0.0000000000
88965  24.328  45.296  27.225 0.0000000000
88972  27.997  44.731  26.063 0.0000000000
88973  24.312  45.029  25.867 0.0000000000
88974  23.843  44.369  26.377 0.0000000000
88980  27.368  44.602  24.890 0.0000000000
88981  26.850  45.233  24.373 0.0000000000
88982  24.117  44.681  24.530 0.0000000000
88989  24.119  44.654  23.390 0.0000000000
88996  24.100  44.583  22.507 0.0000000000
89005  23.983  44.535  21.787 0.0000000000
89006  23.737  44.454  21.054 0.0000000000
89021  23.456  44.304  20.315 0.0000000000
89035  23.047  44.239  19.684 0.0000000000
89036  22.504  44.236  19.127 0.0000000000
89045  21.865  44.262  18.625 0.0000000000
89046  21.006  44.350  18.106 0.0000000000
89047  20.437  44.762  18.123 0.0000000000
89056  20.691  43.888  17.656 0.0000000000
89057  20.164  44.416  17.698 0.0000000000
89058  19.102  44.528  17.273 0.0000000000
89059  18.563  45.033  17.152 0.0000000000
89067  18.673  43.991  16.889 0.0000000000
89068  18.116  44.500  16.791 0.0000000000
89532  27.671  45.819  27.276 0.0000000000
89533  27.083  46.229  27.387 0.0000000000
89534  25.742  46.503  27.939 0.0000000000
89535  24.876  46.223  28.300 0.0000000000
89542  27.776  46.075  27.121 0.0000000000
89543  27.260  47.001  27.228 0.0000000000
89544  24.872  46.804  28.071 0.0000000000
89545  24.527  46.180  27.847 0.0000000000
89553  27.720  46.007  26.514 0.0000000000
89554  27.422  46.396  25.804 0.0000000000
89555  24.670  46.677  27.567 0.0000000000
89556  24.677  46.115  26.750 0.0000000000
89561  27.427  45.517  25.682 0.0000000000
89562  26.995  45.950  24.963 0.0000000000
89563  24.586  45.887  25.326 0.0000000000
89567  26.552  45.859  23.980 0.0000000000
89568  24.208  45.682  24.060 0.0000000000
89572  26.547  45.717  22.943 0.0000000000
89573  23.964  45.481  22.981 0.0000000000
89574  23.695  45.733  22.433 0.0000000000
89584  23.956  45.147  22.226 0.0000000000
89585  23.603  45.407  21.659 0.0000000000
89602  23.314  45.203  20.672 0.0000000000
89603  22.878  45.446  20.189 0.0000000000
89620  23.128  44.895  20.035 0.0000000000
89621  22.560  45.195  19.558 0.0000000000
89622  21.901  45.510  19.196 0.0000000000
89631  22.064  44.900  19.014 0.0000000000
89632  21.373  45.218  18.761 0.0000000000
89633  20.474  45.328  18.453 0.0000000000
89634  20.011  45.888  18.574 0.0000000000
89642  20.153  44.972  18.134 0.0000000000
89643  19.657  45.456  18.063 0.0000000000
89644  18.781  45.537  17.538 0.0000000000
89653  18.197  45.546  17.032 0.0000000000
89654  17.467  45.431  16.605 0.0000000000
90057  26.400  47.600  27.656 0.0000000000
90058  25.269  47.597  28.131 0.0000000000
90065  27.588  47.290  27.016 0.0000000000
90066  27.171  47.582  27.275 0.0000000000
90067  24.673  47.511  27.714 0.0000000000
90068  24.542  48.008  27.298 0.0000000000
90073  27.541  47.204  26.355 0.0000000000
90074  27.213  47.178  25.446 0.0000000000
90075  24.687  46.850  27.123 0.0000000000
90076  24.627  47.239  26.397 0.0000000000
90079  26.660  46.977  24.461 0.0000000000
90080  24.424  46.887  24.806 0.0000000000
90085  26.424  46.824  23.408 0.0000000000
90086  23.869  46.700  23.593 0.0000000000
90087  23.416  47.268  23.412 0.0000000000
90093  26.446  46.719  22.377 0.0000000000
90094  23.669  46.101  22.874 0.0000000000
90095  23.126  46.635  22.582 0.0000000000
90096  22.376  47.062  22.509 0.0000000000
90104  26.635  46.716  21.399 0.0000000000
90105  22.923  46.014  21.196 0.0000000000
90106  22.052  46.923  21.647 0.0000000000
90107  21.236  47.275  21.485 0.0000000000
90117  26.852  46.897  20.501 0.0000000000
90118  22.880  45.706  20.561 0.0000000000
90119  22.279  46.134  20.281 0.0000000000
90120  20.977  47.071  20.684 0.0000000000
90121  20.083  47.137  20.638 0.0000000000
90135  26.666  47.163  19.517 0.0000000000
90136  26.089  47.528  19.273 0.0000000000
90137  22.060  45.826  19.546 0.0000000000
90138  21.293  46.197  19.407 0.0000000000
90139  20.028  46.829  19.896 0.0000000000
90140  19.518  47.111  19.600 0.0000000000
90156  25.995  47.196  18.781 0.0000000000
90157  20.918  45.808  18.791 0.0000000000
90158  20.416  46.204  18.895 0.0000000000
90159  19.673  46.641  18.773 0.0000000000
90173  19.046  46.408  17.935 0.0000000000
90174  18.385  46.399  17.351 0.0000000000
90188  17.792  46.361  16.786 0.0000000000
90613  26.187  48.585  27.815 0.0000000000
90614  25.381  48.709  28.290 0.0000000000
90615  24.588  49.040  28.567 0.0000000000
90623  27.457  47.803  27.123 0.0000000000
90624  27.014  48.268  27.228 0.0000000000
90625  24.794  48.331  28.305 0.0000000000
90626  24.434  48.711  27.983 0.0000000000
90631  27.517  47.814  26.861 0.0000000000
90632  27.250  48.268  26.202 0.0000000000
90633  24.415  48.589  26.918 0.0000000000
90638  26.906  48.137  24.963 0.0000000000
90639  24.256  48.225  25.515 0.0000000000
90640  23.912  48.424  24.696 0.0000000000
90644  26.652  47.939  23.849 0.0000000000
90645  24.065  47.652  24.469 0.0000000000
90646  23.599  47.984  24.049 0.0000000000
90650  26.480  47.755  22.848 0.0000000000
90651  23.131  47.864  23.493 0.0000000000
90652  22.464  47.693  23.147 0.0000000000
90653  21.589  47.919  23.167 0.0000000000
90654  20.646  47.962  22.964 0.0000000000
90655  19.828  48.002  22.817 0.0000000000
90663  26.451  47.650  21.927 0.0000000000
90664  21.929  47.365  22.542 0.0000000000
90665  21.184  47.489  22.201 0.0000000000
90666  20.232  47.623  22.167 0.0000000000
90667  19.436  47.764  22.175 0.0000000000
90676  26.452  47.674  21.029 0.0000000000
90677  26.132  47.999  20.565 0.0000000000
90678  20.689  47.411  21.545 0.0000000000
90679  19.981  47.411  21.308 0.0000000000
90680  19.324  47.678  21.289 0.0000000000
90689  26.444  47.550  20.261 0.0000000000
90690  25.941  47.885  19.840 0.0000000000
90691  25.321  48.062  19.486 0.0000000000
90692  19.676  47.311  20.683 0.0000000000
90693  19.254  47.456  20.316 0.0000000000
90703  25.624  47.693  19.094 0.0000000000
90704  24.884  47.879  18.853 0.0000000000
90705  24.264  48.016  18.341 0.0000000000
90706  19.172  47.504  19.341 0.0000000000
90718  25.347  47.368  18.498 0.0000000000
90719  24.716  47.459  17.897 0.0000000000
90720  23.891  48.083  17.560 0.0000000000
90721  23.277  48.426  17.195 0.0000000000
90722  19.209  47.435  18.231 0.0000000000
90723  18.724  47.081  17.561 0.0000000000
90736  23.110  48.627  16.795 0.0000000000
90737  18.964  47.723  17.407 0.0000000000
90738  18.336  47.388  16.677 0.0000000000
90739  17.645  46.895  16.389 0.0000000000
90753  18.333  47.863  15.766 0.0000000000
91242  25.798  49.571  27.802 0.0000000000
91243  24.748  49.936  28.495 0.0000000000
91244  24.248  49.438  28.445 0.0000000000
91251  26.603  49.443  26.766 0.0000000000
91252  24.219  50.575  28.230 0.0000000000
91253  24.162  49.797  27.767 0.0000000000
91257  26.705  49.226  25.528 0.0000000000
91258  24.362  49.401  26.396 0.0000000000
91264  26.661  48.995  24.296 0.0000000000
91265  23.997  49.293  25.087 0.0000000000
91266  23.635  48.756  24.550 0.0000000000
91272  26.545  48.725  23.246 0.0000000000
91273  23.738  49.763  24.651 0.0000000000
91274  23.232  49.137  24.327 0.0000000000
91275  22.874  49.707  24.348 0.0000000000
91276  20.663  49.352  24.335 0.0000000000
91277  19.706  49.197  24.019 0.0000000000
91278  19.224  49.237  23.742 0.0000000000
91282  26.427  48.512  22.394 0.0000000000
91283  26.247  49.051  22.107 0.0000000000
91284  22.810  48.448  23.679 0.0000000000
91285  22.337  49.030  23.893 0.0000000000
91286  21.169  48.692  23.831 0.0000000000
91287  20.137  48.551  23.539 0.0000000000
91288  19.147  48.645  23.135 0.0000000000
91289  18.671  48.930  22.452 0.0000000000
91293  26.302  48.421  21.649 0.0000000000
91294  26.017  49.066  21.476 0.0000000000
91295  25.531  49.196  21.126 0.0000000000
91296  18.834  48.107  22.050 0.0000000000
91297  18.575  48.670  21.722 0.0000000000
91305  26.151  48.370  21.063 0.0000000000
91306  25.736  48.541  20.679 0.0000000000
91307  25.063  48.930  20.531 0.0000000000
91308  24.428  48.961  20.154 0.0000000000
91309  18.893  48.137  21.098 0.0000000000
91310  18.481  48.904  20.965 0.0000000000
91320  25.353  48.347  20.052 0.0000000000
91321  24.742  48.445  19.651 0.0000000000
91322  23.929  48.765  19.494 0.0000000000
91323  23.299  48.870  19.107 0.0000000000
91324  18.786  48.399  20.057 0.0000000000
91325  18.599  49.249  20.280 0.0000000000
91331  24.275  48.290  18.964 0.0000000000
91332  23.653  48.444  18.514 0.0000000000
91333  22.939  48.851  18.438 0.0000000000
91334  19.034  48.454  18.876 0.0000000000
91344  23.246  48.498  17.804 0.0000000000
91345  22.756  48.888  17.461 0.0000000000
91346  19.330  48.434  17.808 0.0000000000
91358  22.880  49.109  16.569 0.0000000000
91359  19.276  48.359  16.713 0.0000000000
91360  18.883  48.085  16.016 0.0000000000
91374  19.359  48.669  15.752 0.0000000000
91375  18.805  48.357  15.348 0.0000000000
91389  19.172  48.931  15.118 0.0000000000
91843  25.465  50.372  27.881 0.0000000000
91844  25.260  50.318  28.172 0.0000000000
91848  25.729  50.272  27.234 0.0000000000
91849  24.909  50.733  27.809 0.0000000000
91850  24.273  50.566  27.731 0.0000000000
91854  26.062  50.093  26.062 0.0000000000
91855  25.207  50.509  26.583 0.0000000000
91856  24.554  50.264  27.093 0.0000000000
91860  26.172  49.790  24.779 0.0000000000
91861  25.374  50.082  25.328 0.0000000000
91862  24.744  49.911  25.877 0.0000000000
91867  26.269  49.526  23.542 0.0000000000
91868  25.515  49.986  23.935 0.0000000000
91869  24.419  50.070  24.512 0.0000000000
91870  23.478  50.067  24.373 0.0000000000
91871  23.082  49.937  24.482 0.0000000000
91872  21.018  50.158  24.799 0.0000000000
91873  20.196  50.004  24.760 0.0000000000
91874  19.139  49.951  24.340 0.0000000000
91875  18.468  50.481  24.320 0.0000000000
91879  26.343  49.197  22.715 0.0000000000
91880  25.839  49.710  22.438 0.0000000000
91881  24.768  50.206  23.013 0.0000000000
91882  23.689  50.421  23.600 0.0000000000
91883  22.802  50.430  24.355 0.0000000000
91884  21.702  49.922  24.496 0.0000000000
91885  18.972  49.355  23.646 0.0000000000
91886  18.514  49.898  23.395 0.0000000000
91890  25.621  49.448  21.622 0.0000000000
91891  24.930  49.622  21.478 0.0000000000
91892  23.799  50.130  22.117 0.0000000000
91893  22.664  50.769  22.869 0.0000000000
91894  21.927  51.144  22.364 0.0000000000
91895  18.339  49.833  21.864 0.0000000000
91903  24.570  49.235  20.662 0.0000000000
91904  23.820  49.397  20.514 0.0000000000
91905  22.826  50.121  21.105 0.0000000000
91906  21.991  50.768  21.474 0.0000000000
91907  18.641  50.430  20.266 0.0000000000
91908  18.419  49.726  20.737 0.0000000000
91918  23.443  49.115  19.626 0.0000000000
91919  22.778  49.440  19.524 0.0000000000
91920  21.951  50.231  20.216 0.0000000000
91921  18.844  49.722  19.524 0.0000000000
91922  18.574  49.743  20.169 0.0000000000
91930  22.405  49.447  18.314 0.0000000000
91931  21.957  50.013  19.004 0.0000000000
91932  19.321  49.531  18.328 0.0000000000
91941  22.366  49.910  17.399 0.0000000000
91942  22.094  49.989  18.231 0.0000000000
91943  19.645  49.363  17.257 0.0000000000
91954  22.754  49.868  16.403 0.0000000000
91955  19.719  49.317  16.250 0.0000000000
91970  19.518  49.465  15.438 0.0000000000
91981  19.068  49.619  14.768 0.0000000000
92371  19.358  51.825  25.251 0.0000000000
92372  18.891  51.759  25.322 0.0000000000
92373  18.160  51.730  25.122 0.0000000000
92377  20.702  50.600  24.931 0.0000000000
92378  19.902  51.220  25.033 0.0000000000
92379  18.651  51.019  24.908 0.0000000000
92380  17.899  51.239  24.307 0.0000000000
92385  22.132  50.731  24.515 0.0000000000
92386  21.385  51.015  24.588 0.0000000000
92387  20.658  51.805  24.049 0.0000000000
92388  17.977  51.251  22.872 0.0000000000
92391  22.318  51.187  24.095 0.0000000000
92392  21.648  51.409  23.274 0.0000000000
92393  20.716  51.948  22.744 0.0000000000
92394  18.411  52.074  21.078 0.0000000000
92395  18.343  51.466  21.581 0.0000000000
92400  21.173  51.435  21.761 0.0000000000
92401  20.570  51.970  21.861 0.0000000000
92402  18.716  51.670  20.646 0.0000000000
92403  18.488  50.568  21.010 0.0000000000
92411  21.367  51.038  20.633 0.0000000000
92412  19.097  51.318  19.751 0.0000000000
92422  21.495  50.918  19.553 0.0000000000
92423  19.246  50.848  18.811 0.0000000000
92433  22.170  50.888  17.473 0.0000000000
92434  21.849  50.764  18.361 0.0000000000
92435  19.605  50.502  17.797 0.0000000000
92445  22.536  50.668  16.711 0.0000000000
92446  19.776  50.288  16.722 0.0000000000
92462  23.077  50.432  15.992 0.0000000000
92463  19.745  50.098  15.879 0.0000000000
92473  19.490  50.362  15.185 0.0000000000
92474  18.996  50.526  14.395 0.0000000000
92824  19.556  51.918  25.107 0.0000000000
92825  19.129  52.385  25.155 0.0000000000
92826  18.335  52.382  25.203 0.0000000000
92830  19.784  52.204  24.630 0.0000000000
92831  19.221  52.986  24.319 0.0000000000
92832  17.779  52.323  24.760 0.0000000000
92837  19.886  52.609  23.401 0.0000000000
92838  19.164  53.364  23.334 0.0000000000
92839  17.622  52.442  23.626 0.0000000000
92843  20.108  52.552  22.093 0.0000000000
92844  18.266  52.305  21.389 0.0000000000
92845  17.898  52.751  22.069 0.0000000000
92850  20.937  51.580  20.847 0.0000000000
92851  20.441  52.312  21.055 0.0000000000
92852  18.425  52.841  20.952 0.0000000000
92853  18.212  53.582  21.459 0.0000000000
92859  20.954  51.766  20.170 0.0000000000
92860  20.352  52.686  20.128 0.0000000000
92861  19.420  52.976  20.060 0.0000000000
92868  21.119  51.950  19.170 0.0000000000
92869  20.452  52.733  19.554 0.0000000000
92870  19.591  52.187  19.340 0.0000000000
92879  22.297  51.412  17.048 0.0000000000
92880  21.699  51.782  17.882 0.0000000000
92881  19.551  51.669  18.459 0.0000000000
92892  23.682  52.084  16.025 0.0000000000
92893  23.028  51.645  16.297 0.0000000000
92894  19.667  51.412  17.316 0.0000000000
92909  19.661  51.182  16.037 0.0000000000
92916  19.388  51.401  14.933 0.0000000000
92917  18.909  51.527  14.061 0.0000000000
93246  18.488  52.945  24.748 0.0000000000
93247  18.024  52.774  24.922 0.0000000000
93251  18.540  53.449  23.771 0.0000000000
93252  17.879  53.113  24.293 0.0000000000
93257  19.420  53.346  22.379 0.0000000000
93258  18.707  53.978  22.610 0.0000000000
93259  17.856  53.762  22.935 0.0000000000
93263  19.694  53.290  21.427 0.0000000000
93264  19.143  54.060  21.739 0.0000000000
93265  17.880  53.936  21.976 0.0000000000
93270  20.030  53.198  20.812 0.0000000000
93271  19.078  53.851  20.986 0.0000000000
93272  18.305  54.096  21.569 0.0000000000
93277  20.048  53.325  20.397 0.0000000000
93278  19.984  52.956  20.995 0.0000000000
93284  21.055  52.705  18.787 0.0000000000
93285  20.245  52.804  19.672 0.0000000000
93286  19.628  52.589  19.257 0.0000000000
93296  22.219  52.181  17.059 0.0000000000
93297  21.656  52.681  17.665 0.0000000000
93298  19.625  52.503  18.173 0.0000000000
93310  24.123  53.071  15.847 0.0000000000
93311  23.539  52.769  16.185 0.0000000000
93312  22.690  52.753  16.621 0.0000000000
93313  22.088  52.859  17.069 0.0000000000
93314  19.580  52.410  16.851 0.0000000000
93329  19.485  52.401  15.648 0.0000000000
93342  19.185  52.480  14.646 0.0000000000
93343  18.648  52.584  13.859 0.0000000000
93744  18.214  54.350  22.287 0.0000000000
93745  17.901  54.276  22.243 0.0000000000
93748  18.597  54.426  21.885 0.0000000000
93749  18.067  54.492  21.833 0.0000000000
93753  18.891  54.352  21.459 0.0000000000
93754  18.540  54.312  21.515 0.0000000000
93758  19.416  53.770  20.103 0.0000000000
93759  19.074  53.924  20.003 0.0000000000
93763  20.663  53.467  19.118 0.0000000000
93764  19.874  53.082  20.055 0.0000000000
93765  19.339  53.500  19.285 0.0000000000
93773  22.932  54.045  17.446 0.0000000000
93774  22.035  53.801  17.689 0.0000000000
93775  21.419  53.316  18.145 0.0000000000
93776  19.415  53.528  17.734 0.0000000000
93787  24.101  53.726  16.343 0.0000000000
93788  23.273  53.518  16.782 0.0000000000
93789  22.440  53.388  17.101 0.0000000000
93790  21.851  53.228  17.444 0.0000000000
93791  19.402  53.482  16.392 0.0000000000
93804  19.265  53.477  15.309 0.0000000000
93819  18.841  53.507  14.494 0.0000000000
93820  18.359  53.616  13.832 0.0000000000
93834  17.848  53.801  13.458 0.0000000000
94220  20.562  55.098  19.743 0.0000000000
94221  19.964  54.522  20.216 0.0000000000
94222  18.999  54.314  20.554 0.0000000000
94223  18.659  54.794  20.360 0.0000000000
94227  22.112  55.184  18.549 0.0000000000
94228  21.097  54.684  19.081 0.0000000000
94229  20.200  53.834  19.817 0.0000000000
94230  18.858  54.279  19.828 0.0000000000
94231  18.526  54.980  19.644 0.0000000000
94238  23.213  54.707  17.646 0.0000000000
94239  22.387  54.637  18.099 0.0000000000
94240  21.488  53.986  18.392 0.0000000000
94241  18.776  54.606  18.631 0.0000000000
94242  18.486  55.201  19.076 0.0000000000
94250  24.278  54.518  16.436 0.0000000000
94251  23.829  54.418  17.094 0.0000000000
94252  19.078  54.555  17.117 0.0000000000
94263  24.494  54.319  15.964 0.0000000000
94264  19.202  54.485  15.942 0.0000000000
94278  18.957  54.456  15.072 0.0000000000
94279  18.539  54.471  14.406 0.0000000000
94293  18.083  54.526  13.853 0.0000000000
94294  17.463  54.528  13.374 0.0000000000
94695  19.870  56.129  20.541 0.0000000000
94696  19.451  55.904  20.751 0.0000000000
94697  18.916  55.540  21.091 0.0000000000
94702  21.093  55.603  19.477 0.0000000000
94703  20.237  55.780  20.209 0.0000000000
94704  19.287  55.074  20.810 0.0000000000
94705  18.657  55.158  20.909 0.0000000000
94709  23.296  55.778  17.936 0.0000000000
94710  22.914  55.576  18.269 0.0000000000
94711  22.022  55.824  18.951 0.0000000000
94712  18.372  55.413  20.338 0.0000000000
94719  23.498  55.442  17.562 0.0000000000
94720  23.089  55.061  17.936 0.0000000000
94721  18.473  55.502  18.685 0.0000000000
94722  18.339  55.706  19.459 0.0000000000
94730  24.401  54.786  16.155 0.0000000000
94731  24.113  55.353  16.439 0.0000000000
94732  18.593  55.548  17.756 0.0000000000
94743  24.455  54.947  15.716 0.0000000000
94744  24.183  55.726  15.388 0.0000000000
94745  18.888  55.578  16.468 0.0000000000
94746  18.870  55.926  15.698 0.0000000000
94759  18.992  55.221  15.575 0.0000000000
94760  18.692  55.549  14.943 0.0000000000
94761  18.290  55.885  14.465 0.0000000000
94773  18.304  55.195  14.301 0.0000000000
94774  17.833  55.524  13.908 0.0000000000
94775  17.115  55.474  13.347 0.0000000000
95179  21.215  57.088  20.422 0.0000000000
95180  20.145  56.774  20.673 0.0000000000
95181  19.051  56.530  21.100 0.0000000000
95182  18.698  55.693  21.061 0.0000000000
95190  22.629  56.894  19.367 0.0000000000
95191  21.652  56.670  19.663 0.0000000000
95192  20.766  56.630  20.140 0.0000000000
95193  18.810  56.867  20.701 0.0000000000
95194  18.478  55.897  20.879 0.0000000000
95200  23.295  56.401  17.951 0.0000000000
95201  22.861  56.580  18.779 0.0000000000
95202  22.322  56.488  19.153 0.0000000000
95203  18.693  56.774  19.916 0.0000000000
95204  18.279  56.152  20.205 0.0000000000
95211  23.556  56.436  16.959 0.0000000000
95212  18.585  56.413  18.752 0.0000000000
95213  18.388  56.256  19.575 0.0000000000
95221  23.832  56.548  15.918 0.0000000000
95222  18.777  56.552  17.305 0.0000000000
95230  23.792  56.663  14.860 0.0000000000
95231  19.049  56.606  16.212 0.0000000000
95232  18.777  56.598  15.466 0.0000000000
95238  23.492  56.694  13.964 0.0000000000
95239  18.507  56.560  14.871 0.0000000000
95240  18.012  56.566  14.353 0.0000000000
95249  17.420  56.454  13.734 0.0000000000
95590  20.722  58.488  21.873 0.0000000000
95591  19.796  58.727  22.014 0.0000000000
95592  19.123  58.944  22.188 0.0000000000
95597  23.477  58.175  20.583 0.0000000000
95598  22.769  57.968  21.059 0.0000000000
95599  21.404  57.843  21.319 0.0000000000
95600  19.943  57.765  21.556 0.0000000000
95601  18.913  58.185  21.629 0.0000000000
95607  23.690  57.923  19.780 0.0000000000
95608  22.915  57.373  20.105 0.0000000000
95609  22.056  57.388  20.515 0.0000000000
95610  19.064  58.316  20.113 0.0000000000
95611  18.725  57.997  20.601 0.0000000000
95616  23.567  57.566  18.695 0.0000000000
95617  23.221  57.219  19.361 0.0000000000
95618  20.587  58.291  18.460 0.0000000000
95619  19.880  57.979  19.207 0.0000000000
95620  19.095  57.382  19.514 0.0000000000
95625  23.461  57.550  17.519 0.0000000000
95626  21.026  58.221  17.615 0.0000000000
95627  20.172  57.733  17.806 0.0000000000
95628  19.228  57.265  18.190 0.0000000000
95633  23.509  57.543  16.445 0.0000000000
95634  21.194  58.407  16.971 0.0000000000
95635  20.549  57.953  16.630 0.0000000000
95636  19.579  57.223  16.914 0.0000000000
95642  23.556  57.607  15.400 0.0000000000
95643  20.341  58.134  15.986 0.0000000000
95644  19.539  57.628  15.632 0.0000000000
95645  18.764  57.119  15.232 0.0000000000
95650  23.342  57.704  14.240 0.0000000000
95651  23.049  58.263  13.717 0.0000000000
95652  19.148  58.153  14.966 0.0000000000
95653  18.516  57.589  14.751 0.0000000000
95654  17.653  57.391  14.124 0.0000000000
95658  23.269  57.254  13.691 0.0000000000
95659  22.970  57.728  13.260 0.0000000000
95703  16.030  58.157  8.087 0.0000000000
96039  22.974  59.683  21.847 0.0000000000
96040  22.237  59.582  22.003 0.0000000000
96041  20.982  59.332  21.974 0.0000000000
96042  19.626  59.383  22.069 0.0000000000
96043  18.705  59.285  22.074 0.0000000000
96048  23.395  59.109  21.260 0.0000000000
96049  22.495  58.746  21.744 0.0000000000
96050  21.607  58.746  22.002 0.0000000000
96051  18.732  59.459  20.970 0.0000000000
96052  18.463  59.154  21.383 0.0000000000
96057  23.802  59.027  20.289 0.0000000000
96058  19.355  59.102  20.174 0.0000000000
96059  18.622  58.920  20.645 0.0000000000
96064  23.963  58.858  19.233 0.0000000000
96065  20.891  59.015  18.281 0.0000000000
96066  20.243  58.993  19.130 0.0000000000
96072  23.924  58.692  18.077 0.0000000000
96073  21.229  59.033  17.431 0.0000000000
96078  23.799  58.592  16.976 0.0000000000
96079  21.113  58.868  16.465 0.0000000000
96080  20.684  58.366  16.137 0.0000000000
96085  23.655  58.594  15.986 0.0000000000
96086  20.908  59.280  15.992 0.0000000000
96087  20.409  58.763  15.709 0.0000000000
96088  19.570  58.703  15.094 0.0000000000
96093  23.395  58.682  15.044 0.0000000000
96094  23.076  58.808  14.188 0.0000000000
96095  18.771  58.809  14.592 0.0000000000
96096  17.734  58.484  14.101 0.0000000000
96102  22.590  58.801  13.374 0.0000000000
96103  22.162  59.198  13.042 0.0000000000
96114  22.537  58.265  12.855 0.0000000000
96115  21.937  58.742  12.571 0.0000000000
96116  20.819  58.769  12.013 0.0000000000
96117  20.147  59.061  12.002 0.0000000000
96124  20.567  58.294  11.733 0.0000000000
96125  19.834  58.570  11.683 0.0000000000
96126  18.499  58.558  11.253 0.0000000000
96127  17.836  58.977  11.196 0.0000000000
96129  18.179  58.086  10.812 0.0000000000
96130  17.469  58.479  10.631 0.0000000000
96131  16.767  58.905  10.400 0.0000000000
96138  17.213  58.048  9.985 0.0000000000
96139  16.575  58.508  9.683 0.0000000000
96140  15.938  58.951  9.362 0.0000000000
96146  16.480  58.223  8.933 0.0000000000
96147  15.836  58.643  8.634 0.0000000000
96148  15.208  59.052  8.287 0.0000000000
96156  15.648  58.398  7.726 0.0000000000
96157  15.300  58.815  7.901 0.0000000000
96164  15.621  58.200  7.101 0.0000000000
96165  15.181  58.737  7.069 0.0000000000
96175  15.469  58.229  6.319 0.0000000000
96176  14.962  58.786  6.009 0.0000000000
96514  22.957  60.542  22.127 0.0000000000
96515  22.139  60.293  21.890 0.0000000000
96516  20.891  60.006  21.522 0.0000000000
96517  19.096  59.870  21.849 0.0000000000
96518  18.507  59.609  21.798 0.0000000000
96523  23.333  60.370  21.635 0.0000000000
96524  21.086  60.310  20.626 0.0000000000
96525  19.569  59.861  20.984 0.0000000000
96526  18.699  59.640  21.480 0.0000000000
96530  23.680  60.162  20.837 0.0000000000
96531  21.309  60.282  19.515 0.0000000000
96532  20.363  59.687  19.935 0.0000000000
96537  24.016  60.105  19.754 0.0000000000
96538  21.319  59.980  18.277 0.0000000000
96539  20.825  59.589  19.007 0.0000000000
96544  24.146  59.979  18.561 0.0000000000
96545  21.369  59.882  17.180 0.0000000000
96550  24.261  59.739  17.416 0.0000000000
96551  21.113  59.871  16.355 0.0000000000
96556  24.137  59.451  16.480 0.0000000000
96557  20.682  59.807  15.690 0.0000000000
96558  19.956  59.657  15.145 0.0000000000
96559  19.345  59.380  14.789 0.0000000000
96564  23.937  59.664  15.637 0.0000000000
96565  23.438  59.745  14.761 0.0000000000
96566  19.442  59.991  14.753 0.0000000000
96567  18.856  59.861  14.503 0.0000000000
96568  18.015  59.649  14.110 0.0000000000
96569  17.356  59.864  13.808 0.0000000000
96575  22.840  59.760  14.039 0.0000000000
96576  22.209  59.796  13.422 0.0000000000
96577  21.619  60.052  13.167 0.0000000000
96578  17.477  59.267  13.858 0.0000000000
96588  21.830  59.482  12.944 0.0000000000
96589  21.133  59.656  12.715 0.0000000000
96590  20.182  59.615  12.370 0.0000000000
96591  19.321  59.883  12.338 0.0000000000
96592  18.595  60.040  12.193 0.0000000000
96597  19.697  59.280  12.042 0.0000000000
96598  18.986  59.317  11.861 0.0000000000
96599  17.991  59.642  11.651 0.0000000000
96600  17.294  59.939  11.356 0.0000000000
96605  17.466  59.311  11.149 0.0000000000
96606  16.829  59.591  10.830 0.0000000000
96607  16.235  59.855  10.471 0.0000000000
96614  16.409  59.236  10.286 0.0000000000
96615  15.844  59.501  9.899 0.0000000000
96616  15.275  59.735  9.494 0.0000000000
96623  15.564  59.238  9.239 0.0000000000
96624  15.035  59.481  8.810 0.0000000000
96632  14.786  59.383  7.817 0.0000000000
96640  14.625  59.423  6.726 0.0000000000
96648  14.555  59.435  5.737 0.0000000000
96982  23.146  61.001  22.289 0.0000000000
96983  22.879  61.029  22.174 0.0000000000
96984  22.319  60.822  21.767 0.0000000000
96989  23.264  61.056  22.062 0.0000000000
96990  22.930  61.403  21.775 0.0000000000
96991  22.146  60.931  21.234 0.0000000000
96995  23.512  61.105  21.395 0.0000000000
96996  23.006  61.498  20.881 0.0000000000
96997  22.178  60.979  20.225 0.0000000000
97002  23.628  61.029  20.318 0.0000000000
97003  23.069  61.381  19.716 0.0000000000
97004  22.163  60.874  19.032 0.0000000000
97009  24.637  62.358  18.617 0.0000000000
97010  23.916  61.415  18.780 0.0000000000
97011  22.996  61.500  18.500 0.0000000000
97012  21.975  60.768  17.876 0.0000000000
97016  24.791  62.094  18.263 0.0000000000
97017  24.398  61.017  17.841 0.0000000000
97018  22.405  61.442  17.525 0.0000000000
97019  21.628  60.871  16.854 0.0000000000
97024  24.889  61.819  17.500 0.0000000000
97025  24.488  60.855  16.587 0.0000000000
97026  20.931  60.763  16.086 0.0000000000
97027  20.200  60.735  15.442 0.0000000000
97028  19.608  61.022  15.103 0.0000000000
97033  24.095  60.809  15.287 0.0000000000
97034  23.382  60.804  14.463 0.0000000000
97035  19.688  60.413  14.991 0.0000000000
97036  19.145  60.757  14.664 0.0000000000
97037  18.238  60.746  14.341 0.0000000000
97038  17.285  60.687  14.065 0.0000000000
97039  16.542  60.806  13.979 0.0000000000
97048  22.605  60.736  13.907 0.0000000000
97049  21.889  60.722  13.528 0.0000000000
97050  21.058  60.732  13.297 0.0000000000
97051  20.137  61.021  13.332 0.0000000000
97052  19.397  61.153  13.238 0.0000000000
97053  16.879  60.247  13.762 0.0000000000
97061  20.434  60.272  12.877 0.0000000000
97062  19.703  60.429  12.801 0.0000000000
97063  18.821  60.756  12.763 0.0000000000
97064  17.908  60.717  12.336 0.0000000000
97065  17.223  61.134  12.039 0.0000000000
97067  17.435  60.424  11.751 0.0000000000
97068  16.769  60.766  11.405 0.0000000000
97069  16.179  61.044  11.012 0.0000000000
97074  16.367  60.373  10.830 0.0000000000
97075  15.774  60.631  10.469 0.0000000000
97076  15.193  60.865  10.094 0.0000000000
97082  15.345  60.203  9.920 0.0000000000
97083  14.819  60.458  9.495 0.0000000000
97089  14.307  60.323  8.521 0.0000000000
97090  13.857  60.754  7.963 0.0000000000
97097  14.251  60.141  7.417 0.0000000000
97098  13.704  60.810  7.148 0.0000000000
97106  14.156  60.131  6.409 0.0000000000
97107  13.593  60.827  6.111 0.0000000000
97115  14.135  60.131  5.394 0.0000000000
97116  13.641  60.890  5.081 0.0000000000
97454  25.215  62.852  18.701 0.0000000000
97455  24.340  62.801  18.872 0.0000000000
97456  23.705  62.216  18.488 0.0000000000
97461  25.326  62.661  17.836 0.0000000000
97462  23.696  62.903  18.330 0.0000000000
97463  23.100  62.278  17.702 0.0000000000
97464  22.254  61.898  16.842 0.0000000000
97470  25.101  62.335  16.883 0.0000000000
97471  24.611  62.049  15.879 0.0000000000
97472  21.437  61.740  16.337 0.0000000000
97473  20.638  61.789  15.907 0.0000000000
97474  19.738  61.865  15.513 0.0000000000
97475  18.999  62.120  15.351 0.0000000000
97483  23.842  61.927  15.051 0.0000000000
97484  23.002  61.959  14.339 0.0000000000
97485  22.214  62.464  14.086 0.0000000000
97486  21.496  62.633  13.941 0.0000000000
97487  19.202  61.468  15.073 0.0000000000
97488  18.449  61.752  14.872 0.0000000000
97489  17.359  61.734  14.643 0.0000000000
97490  16.295  61.601  14.539 0.0000000000
97491  15.329  61.631  14.602 0.0000000000
97497  22.275  61.496  13.839 0.0000000000
97498  21.602  61.659  13.689 0.0000000000
97499  20.720  62.015  13.675 0.0000000000
97500  19.732  61.960  13.567 0.0000000000
97501  18.799  61.908  13.378 0.0000000000
97502  18.075  62.311  13.110 0.0000000000
97503  15.954  61.090  14.114 0.0000000000
97507  18.196  61.495  12.858 0.0000000000
97508  17.462  61.997  12.581 0.0000000000
97509  16.703  61.990  11.957 0.0000000000
97514  16.178  61.798  11.414 0.0000000000
97515  15.711  61.685  10.996 0.0000000000
97521  15.271  61.606  10.519 0.0000000000
97522  14.806  61.522  10.009 0.0000000000
97529  14.317  61.436  9.268 0.0000000000
97530  13.921  61.807  8.830 0.0000000000
97537  13.896  61.142  8.576 0.0000000000
97538  13.538  61.615  8.050 0.0000000000
97545  13.173  61.670  6.905 0.0000000000
97546  12.812  62.140  6.444 0.0000000000
97551  13.090  61.640  5.733 0.0000000000
97552  12.627  62.434  5.828 0.0000000000
97894  25.334  63.556  18.031 0.0000000000
97895  24.842  63.747  18.545 0.0000000000
97901  25.424  63.366  17.221 0.0000000000
97902  24.062  63.628  18.235 0.0000000000
97903  23.374  63.332  17.586 0.0000000000
97904  22.629  62.945  16.925 0.0000000000
97905  14.455  63.163  17.335 0.0000000000
97906  14.075  62.879  16.944 0.0000000000
97907  12.899  62.979  16.313 0.0000000000
97912  25.050  63.233  16.339 0.0000000000
97913  24.284  63.206  15.545 0.0000000000
97914  23.642  63.743  15.211 0.0000000000
97915  21.926  62.595  16.499 0.0000000000
97916  21.261  62.824  16.209 0.0000000000
97917  20.369  63.026  15.916 0.0000000000
97918  19.187  63.174  15.768 0.0000000000
97919  17.861  63.530  16.099 0.0000000000
97920  16.468  63.369  16.543 0.0000000000
97921  15.017  62.918  16.981 0.0000000000
97922  13.993  62.161  16.169 0.0000000000
97928  23.509  62.850  14.976 0.0000000000
97929  22.915  63.452  14.661 0.0000000000
97930  21.985  63.580  14.344 0.0000000000
97931  20.971  63.462  14.128 0.0000000000
97932  20.112  63.757  13.953 0.0000000000
97933  18.408  62.618  15.465 0.0000000000
97934  17.463  62.604  15.473 0.0000000000
97935  16.274  62.442  15.621 0.0000000000
97936  15.228  62.187  15.556 0.0000000000
97937  14.723  61.947  15.220 0.0000000000
97941  20.177  62.841  13.747 0.0000000000
97942  19.363  63.113  13.610 0.0000000000
97943  18.480  63.114  13.384 0.0000000000
97944  17.640  63.293  12.989 0.0000000000
97945  13.473  63.453  13.018 0.0000000000
97946  12.025  63.119  12.825 0.0000000000
97947  11.555  63.164  12.724 0.0000000000
97950  16.769  63.343  12.431 0.0000000000
97951  15.976  63.090  11.716 0.0000000000
97952  15.525  63.629  11.425 0.0000000000
97953  14.159  63.885  12.877 0.0000000000
97954  14.019  63.983  12.413 0.0000000000
97955  13.525  63.798  12.273 0.0000000000
97956  12.700  63.376  12.451 0.0000000000
97957  11.946  63.323  12.384 0.0000000000
97962  15.763  62.342  11.309 0.0000000000
97963  15.276  62.883  10.968 0.0000000000
97964  14.888  63.417  10.649 0.0000000000
97970  14.928  62.168  10.430 0.0000000000
97971  14.497  62.762  10.036 0.0000000000
97972  14.024  63.438  9.657 0.0000000000
97980  14.142  62.180  9.265 0.0000000000
97981  13.719  62.711  8.947 0.0000000000
97988  12.983  62.660  7.745 0.0000000000
97989  12.564  63.211  7.430 0.0000000000
97995  12.824  62.292  6.980 0.0000000000
97996  12.547  62.841  6.701 0.0000000000
98323  25.305  64.077  17.457 0.0000000000
98324  25.032  64.297  17.872 0.0000000000
98330  25.224  64.138  16.750 0.0000000000
98331  24.448  64.301  17.789 0.0000000000
98332  23.663  64.273  17.434 0.0000000000
98333  22.871  63.996  16.964 0.0000000000
98334  16.665  65.013  17.507 0.0000000000
98335  16.078  64.727  17.415 0.0000000000
98336  14.490  63.912  17.004 0.0000000000
98337  13.002  64.111  15.826 0.0000000000
98338  11.295  63.782  16.088 0.0000000000
98342  24.741  64.133  16.064 0.0000000000
98343  24.164  64.353  15.614 0.0000000000
98344  23.394  64.659  15.285 0.0000000000
98345  22.075  63.766  16.492 0.0000000000
98346  21.147  64.127  16.305 0.0000000000
98347  20.043  64.343  16.264 0.0000000000
98348  18.693  64.500  16.485 0.0000000000
98349  17.112  64.607  17.251 0.0000000000
98350  15.632  63.797  17.327 0.0000000000
98351  15.031  63.476  17.345 0.0000000000
98352  12.324  63.613  14.465 0.0000000000
98353  11.282  63.995  15.191 0.0000000000
98357  22.575  64.577  14.842 0.0000000000
98358  21.673  64.664  14.693 0.0000000000
98359  20.592  64.710  14.535 0.0000000000
98360  19.351  64.626  13.931 0.0000000000
98361  18.653  65.125  13.736 0.0000000000
98362  11.645  63.292  13.680 0.0000000000
98363  10.988  63.500  14.123 0.0000000000
98368  18.887  63.813  13.514 0.0000000000
98369  18.282  64.470  13.355 0.0000000000
98370  17.089  64.577  12.695 0.0000000000
98371  16.287  65.049  12.426 0.0000000000
98372  15.395  64.910  12.758 0.0000000000
98373  14.062  64.195  14.017 0.0000000000
98374  12.403  63.227  13.375 0.0000000000
98375  11.689  63.106  13.160 0.0000000000
98376  11.023  63.182  13.085 0.0000000000
98382  16.680  64.148  12.433 0.0000000000
98383  16.344  64.234  12.207 0.0000000000
98384  15.630  64.444  11.712 0.0000000000
98385  14.658  64.691  12.199 0.0000000000
98386  14.082  64.613  11.891 0.0000000000
98387  13.279  64.179  11.809 0.0000000000
98388  12.323  63.811  11.836 0.0000000000
98389  11.362  63.574  12.168 0.0000000000
98390  10.390  63.612  12.361 0.0000000000
98397  15.343  63.878  11.292 0.0000000000
98398  15.033  64.219  11.041 0.0000000000
98399  14.603  65.194  11.304 0.0000000000
98400  13.895  65.270  11.648 0.0000000000
98401  12.934  64.900  11.598 0.0000000000
98402  11.873  64.522  11.561 0.0000000000
98403  10.848  64.323  11.719 0.0000000000
98410  14.694  63.693  10.527 0.0000000000
98411  14.288  64.218  10.340 0.0000000000
98419  13.373  63.952  9.364 0.0000000000
98420  12.742  64.311  9.126 0.0000000000
98425  13.143  63.273  8.577 0.0000000000
98426  12.441  63.814  8.210 0.0000000000
98427  11.809  64.269  7.835 0.0000000000
98432  12.200  63.542  7.033 0.0000000000
98433  11.814  64.043  7.229 0.0000000000
98760  24.940  64.630  17.208 0.0000000000
98761  24.688  64.622  17.489 0.0000000000
98768  24.673  64.727  16.471 0.0000000000
98769  24.161  65.109  17.007 0.0000000000
98770  23.067  64.835  16.748 0.0000000000
98771  22.516  64.499  16.616 0.0000000000
98772  18.882  66.193  16.871 0.0000000000
98773  18.123  66.188  17.235 0.0000000000
98774  16.997  65.693  17.343 0.0000000000
98775  15.746  65.457  17.065 0.0000000000
98776  14.946  65.129  16.312 0.0000000000
98777  14.497  64.955  16.016 0.0000000000
98783  24.502  64.694  15.968 0.0000000000
98784  24.140  65.110  15.930 0.0000000000
98785  23.194  65.286  15.953 0.0000000000
98786  22.070  65.031  16.234 0.0000000000
98787  20.812  65.343  16.167 0.0000000000
98788  19.580  65.561  16.512 0.0000000000
98789  18.334  65.471  17.009 0.0000000000
98790  17.624  65.513  17.305 0.0000000000
98791  16.127  65.535  15.105 0.0000000000
98792  15.347  65.241  15.514 0.0000000000
98793  14.726  64.996  15.762 0.0000000000
98800  22.938  65.159  15.236 0.0000000000
98801  22.325  65.205  15.371 0.0000000000
98802  21.128  65.476  15.513 0.0000000000
98803  19.946  65.795  14.946 0.0000000000
98804  18.649  65.903  14.257 0.0000000000
98805  17.689  66.074  14.121 0.0000000000
98806  16.809  65.688  14.294 0.0000000000
98807  15.819  65.131  14.453 0.0000000000
98808  14.772  64.755  14.971 0.0000000000
98815  18.339  65.312  13.616 0.0000000000
98816  17.827  65.430  13.427 0.0000000000
98817  16.996  65.498  13.186 0.0000000000
98818  16.198  65.164  13.305 0.0000000000
98819  15.320  64.780  13.818 0.0000000000
98831  14.160  65.786  11.210 0.0000000000
98832  13.516  66.054  11.454 0.0000000000
98833  12.490  65.715  11.512 0.0000000000
98834  11.419  65.397  11.451 0.0000000000
98841  14.011  65.315  10.593 0.0000000000
98842  13.719  66.126  10.740 0.0000000000
98850  13.672  64.701  10.061 0.0000000000
98851  12.852  65.192  9.766 0.0000000000
98852  11.987  65.441  9.313 0.0000000000
98859  12.378  64.481  8.964 0.0000000000
98860  11.643  64.857  8.529 0.0000000000
98861  10.890  65.267  8.083 0.0000000000
98867  11.366  64.492  7.376 0.0000000000
98868  10.849  64.975  7.481 0.0000000000
99237  18.726  66.783  16.914 0.0000000000
99238  17.966  67.078  17.015 0.0000000000
99239  16.961  66.634  16.556 0.0000000000
99240  15.853  65.825  16.317 0.0000000000
99241  15.406  65.537  16.028 0.0000000000
99248  20.257  65.976  16.121 0.0000000000
99249  19.411  66.497  16.331 0.0000000000
99250  18.780  67.258  16.419 0.0000000000
99251  17.526  66.982  15.754 0.0000000000
99252  16.670  66.155  15.549 0.0000000000
99253  15.848  65.665  15.747 0.0000000000
99258  20.681  65.857  15.913 0.0000000000
99259  20.188  66.150  15.808 0.0000000000
99260  19.113  66.905  15.642 0.0000000000
99261  18.166  66.952  15.195 0.0000000000
99262  17.463  66.446  14.945 0.0000000000
99275  12.836  66.616  11.311 0.0000000000
99276  12.001  66.471  11.427 0.0000000000
99284  13.306  66.708  10.986 0.0000000000
99295  13.009  66.492  10.412 0.0000000000
99296  11.967  66.257  9.639 0.0000000000
99304  11.574  65.564  9.096 0.0000000000
99305  10.866  65.846  8.720 0.0000000000
99641  17.809  67.344  16.392 0.0000000000
99642  17.624  67.248  16.193 0.0000000000
99647  18.353  67.552  16.279 0.0000000000
99648  17.996  67.537  15.937 0.0000000000
99653  18.755  67.574  16.077 0.0000000000
99654  18.515  67.514  15.861 0.0000000000
99665  12.348  67.056  11.202 0.0000000000
99671  12.776  67.048  10.942 0.0000000000
99683  12.992  66.912  10.740 0.0000000000
99684  12.494  67.034  10.424 0.0000000000
104832  13.606  62.539  16.724 0.0000000000
104834  13.080  63.501  13.773 0.0000000000
104835  14.214  64.525  14.973 0.0000000000
104836  14.201  64.617  15.995 0.0000000000
104837  13.381  63.724  16.581 0.0000000000
104838  14.261  64.664  15.433 0.0000000000
104839  14.448  64.820  15.692 0.0000000000
104840  13.909  64.441  15.337 0.0000000000
