#!ascii label  , from subject FREESURFER vox2ras=TkReg 
585
53871  34.906  -3.779  -5.046 0.0000000000
53872  34.170  -4.173  -4.704 0.0000000000
53883  34.936  -3.695  -5.585 0.0000000000
53884  34.301  -3.945  -5.845 0.0000000000
53896  34.077  -3.907  -6.918 0.0000000000
53897  33.278  -4.247  -6.567 0.0000000000
53908  34.025  -3.853  -7.445 0.0000000000
53909  33.406  -4.003  -7.582 0.0000000000
53910  32.525  -4.269  -7.276 0.0000000000
53919  33.103  -3.889  -8.128 0.0000000000
53920  32.612  -3.996  -7.936 0.0000000000
53921  32.117  -4.099  -7.715 0.0000000000
54865  35.612  -3.535  -4.549 0.0000000000
54874  36.152  -3.205  -5.025 0.0000000000
54875  35.471  -3.475  -5.470 0.0000000000
54876  35.024  -3.622  -5.951 0.0000000000
54884  36.109  -3.188  -5.817 0.0000000000
54885  35.504  -3.394  -6.242 0.0000000000
54886  34.828  -3.616  -6.575 0.0000000000
54894  36.041  -3.159  -6.532 0.0000000000
54895  35.451  -3.302  -7.058 0.0000000000
54896  34.577  -3.614  -7.403 0.0000000000
54897  34.031  -3.787  -7.814 0.0000000000
54905  35.153  -3.326  -7.794 0.0000000000
54906  34.472  -3.534  -8.152 0.0000000000
54907  33.642  -3.694  -8.356 0.0000000000
54908  32.827  -3.706  -8.513 0.0000000000
54916  35.022  -3.246  -8.443 0.0000000000
54917  34.362  -3.330  -8.966 0.0000000000
54918  33.388  -3.447  -9.150 0.0000000000
54919  32.539  -3.317  -9.139 0.0000000000
54920  31.873  -2.954  -9.138 0.0000000000
54929  34.000  -3.239  -9.810 0.0000000000
54930  33.093  -3.184  -9.931 0.0000000000
54931  32.323  -2.908  -9.855 0.0000000000
54932  31.944  -2.682  -9.738 0.0000000000
55870  37.802  -2.071  -5.028 0.0000000000
55872  36.602  -2.994  -4.760 0.0000000000
55882  37.846  -2.131  -6.020 0.0000000000
55883  37.269  -2.520  -5.634 0.0000000000
55884  36.671  -2.916  -5.337 0.0000000000
55891  37.802  -2.106  -6.486 0.0000000000
55892  37.363  -2.361  -6.656 0.0000000000
55893  36.661  -2.864  -6.218 0.0000000000
55899  37.062  -2.312  -7.601 0.0000000000
55900  36.303  -2.858  -7.257 0.0000000000
55901  35.664  -3.149  -7.558 0.0000000000
55909  37.068  -2.094  -8.446 0.0000000000
55910  36.337  -2.589  -8.288 0.0000000000
55911  35.668  -3.033  -8.090 0.0000000000
55919  37.198  -1.920  -9.266 0.0000000000
55920  36.484  -2.400  -9.213 0.0000000000
55921  35.428  -2.942  -9.142 0.0000000000
55922  34.655  -3.143  -9.578 0.0000000000
55923  31.728  -2.540  -9.583 0.0000000000
55924  31.459  -2.243  -9.632 0.0000000000
55931  37.345  -1.816  -9.915 0.0000000000
55932  36.792  -2.162  -9.990 0.0000000000
55933  35.941  -2.588  -10.133 0.0000000000
55934  34.823  -2.925  -10.311 0.0000000000
55935  33.735  -2.968  -10.693 0.0000000000
55936  32.777  -2.723  -10.658 0.0000000000
55937  31.944  -2.294  -10.344 0.0000000000
55938  31.497  -1.868  -10.252 0.0000000000
55943  37.171  -1.949  -10.536 0.0000000000
55944  36.477  -2.244  -10.877 0.0000000000
55945  35.457  -2.534  -11.135 0.0000000000
55946  34.392  -2.520  -11.420 0.0000000000
55947  33.389  -2.291  -11.457 0.0000000000
55948  32.536  -2.041  -11.197 0.0000000000
55949  32.036  -1.723  -11.111 0.0000000000
55963  33.983  -2.031  -11.854 0.0000000000
55964  33.563  -1.702  -11.986 0.0000000000
56925  39.177  -1.243  -6.087 0.0000000000
56926  38.467  -1.684  -5.493 0.0000000000
56934  39.071  -1.194  -7.305 0.0000000000
56935  38.135  -1.777  -6.770 0.0000000000
56936  37.570  -2.092  -7.199 0.0000000000
56943  39.108  -1.117  -8.367 0.0000000000
56944  38.350  -1.498  -7.948 0.0000000000
56945  37.637  -1.867  -7.752 0.0000000000
56953  39.138  -1.032  -9.345 0.0000000000
56954  38.435  -1.374  -8.927 0.0000000000
56955  37.734  -1.681  -8.620 0.0000000000
56964  39.122  -0.869  -10.271 0.0000000000
56965  38.472  -1.289  -9.886 0.0000000000
56966  37.815  -1.587  -9.482 0.0000000000
56976  39.096  -0.720  -10.801 0.0000000000
56977  38.514  -1.093  -10.999 0.0000000000
56978  37.795  -1.629  -10.384 0.0000000000
56979  31.684  -1.604  -10.828 0.0000000000
56986  38.224  -1.037  -12.157 0.0000000000
56987  37.306  -1.738  -11.558 0.0000000000
56988  35.961  -2.038  -11.790 0.0000000000
56989  34.923  -2.082  -11.881 0.0000000000
56990  34.367  -2.050  -11.905 0.0000000000
56991  32.929  -1.636  -11.843 0.0000000000
56992  32.339  -1.457  -11.614 0.0000000000
57002  38.090  -0.770  -12.698 0.0000000000
57003  37.415  -1.079  -12.823 0.0000000000
57004  36.294  -1.506  -12.551 0.0000000000
57005  35.198  -1.516  -12.391 0.0000000000
57006  34.208  -1.543  -12.264 0.0000000000
57007  33.329  -1.082  -12.455 0.0000000000
57008  32.590  -1.124  -12.131 0.0000000000
57016  37.030  -0.729  -13.411 0.0000000000
57017  36.391  -0.900  -13.253 0.0000000000
57018  35.438  -0.962  -12.996 0.0000000000
57019  34.508  -0.934  -12.799 0.0000000000
57020  33.916  -0.955  -12.675 0.0000000000
57922  40.015  -0.649  -5.618 0.0000000000
57936  41.540  0.049  -6.127 0.0000000000
57937  40.695  -0.315  -6.432 0.0000000000
57938  39.893  -0.782  -6.806 0.0000000000
57956  42.874  0.339  -7.398 0.0000000000
57957  42.437  0.305  -6.981 0.0000000000
57958  41.434  -0.036  -7.209 0.0000000000
57959  40.611  -0.419  -7.499 0.0000000000
57960  39.840  -0.797  -7.880 0.0000000000
57977  42.925  0.203  -7.786 0.0000000000
57978  42.200  0.031  -7.956 0.0000000000
57979  41.377  -0.206  -8.197 0.0000000000
57980  40.574  -0.459  -8.479 0.0000000000
57981  39.832  -0.745  -8.870 0.0000000000
57995  42.847  0.146  -8.570 0.0000000000
57996  42.189  -0.063  -8.971 0.0000000000
57997  41.310  -0.205  -9.096 0.0000000000
57998  40.535  -0.335  -9.409 0.0000000000
57999  39.780  -0.546  -9.821 0.0000000000
58008  41.866  0.128  -9.595 0.0000000000
58009  41.240  0.172  -9.895 0.0000000000
58010  40.439  0.048  -10.318 0.0000000000
58011  39.606  -0.236  -10.792 0.0000000000
58012  39.095  -0.563  -11.178 0.0000000000
58019  39.314  -0.060  -11.489 0.0000000000
58020  38.841  -0.510  -11.806 0.0000000000
58030  39.066  0.186  -12.105 0.0000000000
58031  38.442  -0.121  -12.718 0.0000000000
58032  37.971  -0.625  -12.982 0.0000000000
58033  33.146  -0.637  -12.829 0.0000000000
58034  32.762  -0.723  -12.567 0.0000000000
58042  38.180  0.335  -13.383 0.0000000000
58043  37.596  -0.295  -13.405 0.0000000000
58044  36.566  -0.241  -13.802 0.0000000000
58045  35.600  -0.397  -13.556 0.0000000000
58046  34.707  -0.426  -13.345 0.0000000000
58047  33.690  -0.387  -13.249 0.0000000000
58048  32.911  -0.399  -12.989 0.0000000000
58053  36.227  0.165  -14.225 0.0000000000
58054  35.682  0.117  -14.062 0.0000000000
58055  34.857  0.062  -13.869 0.0000000000
58056  34.276  -0.074  -13.688 0.0000000000
58922  43.334  0.777  -6.575 0.0000000000
58923  42.782  0.518  -6.185 0.0000000000
58934  44.071  0.930  -7.825 0.0000000000
58935  43.294  0.510  -7.364 0.0000000000
58936  42.967  0.488  -6.788 0.0000000000
58944  44.110  1.073  -8.381 0.0000000000
58945  43.598  0.684  -8.495 0.0000000000
58956  42.987  0.625  -9.547 0.0000000000
58957  42.326  0.316  -9.616 0.0000000000
58967  42.849  1.127  -10.208 0.0000000000
58968  42.176  0.731  -10.274 0.0000000000
58969  41.138  0.780  -10.695 0.0000000000
58970  40.255  0.708  -11.248 0.0000000000
58971  39.683  0.244  -11.311 0.0000000000
58977  40.025  1.391  -12.111 0.0000000000
58978  39.564  0.588  -11.805 0.0000000000
58986  39.798  1.831  -12.612 0.0000000000
58987  39.119  1.046  -12.732 0.0000000000
58988  38.552  0.611  -13.122 0.0000000000
58996  38.906  1.601  -13.353 0.0000000000
58997  38.412  1.139  -13.692 0.0000000000
58998  37.671  0.406  -13.899 0.0000000000
58999  37.172  0.037  -13.891 0.0000000000
59000  33.468  0.181  -13.726 0.0000000000
59001  33.011  0.051  -13.520 0.0000000000
59006  38.230  1.523  -14.326 0.0000000000
59007  37.709  0.999  -14.542 0.0000000000
59008  36.834  0.355  -14.452 0.0000000000
59009  35.885  0.451  -14.592 0.0000000000
59010  35.035  0.548  -14.430 0.0000000000
59011  33.998  0.514  -14.195 0.0000000000
59012  33.340  0.509  -13.920 0.0000000000
59016  37.076  0.839  -15.146 0.0000000000
59017  36.278  0.794  -15.162 0.0000000000
59018  35.406  0.998  -15.016 0.0000000000
59019  34.567  1.155  -14.802 0.0000000000
59020  34.085  1.209  -14.675 0.0000000000
59891  44.524  1.544  -7.249 0.0000000000
59892  43.748  1.091  -7.103 0.0000000000
59900  45.428  1.908  -8.064 0.0000000000
59901  44.623  1.422  -8.351 0.0000000000
59902  44.152  1.286  -8.786 0.0000000000
59909  45.101  1.991  -8.742 0.0000000000
59910  44.571  1.850  -9.145 0.0000000000
59911  43.827  1.491  -9.454 0.0000000000
59920  43.319  1.559  -10.119 0.0000000000
59921  42.723  1.779  -10.657 0.0000000000
59922  41.819  1.666  -11.206 0.0000000000
59923  40.968  1.359  -11.275 0.0000000000
59931  41.166  1.903  -11.715 0.0000000000
59932  40.633  1.598  -11.760 0.0000000000
59948  33.041  0.539  -13.840 0.0000000000
59954  37.994  1.562  -14.805 0.0000000000
59955  33.851  1.218  -14.579 0.0000000000
59956  33.387  1.172  -14.359 0.0000000000
59957  33.060  1.238  -14.246 0.0000000000
59962  37.520  1.514  -15.336 0.0000000000
59963  36.712  1.261  -15.693 0.0000000000
59964  35.836  1.394  -15.653 0.0000000000
59965  34.999  1.681  -15.398 0.0000000000
59966  34.094  1.943  -15.092 0.0000000000
59967  33.609  2.063  -14.834 0.0000000000
59971  37.146  1.800  -16.029 0.0000000000
59972  36.335  1.799  -16.241 0.0000000000
59973  35.492  2.098  -16.053 0.0000000000
59974  34.759  2.453  -15.752 0.0000000000
59975  34.336  2.680  -15.600 0.0000000000
60969  46.245  2.678  -8.546 0.0000000000
60970  45.506  2.300  -8.676 0.0000000000
60976  45.908  3.069  -9.280 0.0000000000
60977  45.255  2.682  -9.279 0.0000000000
60978  44.140  2.658  -9.809 0.0000000000
60979  43.713  2.048  -9.987 0.0000000000
60991  43.751  3.159  -10.247 0.0000000000
60992  43.380  2.570  -10.398 0.0000000000
60993  41.650  2.301  -11.819 0.0000000000
61020  33.379  2.147  -14.771 0.0000000000
61026  37.988  1.883  -15.148 0.0000000000
61027  34.065  2.908  -15.562 0.0000000000
61028  33.661  2.861  -15.277 0.0000000000
61031  37.868  2.543  -15.694 0.0000000000
61032  36.907  2.394  -16.466 0.0000000000
61033  35.978  2.464  -16.686 0.0000000000
61034  35.167  2.815  -16.456 0.0000000000
61035  34.409  3.260  -16.191 0.0000000000
61042  37.282  3.038  -16.462 0.0000000000
61043  36.550  3.104  -16.845 0.0000000000
61044  35.641  3.145  -17.073 0.0000000000
61045  34.820  3.367  -17.012 0.0000000000
61046  34.277  3.758  -16.951 0.0000000000
62005  47.107  3.421  -8.970 0.0000000000
62012  46.386  3.512  -9.362 0.0000000000
62013  45.635  3.634  -9.684 0.0000000000
62014  44.803  3.586  -9.993 0.0000000000
62026  44.064  3.742  -10.275 0.0000000000
62027  43.465  3.598  -10.546 0.0000000000
62048  33.381  3.222  -15.319 0.0000000000
62053  33.846  3.615  -15.879 0.0000000000
62054  33.374  3.915  -15.778 0.0000000000
62055  33.196  3.855  -15.639 0.0000000000
62057  37.699  3.274  -16.291 0.0000000000
62058  34.092  4.065  -16.803 0.0000000000
62059  33.504  4.262  -16.269 0.0000000000
62063  38.260  3.634  -16.041 0.0000000000
62064  37.374  3.876  -16.899 0.0000000000
62065  36.215  3.701  -17.379 0.0000000000
62066  35.290  3.695  -17.619 0.0000000000
62067  34.498  3.839  -17.571 0.0000000000
62068  34.007  4.276  -17.394 0.0000000000
62081  37.353  4.400  -17.523 0.0000000000
62082  36.665  4.218  -17.641 0.0000000000
62083  35.788  4.292  -18.000 0.0000000000
62084  34.835  4.269  -18.162 0.0000000000
62085  34.269  4.242  -17.881 0.0000000000
62100  35.549  4.653  -18.314 0.0000000000
62101  35.317  4.519  -18.260 0.0000000000
62963  47.042  4.187  -9.490 0.0000000000
62971  46.197  4.420  -9.710 0.0000000000
62972  45.172  4.697  -10.122 0.0000000000
62973  44.473  4.281  -10.314 0.0000000000
62985  44.866  5.459  -10.426 0.0000000000
62986  43.855  5.115  -10.706 0.0000000000
63018  32.817  4.483  -15.878 0.0000000000
63022  33.469  4.726  -16.650 0.0000000000
63023  33.077  4.969  -16.435 0.0000000000
63024  32.853  5.037  -16.314 0.0000000000
63028  38.188  4.272  -16.584 0.0000000000
63029  33.601  5.086  -17.195 0.0000000000
63030  33.318  5.178  -16.765 0.0000000000
63041  38.393  5.046  -17.462 0.0000000000
63042  37.024  4.549  -18.037 0.0000000000
63043  36.369  4.477  -18.048 0.0000000000
63044  34.559  4.651  -18.351 0.0000000000
63045  34.128  4.846  -18.009 0.0000000000
63062  38.437  5.424  -18.559 0.0000000000
63063  37.994  5.149  -18.730 0.0000000000
63064  37.236  4.917  -18.660 0.0000000000
63065  36.065  4.830  -18.536 0.0000000000
63066  35.014  4.845  -18.553 0.0000000000
63067  34.422  4.922  -18.481 0.0000000000
63944  47.554  4.741  -9.447 0.0000000000
63951  47.642  5.267  -9.445 0.0000000000
63952  46.937  5.276  -9.628 0.0000000000
63953  46.013  5.240  -9.851 0.0000000000
63960  46.312  5.893  -9.838 0.0000000000
63961  45.568  5.848  -10.200 0.0000000000
63997  32.789  5.707  -16.667 0.0000000000
64001  33.338  5.841  -17.416 0.0000000000
64002  33.056  5.836  -16.970 0.0000000000
64009  33.622  5.777  -17.910 0.0000000000
64021  39.126  6.021  -18.707 0.0000000000
64022  38.253  5.600  -19.238 0.0000000000
64023  37.441  5.371  -19.431 0.0000000000
64024  36.425  5.361  -19.398 0.0000000000
64025  35.183  5.488  -19.424 0.0000000000
64026  34.089  5.601  -18.812 0.0000000000
64043  38.479  6.170  -19.586 0.0000000000
64044  37.803  5.993  -19.950 0.0000000000
64045  36.851  5.825  -20.121 0.0000000000
64046  35.870  5.969  -20.084 0.0000000000
64047  35.051  6.246  -20.146 0.0000000000
64967  32.527  6.279  -16.832 0.0000000000
64977  33.108  6.656  -17.675 0.0000000000
64978  32.521  6.760  -17.242 0.0000000000
64989  33.595  6.636  -18.432 0.0000000000
65000  38.826  6.484  -19.511 0.0000000000
65001  34.335  6.663  -19.629 0.0000000000
65002  33.891  6.619  -19.020 0.0000000000
65020  39.264  7.316  -20.075 0.0000000000
65021  38.478  6.800  -20.386 0.0000000000
65022  37.300  6.386  -20.688 0.0000000000
65023  36.303  6.393  -20.699 0.0000000000
65024  35.475  6.562  -20.617 0.0000000000
65025  34.773  6.912  -20.503 0.0000000000
65042  38.216  7.157  -21.183 0.0000000000
65043  37.633  6.947  -21.225 0.0000000000
65044  36.661  6.866  -21.272 0.0000000000
65045  35.716  6.909  -21.169 0.0000000000
65046  35.137  6.937  -20.978 0.0000000000
65963  32.929  7.234  -17.830 0.0000000000
65964  32.535  7.537  -17.732 0.0000000000
65976  33.130  7.461  -18.163 0.0000000000
65977  32.656  8.051  -18.157 0.0000000000
65988  34.150  7.330  -19.589 0.0000000000
65989  33.760  7.598  -19.147 0.0000000000
66005  39.099  7.460  -20.668 0.0000000000
66006  34.279  7.631  -20.064 0.0000000000
66007  33.826  8.434  -19.870 0.0000000000
66024  38.689  7.575  -21.272 0.0000000000
66025  37.956  7.503  -21.650 0.0000000000
66026  37.082  7.386  -21.781 0.0000000000
66027  35.941  7.336  -21.797 0.0000000000
66028  34.813  7.552  -21.180 0.0000000000
66047  38.371  8.140  -21.972 0.0000000000
66048  37.568  7.956  -22.260 0.0000000000
66049  36.620  7.720  -22.356 0.0000000000
66050  35.753  7.639  -22.345 0.0000000000
66914  33.084  8.243  -18.564 0.0000000000
66922  33.260  9.014  -19.369 0.0000000000
66936  34.087  8.615  -20.710 0.0000000000
66937  33.707  9.114  -20.160 0.0000000000
66953  34.986  7.769  -22.013 0.0000000000
66954  34.348  8.478  -21.672 0.0000000000
66973  38.098  8.705  -22.778 0.0000000000
66974  37.103  8.250  -22.977 0.0000000000
66975  36.079  7.901  -22.950 0.0000000000
66976  35.144  7.849  -22.645 0.0000000000
66977  34.534  8.336  -22.412 0.0000000000
66994  38.081  9.105  -23.274 0.0000000000
66995  37.547  8.912  -23.602 0.0000000000
66996  36.458  8.593  -23.726 0.0000000000
66997  35.398  8.312  -23.283 0.0000000000
66998  34.768  8.236  -22.863 0.0000000000
67019  37.341  9.132  -24.066 0.0000000000
67020  37.055  8.903  -24.011 0.0000000000
67867  33.781  9.395  -20.684 0.0000000000
67886  33.915  9.447  -21.456 0.0000000000
67887  33.662  9.756  -20.947 0.0000000000
67910  34.177  9.090  -22.434 0.0000000000
67935  38.078  9.354  -23.548 0.0000000000
67936  36.224  8.856  -24.138 0.0000000000
67937  35.547  8.986  -24.063 0.0000000000
67938  34.669  8.758  -23.173 0.0000000000
67957  37.832  9.607  -24.056 0.0000000000
67958  36.749  9.210  -24.424 0.0000000000
67959  35.904  9.687  -24.752 0.0000000000
67976  37.449  9.970  -24.695 0.0000000000
67977  36.791  10.038  -25.133 0.0000000000
67978  36.078  10.262  -25.290 0.0000000000
68846  33.714  9.817  -21.724 0.0000000000
68868  33.845  9.833  -22.281 0.0000000000
68888  35.244  9.669  -24.345 0.0000000000
68889  34.440  9.766  -23.641 0.0000000000
68907  38.024  10.365  -24.428 0.0000000000
68908  35.272  10.241  -24.828 0.0000000000
68909  34.492  10.580  -24.688 0.0000000000
68924  37.598  10.828  -25.056 0.0000000000
68925  36.738  10.834  -25.609 0.0000000000
68926  35.834  10.796  -25.625 0.0000000000
68927  35.102  10.840  -25.434 0.0000000000
69734  33.675  10.419  -22.940 0.0000000000
69748  33.851  10.435  -23.735 0.0000000000
69764  33.886  10.782  -24.614 0.0000000000
69765  33.252  11.025  -24.981 0.0000000000
69766  32.578  11.411  -25.101 0.0000000000
69767  32.180  11.725  -25.318 0.0000000000
69781  38.202  11.806  -25.001 0.0000000000
69782  37.393  11.864  -25.711 0.0000000000
69783  36.432  11.560  -26.002 0.0000000000
69784  35.547  11.453  -25.992 0.0000000000
69785  34.610  11.447  -25.770 0.0000000000
69786  33.757  11.540  -25.603 0.0000000000
69787  33.060  11.700  -25.628 0.0000000000
69788  32.495  11.851  -25.609 0.0000000000
69802  37.303  12.430  -25.972 0.0000000000
69803  36.856  12.370  -26.099 0.0000000000
69804  36.068  12.277  -26.187 0.0000000000
69805  35.354  12.183  -26.230 0.0000000000
70587  33.651  10.489  -23.552 0.0000000000
70609  33.800  10.558  -24.117 0.0000000000
70610  33.464  10.639  -24.179 0.0000000000
70611  32.746  10.900  -24.324 0.0000000000
70631  38.479  13.031  -25.260 0.0000000000
70632  38.099  12.695  -25.653 0.0000000000
70633  37.562  12.483  -25.903 0.0000000000
70634  34.158  12.204  -26.230 0.0000000000
70635  33.505  12.306  -26.204 0.0000000000
70636  32.775  12.322  -26.127 0.0000000000
70651  37.955  13.061  -26.119 0.0000000000
70652  37.399  12.885  -26.253 0.0000000000
70653  36.458  12.971  -26.376 0.0000000000
70654  35.677  12.960  -26.345 0.0000000000
70655  34.835  12.888  -26.386 0.0000000000
70656  34.015  13.284  -26.372 0.0000000000
70657  33.217  13.249  -26.496 0.0000000000
70672  37.300  13.098  -26.692 0.0000000000
70673  36.949  13.071  -26.701 0.0000000000
71401  38.429  13.275  -25.487 0.0000000000
71402  38.222  13.354  -25.919 0.0000000000
71403  34.068  15.086  -25.457 0.0000000000
71404  33.760  15.180  -25.470 0.0000000000
71418  37.959  13.354  -26.592 0.0000000000
71419  37.535  13.175  -26.675 0.0000000000
71420  35.851  13.366  -26.583 0.0000000000
71421  35.256  13.713  -26.418 0.0000000000
71422  34.564  14.443  -25.924 0.0000000000
71423  33.590  14.501  -25.812 0.0000000000
71436  38.037  13.715  -27.365 0.0000000000
71437  37.340  13.324  -27.184 0.0000000000
71438  36.387  13.393  -27.036 0.0000000000
71439  35.577  13.811  -26.902 0.0000000000
71440  35.061  14.488  -26.647 0.0000000000
71459  38.078  14.013  -27.811 0.0000000000
71460  37.665  13.733  -28.034 0.0000000000
71461  36.779  13.568  -28.034 0.0000000000
71462  35.872  13.678  -27.798 0.0000000000
71463  35.230  14.091  -27.396 0.0000000000
72121  38.640  13.857  -25.518 0.0000000000
72122  38.317  13.757  -26.184 0.0000000000
72123  33.886  15.643  -25.476 0.0000000000
72146  38.526  14.135  -26.124 0.0000000000
72147  38.315  13.955  -26.726 0.0000000000
72148  34.308  15.578  -25.691 0.0000000000
72165  38.572  14.401  -26.522 0.0000000000
72166  38.345  14.360  -27.321 0.0000000000
72167  34.643  15.530  -26.361 0.0000000000
72168  34.398  15.837  -26.998 0.0000000000
72185  37.990  14.428  -28.084 0.0000000000
72186  37.248  14.273  -28.532 0.0000000000
72187  36.274  14.120  -28.756 0.0000000000
72188  35.363  14.022  -28.365 0.0000000000
72189  34.700  14.679  -27.617 0.0000000000
72190  34.115  15.198  -27.727 0.0000000000
72191  33.682  14.921  -28.006 0.0000000000
72209  35.725  14.392  -28.956 0.0000000000
72210  35.245  14.580  -28.941 0.0000000000
72211  34.658  14.726  -28.822 0.0000000000
72212  34.121  14.784  -28.808 0.0000000000
72213  33.561  14.870  -28.756 0.0000000000
72882  34.048  16.184  -25.662 0.0000000000
72899  34.342  16.178  -25.952 0.0000000000
72917  38.788  14.888  -26.657 0.0000000000
72918  34.243  16.363  -26.422 0.0000000000
72919  33.934  16.437  -26.975 0.0000000000
72934  38.976  15.424  -26.841 0.0000000000
72935  38.491  15.144  -27.638 0.0000000000
72936  37.662  15.235  -28.414 0.0000000000
72937  36.863  14.894  -28.818 0.0000000000
72938  33.583  15.815  -27.456 0.0000000000
72953  36.941  15.640  -28.763 0.0000000000
72954  36.098  15.136  -29.163 0.0000000000
72955  35.271  15.510  -29.396 0.0000000000
72956  34.557  15.372  -29.525 0.0000000000
72957  33.852  15.285  -29.479 0.0000000000
72973  34.838  16.244  -29.889 0.0000000000
72974  34.201  16.131  -30.208 0.0000000000
72975  33.319  15.742  -30.191 0.0000000000
73610  34.025  16.634  -26.036 0.0000000000
73624  34.015  16.674  -26.451 0.0000000000
73640  38.898  15.933  -27.490 0.0000000000
73641  38.270  15.693  -28.144 0.0000000000
73651  38.712  16.635  -28.211 0.0000000000
73652  37.789  16.412  -28.739 0.0000000000
73653  36.436  16.203  -29.049 0.0000000000
73654  35.813  15.931  -29.290 0.0000000000
73666  37.407  17.128  -29.225 0.0000000000
73667  36.741  16.970  -29.374 0.0000000000
73668  35.486  16.743  -29.550 0.0000000000
73669  34.087  17.498  -29.582 0.0000000000
73670  33.390  17.254  -30.289 0.0000000000
73671  32.519  16.159  -30.791 0.0000000000
73684  32.921  17.556  -30.830 0.0000000000
73685  32.562  16.990  -31.387 0.0000000000
74420  39.262  16.637  -27.661 0.0000000000
74421  33.168  17.809  -29.130 0.0000000000
74430  38.623  17.443  -28.837 0.0000000000
74431  37.794  17.217  -29.136 0.0000000000
74432  32.707  18.242  -29.519 0.0000000000
74441  38.195  18.124  -29.483 0.0000000000
74442  37.384  17.792  -29.738 0.0000000000
74443  36.047  17.521  -29.914 0.0000000000
74444  34.794  17.860  -29.718 0.0000000000
74445  32.812  18.190  -30.227 0.0000000000
74446  32.595  18.601  -29.631 0.0000000000
74458  37.040  18.282  -30.308 0.0000000000
74459  36.502  18.084  -30.354 0.0000000000
74460  35.605  18.059  -30.291 0.0000000000
74461  33.035  17.749  -31.450 0.0000000000
75160  33.559  18.391  -29.060 0.0000000000
75161  32.866  18.591  -29.016 0.0000000000
75168  39.545  18.262  -28.928 0.0000000000
75169  38.762  18.519  -29.446 0.0000000000
75170  33.634  18.689  -29.407 0.0000000000
75171  33.235  18.765  -29.472 0.0000000000
75172  32.786  18.700  -29.566 0.0000000000
75178  38.054  18.664  -29.908 0.0000000000
75179  37.376  18.721  -30.319 0.0000000000
75180  34.082  18.465  -29.515 0.0000000000
75181  33.828  18.657  -30.033 0.0000000000
75182  33.179  18.565  -30.326 0.0000000000
75183  32.710  18.623  -29.857 0.0000000000
75192  36.837  18.620  -30.603 0.0000000000
75193  36.119  18.586  -30.840 0.0000000000
75194  34.809  18.465  -30.594 0.0000000000
75195  34.013  18.687  -31.005 0.0000000000
75196  33.494  18.698  -31.739 0.0000000000
75925  39.389  19.118  -29.491 0.0000000000
75933  38.688  19.447  -29.928 0.0000000000
75934  37.938  19.362  -30.407 0.0000000000
75940  38.352  20.600  -30.530 0.0000000000
75941  37.086  19.488  -31.009 0.0000000000
75942  35.832  19.396  -31.534 0.0000000000
75943  34.729  19.277  -31.516 0.0000000000
75944  33.971  19.401  -31.785 0.0000000000
75948  35.247  19.927  -32.053 0.0000000000
75949  34.513  19.959  -32.173 0.0000000000
75950  33.797  19.993  -32.409 0.0000000000
76699  37.251  20.737  -31.442 0.0000000000
76700  36.609  20.193  -31.728 0.0000000000
76703  36.622  20.982  -31.961 0.0000000000
76704  35.938  20.542  -32.212 0.0000000000
76705  35.071  20.716  -32.488 0.0000000000
76706  34.244  20.564  -32.646 0.0000000000
77487  37.648  21.485  -31.286 0.0000000000
77490  37.073  21.715  -31.909 0.0000000000
77491  36.153  21.735  -32.385 0.0000000000
77492  35.605  21.182  -32.486 0.0000000000
77495  35.802  22.327  -32.884 0.0000000000
77496  35.269  21.724  -32.942 0.0000000000
78235  38.217  22.288  -31.069 0.0000000000
78236  37.545  22.078  -31.574 0.0000000000
78239  38.096  23.168  -31.629 0.0000000000
78240  37.389  22.851  -32.094 0.0000000000
78241  36.770  22.286  -32.335 0.0000000000
78243  36.939  23.490  -32.609 0.0000000000
78244  36.453  22.928  -32.890 0.0000000000
79015  37.305  24.101  -32.460 0.0000000000
103665  40.827  2.634  -12.591 0.0000000000
103669  39.426  2.129  -13.238 0.0000000000
103672  38.789  2.034  -13.876 0.0000000000
103674  42.569  3.218  -11.492 0.0000000000
103676  38.436  1.695  -14.108 0.0000000000
103681  38.346  1.760  -14.316 0.0000000000
103688  38.384  2.053  -14.593 0.0000000000
103695  39.483  3.449  -14.594 0.0000000000
103699  38.882  4.429  -16.017 0.0000000000
103729  39.315  6.951  -19.273 0.0000000000
104269  33.521  17.601  -29.515 0.0000000000
104270  34.140  18.155  -29.127 0.0000000000
104460  38.825  20.522  -30.136 0.0000000000
104461  38.653  20.629  -30.280 0.0000000000
104463  38.890  20.748  -30.154 0.0000000000
104465  39.159  21.550  -30.181 0.0000000000
