#!ascii label  , from subject FREESURFER vox2ras=TkReg 
775
18997  -5.194  -43.199  43.318 0.0000000000
18998  -5.698  -43.186  43.722 0.0000000000
18999  -6.225  -43.173  44.047 0.0000000000
19001  -5.209  -43.258  43.041 0.0000000000
19002  -5.692  -43.168  43.257 0.0000000000
19003  -6.173  -43.115  43.614 0.0000000000
19725  -2.639  -41.755  44.060 0.0000000000
19726  -3.279  -42.142  43.922 0.0000000000
19727  -4.706  -42.706  43.645 0.0000000000
19728  -5.844  -42.767  44.027 0.0000000000
19729  -6.273  -42.710  43.823 0.0000000000
19732  -2.656  -42.173  43.781 0.0000000000
19733  -3.439  -42.863  43.458 0.0000000000
19734  -4.515  -43.262  42.997 0.0000000000
19735  -5.366  -42.864  42.866 0.0000000000
19736  -6.324  -42.566  43.071 0.0000000000
19738  -2.606  -42.621  43.069 0.0000000000
19739  -3.365  -42.777  42.564 0.0000000000
19740  -4.583  -42.314  42.460 0.0000000000
19741  -5.724  -42.026  42.476 0.0000000000
19742  -6.406  -41.854  42.603 0.0000000000
20484  -0.283  -40.759  42.976 0.0000000000
20485  -1.057  -40.916  43.684 0.0000000000
20486  -1.997  -41.242  44.194 0.0000000000
20487  -2.673  -41.277  44.196 0.0000000000
20488  -4.009  -41.429  43.647 0.0000000000
20489  -5.506  -42.105  43.654 0.0000000000
20490  -6.070  -42.391  43.905 0.0000000000
20493  -0.142  -40.872  41.954 0.0000000000
20494  -1.000  -41.419  42.570 0.0000000000
20495  -1.936  -41.840  43.282 0.0000000000
20496  -4.396  -40.739  43.448 0.0000000000
20497  -5.563  -41.040  43.473 0.0000000000
20498  -6.180  -42.046  43.621 0.0000000000
20501  -0.209  -40.521  41.042 0.0000000000
20502  -0.923  -41.215  41.481 0.0000000000
20503  -2.045  -42.160  41.986 0.0000000000
20504  -3.505  -41.747  41.808 0.0000000000
20505  -5.129  -41.230  41.737 0.0000000000
20506  -6.091  -41.034  42.530 0.0000000000
20507  -6.499  -41.618  43.121 0.0000000000
20514  -0.366  -40.141  40.601 0.0000000000
20515  -0.874  -40.477  40.730 0.0000000000
20516  -1.779  -41.019  41.022 0.0000000000
20517  -2.618  -41.304  41.417 0.0000000000
20518  -5.589  -40.503  41.408 0.0000000000
20519  -6.090  -40.620  41.691 0.0000000000
21296  1.618  -39.077  45.172 0.0000000000
21297  0.784  -39.106  44.671 0.0000000000
21298  -0.217  -39.400  44.707 0.0000000000
21299  -0.904  -39.551  44.820 0.0000000000
21301  1.255  -39.689  44.072 0.0000000000
21302  0.152  -40.098  43.921 0.0000000000
21303  -0.981  -40.235  44.586 0.0000000000
21304  -1.715  -40.087  44.555 0.0000000000
21305  -2.774  -40.485  44.015 0.0000000000
21306  -3.640  -40.504  43.540 0.0000000000
21307  1.826  -40.287  43.254 0.0000000000
21308  1.229  -40.173  42.930 0.0000000000
21309  0.536  -40.452  42.514 0.0000000000
21310  -2.171  -39.635  44.142 0.0000000000
21311  -2.989  -39.778  43.539 0.0000000000
21312  -4.377  -40.033  43.186 0.0000000000
21313  -5.931  -39.933  43.204 0.0000000000
21318  1.315  -40.116  41.689 0.0000000000
21319  0.528  -40.255  41.355 0.0000000000
21320  -3.203  -41.033  41.398 0.0000000000
21321  -3.917  -40.858  41.404 0.0000000000
21322  -6.288  -39.872  42.299 0.0000000000
21330  1.048  -39.509  40.768 0.0000000000
21331  0.126  -39.761  40.427 0.0000000000
21332  -0.683  -39.738  40.289 0.0000000000
21333  -1.673  -39.718  40.436 0.0000000000
21334  -3.035  -40.222  40.975 0.0000000000
21335  -4.780  -40.172  41.067 0.0000000000
21336  -5.955  -39.771  41.374 0.0000000000
22179  1.777  -38.467  46.045 0.0000000000
22180  1.833  -37.957  46.313 0.0000000000
22181  1.550  -38.288  45.308 0.0000000000
22182  0.557  -38.753  44.583 0.0000000000
22183  -0.410  -38.986  44.746 0.0000000000
22184  -1.036  -39.234  44.796 0.0000000000
22187  1.638  -37.751  44.486 0.0000000000
22188  1.362  -38.053  44.624 0.0000000000
22189  0.256  -38.463  44.409 0.0000000000
22190  -0.645  -38.631  44.515 0.0000000000
22191  -1.455  -39.064  44.409 0.0000000000
22192  1.566  -37.789  44.137 0.0000000000
22193  0.888  -38.017  44.004 0.0000000000
22194  0.013  -38.149  43.883 0.0000000000
22195  -0.908  -38.421  43.713 0.0000000000
22196  -2.052  -38.852  43.441 0.0000000000
22197  -3.325  -39.084  42.829 0.0000000000
22198  -4.798  -39.143  42.701 0.0000000000
22199  -6.100  -38.995  42.922 0.0000000000
22203  1.490  -37.991  43.476 0.0000000000
22204  0.876  -38.208  43.087 0.0000000000
22205  -0.049  -38.145  42.743 0.0000000000
22206  -1.126  -38.170  42.507 0.0000000000
22207  -2.280  -38.340  42.230 0.0000000000
22208  -3.559  -38.358  42.040 0.0000000000
22209  -4.979  -38.348  42.256 0.0000000000
22210  -6.168  -38.660  42.153 0.0000000000
22211  -6.351  -38.158  41.743 0.0000000000
22224  -2.682  -39.010  40.085 0.0000000000
22225  -4.032  -39.194  40.348 0.0000000000
22226  -5.337  -39.226  40.572 0.0000000000
22227  -6.106  -38.732  41.117 0.0000000000
22228  -6.387  -38.103  41.115 0.0000000000
22251  -3.473  -38.410  39.454 0.0000000000
22252  -4.760  -38.531  39.822 0.0000000000
22253  -5.751  -38.505  40.350 0.0000000000
22254  -6.166  -38.374  40.719 0.0000000000
23092  2.053  -37.419  45.750 0.0000000000
23093  1.711  -37.752  45.085 0.0000000000
23101  2.827  -36.948  44.969 0.0000000000
23102  1.924  -37.519  44.623 0.0000000000
23103  1.680  -37.753  44.827 0.0000000000
23113  2.542  -37.193  43.958 0.0000000000
23114  2.101  -37.626  43.454 0.0000000000
23122  1.691  -37.844  42.591 0.0000000000
23123  0.879  -37.758  41.947 0.0000000000
23124  -0.249  -37.419  41.516 0.0000000000
23125  -1.439  -37.634  41.595 0.0000000000
23126  -2.471  -37.657  41.552 0.0000000000
23127  -3.576  -37.269  41.570 0.0000000000
23128  -5.180  -37.484  42.317 0.0000000000
23129  -6.227  -37.585  42.545 0.0000000000
23130  -6.439  -37.463  41.820 0.0000000000
23146  -0.352  -36.681  40.872 0.0000000000
23147  -1.008  -36.877  41.070 0.0000000000
23148  -1.836  -37.035  41.257 0.0000000000
23149  -2.498  -37.149  41.350 0.0000000000
23150  -5.999  -37.193  40.466 0.0000000000
23151  -6.375  -37.521  41.039 0.0000000000
23172  -4.090  -37.618  39.162 0.0000000000
23173  -5.433  -37.846  39.865 0.0000000000
23174  -6.169  -37.987  40.475 0.0000000000
24033  3.562  -36.891  44.418 0.0000000000
24034  3.073  -36.941  43.879 0.0000000000
24046  4.730  -36.821  43.533 0.0000000000
24047  3.674  -36.756  43.242 0.0000000000
24048  2.734  -37.140  42.883 0.0000000000
24049  2.217  -37.484  42.559 0.0000000000
24050  -6.039  -36.132  43.754 0.0000000000
24051  -6.300  -35.856  43.648 0.0000000000
24063  5.327  -36.486  42.505 0.0000000000
24064  4.226  -36.293  41.910 0.0000000000
24065  3.101  -36.585  41.791 0.0000000000
24066  1.921  -37.009  41.607 0.0000000000
24067  0.691  -36.870  41.059 0.0000000000
24068  0.076  -36.806  40.905 0.0000000000
24069  -2.135  -35.777  41.366 0.0000000000
24070  -3.075  -35.971  41.611 0.0000000000
24071  -4.362  -36.282  42.268 0.0000000000
24072  -5.598  -36.500  43.128 0.0000000000
24073  -6.352  -36.434  42.875 0.0000000000
24090  4.052  -35.942  40.887 0.0000000000
24091  3.430  -36.093  40.895 0.0000000000
24092  2.481  -36.101  40.493 0.0000000000
24093  1.291  -36.065  40.213 0.0000000000
24094  0.112  -36.131  40.533 0.0000000000
24095  -0.784  -36.035  40.822 0.0000000000
24096  -1.553  -36.241  41.136 0.0000000000
24097  -2.380  -36.580  41.318 0.0000000000
24098  -5.783  -36.153  40.627 0.0000000000
24099  -6.378  -36.574  41.502 0.0000000000
24117  2.259  -35.717  39.918 0.0000000000
24118  1.965  -35.847  40.008 0.0000000000
24119  -4.260  -36.333  39.342 0.0000000000
24120  -5.171  -36.815  39.811 0.0000000000
24983  -5.564  -35.186  43.677 0.0000000000
24984  -5.879  -35.377  43.850 0.0000000000
24985  -6.383  -35.403  43.334 0.0000000000
24998  6.864  -36.007  42.010 0.0000000000
24999  5.929  -35.990  41.720 0.0000000000
25000  5.008  -35.985  41.361 0.0000000000
25001  4.460  -35.994  41.113 0.0000000000
25002  -2.481  -35.041  41.778 0.0000000000
25003  -3.629  -35.163  42.363 0.0000000000
25004  -5.069  -35.298  43.296 0.0000000000
25005  -5.660  -35.835  43.690 0.0000000000
25006  -6.418  -35.554  42.366 0.0000000000
25019  8.059  -35.260  41.062 0.0000000000
25020  7.372  -35.444  41.150 0.0000000000
25021  6.497  -35.530  40.926 0.0000000000
25022  5.532  -35.560  40.592 0.0000000000
25023  4.517  -35.658  40.376 0.0000000000
25024  3.625  -35.753  40.185 0.0000000000
25025  3.077  -35.884  40.261 0.0000000000
25026  1.101  -34.992  40.061 0.0000000000
25027  0.437  -35.099  40.379 0.0000000000
25028  -0.470  -35.106  40.729 0.0000000000
25029  -1.464  -35.180  41.207 0.0000000000
25030  -5.649  -35.249  40.801 0.0000000000
25031  -6.096  -35.513  41.396 0.0000000000
25047  8.202  -35.060  40.488 0.0000000000
25048  7.799  -35.160  40.354 0.0000000000
25049  7.062  -35.255  40.123 0.0000000000
25050  6.148  -35.157  39.856 0.0000000000
25051  5.047  -35.057  39.411 0.0000000000
25052  3.894  -35.163  39.371 0.0000000000
25053  2.771  -35.437  39.704 0.0000000000
25054  1.819  -35.277  39.817 0.0000000000
25055  -4.399  -35.273  39.572 0.0000000000
25056  -5.099  -35.526  40.056 0.0000000000
25076  4.710  -34.505  38.916 0.0000000000
25077  4.413  -34.744  39.101 0.0000000000
25928  -5.595  -34.937  43.596 0.0000000000
25929  -6.032  -34.614  43.487 0.0000000000
25930  -6.323  -34.801  42.815 0.0000000000
25941  8.491  -35.234  41.393 0.0000000000
25942  -3.157  -34.391  41.856 0.0000000000
25943  -4.253  -34.474  42.474 0.0000000000
25944  -5.237  -34.411  42.998 0.0000000000
25945  -5.641  -34.354  42.448 0.0000000000
25946  -6.060  -34.801  41.885 0.0000000000
25955  9.589  -34.431  41.206 0.0000000000
25956  8.998  -34.772  40.943 0.0000000000
25957  8.534  -34.948  40.632 0.0000000000
25958  0.699  -34.210  40.412 0.0000000000
25959  -0.140  -34.112  40.631 0.0000000000
25960  -1.143  -34.133  40.840 0.0000000000
25961  -2.133  -34.231  41.337 0.0000000000
25962  -4.373  -33.979  40.370 0.0000000000
25963  -5.214  -34.402  40.891 0.0000000000
25964  -5.792  -34.929  41.242 0.0000000000
25973  9.524  -34.330  40.312 0.0000000000
25974  9.016  -34.549  39.849 0.0000000000
25975  8.317  -34.823  39.859 0.0000000000
25976  7.598  -34.788  39.541 0.0000000000
25977  6.777  -34.705  39.297 0.0000000000
25978  5.908  -34.601  39.046 0.0000000000
25979  5.242  -34.459  38.835 0.0000000000
25980  3.053  -34.312  39.481 0.0000000000
25981  2.131  -34.356  39.794 0.0000000000
25982  1.385  -34.295  40.124 0.0000000000
25983  -4.169  -34.370  39.612 0.0000000000
25984  -4.803  -34.774  39.945 0.0000000000
25999  8.619  -34.434  39.359 0.0000000000
26000  8.146  -34.333  39.076 0.0000000000
26001  7.361  -34.190  38.837 0.0000000000
26002  6.512  -34.085  38.677 0.0000000000
26003  5.674  -33.996  38.582 0.0000000000
26004  4.872  -33.959  38.685 0.0000000000
26005  4.046  -34.108  39.083 0.0000000000
26854  11.116  -33.259  42.081 0.0000000000
26856  -2.853  -33.858  41.199 0.0000000000
26857  -3.753  -33.979  41.606 0.0000000000
26858  -4.676  -34.136  42.138 0.0000000000
26859  -5.178  -34.183  42.449 0.0000000000
26863  11.162  -33.015  41.240 0.0000000000
26864  10.479  -33.656  41.287 0.0000000000
26865  0.914  -33.605  40.282 0.0000000000
26866  0.151  -33.334  40.210 0.0000000000
26867  -0.858  -33.300  40.039 0.0000000000
26868  -2.056  -33.534  40.381 0.0000000000
26869  -3.209  -33.670  40.553 0.0000000000
26870  -4.309  -33.888  41.070 0.0000000000
26871  -5.036  -34.092  41.878 0.0000000000
26877  10.083  -33.749  40.210 0.0000000000
26878  9.569  -33.785  39.460 0.0000000000
26879  3.831  -32.939  39.648 0.0000000000
26880  3.278  -33.261  39.704 0.0000000000
26881  2.326  -33.345  39.879 0.0000000000
26882  1.445  -33.369  40.053 0.0000000000
26883  0.689  -33.058  40.023 0.0000000000
26884  -1.012  -33.051  39.391 0.0000000000
26885  -1.537  -33.099  39.392 0.0000000000
26886  -2.472  -33.234  39.320 0.0000000000
26887  -3.649  -33.730  39.959 0.0000000000
26894  8.843  -33.879  38.888 0.0000000000
26895  7.942  -33.532  38.600 0.0000000000
26896  7.045  -33.398  38.540 0.0000000000
26897  6.174  -33.342  38.535 0.0000000000
26898  5.320  -33.298  38.734 0.0000000000
26899  4.461  -33.270  39.185 0.0000000000
26900  3.928  -33.421  39.398 0.0000000000
27714  11.402  -32.109  42.570 0.0000000000
27720  11.384  -32.291  41.343 0.0000000000
27726  11.047  -32.506  40.470 0.0000000000
27727  10.506  -33.000  40.138 0.0000000000
27728  -0.339  -33.035  39.789 0.0000000000
27729  -0.637  -32.961  39.490 0.0000000000
27735  10.673  -32.297  39.641 0.0000000000
27736  10.076  -32.728  39.191 0.0000000000
27737  9.337  -33.098  38.821 0.0000000000
27738  3.281  -32.291  40.080 0.0000000000
27739  2.449  -32.378  40.091 0.0000000000
27740  1.635  -32.528  39.950 0.0000000000
27741  0.892  -32.652  39.739 0.0000000000
27742  -0.020  -32.655  39.518 0.0000000000
27743  -0.925  -32.778  39.036 0.0000000000
27744  -1.608  -32.854  38.738 0.0000000000
27750  9.324  -32.300  38.664 0.0000000000
27751  8.550  -32.658  38.528 0.0000000000
27752  7.525  -32.606  38.437 0.0000000000
27753  6.613  -32.600  38.515 0.0000000000
27754  5.745  -32.603  38.761 0.0000000000
27755  4.928  -32.586  39.199 0.0000000000
27756  4.115  -32.422  39.741 0.0000000000
27757  -0.463  -32.483  38.817 0.0000000000
28584  11.928  -30.124  43.830 0.0000000000
28585  11.558  -31.092  43.328 0.0000000000
28591  11.745  -30.250  43.039 0.0000000000
28592  11.593  -30.818  42.436 0.0000000000
28598  11.568  -31.176  41.516 0.0000000000
28605  11.415  -31.367  40.450 0.0000000000
28606  3.049  -31.084  41.192 0.0000000000
28607  2.730  -31.141  41.000 0.0000000000
28615  11.057  -31.569  39.581 0.0000000000
28616  10.535  -31.630  38.994 0.0000000000
28617  4.655  -31.500  40.025 0.0000000000
28618  3.577  -31.501  40.490 0.0000000000
28619  2.608  -31.469  40.380 0.0000000000
28620  1.838  -31.689  39.664 0.0000000000
28621  1.043  -32.223  39.331 0.0000000000
28622  0.537  -32.430  39.327 0.0000000000
28630  9.758  -31.540  38.568 0.0000000000
28631  8.831  -31.552  38.405 0.0000000000
28632  7.895  -31.685  38.380 0.0000000000
28633  6.957  -31.779  38.495 0.0000000000
28634  6.078  -31.876  38.819 0.0000000000
28635  5.278  -31.977  39.317 0.0000000000
28636  4.531  -31.989  39.760 0.0000000000
28638  0.980  -31.806  38.655 0.0000000000
28639  0.169  -32.246  38.772 0.0000000000
28640  -0.436  -32.382  38.511 0.0000000000
29388  6.184  -30.169  52.159 0.0000000000
29389  5.913  -30.243  52.100 0.0000000000
29390  6.007  -30.314  51.971 0.0000000000
29391  5.764  -30.323  51.830 0.0000000000
29392  5.509  -30.385  51.633 0.0000000000
29393  5.037  -30.654  51.838 0.0000000000
29394  5.046  -30.617  51.019 0.0000000000
29395  4.098  -30.676  50.862 0.0000000000
29396  3.402  -30.436  49.998 0.0000000000
29397  4.789  -30.615  49.966 0.0000000000
29398  3.993  -30.700  49.631 0.0000000000
29399  3.304  -30.541  49.202 0.0000000000
29400  4.667  -30.620  49.024 0.0000000000
29401  4.027  -30.784  48.635 0.0000000000
29402  3.332  -30.568  48.437 0.0000000000
29420  13.046  -28.635  44.628 0.0000000000
29421  12.355  -28.945  44.272 0.0000000000
29430  11.961  -29.197  43.133 0.0000000000
29431  11.742  -29.957  42.519 0.0000000000
29440  14.092  -28.946  42.271 0.0000000000
29441  11.721  -29.259  42.228 0.0000000000
29442  11.706  -30.153  41.804 0.0000000000
29450  14.044  -28.712  41.811 0.0000000000
29451  11.708  -29.399  41.529 0.0000000000
29452  11.697  -30.070  40.752 0.0000000000
29453  4.363  -30.532  41.036 0.0000000000
29454  3.537  -30.866  41.132 0.0000000000
29455  2.737  -30.933  41.079 0.0000000000
29462  11.230  -30.342  39.418 0.0000000000
29463  10.870  -31.024  39.035 0.0000000000
29464  5.853  -30.694  39.769 0.0000000000
29465  4.804  -31.014  40.465 0.0000000000
29466  4.137  -31.252  40.621 0.0000000000
29467  2.554  -30.788  40.356 0.0000000000
29468  2.342  -31.213  40.067 0.0000000000
29474  10.838  -29.788  38.809 0.0000000000
29475  10.386  -30.448  38.536 0.0000000000
29476  9.205  -30.537  38.237 0.0000000000
29477  8.164  -30.680  38.320 0.0000000000
29478  7.223  -30.897  38.578 0.0000000000
29479  6.346  -31.114  38.927 0.0000000000
29480  5.532  -31.354  39.523 0.0000000000
29482  2.302  -31.178  39.427 0.0000000000
30205  6.182  -30.021  52.197 0.0000000000
30206  6.008  -30.172  52.348 0.0000000000
30207  6.089  -30.129  52.094 0.0000000000
30208  6.319  -29.963  51.889 0.0000000000
30209  6.005  -30.291  51.702 0.0000000000
30210  5.947  -30.008  51.608 0.0000000000
30211  6.045  -29.857  50.948 0.0000000000
30212  5.523  -30.266  50.817 0.0000000000
30213  4.525  -29.524  51.786 0.0000000000
30214  6.099  -29.705  50.401 0.0000000000
30215  5.528  -30.209  50.163 0.0000000000
30216  3.129  -30.127  50.556 0.0000000000
30217  2.776  -30.241  49.614 0.0000000000
30218  6.076  -29.677  49.547 0.0000000000
30219  5.556  -30.198  49.013 0.0000000000
30220  2.700  -30.291  48.895 0.0000000000
30221  4.979  -30.510  48.051 0.0000000000
30222  3.911  -30.756  47.713 0.0000000000
30223  2.972  -30.225  47.879 0.0000000000
30224  4.622  -30.375  47.090 0.0000000000
30225  3.639  -30.384  46.759 0.0000000000
30226  3.034  -29.853  46.886 0.0000000000
30227  3.216  -30.014  46.237 0.0000000000
30228  3.068  -29.602  46.158 0.0000000000
30234  13.832  -28.921  43.459 0.0000000000
30235  13.422  -28.483  43.797 0.0000000000
30236  12.876  -28.218  43.961 0.0000000000
30241  13.753  -28.680  42.990 0.0000000000
30242  13.252  -27.963  43.215 0.0000000000
30243  12.421  -28.043  43.351 0.0000000000
30244  4.830  -29.747  42.512 0.0000000000
30245  4.379  -29.782  42.406 0.0000000000
30253  13.772  -28.341  42.436 0.0000000000
30254  13.373  -27.795  42.416 0.0000000000
30255  11.854  -28.118  42.472 0.0000000000
30256  11.670  -28.081  41.757 0.0000000000
30257  4.904  -29.806  42.204 0.0000000000
30258  3.740  -30.064  41.941 0.0000000000
30265  13.778  -28.232  41.878 0.0000000000
30266  13.484  -27.841  41.655 0.0000000000
30267  11.674  -28.699  41.837 0.0000000000
30268  11.656  -28.684  41.085 0.0000000000
30269  6.042  -29.659  41.014 0.0000000000
30270  5.133  -30.020  41.369 0.0000000000
30271  3.329  -30.249  41.525 0.0000000000
30272  3.026  -30.410  41.001 0.0000000000
30278  13.948  -28.577  41.141 0.0000000000
30279  13.539  -27.924  40.866 0.0000000000
30280  11.620  -29.075  39.956 0.0000000000
30281  7.230  -29.102  39.415 0.0000000000
30282  6.353  -29.777  40.124 0.0000000000
30283  5.334  -30.482  40.600 0.0000000000
30285  2.831  -30.318  40.683 0.0000000000
30293  13.785  -28.473  40.219 0.0000000000
30294  13.453  -27.946  40.310 0.0000000000
30295  11.133  -29.124  39.109 0.0000000000
30296  10.434  -29.154  38.602 0.0000000000
30297  9.488  -29.375  38.347 0.0000000000
30298  8.449  -29.629  38.456 0.0000000000
30299  7.387  -29.899  38.894 0.0000000000
30300  6.624  -30.437  39.181 0.0000000000
30989  6.271  -29.640  52.238 0.0000000000
30990  6.240  -29.649  51.829 0.0000000000
30991  6.046  -29.773  51.919 0.0000000000
30992  6.106  -29.257  52.217 0.0000000000
30993  2.518  -29.873  49.619 0.0000000000
30994  2.378  -30.145  49.279 0.0000000000
30995  6.271  -28.848  48.555 0.0000000000
30996  5.712  -29.866  48.167 0.0000000000
30997  2.470  -29.266  48.988 0.0000000000
30998  2.320  -29.941  48.774 0.0000000000
30999  6.027  -28.694  47.565 0.0000000000
31000  5.568  -29.500  47.342 0.0000000000
31001  2.805  -28.942  48.295 0.0000000000
31002  2.743  -29.400  47.760 0.0000000000
31003  4.644  -29.702  46.123 0.0000000000
31004  3.657  -30.099  46.074 0.0000000000
31005  3.034  -29.272  46.571 0.0000000000
31006  4.479  -29.179  44.972 0.0000000000
31007  3.362  -29.509  45.522 0.0000000000
31008  2.894  -29.049  45.529 0.0000000000
31009  4.490  -29.163  44.171 0.0000000000
31010  3.387  -29.389  44.333 0.0000000000
31011  2.000  -29.333  44.489 0.0000000000
31012  0.996  -29.318  44.158 0.0000000000
31017  5.012  -29.107  43.712 0.0000000000
31018  3.946  -29.432  43.512 0.0000000000
31019  2.431  -29.726  43.483 0.0000000000
31020  1.082  -29.612  43.595 0.0000000000
31024  12.871  -27.552  42.882 0.0000000000
31025  12.403  -27.573  42.690 0.0000000000
31026  5.044  -29.484  42.859 0.0000000000
31027  3.346  -29.846  42.632 0.0000000000
31028  1.729  -29.862  42.501 0.0000000000
31029  1.136  -29.126  43.012 0.0000000000
31034  12.913  -27.336  42.224 0.0000000000
31035  12.234  -27.333  42.206 0.0000000000
31036  11.854  -27.484  41.866 0.0000000000
31037  6.318  -28.860  41.492 0.0000000000
31038  6.062  -29.242  41.941 0.0000000000
31039  2.502  -29.867  42.154 0.0000000000
31040  2.445  -29.060  42.007 0.0000000000
31047  13.104  -27.385  41.420 0.0000000000
31048  11.652  -27.638  41.309 0.0000000000
31049  6.365  -28.956  40.990 0.0000000000
31050  6.018  -29.583  41.397 0.0000000000
31051  3.011  -29.368  41.361 0.0000000000
31060  13.114  -27.438  40.644 0.0000000000
31061  12.854  -27.191  40.256 0.0000000000
31062  11.475  -27.831  40.471 0.0000000000
31063  11.101  -27.547  39.903 0.0000000000
31064  8.081  -27.835  39.197 0.0000000000
31065  7.665  -28.297  39.371 0.0000000000
31066  6.960  -28.594  40.007 0.0000000000
31078  11.281  -28.313  39.638 0.0000000000
31079  10.638  -27.989  39.203 0.0000000000
31080  9.735  -28.230  38.722 0.0000000000
31081  8.591  -28.359  38.758 0.0000000000
31082  7.859  -29.040  38.915 0.0000000000
31779  3.302  -29.090  50.208 0.0000000000
31780  3.158  -28.419  48.897 0.0000000000
31781  6.293  -27.756  47.305 0.0000000000
31782  5.899  -28.636  47.172 0.0000000000
31783  3.195  -28.311  47.403 0.0000000000
31784  3.070  -28.926  46.968 0.0000000000
31785  6.080  -27.616  46.152 0.0000000000
31786  5.717  -28.616  46.561 0.0000000000
31787  3.210  -27.861  46.501 0.0000000000
31788  3.012  -28.382  46.124 0.0000000000
31789  5.990  -27.599  45.601 0.0000000000
31790  5.561  -28.333  45.476 0.0000000000
31791  2.092  -28.417  45.058 0.0000000000
31792  5.334  -28.511  44.368 0.0000000000
31793  1.183  -28.760  44.365 0.0000000000
31794  0.621  -29.098  43.990 0.0000000000
31799  5.681  -28.480  43.477 0.0000000000
31800  0.883  -28.836  43.531 0.0000000000
31805  6.283  -27.795  41.968 0.0000000000
31806  6.080  -28.321  42.601 0.0000000000
31807  1.813  -28.465  42.591 0.0000000000
31808  1.204  -28.441  43.100 0.0000000000
31812  12.623  -27.146  41.799 0.0000000000
31813  12.204  -27.063  41.683 0.0000000000
31814  11.871  -27.105  41.455 0.0000000000
31815  6.396  -28.287  41.468 0.0000000000
31816  6.248  -28.421  42.010 0.0000000000
31818  12.656  -27.094  41.263 0.0000000000
31819  12.224  -26.916  41.120 0.0000000000
31820  11.732  -27.007  40.934 0.0000000000
31821  7.323  -27.153  40.146 0.0000000000
31822  6.981  -27.626  40.499 0.0000000000
31830  12.632  -27.025  40.749 0.0000000000
31831  12.299  -26.805  40.299 0.0000000000
31832  11.382  -26.790  40.329 0.0000000000
31833  10.661  -27.001  39.853 0.0000000000
31834  10.270  -26.979  39.539 0.0000000000
31835  8.414  -27.431  39.152 0.0000000000
31836  7.676  -27.286  39.676 0.0000000000
31837  7.312  -27.940  39.872 0.0000000000
31850  10.398  -27.318  39.424 0.0000000000
31851  9.999  -27.296  39.177 0.0000000000
31852  9.158  -27.234  38.991 0.0000000000
32509  8.250  -26.549  52.775 0.0000000000
32510  8.376  -26.521  52.561 0.0000000000
32511  4.002  -27.724  50.048 0.0000000000
32512  4.968  -26.337  49.649 0.0000000000
32513  3.950  -27.059  48.259 0.0000000000
32514  6.518  -26.579  46.566 0.0000000000
32515  3.416  -27.028  46.529 0.0000000000
32516  3.103  -27.625  46.103 0.0000000000
32517  6.273  -26.920  45.450 0.0000000000
32518  5.946  -27.593  45.339 0.0000000000
32519  3.309  -26.615  45.738 0.0000000000
32520  2.713  -27.208  45.473 0.0000000000
32521  6.197  -26.725  44.433 0.0000000000
32522  5.889  -27.596  44.833 0.0000000000
32523  1.818  -27.506  44.203 0.0000000000
32524  0.933  -28.447  43.944 0.0000000000
32525  6.205  -26.715  43.477 0.0000000000
32526  5.900  -27.584  43.958 0.0000000000
32528  1.277  -27.982  43.493 0.0000000000
32529  6.306  -26.960  42.446 0.0000000000
32530  6.035  -27.596  43.188 0.0000000000
32532  1.602  -27.730  42.952 0.0000000000
32533  6.601  -27.048  41.375 0.0000000000
32536  7.325  -26.568  40.280 0.0000000000
32537  6.939  -26.872  40.765 0.0000000000
32546  11.002  -26.158  39.835 0.0000000000
32547  10.387  -26.488  39.575 0.0000000000
32548  10.073  -26.799  39.413 0.0000000000
32549  8.503  -26.445  39.312 0.0000000000
32550  7.807  -26.431  39.723 0.0000000000
32559  9.751  -26.404  39.268 0.0000000000
32560  9.140  -26.506  39.137 0.0000000000
33235  6.386  -25.261  55.983 0.0000000000
33236  5.917  -25.116  56.234 0.0000000000
33237  6.776  -25.578  55.141 0.0000000000
33238  6.015  -25.356  55.444 0.0000000000
33239  8.157  -25.839  53.695 0.0000000000
33240  7.457  -25.837  54.295 0.0000000000
33241  6.316  -26.171  53.436 0.0000000000
33242  9.144  -25.737  52.580 0.0000000000
33243  8.542  -26.140  52.913 0.0000000000
33244  7.627  -26.242  53.580 0.0000000000
33245  9.298  -25.659  52.383 0.0000000000
33246  8.932  -26.120  52.318 0.0000000000
33247  9.554  -25.631  52.004 0.0000000000
33248  8.846  -25.880  51.614 0.0000000000
33249  7.165  -25.639  48.329 0.0000000000
33250  7.141  -25.421  47.892 0.0000000000
33251  6.808  -25.918  47.353 0.0000000000
33252  5.667  -25.157  48.770 0.0000000000
33253  4.901  -25.903  48.217 0.0000000000
33254  7.086  -25.150  47.086 0.0000000000
33255  6.770  -25.500  46.513 0.0000000000
33257  4.407  -25.803  46.981 0.0000000000
33258  6.553  -25.820  45.817 0.0000000000
33261  6.419  -25.843  44.935 0.0000000000
33264  6.402  -25.784  43.959 0.0000000000
33266  6.508  -25.777  42.925 0.0000000000
33268  7.114  -25.236  41.260 0.0000000000
33269  6.810  -25.641  41.698 0.0000000000
33274  7.227  -25.482  40.786 0.0000000000
33275  6.922  -26.297  40.951 0.0000000000
33282  8.887  -25.300  39.307 0.0000000000
33283  7.892  -25.506  39.835 0.0000000000
33293  9.200  -25.967  39.206 0.0000000000
34007  6.327  -24.356  56.198 0.0000000000
34008  5.561  -24.357  55.923 0.0000000000
34009  5.486  -23.797  55.597 0.0000000000
34010  7.622  -24.430  55.153 0.0000000000
34011  7.026  -24.919  55.807 0.0000000000
34012  5.668  -24.522  54.899 0.0000000000
34013  5.494  -24.074  55.445 0.0000000000
34014  8.197  -25.121  54.241 0.0000000000
34015  7.481  -25.317  55.076 0.0000000000
34016  6.124  -24.430  53.840 0.0000000000
34017  9.345  -25.310  52.552 0.0000000000
34018  8.692  -25.394  53.263 0.0000000000
34019  6.343  -24.323  52.540 0.0000000000
34020  9.941  -25.239  52.080 0.0000000000
34021  9.737  -25.068  51.406 0.0000000000
34022  8.370  -25.062  50.064 0.0000000000
34025  8.100  -24.274  48.443 0.0000000000
34026  5.909  -23.836  49.014 0.0000000000
34029  8.026  -23.979  47.768 0.0000000000
34030  7.540  -24.443  47.489 0.0000000000
34034  7.143  -24.573  46.227 0.0000000000
34035  6.734  -25.193  46.005 0.0000000000
34040  7.117  -24.261  45.083 0.0000000000
34041  6.681  -25.048  45.437 0.0000000000
34044  7.091  -24.107  44.073 0.0000000000
34045  6.663  -24.938  44.501 0.0000000000
34048  7.152  -24.053  43.081 0.0000000000
34049  6.741  -24.886  43.508 0.0000000000
34052  7.248  -24.104  42.143 0.0000000000
34053  6.893  -24.852  42.537 0.0000000000
34056  7.308  -24.625  41.294 0.0000000000
34057  7.058  -24.791  41.913 0.0000000000
34064  7.681  -24.723  40.442 0.0000000000
34073  8.036  -24.759  40.031 0.0000000000
34781  6.540  -23.074  56.106 0.0000000000
34782  5.919  -23.173  56.147 0.0000000000
34783  5.478  -23.097  55.746 0.0000000000
34784  7.725  -23.457  55.158 0.0000000000
34785  7.183  -23.565  55.851 0.0000000000
34786  5.556  -23.889  54.860 0.0000000000
34787  5.312  -23.303  55.042 0.0000000000
34789  8.165  -23.938  54.450 0.0000000000
34790  5.699  -23.690  54.412 0.0000000000
34791  5.303  -22.767  54.120 0.0000000000
34794  9.483  -24.846  52.516 0.0000000000
34795  8.990  -24.375  53.091 0.0000000000
34796  5.770  -23.145  53.328 0.0000000000
34797  5.092  -22.080  53.514 0.0000000000
34801  9.759  -24.761  52.241 0.0000000000
34802  9.508  -23.879  51.956 0.0000000000
34803  5.981  -22.989  52.119 0.0000000000
34807  9.995  -24.594  51.706 0.0000000000
34808  9.902  -23.847  50.840 0.0000000000
34809  6.192  -22.916  51.148 0.0000000000
34810  9.236  -23.590  49.872 0.0000000000
34811  6.228  -23.209  50.174 0.0000000000
34817  8.690  -23.608  49.006 0.0000000000
34825  8.288  -23.405  47.924 0.0000000000
34826  7.917  -23.698  47.374 0.0000000000
34834  8.085  -23.158  47.123 0.0000000000
34835  7.705  -23.569  46.597 0.0000000000
34840  7.533  -23.579  45.635 0.0000000000
34846  7.469  -23.374  44.647 0.0000000000
34848  7.384  -23.227  43.619 0.0000000000
34851  7.449  -23.194  42.605 0.0000000000
35569  6.963  -22.307  56.130 0.0000000000
35570  6.240  -21.942  56.358 0.0000000000
35571  5.433  -21.850  56.104 0.0000000000
35575  7.962  -23.148  54.790 0.0000000000
35576  7.621  -22.269  55.286 0.0000000000
35577  4.867  -21.851  55.471 0.0000000000
35581  8.258  -23.019  54.090 0.0000000000
35582  7.639  -21.781  53.818 0.0000000000
35583  4.717  -21.684  54.363 0.0000000000
35586  8.590  -22.788  52.802 0.0000000000
35587  7.621  -21.526  52.356 0.0000000000
35588  5.422  -21.931  52.724 0.0000000000
35589  4.913  -21.124  53.405 0.0000000000
35593  8.627  -22.434  51.405 0.0000000000
35594  7.836  -21.546  51.564 0.0000000000
35595  5.835  -21.879  51.760 0.0000000000
35600  9.120  -22.685  50.327 0.0000000000
35601  6.191  -22.004  50.794 0.0000000000
35604  9.075  -22.714  49.408 0.0000000000
35605  6.268  -22.026  49.726 0.0000000000
35614  8.711  -22.629  48.422 0.0000000000
35621  8.402  -22.546  47.409 0.0000000000
35630  8.130  -22.612  46.351 0.0000000000
35631  7.826  -23.100  45.967 0.0000000000
35638  8.134  -22.270  45.736 0.0000000000
35639  7.856  -22.631  45.320 0.0000000000
35646  7.598  -22.434  44.191 0.0000000000
35652  7.438  -22.258  43.133 0.0000000000
35655  7.735  -22.364  42.201 0.0000000000
36369  6.759  -21.046  56.089 0.0000000000
36370  5.564  -20.513  56.242 0.0000000000
36371  4.873  -20.664  55.901 0.0000000000
36375  6.821  -20.768  54.822 0.0000000000
36376  5.938  -20.008  55.584 0.0000000000
36377  4.420  -20.596  55.106 0.0000000000
36381  6.719  -20.756  53.357 0.0000000000
36382  5.562  -20.115  54.284 0.0000000000
36383  4.618  -20.413  54.140 0.0000000000
36387  6.680  -20.896  52.242 0.0000000000
36388  5.707  -20.823  52.749 0.0000000000
36389  5.102  -20.505  53.615 0.0000000000
36395  7.903  -21.429  51.145 0.0000000000
36396  7.120  -21.110  51.436 0.0000000000
36397  6.317  -21.259  51.571 0.0000000000
36404  8.426  -21.456  50.597 0.0000000000
36405  7.330  -20.987  50.762 0.0000000000
36406  6.405  -21.191  50.605 0.0000000000
36417  9.189  -21.931  49.959 0.0000000000
36434  9.168  -21.873  48.911 0.0000000000
36452  9.503  -21.443  47.878 0.0000000000
36453  8.849  -21.892  47.795 0.0000000000
36468  9.101  -21.493  47.234 0.0000000000
36469  8.649  -21.833  46.783 0.0000000000
36481  8.416  -21.860  45.913 0.0000000000
36482  8.146  -21.999  45.383 0.0000000000
36489  8.322  -21.519  45.288 0.0000000000
36490  7.950  -21.702  44.715 0.0000000000
36498  7.657  -21.515  43.753 0.0000000000
36502  8.427  -20.889  42.106 0.0000000000
36503  7.917  -21.204  42.544 0.0000000000
37200  5.249  -19.984  56.207 0.0000000000
37201  4.997  -19.978  56.170 0.0000000000
37205  5.232  -19.818  55.962 0.0000000000
37206  4.649  -19.805  55.677 0.0000000000
37210  5.177  -19.670  55.310 0.0000000000
37211  4.701  -19.835  54.858 0.0000000000
37295  9.880  -21.160  47.129 0.0000000000
37296  9.430  -21.318  47.180 0.0000000000
37315  10.955  -20.737  46.164 0.0000000000
37316  10.067  -20.856  46.289 0.0000000000
37317  9.239  -21.243  46.505 0.0000000000
37318  8.755  -21.531  46.220 0.0000000000
37338  11.282  -20.575  45.302 0.0000000000
37339  10.288  -20.535  45.382 0.0000000000
37340  9.389  -20.822  45.517 0.0000000000
37341  8.763  -21.283  45.689 0.0000000000
37358  10.564  -20.384  44.431 0.0000000000
37359  9.537  -20.488  44.527 0.0000000000
37360  8.527  -20.911  44.693 0.0000000000
37361  7.955  -21.148  44.239 0.0000000000
37376  10.911  -20.357  43.490 0.0000000000
37377  9.801  -20.378  43.480 0.0000000000
37378  8.835  -20.548  43.625 0.0000000000
37379  8.089  -20.849  43.655 0.0000000000
37393  10.220  -20.406  42.474 0.0000000000
37394  8.916  -20.603  42.390 0.0000000000
37395  8.357  -20.664  43.029 0.0000000000
103087  6.483  -29.248  51.695 0.0000000000
103088  6.469  -29.090  49.834 0.0000000000
103089  6.572  -29.078  50.747 0.0000000000
103090  7.006  -27.985  50.051 0.0000000000
103091  6.380  -28.228  52.335 0.0000000000
103092  7.666  -26.860  52.753 0.0000000000
103093  6.940  -28.404  51.296 0.0000000000
103094  4.931  -28.332  51.948 0.0000000000
103095  7.485  -26.517  53.190 0.0000000000
103096  8.102  -26.822  52.504 0.0000000000
103097  7.709  -27.157  52.269 0.0000000000
103098  6.650  -26.655  47.443 0.0000000000
103099  6.289  -25.122  50.861 0.0000000000
103100  7.016  -26.472  48.573 0.0000000000
103101  5.377  -27.164  51.465 0.0000000000
103102  6.861  -26.941  52.802 0.0000000000
103103  4.243  -28.383  51.231 0.0000000000
103104  7.104  -26.677  53.059 0.0000000000
103105  8.371  -26.635  52.141 0.0000000000
103106  7.792  -27.102  51.262 0.0000000000
103107  7.442  -26.602  50.064 0.0000000000
103108  6.462  -23.776  50.857 0.0000000000
103109  7.445  -25.136  48.511 0.0000000000
103110  5.798  -26.183  52.053 0.0000000000
103111  6.426  -23.837  51.477 0.0000000000
