#!ascii label  , from subject FREESURFER vox2ras=TkReg 
778
9176  11.564  -57.152  36.791 0.0000000000
9177  11.356  -57.406  36.995 0.0000000000
9178  10.589  -57.696  37.129 0.0000000000
9802  11.441  -56.728  37.241 0.0000000000
9803  11.048  -56.998  37.677 0.0000000000
9804  9.416  -57.453  37.263 0.0000000000
9805  7.444  -57.654  37.324 0.0000000000
9806  6.057  -57.624  37.174 0.0000000000
9808  11.451  -56.509  36.742 0.0000000000
9813  11.475  -56.671  36.312 0.0000000000
9814  11.295  -56.494  35.893 0.0000000000
9818  11.426  -56.836  35.447 0.0000000000
10387  9.925  -55.620  38.729 0.0000000000
10388  8.188  -55.973  38.577 0.0000000000
10389  7.170  -56.260  38.655 0.0000000000
10390  11.408  -56.388  37.317 0.0000000000
10391  11.326  -56.350  37.536 0.0000000000
10392  10.901  -56.134  38.318 0.0000000000
10393  8.766  -56.527  37.995 0.0000000000
10394  6.838  -56.829  38.191 0.0000000000
10395  5.818  -56.760  37.298 0.0000000000
10396  11.450  -56.495  37.116 0.0000000000
10397  11.422  -56.290  36.973 0.0000000000
10398  11.111  -55.832  37.179 0.0000000000
10400  11.350  -56.332  36.615 0.0000000000
10401  11.038  -56.141  36.221 0.0000000000
10979  4.442  -54.574  41.396 0.0000000000
10980  4.116  -54.694  41.427 0.0000000000
10981  3.562  -54.427  41.585 0.0000000000
10982  3.317  -54.220  41.647 0.0000000000
10983  8.052  -54.298  40.338 0.0000000000
10984  6.587  -54.378  40.772 0.0000000000
10985  4.901  -54.855  40.994 0.0000000000
10986  4.024  -55.081  41.163 0.0000000000
10987  3.511  -54.945  41.319 0.0000000000
10988  3.108  -54.575  41.463 0.0000000000
10989  10.036  -54.372  39.674 0.0000000000
10990  8.529  -54.705  39.686 0.0000000000
10991  6.938  -55.111  39.908 0.0000000000
10992  5.308  -55.203  39.928 0.0000000000
10993  4.089  -55.126  40.477 0.0000000000
10994  3.369  -55.164  40.872 0.0000000000
10995  3.106  -55.081  41.167 0.0000000000
10996  10.482  -54.763  39.084 0.0000000000
10997  9.197  -55.161  39.110 0.0000000000
10998  7.315  -55.618  38.960 0.0000000000
10999  6.078  -55.347  39.050 0.0000000000
11000  10.530  -54.951  38.316 0.0000000000
11001  6.739  -56.252  38.589 0.0000000000
11002  6.136  -55.793  38.079 0.0000000000
11003  10.409  -55.136  37.326 0.0000000000
11004  5.967  -55.631  36.547 0.0000000000
11005  10.233  -55.248  36.088 0.0000000000
11596  4.274  -54.192  41.614 0.0000000000
11597  3.782  -54.088  41.699 0.0000000000
11598  3.325  -53.985  41.714 0.0000000000
11599  2.988  -54.050  41.634 0.0000000000
11600  10.883  -52.826  40.677 0.0000000000
11601  10.285  -53.199  40.957 0.0000000000
11602  8.662  -53.478  40.973 0.0000000000
11603  7.130  -53.244  41.168 0.0000000000
11604  5.247  -53.882  41.511 0.0000000000
11605  4.051  -53.648  41.603 0.0000000000
11606  3.286  -53.743  41.556 0.0000000000
11607  2.700  -54.054  41.540 0.0000000000
11608  10.965  -52.777  40.405 0.0000000000
11609  10.756  -53.392  40.146 0.0000000000
11610  9.520  -53.950  40.367 0.0000000000
11611  4.930  -54.604  39.463 0.0000000000
11612  4.238  -54.434  39.610 0.0000000000
11613  3.210  -54.803  40.207 0.0000000000
11614  2.626  -54.909  40.927 0.0000000000
11615  10.436  -53.718  39.171 0.0000000000
11616  5.612  -54.108  38.960 0.0000000000
11617  4.906  -54.215  39.334 0.0000000000
11618  10.040  -53.945  38.318 0.0000000000
11619  6.336  -54.287  37.945 0.0000000000
11620  9.739  -54.063  37.233 0.0000000000
11621  6.282  -54.389  36.721 0.0000000000
11622  9.692  -54.119  36.050 0.0000000000
12217  10.836  -52.326  41.136 0.0000000000
12218  9.911  -52.466  41.370 0.0000000000
12219  8.651  -52.467  41.234 0.0000000000
12220  7.485  -52.197  40.975 0.0000000000
12221  6.047  -52.647  41.160 0.0000000000
12222  4.578  -52.860  41.233 0.0000000000
12223  3.302  -53.072  40.926 0.0000000000
12224  2.861  -53.612  41.293 0.0000000000
12229  10.979  -52.252  40.610 0.0000000000
12230  10.835  -52.393  40.007 0.0000000000
12231  4.215  -53.018  39.395 0.0000000000
12232  3.461  -53.657  39.989 0.0000000000
12233  2.848  -53.995  40.697 0.0000000000
12238  10.304  -52.599  39.214 0.0000000000
12240  4.949  -53.402  39.130 0.0000000000
12241  9.643  -52.737  38.221 0.0000000000
12243  9.384  -52.844  37.101 0.0000000000
12245  9.465  -52.897  35.973 0.0000000000
12842  10.647  -51.417  41.392 0.0000000000
12843  9.710  -51.582  41.372 0.0000000000
12844  8.664  -51.512  40.974 0.0000000000
12845  7.703  -51.322  40.691 0.0000000000
12846  6.612  -51.576  40.683 0.0000000000
12847  5.274  -51.806  40.664 0.0000000000
12848  3.819  -51.950  40.432 0.0000000000
12849  2.728  -51.814  40.333 0.0000000000
12855  11.085  -51.435  40.950 0.0000000000
12856  10.793  -51.453  40.234 0.0000000000
12857  4.236  -52.280  39.220 0.0000000000
12858  3.651  -52.210  39.547 0.0000000000
12859  2.938  -51.951  39.732 0.0000000000
12865  10.305  -51.516  39.286 0.0000000000
12872  9.553  -51.460  38.042 0.0000000000
12873  9.219  -50.964  37.398 0.0000000000
12875  9.127  -51.510  36.959 0.0000000000
12876  9.177  -51.172  37.271 0.0000000000
12878  9.106  -51.735  35.914 0.0000000000
13473  10.766  -50.701  41.435 0.0000000000
13474  10.356  -50.840  41.443 0.0000000000
13475  9.615  -50.764  41.183 0.0000000000
13476  8.537  -50.480  40.676 0.0000000000
13477  7.227  -50.647  40.443 0.0000000000
13478  5.986  -50.581  40.364 0.0000000000
13479  4.642  -50.821  40.378 0.0000000000
13480  3.433  -50.823  40.503 0.0000000000
13481  2.347  -50.932  40.759 0.0000000000
13484  11.020  -50.647  41.254 0.0000000000
13485  10.908  -50.543  40.623 0.0000000000
13486  8.455  -49.853  40.477 0.0000000000
13487  7.808  -49.910  40.299 0.0000000000
13488  6.878  -49.927  40.213 0.0000000000
13495  10.491  -50.506  39.637 0.0000000000
13503  9.811  -50.558  38.516 0.0000000000
13504  9.279  -50.568  37.579 0.0000000000
13506  8.867  -50.850  36.503 0.0000000000
13507  8.934  -50.712  36.923 0.0000000000
13509  8.896  -50.552  35.960 0.0000000000
13510  8.836  -50.563  36.404 0.0000000000
14044  2.478  -49.056  41.515 0.0000000000
14045  1.762  -49.595  41.493 0.0000000000
14050  10.625  -50.492  41.447 0.0000000000
14051  10.386  -50.319  41.329 0.0000000000
14052  9.741  -50.014  41.056 0.0000000000
14053  9.036  -49.780  40.655 0.0000000000
14054  5.238  -49.865  40.335 0.0000000000
14055  4.260  -49.738  40.510 0.0000000000
14056  2.997  -49.523  41.077 0.0000000000
14057  2.230  -50.159  41.144 0.0000000000
14060  10.804  -50.327  41.389 0.0000000000
14061  10.760  -49.802  41.127 0.0000000000
14062  9.795  -49.374  40.751 0.0000000000
14063  8.608  -49.327  40.253 0.0000000000
14064  7.390  -49.263  39.873 0.0000000000
14065  6.174  -49.315  40.041 0.0000000000
14072  10.822  -49.627  40.142 0.0000000000
14082  10.004  -49.474  38.895 0.0000000000
14083  9.368  -49.877  37.883 0.0000000000
14085  9.341  -48.958  37.461 0.0000000000
14086  8.980  -49.916  37.053 0.0000000000
14088  9.109  -49.365  36.161 0.0000000000
14089  8.911  -50.200  36.446 0.0000000000
14684  2.876  -48.581  41.611 0.0000000000
14685  2.340  -48.483  41.693 0.0000000000
14689  5.180  -48.884  40.323 0.0000000000
14690  4.224  -48.573  40.865 0.0000000000
14691  3.484  -48.265  41.563 0.0000000000
14695  10.558  -48.981  40.577 0.0000000000
14696  9.567  -48.619  40.342 0.0000000000
14697  8.167  -48.490  39.823 0.0000000000
14698  6.872  -48.416  39.804 0.0000000000
14699  5.932  -48.254  40.080 0.0000000000
14702  10.719  -48.675  39.755 0.0000000000
14711  10.065  -48.286  38.508 0.0000000000
14714  9.660  -47.927  37.369 0.0000000000
14721  9.316  -48.149  36.366 0.0000000000
15417  4.336  -45.926  45.325 0.0000000000
15418  3.228  -45.785  44.975 0.0000000000
15419  4.769  -46.556  44.317 0.0000000000
15420  3.805  -46.701  44.086 0.0000000000
15421  2.938  -46.585  43.448 0.0000000000
15422  4.346  -47.076  43.152 0.0000000000
15423  3.322  -47.675  42.435 0.0000000000
15424  2.420  -47.368  41.866 0.0000000000
15426  10.867  -46.735  40.960 0.0000000000
15427  10.611  -46.876  40.924 0.0000000000
15428  9.851  -47.044  40.805 0.0000000000
15429  5.946  -47.312  40.269 0.0000000000
15430  5.396  -47.656  40.472 0.0000000000
15431  4.264  -47.479  41.719 0.0000000000
15432  3.620  -47.821  41.908 0.0000000000
15436  10.926  -46.873  40.699 0.0000000000
15437  10.633  -47.821  40.583 0.0000000000
15438  8.973  -47.575  40.133 0.0000000000
15439  7.495  -47.673  39.852 0.0000000000
15440  6.307  -47.548  40.072 0.0000000000
15441  5.856  -47.800  40.170 0.0000000000
15445  11.156  -47.003  39.894 0.0000000000
15446  10.840  -47.684  39.314 0.0000000000
15455  11.251  -46.870  38.719 0.0000000000
15456  10.475  -47.260  37.868 0.0000000000
15463  9.622  -47.110  36.670 0.0000000000
16152  5.174  -45.856  43.919 0.0000000000
16153  2.559  -45.515  43.916 0.0000000000
16154  5.363  -46.031  42.780 0.0000000000
16155  5.073  -46.364  43.226 0.0000000000
16156  2.557  -46.170  42.613 0.0000000000
16157  5.313  -46.214  42.327 0.0000000000
16158  4.741  -46.766  42.267 0.0000000000
16161  10.693  -46.320  40.737 0.0000000000
16162  9.863  -46.241  40.835 0.0000000000
16163  8.695  -46.448  40.423 0.0000000000
16164  7.355  -46.382  40.218 0.0000000000
16165  6.204  -46.785  40.366 0.0000000000
16166  5.265  -46.685  41.390 0.0000000000
16167  4.728  -46.982  41.763 0.0000000000
16170  11.122  -46.235  40.179 0.0000000000
16171  7.869  -47.012  40.048 0.0000000000
16172  6.911  -47.069  40.037 0.0000000000
16173  6.445  -47.122  40.124 0.0000000000
16176  11.287  -46.188  39.189 0.0000000000
16185  11.423  -46.117  38.184 0.0000000000
16186  11.077  -46.504  37.796 0.0000000000
16196  11.188  -45.959  37.433 0.0000000000
16197  10.408  -46.111  36.890 0.0000000000
16865  5.415  -45.378  43.528 0.0000000000
16866  5.653  -45.379  43.062 0.0000000000
16867  5.337  -45.810  43.387 0.0000000000
16868  5.754  -45.636  42.519 0.0000000000
16869  5.397  -45.879  42.968 0.0000000000
16870  2.633  -44.982  42.099 0.0000000000
16871  2.545  -45.226  42.877 0.0000000000
16872  6.539  -45.408  41.403 0.0000000000
16873  5.879  -45.871  41.771 0.0000000000
16876  10.695  -45.656  40.221 0.0000000000
16877  9.939  -45.293  40.228 0.0000000000
16878  8.945  -45.419  40.432 0.0000000000
16879  7.854  -45.554  40.534 0.0000000000
16880  6.841  -45.812  40.725 0.0000000000
16881  6.072  -46.044  41.043 0.0000000000
16885  10.646  -45.322  39.382 0.0000000000
16886  10.321  -45.237  39.836 0.0000000000
16889  10.969  -45.442  38.386 0.0000000000
16892  11.111  -45.546  37.659 0.0000000000
16903  10.933  -45.290  36.902 0.0000000000
16904  10.538  -45.378  36.509 0.0000000000
17599  5.750  -44.799  43.251 0.0000000000
17600  2.675  -44.660  42.943 0.0000000000
17601  6.426  -44.176  42.142 0.0000000000
17602  6.164  -44.716  42.541 0.0000000000
17603  2.864  -44.553  42.405 0.0000000000
17604  2.613  -44.856  42.601 0.0000000000
17605  6.662  -44.450  41.659 0.0000000000
17606  6.293  -45.247  42.030 0.0000000000
17608  9.546  -44.619  39.749 0.0000000000
17609  9.028  -44.386  39.991 0.0000000000
17610  8.122  -44.599  40.519 0.0000000000
17611  7.299  -44.947  41.075 0.0000000000
17616  10.165  -44.622  38.966 0.0000000000
17617  9.785  -44.473  39.291 0.0000000000
17618  9.359  -44.302  39.565 0.0000000000
17623  10.340  -44.547  38.364 0.0000000000
17624  9.940  -44.212  38.637 0.0000000000
17629  10.714  -44.663  37.395 0.0000000000
18292  6.512  -43.775  41.864 0.0000000000
18293  6.317  -43.851  42.378 0.0000000000
18294  3.287  -43.713  42.581 0.0000000000
18295  2.956  -44.035  42.982 0.0000000000
18296  6.788  -43.614  41.349 0.0000000000
18297  3.628  -43.548  42.017 0.0000000000
18298  3.274  -44.085  42.132 0.0000000000
18299  8.741  -43.731  39.760 0.0000000000
18300  8.237  -43.611  40.126 0.0000000000
18301  7.372  -43.850  40.848 0.0000000000
18306  9.355  -43.583  38.882 0.0000000000
18307  9.060  -43.726  39.380 0.0000000000
18308  8.592  -43.295  39.635 0.0000000000
18314  10.061  -43.857  38.131 0.0000000000
18315  9.727  -43.589  38.435 0.0000000000
18321  10.351  -43.643  37.575 0.0000000000
18322  10.026  -43.332  37.918 0.0000000000
18330  10.806  -43.657  36.729 0.0000000000
19000  6.380  -43.476  41.985 0.0000000000
19004  6.524  -43.244  41.562 0.0000000000
19005  7.581  -43.057  40.299 0.0000000000
19006  6.912  -42.860  40.787 0.0000000000
19007  6.437  -42.737  41.300 0.0000000000
19011  9.056  -43.108  39.023 0.0000000000
19012  8.741  -42.923  39.276 0.0000000000
19013  8.055  -42.640  39.645 0.0000000000
19014  7.356  -42.456  40.079 0.0000000000
19020  9.418  -42.981  38.562 0.0000000000
19021  8.958  -42.632  38.793 0.0000000000
19022  8.477  -42.362  39.048 0.0000000000
19028  10.190  -43.080  37.569 0.0000000000
19029  9.847  -42.826  37.813 0.0000000000
19030  9.219  -42.376  38.192 0.0000000000
19037  10.994  -43.169  36.363 0.0000000000
19038  10.466  -42.779  36.841 0.0000000000
19039  9.861  -42.458  37.190 0.0000000000
19723  2.401  -40.856  44.969 0.0000000000
19724  2.484  -40.867  44.585 0.0000000000
19730  3.275  -41.374  42.870 0.0000000000
19731  3.276  -41.177  42.329 0.0000000000
19743  6.550  -42.352  40.848 0.0000000000
19744  6.090  -42.149  41.260 0.0000000000
19747  7.499  -42.090  39.662 0.0000000000
19748  6.772  -41.772  40.011 0.0000000000
19749  6.146  -41.459  40.488 0.0000000000
19755  8.667  -42.085  38.560 0.0000000000
19756  7.751  -41.658  38.833 0.0000000000
19757  6.960  -41.273  39.077 0.0000000000
19765  9.474  -42.218  37.520 0.0000000000
19766  8.637  -41.548  37.696 0.0000000000
19767  7.899  -41.208  38.019 0.0000000000
19775  10.363  -42.270  36.263 0.0000000000
19776  9.585  -41.754  36.560 0.0000000000
19777  8.789  -41.208  36.895 0.0000000000
20481  2.398  -40.676  45.911 0.0000000000
20482  2.634  -40.902  44.025 0.0000000000
20483  2.296  -40.514  44.670 0.0000000000
20491  2.812  -40.997  42.972 0.0000000000
20492  2.301  -40.535  43.616 0.0000000000
20500  2.386  -40.564  42.684 0.0000000000
20508  19.319  -41.700  40.440 0.0000000000
20509  18.922  -41.800  41.058 0.0000000000
20510  18.465  -41.272  41.357 0.0000000000
20511  5.735  -41.161  40.758 0.0000000000
20520  19.172  -41.317  39.857 0.0000000000
20521  18.708  -41.605  40.357 0.0000000000
20522  18.065  -41.437  40.960 0.0000000000
20523  6.539  -40.779  39.190 0.0000000000
20524  6.060  -40.897  39.934 0.0000000000
20531  18.938  -40.877  39.536 0.0000000000
20532  18.571  -41.051  39.775 0.0000000000
20533  18.101  -41.120  40.245 0.0000000000
20534  7.513  -40.992  38.120 0.0000000000
20535  7.021  -40.812  38.452 0.0000000000
20541  8.387  -40.872  37.059 0.0000000000
20542  7.763  -40.608  37.494 0.0000000000
20543  7.325  -40.621  37.977 0.0000000000
20549  9.322  -40.851  35.887 0.0000000000
20550  8.671  -40.495  36.372 0.0000000000
20551  8.195  -40.438  36.942 0.0000000000
21293  2.160  -39.586  46.658 0.0000000000
21294  1.975  -38.964  46.081 0.0000000000
21295  2.130  -39.716  45.448 0.0000000000
21300  1.861  -39.985  44.375 0.0000000000
21314  17.204  -40.119  42.120 0.0000000000
21315  16.941  -40.063  42.154 0.0000000000
21323  19.507  -41.566  40.896 0.0000000000
21324  18.942  -40.918  41.160 0.0000000000
21325  17.664  -40.278  41.479 0.0000000000
21326  16.819  -39.968  41.516 0.0000000000
21327  5.501  -40.694  41.049 0.0000000000
21337  20.108  -40.396  39.845 0.0000000000
21338  19.732  -40.806  40.209 0.0000000000
21339  18.944  -40.184  40.569 0.0000000000
21340  17.471  -40.430  40.647 0.0000000000
21341  16.659  -39.711  40.631 0.0000000000
21342  6.103  -40.012  39.312 0.0000000000
21343  5.647  -40.184  40.195 0.0000000000
21353  19.976  -40.197  39.533 0.0000000000
21354  19.320  -40.537  39.362 0.0000000000
21355  18.551  -40.366  39.204 0.0000000000
21356  17.883  -40.386  39.654 0.0000000000
21357  6.983  -39.276  38.067 0.0000000000
21358  6.572  -40.015  38.527 0.0000000000
21367  7.460  -39.538  37.443 0.0000000000
21368  7.104  -40.133  37.922 0.0000000000
21376  8.287  -39.274  36.282 0.0000000000
21377  7.964  -39.869  36.859 0.0000000000
22177  2.286  -39.112  47.840 0.0000000000
22178  1.957  -38.475  46.974 0.0000000000
22185  17.310  -37.956  44.649 0.0000000000
22186  17.064  -38.004  44.519 0.0000000000
22200  17.148  -39.734  42.311 0.0000000000
22201  16.528  -39.404  42.236 0.0000000000
22202  15.890  -38.899  42.175 0.0000000000
22214  18.247  -39.647  41.019 0.0000000000
22215  17.543  -39.243  41.814 0.0000000000
22216  16.059  -39.288  41.313 0.0000000000
22217  15.579  -38.690  41.575 0.0000000000
22218  5.939  -39.117  40.659 0.0000000000
22219  5.539  -39.953  40.834 0.0000000000
22237  19.264  -39.542  40.220 0.0000000000
22238  18.722  -39.461  40.560 0.0000000000
22239  17.058  -39.672  39.688 0.0000000000
22240  16.269  -38.745  39.864 0.0000000000
22241  15.633  -38.588  40.724 0.0000000000
22242  6.737  -38.412  39.094 0.0000000000
22243  6.080  -39.196  39.706 0.0000000000
22244  5.741  -39.564  40.318 0.0000000000
22263  19.712  -39.865  38.670 0.0000000000
22264  18.800  -39.834  38.522 0.0000000000
22265  17.683  -39.287  38.539 0.0000000000
22266  16.854  -38.946  39.080 0.0000000000
22267  7.091  -38.455  38.313 0.0000000000
22268  6.490  -39.161  38.774 0.0000000000
22283  19.091  -39.149  37.972 0.0000000000
22284  18.438  -39.131  38.061 0.0000000000
22285  7.434  -38.638  37.607 0.0000000000
22291  8.167  -38.284  36.535 0.0000000000
22292  7.816  -38.918  36.957 0.0000000000
23077  2.878  -38.677  48.270 0.0000000000
23078  12.166  -38.215  47.002 0.0000000000
23079  3.489  -38.036  48.154 0.0000000000
23080  2.547  -38.080  47.816 0.0000000000
23081  17.273  -37.469  45.095 0.0000000000
23082  12.333  -37.864  46.515 0.0000000000
23083  3.142  -37.564  47.290 0.0000000000
23084  2.344  -37.637  46.871 0.0000000000
23085  17.357  -37.881  45.031 0.0000000000
23086  17.247  -37.541  44.808 0.0000000000
23087  15.872  -38.304  44.695 0.0000000000
23088  12.036  -37.789  45.554 0.0000000000
23089  4.384  -38.045  47.406 0.0000000000
23090  3.808  -37.392  46.792 0.0000000000
23091  2.979  -37.058  46.332 0.0000000000
23096  17.065  -37.727  44.319 0.0000000000
23097  16.599  -38.377  44.132 0.0000000000
23098  15.580  -37.939  43.943 0.0000000000
23099  4.515  -37.460  46.428 0.0000000000
23100  3.925  -36.986  45.601 0.0000000000
23107  16.681  -37.585  43.778 0.0000000000
23108  16.194  -37.660  43.151 0.0000000000
23109  15.259  -37.489  43.061 0.0000000000
23110  6.628  -37.706  43.907 0.0000000000
23111  5.125  -37.338  45.389 0.0000000000
23112  4.242  -36.900  44.444 0.0000000000
23118  17.020  -38.844  42.413 0.0000000000
23119  16.393  -38.341  42.656 0.0000000000
23120  15.483  -38.074  42.394 0.0000000000
23121  14.854  -37.326  42.199 0.0000000000
23140  17.887  -38.690  41.269 0.0000000000
23141  17.355  -38.068  41.642 0.0000000000
23142  16.867  -38.111  42.246 0.0000000000
23143  15.229  -38.100  41.034 0.0000000000
23144  14.797  -37.358  41.172 0.0000000000
23145  7.179  -37.798  40.051 0.0000000000
23162  18.502  -38.465  40.642 0.0000000000
23163  17.854  -38.080  41.077 0.0000000000
23164  16.094  -37.964  39.280 0.0000000000
23165  15.522  -37.679  39.788 0.0000000000
23166  15.059  -37.504  40.476 0.0000000000
23167  7.619  -37.558  39.258 0.0000000000
23168  7.113  -37.948  39.386 0.0000000000
23169  6.543  -38.373  39.948 0.0000000000
23181  17.418  -38.275  37.941 0.0000000000
23182  16.627  -37.912  38.483 0.0000000000
23183  15.935  -37.642  38.994 0.0000000000
23184  7.773  -37.422  38.818 0.0000000000
23185  7.445  -37.745  38.664 0.0000000000
23205  17.298  -37.695  37.578 0.0000000000
23206  7.966  -37.303  37.696 0.0000000000
23207  7.631  -37.802  37.796 0.0000000000
23222  8.171  -37.480  37.097 0.0000000000
23223  7.836  -38.175  37.193 0.0000000000
23231  8.503  -37.580  36.063 0.0000000000
24015  11.809  -37.212  47.649 0.0000000000
24016  12.237  -37.537  47.168 0.0000000000
24017  11.851  -38.145  47.471 0.0000000000
24018  17.110  -36.962  45.010 0.0000000000
24019  17.077  -37.134  45.389 0.0000000000
24020  15.761  -37.418  45.395 0.0000000000
24021  13.497  -36.706  45.690 0.0000000000
24022  12.665  -37.430  45.689 0.0000000000
24023  17.023  -36.729  44.631 0.0000000000
24024  14.974  -37.339  44.723 0.0000000000
24025  13.685  -36.685  44.905 0.0000000000
24026  12.788  -37.131  44.838 0.0000000000
24029  16.815  -36.760  44.024 0.0000000000
24030  14.536  -37.139  43.865 0.0000000000
24031  13.605  -36.457  44.224 0.0000000000
24032  12.663  -36.654  44.027 0.0000000000
24038  16.478  -36.735  43.370 0.0000000000
24039  16.114  -36.406  42.678 0.0000000000
24040  14.493  -36.766  42.763 0.0000000000
24041  14.102  -36.091  42.289 0.0000000000
24042  12.249  -36.409  43.597 0.0000000000
24043  11.631  -36.663  43.657 0.0000000000
24044  6.387  -37.292  43.707 0.0000000000
24045  5.700  -37.148  43.802 0.0000000000
24057  16.367  -37.451  42.575 0.0000000000
24058  16.202  -36.920  42.356 0.0000000000
24059  14.334  -36.549  41.619 0.0000000000
24060  13.656  -35.983  41.766 0.0000000000
24061  7.075  -36.866  43.012 0.0000000000
24062  6.249  -36.712  42.745 0.0000000000
24083  17.174  -37.324  41.247 0.0000000000
24084  16.691  -37.159  41.687 0.0000000000
24085  16.374  -36.926  42.057 0.0000000000
24086  14.254  -36.607  40.635 0.0000000000
24087  13.459  -36.121  40.813 0.0000000000
24088  8.978  -36.723  40.696 0.0000000000
24089  8.073  -37.190  40.795 0.0000000000
24109  17.591  -37.264  40.647 0.0000000000
24110  17.016  -36.971  40.922 0.0000000000
24111  15.132  -36.893  39.220 0.0000000000
24112  14.696  -36.827  39.871 0.0000000000
24113  13.825  -36.277  39.805 0.0000000000
24114  9.405  -36.618  39.582 0.0000000000
24115  8.689  -37.072  39.790 0.0000000000
24116  7.907  -37.408  39.898 0.0000000000
24128  16.230  -37.016  37.946 0.0000000000
24129  15.614  -36.996  38.558 0.0000000000
24130  14.533  -36.300  38.622 0.0000000000
24131  14.150  -36.300  39.244 0.0000000000
24132  9.456  -36.416  38.898 0.0000000000
24133  9.005  -36.703  38.924 0.0000000000
24134  8.213  -37.140  38.818 0.0000000000
24135  7.818  -37.357  38.585 0.0000000000
24151  15.843  -36.456  37.607 0.0000000000
24152  15.099  -36.187  37.885 0.0000000000
24153  8.296  -36.846  37.751 0.0000000000
24154  7.846  -37.294  38.199 0.0000000000
24171  9.259  -36.216  36.513 0.0000000000
24172  8.769  -36.669  36.654 0.0000000000
24185  9.267  -36.393  35.879 0.0000000000
24186  8.894  -37.041  35.540 0.0000000000
24957  11.776  -34.953  49.007 0.0000000000
24958  11.785  -36.016  47.642 0.0000000000
24959  11.170  -37.006  47.646 0.0000000000
24960  14.062  -35.039  46.372 0.0000000000
24961  13.286  -35.848  46.741 0.0000000000
24963  17.288  -35.414  44.986 0.0000000000
24964  16.364  -35.713  45.514 0.0000000000
24965  14.601  -35.507  45.706 0.0000000000
24966  13.768  -36.080  46.054 0.0000000000
24968  16.995  -35.530  44.373 0.0000000000
24971  16.628  -35.758  43.668 0.0000000000
24972  14.138  -36.407  43.489 0.0000000000
24973  13.499  -35.922  43.571 0.0000000000
24974  12.776  -35.938  43.398 0.0000000000
24977  16.238  -35.653  42.988 0.0000000000
24978  15.917  -35.490  42.384 0.0000000000
24979  14.109  -35.975  42.956 0.0000000000
24980  13.385  -35.595  42.638 0.0000000000
24981  12.242  -35.899  42.850 0.0000000000
24982  11.164  -36.134  42.947 0.0000000000
24993  15.767  -35.720  41.835 0.0000000000
24994  12.856  -35.675  41.725 0.0000000000
24995  11.820  -35.780  41.817 0.0000000000
24996  10.986  -35.919  41.873 0.0000000000
24997  7.878  -35.903  42.024 0.0000000000
25014  16.416  -36.287  40.945 0.0000000000
25015  16.125  -36.159  41.359 0.0000000000
25016  12.380  -35.761  40.734 0.0000000000
25017  11.362  -35.789  40.858 0.0000000000
25018  10.414  -35.979  41.238 0.0000000000
25041  16.770  -36.173  40.248 0.0000000000
25042  16.247  -35.793  40.615 0.0000000000
25043  12.887  -35.846  39.692 0.0000000000
25044  11.818  -35.659  39.678 0.0000000000
25045  10.798  -35.925  39.891 0.0000000000
25046  9.869  -36.326  40.373 0.0000000000
25069  13.916  -35.740  38.173 0.0000000000
25070  13.485  -35.855  38.744 0.0000000000
25071  12.331  -35.423  38.528 0.0000000000
25072  11.165  -35.454  38.436 0.0000000000
25073  10.027  -36.098  38.812 0.0000000000
25074  9.251  -36.226  38.363 0.0000000000
25075  8.704  -36.543  38.292 0.0000000000
25090  15.325  -35.719  37.253 0.0000000000
25091  14.284  -35.365  37.497 0.0000000000
25092  13.381  -35.327  37.908 0.0000000000
25093  12.894  -35.396  38.181 0.0000000000
25094  10.889  -35.271  37.640 0.0000000000
25095  10.321  -35.466  37.590 0.0000000000
25096  9.533  -35.860  37.660 0.0000000000
25097  8.906  -36.252  37.610 0.0000000000
25111  10.358  -35.306  36.783 0.0000000000
25112  9.714  -35.758  36.581 0.0000000000
25113  9.224  -36.097  36.987 0.0000000000
25128  10.277  -35.363  35.993 0.0000000000
25129  9.737  -35.946  35.390 0.0000000000
25901  12.002  -33.981  49.829 0.0000000000
25902  11.686  -34.043  49.572 0.0000000000
25903  11.555  -34.010  49.391 0.0000000000
25904  12.475  -34.621  49.251 0.0000000000
25905  11.779  -34.444  49.489 0.0000000000
25906  11.530  -34.400  48.832 0.0000000000
25907  14.072  -33.804  47.412 0.0000000000
25908  13.224  -34.825  47.999 0.0000000000
25911  16.369  -33.191  46.368 0.0000000000
25912  14.794  -34.211  46.273 0.0000000000
25913  13.773  -34.671  46.919 0.0000000000
25916  15.802  -34.545  45.972 0.0000000000
25917  15.033  -34.683  45.839 0.0000000000
25918  11.676  -33.665  46.900 0.0000000000
25920  16.831  -34.939  43.888 0.0000000000
25922  16.530  -34.750  43.265 0.0000000000
25923  11.142  -34.579  45.104 0.0000000000
25924  16.113  -34.737  42.468 0.0000000000
25925  15.738  -34.991  41.994 0.0000000000
25926  10.632  -35.006  44.310 0.0000000000
25927  9.468  -35.437  42.418 0.0000000000
25937  15.973  -34.487  41.815 0.0000000000
25938  15.773  -34.787  41.439 0.0000000000
25939  9.680  -34.771  42.256 0.0000000000
25940  8.938  -35.390  41.884 0.0000000000
25953  15.968  -34.633  40.489 0.0000000000
25954  15.798  -35.091  40.900 0.0000000000
25971  16.159  -35.018  40.115 0.0000000000
25972  16.049  -35.475  40.705 0.0000000000
25997  12.190  -35.216  38.003 0.0000000000
25998  11.875  -35.204  37.980 0.0000000000
26018  13.809  -34.682  36.971 0.0000000000
26019  13.281  -34.753  37.206 0.0000000000
26020  12.361  -35.020  37.582 0.0000000000
26021  11.334  -35.082  37.419 0.0000000000
26022  10.733  -35.175  37.200 0.0000000000
26037  12.414  -34.338  36.546 0.0000000000
26038  11.513  -34.645  36.598 0.0000000000
26039  10.803  -34.983  36.616 0.0000000000
26053  10.810  -34.856  35.725 0.0000000000
26826  12.056  -33.591  49.735 0.0000000000
26827  11.808  -33.736  49.690 0.0000000000
26828  11.609  -33.837  49.625 0.0000000000
26829  12.533  -33.474  49.452 0.0000000000
26830  12.047  -33.386  49.399 0.0000000000
26831  11.652  -33.817  49.400 0.0000000000
26832  14.233  -32.955  47.662 0.0000000000
26833  13.557  -33.548  48.700 0.0000000000
26834  12.162  -33.123  48.722 0.0000000000
26835  11.703  -33.587  48.817 0.0000000000
26837  14.982  -32.897  46.498 0.0000000000
26838  12.434  -32.694  47.850 0.0000000000
26839  11.898  -33.222  48.003 0.0000000000
26841  12.550  -32.214  47.161 0.0000000000
26842  12.066  -32.728  46.979 0.0000000000
26844  11.833  -32.984  45.974 0.0000000000
26846  16.470  -34.057  42.711 0.0000000000
26847  11.534  -33.256  44.919 0.0000000000
26848  16.259  -34.035  42.034 0.0000000000
26849  11.110  -33.741  43.598 0.0000000000
26850  10.530  -34.733  43.489 0.0000000000
26852  16.016  -34.110  41.231 0.0000000000
26853  15.807  -34.564  41.048 0.0000000000
26855  10.446  -34.322  42.696 0.0000000000
26862  15.906  -34.461  40.764 0.0000000000
27695  12.499  -33.083  49.124 0.0000000000
27696  12.273  -33.128  49.036 0.0000000000
27697  13.914  -32.535  48.097 0.0000000000
27698  13.150  -32.650  48.623 0.0000000000
27699  12.617  -32.790  48.569 0.0000000000
27700  15.039  -32.091  45.783 0.0000000000
27701  14.285  -32.047  46.754 0.0000000000
27702  13.629  -31.852  47.489 0.0000000000
27703  13.026  -31.904  47.444 0.0000000000
27705  14.713  -31.592  45.734 0.0000000000
27706  12.452  -31.494  46.417 0.0000000000
27707  12.050  -32.238  46.124 0.0000000000
27708  12.260  -30.878  45.665 0.0000000000
27709  11.876  -31.777  45.266 0.0000000000
27711  11.370  -32.154  43.975 0.0000000000
28567  13.971  -31.118  46.879 0.0000000000
28568  13.516  -30.855  46.921 0.0000000000
28569  12.963  -30.314  46.816 0.0000000000
28570  14.771  -31.257  45.311 0.0000000000
28571  14.333  -30.905  45.946 0.0000000000
28572  12.490  -30.127  46.020 0.0000000000
28574  14.358  -30.238  45.133 0.0000000000
28575  12.193  -30.257  44.969 0.0000000000
28576  11.742  -31.075  44.253 0.0000000000
29403  14.073  -30.328  46.847 0.0000000000
29404  13.587  -29.843  46.855 0.0000000000
29405  13.199  -29.553  46.697 0.0000000000
29406  14.111  -29.810  46.223 0.0000000000
29407  13.515  -29.314  46.280 0.0000000000
29408  12.891  -29.345  46.301 0.0000000000
29409  13.938  -29.435  45.385 0.0000000000
29410  13.303  -28.969  45.490 0.0000000000
29411  12.619  -29.197  45.397 0.0000000000
102391  11.532  -56.765  36.784 0.0000000000
102693  4.152  -43.897  45.304 0.0000000000
102694  4.155  -44.401  45.564 0.0000000000
102695  4.737  -44.265  44.558 0.0000000000
102696  4.319  -44.582  45.242 0.0000000000
102697  4.194  -44.768  45.516 0.0000000000
102698  4.198  -44.378  45.292 0.0000000000
102699  4.544  -45.129  44.945 0.0000000000
102700  4.812  -44.907  44.494 0.0000000000
102701  5.218  -44.171  44.032 0.0000000000
102702  3.976  -45.260  45.728 0.0000000000
102703  3.577  -44.729  45.605 0.0000000000
102704  4.848  -45.443  44.495 0.0000000000
102705  5.323  -44.948  43.851 0.0000000000
102706  3.756  -43.419  45.230 0.0000000000
102707  2.840  -44.300  44.865 0.0000000000
102708  3.495  -42.855  44.921 0.0000000000
102709  3.119  -43.029  43.869 0.0000000000
102710  2.732  -44.524  43.665 0.0000000000
102711  5.768  -44.130  43.360 0.0000000000
102712  2.848  -41.170  46.564 0.0000000000
102713  6.069  -44.223  42.917 0.0000000000
102714  4.549  -42.271  43.593 0.0000000000
102715  2.264  -40.533  46.812 0.0000000000
102716  4.127  -41.398  44.844 0.0000000000
102717  2.283  -40.955  47.149 0.0000000000
102718  3.374  -43.343  42.757 0.0000000000
102719  3.157  -43.550  43.075 0.0000000000
102720  6.062  -43.651  42.756 0.0000000000
102721  4.723  -40.307  43.875 0.0000000000
102722  2.262  -40.242  46.693 0.0000000000
102723  2.630  -40.547  47.837 0.0000000000
102724  2.180  -40.147  47.489 0.0000000000
102725  4.731  -39.806  45.251 0.0000000000
102726  4.241  -40.952  45.495 0.0000000000
102727  3.672  -41.687  45.377 0.0000000000
102728  3.056  -41.043  47.571 0.0000000000
102729  3.722  -42.894  42.255 0.0000000000
102730  6.249  -43.128  42.053 0.0000000000
102731  6.119  -38.354  43.040 0.0000000000
102732  4.877  -39.819  44.443 0.0000000000
102733  3.452  -39.652  48.013 0.0000000000
102734  4.354  -40.628  46.025 0.0000000000
102735  3.825  -41.092  46.782 0.0000000000
102736  5.726  -42.990  42.805 0.0000000000
102737  3.708  -41.818  42.531 0.0000000000
102738  6.705  -37.868  43.312 0.0000000000
102739  5.508  -39.456  43.005 0.0000000000
102740  5.733  -38.957  43.823 0.0000000000
102741  2.591  -41.160  44.749 0.0000000000
102742  4.875  -39.129  46.494 0.0000000000
102743  3.367  -41.989  43.893 0.0000000000
102744  5.407  -41.661  41.841 0.0000000000
102745  3.028  -41.493  43.746 0.0000000000
102746  7.702  -37.165  42.533 0.0000000000
102747  5.886  -38.715  44.153 0.0000000000
102748  2.918  -41.776  45.230 0.0000000000
102749  3.725  -37.693  47.422 0.0000000000
102750  5.370  -40.638  41.737 0.0000000000
102751  7.516  -37.153  42.765 0.0000000000
102752  4.945  -37.886  46.596 0.0000000000
102753  5.601  -38.935  44.459 0.0000000000
102754  5.573  -39.781  41.254 0.0000000000
102755  6.168  -38.374  44.122 0.0000000000
102756  5.662  -39.568  41.877 0.0000000000
102757  5.960  -38.205  44.830 0.0000000000
102758  6.398  -38.422  41.040 0.0000000000
102759  7.744  -37.202  42.296 0.0000000000
102760  8.910  -36.237  42.169 0.0000000000
102761  6.378  -38.474  40.504 0.0000000000
102762  6.918  -37.860  40.834 0.0000000000
102763  6.687  -38.152  40.455 0.0000000000
102764  7.729  -36.623  42.622 0.0000000000
102765  10.383  -37.053  46.363 0.0000000000
102766  10.540  -36.406  43.599 0.0000000000
102767  7.406  -37.523  40.705 0.0000000000
102768  6.946  -37.590  41.996 0.0000000000
102769  8.236  -36.584  42.273 0.0000000000
102770  10.852  -37.699  46.551 0.0000000000
102771  11.296  -37.781  45.805 0.0000000000
102772  10.657  -37.027  47.108 0.0000000000
102773  10.238  -36.813  46.607 0.0000000000
102774  8.345  -36.888  41.588 0.0000000000
102775  9.226  -35.865  42.072 0.0000000000
102776  10.337  -35.982  42.508 0.0000000000
102777  9.307  -36.153  41.827 0.0000000000
102778  11.798  -38.137  46.770 0.0000000000
102779  11.449  -37.542  47.418 0.0000000000
102780  11.555  -33.849  47.914 0.0000000000
102781  10.657  -36.992  45.076 0.0000000000
102782  10.066  -35.653  43.336 0.0000000000
102783  12.178  -37.990  46.231 0.0000000000
102784  12.184  -37.268  44.521 0.0000000000
102785  11.767  -33.380  47.463 0.0000000000
102786  10.924  -36.935  43.926 0.0000000000
102787  10.576  -35.966  45.972 0.0000000000
102788  12.276  -37.051  44.144 0.0000000000
102789  11.449  -37.393  44.631 0.0000000000
102790  11.089  -34.930  46.065 0.0000000000
102791  11.345  -34.766  47.105 0.0000000000
102792  12.055  -37.045  43.998 0.0000000000
102793  11.517  -34.098  45.974 0.0000000000
102825  16.992  -37.574  44.622 0.0000000000
102826  16.982  -38.291  44.172 0.0000000000
102827  16.652  -37.874  44.333 0.0000000000
