#!ascii label  , from subject FREESURFER vox2ras=TkReg 
972
22572  -47.585  -45.456  1.998 0.0000000000
22573  -48.191  -45.162  1.549 0.0000000000
22577  -47.844  -45.208  1.221 0.0000000000
22578  -48.581  -45.293  1.098 0.0000000000
22579  -49.166  -45.272  0.799 0.0000000000
22582  -48.287  -45.147  0.789 0.0000000000
22583  -48.892  -45.272  0.450 0.0000000000
22584  -49.751  -45.398  0.296 0.0000000000
22585  -50.579  -45.384  0.062 0.0000000000
22588  -49.433  -45.289  -0.277 0.0000000000
22589  -50.477  -45.529  -0.631 0.0000000000
22590  -51.253  -45.320  -0.462 0.0000000000
22591  -51.728  -45.131  -0.690 0.0000000000
22595  -50.992  -45.530  -1.247 0.0000000000
22596  -51.429  -45.502  -0.999 0.0000000000
22597  -51.700  -45.336  -0.816 0.0000000000
22652  -40.454  -43.569  -6.971 0.0000000000
23302  -47.289  -43.159  3.706 0.0000000000
23310  -47.855  -44.282  2.671 0.0000000000
23311  -48.291  -44.554  2.094 0.0000000000
23317  -47.861  -44.505  0.778 0.0000000000
23318  -48.638  -44.592  1.589 0.0000000000
23319  -49.132  -44.773  1.236 0.0000000000
23323  -48.370  -44.574  0.376 0.0000000000
23324  -48.804  -44.684  -0.150 0.0000000000
23325  -49.606  -44.987  0.871 0.0000000000
23326  -50.186  -44.833  0.569 0.0000000000
23330  -49.225  -44.620  -0.581 0.0000000000
23331  -49.732  -44.936  -0.955 0.0000000000
23332  -50.915  -44.734  0.148 0.0000000000
23333  -51.525  -44.658  -0.419 0.0000000000
23337  -50.516  -45.060  -1.373 0.0000000000
23338  -51.453  -45.013  -1.713 0.0000000000
23339  -52.169  -44.801  -1.044 0.0000000000
23340  -52.609  -44.145  -1.261 0.0000000000
23348  -51.888  -44.601  -2.289 0.0000000000
23349  -52.511  -44.711  -1.983 0.0000000000
23350  -52.837  -44.317  -1.554 0.0000000000
23385  -40.037  -43.307  -6.867 0.0000000000
23387  -39.713  -42.784  -7.106 0.0000000000
23388  -40.403  -43.027  -7.550 0.0000000000
23389  -41.167  -43.351  -7.922 0.0000000000
23397  -40.951  -42.661  -8.334 0.0000000000
23398  -41.779  -43.139  -8.549 0.0000000000
23399  -42.741  -43.249  -9.036 0.0000000000
23408  -43.330  -42.837  -9.509 0.0000000000
23409  -43.960  -43.064  -9.652 0.0000000000
24036  -46.882  -42.543  4.205 0.0000000000
24047  -47.123  -42.764  3.766 0.0000000000
24048  -47.362  -42.871  3.395 0.0000000000
24055  -47.635  -43.130  2.908 0.0000000000
24056  -48.088  -43.370  2.411 0.0000000000
24064  -48.481  -43.505  1.903 0.0000000000
24065  -48.944  -43.641  1.453 0.0000000000
24070  -47.927  -43.289  0.267 0.0000000000
24071  -48.448  -44.054  -0.051 0.0000000000
24072  -49.618  -43.909  1.000 0.0000000000
24073  -50.350  -43.756  0.493 0.0000000000
24078  -48.359  -42.818  -0.393 0.0000000000
24079  -48.833  -43.515  -0.646 0.0000000000
24080  -49.388  -44.233  -0.913 0.0000000000
24081  -50.986  -43.703  -0.050 0.0000000000
24082  -51.663  -43.702  -0.554 0.0000000000
24087  -49.196  -42.990  -1.185 0.0000000000
24088  -49.793  -43.717  -1.495 0.0000000000
24089  -50.698  -44.493  -1.784 0.0000000000
24090  -52.236  -43.614  -1.008 0.0000000000
24091  -52.754  -43.558  -1.454 0.0000000000
24099  -50.089  -43.065  -2.033 0.0000000000
24100  -51.006  -43.746  -2.336 0.0000000000
24101  -52.323  -44.138  -2.566 0.0000000000
24102  -53.349  -43.828  -2.202 0.0000000000
24103  -53.874  -43.195  -2.448 0.0000000000
24109  -51.162  -43.178  -2.658 0.0000000000
24110  -51.734  -43.323  -2.819 0.0000000000
24111  -52.896  -43.641  -3.111 0.0000000000
24112  -53.841  -43.338  -2.952 0.0000000000
24130  -39.223  -42.328  -6.931 0.0000000000
24133  -38.924  -41.581  -7.044 0.0000000000
24134  -39.688  -42.003  -7.619 0.0000000000
24135  -40.383  -42.262  -8.072 0.0000000000
24143  -40.237  -41.661  -8.155 0.0000000000
24144  -40.753  -41.831  -8.544 0.0000000000
24145  -41.504  -42.066  -8.967 0.0000000000
24146  -42.187  -42.500  -9.124 0.0000000000
24158  -42.178  -41.814  -9.350 0.0000000000
24159  -42.833  -42.155  -9.562 0.0000000000
24160  -43.725  -42.163  -9.982 0.0000000000
24161  -44.479  -42.567  -10.045 0.0000000000
24170  -44.405  -41.871  -10.305 0.0000000000
24171  -45.059  -42.066  -10.366 0.0000000000
24822  -46.663  -41.660  4.283 0.0000000000
24833  -47.068  -42.073  3.416 0.0000000000
24834  -47.400  -42.500  3.036 0.0000000000
24842  -47.149  -41.469  2.970 0.0000000000
24843  -47.630  -42.048  2.494 0.0000000000
24844  -48.195  -42.727  2.118 0.0000000000
24849  -47.925  -41.441  1.989 0.0000000000
24850  -48.543  -42.129  1.604 0.0000000000
24851  -49.228  -42.938  1.251 0.0000000000
24856  -47.499  -42.063  0.240 0.0000000000
24857  -48.954  -41.465  1.136 0.0000000000
24858  -49.673  -42.227  0.710 0.0000000000
24859  -50.488  -42.958  0.255 0.0000000000
24864  -48.121  -42.047  -0.525 0.0000000000
24865  -48.537  -42.608  -0.692 0.0000000000
24866  -50.018  -41.512  0.172 0.0000000000
24867  -50.816  -42.236  -0.286 0.0000000000
24868  -51.715  -42.951  -0.718 0.0000000000
24875  -48.329  -41.636  -1.150 0.0000000000
24876  -48.777  -42.287  -1.228 0.0000000000
24877  -49.286  -42.754  -1.474 0.0000000000
24878  -51.118  -41.517  -0.735 0.0000000000
24879  -51.909  -42.264  -1.121 0.0000000000
24880  -52.869  -42.829  -1.699 0.0000000000
24887  -48.801  -41.795  -1.764 0.0000000000
24888  -49.375  -42.318  -1.969 0.0000000000
24889  -50.168  -42.706  -2.364 0.0000000000
24890  -52.519  -41.906  -1.673 0.0000000000
24891  -53.308  -42.437  -2.197 0.0000000000
24892  -54.092  -42.611  -2.668 0.0000000000
24895  -49.750  -42.100  -2.539 0.0000000000
24896  -50.727  -42.540  -2.848 0.0000000000
24897  -51.985  -42.581  -3.397 0.0000000000
24898  -53.309  -42.973  -3.563 0.0000000000
24899  -54.374  -42.663  -3.391 0.0000000000
24900  -55.084  -42.279  -3.603 0.0000000000
24907  -52.605  -42.223  -3.808 0.0000000000
24908  -53.520  -42.355  -4.023 0.0000000000
24909  -54.603  -42.428  -4.117 0.0000000000
24910  -55.343  -42.127  -4.071 0.0000000000
24919  -38.456  -41.073  -6.476 0.0000000000
24924  -38.758  -40.891  -7.008 0.0000000000
24925  -39.253  -40.975  -7.484 0.0000000000
24934  -39.906  -41.078  -7.982 0.0000000000
24935  -40.528  -41.046  -8.439 0.0000000000
24936  -41.211  -41.131  -8.851 0.0000000000
24950  -41.882  -41.138  -9.292 0.0000000000
24951  -42.580  -41.170  -9.634 0.0000000000
24952  -43.296  -41.245  -10.006 0.0000000000
24960  -44.056  -41.220  -10.351 0.0000000000
24961  -44.857  -41.224  -10.484 0.0000000000
24962  -45.695  -41.391  -10.525 0.0000000000
25602  -46.523  -40.537  4.477 0.0000000000
25612  -46.796  -40.847  3.363 0.0000000000
25620  -47.260  -40.983  2.670 0.0000000000
25621  -47.605  -40.873  2.183 0.0000000000
25629  -48.038  -40.851  1.722 0.0000000000
25630  -48.534  -40.841  1.293 0.0000000000
25638  -49.027  -40.868  0.825 0.0000000000
25639  -49.544  -40.873  0.365 0.0000000000
25644  -47.030  -40.570  -0.505 0.0000000000
25645  -47.383  -41.294  -0.159 0.0000000000
25646  -50.051  -40.858  -0.107 0.0000000000
25647  -50.584  -40.848  -0.561 0.0000000000
25653  -47.247  -40.421  -1.107 0.0000000000
25654  -47.876  -40.933  -1.243 0.0000000000
25655  -48.485  -41.528  -1.540 0.0000000000
25656  -51.131  -40.869  -1.043 0.0000000000
25657  -51.786  -40.971  -1.504 0.0000000000
25662  -48.147  -40.692  -1.903 0.0000000000
25663  -48.697  -41.208  -2.155 0.0000000000
25664  -49.296  -41.704  -2.401 0.0000000000
25665  -52.466  -41.091  -2.037 0.0000000000
25666  -53.459  -41.231  -2.662 0.0000000000
25667  -54.329  -42.070  -2.886 0.0000000000
25672  -48.964  -40.935  -2.552 0.0000000000
25673  -49.514  -41.336  -2.819 0.0000000000
25674  -50.727  -41.447  -3.521 0.0000000000
25675  -51.755  -41.708  -3.805 0.0000000000
25676  -53.650  -40.556  -3.110 0.0000000000
25677  -54.448  -41.373  -3.290 0.0000000000
25678  -55.387  -41.502  -3.699 0.0000000000
25683  -51.246  -41.042  -3.997 0.0000000000
25684  -52.259  -41.424  -4.264 0.0000000000
25685  -53.533  -41.504  -4.466 0.0000000000
25686  -54.797  -41.768  -4.457 0.0000000000
25687  -55.654  -41.331  -4.358 0.0000000000
25688  -56.140  -40.673  -4.729 0.0000000000
25695  -54.028  -41.082  -4.752 0.0000000000
25696  -54.901  -41.073  -4.838 0.0000000000
25697  -55.795  -40.907  -4.981 0.0000000000
25698  -56.469  -40.500  -5.079 0.0000000000
25700  -38.659  -40.280  -6.545 0.0000000000
25701  -39.062  -40.030  -6.820 0.0000000000
25704  -38.997  -40.489  -7.053 0.0000000000
25705  -39.406  -40.193  -7.270 0.0000000000
25706  -39.875  -40.038  -7.573 0.0000000000
25709  -39.740  -40.511  -7.689 0.0000000000
25710  -40.321  -40.210  -8.051 0.0000000000
25711  -41.019  -40.339  -8.612 0.0000000000
25723  -41.654  -40.334  -9.099 0.0000000000
25724  -42.358  -40.308  -9.498 0.0000000000
25725  -43.063  -40.355  -9.870 0.0000000000
25734  -43.760  -40.369  -10.249 0.0000000000
25735  -44.546  -40.364  -10.499 0.0000000000
25736  -45.462  -40.368  -10.707 0.0000000000
25737  -46.319  -40.706  -10.750 0.0000000000
25744  -46.145  -39.987  -11.010 0.0000000000
25745  -46.831  -40.091  -11.103 0.0000000000
26408  -46.151  -38.677  4.249 0.0000000000
26409  -46.359  -39.478  4.804 0.0000000000
26423  -46.159  -38.659  3.735 0.0000000000
26424  -46.385  -39.391  3.598 0.0000000000
26431  -47.131  -39.808  2.291 0.0000000000
26432  -47.653  -40.306  1.858 0.0000000000
26438  -47.374  -39.243  1.592 0.0000000000
26439  -47.944  -39.762  1.273 0.0000000000
26440  -48.586  -40.279  0.957 0.0000000000
26447  -48.182  -39.255  0.666 0.0000000000
26448  -48.843  -39.776  0.374 0.0000000000
26449  -49.543  -40.263  0.042 0.0000000000
26456  -49.030  -39.346  -0.122 0.0000000000
26457  -49.723  -39.660  -0.518 0.0000000000
26458  -50.557  -40.219  -0.904 0.0000000000
26464  -45.074  -39.233  -1.631 0.0000000000
26465  -45.659  -39.482  -1.767 0.0000000000
26466  -46.682  -40.060  -1.233 0.0000000000
26467  -47.372  -40.366  -1.414 0.0000000000
26468  -49.946  -38.940  -1.206 0.0000000000
26469  -50.840  -39.589  -1.542 0.0000000000
26470  -51.746  -40.316  -1.853 0.0000000000
26474  -46.072  -39.311  -2.818 0.0000000000
26475  -46.732  -39.700  -2.377 0.0000000000
26476  -47.666  -40.281  -2.029 0.0000000000
26477  -48.297  -40.601  -2.202 0.0000000000
26478  -51.170  -38.916  -2.164 0.0000000000
26479  -51.968  -39.681  -2.371 0.0000000000
26480  -52.930  -39.684  -3.028 0.0000000000
26485  -46.259  -39.231  -3.375 0.0000000000
26486  -46.772  -39.394  -3.312 0.0000000000
26487  -47.656  -39.757  -3.029 0.0000000000
26488  -48.659  -40.445  -2.734 0.0000000000
26489  -49.668  -40.468  -3.468 0.0000000000
26490  -50.526  -40.542  -3.887 0.0000000000
26491  -53.731  -39.806  -3.463 0.0000000000
26492  -54.781  -40.142  -3.824 0.0000000000
26493  -55.605  -40.751  -3.947 0.0000000000
26498  -46.861  -39.271  -3.877 0.0000000000
26499  -47.459  -39.385  -3.883 0.0000000000
26500  -48.694  -39.631  -3.845 0.0000000000
26501  -49.937  -39.832  -4.105 0.0000000000
26502  -51.067  -40.350  -4.472 0.0000000000
26503  -52.239  -40.607  -4.821 0.0000000000
26504  -53.147  -40.664  -4.920 0.0000000000
26505  -55.368  -39.903  -4.166 0.0000000000
26506  -55.948  -40.218  -4.401 0.0000000000
26507  -56.881  -39.940  -4.808 0.0000000000
26514  -49.313  -39.449  -4.560 0.0000000000
26515  -50.190  -39.513  -4.866 0.0000000000
26516  -51.316  -39.732  -5.144 0.0000000000
26517  -52.448  -39.913  -5.252 0.0000000000
26518  -53.745  -40.277  -5.240 0.0000000000
26519  -54.974  -40.385  -5.425 0.0000000000
26520  -56.052  -40.293  -5.512 0.0000000000
26525  -38.927  -39.538  -6.401 0.0000000000
26526  -39.414  -39.590  -6.781 0.0000000000
26527  -39.919  -39.362  -6.953 0.0000000000
26532  -39.757  -39.741  -7.227 0.0000000000
26533  -40.288  -39.573  -7.458 0.0000000000
26534  -40.745  -39.431  -7.691 0.0000000000
26537  -40.579  -39.682  -7.881 0.0000000000
26538  -41.038  -39.569  -8.205 0.0000000000
26539  -41.717  -39.303  -8.569 0.0000000000
26549  -41.505  -39.777  -8.769 0.0000000000
26550  -42.203  -39.402  -9.130 0.0000000000
26551  -42.933  -39.536  -9.622 0.0000000000
26561  -43.563  -39.558  -10.007 0.0000000000
26562  -44.244  -39.513  -10.345 0.0000000000
26563  -44.984  -39.484  -10.648 0.0000000000
26569  -45.697  -39.385  -10.994 0.0000000000
26570  -46.438  -39.296  -11.269 0.0000000000
27177  -46.110  -38.140  4.379 0.0000000000
27178  -46.388  -38.320  5.073 0.0000000000
27192  -45.986  -38.021  3.742 0.0000000000
27193  -46.194  -38.520  3.341 0.0000000000
27207  -46.026  -38.031  3.044 0.0000000000
27208  -46.406  -38.486  2.596 0.0000000000
27217  -46.978  -38.474  1.535 0.0000000000
27218  -47.480  -38.982  1.260 0.0000000000
27226  -47.075  -37.946  0.968 0.0000000000
27227  -47.691  -38.488  0.650 0.0000000000
27228  -48.318  -39.021  0.379 0.0000000000
27234  -47.989  -37.968  0.061 0.0000000000
27235  -48.616  -38.591  -0.173 0.0000000000
27236  -49.376  -38.283  -1.015 0.0000000000
27242  -43.835  -38.611  -2.400 0.0000000000
27243  -44.615  -38.968  -1.782 0.0000000000
27244  -45.135  -39.232  -1.922 0.0000000000
27245  -50.078  -38.156  -1.575 0.0000000000
27246  -50.744  -38.147  -2.056 0.0000000000
27250  -43.988  -38.593  -3.487 0.0000000000
27251  -44.727  -38.850  -2.955 0.0000000000
27252  -45.303  -39.174  -2.480 0.0000000000
27253  -51.443  -38.182  -2.409 0.0000000000
27254  -52.218  -38.332  -2.804 0.0000000000
27255  -53.027  -38.402  -3.259 0.0000000000
27260  -44.164  -38.538  -4.456 0.0000000000
27261  -44.863  -38.820  -4.022 0.0000000000
27262  -45.762  -39.096  -3.587 0.0000000000
27263  -46.473  -39.232  -3.748 0.0000000000
27264  -53.913  -38.530  -3.717 0.0000000000
27265  -54.963  -38.618  -4.142 0.0000000000
27266  -55.397  -37.908  -4.158 0.0000000000
27272  -44.359  -38.391  -5.234 0.0000000000
27273  -44.930  -38.621  -4.895 0.0000000000
27274  -45.734  -38.875  -4.700 0.0000000000
27275  -46.802  -39.184  -4.497 0.0000000000
27276  -48.059  -39.336  -4.663 0.0000000000
27277  -48.760  -39.364  -4.620 0.0000000000
27278  -55.574  -39.391  -4.334 0.0000000000
27279  -56.113  -38.681  -4.439 0.0000000000
27288  -40.046  -38.413  -6.112 0.0000000000
27289  -40.607  -38.442  -6.252 0.0000000000
27290  -44.537  -38.183  -5.633 0.0000000000
27291  -44.952  -38.298  -5.502 0.0000000000
27292  -45.610  -38.485  -5.410 0.0000000000
27293  -46.588  -38.597  -5.614 0.0000000000
27294  -47.768  -38.981  -5.483 0.0000000000
27295  -49.107  -39.100  -5.306 0.0000000000
27296  -50.510  -39.088  -5.626 0.0000000000
27297  -51.712  -39.170  -5.738 0.0000000000
27298  -52.896  -39.266  -5.656 0.0000000000
27299  -54.081  -39.446  -5.720 0.0000000000
27300  -55.256  -39.624  -5.967 0.0000000000
27307  -39.224  -39.193  -6.362 0.0000000000
27308  -39.669  -39.015  -6.466 0.0000000000
27309  -40.530  -38.934  -6.801 0.0000000000
27310  -41.346  -38.649  -6.918 0.0000000000
27311  -41.854  -38.461  -6.919 0.0000000000
27312  -46.984  -38.170  -6.170 0.0000000000
27313  -47.615  -38.375  -6.135 0.0000000000
27314  -48.664  -38.549  -6.151 0.0000000000
27315  -49.867  -38.593  -6.230 0.0000000000
27316  -51.108  -38.619  -6.363 0.0000000000
27317  -52.343  -38.629  -6.332 0.0000000000
27318  -53.380  -38.744  -6.150 0.0000000000
27319  -54.418  -38.756  -6.370 0.0000000000
27326  -40.685  -39.264  -7.357 0.0000000000
27327  -41.139  -39.083  -7.507 0.0000000000
27328  -41.905  -38.593  -7.555 0.0000000000
27331  -41.601  -39.037  -8.093 0.0000000000
27332  -42.266  -38.771  -8.496 0.0000000000
27333  -42.800  -38.562  -8.830 0.0000000000
27343  -42.560  -38.830  -8.981 0.0000000000
27344  -43.052  -38.731  -9.284 0.0000000000
27345  -43.703  -38.477  -9.573 0.0000000000
27357  -43.454  -38.983  -9.717 0.0000000000
27358  -44.033  -38.697  -10.019 0.0000000000
27359  -44.691  -38.686  -10.420 0.0000000000
27364  -45.329  -38.630  -10.784 0.0000000000
27365  -45.962  -38.515  -11.149 0.0000000000
27366  -46.814  -38.355  -11.471 0.0000000000
27937  -47.061  -37.518  5.545 0.0000000000
27938  -47.986  -37.332  5.728 0.0000000000
27955  -46.156  -37.525  4.329 0.0000000000
27956  -46.519  -37.116  4.856 0.0000000000
27971  -45.982  -37.162  3.721 0.0000000000
27982  -45.883  -37.297  3.077 0.0000000000
27983  -46.062  -37.682  2.586 0.0000000000
27994  -45.904  -37.080  2.430 0.0000000000
27995  -46.228  -37.469  1.897 0.0000000000
28005  -46.675  -37.412  1.148 0.0000000000
28006  -47.174  -37.390  0.660 0.0000000000
28013  -47.687  -37.377  0.204 0.0000000000
28014  -48.228  -37.353  -0.231 0.0000000000
28015  -48.869  -37.262  -0.731 0.0000000000
28024  -49.663  -36.893  -1.299 0.0000000000
28025  -50.422  -36.985  -1.784 0.0000000000
28032  -43.077  -38.373  -3.049 0.0000000000
28033  -51.077  -37.011  -2.219 0.0000000000
28034  -51.804  -37.100  -2.521 0.0000000000
28035  -52.538  -37.183  -2.853 0.0000000000
28043  -42.352  -38.049  -3.775 0.0000000000
28044  -43.299  -38.351  -4.094 0.0000000000
28045  -53.294  -37.277  -3.266 0.0000000000
28046  -54.207  -37.308  -3.660 0.0000000000
28047  -54.989  -37.469  -3.942 0.0000000000
28054  -41.611  -37.935  -4.622 0.0000000000
28055  -42.639  -38.261  -4.824 0.0000000000
28056  -43.584  -38.387  -5.053 0.0000000000
28057  -54.841  -36.880  -3.867 0.0000000000
28058  -55.726  -37.229  -4.134 0.0000000000
28066  -40.898  -38.110  -5.656 0.0000000000
28067  -42.046  -38.279  -5.670 0.0000000000
28068  -43.081  -38.237  -5.837 0.0000000000
28069  -44.073  -38.101  -5.875 0.0000000000
28070  -44.827  -37.956  -5.991 0.0000000000
28071  -45.521  -38.060  -5.904 0.0000000000
28072  -46.015  -38.245  -5.799 0.0000000000
28075  -40.993  -38.471  -6.403 0.0000000000
28076  -41.616  -38.411  -6.377 0.0000000000
28077  -42.543  -38.263  -6.853 0.0000000000
28078  -43.673  -37.901  -6.766 0.0000000000
28079  -44.573  -37.669  -6.665 0.0000000000
28080  -45.403  -37.613  -6.518 0.0000000000
28081  -46.365  -37.823  -6.313 0.0000000000
28082  -47.389  -37.776  -6.557 0.0000000000
28083  -48.336  -37.942  -6.703 0.0000000000
28084  -49.403  -38.033  -6.804 0.0000000000
28085  -50.588  -38.033  -6.902 0.0000000000
28086  -51.902  -38.074  -7.075 0.0000000000
28087  -53.399  -38.208  -7.048 0.0000000000
28095  -42.706  -38.306  -7.999 0.0000000000
28096  -43.455  -37.886  -7.751 0.0000000000
28097  -44.409  -37.440  -7.632 0.0000000000
28098  -45.165  -37.271  -7.282 0.0000000000
28099  -46.023  -37.167  -7.104 0.0000000000
28100  -46.986  -37.186  -7.058 0.0000000000
28101  -47.959  -37.316  -7.180 0.0000000000
28102  -48.960  -37.454  -7.321 0.0000000000
28103  -50.060  -37.448  -7.386 0.0000000000
28104  -51.298  -37.423  -7.560 0.0000000000
28111  -42.787  -38.436  -8.529 0.0000000000
28112  -43.347  -38.149  -8.735 0.0000000000
28113  -44.137  -37.549  -8.479 0.0000000000
28127  -43.610  -38.263  -9.293 0.0000000000
28128  -44.329  -37.776  -9.526 0.0000000000
28129  -45.065  -37.314  -9.896 0.0000000000
28143  -44.502  -38.173  -10.156 0.0000000000
28144  -45.168  -37.771  -10.393 0.0000000000
28145  -45.716  -37.181  -10.442 0.0000000000
28152  -45.617  -38.066  -10.861 0.0000000000
28153  -46.126  -37.477  -10.945 0.0000000000
28704  -46.928  -36.740  5.144 0.0000000000
28705  -47.521  -36.557  5.275 0.0000000000
28706  -48.457  -36.671  5.379 0.0000000000
28723  -46.155  -36.356  4.083 0.0000000000
28724  -46.723  -36.266  4.773 0.0000000000
28725  -47.093  -36.307  5.052 0.0000000000
28743  -45.864  -36.577  3.368 0.0000000000
28759  -45.787  -36.435  2.726 0.0000000000
28774  -45.907  -36.456  2.005 0.0000000000
28775  -46.322  -36.532  1.362 0.0000000000
28784  -46.824  -36.562  0.800 0.0000000000
28785  -47.431  -36.527  0.383 0.0000000000
28793  -47.987  -36.505  -0.040 0.0000000000
28794  -48.565  -36.384  -0.393 0.0000000000
28795  -49.260  -36.074  -0.767 0.0000000000
28805  -49.817  -35.750  -1.144 0.0000000000
28806  -50.281  -35.953  -1.490 0.0000000000
28815  -50.822  -35.994  -1.878 0.0000000000
28816  -51.377  -36.049  -2.364 0.0000000000
28817  -52.040  -36.377  -2.687 0.0000000000
28826  -51.245  -35.762  -3.122 0.0000000000
28827  -51.608  -35.816  -2.893 0.0000000000
28828  -52.652  -36.372  -3.055 0.0000000000
28829  -53.408  -36.722  -3.479 0.0000000000
28836  -51.204  -35.960  -3.556 0.0000000000
28837  -51.977  -36.187  -3.679 0.0000000000
28838  -52.936  -36.446  -3.811 0.0000000000
28839  -54.052  -36.531  -3.987 0.0000000000
28840  -55.211  -36.441  -4.315 0.0000000000
28846  -51.175  -36.100  -4.655 0.0000000000
28847  -52.225  -36.272  -4.618 0.0000000000
28848  -53.271  -36.267  -4.703 0.0000000000
28849  -54.427  -36.096  -4.844 0.0000000000
28857  -51.607  -36.098  -5.413 0.0000000000
28858  -52.472  -36.040  -5.500 0.0000000000
28869  -44.690  -37.230  -7.936 0.0000000000
28870  -44.968  -37.098  -7.918 0.0000000000
28871  -45.676  -36.837  -7.877 0.0000000000
28872  -46.580  -36.690  -7.773 0.0000000000
28873  -47.524  -36.706  -7.690 0.0000000000
28874  -48.484  -36.782  -7.728 0.0000000000
28875  -49.502  -36.843  -7.827 0.0000000000
28876  -50.620  -36.811  -7.941 0.0000000000
28883  -44.691  -37.199  -8.238 0.0000000000
28884  -45.230  -36.823  -8.519 0.0000000000
28885  -46.188  -36.333  -8.680 0.0000000000
28886  -47.095  -36.297  -8.332 0.0000000000
28887  -47.957  -36.231  -8.231 0.0000000000
28888  -48.901  -36.210  -8.228 0.0000000000
28902  -44.718  -37.166  -8.870 0.0000000000
28903  -45.374  -36.818  -9.460 0.0000000000
28904  -46.231  -36.194  -9.532 0.0000000000
28920  -45.462  -37.069  -10.121 0.0000000000
28921  -46.135  -36.529  -10.292 0.0000000000
29481  -47.596  -36.113  5.131 0.0000000000
29482  -47.980  -36.072  5.198 0.0000000000
29483  -48.758  -36.070  5.152 0.0000000000
29498  -45.977  -35.164  3.878 0.0000000000
29499  -46.493  -35.426  4.448 0.0000000000
29500  -47.354  -35.693  4.919 0.0000000000
29501  -48.338  -35.401  5.014 0.0000000000
29502  -49.425  -35.567  4.875 0.0000000000
29503  -50.503  -35.566  4.540 0.0000000000
29505  -52.357  -35.246  4.049 0.0000000000
29519  -45.750  -35.627  3.214 0.0000000000
29535  -45.796  -35.578  2.319 0.0000000000
29550  -46.174  -35.603  1.616 0.0000000000
29551  -46.664  -35.677  1.002 0.0000000000
29562  -47.200  -35.825  0.598 0.0000000000
29563  -47.937  -35.515  0.136 0.0000000000
29564  -48.414  -34.863  -0.099 0.0000000000
29577  -48.318  -35.910  -0.163 0.0000000000
29578  -48.775  -35.270  -0.421 0.0000000000
29579  -49.593  -35.108  -0.877 0.0000000000
29590  -48.274  -34.673  -1.787 0.0000000000
29591  -48.649  -34.663  -1.838 0.0000000000
29592  -50.022  -35.115  -1.436 0.0000000000
29593  -50.522  -35.465  -1.720 0.0000000000
29601  -47.098  -34.948  -2.250 0.0000000000
29602  -47.526  -34.924  -2.067 0.0000000000
29603  -48.440  -34.962  -2.153 0.0000000000
29604  -49.523  -34.819  -2.022 0.0000000000
29605  -50.714  -35.257  -2.137 0.0000000000
29606  -51.137  -35.717  -2.561 0.0000000000
29609  -47.124  -35.003  -2.494 0.0000000000
29610  -47.650  -35.213  -2.775 0.0000000000
29611  -48.650  -35.333  -2.788 0.0000000000
29612  -49.700  -35.473  -2.864 0.0000000000
29613  -50.826  -35.649  -3.063 0.0000000000
29614  -51.239  -35.713  -2.786 0.0000000000
29619  -47.951  -35.339  -3.469 0.0000000000
29620  -48.771  -35.494  -3.647 0.0000000000
29621  -49.669  -35.651  -3.905 0.0000000000
29622  -50.448  -35.863  -4.224 0.0000000000
29627  -48.079  -35.283  -4.172 0.0000000000
29628  -48.759  -35.410  -4.580 0.0000000000
29629  -49.623  -35.598  -4.969 0.0000000000
29630  -50.340  -35.819  -5.100 0.0000000000
29635  -49.955  -35.511  -5.577 0.0000000000
29636  -50.674  -35.751  -5.861 0.0000000000
29637  -51.662  -35.728  -6.144 0.0000000000
29646  -51.002  -35.332  -6.527 0.0000000000
29653  -46.872  -36.055  -8.763 0.0000000000
29654  -47.419  -35.877  -8.774 0.0000000000
29655  -48.258  -35.712  -8.736 0.0000000000
29668  -46.813  -35.872  -9.201 0.0000000000
29669  -47.583  -35.477  -9.440 0.0000000000
29680  -46.748  -35.703  -9.928 0.0000000000
30307  -45.948  -34.451  3.800 0.0000000000
30308  -46.248  -34.568  4.163 0.0000000000
30309  -46.875  -34.570  4.532 0.0000000000
30310  -47.785  -34.537  4.779 0.0000000000
30311  -48.817  -34.520  4.855 0.0000000000
30312  -49.892  -34.562  4.723 0.0000000000
30313  -50.985  -34.590  4.484 0.0000000000
30314  -52.041  -34.517  4.265 0.0000000000
30315  -52.872  -34.116  4.200 0.0000000000
30329  -45.746  -34.595  3.340 0.0000000000
30330  -52.774  -34.909  4.049 0.0000000000
30331  -53.736  -34.787  3.721 0.0000000000
30343  -45.734  -34.713  2.620 0.0000000000
30351  -46.084  -34.676  1.877 0.0000000000
30352  -46.612  -34.733  1.243 0.0000000000
30362  -47.299  -34.837  0.631 0.0000000000
30363  -48.153  -34.433  0.146 0.0000000000
30364  -48.666  -34.332  -0.305 0.0000000000
30374  -46.532  -33.895  -0.972 0.0000000000
30375  -47.468  -33.890  -1.009 0.0000000000
30376  -47.973  -33.852  -1.082 0.0000000000
30377  -49.222  -34.364  -0.823 0.0000000000
30378  -49.713  -34.764  -0.997 0.0000000000
30387  -45.430  -34.127  -1.807 0.0000000000
30388  -46.095  -34.353  -1.625 0.0000000000
30389  -46.959  -34.394  -1.436 0.0000000000
30390  -47.910  -34.296  -1.405 0.0000000000
30391  -48.880  -34.374  -1.478 0.0000000000
30392  -49.541  -34.572  -1.344 0.0000000000
30398  -45.164  -34.064  -2.166 0.0000000000
30399  -45.749  -34.399  -2.529 0.0000000000
30400  -46.763  -34.781  -2.154 0.0000000000
30401  -47.250  -34.668  -1.742 0.0000000000
30402  -48.903  -34.711  -1.915 0.0000000000
30403  -49.284  -34.537  -1.657 0.0000000000
30408  -45.916  -34.439  -3.525 0.0000000000
30409  -46.781  -34.908  -3.143 0.0000000000
30410  -47.408  -35.174  -3.353 0.0000000000
30416  -45.819  -34.239  -4.382 0.0000000000
30417  -46.637  -34.664  -4.242 0.0000000000
30418  -47.390  -35.079  -3.936 0.0000000000
30424  -47.682  -34.924  -5.062 0.0000000000
30425  -48.954  -35.112  -5.465 0.0000000000
30426  -49.551  -35.295  -5.572 0.0000000000
30430  -48.461  -34.484  -6.307 0.0000000000
30431  -49.747  -35.011  -6.163 0.0000000000
30432  -50.492  -35.167  -6.421 0.0000000000
31119  -46.085  -34.130  3.944 0.0000000000
31120  -46.401  -33.735  4.093 0.0000000000
31121  -47.239  -33.562  4.471 0.0000000000
31122  -48.235  -33.538  4.713 0.0000000000
31123  -49.295  -33.557  4.770 0.0000000000
31124  -50.357  -33.592  4.635 0.0000000000
31125  -51.362  -33.584  4.439 0.0000000000
31126  -52.245  -33.468  4.263 0.0000000000
31127  -52.875  -33.354  4.149 0.0000000000
31143  -45.922  -33.841  3.548 0.0000000000
31144  -46.215  -33.137  3.537 0.0000000000
31145  -53.465  -33.627  3.945 0.0000000000
31146  -54.513  -33.868  3.568 0.0000000000
31165  -45.787  -33.856  2.812 0.0000000000
31166  -46.088  -33.483  2.287 0.0000000000
31183  -46.010  -34.028  2.200 0.0000000000
31184  -46.690  -33.475  1.439 0.0000000000
31185  -47.601  -32.955  0.881 0.0000000000
31200  -47.044  -34.145  0.932 0.0000000000
31201  -47.764  -33.578  0.523 0.0000000000
31202  -48.579  -33.650  0.015 0.0000000000
31212  -45.111  -33.126  -0.890 0.0000000000
31213  -46.119  -33.165  -0.669 0.0000000000
31214  -47.241  -33.198  -0.643 0.0000000000
31215  -48.147  -33.509  -0.690 0.0000000000
31216  -48.549  -33.850  -0.491 0.0000000000
31225  -44.170  -33.200  -1.949 0.0000000000
31226  -44.883  -33.663  -1.664 0.0000000000
31227  -45.617  -33.800  -1.181 0.0000000000
31228  -48.228  -33.837  -1.075 0.0000000000
31229  -48.612  -33.894  -1.042 0.0000000000
31232  -44.050  -33.173  -2.887 0.0000000000
31233  -44.866  -33.826  -2.706 0.0000000000
31234  -45.415  -34.209  -3.114 0.0000000000
31240  -44.599  -33.567  -3.708 0.0000000000
31241  -45.259  -34.063  -3.671 0.0000000000
31913  -46.732  -32.559  3.895 0.0000000000
31914  -47.687  -32.572  4.436 0.0000000000
31915  -48.728  -32.584  4.678 0.0000000000
31916  -49.791  -32.634  4.638 0.0000000000
31917  -50.801  -32.676  4.459 0.0000000000
31918  -51.712  -32.684  4.259 0.0000000000
31919  -52.619  -32.590  4.007 0.0000000000
31920  -53.156  -33.036  4.000 0.0000000000
31929  -45.954  -33.196  3.005 0.0000000000
31930  -46.242  -32.426  3.069 0.0000000000
31931  -52.963  -32.077  3.710 0.0000000000
31932  -53.640  -32.636  3.670 0.0000000000
31933  -55.016  -32.863  3.290 0.0000000000
31945  -46.011  -33.331  2.638 0.0000000000
31946  -46.237  -32.788  2.324 0.0000000000
31955  -46.783  -32.277  1.590 0.0000000000
31956  -47.558  -32.400  1.065 0.0000000000
31968  -48.069  -32.521  0.474 0.0000000000
31969  -48.470  -32.979  0.130 0.0000000000
31983  -44.088  -32.145  -0.994 0.0000000000
31984  -44.523  -32.351  -0.855 0.0000000000
31985  -45.592  -32.368  -0.577 0.0000000000
31986  -46.848  -32.323  -0.488 0.0000000000
31987  -48.085  -32.409  -0.247 0.0000000000
31988  -48.465  -33.212  -0.233 0.0000000000
32001  -43.931  -32.414  -1.335 0.0000000000
32002  -44.450  -32.991  -1.277 0.0000000000
32009  -43.557  -32.568  -2.171 0.0000000000
32714  -46.870  -31.975  3.714 0.0000000000
32715  -47.271  -31.739  3.902 0.0000000000
32716  -48.229  -31.687  4.355 0.0000000000
32717  -49.270  -31.724  4.491 0.0000000000
32718  -50.294  -31.804  4.399 0.0000000000
32719  -51.241  -31.838  4.212 0.0000000000
32720  -51.942  -32.015  4.036 0.0000000000
32730  -46.680  -31.664  3.324 0.0000000000
32731  -47.151  -31.018  3.435 0.0000000000
32732  -51.683  -31.474  3.909 0.0000000000
32733  -52.367  -31.570  3.692 0.0000000000
32734  -53.229  -31.549  3.432 0.0000000000
32735  -54.229  -31.565  3.200 0.0000000000
32736  -55.335  -32.011  3.008 0.0000000000
32742  -46.484  -31.465  2.200 0.0000000000
32743  -54.946  -31.245  2.741 0.0000000000
32752  -47.468  -31.463  1.073 0.0000000000
32753  -47.964  -31.985  0.746 0.0000000000
32762  -47.610  -31.201  0.227 0.0000000000
32763  -48.047  -31.796  0.339 0.0000000000
32774  -43.981  -31.635  -1.002 0.0000000000
32775  -44.971  -31.615  -0.649 0.0000000000
32776  -46.188  -31.534  -0.456 0.0000000000
32777  -47.383  -31.548  -0.256 0.0000000000
32778  -47.991  -31.634  -0.060 0.0000000000
32793  -42.604  -31.173  -2.056 0.0000000000
32794  -43.297  -31.774  -1.614 0.0000000000
32805  -43.024  -31.910  -2.505 0.0000000000
33494  -47.842  -30.912  3.827 0.0000000000
33495  -48.793  -30.913  4.115 0.0000000000
33496  -49.808  -31.001  4.139 0.0000000000
33497  -50.769  -31.138  4.065 0.0000000000
33498  -51.311  -31.278  3.967 0.0000000000
33506  -46.808  -30.754  2.836 0.0000000000
33507  -47.425  -30.148  3.181 0.0000000000
33508  -48.352  -30.168  3.682 0.0000000000
33509  -49.322  -30.234  3.799 0.0000000000
33510  -50.354  -30.374  3.756 0.0000000000
33511  -51.490  -30.733  3.665 0.0000000000
33512  -52.628  -30.580  3.206 0.0000000000
33513  -53.573  -30.922  3.092 0.0000000000
33514  -53.967  -30.997  3.039 0.0000000000
33522  -46.817  -30.278  2.146 0.0000000000
33523  -47.022  -30.187  2.613 0.0000000000
33524  -52.884  -30.062  2.828 0.0000000000
33525  -53.289  -30.371  2.854 0.0000000000
33526  -54.101  -30.593  2.729 0.0000000000
33527  -55.231  -30.519  2.294 0.0000000000
33534  -46.927  -30.636  1.532 0.0000000000
33542  -47.214  -30.511  0.729 0.0000000000
33550  -43.850  -31.089  -1.034 0.0000000000
33551  -44.351  -30.914  -0.917 0.0000000000
33552  -45.506  -30.855  -0.682 0.0000000000
33553  -46.745  -30.633  -0.263 0.0000000000
33564  -42.008  -30.058  -2.224 0.0000000000
33565  -42.281  -30.294  -2.037 0.0000000000
33566  -43.325  -30.694  -1.305 0.0000000000
33567  -44.143  -30.196  -1.112 0.0000000000
34311  -47.633  -29.436  2.916 0.0000000000
34312  -48.038  -29.515  3.330 0.0000000000
34313  -48.826  -29.503  3.524 0.0000000000
34314  -49.790  -29.578  3.466 0.0000000000
34315  -50.882  -29.671  3.349 0.0000000000
34316  -51.791  -29.958  3.240 0.0000000000
34322  -46.922  -29.822  1.991 0.0000000000
34323  -47.179  -29.609  2.279 0.0000000000
34324  -51.527  -29.358  2.994 0.0000000000
34325  -52.345  -29.585  2.829 0.0000000000
34326  -53.290  -29.697  2.535 0.0000000000
34327  -54.373  -29.504  2.102 0.0000000000
34328  -55.275  -29.827  1.847 0.0000000000
34335  -47.052  -29.715  1.473 0.0000000000
34336  -47.125  -29.373  1.803 0.0000000000
34337  -55.087  -29.269  1.594 0.0000000000
34346  -47.031  -29.840  0.302 0.0000000000
34355  -44.997  -30.261  -1.059 0.0000000000
34356  -45.889  -30.164  -0.820 0.0000000000
34357  -46.501  -29.802  -0.570 0.0000000000
34367  -42.011  -29.791  -2.194 0.0000000000
34368  -42.578  -29.512  -1.757 0.0000000000
34369  -43.617  -29.558  -1.353 0.0000000000
34370  -44.611  -29.581  -1.326 0.0000000000
34371  -45.535  -29.710  -1.263 0.0000000000
34372  -46.081  -29.748  -1.042 0.0000000000
34383  -42.049  -29.353  -2.172 0.0000000000
35137  -47.906  -29.162  3.050 0.0000000000
35138  -48.344  -28.976  3.171 0.0000000000
35139  -49.201  -28.844  3.248 0.0000000000
35140  -50.167  -28.927  3.089 0.0000000000
35141  -50.956  -28.996  2.921 0.0000000000
35149  -47.777  -28.897  2.590 0.0000000000
35150  -48.596  -28.420  2.686 0.0000000000
35151  -49.572  -28.251  2.705 0.0000000000
35152  -50.580  -28.392  2.609 0.0000000000
35153  -51.610  -28.692  2.514 0.0000000000
35154  -52.594  -28.903  2.320 0.0000000000
35155  -53.432  -28.917  2.041 0.0000000000
35156  -53.974  -28.841  1.813 0.0000000000
35163  -47.147  -29.259  1.316 0.0000000000
35164  -47.318  -28.901  1.581 0.0000000000
35165  -52.078  -28.369  2.037 0.0000000000
35166  -52.736  -28.302  1.761 0.0000000000
35167  -53.605  -28.321  1.562 0.0000000000
35168  -54.511  -28.622  1.488 0.0000000000
35169  -55.488  -28.691  1.194 0.0000000000
35177  -47.159  -29.242  0.827 0.0000000000
35178  -47.408  -28.588  0.416 0.0000000000
35187  -47.049  -29.273  -0.234 0.0000000000
35188  -47.294  -28.598  -0.762 0.0000000000
35195  -42.579  -28.977  -1.830 0.0000000000
35196  -43.083  -28.752  -1.700 0.0000000000
35197  -44.222  -28.742  -1.607 0.0000000000
35198  -45.206  -29.079  -1.676 0.0000000000
35199  -46.429  -29.311  -1.458 0.0000000000
35200  -47.343  -28.708  -1.894 0.0000000000
35208  -42.201  -28.680  -2.217 0.0000000000
35209  -42.944  -28.048  -2.093 0.0000000000
35210  -44.857  -28.408  -1.981 0.0000000000
35211  -45.664  -28.604  -2.239 0.0000000000
35212  -46.714  -28.740  -2.565 0.0000000000
35213  -47.633  -28.694  -2.784 0.0000000000
35214  -48.174  -28.616  -3.102 0.0000000000
35222  -47.127  -28.531  -3.167 0.0000000000
35223  -47.717  -28.424  -3.365 0.0000000000
35224  -48.373  -28.383  -3.434 0.0000000000
35923  -48.018  -28.241  2.064 0.0000000000
35924  -48.873  -27.630  2.021 0.0000000000
35925  -50.089  -27.633  2.185 0.0000000000
35926  -51.101  -27.926  2.156 0.0000000000
35927  -51.648  -28.177  2.068 0.0000000000
35935  -48.013  -27.838  1.114 0.0000000000
35936  -48.828  -27.335  1.144 0.0000000000
35937  -49.663  -27.139  1.271 0.0000000000
35938  -50.770  -27.289  1.598 0.0000000000
35939  -51.843  -27.707  1.609 0.0000000000
35940  -52.939  -27.482  1.102 0.0000000000
35941  -54.124  -27.723  1.094 0.0000000000
35942  -55.107  -27.914  0.999 0.0000000000
35951  -47.871  -27.828  -0.120 0.0000000000
35952  -48.692  -27.261  0.364 0.0000000000
35953  -49.119  -27.127  0.813 0.0000000000
35954  -53.095  -26.969  0.519 0.0000000000
35955  -53.826  -27.035  0.545 0.0000000000
35956  -54.899  -27.128  0.473 0.0000000000
35965  -47.860  -27.888  -1.290 0.0000000000
35966  -48.481  -27.242  -0.631 0.0000000000
35974  -43.801  -28.052  -1.955 0.0000000000
35975  -44.411  -28.163  -1.989 0.0000000000
35976  -48.091  -28.278  -2.313 0.0000000000
35977  -48.861  -27.271  -1.792 0.0000000000
35978  -49.641  -26.862  -1.907 0.0000000000
35983  -41.687  -27.962  -2.762 0.0000000000
35984  -42.424  -27.544  -2.621 0.0000000000
35985  -43.433  -27.478  -2.439 0.0000000000
35986  -44.769  -27.606  -2.564 0.0000000000
35987  -46.115  -28.059  -2.867 0.0000000000
35988  -46.716  -28.345  -3.102 0.0000000000
35989  -48.196  -28.574  -2.815 0.0000000000
35990  -48.866  -28.258  -2.963 0.0000000000
35991  -49.980  -27.134  -2.693 0.0000000000
35992  -50.859  -26.980  -2.859 0.0000000000
35997  -41.870  -27.426  -2.889 0.0000000000
35998  -45.137  -27.004  -3.167 0.0000000000
35999  -45.744  -27.320  -3.252 0.0000000000
36000  -46.916  -27.667  -3.608 0.0000000000
36001  -48.077  -27.973  -3.886 0.0000000000
36002  -49.002  -28.284  -3.924 0.0000000000
36003  -49.979  -27.948  -3.663 0.0000000000
36004  -51.231  -27.430  -3.493 0.0000000000
36005  -52.533  -27.445  -3.764 0.0000000000
36006  -53.554  -27.479  -3.892 0.0000000000
36007  -54.350  -27.464  -4.001 0.0000000000
36008  -54.718  -27.328  -4.164 0.0000000000
36014  -47.155  -27.042  -4.177 0.0000000000
36015  -47.704  -27.271  -4.286 0.0000000000
36016  -48.732  -27.441  -4.722 0.0000000000
36017  -49.836  -27.795  -4.492 0.0000000000
36018  -50.920  -27.747  -4.366 0.0000000000
36019  -52.050  -27.653  -4.359 0.0000000000
36020  -53.084  -27.650  -4.400 0.0000000000
36021  -54.080  -27.510  -4.531 0.0000000000
36022  -54.529  -27.414  -4.314 0.0000000000
36029  -49.107  -26.995  -5.355 0.0000000000
36030  -49.700  -27.212  -5.232 0.0000000000
36031  -50.673  -27.348  -5.124 0.0000000000
36032  -51.746  -27.484  -5.098 0.0000000000
36033  -52.834  -27.598  -5.027 0.0000000000
36034  -53.515  -27.602  -4.858 0.0000000000
36710  -49.904  -26.851  0.754 0.0000000000
36711  -50.483  -26.845  0.928 0.0000000000
36712  -51.429  -26.968  1.055 0.0000000000
36713  -52.123  -27.182  1.082 0.0000000000
36720  -49.024  -27.035  0.229 0.0000000000
36721  -49.380  -26.923  0.429 0.0000000000
36722  -50.129  -26.642  0.317 0.0000000000
36723  -51.039  -26.621  0.320 0.0000000000
36724  -52.287  -26.777  0.369 0.0000000000
36725  -53.465  -26.601  -0.044 0.0000000000
36726  -54.615  -26.570  -0.247 0.0000000000
36735  -49.017  -26.946  -0.110 0.0000000000
36736  -49.605  -26.656  -0.286 0.0000000000
36737  -50.443  -26.465  -0.419 0.0000000000
36738  -51.506  -26.421  -0.519 0.0000000000
36739  -52.861  -26.307  -0.810 0.0000000000
36740  -54.289  -26.246  -0.929 0.0000000000
36752  -49.079  -26.840  -0.813 0.0000000000
36753  -49.747  -26.635  -1.201 0.0000000000
36754  -50.739  -26.407  -1.278 0.0000000000
36755  -51.800  -26.340  -1.488 0.0000000000
36756  -52.951  -26.285  -1.848 0.0000000000
36757  -53.616  -26.398  -2.258 0.0000000000
36766  -42.463  -27.098  -2.861 0.0000000000
36767  -42.912  -26.977  -2.844 0.0000000000
36768  -43.811  -26.914  -2.869 0.0000000000
36769  -50.171  -26.650  -1.875 0.0000000000
36770  -50.955  -26.611  -2.225 0.0000000000
36771  -52.006  -26.570  -2.355 0.0000000000
36772  -52.948  -26.590  -2.617 0.0000000000
36773  -53.965  -26.629  -2.793 0.0000000000
36774  -54.745  -26.601  -3.140 0.0000000000
36782  -42.120  -26.814  -3.203 0.0000000000
36783  -43.362  -26.390  -3.509 0.0000000000
36784  -44.574  -26.564  -3.420 0.0000000000
36785  -45.412  -26.699  -3.582 0.0000000000
36786  -46.096  -26.916  -3.766 0.0000000000
36787  -51.416  -26.886  -2.835 0.0000000000
36788  -52.184  -26.935  -3.113 0.0000000000
36789  -53.187  -26.978  -3.322 0.0000000000
36790  -54.119  -27.075  -3.483 0.0000000000
36791  -54.974  -27.020  -3.797 0.0000000000
36800  -42.554  -26.045  -4.142 0.0000000000
36801  -43.424  -25.935  -4.342 0.0000000000
36802  -45.113  -26.261  -3.918 0.0000000000
36803  -45.749  -26.345  -4.136 0.0000000000
36804  -46.637  -26.622  -4.334 0.0000000000
36805  -47.354  -26.716  -4.608 0.0000000000
36806  -47.995  -26.845  -4.860 0.0000000000
36807  -54.420  -27.356  -4.844 0.0000000000
36808  -55.044  -27.053  -4.588 0.0000000000
36815  -47.027  -26.320  -4.895 0.0000000000
36816  -47.601  -26.407  -5.269 0.0000000000
36817  -48.579  -26.546  -5.579 0.0000000000
36818  -49.536  -26.561  -5.765 0.0000000000
36819  -50.454  -26.684  -5.824 0.0000000000
36820  -51.484  -26.827  -5.845 0.0000000000
36821  -52.619  -26.919  -5.706 0.0000000000
36822  -54.052  -27.004  -5.362 0.0000000000
36829  -49.275  -25.989  -6.327 0.0000000000
36830  -50.233  -26.039  -6.466 0.0000000000
36831  -51.257  -26.020  -6.574 0.0000000000
36832  -52.335  -25.998  -6.487 0.0000000000
36833  -53.406  -26.087  -6.229 0.0000000000
36834  -54.115  -26.126  -6.077 0.0000000000
37542  -53.950  -26.216  -1.566 0.0000000000
37552  -53.756  -26.266  -1.946 0.0000000000
37553  -54.583  -26.218  -2.241 0.0000000000
37561  -54.665  -26.400  -2.705 0.0000000000
37566  -44.189  -26.045  -4.120 0.0000000000
37567  -44.732  -26.131  -3.999 0.0000000000
37573  -41.983  -25.665  -4.943 0.0000000000
37574  -43.016  -25.640  -5.025 0.0000000000
37575  -43.988  -25.766  -4.951 0.0000000000
37576  -45.036  -25.885  -4.615 0.0000000000
37577  -46.125  -25.994  -4.787 0.0000000000
37578  -46.660  -26.180  -4.871 0.0000000000
37585  -42.503  -25.214  -6.004 0.0000000000
37586  -43.627  -25.375  -5.783 0.0000000000
37587  -44.645  -25.436  -5.607 0.0000000000
37588  -45.716  -25.515  -5.498 0.0000000000
37589  -46.849  -25.876  -5.520 0.0000000000
37590  -47.955  -25.956  -6.021 0.0000000000
37591  -48.630  -25.955  -6.197 0.0000000000
37601  -42.793  -24.792  -6.604 0.0000000000
37602  -43.361  -24.943  -6.508 0.0000000000
37603  -44.262  -25.071  -6.437 0.0000000000
37604  -45.265  -25.138  -6.344 0.0000000000
37605  -46.332  -25.251  -6.312 0.0000000000
37606  -47.433  -25.380  -6.491 0.0000000000
37607  -48.785  -25.321  -6.902 0.0000000000
37608  -50.032  -25.422  -7.046 0.0000000000
37609  -51.025  -25.285  -7.088 0.0000000000
37610  -52.180  -24.725  -7.173 0.0000000000
37611  -53.232  -24.954  -6.889 0.0000000000
37618  -49.332  -24.769  -7.567 0.0000000000
37619  -50.019  -24.811  -7.584 0.0000000000
37620  -51.003  -24.678  -7.584 0.0000000000
37621  -51.598  -24.597  -7.473 0.0000000000
38370  -41.632  -24.896  -6.254 0.0000000000
38379  -42.210  -24.418  -6.829 0.0000000000
38380  -43.086  -24.544  -7.046 0.0000000000
38381  -43.898  -24.659  -7.127 0.0000000000
38382  -44.836  -24.773  -7.131 0.0000000000
38383  -45.857  -24.822  -7.061 0.0000000000
38384  -46.909  -24.811  -7.001 0.0000000000
38385  -47.865  -24.865  -7.106 0.0000000000
38386  -52.745  -23.799  -7.634 0.0000000000
38395  -42.820  -24.060  -7.343 0.0000000000
38396  -43.529  -24.077  -7.594 0.0000000000
38397  -44.426  -24.257  -7.812 0.0000000000
38398  -45.425  -24.402  -7.815 0.0000000000
38399  -46.471  -24.410  -7.699 0.0000000000
38400  -47.529  -24.423  -7.630 0.0000000000
38401  -48.686  -24.531  -7.723 0.0000000000
38402  -49.887  -24.321  -8.028 0.0000000000
38403  -51.097  -24.027  -8.038 0.0000000000
38404  -52.199  -23.779  -7.847 0.0000000000
38408  -49.252  -24.190  -8.209 0.0000000000
38409  -49.903  -23.969  -8.425 0.0000000000
39123  -44.033  -23.351  -8.341 0.0000000000
39124  -45.028  -23.851  -8.535 0.0000000000
39125  -46.073  -23.986  -8.469 0.0000000000
39126  -47.134  -24.002  -8.276 0.0000000000
39127  -48.164  -24.112  -8.203 0.0000000000
39128  -48.779  -24.179  -8.191 0.0000000000
39139  -44.340  -22.877  -8.900 0.0000000000
39140  -44.776  -23.180  -9.019 0.0000000000
39141  -45.721  -23.311  -9.267 0.0000000000
39142  -46.807  -23.578  -9.009 0.0000000000
39143  -47.870  -23.753  -8.855 0.0000000000
39144  -49.094  -23.864  -8.654 0.0000000000
39155  -46.057  -22.925  -9.810 0.0000000000
39156  -46.635  -23.135  -9.706 0.0000000000
39157  -47.555  -23.347  -9.541 0.0000000000
39158  -48.636  -23.457  -9.356 0.0000000000
39906  -45.125  -22.915  -9.437 0.0000000000
39916  -45.534  -22.485  -9.866 0.0000000000
39917  -46.485  -22.552  -10.229 0.0000000000
39918  -47.385  -22.863  -10.179 0.0000000000
39919  -48.227  -23.077  -9.930 0.0000000000
