#!ascii label  , from subject FREESURFER vox2ras=TkReg 
1102
78330  -42.096  20.846  19.979 0.0000000000
78983  -44.831  21.645  23.007 0.0000000000
78984  -45.543  22.010  22.504 0.0000000000
78995  -43.811  21.257  21.756 0.0000000000
78996  -44.837  21.600  21.702 0.0000000000
78997  -45.771  22.024  21.646 0.0000000000
79000  -42.875  21.046  20.687 0.0000000000
79001  -43.862  21.634  20.498 0.0000000000
79002  -44.953  21.745  20.892 0.0000000000
79003  -45.511  21.973  20.915 0.0000000000
79005  -41.480  20.057  18.911 0.0000000000
79006  -41.487  20.901  19.274 0.0000000000
79007  -42.572  21.318  19.545 0.0000000000
79008  -43.438  21.649  19.265 0.0000000000
79011  -41.223  20.494  18.383 0.0000000000
79012  -41.663  21.480  18.548 0.0000000000
79013  -42.634  21.645  18.790 0.0000000000
79014  -43.167  21.841  18.747 0.0000000000
79019  -40.653  21.297  17.873 0.0000000000
79020  -41.156  21.778  17.946 0.0000000000
79577  -45.696  22.178  24.250 0.0000000000
79578  -46.274  22.745  23.549 0.0000000000
79579  -46.931  22.864  23.180 0.0000000000
79587  -45.775  22.267  23.262 0.0000000000
79588  -46.411  22.431  22.729 0.0000000000
79589  -47.184  22.831  22.495 0.0000000000
79600  -46.662  22.490  21.880 0.0000000000
79601  -47.485  22.804  21.484 0.0000000000
79602  -48.137  23.076  20.830 0.0000000000
79606  -44.527  21.847  20.380 0.0000000000
79607  -45.114  21.939  20.372 0.0000000000
79608  -46.218  22.305  20.753 0.0000000000
79609  -47.425  22.786  20.373 0.0000000000
79610  -48.233  23.220  20.055 0.0000000000
79612  -44.297  21.941  19.790 0.0000000000
79613  -45.174  22.229  19.631 0.0000000000
79614  -46.358  22.612  19.570 0.0000000000
79615  -47.511  23.110  19.311 0.0000000000
79616  -48.286  23.499  19.331 0.0000000000
79619  -42.149  21.881  18.437 0.0000000000
79620  -42.679  22.107  18.381 0.0000000000
79621  -43.845  22.282  18.659 0.0000000000
79622  -45.233  22.730  18.779 0.0000000000
79623  -46.449  23.035  18.637 0.0000000000
79624  -47.400  23.339  18.470 0.0000000000
79627  -40.631  22.089  17.503 0.0000000000
79628  -41.668  22.231  17.827 0.0000000000
79629  -42.711  22.717  17.586 0.0000000000
79630  -43.557  22.983  17.888 0.0000000000
79635  -40.772  22.658  16.962 0.0000000000
79636  -41.777  22.947  16.955 0.0000000000
79637  -42.382  22.991  17.048 0.0000000000
80135  -45.663  23.473  24.121 0.0000000000
80136  -46.521  23.407  23.340 0.0000000000
80137  -47.123  23.300  22.877 0.0000000000
80144  -45.000  24.544  24.096 0.0000000000
80145  -45.854  24.190  23.398 0.0000000000
80146  -46.794  23.999  22.700 0.0000000000
80147  -47.438  23.476  22.069 0.0000000000
80157  -45.083  24.770  23.304 0.0000000000
80158  -45.822  24.600  22.651 0.0000000000
80159  -46.629  24.413  22.058 0.0000000000
80160  -48.017  23.504  21.286 0.0000000000
80161  -48.372  23.636  20.539 0.0000000000
80165  -48.555  23.763  19.771 0.0000000000
80168  -48.039  23.513  18.741 0.0000000000
80169  -48.618  23.878  18.762 0.0000000000
80172  -44.321  23.114  18.262 0.0000000000
80173  -45.352  23.446  18.089 0.0000000000
80174  -46.746  23.520  17.884 0.0000000000
80175  -48.032  23.672  17.965 0.0000000000
80176  -48.670  24.190  17.909 0.0000000000
80179  -43.252  23.006  17.321 0.0000000000
80180  -44.087  23.347  17.355 0.0000000000
80181  -45.633  23.849  17.091 0.0000000000
80182  -47.316  23.971  17.293 0.0000000000
80183  -48.324  24.214  17.542 0.0000000000
80184  -48.614  24.233  17.629 0.0000000000
80187  -40.784  23.173  16.357 0.0000000000
80188  -41.564  23.351  16.223 0.0000000000
80189  -42.731  23.211  16.602 0.0000000000
80190  -44.178  23.486  16.240 0.0000000000
80191  -45.460  23.738  15.983 0.0000000000
80195  -40.776  23.774  15.836 0.0000000000
80196  -41.830  23.762  15.665 0.0000000000
80197  -43.022  23.758  15.494 0.0000000000
80198  -44.287  23.841  15.307 0.0000000000
80199  -45.404  23.959  15.258 0.0000000000
80639  -35.103  25.083  23.877 0.0000000000
80657  -35.123  25.350  22.988 0.0000000000
80658  -35.851  25.089  23.226 0.0000000000
80659  -36.794  25.122  23.475 0.0000000000
80672  -35.117  25.549  22.529 0.0000000000
80673  -35.697  25.418  22.309 0.0000000000
80674  -36.637  25.239  22.584 0.0000000000
80675  -37.561  25.300  22.730 0.0000000000
80676  -38.515  25.325  22.765 0.0000000000
80677  -39.476  25.139  22.864 0.0000000000
80678  -40.488  24.900  23.101 0.0000000000
80679  -41.648  24.869  23.325 0.0000000000
80680  -42.962  24.845  23.562 0.0000000000
80681  -44.151  25.003  23.837 0.0000000000
80682  -47.387  24.106  21.802 0.0000000000
80683  -47.809  23.825  21.544 0.0000000000
80693  -35.975  25.545  21.689 0.0000000000
80694  -36.561  25.400  21.830 0.0000000000
80695  -37.405  25.307  21.963 0.0000000000
80696  -38.250  25.328  22.004 0.0000000000
80697  -39.230  25.421  21.700 0.0000000000
80698  -40.278  25.104  21.944 0.0000000000
80699  -41.280  24.797  22.091 0.0000000000
80700  -42.548  24.642  22.207 0.0000000000
80701  -44.316  24.531  22.408 0.0000000000
80702  -45.861  24.581  21.651 0.0000000000
80703  -47.090  24.559  21.240 0.0000000000
80704  -48.136  24.176  20.890 0.0000000000
80705  -48.589  23.998  20.242 0.0000000000
80708  -39.527  25.578  20.600 0.0000000000
80709  -40.257  25.328  20.895 0.0000000000
80710  -40.954  24.938  21.150 0.0000000000
80711  -41.932  24.664  21.007 0.0000000000
80712  -43.329  24.526  20.997 0.0000000000
80713  -44.851  24.504  20.831 0.0000000000
80714  -46.321  24.698  20.498 0.0000000000
80715  -47.642  24.670  20.107 0.0000000000
80716  -48.491  24.296  19.578 0.0000000000
80719  -39.653  25.548  20.002 0.0000000000
80720  -40.162  25.294  20.045 0.0000000000
80721  -41.139  24.907  20.010 0.0000000000
80722  -42.583  24.649  19.923 0.0000000000
80723  -43.983  24.646  19.847 0.0000000000
80724  -45.434  24.748  19.692 0.0000000000
80725  -46.899  24.839  19.339 0.0000000000
80726  -48.132  24.836  18.885 0.0000000000
80727  -48.657  24.483  18.373 0.0000000000
80730  -42.139  25.138  19.235 0.0000000000
80731  -43.315  24.946  18.986 0.0000000000
80732  -44.703  25.031  18.989 0.0000000000
80733  -46.072  24.937  18.737 0.0000000000
80734  -47.443  25.155  18.224 0.0000000000
80735  -48.644  24.991  17.852 0.0000000000
80736  -48.792  24.615  17.827 0.0000000000
80739  -46.611  24.098  16.584 0.0000000000
80740  -47.892  24.686  16.971 0.0000000000
80741  -48.562  24.468  17.626 0.0000000000
80742  -48.746  24.393  17.765 0.0000000000
80745  -46.582  24.142  15.847 0.0000000000
80746  -47.635  24.625  15.800 0.0000000000
80747  -48.317  24.888  15.155 0.0000000000
80752  -40.999  24.511  15.487 0.0000000000
80753  -42.086  24.475  15.136 0.0000000000
80754  -43.305  24.457  14.728 0.0000000000
80755  -44.638  24.309  14.704 0.0000000000
80756  -46.154  24.297  14.828 0.0000000000
80757  -47.436  24.648  14.602 0.0000000000
80758  -48.392  25.020  14.320 0.0000000000
80759  -49.040  25.308  14.060 0.0000000000
80768  -43.999  24.756  14.273 0.0000000000
80769  -45.014  24.761  14.229 0.0000000000
80770  -46.284  24.861  14.095 0.0000000000
80771  -47.523  25.047  13.810 0.0000000000
80772  -48.532  25.340  13.648 0.0000000000
80773  -49.157  25.533  13.615 0.0000000000
81169  -33.999  25.756  24.707 0.0000000000
81170  -34.447  25.334  24.303 0.0000000000
81180  -34.215  25.891  23.738 0.0000000000
81181  -34.659  25.476  23.491 0.0000000000
81188  -34.287  26.199  23.229 0.0000000000
81189  -34.655  25.910  22.646 0.0000000000
81190  -35.177  25.690  22.243 0.0000000000
81199  -34.777  26.320  21.935 0.0000000000
81200  -35.361  25.972  21.518 0.0000000000
81201  -36.387  25.688  21.201 0.0000000000
81202  -37.273  25.605  21.305 0.0000000000
81203  -38.077  25.553  21.439 0.0000000000
81204  -38.608  25.522  21.546 0.0000000000
81207  -35.510  26.377  20.779 0.0000000000
81208  -36.134  26.222  20.494 0.0000000000
81209  -37.098  25.946  20.620 0.0000000000
81210  -38.013  25.846  20.759 0.0000000000
81211  -38.760  25.682  21.022 0.0000000000
81214  -36.438  26.496  19.978 0.0000000000
81215  -36.923  26.323  19.977 0.0000000000
81216  -37.809  26.177  20.022 0.0000000000
81217  -38.921  25.830  20.004 0.0000000000
81218  -40.084  25.856  19.611 0.0000000000
81219  -40.626  25.401  19.677 0.0000000000
81222  -40.539  26.235  19.276 0.0000000000
81223  -41.198  25.825  19.205 0.0000000000
81224  -42.720  25.898  18.526 0.0000000000
81225  -44.190  25.573  18.424 0.0000000000
81226  -45.558  25.319  18.265 0.0000000000
81227  -46.492  25.139  18.184 0.0000000000
81230  -43.116  26.454  18.178 0.0000000000
81231  -43.791  26.231  18.037 0.0000000000
81232  -45.326  25.980  17.641 0.0000000000
81233  -46.751  25.315  17.675 0.0000000000
81235  -45.982  26.361  17.043 0.0000000000
81236  -47.308  25.724  16.919 0.0000000000
81237  -48.281  25.457  15.934 0.0000000000
81244  -41.298  25.333  15.270 0.0000000000
81245  -42.325  25.293  14.768 0.0000000000
81246  -43.252  25.244  14.280 0.0000000000
81247  -49.019  25.466  14.918 0.0000000000
81248  -49.479  25.781  14.018 0.0000000000
81257  -44.146  25.251  14.015 0.0000000000
81258  -45.234  25.374  13.965 0.0000000000
81259  -46.541  25.525  13.712 0.0000000000
81260  -47.844  25.690  13.329 0.0000000000
81261  -48.921  25.832  13.202 0.0000000000
81262  -49.397  25.865  13.493 0.0000000000
81640  -33.770  26.287  25.295 0.0000000000
81646  -33.961  26.396  24.396 0.0000000000
81655  -34.155  26.511  23.642 0.0000000000
81665  -34.280  26.621  22.981 0.0000000000
81666  -34.468  26.751  22.246 0.0000000000
81674  -34.760  26.799  21.420 0.0000000000
81675  -35.180  26.591  20.928 0.0000000000
81678  -35.002  27.110  20.780 0.0000000000
81679  -35.522  26.923  20.300 0.0000000000
81680  -36.110  26.701  19.965 0.0000000000
81683  -36.040  27.225  19.740 0.0000000000
81684  -36.669  26.927  19.619 0.0000000000
81685  -37.507  26.743  19.568 0.0000000000
81686  -38.409  26.693  19.420 0.0000000000
81687  -39.409  26.476  19.378 0.0000000000
81688  -40.131  26.497  19.289 0.0000000000
81690  -39.066  27.117  19.064 0.0000000000
81691  -39.844  27.077  19.050 0.0000000000
81692  -40.710  26.810  18.936 0.0000000000
81693  -41.742  26.741  18.537 0.0000000000
81694  -42.657  26.853  18.200 0.0000000000
81697  -43.401  26.891  17.889 0.0000000000
81698  -44.249  26.729  17.586 0.0000000000
81699  -45.018  26.770  17.261 0.0000000000
81702  -45.623  26.906  16.822 0.0000000000
81703  -46.738  26.496  16.429 0.0000000000
81704  -47.811  26.061  16.348 0.0000000000
81713  -41.669  26.243  15.216 0.0000000000
81714  -42.734  26.204  14.659 0.0000000000
81715  -43.609  26.498  14.413 0.0000000000
81716  -44.420  26.640  14.283 0.0000000000
81717  -47.578  26.402  16.053 0.0000000000
81718  -48.430  26.303  15.646 0.0000000000
81719  -49.354  26.496  14.646 0.0000000000
81725  -43.529  25.787  14.146 0.0000000000
81726  -44.318  25.922  14.003 0.0000000000
81727  -45.499  26.304  13.967 0.0000000000
81728  -47.051  26.443  13.590 0.0000000000
81729  -48.398  26.618  13.208 0.0000000000
81730  -49.506  26.695  13.525 0.0000000000
82101  -33.752  27.006  26.909 0.0000000000
82102  -33.962  27.527  26.369 0.0000000000
82108  -33.735  26.950  25.889 0.0000000000
82109  -34.130  27.660  25.669 0.0000000000
82118  -33.887  27.015  24.991 0.0000000000
82119  -34.275  27.720  24.743 0.0000000000
82130  -30.961  28.164  23.597 0.0000000000
82131  -34.084  27.054  24.153 0.0000000000
82132  -34.327  27.713  23.827 0.0000000000
82144  -30.247  27.980  22.440 0.0000000000
82145  -34.188  27.060  23.465 0.0000000000
82146  -34.308  27.518  22.852 0.0000000000
82154  -34.461  27.584  21.856 0.0000000000
82158  -34.727  27.663  21.055 0.0000000000
82159  -35.113  27.736  20.404 0.0000000000
82163  -35.647  27.819  19.812 0.0000000000
82164  -36.506  27.917  19.323 0.0000000000
82165  -37.355  27.404  19.250 0.0000000000
82166  -37.894  27.132  19.306 0.0000000000
82169  -36.896  28.454  19.107 0.0000000000
82170  -37.352  28.164  19.001 0.0000000000
82171  -38.277  27.670  18.925 0.0000000000
82172  -39.381  27.783  18.748 0.0000000000
82173  -40.317  27.742  18.705 0.0000000000
82174  -41.252  27.678  18.558 0.0000000000
82175  -42.185  27.676  18.320 0.0000000000
82177  -43.032  27.644  18.039 0.0000000000
82178  -43.886  27.612  17.544 0.0000000000
82179  -44.438  27.160  17.361 0.0000000000
82182  -44.234  28.046  17.266 0.0000000000
82183  -44.795  27.591  17.018 0.0000000000
82184  -45.969  27.489  16.405 0.0000000000
82194  -42.103  27.238  15.318 0.0000000000
82195  -43.080  27.276  15.010 0.0000000000
82196  -43.994  27.364  14.705 0.0000000000
82197  -45.029  27.374  14.370 0.0000000000
82198  -47.300  27.171  15.712 0.0000000000
82199  -48.666  27.376  15.065 0.0000000000
82200  -49.539  27.605  14.285 0.0000000000
82206  -46.316  27.422  13.925 0.0000000000
82207  -47.743  27.579  13.552 0.0000000000
82208  -48.951  27.751  13.213 0.0000000000
82209  -49.558  27.917  13.654 0.0000000000
82579  -35.071  29.046  30.272 0.0000000000
82587  -34.208  27.895  28.738 0.0000000000
82588  -35.013  28.750  29.224 0.0000000000
82596  -34.103  27.758  27.528 0.0000000000
82597  -34.789  28.574  28.015 0.0000000000
82605  -31.953  29.229  26.347 0.0000000000
82606  -34.041  27.652  26.842 0.0000000000
82607  -34.522  28.272  26.683 0.0000000000
82614  -31.798  28.998  25.729 0.0000000000
82615  -34.695  28.423  25.484 0.0000000000
82620  -31.345  28.462  24.412 0.0000000000
82621  -31.654  28.777  25.099 0.0000000000
82622  -34.687  28.489  24.444 0.0000000000
82632  -30.827  28.274  22.885 0.0000000000
82633  -31.379  28.627  23.345 0.0000000000
82634  -34.574  28.518  23.421 0.0000000000
82645  -30.732  28.398  22.175 0.0000000000
82646  -31.277  28.743  22.448 0.0000000000
82647  -34.511  28.481  22.385 0.0000000000
82654  -29.519  28.158  21.318 0.0000000000
82655  -30.275  28.325  21.585 0.0000000000
82656  -30.934  28.778  21.616 0.0000000000
82657  -34.633  28.431  21.460 0.0000000000
82661  -27.953  28.721  19.890 0.0000000000
82662  -28.568  28.473  20.285 0.0000000000
82663  -29.310  28.412  20.499 0.0000000000
82664  -30.119  28.635  20.626 0.0000000000
82665  -30.564  28.731  21.105 0.0000000000
82666  -34.912  28.459  20.725 0.0000000000
82667  -35.333  28.566  20.111 0.0000000000
82671  -28.025  28.993  19.354 0.0000000000
82672  -28.515  28.906  19.341 0.0000000000
82673  -29.284  28.781  19.621 0.0000000000
82674  -29.699  28.701  20.103 0.0000000000
82675  -35.905  28.698  19.561 0.0000000000
82676  -36.572  28.862  19.209 0.0000000000
82680  -28.851  29.135  18.961 0.0000000000
82681  -29.011  28.973  19.137 0.0000000000
82682  -37.210  28.904  18.965 0.0000000000
82683  -37.980  28.745  18.784 0.0000000000
82684  -38.922  28.640  18.672 0.0000000000
82685  -39.906  28.627  18.666 0.0000000000
82686  -40.864  28.609  18.635 0.0000000000
82687  -41.813  28.604  18.530 0.0000000000
82688  -42.774  28.617  18.253 0.0000000000
82689  -43.429  28.963  17.944 0.0000000000
82692  -43.393  28.294  17.862 0.0000000000
82693  -43.993  28.676  17.462 0.0000000000
82694  -44.582  28.922  16.977 0.0000000000
82696  -44.507  28.345  17.047 0.0000000000
82697  -45.299  28.529  16.588 0.0000000000
82698  -46.581  28.383  15.943 0.0000000000
82708  -42.623  28.271  15.418 0.0000000000
82709  -43.587  28.261  15.127 0.0000000000
82710  -44.543  28.308  14.708 0.0000000000
82711  -47.892  28.361  15.294 0.0000000000
82712  -48.903  28.427  14.558 0.0000000000
82713  -49.582  28.573  14.104 0.0000000000
82719  -45.733  28.434  14.300 0.0000000000
82720  -47.078  28.622  13.732 0.0000000000
82721  -48.329  28.751  13.395 0.0000000000
82722  -49.285  28.762  13.544 0.0000000000
83089  -35.451  29.916  30.278 0.0000000000
83090  -35.975  30.154  29.589 0.0000000000
83097  -35.691  29.540  29.529 0.0000000000
83098  -36.186  30.051  28.907 0.0000000000
83104  -32.783  30.248  28.059 0.0000000000
83105  -35.576  29.362  28.551 0.0000000000
83106  -36.018  29.937  28.067 0.0000000000
83111  -32.322  29.562  27.053 0.0000000000
83112  -33.041  30.497  27.123 0.0000000000
83113  -35.420  29.219  27.450 0.0000000000
83114  -36.037  30.028  27.117 0.0000000000
83118  -32.313  29.634  25.852 0.0000000000
83119  -35.355  29.178  26.297 0.0000000000
83120  -36.028  29.998  25.960 0.0000000000
83126  -31.758  28.949  24.316 0.0000000000
83127  -32.070  29.349  24.691 0.0000000000
83128  -35.305  29.227  25.175 0.0000000000
83129  -35.878  30.049  24.858 0.0000000000
83142  -31.762  29.074  23.883 0.0000000000
83143  -32.125  29.810  23.637 0.0000000000
83144  -35.201  29.292  24.100 0.0000000000
83145  -35.772  30.107  23.824 0.0000000000
83152  -31.753  29.271  22.967 0.0000000000
83153  -32.139  30.020  22.692 0.0000000000
83154  -35.009  29.479  22.984 0.0000000000
83155  -35.677  30.257  23.031 0.0000000000
83160  -31.641  29.438  21.881 0.0000000000
83161  -32.136  30.221  21.907 0.0000000000
83162  -34.794  29.287  21.897 0.0000000000
83167  -27.534  28.992  20.094 0.0000000000
83168  -30.377  28.983  20.330 0.0000000000
83169  -30.910  29.294  20.672 0.0000000000
83170  -34.892  29.162  21.096 0.0000000000
83171  -35.188  29.259  20.527 0.0000000000
83175  -27.335  29.582  19.491 0.0000000000
83176  -27.689  29.347  19.270 0.0000000000
83177  -28.111  29.213  19.055 0.0000000000
83178  -29.600  29.075  19.405 0.0000000000
83179  -30.104  29.107  19.758 0.0000000000
83180  -30.903  29.906  19.656 0.0000000000
83181  -35.585  29.479  19.933 0.0000000000
83182  -36.186  29.596  19.409 0.0000000000
83186  -27.954  29.515  18.786 0.0000000000
83187  -28.514  29.444  18.699 0.0000000000
83188  -29.403  29.393  18.888 0.0000000000
83189  -30.357  29.819  18.962 0.0000000000
83190  -30.912  30.338  19.027 0.0000000000
83191  -36.873  29.641  19.020 0.0000000000
83192  -37.661  29.612  18.805 0.0000000000
83193  -38.543  29.562  18.689 0.0000000000
83194  -39.499  29.543  18.673 0.0000000000
83195  -40.472  29.532  18.731 0.0000000000
83196  -41.430  29.539  18.708 0.0000000000
83197  -42.368  29.574  18.535 0.0000000000
83198  -43.226  29.642  18.246 0.0000000000
83202  -28.895  29.787  18.323 0.0000000000
83203  -29.320  30.075  18.160 0.0000000000
83204  -43.893  29.597  17.845 0.0000000000
83205  -44.585  29.605  17.399 0.0000000000
83206  -45.412  29.970  17.095 0.0000000000
83209  -45.151  29.346  16.853 0.0000000000
83210  -46.263  29.634  16.351 0.0000000000
83211  -47.444  30.053  15.615 0.0000000000
83221  -43.265  29.216  15.206 0.0000000000
83222  -44.161  29.143  14.901 0.0000000000
83223  -45.122  29.309  14.516 0.0000000000
83224  -47.328  29.221  15.609 0.0000000000
83225  -48.548  29.584  14.877 0.0000000000
83226  -49.159  28.980  14.408 0.0000000000
83236  -46.420  29.622  13.992 0.0000000000
83237  -47.721  29.778  13.486 0.0000000000
83238  -48.623  29.688  13.905 0.0000000000
83239  -49.354  29.284  14.179 0.0000000000
83597  -34.723  30.718  30.201 0.0000000000
83598  -35.769  30.580  29.746 0.0000000000
83604  -33.154  30.826  29.110 0.0000000000
83605  -34.239  31.451  29.295 0.0000000000
83606  -36.156  30.624  29.187 0.0000000000
83610  -33.553  31.217  27.736 0.0000000000
83611  -33.971  31.692  28.469 0.0000000000
83612  -36.610  30.840  28.124 0.0000000000
83613  -36.682  31.603  27.754 0.0000000000
83617  -32.877  30.371  26.214 0.0000000000
83618  -33.366  31.196  26.601 0.0000000000
83619  -36.686  30.808  26.736 0.0000000000
83620  -36.926  31.552  27.181 0.0000000000
83624  -32.640  30.353  25.202 0.0000000000
83625  -33.213  31.120  25.611 0.0000000000
83626  -36.579  30.825  25.600 0.0000000000
83627  -37.139  31.564  26.222 0.0000000000
83633  -32.517  30.399  24.250 0.0000000000
83634  -32.961  31.107  24.674 0.0000000000
83635  -36.488  30.784  24.547 0.0000000000
83636  -37.086  31.555  25.221 0.0000000000
83647  -32.567  30.637  23.373 0.0000000000
83648  -32.799  31.021  23.967 0.0000000000
83649  -36.371  30.869  23.527 0.0000000000
83650  -36.855  31.473  24.327 0.0000000000
83655  -32.504  30.753  22.442 0.0000000000
83656  -35.319  30.097  22.250 0.0000000000
83657  -35.944  30.809  22.653 0.0000000000
83662  -31.829  30.126  21.099 0.0000000000
83663  -32.345  30.878  21.522 0.0000000000
83664  -35.131  29.900  21.367 0.0000000000
83665  -35.593  30.868  21.685 0.0000000000
83669  -31.510  30.298  20.233 0.0000000000
83670  -32.055  30.901  20.603 0.0000000000
83671  -35.135  29.646  20.867 0.0000000000
83672  -35.406  30.320  20.590 0.0000000000
83675  -27.266  30.094  18.764 0.0000000000
83676  -27.680  29.736  18.767 0.0000000000
83677  -31.476  30.816  19.461 0.0000000000
83678  -31.797  30.869  20.017 0.0000000000
83679  -35.891  30.441  19.722 0.0000000000
83680  -36.539  30.462  19.204 0.0000000000
83684  -27.366  30.513  17.826 0.0000000000
83685  -27.965  29.979  18.267 0.0000000000
83686  -28.520  29.883  18.265 0.0000000000
83687  -29.956  30.178  18.307 0.0000000000
83688  -30.597  30.443  18.506 0.0000000000
83689  -31.097  30.873  18.684 0.0000000000
83690  -37.286  30.447  18.841 0.0000000000
83691  -38.144  30.434  18.679 0.0000000000
83692  -39.086  30.473  18.703 0.0000000000
83693  -40.066  30.466  18.920 0.0000000000
83694  -41.051  30.438  18.968 0.0000000000
83695  -41.994  30.516  18.779 0.0000000000
83696  -42.960  30.541  18.603 0.0000000000
83697  -43.988  30.544  18.189 0.0000000000
83698  -44.503  31.042  17.907 0.0000000000
83702  -27.441  30.831  17.054 0.0000000000
83703  -27.970  30.505  17.388 0.0000000000
83704  -28.746  30.263  17.724 0.0000000000
83705  -29.632  30.712  17.532 0.0000000000
83706  -30.402  30.774  17.926 0.0000000000
83707  -30.799  30.838  18.258 0.0000000000
83708  -44.337  30.096  17.786 0.0000000000
83709  -44.941  30.619  17.545 0.0000000000
83710  -46.064  30.680  16.834 0.0000000000
83713  -27.534  31.167  16.706 0.0000000000
83714  -27.998  30.947  16.807 0.0000000000
83715  -28.599  30.868  16.972 0.0000000000
83716  -29.112  30.773  17.215 0.0000000000
83717  -47.101  30.760  16.098 0.0000000000
83718  -48.075  30.827  15.373 0.0000000000
83724  -43.053  30.094  14.822 0.0000000000
83725  -44.078  29.947  14.674 0.0000000000
83726  -44.650  29.741  14.606 0.0000000000
83727  -48.533  30.818  14.533 0.0000000000
83739  -44.114  30.876  14.080 0.0000000000
83740  -45.449  30.559  14.200 0.0000000000
83741  -47.151  30.788  13.821 0.0000000000
83742  -48.172  30.693  13.775 0.0000000000
84076  -35.699  31.019  29.588 0.0000000000
84077  -36.006  30.863  29.436 0.0000000000
84081  -35.356  31.516  29.178 0.0000000000
84082  -36.078  31.139  29.023 0.0000000000
84087  -34.110  32.004  27.762 0.0000000000
84088  -34.863  32.234  28.229 0.0000000000
84089  -36.104  31.856  28.199 0.0000000000
84090  -36.708  32.099  27.407 0.0000000000
84094  -33.860  31.917  26.958 0.0000000000
84095  -34.481  32.416  27.262 0.0000000000
84096  -37.097  32.250  26.619 0.0000000000
84101  -33.706  31.813  26.022 0.0000000000
84102  -34.275  32.352  26.289 0.0000000000
84103  -37.468  32.327  25.756 0.0000000000
84108  -33.611  31.896  25.087 0.0000000000
84109  -33.997  32.277  25.652 0.0000000000
84110  -37.374  32.219  24.755 0.0000000000
84120  -32.874  31.160  23.590 0.0000000000
84121  -33.248  31.666  23.963 0.0000000000
84122  -36.417  31.247  23.018 0.0000000000
84123  -36.804  31.885  23.530 0.0000000000
84129  -32.909  31.283  23.069 0.0000000000
84130  -33.253  32.064  22.960 0.0000000000
84131  -36.312  31.608  22.484 0.0000000000
84132  -36.673  32.060  22.872 0.0000000000
84138  -32.825  31.501  22.148 0.0000000000
84139  -33.187  32.275  21.945 0.0000000000
84140  -36.000  31.708  21.635 0.0000000000
84145  -32.662  31.797  21.017 0.0000000000
84146  -33.125  32.416  21.271 0.0000000000
84147  -35.708  31.471  20.915 0.0000000000
84153  -31.737  31.297  19.410 0.0000000000
84154  -32.079  31.534  19.844 0.0000000000
84155  -35.877  31.358  20.141 0.0000000000
84156  -36.337  31.341  19.504 0.0000000000
84157  -39.808  32.297  19.410 0.0000000000
84158  -40.438  32.157  19.509 0.0000000000
84159  -41.307  32.052  19.599 0.0000000000
84160  -42.052  31.990  19.592 0.0000000000
84165  -26.809  30.708  18.183 0.0000000000
84166  -31.658  31.568  18.948 0.0000000000
84167  -32.092  32.040  19.313 0.0000000000
84168  -36.961  31.279  19.022 0.0000000000
84169  -37.744  31.279  18.712 0.0000000000
84170  -38.612  31.291  18.732 0.0000000000
84171  -39.571  31.543  19.147 0.0000000000
84172  -40.685  31.321  19.248 0.0000000000
84173  -41.620  31.323  19.203 0.0000000000
84174  -42.604  31.519  19.079 0.0000000000
84175  -43.533  31.420  18.599 0.0000000000
84176  -44.242  31.476  18.110 0.0000000000
84181  -26.688  30.942  17.719 0.0000000000
84182  -26.986  30.864  17.332 0.0000000000
84183  -29.738  31.201  17.233 0.0000000000
84184  -30.173  31.462  17.346 0.0000000000
84185  -30.982  31.401  18.047 0.0000000000
84186  -44.859  31.488  17.564 0.0000000000
84187  -45.758  31.458  17.040 0.0000000000
84191  -25.173  32.138  17.086 0.0000000000
84192  -26.886  31.160  16.876 0.0000000000
84193  -27.221  31.324  16.612 0.0000000000
84194  -27.706  31.558  16.398 0.0000000000
84195  -28.408  31.727  16.399 0.0000000000
84196  -29.415  31.479  16.898 0.0000000000
84197  -29.951  31.882  17.007 0.0000000000
84198  -46.763  31.514  16.370 0.0000000000
84199  -47.680  31.594  15.751 0.0000000000
84202  -27.016  31.902  16.145 0.0000000000
84203  -27.416  32.076  16.002 0.0000000000
84204  -27.947  32.181  15.999 0.0000000000
84205  -28.259  32.226  16.066 0.0000000000
84206  -48.292  31.727  15.114 0.0000000000
84213  -43.838  31.886  13.275 0.0000000000
84214  -45.234  31.966  13.790 0.0000000000
84215  -46.598  31.861  14.053 0.0000000000
84216  -47.856  31.664  14.341 0.0000000000
84532  -35.111  32.511  27.856 0.0000000000
84533  -35.497  32.451  27.752 0.0000000000
84534  -36.162  32.414  27.499 0.0000000000
84537  -35.062  32.652  27.522 0.0000000000
84538  -35.674  32.818  27.120 0.0000000000
84539  -36.511  32.698  26.856 0.0000000000
84544  -34.925  32.851  26.637 0.0000000000
84545  -35.813  33.272  26.180 0.0000000000
84546  -37.068  33.116  26.095 0.0000000000
84551  -33.733  32.298  24.547 0.0000000000
84552  -34.529  32.941  25.230 0.0000000000
84553  -35.477  33.429  25.548 0.0000000000
84554  -37.565  33.095  25.258 0.0000000000
84562  -33.725  32.592  23.903 0.0000000000
84563  -34.260  33.328  23.913 0.0000000000
84564  -37.341  32.931  24.248 0.0000000000
84571  -33.717  33.048  22.755 0.0000000000
84572  -34.265  33.584  23.241 0.0000000000
84573  -36.605  32.138  22.573 0.0000000000
84574  -36.933  32.670  22.965 0.0000000000
84580  -33.401  32.928  21.596 0.0000000000
84581  -36.503  32.276  22.052 0.0000000000
84582  -36.845  32.807  22.214 0.0000000000
84590  -32.557  32.161  20.292 0.0000000000
84591  -33.087  32.776  20.608 0.0000000000
84592  -36.171  32.274  21.163 0.0000000000
84593  -36.357  32.603  20.655 0.0000000000
84601  -32.482  32.526  19.707 0.0000000000
84602  -32.947  33.272  19.851 0.0000000000
84603  -36.077  32.020  20.527 0.0000000000
84604  -36.387  32.404  19.946 0.0000000000
84605  -37.055  32.768  19.437 0.0000000000
84606  -37.943  32.875  19.256 0.0000000000
84607  -39.084  32.627  19.338 0.0000000000
84608  -40.144  32.931  19.545 0.0000000000
84609  -41.061  32.911  19.784 0.0000000000
84610  -41.872  32.745  19.629 0.0000000000
84616  -31.467  32.191  18.224 0.0000000000
84617  -31.997  32.634  18.866 0.0000000000
84618  -36.772  31.994  19.322 0.0000000000
84619  -37.411  32.067  19.011 0.0000000000
84620  -38.255  32.047  18.846 0.0000000000
84621  -38.853  31.869  19.005 0.0000000000
84622  -42.539  32.574  19.264 0.0000000000
84623  -43.288  32.390  18.699 0.0000000000
84624  -43.919  32.038  18.318 0.0000000000
84630  -30.230  32.076  17.125 0.0000000000
84631  -30.804  32.441  17.463 0.0000000000
84632  -43.801  32.528  18.076 0.0000000000
84633  -44.497  32.247  17.560 0.0000000000
84634  -45.361  32.015  17.070 0.0000000000
84641  -25.108  32.458  16.625 0.0000000000
84642  -28.495  32.288  16.115 0.0000000000
84643  -29.015  32.470  16.225 0.0000000000
84644  -29.998  32.564  16.733 0.0000000000
84645  -30.598  33.248  17.014 0.0000000000
84646  -45.306  32.538  16.625 0.0000000000
84647  -46.346  32.209  16.343 0.0000000000
84648  -47.327  32.079  15.934 0.0000000000
84652  -24.767  32.898  16.369 0.0000000000
84653  -25.475  32.780  16.217 0.0000000000
84654  -27.215  32.927  15.660 0.0000000000
84655  -27.662  32.944  15.671 0.0000000000
84656  -28.351  32.822  15.835 0.0000000000
84657  -28.892  33.213  15.899 0.0000000000
84658  -46.068  32.796  15.502 0.0000000000
84659  -47.260  32.405  15.464 0.0000000000
84660  -47.869  32.159  15.476 0.0000000000
84663  -44.875  33.024  13.471 0.0000000000
84664  -45.817  32.843  14.319 0.0000000000
84665  -47.109  32.466  14.714 0.0000000000
84666  -47.993  32.385  14.975 0.0000000000
84671  -43.945  32.947  12.995 0.0000000000
85013  -35.858  33.545  25.643 0.0000000000
85014  -36.357  33.561  25.713 0.0000000000
85021  -34.842  33.539  24.502 0.0000000000
85022  -35.726  33.819  25.082 0.0000000000
85023  -37.020  33.815  25.398 0.0000000000
85032  -34.942  33.996  23.783 0.0000000000
85033  -35.834  34.434  24.414 0.0000000000
85034  -37.487  33.800  24.819 0.0000000000
85040  -33.790  33.510  21.909 0.0000000000
85041  -34.321  33.943  22.560 0.0000000000
85042  -37.458  33.740  23.824 0.0000000000
85048  -33.602  33.548  21.123 0.0000000000
85049  -34.077  34.098  21.554 0.0000000000
85050  -36.684  32.840  21.561 0.0000000000
85051  -37.079  33.553  22.425 0.0000000000
85058  -33.419  33.874  20.281 0.0000000000
85059  -33.821  34.199  20.885 0.0000000000
85060  -36.457  32.816  21.010 0.0000000000
85061  -36.848  33.499  20.845 0.0000000000
85062  -37.371  34.203  20.511 0.0000000000
85067  -32.529  33.359  19.269 0.0000000000
85068  -33.036  33.938  19.516 0.0000000000
85069  -36.820  33.192  19.903 0.0000000000
85070  -37.546  33.778  19.886 0.0000000000
85071  -38.648  33.808  19.553 0.0000000000
85072  -39.717  33.814  19.541 0.0000000000
85073  -40.722  33.834  19.592 0.0000000000
85074  -41.784  33.789  19.376 0.0000000000
85075  -42.294  33.193  19.301 0.0000000000
85081  -31.608  33.071  18.041 0.0000000000
85082  -32.120  33.749  18.594 0.0000000000
85083  -32.648  34.055  19.035 0.0000000000
85084  -42.108  34.244  18.844 0.0000000000
85085  -42.738  33.539  18.458 0.0000000000
85086  -43.441  32.896  18.204 0.0000000000
85091  -31.186  33.659  17.413 0.0000000000
85092  -31.711  33.900  17.957 0.0000000000
85093  -43.089  33.776  16.936 0.0000000000
85094  -43.869  33.040  17.326 0.0000000000
85095  -44.603  32.706  16.937 0.0000000000
85102  -29.445  33.491  16.135 0.0000000000
85103  -30.212  33.711  16.573 0.0000000000
85104  -30.729  33.933  16.935 0.0000000000
85105  -42.627  34.218  15.170 0.0000000000
85106  -43.206  34.085  15.674 0.0000000000
85107  -44.108  33.637  16.017 0.0000000000
85108  -44.878  33.085  16.251 0.0000000000
85113  -24.567  33.591  15.990 0.0000000000
85114  -26.998  33.973  15.525 0.0000000000
85115  -27.266  34.075  15.536 0.0000000000
85116  -27.954  33.826  15.576 0.0000000000
85117  -28.591  33.743  15.709 0.0000000000
85118  -29.002  33.689  15.838 0.0000000000
85119  -42.352  34.294  14.235 0.0000000000
85120  -43.335  34.206  14.430 0.0000000000
85121  -44.258  33.958  14.783 0.0000000000
85122  -45.107  33.425  15.107 0.0000000000
85125  -42.424  34.394  13.407 0.0000000000
85126  -43.041  34.232  13.221 0.0000000000
85127  -44.167  33.865  13.581 0.0000000000
85128  -44.971  33.566  14.151 0.0000000000
85132  -43.544  33.563  12.844 0.0000000000
85523  -36.660  34.456  24.975 0.0000000000
85524  -37.240  34.231  25.039 0.0000000000
85532  -35.520  34.648  23.708 0.0000000000
85533  -36.318  35.112  24.270 0.0000000000
85534  -37.461  34.774  24.652 0.0000000000
85535  -38.051  35.213  24.544 0.0000000000
85543  -34.984  34.598  22.919 0.0000000000
85544  -35.492  35.174  23.222 0.0000000000
85545  -37.640  34.720  23.498 0.0000000000
85546  -37.864  35.084  24.206 0.0000000000
85555  -34.612  34.907  21.943 0.0000000000
85556  -35.072  35.095  22.570 0.0000000000
85557  -37.292  34.534  22.092 0.0000000000
85564  -33.842  34.849  20.437 0.0000000000
85565  -34.201  34.686  21.108 0.0000000000
85566  -37.441  34.708  21.111 0.0000000000
85567  -37.842  34.824  20.427 0.0000000000
85571  -33.357  34.679  19.716 0.0000000000
85572  -38.479  34.808  19.910 0.0000000000
85573  -39.416  34.846  19.645 0.0000000000
85574  -40.334  34.771  19.460 0.0000000000
85575  -41.155  34.684  19.306 0.0000000000
85576  -41.795  34.775  19.049 0.0000000000
85581  -32.554  34.729  18.617 0.0000000000
85582  -32.956  34.556  19.187 0.0000000000
85583  -42.077  34.690  18.330 0.0000000000
85584  -42.446  34.307  17.545 0.0000000000
85589  -31.561  34.587  17.599 0.0000000000
85590  -32.027  34.478  18.136 0.0000000000
85591  -39.871  35.383  17.216 0.0000000000
85592  -40.414  35.118  17.282 0.0000000000
85593  -41.527  34.723  17.254 0.0000000000
85594  -42.402  34.237  16.504 0.0000000000
85600  -29.758  34.572  16.310 0.0000000000
85601  -30.481  34.576  16.708 0.0000000000
85602  -30.988  34.549  17.118 0.0000000000
85603  -39.774  34.971  16.700 0.0000000000
85604  -40.545  34.644  16.302 0.0000000000
85605  -41.714  34.295  15.632 0.0000000000
85606  -42.484  34.213  15.778 0.0000000000
85613  -25.001  34.459  15.466 0.0000000000
85614  -26.694  35.002  15.587 0.0000000000
85615  -27.020  35.102  15.631 0.0000000000
85616  -27.591  34.854  15.720 0.0000000000
85617  -28.281  34.607  15.785 0.0000000000
85618  -28.976  34.402  15.907 0.0000000000
85619  -38.218  35.550  15.207 0.0000000000
85620  -38.629  35.301  15.386 0.0000000000
85621  -39.480  34.852  15.629 0.0000000000
85622  -40.536  34.423  15.047 0.0000000000
85623  -41.397  34.345  14.431 0.0000000000
85628  -38.316  35.385  14.853 0.0000000000
85629  -38.791  35.059  14.565 0.0000000000
85630  -39.703  34.686  14.331 0.0000000000
85631  -40.695  34.553  13.821 0.0000000000
85632  -41.767  34.516  13.370 0.0000000000
85633  -42.371  34.448  12.907 0.0000000000
85636  -39.171  35.021  13.787 0.0000000000
85637  -39.944  35.010  13.212 0.0000000000
85638  -41.053  34.866  12.630 0.0000000000
86064  -36.386  35.854  24.256 0.0000000000
86065  -36.885  35.753  24.819 0.0000000000
86066  -37.767  35.754  24.876 0.0000000000
86072  -35.797  35.906  23.650 0.0000000000
86073  -37.835  35.180  23.486 0.0000000000
86074  -38.030  35.637  23.891 0.0000000000
86079  -34.657  35.700  21.749 0.0000000000
86080  -35.131  35.826  22.478 0.0000000000
86081  -37.749  35.210  22.911 0.0000000000
86082  -37.855  36.009  22.531 0.0000000000
86087  -33.868  35.567  20.434 0.0000000000
86088  -34.250  35.610  21.055 0.0000000000
86089  -37.625  35.271  21.930 0.0000000000
86090  -38.083  35.808  21.190 0.0000000000
86091  -38.638  36.229  20.428 0.0000000000
86095  -33.567  35.509  19.927 0.0000000000
86096  -38.463  35.524  20.368 0.0000000000
86097  -39.210  35.865  19.968 0.0000000000
86098  -40.055  35.800  19.406 0.0000000000
86099  -40.746  35.431  19.156 0.0000000000
86100  -41.303  35.252  19.033 0.0000000000
86105  -32.614  35.481  18.545 0.0000000000
86106  -33.047  35.449  19.130 0.0000000000
86107  -40.418  36.105  18.810 0.0000000000
86108  -40.842  35.593  18.576 0.0000000000
86109  -41.480  35.193  18.559 0.0000000000
86114  -30.622  35.883  17.099 0.0000000000
86115  -31.085  35.519  17.242 0.0000000000
86116  -32.108  35.474  17.950 0.0000000000
86117  -39.265  36.127  17.552 0.0000000000
86118  -39.957  35.994  17.740 0.0000000000
86119  -40.999  35.345  17.941 0.0000000000
86120  -41.578  35.084  18.066 0.0000000000
86125  -28.472  36.014  16.251 0.0000000000
86126  -28.973  35.577  16.308 0.0000000000
86127  -30.208  35.640  16.776 0.0000000000
86128  -30.728  35.072  16.916 0.0000000000
86129  -38.316  35.964  16.499 0.0000000000
86130  -38.782  35.876  17.011 0.0000000000
86131  -39.405  35.420  16.924 0.0000000000
86137  -24.458  35.167  15.068 0.0000000000
86138  -25.949  35.980  15.195 0.0000000000
86139  -26.616  35.765  15.441 0.0000000000
86140  -27.203  35.765  15.632 0.0000000000
86141  -28.050  35.769  16.007 0.0000000000
86142  -28.559  35.083  16.010 0.0000000000
86143  -38.248  35.802  15.891 0.0000000000
86144  -38.938  35.361  16.210 0.0000000000
86145  -39.359  35.124  16.375 0.0000000000
86154  -25.145  36.328  14.542 0.0000000000
86155  -37.906  35.829  14.739 0.0000000000
86156  -38.360  35.467  14.434 0.0000000000
86160  -37.892  36.264  14.067 0.0000000000
86161  -38.557  35.691  13.642 0.0000000000
86162  -39.254  35.269  13.338 0.0000000000
86164  -38.954  36.074  12.576 0.0000000000
86165  -39.467  35.511  12.690 0.0000000000
86566  -37.775  37.133  26.524 0.0000000000
86567  -38.458  37.384  26.603 0.0000000000
86568  -38.872  37.783  26.515 0.0000000000
86574  -37.552  36.968  26.049 0.0000000000
86575  -37.758  37.878  25.380 0.0000000000
86576  -39.166  37.605  26.056 0.0000000000
86581  -36.322  36.611  24.272 0.0000000000
86582  -37.102  36.594  25.358 0.0000000000
86583  -38.544  36.866  24.993 0.0000000000
86584  -39.114  37.554  25.405 0.0000000000
86590  -34.791  37.178  22.489 0.0000000000
86591  -35.362  36.838  23.184 0.0000000000
86592  -38.289  36.924  23.397 0.0000000000
86597  -34.573  36.547  21.744 0.0000000000
86598  -34.955  36.586  22.448 0.0000000000
86599  -37.896  37.030  21.921 0.0000000000
86604  -33.729  36.355  20.439 0.0000000000
86605  -34.119  36.413  21.069 0.0000000000
86606  -38.402  36.890  20.780 0.0000000000
86607  -39.025  36.835  20.089 0.0000000000
86611  -32.965  36.848  19.292 0.0000000000
86612  -33.316  36.217  19.604 0.0000000000
86613  -39.573  36.706  19.267 0.0000000000
86614  -40.072  36.355  19.062 0.0000000000
86618  -31.860  36.960  18.264 0.0000000000
86619  -32.585  36.300  18.591 0.0000000000
86620  -33.013  36.203  19.129 0.0000000000
86621  -38.718  37.087  18.095 0.0000000000
86622  -39.406  36.856  18.398 0.0000000000
86623  -39.893  36.491  18.574 0.0000000000
86628  -29.777  37.068  17.095 0.0000000000
86629  -30.547  36.498  17.289 0.0000000000
86630  -31.515  36.392  17.694 0.0000000000
86631  -32.093  36.307  18.041 0.0000000000
86632  -38.233  36.590  17.488 0.0000000000
86633  -39.086  36.453  17.723 0.0000000000
86634  -39.615  36.519  18.101 0.0000000000
86639  -28.525  36.670  16.194 0.0000000000
86640  -29.406  36.492  16.701 0.0000000000
86641  -29.958  36.427  17.001 0.0000000000
86642  -37.212  36.867  16.283 0.0000000000
86643  -37.983  36.265  16.627 0.0000000000
86644  -38.481  36.247  17.266 0.0000000000
86649  -26.268  36.293  15.117 0.0000000000
86650  -26.801  36.354  15.282 0.0000000000
86651  -27.411  36.654  15.443 0.0000000000
86652  -27.962  36.648  15.777 0.0000000000
86653  -37.014  37.163  15.413 0.0000000000
86654  -37.498  36.386  15.558 0.0000000000
86662  -24.813  36.376  13.985 0.0000000000
86663  -25.704  36.455  14.480 0.0000000000
86664  -26.573  36.654  14.713 0.0000000000
86665  -27.000  36.797  15.101 0.0000000000
86666  -36.991  37.445  14.917 0.0000000000
86667  -37.397  36.910  14.539 0.0000000000
86676  -25.342  36.469  13.558 0.0000000000
86677  -26.125  36.595  13.858 0.0000000000
86678  -37.979  36.824  13.464 0.0000000000
86679  -38.494  36.336  13.057 0.0000000000
87070  -37.796  37.636  26.542 0.0000000000
87071  -38.388  37.903  26.480 0.0000000000
87072  -38.937  38.112  26.183 0.0000000000
87078  -37.354  37.523  26.340 0.0000000000
87079  -39.081  38.044  25.591 0.0000000000
87084  -36.530  37.468  24.826 0.0000000000
87085  -36.884  37.477  25.795 0.0000000000
87086  -38.682  37.879  24.014 0.0000000000
87087  -38.928  37.948  24.991 0.0000000000
87092  -34.245  38.637  22.828 0.0000000000
87093  -34.838  38.029  22.959 0.0000000000
87094  -35.895  37.606  23.814 0.0000000000
87095  -38.147  37.792  22.839 0.0000000000
87100  -34.060  38.492  22.698 0.0000000000
87101  -34.234  37.823  22.082 0.0000000000
87102  -37.713  37.713  21.913 0.0000000000
87107  -32.911  38.063  20.628 0.0000000000
87108  -33.375  37.462  20.563 0.0000000000
87109  -33.951  37.205  21.145 0.0000000000
87110  -38.055  37.649  20.982 0.0000000000
87111  -38.566  37.409  20.242 0.0000000000
87115  -32.725  37.697  19.998 0.0000000000
87116  -33.306  36.944  19.913 0.0000000000
87117  -37.379  38.243  19.638 0.0000000000
87118  -38.020  37.947  19.892 0.0000000000
87119  -38.856  37.374  19.505 0.0000000000
87125  -31.555  37.743  18.529 0.0000000000
87126  -32.246  37.480  19.005 0.0000000000
87127  -37.405  38.112  18.980 0.0000000000
87128  -38.221  37.576  18.708 0.0000000000
87129  -39.061  37.236  18.781 0.0000000000
87135  -29.811  37.800  16.927 0.0000000000
87136  -30.280  37.601  17.381 0.0000000000
87137  -31.049  37.437  17.900 0.0000000000
87138  -37.132  37.630  18.077 0.0000000000
87139  -37.800  37.120  17.768 0.0000000000
87143  -28.643  37.651  15.968 0.0000000000
87144  -29.230  37.506  16.527 0.0000000000
87145  -37.002  37.267  17.085 0.0000000000
87146  -37.582  36.760  17.054 0.0000000000
87151  -27.497  37.081  15.230 0.0000000000
87152  -27.954  37.370  15.408 0.0000000000
87153  -36.577  37.602  16.143 0.0000000000
87160  -26.864  36.830  14.622 0.0000000000
87161  -27.189  37.082  14.814 0.0000000000
87162  -27.885  37.622  14.386 0.0000000000
87163  -36.641  37.896  15.254 0.0000000000
87164  -36.998  37.883  14.575 0.0000000000
87170  -26.776  36.833  14.196 0.0000000000
87171  -27.278  37.190  13.788 0.0000000000
87173  -37.417  37.758  13.877 0.0000000000
87598  -37.448  37.820  26.393 0.0000000000
87599  -37.771  38.063  26.335 0.0000000000
87600  -38.341  38.247  26.140 0.0000000000
87604  -37.184  38.030  26.109 0.0000000000
87605  -37.829  38.369  25.779 0.0000000000
87606  -38.895  38.456  25.714 0.0000000000
87610  -36.216  37.975  24.314 0.0000000000
87611  -36.911  38.186  24.906 0.0000000000
87612  -38.262  38.530  24.716 0.0000000000
87613  -39.093  38.357  25.194 0.0000000000
87617  -33.850  38.914  22.922 0.0000000000
87618  -34.388  38.852  22.860 0.0000000000
87619  -35.777  38.336  23.283 0.0000000000
87620  -37.110  38.591  23.614 0.0000000000
87621  -38.018  38.452  23.332 0.0000000000
87626  -32.727  39.245  21.760 0.0000000000
87627  -33.328  38.910  22.152 0.0000000000
87628  -33.731  38.020  21.454 0.0000000000
87629  -36.234  38.665  22.622 0.0000000000
87630  -37.156  38.467  22.519 0.0000000000
87631  -37.624  38.093  22.322 0.0000000000
87636  -31.789  39.513  20.344 0.0000000000
87637  -32.381  38.945  20.920 0.0000000000
87638  -33.253  38.217  21.081 0.0000000000
87639  -33.607  37.736  21.014 0.0000000000
87640  -36.430  38.749  21.443 0.0000000000
87641  -37.292  38.277  21.502 0.0000000000
87642  -37.613  37.929  21.489 0.0000000000
87647  -31.520  39.028  19.621 0.0000000000
87648  -32.040  38.271  19.722 0.0000000000
87649  -36.176  38.845  20.116 0.0000000000
87650  -37.149  38.384  20.384 0.0000000000
87651  -37.688  38.073  20.834 0.0000000000
87656  -30.775  38.762  17.648 0.0000000000
87657  -31.182  38.592  18.358 0.0000000000
87658  -31.665  38.239  19.039 0.0000000000
87659  -35.905  38.792  19.025 0.0000000000
87660  -36.754  38.433  19.398 0.0000000000
87664  -29.655  38.172  16.551 0.0000000000
87665  -30.214  38.486  17.087 0.0000000000
87666  -30.644  38.207  17.684 0.0000000000
87667  -35.752  38.844  17.965 0.0000000000
87668  -36.489  38.261  18.425 0.0000000000
87671  -28.684  37.959  15.507 0.0000000000
87672  -29.175  38.266  16.006 0.0000000000
87673  -29.924  38.630  16.266 0.0000000000
87674  -35.626  39.101  16.942 0.0000000000
87675  -36.259  38.121  17.196 0.0000000000
87678  -28.523  38.044  14.842 0.0000000000
87679  -29.130  38.389  15.206 0.0000000000
87680  -29.737  38.677  15.535 0.0000000000
87681  -35.612  39.440  16.335 0.0000000000
87682  -36.000  38.743  15.885 0.0000000000
87688  -28.599  38.060  13.889 0.0000000000
87689  -29.195  38.419  14.333 0.0000000000
87690  -29.769  38.723  14.709 0.0000000000
87691  -36.556  38.725  14.834 0.0000000000
87692  -37.144  38.684  14.183 0.0000000000
88142  -32.634  40.273  23.221 0.0000000000
88143  -33.558  39.728  23.049 0.0000000000
88144  -34.491  39.439  22.577 0.0000000000
88145  -35.433  38.814  22.649 0.0000000000
88150  -32.416  39.687  22.215 0.0000000000
88151  -32.890  39.577  22.867 0.0000000000
88152  -34.676  39.893  21.629 0.0000000000
88153  -35.461  39.191  22.029 0.0000000000
88157  -31.915  40.081  20.974 0.0000000000
88158  -32.142  39.771  21.520 0.0000000000
88159  -34.809  40.036  20.492 0.0000000000
88160  -35.449  39.305  20.893 0.0000000000
88164  -31.682  39.974  19.894 0.0000000000
88165  -34.894  40.154  19.418 0.0000000000
88166  -35.390  39.395  19.732 0.0000000000
88170  -31.038  39.229  17.967 0.0000000000
88171  -31.161  39.702  18.817 0.0000000000
88172  -34.915  40.276  18.452 0.0000000000
88173  -35.320  39.476  18.681 0.0000000000
88178  -30.779  39.164  17.350 0.0000000000
88179  -31.084  39.760  17.854 0.0000000000
88180  -34.973  40.453  17.633 0.0000000000
88181  -35.262  39.660  17.710 0.0000000000
88185  -30.514  39.125  16.588 0.0000000000
88186  -31.114  39.653  16.952 0.0000000000
88187  -35.055  40.645  17.204 0.0000000000
88188  -35.242  40.092  16.794 0.0000000000
88192  -30.380  39.049  15.755 0.0000000000
88193  -31.024  39.594  15.961 0.0000000000
88194  -35.646  39.912  15.860 0.0000000000
88195  -36.214  39.714  15.106 0.0000000000
88201  -30.273  38.941  15.055 0.0000000000
88203  -36.862  39.623  14.444 0.0000000000
88660  -32.162  41.592  23.148 0.0000000000
88661  -32.393  41.322  23.335 0.0000000000
88662  -33.311  41.086  23.547 0.0000000000
88663  -33.771  40.568  23.043 0.0000000000
88666  -31.926  41.435  22.810 0.0000000000
88667  -31.892  40.600  22.723 0.0000000000
88668  -33.777  41.425  23.223 0.0000000000
88669  -34.049  40.874  22.401 0.0000000000
88672  -31.489  41.001  21.829 0.0000000000
88673  -31.821  40.198  21.917 0.0000000000
88674  -34.315  40.829  21.290 0.0000000000
88678  -31.685  40.845  20.537 0.0000000000
88679  -34.474  40.928  20.209 0.0000000000
88683  -31.672  40.627  19.421 0.0000000000
88684  -31.900  41.008  18.928 0.0000000000
88685  -34.601  41.024  19.199 0.0000000000
88690  -31.433  40.420  18.447 0.0000000000
88691  -32.082  41.003  18.154 0.0000000000
88692  -34.663  41.135  18.282 0.0000000000
88697  -31.543  40.332  17.475 0.0000000000
88698  -32.199  41.017  17.033 0.0000000000
88699  -34.892  41.142  17.542 0.0000000000
88700  -35.128  41.031  16.943 0.0000000000
88706  -31.646  40.258  16.377 0.0000000000
88708  -35.530  40.905  16.224 0.0000000000
88709  -36.092  40.742  15.422 0.0000000000
88716  -36.735  40.596  14.770 0.0000000000
89249  -32.333  41.964  23.053 0.0000000000
89250  -33.037  42.152  23.521 0.0000000000
89251  -33.698  41.900  23.612 0.0000000000
89254  -32.013  41.993  22.208 0.0000000000
89255  -32.836  42.754  22.537 0.0000000000
89256  -33.749  42.270  22.534 0.0000000000
89257  -34.040  41.495  21.889 0.0000000000
89260  -31.681  41.809  21.099 0.0000000000
89261  -32.409  42.527  21.535 0.0000000000
89262  -33.842  42.490  21.619 0.0000000000
89263  -34.053  41.850  21.129 0.0000000000
89267  -31.858  41.488  20.011 0.0000000000
89268  -32.232  42.274  20.454 0.0000000000
89269  -33.902  42.339  19.849 0.0000000000
89270  -34.262  41.772  19.962 0.0000000000
89274  -31.977  41.224  19.403 0.0000000000
89275  -32.557  41.908  19.224 0.0000000000
89276  -33.734  42.394  19.072 0.0000000000
89277  -34.318  41.865  19.050 0.0000000000
89281  -32.761  41.726  17.797 0.0000000000
89282  -33.583  42.487  18.192 0.0000000000
89283  -34.604  42.183  17.968 0.0000000000
89284  -35.265  42.605  17.478 0.0000000000
89290  -35.063  41.563  17.356 0.0000000000
89291  -35.451  41.971  16.891 0.0000000000
89297  -36.087  41.750  15.859 0.0000000000
89298  -36.720  41.579  15.099 0.0000000000
89877  -32.982  43.192  22.298 0.0000000000
89878  -33.250  43.106  22.264 0.0000000000
89882  -32.982  43.156  21.885 0.0000000000
89883  -33.542  42.899  21.590 0.0000000000
89884  -33.788  42.460  21.092 0.0000000000
89888  -32.936  42.719  20.880 0.0000000000
89889  -33.556  42.538  20.646 0.0000000000
89890  -33.970  42.277  20.506 0.0000000000
89893  -32.683  42.457  20.107 0.0000000000
89894  -33.228  42.516  19.948 0.0000000000
