#!ascii label  , from subject FREESURFER vox2ras=TkReg 
1056
37001  -39.670  -26.197  -23.366 0.0000000000
37002  -40.511  -25.939  -23.164 0.0000000000
37026  -38.301  -25.997  -25.193 0.0000000000
37769  -39.175  -25.905  -24.054 0.0000000000
37770  -39.916  -25.181  -23.754 0.0000000000
37771  -40.927  -25.129  -23.358 0.0000000000
37782  -38.756  -25.446  -24.798 0.0000000000
37783  -39.288  -25.299  -24.264 0.0000000000
37793  -37.870  -25.650  -25.737 0.0000000000
37794  -38.306  -25.522  -25.298 0.0000000000
37803  -36.794  -25.678  -26.717 0.0000000000
37804  -37.383  -25.689  -26.258 0.0000000000
38530  -39.946  -24.144  -24.028 0.0000000000
38531  -40.622  -24.292  -23.637 0.0000000000
38532  -41.485  -24.364  -23.439 0.0000000000
38541  -38.802  -24.566  -24.960 0.0000000000
38542  -39.331  -24.618  -24.437 0.0000000000
38554  -37.911  -24.966  -25.819 0.0000000000
38555  -38.314  -24.907  -25.408 0.0000000000
38563  -36.913  -24.847  -26.708 0.0000000000
38564  -37.478  -24.877  -26.265 0.0000000000
38576  -35.312  -24.547  -27.690 0.0000000000
38577  -36.266  -24.713  -27.120 0.0000000000
39303  -39.956  -23.739  -24.130 0.0000000000
39304  -40.329  -23.545  -23.935 0.0000000000
39305  -41.167  -23.496  -23.613 0.0000000000
39306  -42.039  -23.542  -23.577 0.0000000000
39313  -39.059  -24.109  -24.790 0.0000000000
39314  -39.605  -23.554  -24.499 0.0000000000
39315  -40.253  -22.908  -24.216 0.0000000000
39328  -38.046  -24.424  -25.856 0.0000000000
39329  -38.696  -23.750  -25.421 0.0000000000
39330  -39.328  -22.933  -25.173 0.0000000000
39342  -37.086  -24.134  -26.710 0.0000000000
39343  -37.899  -23.646  -26.337 0.0000000000
39344  -38.494  -23.152  -26.076 0.0000000000
39356  -34.782  -23.557  -27.931 0.0000000000
39357  -35.766  -23.562  -27.458 0.0000000000
39358  -36.690  -23.475  -27.131 0.0000000000
39359  -37.364  -23.351  -26.875 0.0000000000
39373  -34.039  -23.132  -28.402 0.0000000000
40067  -40.850  -22.826  -23.844 0.0000000000
40068  -41.624  -22.571  -23.739 0.0000000000
40076  -39.861  -22.396  -24.781 0.0000000000
40077  -40.639  -22.292  -24.203 0.0000000000
40078  -41.134  -22.331  -23.888 0.0000000000
40090  -38.982  -22.540  -25.795 0.0000000000
40091  -39.435  -22.388  -25.311 0.0000000000
40102  -37.779  -22.941  -26.862 0.0000000000
40103  -38.305  -22.612  -26.575 0.0000000000
40113  -34.430  -22.313  -28.352 0.0000000000
40114  -35.287  -22.537  -27.821 0.0000000000
40115  -36.320  -22.572  -27.579 0.0000000000
40116  -37.344  -22.617  -27.312 0.0000000000
40117  -37.903  -22.475  -27.054 0.0000000000
40127  -33.696  -22.279  -28.683 0.0000000000
40882  -41.684  -22.113  -23.811 0.0000000000
40883  -41.982  -22.075  -23.800 0.0000000000
40889  -39.921  -21.901  -24.973 0.0000000000
40890  -40.369  -21.661  -24.729 0.0000000000
40891  -41.417  -21.778  -24.094 0.0000000000
40892  -42.400  -21.658  -24.267 0.0000000000
40901  -39.138  -21.996  -25.873 0.0000000000
40902  -39.581  -21.681  -25.497 0.0000000000
40903  -40.301  -20.930  -25.227 0.0000000000
40916  -38.866  -21.765  -26.318 0.0000000000
40917  -39.272  -20.985  -26.267 0.0000000000
40931  -34.417  -21.761  -28.608 0.0000000000
40932  -34.835  -21.758  -28.477 0.0000000000
40933  -35.817  -21.773  -28.264 0.0000000000
40934  -37.011  -21.697  -28.064 0.0000000000
40935  -38.089  -21.691  -27.317 0.0000000000
40946  -33.956  -21.179  -29.006 0.0000000000
40947  -35.131  -20.993  -29.066 0.0000000000
40948  -36.275  -21.016  -28.727 0.0000000000
40949  -37.086  -20.872  -28.499 0.0000000000
41720  -41.013  -20.853  -24.719 0.0000000000
41721  -41.908  -20.933  -24.550 0.0000000000
41722  -42.411  -21.070  -24.639 0.0000000000
41730  -39.872  -20.346  -25.910 0.0000000000
41731  -40.709  -20.184  -25.404 0.0000000000
41732  -41.599  -20.190  -25.152 0.0000000000
41733  -42.545  -20.525  -25.128 0.0000000000
41742  -33.954  -19.246  -27.332 0.0000000000
41743  -38.770  -20.880  -26.916 0.0000000000
41744  -39.299  -20.276  -26.732 0.0000000000
41754  -33.041  -19.462  -28.892 0.0000000000
41755  -33.519  -18.784  -28.354 0.0000000000
41756  -37.691  -20.865  -28.081 0.0000000000
41757  -38.446  -20.415  -27.813 0.0000000000
41758  -38.924  -20.315  -27.262 0.0000000000
41762  -33.407  -20.053  -29.272 0.0000000000
41763  -34.182  -19.694  -29.150 0.0000000000
41764  -35.640  -20.148  -29.096 0.0000000000
41765  -36.747  -20.370  -28.959 0.0000000000
41766  -37.585  -20.400  -28.710 0.0000000000
41767  -38.056  -20.393  -28.402 0.0000000000
42642  -39.974  -19.800  -26.075 0.0000000000
42643  -40.324  -19.657  -25.930 0.0000000000
42644  -41.231  -19.355  -25.805 0.0000000000
42645  -42.144  -19.552  -25.634 0.0000000000
42655  -35.148  -19.180  -26.753 0.0000000000
42656  -35.743  -19.151  -26.366 0.0000000000
42657  -39.829  -19.472  -26.492 0.0000000000
42658  -40.526  -19.028  -26.241 0.0000000000
42659  -41.041  -18.802  -26.229 0.0000000000
42669  -34.321  -18.682  -27.730 0.0000000000
42670  -38.674  -19.850  -28.139 0.0000000000
42671  -39.115  -19.656  -27.548 0.0000000000
42676  -34.345  -18.644  -28.709 0.0000000000
42677  -35.201  -19.276  -29.246 0.0000000000
42678  -36.340  -19.779  -29.482 0.0000000000
42679  -37.382  -20.036  -29.379 0.0000000000
42680  -38.312  -19.764  -28.902 0.0000000000
42681  -38.799  -19.535  -28.253 0.0000000000
42685  -34.598  -18.399  -28.947 0.0000000000
42686  -34.963  -18.612  -29.266 0.0000000000
42687  -35.955  -19.155  -29.972 0.0000000000
42688  -37.117  -19.564  -30.173 0.0000000000
42689  -37.753  -19.666  -29.718 0.0000000000
42692  -36.391  -19.157  -30.550 0.0000000000
42693  -36.664  -19.315  -30.452 0.0000000000
43562  -36.585  -18.389  -24.514 0.0000000000
43567  -36.017  -19.003  -26.167 0.0000000000
43568  -36.354  -18.401  -25.688 0.0000000000
43569  -41.823  -19.087  -25.897 0.0000000000
43570  -42.191  -18.975  -26.025 0.0000000000
43583  -35.317  -18.863  -26.919 0.0000000000
43584  -35.732  -18.695  -26.712 0.0000000000
43585  -36.214  -17.857  -26.638 0.0000000000
43586  -40.187  -18.803  -26.634 0.0000000000
43587  -40.754  -18.364  -26.725 0.0000000000
43588  -41.668  -18.583  -26.275 0.0000000000
43598  -35.121  -18.677  -27.324 0.0000000000
43599  -35.545  -18.034  -27.557 0.0000000000
43600  -36.137  -17.596  -27.204 0.0000000000
43601  -39.843  -18.522  -27.266 0.0000000000
43602  -40.442  -18.025  -27.214 0.0000000000
43608  -34.732  -18.368  -28.079 0.0000000000
43609  -34.979  -17.992  -28.459 0.0000000000
43610  -38.624  -18.748  -29.402 0.0000000000
43611  -39.063  -18.812  -28.375 0.0000000000
43616  -34.637  -18.357  -28.702 0.0000000000
43617  -34.652  -18.077  -29.222 0.0000000000
43618  -35.199  -18.556  -29.869 0.0000000000
43619  -37.388  -19.279  -30.506 0.0000000000
43620  -37.925  -19.079  -30.306 0.0000000000
43623  -34.769  -18.141  -30.249 0.0000000000
43624  -35.793  -18.827  -30.707 0.0000000000
43625  -37.012  -19.148  -31.001 0.0000000000
43626  -37.813  -18.719  -31.593 0.0000000000
43630  -35.107  -18.239  -31.305 0.0000000000
43631  -36.176  -18.920  -31.876 0.0000000000
43632  -37.384  -18.862  -32.486 0.0000000000
43633  -37.910  -18.630  -32.313 0.0000000000
43637  -35.565  -18.237  -32.174 0.0000000000
43638  -36.532  -18.502  -32.791 0.0000000000
43639  -37.274  -18.540  -33.196 0.0000000000
44647  -36.513  -17.362  -23.638 0.0000000000
44652  -36.749  -17.229  -24.709 0.0000000000
44653  -36.922  -16.539  -25.132 0.0000000000
44655  -36.702  -17.208  -25.838 0.0000000000
44656  -36.950  -16.528  -25.780 0.0000000000
44670  -36.618  -17.051  -26.825 0.0000000000
44671  -36.857  -16.754  -26.193 0.0000000000
44672  -41.481  -17.882  -26.756 0.0000000000
44679  -35.427  -17.594  -28.208 0.0000000000
44680  -36.074  -17.320  -27.782 0.0000000000
44681  -40.233  -17.776  -27.504 0.0000000000
44682  -40.889  -17.372  -27.255 0.0000000000
44683  -41.871  -17.259  -26.938 0.0000000000
44687  -34.967  -17.277  -28.861 0.0000000000
44688  -35.638  -17.222  -28.349 0.0000000000
44689  -39.026  -17.749  -29.150 0.0000000000
44690  -39.692  -17.608  -28.066 0.0000000000
44691  -40.287  -17.329  -27.683 0.0000000000
44696  -33.726  -16.781  -30.306 0.0000000000
44697  -34.207  -17.443  -29.735 0.0000000000
44698  -38.632  -18.117  -30.184 0.0000000000
44702  -33.544  -16.826  -31.185 0.0000000000
44703  -34.149  -17.540  -30.764 0.0000000000
44704  -38.295  -18.304  -31.080 0.0000000000
44708  -33.612  -16.818  -31.747 0.0000000000
44709  -34.352  -17.418  -31.880 0.0000000000
44710  -38.031  -18.515  -32.803 0.0000000000
44711  -38.301  -18.165  -32.134 0.0000000000
44715  -35.699  -17.590  -32.686 0.0000000000
44716  -37.130  -17.848  -33.560 0.0000000000
44717  -37.887  -18.380  -33.490 0.0000000000
44718  -38.383  -17.997  -33.212 0.0000000000
44722  -37.678  -17.528  -34.215 0.0000000000
44723  -38.014  -17.883  -34.279 0.0000000000
44724  -38.415  -17.900  -33.949 0.0000000000
45665  -36.568  -16.121  -23.786 0.0000000000
45666  -36.625  -15.556  -24.121 0.0000000000
45670  -36.801  -16.435  -24.542 0.0000000000
45671  -36.871  -15.830  -24.592 0.0000000000
45673  -37.112  -15.923  -25.418 0.0000000000
45687  -36.894  -16.550  -27.016 0.0000000000
45688  -37.092  -16.217  -26.384 0.0000000000
45691  -36.688  -16.732  -27.589 0.0000000000
45692  -37.068  -16.159  -27.309 0.0000000000
45693  -41.032  -16.662  -27.530 0.0000000000
45694  -41.603  -16.736  -27.383 0.0000000000
45698  -35.104  -16.711  -29.081 0.0000000000
45699  -36.136  -16.627  -28.570 0.0000000000
45700  -36.862  -16.345  -27.939 0.0000000000
45701  -39.091  -17.064  -29.390 0.0000000000
45702  -39.469  -16.693  -28.877 0.0000000000
45703  -40.388  -16.620  -28.008 0.0000000000
45704  -41.296  -16.166  -27.818 0.0000000000
45709  -33.671  -16.336  -30.174 0.0000000000
45710  -34.310  -16.617  -29.629 0.0000000000
45711  -35.210  -16.289  -29.420 0.0000000000
45712  -38.898  -17.259  -29.956 0.0000000000
45713  -39.143  -16.640  -29.732 0.0000000000
45718  -33.071  -16.041  -30.660 0.0000000000
45719  -33.813  -16.005  -30.091 0.0000000000
45720  -34.492  -16.123  -29.782 0.0000000000
45721  -38.709  -17.227  -31.083 0.0000000000
45722  -38.945  -16.778  -30.327 0.0000000000
45726  -33.133  -16.229  -31.769 0.0000000000
45727  -33.721  -16.799  -32.037 0.0000000000
45728  -38.627  -17.270  -32.573 0.0000000000
45732  -33.310  -15.858  -32.301 0.0000000000
45733  -34.312  -16.486  -32.502 0.0000000000
45734  -36.099  -16.791  -33.250 0.0000000000
45735  -38.715  -17.273  -33.749 0.0000000000
45739  -37.231  -16.979  -34.039 0.0000000000
45740  -38.025  -17.105  -34.508 0.0000000000
45741  -38.461  -17.345  -34.281 0.0000000000
46581  -36.311  -15.160  -23.808 0.0000000000
46596  -36.647  -15.072  -24.301 0.0000000000
46606  -37.068  -15.100  -24.914 0.0000000000
46619  -37.320  -15.235  -25.795 0.0000000000
46622  -37.436  -15.381  -26.817 0.0000000000
46625  -36.598  -16.071  -28.674 0.0000000000
46626  -37.055  -15.608  -28.121 0.0000000000
46627  -39.581  -16.203  -28.986 0.0000000000
46628  -39.875  -15.908  -28.816 0.0000000000
46629  -40.767  -15.580  -28.489 0.0000000000
46630  -41.672  -15.633  -28.378 0.0000000000
46633  -36.288  -15.807  -29.196 0.0000000000
46634  -36.756  -14.929  -28.805 0.0000000000
46635  -39.465  -16.125  -29.399 0.0000000000
46636  -39.763  -15.508  -29.617 0.0000000000
46637  -41.257  -15.067  -28.837 0.0000000000
46638  -41.912  -15.169  -29.059 0.0000000000
46643  -32.725  -15.559  -30.770 0.0000000000
46644  -33.244  -15.426  -30.697 0.0000000000
46645  -34.863  -15.550  -30.137 0.0000000000
46646  -38.905  -16.583  -31.149 0.0000000000
46647  -39.206  -16.099  -30.654 0.0000000000
46648  -39.880  -15.263  -30.396 0.0000000000
46654  -32.354  -15.353  -31.126 0.0000000000
46655  -32.988  -14.833  -31.225 0.0000000000
46656  -38.923  -16.521  -31.791 0.0000000000
46657  -39.403  -15.775  -32.130 0.0000000000
46662  -32.757  -15.375  -32.122 0.0000000000
46663  -33.715  -15.370  -32.562 0.0000000000
46664  -35.278  -15.597  -33.228 0.0000000000
46665  -36.407  -15.514  -33.858 0.0000000000
46666  -38.976  -16.406  -33.146 0.0000000000
46667  -39.566  -15.551  -33.437 0.0000000000
46672  -36.555  -16.199  -33.753 0.0000000000
46673  -37.428  -16.066  -34.355 0.0000000000
46674  -38.971  -16.262  -34.616 0.0000000000
46675  -39.534  -15.199  -34.219 0.0000000000
47414  -36.186  -14.523  -23.985 0.0000000000
47434  -36.498  -14.210  -24.436 0.0000000000
47451  -37.075  -14.314  -25.228 0.0000000000
47461  -37.400  -14.386  -26.131 0.0000000000
47464  -37.614  -14.438  -27.172 0.0000000000
47466  -37.363  -14.320  -28.182 0.0000000000
47467  -40.224  -15.250  -29.047 0.0000000000
47468  -40.714  -14.951  -29.066 0.0000000000
47471  -36.219  -14.878  -29.700 0.0000000000
47472  -36.975  -14.139  -29.132 0.0000000000
47473  -40.342  -14.979  -29.738 0.0000000000
47474  -41.133  -14.670  -29.675 0.0000000000
47475  -42.014  -14.785  -29.858 0.0000000000
47479  -34.020  -14.762  -30.976 0.0000000000
47480  -35.372  -14.478  -30.562 0.0000000000
47481  -39.818  -15.359  -31.268 0.0000000000
47482  -40.472  -14.777  -30.884 0.0000000000
47483  -41.350  -14.286  -30.783 0.0000000000
47490  -32.728  -14.810  -31.731 0.0000000000
47491  -33.575  -14.328  -31.817 0.0000000000
47492  -40.046  -15.025  -32.299 0.0000000000
47493  -40.753  -14.341  -32.110 0.0000000000
47494  -41.331  -13.981  -31.659 0.0000000000
47500  -33.225  -14.794  -32.274 0.0000000000
47501  -34.281  -14.206  -33.006 0.0000000000
47502  -35.724  -14.641  -33.789 0.0000000000
47503  -36.765  -15.077  -34.208 0.0000000000
47504  -39.361  -14.777  -34.014 0.0000000000
47505  -39.972  -14.595  -33.536 0.0000000000
47506  -40.587  -13.951  -32.845 0.0000000000
47510  -35.173  -13.434  -34.162 0.0000000000
47511  -36.360  -14.103  -34.361 0.0000000000
47512  -37.686  -14.983  -34.305 0.0000000000
47513  -38.915  -14.956  -34.314 0.0000000000
47514  -39.600  -14.865  -34.243 0.0000000000
48200  -35.847  -13.266  -24.219 0.0000000000
48201  -36.497  -13.494  -24.798 0.0000000000
48222  -36.995  -13.514  -25.512 0.0000000000
48238  -37.341  -13.445  -26.372 0.0000000000
48245  -37.533  -13.370  -27.360 0.0000000000
48248  -37.487  -13.308  -28.426 0.0000000000
48251  -36.326  -14.014  -29.962 0.0000000000
48252  -36.996  -13.160  -29.611 0.0000000000
48255  -34.582  -14.014  -31.309 0.0000000000
48256  -35.708  -13.278  -30.831 0.0000000000
48257  -36.604  -12.521  -30.353 0.0000000000
48258  -41.758  -13.962  -31.140 0.0000000000
48264  -34.356  -13.176  -32.102 0.0000000000
48265  -35.129  -12.450  -31.702 0.0000000000
48266  -41.077  -13.839  -32.293 0.0000000000
48267  -41.644  -13.590  -31.881 0.0000000000
48279  -34.359  -12.207  -34.046 0.0000000000
48280  -34.444  -12.568  -33.688 0.0000000000
48281  -37.585  -13.528  -33.829 0.0000000000
48282  -38.433  -14.039  -33.592 0.0000000000
48283  -39.676  -13.604  -32.941 0.0000000000
48284  -40.806  -13.275  -32.585 0.0000000000
48285  -41.672  -13.000  -32.479 0.0000000000
48295  -34.381  -12.139  -34.315 0.0000000000
48296  -34.636  -12.353  -34.904 0.0000000000
48297  -35.676  -12.925  -35.027 0.0000000000
48298  -37.044  -13.514  -34.312 0.0000000000
48299  -38.000  -14.505  -34.030 0.0000000000
48302  -35.158  -12.184  -35.444 0.0000000000
48303  -35.534  -12.255  -35.392 0.0000000000
48973  -35.935  -12.790  -24.484 0.0000000000
48974  -36.445  -12.952  -25.072 0.0000000000
48992  -36.186  -12.438  -24.927 0.0000000000
48993  -36.806  -12.621  -25.677 0.0000000000
49012  -37.231  -12.465  -26.560 0.0000000000
49023  -37.555  -12.261  -27.557 0.0000000000
49024  -37.766  -11.706  -28.115 0.0000000000
49032  -37.631  -12.405  -28.701 0.0000000000
49033  -37.736  -11.599  -28.865 0.0000000000
49035  -37.296  -12.064  -29.682 0.0000000000
49036  -37.527  -11.349  -29.532 0.0000000000
49039  -35.943  -12.170  -31.128 0.0000000000
49040  -36.648  -11.706  -30.611 0.0000000000
49044  -34.639  -12.082  -32.670 0.0000000000
49045  -35.287  -11.563  -32.044 0.0000000000
49058  -34.296  -11.931  -34.126 0.0000000000
49059  -34.421  -11.609  -33.623 0.0000000000
49060  -37.416  -12.853  -33.809 0.0000000000
49061  -38.323  -12.644  -33.071 0.0000000000
49062  -39.642  -12.463  -32.463 0.0000000000
49063  -40.857  -12.353  -32.281 0.0000000000
49079  -34.329  -11.712  -34.739 0.0000000000
49080  -34.481  -11.750  -35.130 0.0000000000
49081  -36.056  -12.269  -35.177 0.0000000000
49082  -36.597  -12.046  -34.543 0.0000000000
49092  -34.469  -11.446  -35.165 0.0000000000
49093  -34.735  -11.584  -35.445 0.0000000000
49094  -35.413  -11.736  -35.509 0.0000000000
49819  -36.664  -11.977  -25.573 0.0000000000
49820  -36.948  -11.884  -26.011 0.0000000000
49839  -36.956  -11.323  -26.043 0.0000000000
49840  -37.265  -11.371  -26.621 0.0000000000
49855  -37.605  -11.157  -27.455 0.0000000000
49856  -37.760  -10.972  -28.236 0.0000000000
49867  -37.721  -10.844  -29.065 0.0000000000
49870  -37.172  -11.339  -30.187 0.0000000000
49871  -37.404  -10.680  -30.048 0.0000000000
49875  -36.055  -11.320  -31.520 0.0000000000
49876  -36.637  -10.678  -31.266 0.0000000000
49877  -37.078  -10.190  -30.829 0.0000000000
49882  -34.795  -11.188  -32.987 0.0000000000
49883  -35.631  -10.462  -32.818 0.0000000000
49884  -36.226  -9.875  -32.557 0.0000000000
49885  -40.388  -10.766  -31.869 0.0000000000
49886  -40.799  -10.864  -31.817 0.0000000000
49893  -34.298  -11.358  -34.300 0.0000000000
49894  -34.724  -10.710  -34.044 0.0000000000
49895  -35.750  -9.903  -34.539 0.0000000000
49896  -36.871  -11.198  -33.982 0.0000000000
49897  -38.375  -11.297  -32.808 0.0000000000
49898  -39.961  -11.148  -32.068 0.0000000000
49899  -41.195  -11.576  -32.069 0.0000000000
49909  -34.436  -11.090  -34.944 0.0000000000
49910  -35.014  -10.595  -35.145 0.0000000000
49911  -36.009  -11.175  -35.130 0.0000000000
49912  -36.466  -11.415  -34.612 0.0000000000
49923  -34.532  -11.258  -35.307 0.0000000000
49924  -34.662  -11.075  -35.419 0.0000000000
49925  -35.141  -11.094  -35.675 0.0000000000
50812  -36.089  -9.861  -25.442 0.0000000000
50813  -36.434  -9.887  -25.819 0.0000000000
50827  -35.864  -10.008  -25.235 0.0000000000
50828  -37.078  -10.425  -26.510 0.0000000000
50829  -37.314  -10.385  -26.940 0.0000000000
50844  -37.519  -10.250  -27.676 0.0000000000
50845  -37.641  -10.169  -28.496 0.0000000000
50859  -37.627  -10.086  -29.368 0.0000000000
50866  -37.408  -9.945  -30.208 0.0000000000
50870  -36.673  -9.769  -31.870 0.0000000000
50871  -37.110  -9.729  -30.935 0.0000000000
50878  -35.956  -9.600  -33.614 0.0000000000
50879  -36.286  -9.345  -33.203 0.0000000000
50880  -40.428  -10.283  -31.784 0.0000000000
50889  -36.630  -9.866  -34.262 0.0000000000
50890  -37.250  -9.964  -33.568 0.0000000000
50891  -38.661  -10.285  -32.555 0.0000000000
50892  -39.592  -10.145  -32.062 0.0000000000
51897  -36.086  -9.749  -26.546 0.0000000000
51898  -36.229  -9.815  -26.508 0.0000000000
51915  -36.952  -9.407  -26.780 0.0000000000
51916  -37.086  -9.881  -26.767 0.0000000000
51928  -36.948  -8.890  -26.918 0.0000000000
51929  -37.211  -9.366  -27.160 0.0000000000
51930  -37.614  -9.359  -27.962 0.0000000000
51943  -37.682  -9.345  -28.832 0.0000000000
51956  -37.402  -8.808  -30.349 0.0000000000
51957  -37.533  -9.368  -29.726 0.0000000000
51965  -36.983  -9.176  -31.437 0.0000000000
51966  -37.307  -9.429  -30.498 0.0000000000
51972  -36.379  -9.239  -32.809 0.0000000000
51973  -39.932  -9.295  -31.889 0.0000000000
51974  -41.048  -9.405  -31.549 0.0000000000
51982  -36.910  -9.435  -33.904 0.0000000000
51983  -38.047  -9.497  -33.034 0.0000000000
51984  -39.035  -9.641  -32.380 0.0000000000
52974  -35.850  -8.806  -26.936 0.0000000000
52990  -36.835  -8.483  -26.797 0.0000000000
52991  -37.094  -8.286  -26.939 0.0000000000
52992  -37.544  -8.428  -27.510 0.0000000000
53005  -37.787  -8.516  -28.307 0.0000000000
53022  -37.541  -7.975  -30.100 0.0000000000
53023  -37.691  -8.480  -29.296 0.0000000000
53037  -37.235  -8.334  -31.179 0.0000000000
53045  -36.715  -8.678  -32.425 0.0000000000
53046  -39.839  -8.198  -32.013 0.0000000000
53047  -40.774  -8.398  -31.546 0.0000000000
53059  -36.235  -8.438  -34.308 0.0000000000
53060  -36.712  -8.870  -33.771 0.0000000000
53061  -37.810  -8.767  -33.427 0.0000000000
53062  -38.947  -8.920  -32.549 0.0000000000
53071  -36.505  -8.248  -34.824 0.0000000000
53072  -36.851  -8.638  -34.501 0.0000000000
53073  -37.250  -8.860  -34.054 0.0000000000
53079  -36.663  -8.120  -35.040 0.0000000000
53080  -36.784  -8.253  -34.878 0.0000000000
54129  -35.912  -8.204  -27.163 0.0000000000
54148  -36.526  -7.439  -26.702 0.0000000000
54149  -37.323  -7.278  -27.237 0.0000000000
54150  -37.772  -7.802  -27.857 0.0000000000
54166  -37.652  -7.248  -28.003 0.0000000000
54167  -37.808  -7.673  -28.568 0.0000000000
54182  -37.671  -7.152  -29.779 0.0000000000
54183  -37.731  -7.651  -29.317 0.0000000000
54196  -37.443  -7.435  -30.789 0.0000000000
54206  -36.911  -7.789  -31.895 0.0000000000
54207  -39.818  -7.218  -32.166 0.0000000000
54208  -40.602  -7.391  -31.681 0.0000000000
54226  -36.130  -7.769  -34.165 0.0000000000
54227  -36.376  -8.075  -33.218 0.0000000000
54228  -38.525  -7.778  -33.298 0.0000000000
54229  -39.034  -7.992  -32.680 0.0000000000
54236  -36.140  -7.851  -34.919 0.0000000000
54237  -37.248  -8.000  -34.735 0.0000000000
54238  -37.713  -8.067  -34.003 0.0000000000
54242  -36.582  -7.808  -35.284 0.0000000000
54243  -36.945  -7.895  -35.193 0.0000000000
55263  -36.503  -6.470  -26.860 0.0000000000
55264  -37.018  -6.531  -27.316 0.0000000000
55282  -36.653  -6.073  -27.362 0.0000000000
55283  -37.292  -6.526  -28.117 0.0000000000
55284  -37.688  -7.099  -28.394 0.0000000000
55300  -37.533  -6.381  -29.250 0.0000000000
55301  -37.773  -7.034  -28.900 0.0000000000
55313  -37.556  -6.551  -30.293 0.0000000000
55322  -37.217  -6.871  -31.382 0.0000000000
55323  -39.795  -6.344  -32.305 0.0000000000
55324  -40.445  -6.484  -31.899 0.0000000000
55344  -36.338  -7.036  -33.443 0.0000000000
55345  -36.688  -7.238  -32.387 0.0000000000
55346  -38.621  -6.841  -33.437 0.0000000000
55347  -39.196  -6.988  -32.733 0.0000000000
55361  -35.995  -7.013  -34.724 0.0000000000
55362  -37.315  -7.451  -35.062 0.0000000000
55363  -37.837  -7.063  -34.407 0.0000000000
55367  -36.185  -6.984  -35.918 0.0000000000
55368  -37.178  -7.060  -35.740 0.0000000000
55369  -37.516  -6.940  -35.050 0.0000000000
55373  -36.301  -6.486  -36.992 0.0000000000
55374  -36.716  -6.539  -36.576 0.0000000000
55380  -36.478  -6.254  -37.269 0.0000000000
55381  -36.560  -6.319  -37.029 0.0000000000
56277  -36.224  -5.918  -26.910 0.0000000000
56307  -36.144  -5.424  -27.148 0.0000000000
56308  -36.731  -5.688  -27.863 0.0000000000
56334  -36.410  -5.005  -27.882 0.0000000000
56335  -36.998  -5.535  -28.688 0.0000000000
56358  -37.443  -5.744  -29.687 0.0000000000
56372  -37.386  -6.019  -30.730 0.0000000000
56373  -39.773  -5.941  -32.367 0.0000000000
56374  -40.160  -5.734  -32.163 0.0000000000
56394  -36.407  -6.500  -33.223 0.0000000000
56395  -36.875  -6.487  -32.012 0.0000000000
56396  -38.873  -6.182  -33.245 0.0000000000
56397  -39.353  -5.815  -32.757 0.0000000000
56398  -40.033  -5.009  -32.334 0.0000000000
56419  -36.221  -6.217  -34.339 0.0000000000
56420  -38.649  -5.944  -33.698 0.0000000000
56421  -39.073  -5.032  -33.248 0.0000000000
56432  -35.885  -5.820  -35.556 0.0000000000
56433  -37.480  -6.198  -35.731 0.0000000000
56434  -37.857  -6.020  -34.923 0.0000000000
56439  -35.673  -6.007  -36.887 0.0000000000
56440  -37.237  -6.083  -36.342 0.0000000000
56443  -36.227  -5.981  -37.642 0.0000000000
56444  -36.730  -5.926  -37.117 0.0000000000
57315  -36.203  -4.400  -27.627 0.0000000000
57316  -36.558  -4.259  -28.429 0.0000000000
57317  -37.072  -5.180  -29.228 0.0000000000
57345  -36.559  -3.131  -30.589 0.0000000000
57346  -36.517  -4.387  -30.638 0.0000000000
57347  -37.335  -5.263  -29.844 0.0000000000
57367  -36.542  -3.174  -31.047 0.0000000000
57368  -36.676  -3.888  -31.516 0.0000000000
57369  -37.301  -5.788  -30.916 0.0000000000
57385  -36.523  -4.754  -32.694 0.0000000000
57386  -36.743  -4.878  -31.798 0.0000000000
57387  -39.623  -4.404  -32.791 0.0000000000
57388  -40.451  -4.281  -32.362 0.0000000000
57410  -36.325  -4.715  -34.858 0.0000000000
57411  -38.653  -4.686  -34.007 0.0000000000
57412  -39.154  -4.449  -33.315 0.0000000000
57428  -36.102  -4.573  -35.614 0.0000000000
57429  -37.671  -5.462  -35.788 0.0000000000
57430  -38.167  -4.800  -35.192 0.0000000000
57440  -35.693  -4.865  -36.659 0.0000000000
57441  -37.436  -4.921  -36.748 0.0000000000
57442  -37.854  -4.757  -35.884 0.0000000000
57444  -35.769  -4.935  -38.022 0.0000000000
57445  -36.593  -4.953  -37.906 0.0000000000
57447  -36.032  -4.340  -38.639 0.0000000000
57448  -36.199  -4.605  -38.503 0.0000000000
58295  -36.485  -2.966  -28.385 0.0000000000
58315  -36.367  -2.036  -29.271 0.0000000000
58316  -36.638  -2.932  -28.824 0.0000000000
58337  -36.504  -2.742  -30.724 0.0000000000
58338  -36.545  -2.857  -31.265 0.0000000000
58355  -36.582  -3.295  -32.129 0.0000000000
58356  -39.709  -3.508  -32.906 0.0000000000
58357  -40.154  -3.594  -32.555 0.0000000000
58378  -36.374  -3.270  -34.176 0.0000000000
58379  -38.743  -3.678  -34.053 0.0000000000
58380  -39.230  -3.781  -33.410 0.0000000000
58399  -36.281  -3.567  -34.950 0.0000000000
58400  -38.508  -3.999  -34.745 0.0000000000
58416  -36.021  -3.690  -36.163 0.0000000000
58417  -37.587  -3.978  -36.853 0.0000000000
58418  -38.072  -3.895  -35.905 0.0000000000
58423  -35.744  -3.793  -37.547 0.0000000000
58424  -37.221  -3.968  -37.706 0.0000000000
58425  -35.945  -3.729  -38.581 0.0000000000
58426  -36.507  -3.729  -38.622 0.0000000000
59237  -35.878  -1.489  -29.076 0.0000000000
59238  -36.416  -2.334  -28.843 0.0000000000
59265  -35.898  -1.214  -29.905 0.0000000000
59266  -36.431  -2.121  -31.617 0.0000000000
59287  -36.459  -2.182  -33.403 0.0000000000
59288  -39.939  -3.040  -32.719 0.0000000000
59289  -40.446  -2.917  -32.536 0.0000000000
59310  -36.295  -2.493  -34.128 0.0000000000
59311  -38.996  -3.071  -33.797 0.0000000000
59312  -39.567  -2.829  -33.243 0.0000000000
59332  -36.072  -2.576  -35.339 0.0000000000
59333  -38.526  -3.011  -34.707 0.0000000000
59353  -35.965  -2.591  -36.905 0.0000000000
59354  -37.637  -3.167  -37.049 0.0000000000
59355  -38.027  -2.544  -35.974 0.0000000000
59361  -35.910  -2.632  -38.377 0.0000000000
59362  -37.253  -2.843  -38.322 0.0000000000
59363  -36.325  -2.662  -39.300 0.0000000000
59364  -36.895  -2.630  -39.218 0.0000000000
60149  -35.379  -0.624  -29.800 0.0000000000
60173  -35.008  -0.006  -30.552 0.0000000000
60174  -35.693  -0.530  -31.216 0.0000000000
60175  -36.333  -1.226  -32.526 0.0000000000
60196  -33.107  -0.249  -31.303 0.0000000000
60197  -35.315  0.161  -31.491 0.0000000000
60198  -35.657  -0.086  -32.008 0.0000000000
60199  -36.353  -1.611  -33.324 0.0000000000
60200  -40.047  -2.524  -32.833 0.0000000000
60201  -40.578  -2.187  -32.716 0.0000000000
60213  -36.103  -1.589  -34.352 0.0000000000
60214  -39.055  -2.220  -33.969 0.0000000000
60215  -39.815  -1.793  -33.272 0.0000000000
60216  -40.682  -1.391  -33.051 0.0000000000
60238  -35.873  -1.475  -35.933 0.0000000000
60239  -38.403  -1.832  -34.963 0.0000000000
60258  -35.855  -1.368  -37.863 0.0000000000
60259  -37.553  -1.871  -37.354 0.0000000000
60260  -37.844  -1.585  -35.994 0.0000000000
60276  -36.130  -1.645  -39.366 0.0000000000
60277  -37.107  -1.701  -38.971 0.0000000000
60287  -36.340  -2.095  -39.878 0.0000000000
60288  -36.746  -2.100  -39.688 0.0000000000
61181  -34.511  0.567  -31.097 0.0000000000
61182  -35.167  0.536  -31.574 0.0000000000
61183  -36.084  -0.660  -32.399 0.0000000000
61184  -36.310  -1.123  -32.812 0.0000000000
61207  -33.752  0.632  -31.669 0.0000000000
61208  -35.365  0.561  -32.350 0.0000000000
61209  -35.760  -0.169  -32.937 0.0000000000
61210  -36.155  -0.923  -33.325 0.0000000000
61222  -35.243  0.771  -33.058 0.0000000000
61223  -35.509  0.425  -33.435 0.0000000000
61224  -35.801  -0.397  -34.529 0.0000000000
61225  -39.001  -0.917  -34.188 0.0000000000
61226  -39.946  -0.696  -33.490 0.0000000000
61227  -40.861  -0.600  -33.414 0.0000000000
61250  -35.778  -0.408  -36.611 0.0000000000
61251  -38.163  -0.813  -35.438 0.0000000000
61264  -35.976  -0.257  -38.241 0.0000000000
61265  -37.156  -0.582  -38.016 0.0000000000
61266  -37.591  -0.898  -36.632 0.0000000000
61280  -35.808  -0.832  -38.925 0.0000000000
61281  -36.522  -0.806  -39.013 0.0000000000
62186  -34.235  1.307  -31.554 0.0000000000
62187  -34.358  1.153  -31.447 0.0000000000
62207  -34.074  1.058  -32.126 0.0000000000
62208  -35.222  0.862  -32.168 0.0000000000
62226  -35.095  0.952  -32.997 0.0000000000
62227  -35.275  1.043  -33.803 0.0000000000
62228  -35.542  0.534  -34.386 0.0000000000
62229  -38.991  -0.260  -34.298 0.0000000000
62230  -39.324  0.083  -34.092 0.0000000000
62231  -40.199  0.153  -33.738 0.0000000000
62232  -41.045  0.052  -33.815 0.0000000000
62252  -35.402  1.139  -34.845 0.0000000000
62253  -35.607  0.439  -35.594 0.0000000000
62254  -38.624  -0.008  -34.804 0.0000000000
62255  -38.917  0.537  -34.534 0.0000000000
62256  -40.546  0.588  -34.022 0.0000000000
62269  -35.521  1.263  -36.004 0.0000000000
62270  -35.692  0.562  -37.211 0.0000000000
62271  -36.683  0.548  -38.107 0.0000000000
62272  -37.592  0.256  -36.402 0.0000000000
62281  -35.502  1.399  -37.049 0.0000000000
62282  -35.753  1.158  -38.019 0.0000000000
62283  -36.634  1.309  -38.138 0.0000000000
63108  -34.108  1.176  -33.270 0.0000000000
63124  -35.012  1.644  -34.010 0.0000000000
63125  -35.144  1.618  -34.427 0.0000000000
63126  -39.729  0.531  -34.040 0.0000000000
63127  -40.024  0.754  -34.051 0.0000000000
63143  -34.914  2.242  -34.612 0.0000000000
63144  -35.211  1.915  -35.179 0.0000000000
63145  -38.432  0.913  -35.132 0.0000000000
63146  -39.360  1.045  -34.436 0.0000000000
63147  -40.337  1.265  -34.347 0.0000000000
63160  -34.706  2.882  -35.371 0.0000000000
63161  -35.240  2.081  -36.224 0.0000000000
63162  -37.197  1.254  -37.281 0.0000000000
63163  -37.783  1.485  -36.007 0.0000000000
63171  -34.376  3.398  -35.824 0.0000000000
63172  -34.808  2.853  -36.471 0.0000000000
63173  -35.428  2.060  -37.410 0.0000000000
63174  -36.105  1.869  -38.356 0.0000000000
63175  -36.861  1.912  -37.666 0.0000000000
63181  -34.447  3.537  -36.470 0.0000000000
63182  -34.692  3.181  -36.830 0.0000000000
64001  -38.678  1.969  -35.209 0.0000000000
64002  -39.580  2.002  -34.731 0.0000000000
64003  -40.432  2.162  -34.730 0.0000000000
64016  -37.424  2.066  -36.704 0.0000000000
64017  -37.998  2.337  -35.898 0.0000000000
64030  -35.017  2.859  -37.361 0.0000000000
64031  -35.646  2.540  -38.113 0.0000000000
64032  -36.419  2.549  -37.873 0.0000000000
64033  -37.147  2.667  -37.138 0.0000000000
64042  -34.246  4.128  -36.753 0.0000000000
64043  -34.675  3.534  -37.140 0.0000000000
64044  -36.088  2.857  -38.381 0.0000000000
64045  -36.303  3.024  -37.911 0.0000000000
64841  -39.123  2.531  -35.118 0.0000000000
64842  -39.649  2.788  -35.051 0.0000000000
64843  -40.466  2.935  -35.126 0.0000000000
64844  -41.065  3.000  -35.357 0.0000000000
64856  -37.722  2.775  -36.356 0.0000000000
64857  -38.623  3.240  -35.734 0.0000000000
64858  -39.764  3.571  -35.409 0.0000000000
64859  -40.581  3.583  -35.534 0.0000000000
64860  -41.384  3.382  -35.877 0.0000000000
64872  -35.129  3.304  -38.064 0.0000000000
64873  -35.558  3.001  -38.595 0.0000000000
64874  -36.795  3.318  -37.496 0.0000000000
64875  -37.601  3.471  -36.690 0.0000000000
64876  -38.114  3.896  -36.375 0.0000000000
64877  -41.605  3.739  -36.444 0.0000000000
64889  -34.465  4.075  -37.626 0.0000000000
64890  -35.882  3.222  -38.743 0.0000000000
64891  -36.201  3.414  -38.145 0.0000000000
65684  -39.292  4.256  -35.874 0.0000000000
65685  -40.059  4.262  -35.800 0.0000000000
65686  -40.707  4.109  -35.977 0.0000000000
65687  -41.166  4.071  -36.299 0.0000000000
65698  -35.207  3.265  -38.712 0.0000000000
65699  -35.432  3.337  -38.945 0.0000000000
65700  -37.214  3.875  -37.184 0.0000000000
65701  -37.646  4.439  -36.879 0.0000000000
65702  -38.528  4.375  -36.304 0.0000000000
65703  -40.302  4.544  -36.165 0.0000000000
65704  -40.716  4.578  -36.492 0.0000000000
65705  -41.387  4.371  -36.937 0.0000000000
65716  -34.127  4.970  -37.947 0.0000000000
65717  -34.866  3.849  -38.797 0.0000000000
65718  -35.724  4.003  -38.669 0.0000000000
65719  -36.712  4.266  -37.664 0.0000000000
65720  -37.212  4.876  -37.324 0.0000000000
65721  -41.562  4.580  -37.641 0.0000000000
65735  -35.219  4.206  -39.081 0.0000000000
65736  -35.388  4.470  -38.885 0.0000000000
66511  -39.719  4.678  -36.127 0.0000000000
66512  -40.031  4.659  -36.122 0.0000000000
66521  -38.286  5.208  -36.738 0.0000000000
66522  -39.174  5.071  -36.441 0.0000000000
66523  -40.060  5.045  -36.541 0.0000000000
66524  -40.722  5.212  -37.216 0.0000000000
66525  -41.225  4.891  -37.396 0.0000000000
66537  -34.787  4.646  -38.698 0.0000000000
66538  -34.936  4.302  -39.100 0.0000000000
66539  -36.268  4.842  -38.183 0.0000000000
66540  -36.859  5.375  -37.649 0.0000000000
66541  -37.601  5.369  -37.173 0.0000000000
66542  -40.775  5.662  -37.687 0.0000000000
66543  -41.248  5.329  -37.901 0.0000000000
66558  -34.408  5.615  -38.490 0.0000000000
66559  -35.081  4.944  -38.855 0.0000000000
66560  -35.710  5.080  -38.568 0.0000000000
66561  -36.320  5.535  -38.184 0.0000000000
66562  -41.656  5.148  -38.989 0.0000000000
66585  -41.474  5.299  -40.606 0.0000000000
66594  -41.441  5.427  -41.594 0.0000000000
66600  -40.700  5.862  -42.948 0.0000000000
66601  -41.125  5.386  -42.759 0.0000000000
66607  -40.571  5.617  -43.560 0.0000000000
66608  -41.063  4.839  -43.982 0.0000000000
66615  -39.542  5.320  -44.988 0.0000000000
66616  -40.173  5.167  -44.719 0.0000000000
66624  -39.439  5.054  -45.450 0.0000000000
66629  -39.434  4.909  -46.133 0.0000000000
67336  -38.100  5.869  -37.140 0.0000000000
67337  -38.788  5.806  -37.053 0.0000000000
67338  -39.609  5.684  -37.075 0.0000000000
67339  -40.157  5.531  -37.147 0.0000000000
67349  -36.630  6.274  -37.947 0.0000000000
67350  -37.464  6.301  -37.481 0.0000000000
67351  -38.358  6.514  -37.455 0.0000000000
67352  -39.212  6.402  -37.579 0.0000000000
67353  -40.272  6.156  -37.803 0.0000000000
67354  -40.859  5.871  -37.928 0.0000000000
67366  -34.049  6.446  -39.093 0.0000000000
67367  -34.843  6.149  -38.955 0.0000000000
67368  -35.475  5.935  -38.730 0.0000000000
67369  -36.056  6.064  -38.460 0.0000000000
67370  -40.507  6.542  -38.424 0.0000000000
67371  -41.027  6.154  -38.515 0.0000000000
67383  -41.269  5.920  -39.732 0.0000000000
67394  -41.115  6.051  -40.829 0.0000000000
67404  -40.593  6.589  -42.312 0.0000000000
67405  -40.981  6.246  -41.839 0.0000000000
67414  -40.420  6.369  -42.990 0.0000000000
67415  -40.761  6.100  -42.555 0.0000000000
67423  -39.515  6.375  -44.454 0.0000000000
67424  -39.977  6.200  -43.910 0.0000000000
67431  -39.154  5.782  -45.059 0.0000000000
67432  -39.663  5.732  -44.652 0.0000000000
67438  -37.418  5.931  -47.005 0.0000000000
67439  -37.942  5.791  -46.535 0.0000000000
67440  -38.645  5.426  -45.853 0.0000000000
67444  -37.573  6.123  -47.217 0.0000000000
67445  -38.161  5.974  -47.074 0.0000000000
68291  -35.884  7.299  -38.592 0.0000000000
68292  -36.205  7.019  -38.407 0.0000000000
68293  -36.973  7.170  -37.846 0.0000000000
68294  -37.830  7.246  -37.738 0.0000000000
68295  -38.723  7.264  -37.972 0.0000000000
68296  -39.517  6.930  -38.132 0.0000000000
68308  -33.684  7.158  -39.568 0.0000000000
68309  -34.553  7.179  -39.433 0.0000000000
68310  -35.513  6.989  -38.861 0.0000000000
68311  -35.820  6.506  -38.633 0.0000000000
68312  -39.286  7.685  -38.450 0.0000000000
68313  -40.137  7.176  -38.722 0.0000000000
68314  -40.603  6.651  -38.708 0.0000000000
68326  -33.525  7.607  -39.770 0.0000000000
68327  -40.397  7.343  -39.790 0.0000000000
68328  -40.761  6.707  -39.245 0.0000000000
68339  -40.475  7.295  -40.748 0.0000000000
68340  -40.806  6.683  -40.216 0.0000000000
68351  -40.464  7.064  -41.702 0.0000000000
68352  -40.751  6.669  -41.054 0.0000000000
68362  -40.267  7.049  -42.504 0.0000000000
68370  -39.620  7.147  -43.895 0.0000000000
68371  -40.014  7.058  -43.168 0.0000000000
68378  -38.421  6.999  -45.149 0.0000000000
68379  -39.039  6.941  -44.676 0.0000000000
68385  -36.214  6.647  -47.135 0.0000000000
68386  -36.949  6.310  -46.568 0.0000000000
68387  -37.805  6.350  -45.709 0.0000000000
68388  -38.576  6.238  -45.307 0.0000000000
68392  -35.691  7.218  -48.194 0.0000000000
68393  -35.940  6.783  -47.839 0.0000000000
68394  -36.940  6.410  -47.339 0.0000000000
68395  -38.043  6.776  -47.260 0.0000000000
68399  -35.849  7.420  -48.252 0.0000000000
68400  -36.159  7.227  -48.131 0.0000000000
68401  -36.710  7.049  -47.735 0.0000000000
68402  -37.390  7.052  -47.489 0.0000000000
69226  -35.894  7.836  -38.511 0.0000000000
69227  -36.622  7.857  -38.257 0.0000000000
69228  -37.365  7.939  -38.181 0.0000000000
69229  -38.097  7.897  -38.197 0.0000000000
69230  -38.672  7.982  -38.380 0.0000000000
69236  -33.941  7.638  -39.769 0.0000000000
69237  -34.310  8.342  -39.527 0.0000000000
69238  -35.131  8.079  -38.962 0.0000000000
69239  -37.707  8.333  -38.473 0.0000000000
69240  -38.194  8.421  -38.639 0.0000000000
69241  -38.893  8.418  -38.821 0.0000000000
69242  -39.536  8.014  -38.928 0.0000000000
69254  -33.452  8.324  -39.963 0.0000000000
69255  -33.890  8.831  -39.707 0.0000000000
69256  -39.220  8.467  -39.417 0.0000000000
69257  -39.808  7.926  -39.550 0.0000000000
69266  -39.410  8.457  -40.166 0.0000000000
69267  -40.024  7.938  -40.427 0.0000000000
69278  -39.652  8.517  -41.016 0.0000000000
69279  -40.193  7.896  -41.346 0.0000000000
69288  -39.748  8.415  -41.956 0.0000000000
69289  -40.106  7.677  -42.208 0.0000000000
69296  -39.703  7.995  -43.022 0.0000000000
69297  -40.030  7.461  -42.717 0.0000000000
69303  -38.659  7.843  -44.736 0.0000000000
69304  -39.209  8.074  -44.048 0.0000000000
69310  -36.274  7.294  -46.517 0.0000000000
69311  -37.165  7.377  -45.829 0.0000000000
69312  -38.052  7.639  -45.289 0.0000000000
69315  -35.270  7.501  -48.035 0.0000000000
69316  -35.613  7.373  -47.279 0.0000000000
69322  -35.563  7.741  -48.244 0.0000000000
69323  -36.188  7.878  -48.141 0.0000000000
69324  -36.861  7.872  -47.733 0.0000000000
70124  -36.352  8.489  -38.417 0.0000000000
70125  -36.967  8.504  -38.413 0.0000000000
70126  -37.377  8.441  -38.476 0.0000000000
70132  -34.917  9.156  -39.083 0.0000000000
70133  -35.734  8.952  -38.606 0.0000000000
70134  -36.612  9.128  -38.623 0.0000000000
70135  -37.485  8.975  -38.794 0.0000000000
70136  -38.219  8.915  -39.104 0.0000000000
70137  -38.676  8.823  -39.373 0.0000000000
70146  -33.004  9.296  -40.349 0.0000000000
70147  -33.610  9.347  -39.849 0.0000000000
70148  -34.223  9.381  -39.493 0.0000000000
70149  -37.780  9.425  -39.346 0.0000000000
70150  -38.239  9.400  -39.698 0.0000000000
70151  -38.817  8.925  -39.939 0.0000000000
70160  -38.507  9.503  -40.334 0.0000000000
70161  -39.074  9.058  -40.671 0.0000000000
70172  -38.644  9.610  -41.115 0.0000000000
70173  -39.229  9.097  -41.558 0.0000000000
70183  -38.688  9.635  -42.052 0.0000000000
70184  -39.227  8.968  -42.553 0.0000000000
70192  -37.979  9.836  -43.445 0.0000000000
70193  -38.449  9.473  -43.146 0.0000000000
70194  -39.077  8.699  -43.490 0.0000000000
70200  -37.964  9.557  -44.002 0.0000000000
70201  -38.619  8.755  -44.205 0.0000000000
70202  -38.995  8.561  -43.914 0.0000000000
70208  -36.640  8.481  -45.861 0.0000000000
70209  -37.717  8.786  -45.094 0.0000000000
70210  -38.311  8.317  -44.862 0.0000000000
70213  -34.355  9.149  -47.593 0.0000000000
70214  -34.940  8.499  -47.492 0.0000000000
70215  -35.671  8.311  -46.499 0.0000000000
70221  -34.047  8.844  -48.157 0.0000000000
70222  -34.828  8.545  -48.454 0.0000000000
70223  -35.913  8.597  -48.234 0.0000000000
70226  -33.886  8.924  -48.868 0.0000000000
70227  -34.219  8.975  -49.182 0.0000000000
71007  -35.480  9.778  -39.008 0.0000000000
71008  -36.186  9.803  -38.950 0.0000000000
71009  -36.972  9.716  -39.138 0.0000000000
71010  -37.440  9.592  -39.281 0.0000000000
71019  -33.309  10.005  -40.002 0.0000000000
71020  -33.920  10.289  -39.706 0.0000000000
71021  -34.850  10.294  -39.343 0.0000000000
71022  -35.772  10.534  -39.264 0.0000000000
71023  -36.571  10.444  -39.441 0.0000000000
71024  -37.549  10.232  -39.826 0.0000000000
71025  -38.138  9.851  -40.080 0.0000000000
71032  -32.958  10.404  -40.544 0.0000000000
71033  -33.514  10.626  -40.091 0.0000000000
71034  -37.717  10.702  -40.953 0.0000000000
71035  -38.128  10.042  -40.617 0.0000000000
71043  -32.483  10.499  -41.328 0.0000000000
71044  -37.770  10.793  -41.932 0.0000000000
71045  -38.201  10.193  -41.509 0.0000000000
71053  -37.610  10.559  -42.791 0.0000000000
71054  -38.139  10.158  -42.423 0.0000000000
71062  -37.561  10.195  -43.571 0.0000000000
71063  -37.948  10.058  -43.075 0.0000000000
71069  -36.692  10.162  -45.048 0.0000000000
71070  -37.254  9.971  -44.472 0.0000000000
71072  -35.371  10.027  -46.207 0.0000000000
71073  -36.068  9.668  -45.766 0.0000000000
71074  -36.934  9.476  -45.296 0.0000000000
71077  -33.140  9.968  -48.182 0.0000000000
71078  -33.804  9.709  -47.590 0.0000000000
71079  -34.686  9.649  -46.838 0.0000000000
71080  -35.251  9.170  -46.488 0.0000000000
71084  -32.938  9.950  -48.886 0.0000000000
71085  -33.453  9.388  -48.591 0.0000000000
71086  -35.612  9.309  -48.340 0.0000000000
71091  -33.063  10.304  -49.187 0.0000000000
71092  -33.679  9.752  -49.242 0.0000000000
71093  -34.896  9.789  -48.583 0.0000000000
71094  -36.201  10.311  -48.349 0.0000000000
71822  -33.858  10.925  -39.968 0.0000000000
71823  -34.423  11.252  -39.827 0.0000000000
71824  -35.375  11.350  -39.630 0.0000000000
71825  -36.146  11.184  -39.679 0.0000000000
71826  -36.735  10.948  -39.965 0.0000000000
71832  -32.832  11.436  -40.981 0.0000000000
71833  -33.616  11.453  -40.358 0.0000000000
71834  -34.348  12.037  -40.225 0.0000000000
71835  -35.855  11.744  -39.919 0.0000000000
71836  -36.377  11.635  -40.302 0.0000000000
71837  -37.067  11.152  -40.567 0.0000000000
71844  -31.750  11.305  -42.261 0.0000000000
71845  -32.330  11.412  -41.703 0.0000000000
71846  -36.709  11.812  -41.002 0.0000000000
71847  -37.261  11.357  -41.448 0.0000000000
71856  -36.724  11.907  -41.897 0.0000000000
71857  -37.195  11.259  -42.426 0.0000000000
71865  -35.880  12.083  -43.397 0.0000000000
71866  -36.429  11.714  -43.073 0.0000000000
71867  -37.073  10.843  -43.340 0.0000000000
71873  -35.820  11.700  -44.049 0.0000000000
71874  -36.533  10.813  -44.304 0.0000000000
71875  -37.083  10.443  -43.899 0.0000000000
71878  -34.855  11.432  -45.802 0.0000000000
71879  -35.565  11.036  -45.484 0.0000000000
71880  -36.291  10.497  -45.191 0.0000000000
71883  -32.752  11.212  -47.185 0.0000000000
71884  -33.188  10.749  -47.276 0.0000000000
71885  -34.368  10.796  -46.396 0.0000000000
71886  -35.029  10.421  -46.254 0.0000000000
71888  -32.595  11.092  -47.717 0.0000000000
71889  -32.790  10.543  -48.268 0.0000000000
71890  -34.005  11.904  -48.506 0.0000000000
71891  -34.394  11.799  -48.438 0.0000000000
71895  -32.545  11.176  -48.374 0.0000000000
71896  -32.892  10.891  -48.668 0.0000000000
71897  -33.583  11.140  -48.691 0.0000000000
71898  -34.753  11.097  -48.486 0.0000000000
71899  -36.041  11.296  -48.557 0.0000000000
72629  -35.022  12.058  -39.940 0.0000000000
72630  -35.506  11.920  -39.914 0.0000000000
72639  -33.229  12.213  -40.873 0.0000000000
72640  -33.923  12.497  -40.719 0.0000000000
72641  -34.799  12.489  -40.681 0.0000000000
72642  -35.704  12.182  -40.462 0.0000000000
72643  -36.286  12.051  -40.717 0.0000000000
72652  -31.907  12.345  -42.071 0.0000000000
72653  -32.613  12.467  -41.427 0.0000000000
72654  -33.390  12.902  -41.294 0.0000000000
72655  -34.319  12.974  -41.708 0.0000000000
72656  -35.408  12.563  -41.424 0.0000000000
72657  -36.187  12.234  -41.255 0.0000000000
72665  -31.327  12.031  -42.694 0.0000000000
72666  -34.545  13.142  -43.031 0.0000000000
72667  -35.283  12.723  -42.452 0.0000000000
72668  -36.046  12.362  -42.172 0.0000000000
72673  -30.992  12.130  -43.279 0.0000000000
72674  -34.573  12.804  -44.153 0.0000000000
72675  -35.333  12.459  -43.519 0.0000000000
72676  -35.853  12.353  -42.939 0.0000000000
72683  -30.883  12.377  -43.779 0.0000000000
72684  -34.536  12.433  -45.104 0.0000000000
72685  -35.162  12.073  -44.609 0.0000000000
72691  -34.390  11.906  -45.882 0.0000000000
72692  -34.937  11.812  -45.375 0.0000000000
72697  -30.146  12.957  -46.894 0.0000000000
72698  -32.459  11.588  -47.162 0.0000000000
72699  -32.946  11.593  -46.701 0.0000000000
72700  -33.678  11.586  -46.359 0.0000000000
72705  -29.098  13.154  -48.040 0.0000000000
72706  -30.340  12.725  -47.819 0.0000000000
72707  -31.386  12.218  -48.136 0.0000000000
72708  -32.143  11.693  -47.883 0.0000000000
72709  -34.398  12.435  -48.358 0.0000000000
72710  -35.276  12.425  -48.337 0.0000000000
72711  -35.883  13.015  -48.681 0.0000000000
72717  -29.854  12.925  -49.131 0.0000000000
72718  -30.857  12.485  -48.963 0.0000000000
72719  -31.999  11.890  -48.789 0.0000000000
72720  -32.960  11.998  -48.698 0.0000000000
72721  -33.749  12.268  -48.532 0.0000000000
72722  -35.672  11.856  -48.469 0.0000000000
72723  -36.313  12.600  -49.150 0.0000000000
73440  -31.808  12.945  -42.223 0.0000000000
73441  -32.140  13.143  -41.932 0.0000000000
73442  -32.917  13.253  -41.839 0.0000000000
73443  -33.531  13.204  -41.820 0.0000000000
73451  -31.745  12.708  -42.692 0.0000000000
73452  -32.058  13.045  -42.534 0.0000000000
73453  -32.594  13.225  -42.636 0.0000000000
73454  -33.513  13.317  -42.613 0.0000000000
73459  -31.360  12.564  -43.358 0.0000000000
73460  -31.992  13.119  -43.381 0.0000000000
73461  -32.858  13.498  -43.599 0.0000000000
73462  -33.787  13.356  -43.829 0.0000000000
73466  -30.551  12.561  -44.813 0.0000000000
73467  -31.176  12.814  -44.396 0.0000000000
73468  -32.140  13.431  -44.522 0.0000000000
73469  -33.112  13.525  -44.716 0.0000000000
73470  -33.972  13.146  -44.910 0.0000000000
73474  -29.827  12.691  -46.045 0.0000000000
73475  -30.439  12.773  -45.520 0.0000000000
73476  -31.474  13.086  -45.496 0.0000000000
73477  -32.401  13.221  -45.588 0.0000000000
73478  -33.309  13.074  -45.703 0.0000000000
73479  -34.057  12.689  -45.771 0.0000000000
73484  -30.123  12.873  -46.351 0.0000000000
73485  -30.800  13.053  -46.564 0.0000000000
73486  -31.729  12.889  -46.450 0.0000000000
73487  -32.537  12.404  -46.527 0.0000000000
73488  -33.436  12.321  -46.212 0.0000000000
73489  -33.927  12.188  -46.085 0.0000000000
73494  -31.222  12.702  -47.285 0.0000000000
73495  -31.822  12.292  -47.251 0.0000000000
73496  -32.167  11.934  -47.179 0.0000000000
73497  -34.188  12.970  -48.413 0.0000000000
73498  -34.819  13.182  -48.249 0.0000000000
73499  -35.532  13.437  -48.464 0.0000000000
73505  -31.360  13.005  -49.281 0.0000000000
73506  -32.430  13.079  -48.857 0.0000000000
73507  -33.568  13.293  -48.555 0.0000000000
73508  -36.036  13.622  -49.150 0.0000000000
74261  -34.397  13.642  -48.430 0.0000000000
74262  -35.034  14.056  -48.446 0.0000000000
74263  -35.623  14.193  -48.843 0.0000000000
74270  -34.293  14.695  -48.589 0.0000000000
74271  -35.279  15.070  -48.871 0.0000000000
