#!ascii label  , from subject FREESURFER vox2ras=TkReg 
1136
6399  -28.690  -70.033  16.193 0.0000000000
6402  -27.740  -70.623  16.998 0.0000000000
6940  -27.069  -68.597  16.777 0.0000000000
6947  -27.685  -69.762  16.918 0.0000000000
6948  -27.108  -69.809  15.615 0.0000000000
7483  -27.748  -67.703  16.190 0.0000000000
7493  -27.720  -68.834  14.176 0.0000000000
8541  -30.084  -67.724  20.056 0.0000000000
8542  -30.474  -67.446  20.171 0.0000000000
8543  -31.151  -66.921  20.407 0.0000000000
8546  -31.194  -66.323  20.204 0.0000000000
8565  -28.115  -67.115  12.887 0.0000000000
9089  -29.645  -67.224  19.438 0.0000000000
9090  -30.047  -67.409  20.651 0.0000000000
9091  -30.902  -67.007  21.167 0.0000000000
9095  -28.041  -67.138  17.175 0.0000000000
9099  -30.358  -65.485  19.828 0.0000000000
9100  -31.493  -65.912  20.264 0.0000000000
9120  -28.624  -66.393  13.040 0.0000000000
9121  -28.989  -66.063  12.882 0.0000000000
9129  -28.361  -66.810  12.161 0.0000000000
9130  -28.848  -66.263  12.360 0.0000000000
9648  -29.903  -66.023  20.209 0.0000000000
9649  -30.114  -66.657  21.491 0.0000000000
9654  -27.540  -66.088  18.311 0.0000000000
9655  -27.894  -66.104  19.408 0.0000000000
9659  -27.593  -65.597  19.031 0.0000000000
9660  -30.572  -64.715  19.773 0.0000000000
9661  -31.397  -65.366  20.425 0.0000000000
9672  -27.588  -66.914  16.945 0.0000000000
9681  -28.244  -65.702  14.437 0.0000000000
9689  -28.664  -65.731  13.803 0.0000000000
9690  -29.025  -65.765  13.287 0.0000000000
9697  -29.337  -65.615  12.788 0.0000000000
9698  -29.740  -65.274  12.290 0.0000000000
9704  -29.221  -65.877  11.864 0.0000000000
9705  -29.785  -65.295  11.485 0.0000000000
10239  -29.470  -65.946  21.492 0.0000000000
10240  -30.466  -65.504  22.038 0.0000000000
10245  -28.464  -65.311  20.795 0.0000000000
10246  -29.153  -65.536  21.935 0.0000000000
10250  -27.656  -64.600  19.164 0.0000000000
10251  -27.801  -65.139  19.493 0.0000000000
10252  -30.457  -64.315  19.348 0.0000000000
10253  -30.995  -64.008  19.746 0.0000000000
10258  -27.525  -65.072  18.746 0.0000000000
10259  -30.070  -64.559  19.103 0.0000000000
10260  -30.365  -64.067  18.804 0.0000000000
10264  -27.441  -65.199  17.859 0.0000000000
10265  -27.583  -64.703  17.338 0.0000000000
10266  -29.536  -64.885  18.169 0.0000000000
10267  -29.984  -64.346  18.425 0.0000000000
10272  -27.495  -66.355  17.539 0.0000000000
10273  -27.595  -65.623  16.569 0.0000000000
10274  -29.488  -65.008  16.891 0.0000000000
10275  -29.683  -64.631  16.504 0.0000000000
10280  -28.058  -64.557  16.188 0.0000000000
10281  -29.404  -65.385  16.095 0.0000000000
10282  -29.837  -64.735  16.006 0.0000000000
10286  -28.233  -64.900  15.267 0.0000000000
10287  -28.812  -64.431  14.624 0.0000000000
10295  -28.585  -65.085  14.347 0.0000000000
10296  -29.263  -64.752  13.727 0.0000000000
10297  -29.858  -64.141  13.133 0.0000000000
10304  -29.732  -64.864  12.881 0.0000000000
10305  -30.188  -64.434  12.299 0.0000000000
10314  -30.349  -64.458  11.184 0.0000000000
10866  -29.812  -64.133  21.818 0.0000000000
10867  -31.102  -63.534  21.337 0.0000000000
10872  -28.673  -63.923  20.555 0.0000000000
10873  -29.227  -64.682  21.542 0.0000000000
10878  -27.642  -64.297  19.111 0.0000000000
10879  -27.951  -64.184  19.603 0.0000000000
10880  -31.086  -63.431  19.148 0.0000000000
10888  -27.568  -64.480  18.849 0.0000000000
10889  -27.597  -64.092  18.820 0.0000000000
10890  -30.757  -63.354  18.595 0.0000000000
10891  -31.345  -63.053  18.901 0.0000000000
10900  -27.527  -64.546  18.446 0.0000000000
10901  -27.601  -64.059  18.004 0.0000000000
10902  -29.741  -64.420  17.750 0.0000000000
10903  -30.090  -63.943  17.749 0.0000000000
10912  -27.912  -64.012  16.937 0.0000000000
10913  -29.685  -64.468  17.420 0.0000000000
10914  -29.880  -64.230  16.692 0.0000000000
10923  -28.505  -63.701  15.961 0.0000000000
10924  -28.956  -63.221  15.376 0.0000000000
10925  -30.268  -63.857  15.849 0.0000000000
10935  -28.752  -63.937  15.166 0.0000000000
10936  -29.252  -63.529  14.621 0.0000000000
10937  -30.722  -63.729  15.089 0.0000000000
10938  -31.417  -63.672  14.640 0.0000000000
10939  -32.214  -63.677  14.288 0.0000000000
10949  -29.662  -63.398  13.696 0.0000000000
10950  -30.100  -63.215  12.829 0.0000000000
10961  -30.449  -63.413  11.845 0.0000000000
10971  -30.571  -63.467  10.810 0.0000000000
10978  -30.590  -63.462  9.743 0.0000000000
11471  -29.989  -63.139  21.661 0.0000000000
11472  -30.728  -62.898  21.667 0.0000000000
11473  -31.922  -62.467  21.362 0.0000000000
11474  -32.398  -61.712  21.699 0.0000000000
11482  -28.655  -63.150  20.511 0.0000000000
11483  -29.210  -63.215  21.076 0.0000000000
11484  -33.238  -61.815  21.041 0.0000000000
11485  -34.877  -61.337  20.294 0.0000000000
11493  -28.269  -62.990  19.893 0.0000000000
11494  -28.687  -62.654  20.407 0.0000000000
11503  -27.863  -63.288  18.866 0.0000000000
11504  -31.104  -62.522  18.251 0.0000000000
11505  -31.799  -62.396  18.753 0.0000000000
11514  -28.057  -62.911  17.823 0.0000000000
11515  -30.646  -62.693  17.557 0.0000000000
11522  -28.437  -62.742  16.755 0.0000000000
11523  -30.375  -63.135  16.582 0.0000000000
11530  -28.804  -62.537  15.883 0.0000000000
11531  -29.166  -62.467  15.127 0.0000000000
11532  -30.664  -62.913  15.577 0.0000000000
11533  -31.141  -62.483  15.081 0.0000000000
11540  -29.442  -62.461  14.279 0.0000000000
11541  -31.044  -63.062  14.897 0.0000000000
11542  -31.694  -62.768  14.505 0.0000000000
11543  -32.530  -62.933  14.059 0.0000000000
11547  -29.687  -62.358  13.349 0.0000000000
11548  -29.926  -62.474  12.808 0.0000000000
11554  -29.760  -62.032  12.735 0.0000000000
11555  -30.127  -62.408  12.260 0.0000000000
11560  -30.384  -62.514  11.422 0.0000000000
11566  -30.511  -62.441  10.477 0.0000000000
11574  -30.570  -62.304  9.396 0.0000000000
11582  -30.575  -62.458  8.253 0.0000000000
11995  -32.182  -60.727  22.470 0.0000000000
11996  -32.726  -60.449  22.471 0.0000000000
11997  -33.084  -60.216  22.538 0.0000000000
12008  -30.248  -62.354  21.768 0.0000000000
12009  -30.850  -61.859  22.124 0.0000000000
12010  -31.794  -61.386  22.222 0.0000000000
12011  -32.823  -61.171  22.008 0.0000000000
12012  -33.596  -60.512  22.051 0.0000000000
12013  -34.253  -60.316  21.843 0.0000000000
12024  -29.681  -62.248  21.390 0.0000000000
12025  -30.203  -61.723  21.703 0.0000000000
12026  -33.990  -61.225  21.279 0.0000000000
12027  -35.792  -60.599  20.659 0.0000000000
12037  -28.594  -62.314  19.931 0.0000000000
12038  -29.101  -61.850  20.370 0.0000000000
12047  -28.541  -61.888  18.934 0.0000000000
12048  -29.213  -61.123  19.457 0.0000000000
12049  -30.980  -62.178  17.754 0.0000000000
12050  -31.374  -61.665  17.870 0.0000000000
12051  -32.048  -61.574  18.424 0.0000000000
12052  -32.636  -62.183  19.207 0.0000000000
12059  -28.490  -61.791  17.458 0.0000000000
12060  -30.932  -61.959  17.361 0.0000000000
12061  -31.123  -61.362  16.995 0.0000000000
12068  -28.686  -61.632  16.410 0.0000000000
12069  -30.766  -62.095  16.644 0.0000000000
12070  -31.210  -61.430  16.250 0.0000000000
12077  -28.896  -61.662  15.604 0.0000000000
12078  -29.163  -61.611  14.808 0.0000000000
12079  -30.663  -62.497  16.114 0.0000000000
12080  -31.010  -62.007  15.695 0.0000000000
12087  -29.409  -61.606  13.934 0.0000000000
12088  -31.536  -61.890  14.894 0.0000000000
12089  -32.336  -61.900  14.261 0.0000000000
12090  -32.846  -61.313  14.160 0.0000000000
12097  -29.550  -61.515  13.113 0.0000000000
12098  -32.801  -62.437  13.853 0.0000000000
12104  -29.748  -61.476  12.185 0.0000000000
12105  -30.095  -61.966  11.782 0.0000000000
12110  -29.738  -61.095  11.648 0.0000000000
12111  -30.087  -61.546  11.221 0.0000000000
12117  -30.321  -61.488  10.179 0.0000000000
12124  -30.395  -61.439  9.544 0.0000000000
12134  -30.467  -61.439  8.885 0.0000000000
12141  -30.610  -61.434  7.838 0.0000000000
12148  -30.577  -61.494  6.713 0.0000000000
12518  -32.266  -60.232  22.498 0.0000000000
12519  -32.770  -60.046  22.607 0.0000000000
12520  -33.424  -59.976  22.517 0.0000000000
12521  -34.006  -59.761  22.300 0.0000000000
12529  -31.105  -61.108  22.348 0.0000000000
12530  -31.647  -60.500  22.315 0.0000000000
12531  -34.007  -60.110  22.236 0.0000000000
12532  -34.732  -59.937  21.812 0.0000000000
12533  -35.591  -59.803  21.338 0.0000000000
12542  -29.894  -61.429  21.086 0.0000000000
12543  -30.667  -60.836  21.658 0.0000000000
12544  -31.460  -60.031  21.678 0.0000000000
12545  -35.461  -60.277  21.143 0.0000000000
12546  -36.389  -60.129  20.630 0.0000000000
12553  -30.044  -60.563  19.978 0.0000000000
12554  -31.121  -59.994  20.667 0.0000000000
12555  -31.582  -59.678  21.077 0.0000000000
12563  -28.718  -60.933  17.859 0.0000000000
12564  -29.199  -60.224  18.577 0.0000000000
12565  -31.852  -60.792  17.917 0.0000000000
12566  -32.584  -60.870  18.359 0.0000000000
12567  -33.716  -60.676  18.678 0.0000000000
12568  -37.794  -60.540  19.079 0.0000000000
12569  -38.356  -60.368  18.875 0.0000000000
12570  -38.395  -60.531  19.097 0.0000000000
12578  -28.620  -60.884  16.966 0.0000000000
12579  -28.803  -60.095  17.378 0.0000000000
12580  -31.526  -60.879  17.297 0.0000000000
12587  -28.741  -60.916  16.252 0.0000000000
12588  -28.931  -60.306  16.452 0.0000000000
12589  -31.668  -60.701  16.461 0.0000000000
12590  -32.053  -60.278  16.269 0.0000000000
12597  -28.786  -61.204  15.939 0.0000000000
12598  -29.033  -60.785  15.525 0.0000000000
12599  -31.640  -61.178  15.485 0.0000000000
12600  -32.099  -60.413  15.733 0.0000000000
12607  -29.312  -60.877  14.436 0.0000000000
12608  -31.927  -61.392  14.796 0.0000000000
12609  -32.399  -60.813  14.723 0.0000000000
12610  -33.377  -60.678  14.082 0.0000000000
12620  -29.414  -60.977  13.628 0.0000000000
12631  -29.537  -60.748  12.898 0.0000000000
12642  -29.653  -60.511  11.948 0.0000000000
12643  -29.763  -60.830  11.307 0.0000000000
12654  -29.734  -60.188  11.149 0.0000000000
12655  -29.937  -60.789  10.657 0.0000000000
12663  -29.725  -60.119  10.433 0.0000000000
12664  -30.082  -60.608  9.664 0.0000000000
12674  -30.301  -60.446  8.541 0.0000000000
12684  -30.546  -60.226  7.357 0.0000000000
12692  -30.573  -60.463  6.119 0.0000000000
12699  -30.236  -60.488  5.113 0.0000000000
12707  -29.278  -60.260  3.879 0.0000000000
12708  -29.750  -60.328  4.405 0.0000000000
13043  -32.075  -60.118  22.446 0.0000000000
13044  -32.432  -59.913  22.467 0.0000000000
13045  -33.032  -59.720  22.422 0.0000000000
13046  -33.623  -59.625  22.295 0.0000000000
13051  -31.995  -59.861  22.232 0.0000000000
13052  -32.703  -59.413  21.992 0.0000000000
13053  -33.537  -59.281  22.125 0.0000000000
13054  -34.375  -59.274  22.131 0.0000000000
13055  -35.427  -59.238  21.763 0.0000000000
13056  -36.163  -59.021  21.449 0.0000000000
13061  -32.023  -59.468  21.410 0.0000000000
13062  -32.579  -59.037  21.212 0.0000000000
13063  -36.038  -59.483  21.239 0.0000000000
13064  -36.678  -59.264  20.853 0.0000000000
13065  -37.495  -59.831  20.275 0.0000000000
13066  -38.480  -60.150  19.743 0.0000000000
13073  -29.962  -59.528  18.962 0.0000000000
13074  -30.849  -59.199  19.318 0.0000000000
13075  -31.823  -59.279  20.316 0.0000000000
13076  -32.256  -59.082  20.796 0.0000000000
13083  -29.680  -58.883  18.353 0.0000000000
13084  -30.192  -58.906  18.771 0.0000000000
13085  -32.312  -60.173  17.841 0.0000000000
13086  -32.996  -59.916  18.076 0.0000000000
13087  -33.715  -59.600  18.110 0.0000000000
13088  -34.564  -59.315  18.201 0.0000000000
13089  -35.603  -59.471  18.469 0.0000000000
13090  -36.451  -60.513  18.983 0.0000000000
13091  -38.053  -60.033  18.685 0.0000000000
13099  -29.236  -59.221  17.579 0.0000000000
13100  -31.964  -60.218  17.122 0.0000000000
13101  -32.655  -59.660  17.270 0.0000000000
13102  -33.477  -59.200  17.469 0.0000000000
13103  -34.005  -59.161  17.819 0.0000000000
13108  -29.191  -59.512  16.704 0.0000000000
13109  -32.027  -60.239  16.550 0.0000000000
13110  -32.414  -59.837  16.296 0.0000000000
13111  -33.160  -59.179  16.558 0.0000000000
13116  -29.369  -59.780  15.822 0.0000000000
13117  -29.668  -59.601  15.250 0.0000000000
13118  -32.661  -59.967  15.235 0.0000000000
13119  -33.087  -59.253  15.581 0.0000000000
13125  -29.532  -60.163  14.937 0.0000000000
13126  -29.946  -59.535  14.627 0.0000000000
13127  -32.926  -60.231  14.632 0.0000000000
13137  -29.663  -60.236  13.840 0.0000000000
13138  -30.175  -59.392  13.621 0.0000000000
13147  -29.764  -59.883  12.781 0.0000000000
13148  -30.191  -59.124  12.682 0.0000000000
13154  -29.833  -59.424  11.782 0.0000000000
13155  -30.128  -58.861  12.137 0.0000000000
13165  -29.663  -59.458  10.838 0.0000000000
13173  -29.534  -59.489  9.902 0.0000000000
13174  -29.811  -59.804  9.089 0.0000000000
13184  -29.519  -59.124  9.098 0.0000000000
13185  -29.957  -59.285  8.261 0.0000000000
13197  -30.288  -59.182  7.354 0.0000000000
13207  -30.469  -59.422  6.526 0.0000000000
13217  -30.395  -59.589  5.579 0.0000000000
13225  -29.563  -59.482  4.141 0.0000000000
13226  -30.092  -59.542  4.767 0.0000000000
13236  -28.160  -59.481  3.306 0.0000000000
13237  -28.964  -59.485  3.638 0.0000000000
13543  -32.906  -59.011  21.562 0.0000000000
13544  -33.356  -58.908  21.701 0.0000000000
13545  -34.272  -58.658  21.755 0.0000000000
13546  -35.105  -58.672  21.896 0.0000000000
13547  -35.894  -58.582  21.659 0.0000000000
13552  -33.099  -58.680  21.088 0.0000000000
13553  -33.776  -58.469  21.194 0.0000000000
13554  -34.366  -58.208  21.183 0.0000000000
13555  -36.650  -58.522  21.198 0.0000000000
13556  -37.556  -58.706  20.569 0.0000000000
13557  -38.899  -59.029  19.888 0.0000000000
13558  -39.771  -58.452  19.584 0.0000000000
13562  -31.052  -58.434  18.911 0.0000000000
13563  -31.666  -58.264  19.269 0.0000000000
13564  -32.604  -58.486  20.213 0.0000000000
13565  -33.565  -58.175  20.515 0.0000000000
13566  -34.071  -58.164  20.806 0.0000000000
13567  -39.256  -59.667  19.411 0.0000000000
13568  -43.594  -58.064  18.680 0.0000000000
13571  -29.933  -58.342  18.080 0.0000000000
13572  -30.537  -58.196  18.443 0.0000000000
13573  -31.160  -58.069  18.775 0.0000000000
13574  -34.845  -58.632  17.811 0.0000000000
13575  -35.549  -58.436  17.950 0.0000000000
13576  -36.496  -58.784  18.356 0.0000000000
13577  -37.607  -59.007  18.465 0.0000000000
13578  -38.808  -59.070  18.452 0.0000000000
13585  -29.672  -58.391  17.585 0.0000000000
13586  -30.103  -58.032  17.818 0.0000000000
13587  -33.788  -58.722  16.743 0.0000000000
13588  -34.337  -58.628  17.401 0.0000000000
13589  -35.043  -58.307  17.469 0.0000000000
13590  -41.843  -57.798  17.340 0.0000000000
13596  -29.551  -58.583  16.674 0.0000000000
13597  -29.880  -58.157  16.026 0.0000000000
13599  -34.434  -58.197  16.293 0.0000000000
13600  -34.936  -58.105  16.916 0.0000000000
13601  -43.127  -58.075  15.842 0.0000000000
13607  -29.443  -59.178  16.202 0.0000000000
13608  -29.804  -58.895  15.552 0.0000000000
13612  -43.402  -58.107  15.452 0.0000000000
13613  -43.583  -58.280  15.531 0.0000000000
13614  -43.887  -58.576  15.653 0.0000000000
13620  -30.361  -58.682  14.434 0.0000000000
13628  -30.499  -58.572  13.379 0.0000000000
13637  -30.407  -58.446  12.513 0.0000000000
13646  -29.744  -58.962  11.211 0.0000000000
13647  -30.101  -58.443  11.621 0.0000000000
13656  -29.669  -58.538  10.622 0.0000000000
13657  -29.992  -57.989  11.077 0.0000000000
13667  -29.464  -58.519  9.644 0.0000000000
13678  -29.400  -58.379  8.672 0.0000000000
13679  -29.642  -58.600  8.070 0.0000000000
13690  -29.497  -57.979  7.664 0.0000000000
13691  -29.900  -58.694  7.654 0.0000000000
13703  -29.679  -57.863  6.965 0.0000000000
13704  -30.084  -58.449  6.850 0.0000000000
13717  -29.899  -58.292  5.432 0.0000000000
13718  -30.273  -58.773  5.926 0.0000000000
13728  -29.064  -58.234  4.086 0.0000000000
13729  -29.643  -58.556  4.597 0.0000000000
13730  -30.162  -58.919  5.210 0.0000000000
13742  -28.562  -58.540  3.614 0.0000000000
13743  -29.261  -58.811  3.894 0.0000000000
14029  -36.256  -56.983  25.410 0.0000000000
14030  -36.516  -57.091  25.363 0.0000000000
14031  -36.970  -57.315  25.293 0.0000000000
14038  -36.264  -57.065  25.176 0.0000000000
14039  -36.657  -57.331  24.975 0.0000000000
14040  -37.191  -57.336  24.772 0.0000000000
14047  -36.306  -57.124  24.696 0.0000000000
14048  -36.738  -57.315  24.352 0.0000000000
14049  -37.351  -57.286  24.099 0.0000000000
14052  -34.639  -58.285  21.495 0.0000000000
14053  -35.002  -58.244  21.622 0.0000000000
14054  -35.592  -58.222  21.650 0.0000000000
14058  -34.806  -57.979  21.273 0.0000000000
14059  -35.468  -57.651  21.295 0.0000000000
14060  -36.410  -57.867  21.532 0.0000000000
14061  -37.371  -57.798  21.017 0.0000000000
14062  -38.375  -57.826  20.433 0.0000000000
14063  -39.394  -57.803  19.968 0.0000000000
14067  -31.953  -57.607  19.009 0.0000000000
14068  -32.409  -57.636  19.367 0.0000000000
14069  -33.311  -57.362  19.627 0.0000000000
14070  -34.530  -57.631  20.509 0.0000000000
14071  -35.293  -57.305  20.757 0.0000000000
14072  -40.347  -57.791  19.549 0.0000000000
14073  -41.577  -57.815  19.280 0.0000000000
14074  -42.729  -57.602  19.148 0.0000000000
14075  -43.539  -57.579  18.951 0.0000000000
14076  -43.855  -57.308  18.874 0.0000000000
14079  -30.879  -57.566  18.135 0.0000000000
14080  -31.482  -57.437  18.475 0.0000000000
14081  -32.332  -57.156  18.883 0.0000000000
14082  -32.761  -57.103  19.206 0.0000000000
14083  -36.033  -57.821  17.545 0.0000000000
14084  -36.460  -57.811  17.876 0.0000000000
14085  -37.375  -57.587  18.120 0.0000000000
14086  -38.410  -57.889  18.342 0.0000000000
14087  -39.486  -57.964  18.340 0.0000000000
14088  -40.609  -57.805  17.966 0.0000000000
14089  -43.826  -58.009  18.648 0.0000000000
14090  -43.888  -57.729  18.696 0.0000000000
14091  -43.974  -58.479  18.466 0.0000000000
14095  -29.964  -57.850  17.349 0.0000000000
14096  -30.571  -57.387  17.568 0.0000000000
14097  -31.059  -57.297  17.966 0.0000000000
14098  -35.608  -57.796  17.133 0.0000000000
14099  -36.543  -57.295  17.108 0.0000000000
14100  -36.954  -57.334  17.611 0.0000000000
14101  -41.454  -57.514  17.469 0.0000000000
14102  -42.192  -57.468  16.878 0.0000000000
14103  -42.704  -57.798  16.278 0.0000000000
14104  -44.046  -59.084  17.273 0.0000000000
14108  -29.718  -58.045  17.068 0.0000000000
14109  -30.131  -57.596  16.571 0.0000000000
14112  -36.062  -57.329  16.457 0.0000000000
14113  -42.417  -57.001  16.385 0.0000000000
14114  -42.812  -57.422  15.941 0.0000000000
14115  -44.017  -58.821  16.250 0.0000000000
14121  -30.362  -57.735  15.291 0.0000000000
14125  -43.457  -57.881  15.307 0.0000000000
14126  -43.969  -58.332  15.084 0.0000000000
14127  -44.175  -58.476  15.581 0.0000000000
14135  -30.636  -57.739  13.984 0.0000000000
14144  -30.663  -57.884  13.063 0.0000000000
14153  -30.576  -57.705  12.307 0.0000000000
14163  -30.374  -57.546  11.485 0.0000000000
14174  -29.636  -58.012  10.082 0.0000000000
14175  -30.025  -57.467  10.568 0.0000000000
14184  -29.573  -57.480  9.532 0.0000000000
14185  -29.953  -56.940  10.061 0.0000000000
14195  -29.296  -57.374  8.510 0.0000000000
14205  -29.186  -57.073  7.789 0.0000000000
14217  -29.326  -57.163  6.841 0.0000000000
14218  -29.721  -57.868  6.506 0.0000000000
14232  -29.575  -57.596  5.836 0.0000000000
14233  -29.963  -58.179  6.097 0.0000000000
14247  -28.231  -57.228  4.369 0.0000000000
14248  -29.043  -57.612  4.571 0.0000000000
14249  -29.553  -57.816  5.081 0.0000000000
14258  -27.916  -57.737  3.769 0.0000000000
14259  -28.590  -57.840  4.037 0.0000000000
14548  -35.536  -55.997  26.774 0.0000000000
14549  -35.836  -55.922  27.152 0.0000000000
14550  -36.376  -55.734  27.168 0.0000000000
14555  -35.460  -56.037  26.500 0.0000000000
14556  -35.678  -56.208  26.577 0.0000000000
14557  -36.404  -56.252  26.767 0.0000000000
14563  -35.539  -56.229  26.215 0.0000000000
14564  -35.968  -56.697  25.804 0.0000000000
14565  -36.916  -56.800  25.830 0.0000000000
14566  -37.466  -57.010  25.150 0.0000000000
14571  -35.863  -56.679  24.928 0.0000000000
14572  -37.902  -56.951  24.373 0.0000000000
14573  -38.753  -56.384  23.679 0.0000000000
14574  -39.685  -56.134  23.434 0.0000000000
14582  -36.204  -56.753  23.970 0.0000000000
14583  -36.946  -57.263  23.482 0.0000000000
14584  -37.991  -57.065  23.322 0.0000000000
14585  -39.125  -56.380  22.841 0.0000000000
14586  -40.076  -56.096  22.991 0.0000000000
14591  -36.503  -56.671  22.760 0.0000000000
14592  -37.249  -57.093  22.461 0.0000000000
14593  -38.272  -56.777  22.054 0.0000000000
14594  -39.189  -56.295  21.951 0.0000000000
14598  -35.675  -57.172  20.943 0.0000000000
14599  -36.409  -56.864  21.404 0.0000000000
14600  -37.258  -57.070  21.496 0.0000000000
14601  -38.122  -56.824  20.902 0.0000000000
14602  -38.990  -56.917  20.375 0.0000000000
14607  -33.491  -56.771  19.313 0.0000000000
14608  -34.119  -56.633  19.440 0.0000000000
14609  -35.426  -56.717  20.312 0.0000000000
14610  -36.062  -56.265  20.688 0.0000000000
14611  -39.945  -56.712  19.951 0.0000000000
14612  -41.009  -56.812  19.657 0.0000000000
14613  -42.095  -56.754  19.525 0.0000000000
14614  -43.106  -56.702  19.407 0.0000000000
14615  -43.864  -56.743  19.178 0.0000000000
14616  -44.212  -56.632  18.907 0.0000000000
14621  -31.816  -56.804  18.066 0.0000000000
14622  -32.253  -56.710  18.390 0.0000000000
14623  -33.152  -56.428  18.850 0.0000000000
14624  -33.845  -56.144  19.008 0.0000000000
14625  -37.706  -56.911  17.800 0.0000000000
14626  -38.164  -56.805  18.052 0.0000000000
14627  -38.991  -56.951  18.386 0.0000000000
14628  -39.916  -56.878  18.178 0.0000000000
14629  -44.035  -57.152  18.797 0.0000000000
14630  -44.250  -57.373  18.439 0.0000000000
14634  -30.936  -56.747  17.206 0.0000000000
14635  -31.369  -56.796  17.642 0.0000000000
14636  -32.200  -56.306  17.687 0.0000000000
14637  -32.620  -56.232  18.224 0.0000000000
14638  -37.046  -56.843  16.702 0.0000000000
14639  -37.451  -56.746  17.262 0.0000000000
14640  -37.871  -56.646  17.644 0.0000000000
14641  -40.765  -56.750  17.730 0.0000000000
14642  -41.502  -56.633  17.242 0.0000000000
14643  -44.423  -58.109  17.478 0.0000000000
14648  -30.712  -56.751  16.713 0.0000000000
14649  -31.336  -56.293  16.776 0.0000000000
14650  -31.781  -56.326  17.205 0.0000000000
14653  -42.084  -56.534  16.659 0.0000000000
14654  -42.624  -56.621  16.057 0.0000000000
14655  -44.467  -57.444  15.636 0.0000000000
14656  -44.424  -58.357  16.204 0.0000000000
14660  -30.668  -56.451  15.769 0.0000000000
14661  -30.928  -56.237  16.331 0.0000000000
14664  -43.252  -56.995  15.390 0.0000000000
14665  -43.978  -57.582  14.986 0.0000000000
14666  -44.356  -58.142  15.307 0.0000000000
14671  -30.667  -56.612  14.517 0.0000000000
14678  -30.705  -56.888  13.160 0.0000000000
14688  -30.706  -56.938  12.117 0.0000000000
14699  -30.578  -56.663  11.346 0.0000000000
14715  -30.356  -56.453  10.484 0.0000000000
14725  -29.524  -56.729  9.000 0.0000000000
14726  -30.017  -56.365  9.638 0.0000000000
14736  -29.310  -56.448  8.349 0.0000000000
14746  -28.968  -56.249  7.578 0.0000000000
14756  -28.385  -55.770  6.277 0.0000000000
14757  -28.661  -56.015  6.624 0.0000000000
14769  -28.401  -56.017  5.829 0.0000000000
14770  -29.020  -56.751  5.859 0.0000000000
14781  -27.788  -56.482  4.703 0.0000000000
14782  -28.624  -56.682  5.013 0.0000000000
14783  -29.228  -57.244  5.222 0.0000000000
15071  -35.641  -55.704  26.727 0.0000000000
15072  -36.357  -55.220  27.071 0.0000000000
15073  -36.789  -55.504  26.963 0.0000000000
15079  -35.481  -55.881  26.218 0.0000000000
15080  -35.863  -55.127  26.398 0.0000000000
15081  -37.141  -55.851  26.367 0.0000000000
15088  -35.557  -56.247  25.940 0.0000000000
15089  -35.770  -55.770  25.573 0.0000000000
15090  -37.628  -56.055  25.292 0.0000000000
15091  -37.818  -56.596  24.792 0.0000000000
15097  -35.943  -55.648  24.436 0.0000000000
15098  -38.046  -55.579  24.653 0.0000000000
15099  -38.429  -56.053  24.292 0.0000000000
15100  -39.601  -55.752  23.769 0.0000000000
15101  -40.638  -55.551  23.494 0.0000000000
15102  -41.398  -55.306  23.408 0.0000000000
15107  -36.171  -55.516  23.292 0.0000000000
15108  -39.948  -56.055  22.248 0.0000000000
15109  -40.639  -55.691  22.643 0.0000000000
15110  -41.197  -55.456  22.975 0.0000000000
15116  -36.380  -55.628  22.027 0.0000000000
15117  -38.858  -56.281  21.244 0.0000000000
15118  -39.685  -55.866  21.378 0.0000000000
15119  -40.631  -55.439  21.672 0.0000000000
15120  -41.228  -55.315  22.342 0.0000000000
15124  -36.354  -55.796  21.020 0.0000000000
15125  -38.813  -56.463  20.716 0.0000000000
15126  -39.416  -56.099  20.537 0.0000000000
15127  -40.282  -55.511  20.637 0.0000000000
15128  -43.095  -55.175  20.290 0.0000000000
15129  -43.514  -55.275  20.160 0.0000000000
15130  -44.045  -55.471  19.955 0.0000000000
15135  -34.197  -56.018  19.098 0.0000000000
15136  -34.906  -55.819  19.280 0.0000000000
15137  -35.887  -55.535  20.097 0.0000000000
15138  -40.026  -55.964  20.165 0.0000000000
15139  -40.679  -55.902  19.953 0.0000000000
15140  -41.539  -55.946  19.800 0.0000000000
15141  -42.672  -55.593  19.933 0.0000000000
15142  -43.639  -55.936  19.720 0.0000000000
15143  -44.227  -55.907  19.418 0.0000000000
15147  -33.356  -55.864  18.436 0.0000000000
15148  -34.007  -55.648  18.538 0.0000000000
15149  -34.975  -55.123  18.613 0.0000000000
15150  -38.325  -56.414  17.830 0.0000000000
15151  -38.655  -56.291  17.983 0.0000000000
15152  -39.362  -56.172  18.191 0.0000000000
15153  -44.412  -55.719  18.305 0.0000000000
15154  -44.452  -56.034  18.628 0.0000000000
15158  -32.466  -55.941  17.421 0.0000000000
15159  -33.003  -55.676  17.798 0.0000000000
15160  -33.964  -55.132  17.705 0.0000000000
15161  -37.814  -56.358  17.107 0.0000000000
15162  -38.175  -56.245  17.405 0.0000000000
15163  -39.083  -55.601  17.494 0.0000000000
15164  -40.197  -55.700  17.884 0.0000000000
15165  -41.004  -55.958  17.536 0.0000000000
15166  -44.375  -55.972  17.801 0.0000000000
15167  -44.408  -56.944  17.610 0.0000000000
15171  -31.562  -55.914  16.504 0.0000000000
15172  -32.143  -55.801  16.803 0.0000000000
15173  -32.947  -55.238  16.800 0.0000000000
15174  -37.826  -56.160  16.669 0.0000000000
15176  -39.217  -55.125  16.754 0.0000000000
15177  -40.766  -55.400  17.299 0.0000000000
15178  -41.505  -55.675  16.830 0.0000000000
15179  -42.249  -55.992  16.329 0.0000000000
15180  -44.330  -56.460  16.539 0.0000000000
15181  -44.477  -57.523  16.636 0.0000000000
15184  -30.814  -55.806  15.626 0.0000000000
15185  -31.189  -55.603  16.032 0.0000000000
15186  -31.934  -55.067  16.102 0.0000000000
15190  -41.995  -55.508  16.114 0.0000000000
15191  -42.786  -55.922  15.689 0.0000000000
15192  -43.797  -56.313  15.228 0.0000000000
15196  -30.751  -55.492  15.041 0.0000000000
15197  -31.114  -55.024  15.333 0.0000000000
15202  -30.698  -55.526  13.772 0.0000000000
15212  -30.720  -55.850  12.360 0.0000000000
15223  -30.661  -55.646  11.208 0.0000000000
15238  -30.517  -55.517  10.239 0.0000000000
15248  -29.738  -55.923  8.909 0.0000000000
15249  -30.264  -55.367  9.371 0.0000000000
15261  -29.452  -55.280  8.245 0.0000000000
15262  -29.994  -55.280  8.814 0.0000000000
15274  -28.377  -55.172  6.995 0.0000000000
15275  -28.724  -55.336  7.367 0.0000000000
15286  -27.609  -55.083  6.228 0.0000000000
15287  -28.074  -55.305  6.424 0.0000000000
15288  -28.459  -55.458  6.857 0.0000000000
15298  -27.270  -55.223  5.828 0.0000000000
15299  -27.877  -55.665  5.643 0.0000000000
15308  -27.470  -55.844  5.145 0.0000000000
15309  -28.091  -56.045  5.172 0.0000000000
15625  -36.655  -54.836  26.979 0.0000000000
15626  -36.841  -54.994  27.018 0.0000000000
15631  -36.632  -54.826  26.726 0.0000000000
15632  -37.121  -55.065  26.639 0.0000000000
15634  -42.674  -55.010  26.354 0.0000000000
15640  -36.564  -54.956  26.048 0.0000000000
15641  -37.314  -55.135  25.853 0.0000000000
15642  -41.266  -54.476  25.252 0.0000000000
15643  -41.751  -54.860  25.828 0.0000000000
15644  -42.602  -54.958  25.274 0.0000000000
15651  -36.565  -54.827  25.037 0.0000000000
15652  -37.665  -54.853  24.856 0.0000000000
15653  -38.485  -55.169  24.073 0.0000000000
15654  -39.464  -55.324  23.801 0.0000000000
15655  -40.786  -54.792  24.279 0.0000000000
15656  -41.819  -55.042  24.161 0.0000000000
15657  -42.600  -54.637  24.300 0.0000000000
15664  -35.951  -54.079  23.911 0.0000000000
15665  -36.859  -53.958  24.177 0.0000000000
15666  -38.037  -54.200  23.544 0.0000000000
15667  -39.281  -54.548  23.352 0.0000000000
15668  -39.955  -54.704  23.887 0.0000000000
15669  -41.877  -55.026  22.840 0.0000000000
15670  -42.705  -54.426  23.231 0.0000000000
15671  -43.170  -54.081  22.778 0.0000000000
15678  -35.985  -54.248  22.619 0.0000000000
15679  -38.489  -53.936  22.894 0.0000000000
15680  -38.770  -54.220  22.981 0.0000000000
15681  -41.032  -55.063  20.899 0.0000000000
15682  -41.742  -54.906  21.564 0.0000000000
15683  -42.851  -54.441  22.074 0.0000000000
15684  -43.101  -54.216  22.557 0.0000000000
15689  -36.184  -54.567  21.101 0.0000000000
15690  -41.037  -55.233  20.224 0.0000000000
15691  -41.751  -54.899  20.543 0.0000000000
15692  -42.908  -54.679  20.676 0.0000000000
15693  -44.145  -54.819  20.140 0.0000000000
15694  -44.301  -55.367  19.764 0.0000000000
15700  -35.534  -54.927  19.141 0.0000000000
15701  -35.953  -54.391  19.752 0.0000000000
15702  -41.207  -55.544  19.911 0.0000000000
15703  -41.711  -55.256  19.973 0.0000000000
15704  -42.256  -55.040  20.238 0.0000000000
15705  -44.389  -54.704  19.262 0.0000000000
15706  -44.440  -55.340  19.397 0.0000000000
15710  -34.706  -54.835  17.948 0.0000000000
15711  -35.566  -54.336  18.306 0.0000000000
15712  -35.808  -54.342  18.990 0.0000000000
15713  -44.263  -55.221  18.332 0.0000000000
15714  -44.533  -55.298  18.904 0.0000000000
15717  -33.626  -54.919  17.041 0.0000000000
15718  -34.399  -54.553  17.239 0.0000000000
15719  -35.173  -54.202  17.391 0.0000000000
15720  -39.839  -55.162  17.098 0.0000000000
15721  -40.344  -55.226  17.246 0.0000000000
15722  -44.064  -55.537  17.257 0.0000000000
15726  -32.521  -54.993  16.342 0.0000000000
15727  -33.151  -54.425  16.376 0.0000000000
15728  -34.016  -54.135  16.641 0.0000000000
15729  -34.712  -53.985  16.836 0.0000000000
15731  -39.720  -54.769  16.568 0.0000000000
15732  -40.605  -54.939  16.587 0.0000000000
15733  -41.414  -55.169  16.174 0.0000000000
15734  -43.765  -55.449  16.238 0.0000000000
15738  -31.583  -54.712  15.505 0.0000000000
15739  -32.388  -54.365  15.775 0.0000000000
15740  -33.015  -53.815  15.824 0.0000000000
15743  -41.080  -54.816  15.868 0.0000000000
15744  -41.894  -55.059  15.463 0.0000000000
15745  -42.884  -55.426  15.077 0.0000000000
15746  -43.471  -55.181  15.208 0.0000000000
15751  -30.749  -54.943  14.373 0.0000000000
15752  -31.152  -54.455  14.690 0.0000000000
15762  -30.721  -54.452  13.908 0.0000000000
15763  -30.983  -53.803  14.057 0.0000000000
15775  -30.578  -54.624  12.982 0.0000000000
15786  -30.665  -54.731  11.919 0.0000000000
15796  -30.694  -54.659  10.928 0.0000000000
15805  -30.597  -54.521  9.938 0.0000000000
15812  -29.716  -54.029  8.156 0.0000000000
15813  -30.280  -54.466  8.881 0.0000000000
15821  -28.337  -54.564  7.242 0.0000000000
15822  -29.081  -54.526  7.728 0.0000000000
15836  -27.471  -54.737  6.452 0.0000000000
15837  -27.906  -54.741  6.791 0.0000000000
16203  -41.036  -54.333  25.015 0.0000000000
16205  -43.018  -54.400  25.866 0.0000000000
16210  -40.734  -54.103  24.692 0.0000000000
16211  -40.648  -53.295  24.639 0.0000000000
16212  -42.976  -54.257  24.699 0.0000000000
16213  -43.123  -53.800  24.000 0.0000000000
16218  -35.754  -53.196  23.846 0.0000000000
16219  -36.219  -53.115  23.859 0.0000000000
16220  -37.028  -53.327  23.577 0.0000000000
16221  -39.632  -54.098  23.112 0.0000000000
16222  -40.214  -53.822  23.519 0.0000000000
16224  -42.914  -54.189  23.886 0.0000000000
16225  -43.246  -53.799  23.220 0.0000000000
16235  -35.792  -53.031  23.172 0.0000000000
16236  -36.676  -52.698  23.091 0.0000000000
16237  -37.868  -53.379  22.750 0.0000000000
16238  -39.230  -53.802  22.553 0.0000000000
16239  -40.035  -53.061  22.390 0.0000000000
16240  -43.298  -54.216  21.942 0.0000000000
16241  -43.459  -53.921  22.161 0.0000000000
16251  -36.000  -53.251  21.844 0.0000000000
16252  -43.308  -54.223  21.575 0.0000000000
16253  -43.679  -53.903  20.960 0.0000000000
16260  -36.148  -53.315  20.399 0.0000000000
16261  -43.995  -53.641  19.806 0.0000000000
16268  -35.857  -53.760  18.256 0.0000000000
16269  -36.011  -53.681  18.929 0.0000000000
16270  -43.743  -54.051  18.649 0.0000000000
16275  -35.721  -53.475  17.702 0.0000000000
16276  -35.933  -53.518  18.283 0.0000000000
16277  -43.544  -54.545  17.390 0.0000000000
16281  -33.661  -53.659  16.071 0.0000000000
16282  -34.530  -53.351  16.234 0.0000000000
16283  -35.179  -53.555  16.876 0.0000000000
16286  -40.635  -54.609  15.921 0.0000000000
16287  -43.218  -53.323  16.285 0.0000000000
16288  -43.324  -54.364  16.223 0.0000000000
16291  -31.961  -53.990  15.000 0.0000000000
16292  -32.632  -53.599  15.326 0.0000000000
16293  -33.360  -53.135  15.473 0.0000000000
16294  -33.971  -53.204  15.781 0.0000000000
16300  -43.221  -53.061  15.878 0.0000000000
16301  -43.456  -53.820  15.424 0.0000000000
16305  -31.477  -53.363  14.296 0.0000000000
16306  -32.295  -53.185  14.803 0.0000000000
16307  -32.820  -53.089  15.121 0.0000000000
16319  -30.743  -53.543  13.403 0.0000000000
16320  -31.060  -53.338  13.859 0.0000000000
16330  -30.580  -53.749  12.419 0.0000000000
16339  -30.621  -53.928  11.550 0.0000000000
16350  -30.632  -53.642  10.719 0.0000000000
16361  -30.538  -53.442  9.660 0.0000000000
16368  -29.722  -53.266  8.144 0.0000000000
16369  -30.199  -53.201  8.671 0.0000000000
16377  -27.991  -53.535  7.367 0.0000000000
16378  -29.083  -53.418  7.723 0.0000000000
16385  -27.771  -54.342  6.994 0.0000000000
16742  -43.115  -53.580  25.052 0.0000000000
16743  -43.304  -52.556  25.193 0.0000000000
16749  -43.143  -53.689  24.395 0.0000000000
16750  -43.361  -53.085  23.934 0.0000000000
16756  -43.578  -52.303  22.114 0.0000000000
16757  -43.662  -53.109  22.686 0.0000000000
16762  -36.393  -52.566  22.129 0.0000000000
16763  -37.401  -52.766  21.953 0.0000000000
16764  -38.592  -53.013  21.790 0.0000000000
16765  -39.525  -52.823  21.729 0.0000000000
16767  -43.506  -52.300  21.086 0.0000000000
16768  -43.739  -53.102  21.613 0.0000000000
16776  -36.355  -52.624  21.158 0.0000000000
16777  -37.195  -52.366  20.925 0.0000000000
16778  -38.319  -52.554  20.983 0.0000000000
16779  -39.143  -52.597  21.114 0.0000000000
16780  -39.716  -52.214  21.109 0.0000000000
16781  -43.523  -52.269  20.361 0.0000000000
16782  -43.736  -52.963  20.618 0.0000000000
16787  -36.171  -52.442  20.509 0.0000000000
16788  -36.564  -52.135  20.765 0.0000000000
16789  -43.471  -52.006  19.969 0.0000000000
16790  -43.581  -52.497  19.756 0.0000000000
16796  -35.939  -52.220  18.775 0.0000000000
16797  -36.086  -52.509  19.388 0.0000000000
16798  -43.421  -52.277  18.443 0.0000000000
16799  -43.517  -52.681  18.820 0.0000000000
16805  -35.892  -52.461  18.107 0.0000000000
16806  -36.034  -53.150  18.423 0.0000000000
16807  -43.346  -52.404  18.044 0.0000000000
16808  -43.342  -53.309  17.846 0.0000000000
16812  -34.785  -52.882  16.010 0.0000000000
16813  -35.321  -52.598  16.547 0.0000000000
16814  -43.213  -52.642  17.094 0.0000000000
16815  -43.248  -53.626  16.966 0.0000000000
16819  -33.554  -52.719  15.278 0.0000000000
16820  -34.250  -52.563  15.516 0.0000000000
16821  -35.009  -51.818  15.749 0.0000000000
16822  -43.050  -52.490  16.215 0.0000000000
16823  -43.273  -52.645  15.629 0.0000000000
16827  -31.499  -52.893  14.046 0.0000000000
16828  -31.927  -52.618  14.212 0.0000000000
16829  -33.084  -52.473  14.832 0.0000000000
16830  -33.869  -51.796  14.814 0.0000000000
16841  -30.825  -53.018  13.306 0.0000000000
16842  -31.182  -52.726  13.605 0.0000000000
16843  -31.793  -52.029  13.673 0.0000000000
16854  -30.706  -52.852  12.829 0.0000000000
16855  -30.964  -52.127  12.898 0.0000000000
16866  -30.555  -52.915  11.698 0.0000000000
16879  -30.463  -52.457  10.537 0.0000000000
16890  -30.306  -52.444  9.434 0.0000000000
16897  -29.647  -52.451  8.305 0.0000000000
16898  -30.087  -52.427  8.828 0.0000000000
16905  -28.602  -52.537  7.633 0.0000000000
16906  -29.156  -52.515  7.837 0.0000000000
17302  -43.517  -51.914  24.092 0.0000000000
17306  -34.695  -50.041  22.730 0.0000000000
17307  -34.870  -50.189  22.821 0.0000000000
17310  -43.364  -51.408  22.808 0.0000000000
17311  -43.628  -52.359  23.106 0.0000000000
17316  -34.373  -50.022  22.609 0.0000000000
17317  -34.933  -50.656  22.748 0.0000000000
17318  -35.637  -50.932  22.469 0.0000000000
17321  -43.323  -51.465  21.466 0.0000000000
17328  -34.215  -50.644  22.234 0.0000000000
17329  -35.008  -51.379  21.694 0.0000000000
17330  -36.014  -51.148  21.808 0.0000000000
17331  -37.672  -51.931  20.219 0.0000000000
17332  -38.290  -51.989  20.216 0.0000000000
17333  -39.280  -51.983  20.443 0.0000000000
17335  -43.337  -51.595  20.362 0.0000000000
17342  -35.317  -51.393  20.252 0.0000000000
17343  -36.179  -51.661  20.583 0.0000000000
17344  -37.124  -51.751  20.244 0.0000000000
17345  -38.070  -51.441  19.618 0.0000000000
17346  -39.083  -51.306  19.552 0.0000000000
17347  -39.670  -51.302  20.059 0.0000000000
17348  -43.398  -51.733  19.393 0.0000000000
17349  -43.522  -52.218  19.240 0.0000000000
17353  -35.680  -51.646  18.911 0.0000000000
17354  -35.850  -51.827  19.811 0.0000000000
17355  -38.353  -51.031  19.172 0.0000000000
17356  -38.623  -51.135  19.259 0.0000000000
17357  -43.343  -51.848  18.468 0.0000000000
17358  -43.504  -52.079  18.977 0.0000000000
17364  -35.686  -51.536  17.421 0.0000000000
17365  -43.149  -51.886  17.621 0.0000000000
17370  -35.380  -51.352  16.334 0.0000000000
17371  -42.883  -51.712  16.811 0.0000000000
17376  -34.545  -51.348  15.109 0.0000000000
17377  -35.068  -51.087  15.664 0.0000000000
17384  -32.465  -51.794  14.021 0.0000000000
17385  -33.322  -51.362  14.253 0.0000000000
17386  -34.032  -51.170  14.514 0.0000000000
17394  -31.425  -51.755  13.160 0.0000000000
17395  -32.064  -51.235  13.382 0.0000000000
17396  -32.728  -51.067  13.737 0.0000000000
17401  -30.679  -52.047  12.245 0.0000000000
17402  -31.114  -51.356  12.491 0.0000000000
17403  -31.611  -51.077  12.861 0.0000000000
17413  -30.490  -51.833  11.435 0.0000000000
17414  -30.737  -51.334  11.893 0.0000000000
17429  -30.337  -51.492  10.777 0.0000000000
17442  -30.207  -51.569  9.990 0.0000000000
17455  -29.516  -51.488  8.572 0.0000000000
17456  -29.930  -51.706  9.078 0.0000000000
17466  -29.090  -51.725  8.007 0.0000000000
17921  -34.491  -49.918  22.658 0.0000000000
17922  -34.918  -49.958  22.800 0.0000000000
17931  -34.265  -50.015  22.352 0.0000000000
17932  -35.109  -50.162  22.800 0.0000000000
17933  -35.516  -50.328  22.626 0.0000000000
17944  -33.887  -50.059  21.660 0.0000000000
17945  -34.023  -50.938  21.435 0.0000000000
17946  -36.071  -50.366  22.114 0.0000000000
17949  -43.124  -50.636  20.677 0.0000000000
17959  -33.942  -50.331  20.516 0.0000000000
17960  -34.452  -51.112  20.707 0.0000000000
17961  -36.393  -50.593  21.111 0.0000000000
17962  -36.916  -50.812  19.942 0.0000000000
17963  -37.480  -51.214  19.717 0.0000000000
17964  -39.370  -50.719  19.203 0.0000000000
17966  -43.048  -50.818  19.622 0.0000000000
17972  -34.141  -50.107  19.763 0.0000000000
17973  -34.741  -50.600  19.543 0.0000000000
17974  -37.255  -50.405  19.463 0.0000000000
17975  -37.760  -50.714  19.229 0.0000000000
17976  -38.803  -50.719  18.903 0.0000000000
17977  -39.460  -50.285  18.913 0.0000000000
17978  -43.039  -51.085  18.782 0.0000000000
17982  -35.373  -50.591  18.099 0.0000000000
17983  -42.811  -51.008  17.761 0.0000000000
17989  -35.513  -50.581  16.905 0.0000000000
17995  -34.909  -50.424  15.295 0.0000000000
17996  -35.276  -50.461  16.042 0.0000000000
18002  -33.788  -50.732  14.191 0.0000000000
18003  -34.348  -50.456  14.565 0.0000000000
18011  -32.567  -50.444  13.335 0.0000000000
18012  -33.251  -50.466  13.764 0.0000000000
18013  -33.842  -50.146  14.050 0.0000000000
18019  -31.530  -50.534  12.399 0.0000000000
18020  -32.020  -50.476  12.869 0.0000000000
18025  -30.566  -50.845  11.274 0.0000000000
18026  -31.057  -50.646  11.890 0.0000000000
18036  -30.248  -50.826  10.510 0.0000000000
18048  -29.634  -49.996  9.272 0.0000000000
18049  -29.894  -50.589  9.627 0.0000000000
18066  -29.203  -50.523  8.601 0.0000000000
18067  -29.665  -51.065  8.945 0.0000000000
18081  -28.749  -51.107  7.999 0.0000000000
18578  -34.302  -49.804  22.525 0.0000000000
18579  -34.699  -49.986  22.704 0.0000000000
18588  -34.296  -49.597  22.143 0.0000000000
18589  -35.275  -49.731  22.737 0.0000000000
18590  -35.352  -50.058  22.670 0.0000000000
18601  -34.194  -49.170  21.606 0.0000000000
18602  -35.071  -48.979  22.039 0.0000000000
18603  -35.656  -49.790  22.339 0.0000000000
18615  -33.769  -49.334  20.832 0.0000000000
18616  -35.388  -48.689  21.430 0.0000000000
18617  -36.148  -49.315  21.124 0.0000000000
18618  -36.617  -50.117  20.410 0.0000000000
18629  -33.829  -49.474  19.671 0.0000000000
18630  -34.309  -49.944  19.379 0.0000000000
18631  -36.278  -48.985  19.993 0.0000000000
18632  -36.962  -49.714  19.279 0.0000000000
18633  -38.168  -50.110  18.447 0.0000000000
18634  -39.153  -49.980  18.310 0.0000000000
18640  -33.967  -49.137  18.973 0.0000000000
18641  -34.562  -49.652  18.610 0.0000000000
18642  -37.194  -49.215  18.338 0.0000000000
18643  -37.698  -49.471  17.997 0.0000000000
18644  -38.662  -49.514  17.723 0.0000000000
18645  -39.432  -49.312  17.822 0.0000000000
18651  -35.139  -49.812  17.363 0.0000000000
18657  -35.023  -49.485  15.821 0.0000000000
18658  -35.270  -49.904  16.524 0.0000000000
18669  -34.687  -49.703  14.935 0.0000000000
18680  -32.937  -49.964  13.388 0.0000000000
18681  -33.463  -49.490  13.600 0.0000000000
18682  -34.206  -49.550  14.310 0.0000000000
18690  -31.898  -50.025  12.470 0.0000000000
18691  -32.542  -49.507  12.771 0.0000000000
18692  -33.197  -48.972  13.108 0.0000000000
18698  -30.980  -50.217  11.406 0.0000000000
18699  -31.608  -49.597  11.765 0.0000000000
18700  -32.251  -49.064  12.090 0.0000000000
18708  -30.714  -49.728  10.675 0.0000000000
18709  -31.382  -49.129  10.996 0.0000000000
18722  -29.439  -49.538  9.114 0.0000000000
18723  -30.056  -49.356  9.655 0.0000000000
19332  -34.576  -48.746  21.578 0.0000000000
19333  -34.893  -48.544  21.427 0.0000000000
19343  -34.185  -48.383  21.125 0.0000000000
19344  -35.224  -48.241  20.811 0.0000000000
19345  -35.934  -48.520  20.281 0.0000000000
19356  -33.595  -48.511  20.253 0.0000000000
19357  -35.601  -47.958  20.007 0.0000000000
19358  -36.219  -48.398  19.303 0.0000000000
19359  -36.819  -48.886  18.540 0.0000000000
19364  -33.516  -48.593  19.235 0.0000000000
19365  -34.113  -48.915  18.486 0.0000000000
19366  -36.554  -48.300  18.310 0.0000000000
19367  -37.221  -48.752  17.760 0.0000000000
19368  -38.138  -48.923  17.212 0.0000000000
19369  -39.132  -48.850  17.138 0.0000000000
19374  -33.773  -48.389  18.134 0.0000000000
19375  -34.559  -49.042  17.615 0.0000000000
19376  -36.689  -48.055  17.608 0.0000000000
19377  -37.449  -48.250  16.770 0.0000000000
19378  -38.569  -48.346  16.396 0.0000000000
19386  -34.297  -48.473  16.645 0.0000000000
19387  -34.943  -49.308  16.739 0.0000000000
19388  -37.928  -47.989  16.010 0.0000000000
19389  -38.501  -47.820  15.804 0.0000000000
19404  -33.857  -48.179  14.412 0.0000000000
19405  -34.395  -48.648  15.103 0.0000000000
19421  -33.553  -48.422  13.541 0.0000000000
19422  -33.971  -48.851  14.122 0.0000000000
19437  -32.582  -48.707  12.239 0.0000000000
19438  -33.063  -48.418  12.694 0.0000000000
19447  -31.722  -48.760  11.149 0.0000000000
19448  -32.256  -48.439  11.565 0.0000000000
19449  -32.769  -48.122  12.065 0.0000000000
19459  -30.674  -48.799  10.085 0.0000000000
19460  -31.347  -48.343  10.480 0.0000000000
19461  -31.916  -48.250  10.969 0.0000000000
19469  -29.489  -48.530  9.262 0.0000000000
19470  -30.329  -48.303  9.686 0.0000000000
19471  -30.839  -48.241  9.969 0.0000000000
20097  -33.901  -47.716  20.562 0.0000000000
20098  -34.530  -47.805  20.718 0.0000000000
20109  -33.669  -47.655  19.816 0.0000000000
20110  -34.792  -47.366  19.989 0.0000000000
20111  -35.654  -47.703  19.493 0.0000000000
20121  -31.579  -47.050  18.735 0.0000000000
20122  -32.176  -47.449  18.922 0.0000000000
20123  -32.900  -47.940  19.134 0.0000000000
20124  -35.018  -46.743  19.262 0.0000000000
20125  -35.897  -47.393  18.597 0.0000000000
20134  -31.439  -46.852  18.309 0.0000000000
20135  -31.786  -47.351  17.882 0.0000000000
20136  -32.998  -47.802  17.732 0.0000000000
20137  -36.625  -47.325  17.036 0.0000000000
20138  -37.396  -47.599  16.244 0.0000000000
20147  -32.719  -47.406  16.760 0.0000000000
20148  -33.570  -47.838  16.449 0.0000000000
20149  -37.052  -46.986  16.087 0.0000000000
20150  -37.914  -47.301  15.600 0.0000000000
20168  -33.557  -47.578  15.436 0.0000000000
20169  -34.042  -48.088  15.853 0.0000000000
20179  -33.514  -47.478  14.142 0.0000000000
20193  -33.298  -47.555  13.146 0.0000000000
20205  -32.657  -47.477  11.659 0.0000000000
20206  -33.012  -47.528  12.351 0.0000000000
20219  -31.504  -47.195  10.204 0.0000000000
20220  -32.131  -47.390  10.835 0.0000000000
20236  -29.952  -47.431  9.460 0.0000000000
20237  -30.857  -47.483  9.777 0.0000000000
20862  -33.863  -46.983  20.110 0.0000000000
20863  -34.259  -46.696  19.691 0.0000000000
20873  -31.595  -46.384  18.698 0.0000000000
20874  -32.074  -46.641  19.182 0.0000000000
20875  -33.200  -46.603  19.632 0.0000000000
20876  -34.500  -46.317  19.050 0.0000000000
20877  -35.329  -46.527  18.546 0.0000000000
20888  -31.906  -47.019  16.918 0.0000000000
20889  -34.031  -45.904  18.837 0.0000000000
20890  -35.096  -45.960  17.890 0.0000000000
20891  -35.873  -46.634  17.746 0.0000000000
20902  -32.599  -46.988  16.060 0.0000000000
20903  -35.543  -45.745  16.958 0.0000000000
20904  -36.281  -46.185  16.642 0.0000000000
20905  -37.344  -46.288  15.390 0.0000000000
20923  -32.897  -46.616  14.946 0.0000000000
20936  -33.154  -46.795  13.680 0.0000000000
20949  -32.766  -46.281  12.192 0.0000000000
20950  -33.028  -46.729  12.781 0.0000000000
20961  -32.513  -46.495  11.411 0.0000000000
20962  -32.889  -46.887  12.015 0.0000000000
20976  -32.192  -46.426  10.801 0.0000000000
21630  -32.497  -45.708  19.036 0.0000000000
21631  -33.388  -45.781  19.050 0.0000000000
21644  -33.869  -45.378  17.967 0.0000000000
21645  -34.986  -45.498  17.093 0.0000000000
21661  -35.701  -45.380  16.259 0.0000000000
21662  -36.589  -45.621  15.601 0.0000000000
21683  -36.114  -45.103  15.298 0.0000000000
21711  -32.914  -46.379  13.338 0.0000000000
103828  -28.069  -69.395  16.973 0.0000000000
103832  -28.234  -67.559  15.906 0.0000000000
103836  -28.369  -66.760  17.543 0.0000000000
103837  -28.896  -65.899  16.960 0.0000000000
103839  -29.210  -66.658  18.695 0.0000000000
103840  -28.849  -67.043  18.306 0.0000000000
103841  -27.850  -67.425  14.052 0.0000000000
103842  -29.387  -67.089  18.783 0.0000000000
103843  -29.857  -67.242  19.295 0.0000000000
103845  -30.276  -67.526  19.671 0.0000000000
103846  -30.328  -67.311  19.719 0.0000000000
103847  -29.968  -66.942  19.428 0.0000000000
103848  -30.079  -67.503  19.654 0.0000000000
103849  -29.375  -67.323  18.816 0.0000000000
103851  -28.221  -66.493  13.867 0.0000000000
103852  -29.171  -65.813  18.463 0.0000000000
103853  -30.438  -67.466  19.867 0.0000000000
103854  -30.446  -67.589  19.997 0.0000000000
103855  -30.164  -66.584  19.641 0.0000000000
103856  -27.460  -66.680  17.828 0.0000000000
103857  -29.195  -65.837  15.925 0.0000000000
103858  -27.362  -67.925  16.838 0.0000000000
103859  -29.405  -65.504  18.825 0.0000000000
103860  -27.500  -67.376  16.964 0.0000000000
103861  -29.199  -65.498  17.706 0.0000000000
103862  -29.213  -65.429  17.033 0.0000000000
103863  -27.823  -66.295  15.011 0.0000000000
103864  -27.610  -67.355  16.787 0.0000000000
103865  -29.251  -65.346  17.327 0.0000000000
103866  -31.117  -66.290  21.632 0.0000000000
103867  -31.800  -66.225  20.962 0.0000000000
103868  -31.342  -65.850  21.694 0.0000000000
103869  -30.693  -66.434  21.669 0.0000000000
103870  -31.867  -65.613  20.911 0.0000000000
103871  -31.179  -65.600  21.788 0.0000000000
103872  -31.478  -65.199  21.205 0.0000000000
103873  -32.266  -62.968  19.940 0.0000000000
103874  -30.497  -64.000  21.674 0.0000000000
103875  -32.871  -62.455  20.208 0.0000000000
103876  -31.108  -64.440  21.526 0.0000000000
103877  -31.306  -63.372  19.338 0.0000000000
103878  -33.256  -62.243  20.122 0.0000000000
103879  -31.647  -63.569  20.682 0.0000000000
103880  -31.813  -63.049  19.489 0.0000000000
103881  -32.955  -62.321  20.432 0.0000000000
103882  -32.117  -62.575  19.161 0.0000000000
103883  -36.249  -61.109  19.832 0.0000000000
103884  -36.873  -60.957  19.644 0.0000000000
103885  -33.682  -61.956  20.058 0.0000000000
103886  -33.127  -62.345  19.935 0.0000000000
103887  -32.536  -62.671  20.284 0.0000000000
103888  -36.809  -61.140  19.955 0.0000000000
103889  -37.326  -61.035  19.799 0.0000000000
103890  -34.550  -61.184  20.890 0.0000000000
103891  -34.796  -60.749  21.136 0.0000000000
103892  -36.028  -60.965  20.259 0.0000000000
103893  -33.564  -61.729  19.446 0.0000000000
103894  -37.779  -60.949  19.773 0.0000000000
103895  -36.375  -60.687  20.366 0.0000000000
103896  -34.579  -61.172  19.355 0.0000000000
103897  -37.584  -60.935  19.639 0.0000000000
103898  -34.996  -60.278  18.758 0.0000000000
103899  -37.888  -60.741  19.440 0.0000000000
103900  -37.048  -60.309  20.268 0.0000000000
103901  -37.347  -60.799  19.468 0.0000000000
103902  -37.273  -60.762  20.110 0.0000000000
103903  -38.273  -60.572  19.473 0.0000000000
103904  -38.755  -60.414  19.100 0.0000000000
103905  -40.767  -58.499  18.463 0.0000000000
103906  -39.146  -60.045  19.162 0.0000000000
103907  -38.965  -60.009  18.801 0.0000000000
103908  -43.302  -58.829  17.203 0.0000000000
103909  -43.466  -58.986  17.351 0.0000000000
103910  -43.538  -58.887  16.932 0.0000000000
103911  -43.374  -58.564  16.470 0.0000000000
103912  -39.646  -59.566  18.877 0.0000000000
103913  -40.434  -58.934  18.997 0.0000000000
103914  -40.052  -58.754  18.624 0.0000000000
103915  -43.202  -57.947  18.853 0.0000000000
103916  -42.686  -58.102  16.591 0.0000000000
103917  -43.759  -58.917  16.832 0.0000000000
103918  -43.623  -58.965  17.166 0.0000000000
103919  -43.568  -58.979  18.038 0.0000000000
103920  -41.928  -58.332  17.660 0.0000000000
103921  -42.768  -58.374  18.554 0.0000000000
103922  -43.311  -58.860  17.558 0.0000000000
