#!ascii label  , from subject FREESURFER vox2ras=TkReg 
495
61013  -34.970  -0.544  -21.144 0.0000000000
61014  -35.219  -0.597  -21.268 0.0000000000
61038  -35.437  -0.129  -21.650 0.0000000000
62039  -33.005  1.041  -19.685 0.0000000000
62040  -33.356  0.549  -20.190 0.0000000000
62050  -35.027  0.064  -21.545 0.0000000000
62051  -35.219  -0.018  -21.607 0.0000000000
62061  -35.132  0.575  -22.032 0.0000000000
62062  -35.367  0.456  -22.121 0.0000000000
62923  -32.826  1.573  -19.265 0.0000000000
62937  -33.012  1.595  -19.999 0.0000000000
62938  -33.349  1.461  -20.742 0.0000000000
62951  -33.655  1.548  -21.375 0.0000000000
62961  -35.196  1.113  -22.529 0.0000000000
62962  -35.465  1.363  -22.998 0.0000000000
62978  -35.342  1.850  -23.575 0.0000000000
63767  -32.680  2.403  -17.847 0.0000000000
63772  -32.658  2.408  -18.699 0.0000000000
63782  -32.754  2.453  -19.524 0.0000000000
63797  -33.002  2.515  -20.502 0.0000000000
63798  -33.310  2.009  -21.035 0.0000000000
63811  -33.016  3.064  -20.946 0.0000000000
63812  -33.399  2.549  -21.466 0.0000000000
63826  -34.993  1.826  -23.223 0.0000000000
63827  -35.123  1.834  -23.412 0.0000000000
63845  -34.762  2.379  -23.715 0.0000000000
63846  -34.998  2.327  -23.887 0.0000000000
63847  -35.424  2.085  -23.893 0.0000000000
63864  -35.066  2.772  -24.297 0.0000000000
64587  -32.657  3.324  -17.291 0.0000000000
64588  -32.902  3.288  -16.464 0.0000000000
64597  -32.544  3.311  -18.216 0.0000000000
64602  -32.575  3.188  -18.989 0.0000000000
64614  -32.654  3.426  -19.737 0.0000000000
64627  -32.801  3.603  -20.569 0.0000000000
64640  -33.024  3.615  -21.292 0.0000000000
64641  -33.375  3.482  -22.036 0.0000000000
64659  -33.685  3.550  -22.746 0.0000000000
64680  -34.695  3.025  -24.070 0.0000000000
64681  -34.875  2.896  -24.192 0.0000000000
64700  -34.943  3.576  -24.521 0.0000000000
64701  -35.152  3.351  -24.606 0.0000000000
65413  -32.286  5.556  -16.383 0.0000000000
65414  -32.630  5.204  -16.123 0.0000000000
65415  -33.365  4.566  -15.376 0.0000000000
65423  -32.268  5.267  -16.742 0.0000000000
65424  -32.666  4.326  -16.634 0.0000000000
65425  -33.033  3.878  -16.041 0.0000000000
65434  -32.239  4.997  -17.429 0.0000000000
65435  -32.431  4.192  -17.746 0.0000000000
65444  -32.231  4.905  -18.155 0.0000000000
65445  -32.411  4.307  -18.886 0.0000000000
65455  -32.553  4.480  -20.055 0.0000000000
65466  -32.750  4.533  -20.988 0.0000000000
65480  -33.017  4.484  -21.864 0.0000000000
65481  -33.313  4.136  -22.415 0.0000000000
65500  -33.162  4.741  -22.507 0.0000000000
65501  -33.496  4.411  -23.076 0.0000000000
65520  -33.821  4.367  -23.742 0.0000000000
65536  -35.225  4.276  -24.958 0.0000000000
65550  -34.958  5.075  -25.540 0.0000000000
66272  -32.444  6.011  -16.114 0.0000000000
66273  -33.037  5.708  -15.597 0.0000000000
66274  -33.650  5.596  -15.113 0.0000000000
66278  -32.124  5.942  -16.674 0.0000000000
66287  -32.043  5.806  -17.344 0.0000000000
66298  -32.067  5.610  -18.046 0.0000000000
66299  -32.161  5.463  -18.725 0.0000000000
66307  -32.312  5.482  -19.613 0.0000000000
66315  -32.507  5.529  -20.649 0.0000000000
66327  -32.734  5.487  -21.632 0.0000000000
66343  -32.951  5.370  -22.376 0.0000000000
66344  -33.162  5.254  -22.978 0.0000000000
66360  -33.471  5.198  -23.836 0.0000000000
66377  -33.677  5.518  -24.803 0.0000000000
66392  -34.974  5.629  -26.171 0.0000000000
66411  -34.914  6.019  -26.681 0.0000000000
67100  -34.432  6.419  -14.144 0.0000000000
67103  -32.443  6.710  -16.043 0.0000000000
67104  -32.848  6.592  -15.657 0.0000000000
67105  -33.425  6.439  -15.181 0.0000000000
67106  -34.024  6.262  -14.657 0.0000000000
67109  -32.181  6.629  -16.471 0.0000000000
67111  -31.997  6.627  -17.136 0.0000000000
67122  -31.943  6.572  -18.104 0.0000000000
67123  -32.025  6.022  -18.513 0.0000000000
67133  -31.908  7.068  -18.724 0.0000000000
67134  -32.054  6.494  -19.127 0.0000000000
67143  -32.245  6.642  -20.261 0.0000000000
67156  -32.493  6.561  -21.410 0.0000000000
67172  -32.754  6.418  -22.624 0.0000000000
67173  -32.966  5.766  -22.823 0.0000000000
67188  -32.835  6.844  -23.829 0.0000000000
67189  -33.044  5.963  -23.415 0.0000000000
67205  -32.858  7.106  -24.690 0.0000000000
67206  -33.167  6.268  -24.490 0.0000000000
67223  -33.021  7.004  -25.393 0.0000000000
67224  -33.443  6.310  -25.469 0.0000000000
67238  -33.237  6.958  -26.063 0.0000000000
67239  -34.429  6.802  -27.072 0.0000000000
67240  -34.794  6.459  -27.139 0.0000000000
67254  -34.502  7.014  -27.449 0.0000000000
68029  -33.870  7.871  -12.608 0.0000000000
68034  -33.878  7.912  -13.484 0.0000000000
68035  -34.258  7.282  -13.290 0.0000000000
68038  -33.689  7.809  -14.312 0.0000000000
68039  -34.113  7.079  -14.087 0.0000000000
68040  -34.499  6.764  -13.719 0.0000000000
68042  -32.350  7.170  -16.243 0.0000000000
68043  -32.692  7.288  -15.836 0.0000000000
68044  -33.242  7.540  -15.184 0.0000000000
68045  -33.723  7.023  -14.722 0.0000000000
68048  -32.168  7.486  -16.768 0.0000000000
68049  -32.542  7.838  -16.207 0.0000000000
68050  -32.901  7.986  -15.732 0.0000000000
68052  -31.941  7.471  -17.560 0.0000000000
68060  -31.865  7.593  -18.353 0.0000000000
68068  -31.905  7.660  -19.248 0.0000000000
68069  -32.055  7.125  -19.720 0.0000000000
68080  -31.873  8.173  -19.754 0.0000000000
68081  -32.028  7.757  -20.165 0.0000000000
68101  -32.250  7.599  -21.098 0.0000000000
68124  -32.438  7.700  -22.229 0.0000000000
68139  -32.596  7.624  -23.372 0.0000000000
68162  -32.656  7.725  -24.378 0.0000000000
68178  -32.713  7.782  -25.302 0.0000000000
68186  -33.253  8.781  -27.528 0.0000000000
68187  -33.822  8.046  -27.380 0.0000000000
68196  -33.532  8.525  -27.564 0.0000000000
68197  -34.009  7.890  -27.643 0.0000000000
68198  -34.386  7.336  -27.865 0.0000000000
68205  -34.107  7.870  -28.147 0.0000000000
68978  -33.458  8.607  -11.943 0.0000000000
68980  -33.614  8.693  -12.830 0.0000000000
68983  -33.614  8.686  -13.709 0.0000000000
68985  -33.452  8.623  -14.577 0.0000000000
68987  -33.183  8.650  -15.369 0.0000000000
68990  -32.091  8.262  -17.241 0.0000000000
68991  -32.437  8.482  -16.680 0.0000000000
68992  -32.845  8.681  -16.067 0.0000000000
68995  -31.920  8.321  -17.859 0.0000000000
69000  -31.833  8.502  -18.624 0.0000000000
69004  -31.775  8.661  -19.417 0.0000000000
69006  -31.836  8.684  -20.127 0.0000000000
69007  -32.019  8.515  -20.859 0.0000000000
69018  -32.200  8.468  -21.648 0.0000000000
69039  -32.284  8.689  -22.357 0.0000000000
69057  -32.395  8.571  -23.103 0.0000000000
69082  -32.477  8.519  -24.037 0.0000000000
69094  -32.495  8.563  -24.955 0.0000000000
69103  -33.045  9.846  -27.765 0.0000000000
69104  -33.063  9.464  -27.509 0.0000000000
69114  -32.689  9.656  -27.814 0.0000000000
69115  -33.067  9.190  -27.841 0.0000000000
69116  -33.463  8.522  -27.807 0.0000000000
69125  -32.820  8.954  -28.258 0.0000000000
69126  -33.458  8.540  -28.464 0.0000000000
69127  -34.083  8.039  -28.509 0.0000000000
69759  -35.344  8.859  -2.344 0.0000000000
69760  -36.248  9.275  -2.170 0.0000000000
69761  -37.327  9.361  -1.806 0.0000000000
69773  -34.068  9.404  -2.594 0.0000000000
69774  -34.820  9.515  -2.506 0.0000000000
69775  -35.451  9.647  -2.365 0.0000000000
69862  -33.276  9.951  -9.134 0.0000000000
69865  -33.179  9.462  -11.375 0.0000000000
69866  -33.396  9.515  -12.210 0.0000000000
69868  -33.515  9.549  -13.094 0.0000000000
69871  -33.512  9.549  -14.000 0.0000000000
69873  -33.394  9.555  -14.891 0.0000000000
69876  -33.164  9.584  -15.755 0.0000000000
69879  -32.040  8.746  -17.540 0.0000000000
69880  -32.289  9.037  -17.230 0.0000000000
69881  -32.780  9.608  -16.692 0.0000000000
69884  -32.024  9.325  -17.979 0.0000000000
69885  -32.462  9.778  -17.406 0.0000000000
69886  -32.736  10.115  -17.175 0.0000000000
69890  -31.732  9.485  -18.936 0.0000000000
69896  -31.628  9.555  -19.796 0.0000000000
69901  -31.748  9.551  -20.744 0.0000000000
69902  -32.000  9.109  -21.367 0.0000000000
69914  -31.871  9.829  -21.622 0.0000000000
69915  -32.105  9.239  -22.004 0.0000000000
69934  -31.997  9.887  -22.265 0.0000000000
69935  -32.182  9.491  -22.823 0.0000000000
69951  -32.297  9.426  -23.780 0.0000000000
69970  -32.362  9.258  -24.554 0.0000000000
69985  -32.285  9.486  -25.326 0.0000000000
69993  -31.922  9.900  -27.840 0.0000000000
69994  -32.563  10.091  -27.719 0.0000000000
69995  -33.015  10.133  -27.498 0.0000000000
70003  -31.452  9.584  -28.029 0.0000000000
70004  -32.263  9.466  -27.950 0.0000000000
70005  -32.568  9.099  -28.044 0.0000000000
70012  -31.157  9.580  -28.355 0.0000000000
70013  -31.607  9.447  -28.640 0.0000000000
70014  -32.372  9.092  -28.571 0.0000000000
70015  -32.843  8.905  -28.658 0.0000000000
70024  -31.660  9.731  -29.180 0.0000000000
70025  -32.083  9.577  -29.240 0.0000000000
70026  -32.841  9.223  -29.432 0.0000000000
70636  -35.793  10.520  -2.210 0.0000000000
70637  -36.804  10.411  -1.870 0.0000000000
70638  -37.835  10.405  -1.631 0.0000000000
70648  -33.197  9.738  -3.149 0.0000000000
70649  -33.748  10.032  -3.097 0.0000000000
70650  -34.483  10.212  -2.763 0.0000000000
70651  -35.094  10.244  -2.477 0.0000000000
70659  -32.483  9.742  -4.045 0.0000000000
70660  -32.932  9.949  -3.600 0.0000000000
70661  -33.370  10.073  -3.385 0.0000000000
70668  -32.518  9.921  -4.573 0.0000000000
70669  -32.834  10.167  -4.242 0.0000000000
70676  -32.474  10.011  -5.282 0.0000000000
70677  -32.862  10.259  -4.822 0.0000000000
70683  -32.396  9.955  -6.110 0.0000000000
70691  -32.628  9.933  -6.875 0.0000000000
70697  -32.982  9.914  -7.501 0.0000000000
70698  -33.344  9.938  -8.022 0.0000000000
70710  -33.498  10.106  -8.575 0.0000000000
70722  -33.654  10.290  -9.057 0.0000000000
70724  -33.922  10.482  -9.311 0.0000000000
70725  -33.299  10.326  -11.615 0.0000000000
70727  -33.472  10.408  -12.496 0.0000000000
70730  -33.548  10.435  -13.440 0.0000000000
70732  -33.530  10.464  -14.377 0.0000000000
70735  -33.414  10.506  -15.300 0.0000000000
70737  -33.200  10.559  -16.204 0.0000000000
70739  -32.273  10.187  -17.876 0.0000000000
70740  -32.623  10.436  -17.522 0.0000000000
70741  -32.941  10.687  -17.041 0.0000000000
70743  -31.431  11.079  -19.079 0.0000000000
70744  -31.862  10.559  -18.516 0.0000000000
70745  -32.395  10.889  -17.955 0.0000000000
70746  -32.754  11.035  -17.575 0.0000000000
70750  -31.228  11.138  -19.611 0.0000000000
70751  -31.494  10.391  -19.349 0.0000000000
70756  -31.135  11.273  -19.993 0.0000000000
70757  -31.364  10.675  -20.237 0.0000000000
70773  -31.575  10.604  -21.231 0.0000000000
70794  -31.784  10.648  -22.172 0.0000000000
70795  -31.996  10.256  -22.746 0.0000000000
70812  -31.890  10.878  -22.964 0.0000000000
70813  -32.083  10.395  -23.529 0.0000000000
70829  -30.083  11.079  -25.798 0.0000000000
70830  -30.085  11.039  -25.796 0.0000000000
70831  -32.162  10.334  -24.590 0.0000000000
70848  -30.074  11.117  -26.081 0.0000000000
70849  -30.163  10.991  -26.128 0.0000000000
70850  -32.035  10.459  -25.615 0.0000000000
70861  -30.456  10.202  -27.957 0.0000000000
70862  -31.122  9.846  -27.783 0.0000000000
70863  -32.108  10.232  -27.707 0.0000000000
70864  -32.609  10.375  -27.531 0.0000000000
70872  -30.358  10.265  -28.158 0.0000000000
70873  -30.825  9.829  -28.209 0.0000000000
70882  -30.887  10.001  -28.794 0.0000000000
70883  -31.314  9.908  -29.160 0.0000000000
70892  -31.633  10.260  -29.570 0.0000000000
70893  -32.426  10.110  -29.815 0.0000000000
71452  -35.795  11.311  -2.337 0.0000000000
71453  -36.430  11.362  -2.134 0.0000000000
71454  -37.449  11.590  -1.865 0.0000000000
71463  -33.881  10.403  -3.358 0.0000000000
71464  -34.218  10.662  -3.235 0.0000000000
71465  -35.073  11.293  -2.732 0.0000000000
71466  -36.049  11.906  -2.613 0.0000000000
71467  -36.860  12.248  -2.406 0.0000000000
71474  -33.160  10.317  -4.004 0.0000000000
71475  -33.681  10.506  -3.727 0.0000000000
71476  -34.468  11.466  -3.738 0.0000000000
71477  -35.164  12.076  -3.502 0.0000000000
71483  -33.322  10.479  -4.498 0.0000000000
71484  -34.151  11.042  -4.686 0.0000000000
71485  -34.655  11.873  -4.504 0.0000000000
71491  -32.723  10.286  -5.852 0.0000000000
71492  -33.313  10.536  -5.487 0.0000000000
71493  -34.425  11.191  -5.737 0.0000000000
71494  -34.895  11.807  -6.223 0.0000000000
71500  -33.009  10.362  -6.403 0.0000000000
71501  -33.837  10.606  -6.437 0.0000000000
71502  -34.671  11.107  -6.645 0.0000000000
71503  -35.283  11.930  -6.884 0.0000000000
71510  -33.304  10.258  -7.064 0.0000000000
71511  -34.088  10.451  -7.153 0.0000000000
71512  -35.027  11.086  -7.497 0.0000000000
71513  -35.736  12.058  -7.749 0.0000000000
71520  -33.594  10.208  -7.606 0.0000000000
71521  -34.343  10.472  -8.176 0.0000000000
71522  -35.360  11.135  -8.395 0.0000000000
71523  -36.237  12.242  -8.655 0.0000000000
71529  -34.397  10.553  -8.861 0.0000000000
71530  -35.402  11.056  -9.067 0.0000000000
71531  -36.192  11.965  -9.353 0.0000000000
71543  -34.517  10.746  -9.287 0.0000000000
71544  -35.352  11.294  -9.463 0.0000000000
71545  -36.043  11.929  -9.583 0.0000000000
71550  -34.566  10.867  -9.491 0.0000000000
71551  -33.546  11.279  -11.810 0.0000000000
71557  -33.634  11.279  -12.903 0.0000000000
71560  -33.653  11.320  -13.870 0.0000000000
71562  -33.592  11.407  -14.809 0.0000000000
71565  -33.440  11.479  -15.741 0.0000000000
71568  -33.217  11.522  -16.615 0.0000000000
71571  -32.956  11.596  -17.325 0.0000000000
71574  -31.239  11.789  -19.270 0.0000000000
71575  -31.618  11.655  -18.734 0.0000000000
71576  -32.136  11.569  -18.265 0.0000000000
71577  -32.614  11.615  -17.837 0.0000000000
71581  -31.078  11.803  -19.842 0.0000000000
71583  -31.123  11.607  -20.335 0.0000000000
71584  -31.284  11.466  -20.906 0.0000000000
71598  -31.485  11.538  -21.732 0.0000000000
71612  -31.684  11.598  -22.665 0.0000000000
71624  -31.888  11.512  -23.709 0.0000000000
71625  -32.058  10.872  -24.078 0.0000000000
71636  -30.121  11.051  -25.787 0.0000000000
71637  -30.131  11.014  -25.822 0.0000000000
71638  -31.915  11.966  -24.612 0.0000000000
71639  -32.018  11.245  -24.465 0.0000000000
71654  -30.175  11.148  -26.053 0.0000000000
71655  -30.264  11.022  -26.101 0.0000000000
71656  -31.923  12.193  -25.099 0.0000000000
71657  -31.952  11.545  -25.296 0.0000000000
71670  -30.064  11.391  -26.620 0.0000000000
71671  -30.584  11.261  -26.520 0.0000000000
71672  -31.338  11.333  -26.431 0.0000000000
71673  -31.784  11.241  -26.004 0.0000000000
71684  -29.970  10.554  -28.261 0.0000000000
72229  -37.588  12.723  -2.154 0.0000000000
72237  -35.709  12.230  -3.160 0.0000000000
72238  -36.482  12.807  -3.139 0.0000000000
72239  -37.143  12.995  -2.638 0.0000000000
72246  -34.949  12.274  -4.095 0.0000000000
72247  -35.766  12.808  -3.966 0.0000000000
72248  -36.266  13.217  -3.635 0.0000000000
72254  -32.973  15.001  -5.577 0.0000000000
72255  -33.015  14.819  -5.775 0.0000000000
72256  -34.653  11.775  -5.109 0.0000000000
72257  -35.144  12.675  -4.925 0.0000000000
72258  -35.698  13.094  -4.610 0.0000000000
72263  -33.029  14.999  -6.020 0.0000000000
72264  -33.263  14.698  -6.119 0.0000000000
72265  -34.848  12.061  -5.643 0.0000000000
72266  -35.404  12.616  -6.026 0.0000000000
72273  -33.473  10.401  -6.762 0.0000000000
72274  -33.774  10.424  -6.849 0.0000000000
72275  -36.027  12.769  -6.879 0.0000000000
72281  -33.630  10.326  -7.006 0.0000000000
72282  -33.871  10.364  -7.068 0.0000000000
72283  -36.667  12.997  -7.678 0.0000000000
72291  -34.906  10.734  -8.600 0.0000000000
72292  -35.195  10.860  -8.774 0.0000000000
72293  -37.139  13.297  -8.475 0.0000000000
72301  -34.626  10.631  -8.651 0.0000000000
72302  -34.921  10.725  -8.854 0.0000000000
72303  -37.028  12.898  -9.262 0.0000000000
72314  -33.826  12.249  -10.920 0.0000000000
72315  -36.558  12.614  -9.505 0.0000000000
72322  -33.780  12.111  -11.532 0.0000000000
72323  -33.887  12.600  -11.307 0.0000000000
72331  -33.782  12.053  -12.443 0.0000000000
72332  -33.893  12.702  -12.044 0.0000000000
72337  -33.797  12.085  -13.393 0.0000000000
72338  -33.913  12.747  -12.954 0.0000000000
72341  -33.756  12.176  -14.293 0.0000000000
72342  -33.890  12.813  -13.819 0.0000000000
72345  -33.612  12.444  -15.206 0.0000000000
72346  -33.802  12.879  -14.527 0.0000000000
72348  -33.359  12.403  -16.178 0.0000000000
72351  -33.074  12.390  -16.990 0.0000000000
72354  -31.389  12.594  -18.912 0.0000000000
72355  -31.893  12.447  -18.402 0.0000000000
72356  -32.405  12.290  -18.026 0.0000000000
72357  -32.774  12.317  -17.611 0.0000000000
72360  -31.087  12.621  -19.560 0.0000000000
72362  -31.046  12.556  -20.371 0.0000000000
72363  -31.125  12.006  -20.702 0.0000000000
72375  -31.073  12.953  -20.831 0.0000000000
72376  -31.212  12.460  -21.200 0.0000000000
72388  -31.452  12.510  -22.203 0.0000000000
72404  -31.638  12.539  -23.183 0.0000000000
72422  -31.765  12.623  -24.126 0.0000000000
72438  -31.844  12.703  -24.905 0.0000000000
72439  -31.866  12.569  -25.520 0.0000000000
72454  -29.853  11.751  -27.076 0.0000000000
72455  -30.212  11.859  -26.962 0.0000000000
72456  -30.897  12.020  -26.813 0.0000000000
72457  -31.621  12.359  -26.354 0.0000000000
72471  -30.352  12.478  -27.326 0.0000000000
73053  -36.885  13.703  -2.753 0.0000000000
73062  -33.111  15.196  -5.684 0.0000000000
73063  -35.938  13.700  -3.776 0.0000000000
73064  -36.396  13.731  -3.282 0.0000000000
73071  -33.175  15.020  -5.780 0.0000000000
73072  -33.375  15.121  -5.441 0.0000000000
73073  -35.401  13.541  -4.762 0.0000000000
73074  -35.627  13.559  -4.287 0.0000000000
73082  -33.270  14.960  -6.036 0.0000000000
73083  -33.842  14.682  -5.845 0.0000000000
73084  -34.808  14.153  -5.718 0.0000000000
73085  -35.257  13.582  -5.368 0.0000000000
73091  -33.220  14.835  -6.345 0.0000000000
73092  -33.923  14.597  -6.656 0.0000000000
73093  -34.875  14.167  -6.484 0.0000000000
73094  -35.499  13.509  -6.256 0.0000000000
73100  -34.392  14.497  -7.479 0.0000000000
73101  -35.068  14.215  -7.318 0.0000000000
73102  -35.746  13.589  -7.171 0.0000000000
73110  -34.711  14.474  -8.071 0.0000000000
73111  -35.172  14.323  -7.958 0.0000000000
73112  -36.128  13.900  -8.081 0.0000000000
73119  -34.948  14.448  -8.368 0.0000000000
73120  -35.644  14.336  -8.572 0.0000000000
73121  -36.885  14.043  -8.918 0.0000000000
73128  -36.342  14.242  -9.044 0.0000000000
73129  -36.832  13.551  -9.365 0.0000000000
73136  -33.606  13.753  -10.884 0.0000000000
73137  -33.820  13.287  -11.468 0.0000000000
73145  -33.910  13.318  -12.546 0.0000000000
73150  -33.933  13.365  -13.396 0.0000000000
73156  -33.848  13.474  -14.184 0.0000000000
73159  -33.397  13.278  -15.729 0.0000000000
73160  -33.657  13.370  -14.940 0.0000000000
73163  -33.107  13.211  -16.562 0.0000000000
73167  -32.103  13.809  -17.793 0.0000000000
73168  -32.673  13.210  -17.376 0.0000000000
73171  -31.645  13.577  -18.410 0.0000000000
73172  -32.235  13.019  -17.995 0.0000000000
73173  -32.574  12.727  -17.802 0.0000000000
73850  -36.582  14.521  -2.869 0.0000000000
73859  -35.038  14.863  -4.177 0.0000000000
73860  -35.455  14.463  -4.020 0.0000000000
73861  -36.076  14.491  -3.424 0.0000000000
73870  -34.287  14.789  -4.804 0.0000000000
73871  -34.839  14.404  -4.661 0.0000000000
73872  -35.361  13.984  -4.461 0.0000000000
73883  -32.804  15.219  -6.150 0.0000000000
73884  -33.756  14.873  -5.266 0.0000000000
73885  -34.262  14.589  -5.169 0.0000000000
73886  -34.791  14.168  -5.227 0.0000000000
73892  -33.221  14.792  -6.661 0.0000000000
73893  -33.752  14.615  -7.115 0.0000000000
73899  -33.491  14.656  -7.188 0.0000000000
73900  -34.045  14.595  -7.624 0.0000000000
73908  -33.808  14.619  -7.675 0.0000000000
73909  -34.460  14.532  -8.105 0.0000000000
73914  -35.152  14.416  -8.536 0.0000000000
73915  -35.717  14.383  -8.830 0.0000000000
73920  -32.817  14.932  -10.457 0.0000000000
73921  -33.265  14.307  -10.772 0.0000000000
73926  -32.989  14.963  -11.410 0.0000000000
73927  -33.463  14.207  -11.725 0.0000000000
73928  -33.753  13.818  -12.316 0.0000000000
73934  -33.118  14.975  -12.418 0.0000000000
73935  -33.525  14.344  -12.783 0.0000000000
73936  -33.821  13.843  -13.062 0.0000000000
73942  -33.212  14.910  -13.557 0.0000000000
73943  -33.642  14.233  -13.598 0.0000000000
73944  -33.857  13.814  -13.690 0.0000000000
73951  -33.076  14.954  -14.653 0.0000000000
73952  -33.472  14.365  -14.303 0.0000000000
73953  -33.747  13.985  -14.101 0.0000000000
73956  -32.886  14.847  -15.622 0.0000000000
73957  -33.341  14.115  -15.165 0.0000000000
73958  -33.659  13.888  -14.578 0.0000000000
73962  -32.640  14.619  -16.479 0.0000000000
73963  -33.055  14.003  -16.088 0.0000000000
73966  -32.394  14.221  -17.195 0.0000000000
73967  -32.804  13.867  -16.771 0.0000000000
74687  -34.520  15.875  -4.280 0.0000000000
74688  -35.145  15.495  -3.994 0.0000000000
74689  -35.811  15.330  -3.532 0.0000000000
74690  -36.328  15.182  -3.108 0.0000000000
74697  -33.135  15.701  -5.261 0.0000000000
74698  -33.615  15.436  -4.915 0.0000000000
74699  -34.213  15.255  -4.580 0.0000000000
74700  -34.701  15.163  -4.291 0.0000000000
74710  -32.686  16.044  -5.689 0.0000000000
74711  -34.138  14.701  -4.948 0.0000000000
74712  -33.987  14.967  -4.858 0.0000000000
74720  -32.734  15.166  -6.457 0.0000000000
74761  -32.718  15.727  -11.990 0.0000000000
74768  -32.813  15.737  -13.003 0.0000000000
74774  -32.823  15.748  -14.055 0.0000000000
75442  -34.374  16.587  -4.270 0.0000000000
75443  -34.931  16.475  -4.038 0.0000000000
75444  -35.666  16.278  -3.642 0.0000000000
75455  -32.828  16.751  -5.033 0.0000000000
75456  -33.290  16.538  -4.798 0.0000000000
75457  -33.909  16.284  -4.478 0.0000000000
105198  -32.990  15.394  -5.730 0.0000000000
105199  -33.450  15.636  -4.933 0.0000000000
105200  -32.968  15.035  -6.106 0.0000000000
105201  -32.652  15.599  -5.944 0.0000000000
