#!ascii label  , from subject FREESURFER vox2ras=TkReg 
861
4270  -32.655  -76.121  6.847 0.0000000000
4271  -33.429  -76.334  7.027 0.0000000000
4272  -34.435  -76.071  7.061 0.0000000000
4273  -34.921  -75.747  7.115 0.0000000000
4278  -32.724  -76.013  6.551 0.0000000000
4279  -33.324  -76.238  6.365 0.0000000000
4280  -34.501  -76.281  6.175 0.0000000000
4281  -35.247  -75.813  6.619 0.0000000000
4282  -35.671  -75.487  6.448 0.0000000000
4288  -35.111  -75.994  5.734 0.0000000000
4289  -35.424  -75.909  5.965 0.0000000000
4290  -35.696  -75.598  6.208 0.0000000000
4389  -35.162  -75.772  -2.175 0.0000000000
4390  -35.711  -76.178  -2.116 0.0000000000
4391  -36.639  -76.553  -2.200 0.0000000000
4392  -37.385  -76.532  -2.486 0.0000000000
4399  -35.126  -76.042  -2.457 0.0000000000
4400  -35.851  -76.695  -2.605 0.0000000000
4401  -36.835  -77.098  -2.885 0.0000000000
4402  -37.575  -76.425  -3.123 0.0000000000
4407  -34.534  -75.712  -3.372 0.0000000000
4408  -35.004  -76.160  -3.133 0.0000000000
4409  -36.040  -76.505  -3.280 0.0000000000
4410  -36.893  -76.425  -3.445 0.0000000000
4411  -37.402  -75.991  -3.526 0.0000000000
4419  -34.712  -75.603  -3.569 0.0000000000
4420  -35.383  -75.746  -3.618 0.0000000000
4421  -36.222  -75.872  -3.651 0.0000000000
4422  -36.885  -75.843  -3.659 0.0000000000
4423  -37.181  -75.769  -3.614 0.0000000000
4763  -29.925  -75.458  8.049 0.0000000000
4764  -30.728  -75.213  8.431 0.0000000000
4765  -31.324  -74.888  8.486 0.0000000000
4770  -30.124  -75.133  7.417 0.0000000000
4771  -30.825  -75.422  7.572 0.0000000000
4772  -32.122  -75.457  7.684 0.0000000000
4773  -33.595  -75.590  7.511 0.0000000000
4774  -34.548  -75.407  7.378 0.0000000000
4775  -35.226  -75.270  7.136 0.0000000000
4780  -30.268  -74.823  7.111 0.0000000000
4781  -30.737  -75.017  7.044 0.0000000000
4782  -32.003  -75.396  6.933 0.0000000000
4783  -33.006  -75.658  6.355 0.0000000000
4784  -33.913  -75.825  5.809 0.0000000000
4785  -35.694  -75.163  6.709 0.0000000000
4786  -36.010  -75.102  6.281 0.0000000000
4790  -34.852  -75.686  5.606 0.0000000000
4791  -35.488  -75.348  5.659 0.0000000000
4792  -35.985  -75.179  5.828 0.0000000000
4867  -33.635  -74.566  -1.099 0.0000000000
4868  -34.617  -74.440  -1.519 0.0000000000
4869  -35.667  -74.401  -1.654 0.0000000000
4870  -36.844  -74.535  -1.649 0.0000000000
4871  -38.005  -74.736  -1.389 0.0000000000
4872  -38.648  -74.899  -1.027 0.0000000000
4889  -33.234  -75.127  -1.531 0.0000000000
4890  -34.381  -75.390  -1.968 0.0000000000
4891  -35.294  -75.350  -1.905 0.0000000000
4892  -36.297  -75.585  -1.903 0.0000000000
4893  -37.521  -75.790  -1.877 0.0000000000
4894  -38.828  -75.279  -1.672 0.0000000000
4910  -33.651  -75.348  -2.497 0.0000000000
4911  -34.393  -75.792  -2.772 0.0000000000
4912  -38.108  -75.904  -2.552 0.0000000000
4913  -38.786  -75.207  -2.721 0.0000000000
4923  -33.217  -74.894  -3.080 0.0000000000
4924  -33.990  -75.191  -3.552 0.0000000000
4925  -34.450  -75.794  -3.178 0.0000000000
4926  -36.564  -74.832  -3.701 0.0000000000
4927  -37.191  -74.963  -3.536 0.0000000000
4928  -38.066  -75.440  -3.266 0.0000000000
4929  -38.706  -75.068  -2.999 0.0000000000
4938  -34.720  -75.012  -4.022 0.0000000000
4939  -35.586  -75.097  -3.944 0.0000000000
4940  -36.349  -75.277  -3.759 0.0000000000
4941  -36.936  -75.417  -3.648 0.0000000000
4942  -37.382  -75.598  -3.528 0.0000000000
5294  -30.067  -73.778  9.338 0.0000000000
5295  -30.342  -73.458  9.504 0.0000000000
5302  -29.876  -74.544  8.676 0.0000000000
5303  -30.818  -74.049  9.138 0.0000000000
5304  -31.911  -74.406  8.391 0.0000000000
5312  -29.799  -74.806  7.821 0.0000000000
5313  -32.921  -74.720  7.892 0.0000000000
5314  -33.951  -74.643  7.597 0.0000000000
5315  -34.859  -74.475  7.346 0.0000000000
5316  -35.590  -74.418  7.020 0.0000000000
5322  -30.049  -74.516  7.281 0.0000000000
5323  -30.534  -74.379  6.851 0.0000000000
5324  -31.386  -74.440  6.655 0.0000000000
5325  -32.521  -74.591  6.532 0.0000000000
5326  -33.582  -74.788  6.111 0.0000000000
5327  -36.088  -74.362  6.545 0.0000000000
5328  -36.495  -74.111  5.948 0.0000000000
5329  -37.021  -73.498  5.359 0.0000000000
5333  -34.530  -74.841  5.612 0.0000000000
5334  -35.432  -74.662  5.439 0.0000000000
5335  -36.259  -73.977  5.397 0.0000000000
5336  -37.106  -73.284  4.804 0.0000000000
5340  -36.886  -73.301  4.799 0.0000000000
5341  -37.233  -73.082  4.668 0.0000000000
5382  -39.170  -73.548  0.520 0.0000000000
5383  -39.267  -73.263  0.735 0.0000000000
5402  -32.600  -73.908  0.538 0.0000000000
5403  -37.943  -73.393  -0.263 0.0000000000
5404  -38.668  -73.882  -0.046 0.0000000000
5405  -39.304  -74.031  0.059 0.0000000000
5406  -39.607  -73.533  0.241 0.0000000000
5414  -33.217  -73.757  -0.259 0.0000000000
5415  -34.027  -73.533  -0.903 0.0000000000
5416  -34.966  -73.321  -1.335 0.0000000000
5417  -36.071  -73.273  -1.405 0.0000000000
5418  -37.282  -73.488  -1.011 0.0000000000
5419  -38.343  -74.280  -0.706 0.0000000000
5420  -39.193  -74.727  -0.601 0.0000000000
5421  -39.974  -74.210  -0.468 0.0000000000
5429  -39.873  -74.508  -1.344 0.0000000000
5430  -40.276  -74.120  -0.948 0.0000000000
5444  -38.946  -74.504  -2.611 0.0000000000
5445  -39.344  -74.638  -2.328 0.0000000000
5457  -33.134  -74.324  -3.901 0.0000000000
5458  -33.620  -74.557  -4.034 0.0000000000
5459  -35.646  -73.631  -3.843 0.0000000000
5460  -36.519  -74.000  -3.598 0.0000000000
5461  -37.534  -74.283  -3.254 0.0000000000
5462  -38.469  -74.553  -2.880 0.0000000000
5463  -38.987  -74.863  -2.794 0.0000000000
5470  -32.716  -73.407  -4.600 0.0000000000
5471  -33.774  -74.044  -4.414 0.0000000000
5472  -34.967  -73.998  -4.209 0.0000000000
5473  -35.902  -74.481  -3.861 0.0000000000
5830  -28.515  -71.614  15.569 0.0000000000
5831  -29.116  -71.536  15.173 0.0000000000
5832  -29.529  -71.520  14.739 0.0000000000
5833  -28.097  -72.130  14.898 0.0000000000
5834  -28.926  -72.387  14.643 0.0000000000
5835  -29.629  -72.060  14.420 0.0000000000
5836  -28.043  -72.086  14.184 0.0000000000
5837  -28.741  -72.555  13.452 0.0000000000
5838  -29.684  -72.721  13.643 0.0000000000
5840  -29.426  -72.446  12.118 0.0000000000
5841  -29.754  -72.713  12.289 0.0000000000
5847  -29.634  -72.421  11.704 0.0000000000
5848  -29.800  -72.534  11.626 0.0000000000
5860  -30.153  -73.112  9.563 0.0000000000
5861  -30.707  -72.956  9.697 0.0000000000
5862  -31.387  -72.663  9.504 0.0000000000
5871  -29.820  -73.520  8.948 0.0000000000
5872  -31.178  -73.230  9.435 0.0000000000
5873  -32.016  -73.157  8.852 0.0000000000
5874  -33.016  -73.102  8.220 0.0000000000
5884  -29.875  -73.821  7.804 0.0000000000
5885  -32.628  -73.831  8.216 0.0000000000
5886  -33.397  -73.770  7.821 0.0000000000
5887  -34.282  -73.531  7.509 0.0000000000
5888  -35.349  -73.276  7.259 0.0000000000
5889  -36.313  -72.764  7.125 0.0000000000
5890  -37.014  -72.556  6.855 0.0000000000
5900  -30.354  -73.696  6.990 0.0000000000
5901  -31.042  -73.497  6.514 0.0000000000
5902  -32.018  -73.478  6.381 0.0000000000
5903  -33.136  -73.543  6.358 0.0000000000
5904  -34.151  -73.624  5.895 0.0000000000
5905  -36.026  -73.653  6.900 0.0000000000
5906  -36.585  -73.376  6.535 0.0000000000
5907  -37.436  -72.794  6.037 0.0000000000
5908  -37.956  -72.172  5.929 0.0000000000
5915  -35.152  -73.676  5.476 0.0000000000
5916  -36.026  -73.635  5.181 0.0000000000
5917  -36.638  -73.286  4.881 0.0000000000
5918  -37.687  -72.919  5.028 0.0000000000
5919  -38.117  -72.319  5.467 0.0000000000
5925  -37.113  -72.941  4.499 0.0000000000
5926  -37.719  -72.668  4.142 0.0000000000
5927  -38.382  -72.269  4.616 0.0000000000
5932  -38.246  -72.272  2.877 0.0000000000
5933  -38.880  -72.010  3.403 0.0000000000
5934  -39.408  -71.659  2.918 0.0000000000
5939  -38.422  -72.602  2.009 0.0000000000
5940  -38.902  -72.598  2.178 0.0000000000
5941  -39.449  -72.064  2.325 0.0000000000
5953  -38.191  -72.645  1.544 0.0000000000
5954  -38.805  -73.043  1.160 0.0000000000
5955  -39.464  -72.708  1.132 0.0000000000
5971  -28.854  -72.327  0.773 0.0000000000
5972  -29.566  -72.491  0.783 0.0000000000
5973  -30.326  -72.635  0.858 0.0000000000
5974  -31.280  -72.873  0.992 0.0000000000
5975  -32.135  -73.128  0.855 0.0000000000
5976  -37.154  -72.332  -0.175 0.0000000000
5977  -38.100  -72.871  0.620 0.0000000000
5978  -38.825  -73.576  0.505 0.0000000000
5979  -39.856  -73.005  0.319 0.0000000000
5993  -29.227  -72.069  0.490 0.0000000000
5994  -29.751  -72.069  0.381 0.0000000000
5995  -30.671  -72.159  0.411 0.0000000000
5996  -31.659  -72.322  0.427 0.0000000000
5997  -32.692  -72.681  0.237 0.0000000000
5998  -33.535  -72.626  -0.382 0.0000000000
5999  -34.348  -72.471  -0.793 0.0000000000
6000  -35.304  -72.269  -0.953 0.0000000000
6001  -36.314  -72.304  -0.776 0.0000000000
6002  -40.057  -73.303  -0.574 0.0000000000
6003  -40.051  -73.530  -0.242 0.0000000000
6005  -39.296  -73.122  -1.630 0.0000000000
6006  -39.963  -73.499  -1.145 0.0000000000
6007  -40.217  -73.821  -0.710 0.0000000000
6015  -37.627  -72.810  -2.677 0.0000000000
6016  -38.664  -73.523  -2.316 0.0000000000
6017  -39.623  -73.902  -1.861 0.0000000000
6029  -35.127  -72.795  -3.986 0.0000000000
6030  -35.970  -72.889  -3.554 0.0000000000
6031  -36.951  -73.059  -3.181 0.0000000000
6032  -37.847  -73.634  -2.869 0.0000000000
6044  -33.002  -72.595  -5.165 0.0000000000
6045  -34.149  -72.701  -4.574 0.0000000000
6057  -32.550  -71.919  -5.661 0.0000000000
6400  -29.447  -70.861  15.087 0.0000000000
6401  -30.078  -71.397  14.420 0.0000000000
6403  -27.843  -70.912  16.131 0.0000000000
6404  -30.515  -72.060  13.774 0.0000000000
6405  -31.001  -71.968  13.113 0.0000000000
6406  -27.415  -71.435  14.739 0.0000000000
6407  -28.161  -71.682  13.551 0.0000000000
6408  -30.446  -72.524  12.825 0.0000000000
6409  -31.008  -71.991  12.260 0.0000000000
6412  -28.878  -72.015  12.374 0.0000000000
6413  -30.398  -72.432  11.817 0.0000000000
6414  -30.830  -72.031  11.067 0.0000000000
6425  -29.590  -72.254  11.515 0.0000000000
6426  -30.040  -72.460  11.029 0.0000000000
6427  -30.468  -72.107  10.455 0.0000000000
6440  -30.162  -72.746  9.178 0.0000000000
6441  -30.594  -72.027  9.682 0.0000000000
6442  -31.277  -72.058  9.827 0.0000000000
6447  -30.151  -72.873  8.290 0.0000000000
6448  -30.596  -71.957  8.653 0.0000000000
6449  -32.121  -72.055  9.314 0.0000000000
6450  -33.348  -72.074  8.467 0.0000000000
6451  -34.281  -71.572  8.142 0.0000000000
6452  -36.237  -71.294  7.887 0.0000000000
6453  -36.734  -71.221  7.673 0.0000000000
6459  -30.318  -72.938  7.453 0.0000000000
6460  -30.701  -72.002  7.486 0.0000000000
6461  -33.700  -72.891  7.877 0.0000000000
6462  -34.524  -72.298  7.726 0.0000000000
6463  -35.755  -71.959  7.598 0.0000000000
6464  -36.789  -71.827  7.426 0.0000000000
6465  -37.492  -71.947  6.880 0.0000000000
6474  -30.319  -73.282  7.204 0.0000000000
6475  -30.889  -72.507  6.710 0.0000000000
6476  -31.744  -72.438  6.262 0.0000000000
6477  -32.687  -72.487  6.272 0.0000000000
6478  -33.650  -72.440  6.203 0.0000000000
6479  -37.888  -71.859  6.325 0.0000000000
6480  -38.217  -71.743  5.847 0.0000000000
6489  -34.687  -72.398  5.772 0.0000000000
6490  -35.806  -72.565  5.225 0.0000000000
6491  -36.385  -73.024  4.947 0.0000000000
6492  -38.563  -71.732  5.242 0.0000000000
6499  -35.944  -71.717  4.952 0.0000000000
6500  -36.590  -72.261  4.538 0.0000000000
6501  -37.278  -72.457  4.079 0.0000000000
6502  -38.991  -71.519  4.388 0.0000000000
6503  -39.382  -71.185  3.960 0.0000000000
6510  -37.047  -71.868  3.842 0.0000000000
6511  -37.586  -72.100  3.355 0.0000000000
6512  -39.245  -71.486  3.814 0.0000000000
6513  -39.519  -71.229  3.382 0.0000000000
6519  -37.836  -72.230  2.315 0.0000000000
6520  -39.694  -71.328  2.533 0.0000000000
6525  -37.641  -72.043  1.433 0.0000000000
6526  -39.842  -71.671  1.631 0.0000000000
6535  -27.766  -71.786  0.669 0.0000000000
6536  -28.368  -71.953  0.656 0.0000000000
6537  -35.903  -70.589  0.279 0.0000000000
6538  -36.474  -71.262  0.252 0.0000000000
6539  -37.212  -71.771  0.685 0.0000000000
6540  -39.913  -72.175  0.686 0.0000000000
6556  -26.516  -71.084  0.021 0.0000000000
6557  -27.561  -71.144  0.189 0.0000000000
6558  -28.809  -71.406  0.097 0.0000000000
6559  -30.017  -71.577  -0.132 0.0000000000
6560  -31.026  -71.627  -0.148 0.0000000000
6561  -31.994  -71.683  -0.189 0.0000000000
6562  -32.985  -71.530  -0.440 0.0000000000
6563  -33.824  -71.781  -0.514 0.0000000000
6564  -34.576  -71.497  -0.546 0.0000000000
6565  -35.622  -71.246  -0.310 0.0000000000
6566  -36.400  -71.720  -0.296 0.0000000000
6567  -39.771  -72.491  -0.505 0.0000000000
6568  -40.010  -72.773  -0.057 0.0000000000
6570  -29.006  -70.879  -0.481 0.0000000000
6571  -29.491  -70.975  -0.598 0.0000000000
6572  -30.442  -71.141  -0.783 0.0000000000
6573  -31.374  -71.134  -0.839 0.0000000000
6574  -32.167  -71.066  -0.762 0.0000000000
6575  -38.677  -72.206  -1.698 0.0000000000
6576  -39.362  -72.280  -1.094 0.0000000000
6579  -36.114  -71.477  -3.016 0.0000000000
6580  -36.862  -71.951  -2.685 0.0000000000
6581  -37.842  -72.062  -2.246 0.0000000000
6593  -34.682  -71.758  -4.029 0.0000000000
6594  -35.526  -71.800  -3.522 0.0000000000
6595  -36.276  -72.191  -3.225 0.0000000000
6612  -33.529  -71.889  -4.987 0.0000000000
6613  -34.030  -71.488  -4.478 0.0000000000
6631  -32.980  -71.528  -5.561 0.0000000000
6941  -30.144  -70.518  14.616 0.0000000000
6942  -31.233  -70.895  13.979 0.0000000000
6943  -32.785  -70.347  13.936 0.0000000000
6944  -34.012  -70.152  14.095 0.0000000000
6945  -34.611  -70.057  14.075 0.0000000000
6949  -31.158  -71.621  13.507 0.0000000000
6950  -31.910  -71.223  13.072 0.0000000000
6951  -33.323  -70.380  13.330 0.0000000000
6952  -34.526  -70.119  13.461 0.0000000000
6953  -35.122  -70.007  12.691 0.0000000000
6958  -27.737  -70.428  13.917 0.0000000000
6959  -28.595  -70.881  12.674 0.0000000000
6960  -31.573  -71.296  11.779 0.0000000000
6961  -32.757  -70.339  12.167 0.0000000000
6962  -33.867  -70.181  12.735 0.0000000000
6963  -34.456  -70.095  12.697 0.0000000000
6973  -29.453  -71.407  11.531 0.0000000000
6974  -29.845  -71.557  10.804 0.0000000000
6975  -31.373  -71.437  11.098 0.0000000000
6976  -31.928  -70.737  11.276 0.0000000000
6990  -29.748  -72.016  10.846 0.0000000000
6991  -30.181  -71.701  10.429 0.0000000000
6992  -30.898  -71.515  10.187 0.0000000000
6993  -31.729  -70.918  10.435 0.0000000000
7006  -30.862  -71.146  9.704 0.0000000000
7007  -31.314  -71.160  9.821 0.0000000000
7008  -32.242  -70.925  9.696 0.0000000000
7016  -30.995  -71.079  9.084 0.0000000000
7017  -31.938  -71.458  9.656 0.0000000000
7018  -32.842  -71.080  9.080 0.0000000000
7019  -34.131  -70.800  8.489 0.0000000000
7020  -35.531  -70.730  8.335 0.0000000000
7021  -36.369  -70.719  7.959 0.0000000000
7030  -31.242  -70.818  7.748 0.0000000000
7031  -35.015  -71.337  7.934 0.0000000000
7032  -35.716  -71.299  7.971 0.0000000000
7033  -37.274  -71.001  7.281 0.0000000000
7034  -37.692  -71.449  6.701 0.0000000000
7043  -31.522  -70.844  6.469 0.0000000000
7044  -31.805  -71.317  6.118 0.0000000000
7045  -32.554  -71.549  6.097 0.0000000000
7046  -33.161  -71.822  6.209 0.0000000000
7047  -37.516  -70.618  6.757 0.0000000000
7048  -38.026  -70.988  6.253 0.0000000000
7049  -38.389  -71.357  5.652 0.0000000000
7058  -31.853  -70.061  5.865 0.0000000000
7059  -31.970  -70.254  5.767 0.0000000000
7060  -32.558  -70.533  5.751 0.0000000000
7061  -33.733  -71.129  5.933 0.0000000000
7062  -35.168  -71.173  5.319 0.0000000000
7063  -38.231  -70.586  5.673 0.0000000000
7064  -38.682  -70.943  5.212 0.0000000000
7073  -35.909  -70.999  4.588 0.0000000000
7074  -36.506  -71.072  3.941 0.0000000000
7075  -39.230  -70.806  4.220 0.0000000000
7076  -39.506  -70.926  3.809 0.0000000000
7083  -36.967  -71.231  3.287 0.0000000000
7084  -37.392  -71.532  2.738 0.0000000000
7085  -39.150  -70.325  3.924 0.0000000000
7086  -39.444  -70.518  3.522 0.0000000000
7090  -36.848  -70.707  2.590 0.0000000000
7091  -37.291  -71.344  2.036 0.0000000000
7092  -39.704  -70.629  2.804 0.0000000000
7097  -36.654  -70.440  1.789 0.0000000000
7098  -36.970  -71.168  1.280 0.0000000000
7099  -39.814  -70.759  2.012 0.0000000000
7105  -35.782  -70.113  0.498 0.0000000000
7106  -36.267  -70.331  0.900 0.0000000000
7107  -36.717  -71.121  0.789 0.0000000000
7108  -39.384  -70.547  0.552 0.0000000000
7109  -39.749  -70.852  0.958 0.0000000000
7125  -26.291  -70.578  -0.635 0.0000000000
7126  -27.417  -70.562  -0.529 0.0000000000
7127  -28.136  -70.804  -0.260 0.0000000000
7128  -33.178  -70.916  -0.682 0.0000000000
7129  -33.717  -70.828  -0.577 0.0000000000
7130  -34.666  -70.504  -0.310 0.0000000000
7131  -35.357  -70.159  0.124 0.0000000000
7132  -38.485  -70.838  -0.849 0.0000000000
7133  -39.222  -70.969  -0.197 0.0000000000
7134  -39.814  -71.856  0.154 0.0000000000
7140  -26.004  -70.077  -1.261 0.0000000000
7141  -26.949  -70.121  -1.144 0.0000000000
7142  -27.748  -70.161  -1.162 0.0000000000
7143  -28.708  -70.459  -1.090 0.0000000000
7144  -29.937  -70.683  -1.373 0.0000000000
7145  -30.858  -70.712  -1.433 0.0000000000
7146  -31.776  -70.421  -1.501 0.0000000000
7147  -32.752  -70.641  -0.930 0.0000000000
7148  -33.230  -70.622  -0.756 0.0000000000
7149  -36.821  -70.476  -1.902 0.0000000000
7150  -37.873  -71.012  -1.501 0.0000000000
7151  -38.757  -71.437  -1.092 0.0000000000
7157  -29.068  -69.946  -1.997 0.0000000000
7158  -29.672  -70.183  -2.010 0.0000000000
7159  -30.530  -70.322  -1.977 0.0000000000
7160  -31.093  -70.349  -1.811 0.0000000000
7161  -35.548  -70.699  -3.028 0.0000000000
7162  -36.414  -70.936  -2.547 0.0000000000
7163  -37.165  -71.235  -2.208 0.0000000000
7169  -34.334  -70.773  -3.934 0.0000000000
7170  -34.968  -71.049  -3.566 0.0000000000
7182  -33.539  -70.880  -4.874 0.0000000000
7183  -33.929  -70.880  -4.362 0.0000000000
7201  -33.127  -70.718  -5.451 0.0000000000
7473  -29.697  -69.572  14.871 0.0000000000
7474  -30.904  -69.792  14.357 0.0000000000
7475  -32.278  -69.754  14.291 0.0000000000
7476  -33.680  -69.686  14.534 0.0000000000
7477  -34.855  -69.743  14.317 0.0000000000
7478  -35.822  -69.198  14.093 0.0000000000
7479  -36.385  -68.911  13.602 0.0000000000
7484  -34.942  -69.965  13.944 0.0000000000
7485  -35.645  -69.721  13.478 0.0000000000
7494  -28.395  -69.493  12.923 0.0000000000
7495  -33.182  -70.039  11.715 0.0000000000
7496  -34.191  -69.924  11.777 0.0000000000
7506  -29.263  -69.977  11.979 0.0000000000
7507  -30.012  -70.602  10.990 0.0000000000
7508  -32.658  -70.073  11.159 0.0000000000
7509  -33.390  -69.774  10.492 0.0000000000
7522  -30.599  -70.596  10.269 0.0000000000
7523  -31.007  -70.451  9.558 0.0000000000
7524  -32.170  -70.422  10.127 0.0000000000
7525  -32.833  -69.975  9.888 0.0000000000
7537  -31.266  -70.343  9.551 0.0000000000
7538  -32.153  -70.605  9.897 0.0000000000
7539  -32.956  -70.260  9.367 0.0000000000
7540  -33.795  -69.879  9.686 0.0000000000
7541  -34.810  -69.996  10.337 0.0000000000
7542  -35.855  -69.469  11.422 0.0000000000
7552  -31.409  -70.021  8.477 0.0000000000
7553  -33.436  -70.464  8.930 0.0000000000
7554  -33.829  -70.104  9.013 0.0000000000
7555  -34.769  -70.153  9.161 0.0000000000
7556  -35.932  -69.909  9.205 0.0000000000
7561  -31.416  -69.744  7.535 0.0000000000
7562  -36.508  -70.038  7.821 0.0000000000
7571  -31.528  -69.858  6.679 0.0000000000
7572  -37.081  -70.074  6.938 0.0000000000
7573  -37.577  -70.326  6.473 0.0000000000
7582  -31.754  -69.833  5.965 0.0000000000
7583  -31.849  -69.499  5.429 0.0000000000
7584  -32.342  -69.503  5.182 0.0000000000
7585  -33.359  -69.792  5.436 0.0000000000
7586  -34.387  -70.152  5.422 0.0000000000
7587  -37.336  -69.901  6.424 0.0000000000
7588  -37.771  -70.008  5.894 0.0000000000
7589  -38.305  -70.304  5.256 0.0000000000
7600  -31.909  -69.096  4.932 0.0000000000
7601  -32.109  -69.004  4.768 0.0000000000
7602  -34.168  -69.372  5.172 0.0000000000
7603  -35.143  -69.755  4.729 0.0000000000
7604  -35.929  -70.205  4.091 0.0000000000
7605  -37.995  -69.663  4.989 0.0000000000
7606  -38.687  -70.199  4.463 0.0000000000
7614  -35.653  -69.450  3.899 0.0000000000
7615  -36.324  -69.988  3.287 0.0000000000
7616  -38.259  -69.418  4.219 0.0000000000
7617  -38.975  -69.711  3.511 0.0000000000
7618  -39.554  -70.036  2.970 0.0000000000
7623  -36.381  -69.789  2.358 0.0000000000
7624  -39.296  -69.497  2.620 0.0000000000
7625  -39.652  -70.073  2.324 0.0000000000
7630  -35.630  -69.129  1.285 0.0000000000
7631  -36.038  -69.494  1.549 0.0000000000
7632  -39.415  -69.551  1.802 0.0000000000
7633  -39.629  -70.236  1.721 0.0000000000
7637  -34.930  -69.323  0.309 0.0000000000
7638  -35.551  -69.516  0.757 0.0000000000
7639  -35.976  -69.737  1.061 0.0000000000
7640  -38.261  -69.323  0.325 0.0000000000
7641  -39.119  -69.850  0.830 0.0000000000
7642  -39.482  -70.103  1.366 0.0000000000
7653  -33.984  -69.702  -0.498 0.0000000000
7654  -34.765  -69.706  -0.070 0.0000000000
7655  -35.156  -69.652  0.259 0.0000000000
7656  -36.919  -69.359  -0.844 0.0000000000
7657  -37.999  -70.060  -0.532 0.0000000000
7658  -38.699  -70.013  0.097 0.0000000000
7668  -25.742  -69.471  -1.853 0.0000000000
7669  -26.679  -69.604  -1.741 0.0000000000
7670  -27.550  -69.757  -1.650 0.0000000000
7671  -28.108  -69.971  -1.507 0.0000000000
7672  -31.943  -69.415  -1.998 0.0000000000
7673  -32.653  -69.777  -1.418 0.0000000000
7674  -33.272  -70.115  -0.879 0.0000000000
7675  -35.750  -69.095  -2.044 0.0000000000
7676  -36.449  -69.640  -1.598 0.0000000000
7677  -37.175  -70.110  -1.256 0.0000000000
7687  -26.441  -68.972  -2.330 0.0000000000
7688  -27.377  -69.156  -2.244 0.0000000000
7689  -28.435  -69.514  -2.165 0.0000000000
7690  -29.519  -69.436  -2.473 0.0000000000
7691  -30.410  -69.636  -2.400 0.0000000000
7692  -31.185  -69.902  -2.134 0.0000000000
7693  -34.531  -69.064  -3.211 0.0000000000
7694  -35.076  -69.467  -2.871 0.0000000000
7695  -35.995  -70.034  -2.325 0.0000000000
7698  -33.693  -69.222  -4.080 0.0000000000
7699  -34.191  -69.584  -3.707 0.0000000000
7700  -34.819  -70.299  -3.400 0.0000000000
7703  -33.139  -69.594  -5.004 0.0000000000
7704  -33.454  -69.755  -4.628 0.0000000000
7705  -33.884  -70.369  -4.278 0.0000000000
7718  -33.267  -70.318  -5.123 0.0000000000
8013  -30.452  -68.891  14.277 0.0000000000
8014  -31.630  -68.903  14.295 0.0000000000
8015  -33.045  -68.811  14.703 0.0000000000
8016  -34.711  -68.829  14.591 0.0000000000
8017  -35.786  -68.715  13.932 0.0000000000
8020  -29.434  -67.911  14.515 0.0000000000
8021  -30.802  -68.009  13.803 0.0000000000
8022  -32.178  -68.033  13.898 0.0000000000
8023  -33.620  -67.889  14.116 0.0000000000
8024  -34.996  -68.335  13.475 0.0000000000
8031  -28.033  -68.114  12.531 0.0000000000
8032  -28.761  -68.860  12.065 0.0000000000
8033  -33.941  -67.883  13.145 0.0000000000
8041  -28.549  -68.279  11.574 0.0000000000
8042  -29.577  -68.792  11.244 0.0000000000
8043  -30.348  -69.725  10.773 0.0000000000
8050  -29.687  -68.320  10.565 0.0000000000
8051  -30.596  -68.969  10.331 0.0000000000
8052  -30.995  -69.570  9.779 0.0000000000
8061  -30.629  -68.431  9.866 0.0000000000
8062  -31.072  -69.083  9.652 0.0000000000
8065  -36.100  -68.376  11.593 0.0000000000
8073  -31.337  -69.060  8.821 0.0000000000
8074  -36.369  -68.738  9.916 0.0000000000
8082  -31.322  -69.150  7.942 0.0000000000
8083  -36.473  -69.050  8.459 0.0000000000
8087  -31.377  -68.934  7.039 0.0000000000
8088  -36.527  -69.329  7.370 0.0000000000
8092  -31.544  -68.910  5.820 0.0000000000
8093  -31.686  -68.926  5.058 0.0000000000
8094  -32.922  -69.287  5.038 0.0000000000
8095  -33.455  -69.129  4.995 0.0000000000
8096  -36.802  -69.217  6.327 0.0000000000
8097  -37.391  -69.229  5.473 0.0000000000
8105  -31.473  -68.429  4.984 0.0000000000
8106  -31.839  -68.586  4.507 0.0000000000
8107  -32.721  -68.801  4.612 0.0000000000
8108  -34.093  -68.691  4.555 0.0000000000
8109  -35.090  -68.814  4.072 0.0000000000
8110  -36.940  -68.577  5.527 0.0000000000
8111  -37.484  -68.750  4.687 0.0000000000
8121  -32.321  -68.261  4.029 0.0000000000
8122  -33.186  -68.178  3.846 0.0000000000
8123  -34.395  -68.141  3.448 0.0000000000
8124  -35.569  -68.808  3.204 0.0000000000
8125  -36.067  -69.251  2.694 0.0000000000
8126  -38.104  -68.684  3.602 0.0000000000
8127  -38.787  -68.997  2.936 0.0000000000
8136  -34.893  -68.197  2.313 0.0000000000
8137  -35.709  -68.814  2.351 0.0000000000
8138  -36.068  -69.206  2.187 0.0000000000
8139  -38.342  -68.370  2.819 0.0000000000
8140  -38.823  -68.779  2.250 0.0000000000
8146  -34.883  -68.394  1.391 0.0000000000
8147  -35.530  -68.775  1.701 0.0000000000
8148  -35.898  -68.994  1.945 0.0000000000
8149  -38.871  -68.878  1.541 0.0000000000
8153  -34.800  -68.750  0.650 0.0000000000
8154  -35.310  -68.872  1.142 0.0000000000
8155  -37.090  -67.992  0.104 0.0000000000
8156  -37.801  -68.405  0.554 0.0000000000
8157  -38.498  -68.716  0.951 0.0000000000
8168  -33.792  -68.663  -0.540 0.0000000000
8169  -34.458  -69.020  -0.072 0.0000000000
8170  -36.676  -68.419  -0.604 0.0000000000
8171  -37.427  -68.938  -0.129 0.0000000000
8180  -31.884  -68.410  -2.095 0.0000000000
8181  -32.603  -68.794  -1.602 0.0000000000
8182  -33.284  -69.192  -1.064 0.0000000000
8183  -35.592  -68.257  -1.713 0.0000000000
8184  -36.237  -68.771  -1.323 0.0000000000
8191  -27.108  -68.439  -2.740 0.0000000000
8192  -28.042  -68.543  -2.790 0.0000000000
8193  -29.229  -68.402  -3.071 0.0000000000
8194  -30.323  -68.717  -2.756 0.0000000000
8195  -31.185  -69.032  -2.436 0.0000000000
8196  -34.597  -68.594  -2.913 0.0000000000
8197  -35.109  -68.477  -2.380 0.0000000000
8200  -26.924  -67.861  -3.080 0.0000000000
8201  -27.615  -67.866  -3.151 0.0000000000
8202  -28.467  -67.792  -3.274 0.0000000000
8203  -29.046  -67.643  -3.351 0.0000000000
8204  -33.740  -68.737  -3.793 0.0000000000
8205  -34.169  -68.655  -3.364 0.0000000000
8212  -33.060  -69.136  -4.890 0.0000000000
8213  -33.388  -68.850  -4.288 0.0000000000
8561  -30.898  -66.372  14.079 0.0000000000
8566  -30.345  -66.927  14.119 0.0000000000
8567  -31.406  -67.008  13.742 0.0000000000
8568  -32.549  -67.182  13.593 0.0000000000
8569  -33.232  -67.352  13.308 0.0000000000
8573  -28.181  -67.356  12.015 0.0000000000
8580  -28.347  -67.632  11.328 0.0000000000
8581  -28.714  -68.095  11.074 0.0000000000
8587  -28.411  -67.374  10.866 0.0000000000
8588  -28.928  -67.728  10.465 0.0000000000
8589  -29.741  -68.118  10.240 0.0000000000
8598  -29.086  -67.331  9.811 0.0000000000
8599  -29.926  -67.735  9.676 0.0000000000
8600  -30.688  -68.227  9.613 0.0000000000
8609  -30.227  -67.380  9.013 0.0000000000
8610  -30.876  -67.985  9.091 0.0000000000
8621  -31.145  -68.097  7.922 0.0000000000
8630  -31.409  -67.843  6.665 0.0000000000
8631  -36.537  -68.208  7.485 0.0000000000
8636  -31.427  -67.730  5.516 0.0000000000
8637  -36.543  -67.944  6.178 0.0000000000
8642  -31.507  -67.667  4.499 0.0000000000
8643  -31.846  -67.954  3.967 0.0000000000
8644  -36.873  -67.812  5.177 0.0000000000
8645  -37.299  -67.724  4.230 0.0000000000
8650  -31.680  -67.343  3.657 0.0000000000
8651  -32.333  -67.688  3.421 0.0000000000
8652  -33.332  -67.618  3.065 0.0000000000
8653  -34.083  -67.717  2.656 0.0000000000
8654  -37.726  -67.592  3.275 0.0000000000
8660  -31.779  -67.223  2.948 0.0000000000
8661  -32.395  -67.368  2.479 0.0000000000
8662  -33.401  -67.469  2.253 0.0000000000
8663  -34.122  -67.663  2.060 0.0000000000
8664  -38.144  -67.721  2.281 0.0000000000
8665  -38.578  -68.396  1.899 0.0000000000
8673  -32.763  -67.261  1.777 0.0000000000
8674  -33.597  -67.459  1.402 0.0000000000
8675  -34.382  -67.910  1.619 0.0000000000
8676  -37.897  -67.414  1.518 0.0000000000
8677  -38.350  -68.194  1.548 0.0000000000
8686  -33.628  -67.564  0.460 0.0000000000
8687  -34.294  -67.991  0.920 0.0000000000
8688  -36.752  -67.171  0.305 0.0000000000
8689  -37.484  -67.470  0.796 0.0000000000
8690  -38.052  -68.012  1.070 0.0000000000
8697  -32.817  -67.368  -0.828 0.0000000000
8698  -33.513  -67.778  -0.374 0.0000000000
8699  -34.134  -68.243  0.133 0.0000000000
8700  -35.712  -67.097  -0.773 0.0000000000
8701  -36.414  -67.546  -0.379 0.0000000000
8706  -31.706  -67.444  -1.952 0.0000000000
8707  -32.419  -67.840  -1.514 0.0000000000
8708  -33.160  -68.223  -1.085 0.0000000000
8709  -34.726  -67.053  -1.894 0.0000000000
8710  -35.362  -67.460  -1.444 0.0000000000
8711  -36.018  -67.919  -1.060 0.0000000000
8720  -29.552  -67.275  -3.257 0.0000000000
8721  -30.300  -67.636  -2.942 0.0000000000
8722  -31.131  -68.022  -2.541 0.0000000000
8723  -33.857  -67.063  -2.935 0.0000000000
8724  -34.422  -67.700  -2.642 0.0000000000
8725  -35.048  -67.797  -2.012 0.0000000000
8737  -26.524  -67.449  -3.136 0.0000000000
8738  -27.163  -67.258  -3.331 0.0000000000
8739  -27.980  -67.155  -3.448 0.0000000000
8740  -28.845  -66.999  -3.464 0.0000000000
8741  -33.166  -67.654  -3.934 0.0000000000
8742  -33.618  -67.813  -3.511 0.0000000000
8743  -34.223  -68.187  -3.102 0.0000000000
8755  -32.934  -68.023  -4.433 0.0000000000
8756  -33.396  -68.348  -3.970 0.0000000000
9115  -31.300  -65.941  14.158 0.0000000000
9116  -31.736  -65.793  14.150 0.0000000000
9122  -31.383  -66.390  13.968 0.0000000000
9123  -32.007  -66.232  13.935 0.0000000000
9124  -33.029  -66.401  13.485 0.0000000000
9135  -28.266  -67.081  11.427 0.0000000000
9136  -28.614  -66.534  11.522 0.0000000000
9141  -28.330  -67.240  11.078 0.0000000000
9142  -28.370  -66.948  10.769 0.0000000000
9146  -28.745  -66.798  9.947 0.0000000000
9147  -29.201  -67.046  9.464 0.0000000000
9154  -29.219  -66.524  9.464 0.0000000000
9155  -29.705  -66.725  8.931 0.0000000000
9156  -30.560  -67.154  8.461 0.0000000000
9165  -30.272  -66.273  8.235 0.0000000000
9166  -31.019  -66.700  7.492 0.0000000000
9176  -31.456  -66.665  6.311 0.0000000000
9184  -31.553  -66.627  5.192 0.0000000000
9191  -31.579  -66.621  4.149 0.0000000000
9199  -31.524  -66.632  3.199 0.0000000000
9205  -31.382  -66.814  2.082 0.0000000000
9206  -32.089  -67.246  1.880 0.0000000000
9214  -31.490  -66.458  0.941 0.0000000000
9215  -32.222  -67.031  1.295 0.0000000000
9216  -32.902  -67.194  1.320 0.0000000000
9226  -31.578  -66.265  0.042 0.0000000000
9227  -32.285  -66.724  0.438 0.0000000000
9228  -32.975  -67.120  0.810 0.0000000000
9237  -31.571  -66.352  -0.802 0.0000000000
9238  -32.291  -66.706  -0.426 0.0000000000
9239  -33.015  -67.083  -0.020 0.0000000000
9240  -35.490  -66.213  -0.554 0.0000000000
9241  -36.108  -66.736  -0.124 0.0000000000
9249  -30.770  -66.093  -1.874 0.0000000000
9250  -31.407  -66.608  -1.599 0.0000000000
9251  -32.109  -66.979  -1.245 0.0000000000
9252  -34.569  -66.105  -1.809 0.0000000000
9253  -35.108  -66.566  -1.251 0.0000000000
9272  -29.395  -66.481  -3.207 0.0000000000
9273  -30.129  -66.442  -2.742 0.0000000000
9274  -31.007  -66.981  -2.394 0.0000000000
9275  -33.803  -66.586  -2.899 0.0000000000
9276  -34.166  -66.591  -2.478 0.0000000000
9293  -27.479  -66.503  -3.410 0.0000000000
9294  -28.301  -66.397  -3.439 0.0000000000
9295  -28.944  -66.166  -3.327 0.0000000000
9296  -33.017  -67.183  -3.935 0.0000000000
9297  -33.480  -66.616  -3.360 0.0000000000
9676  -29.793  -65.285  15.513 0.0000000000
9677  -30.109  -65.090  15.420 0.0000000000
9682  -29.499  -65.683  15.460 0.0000000000
9683  -30.303  -65.690  14.760 0.0000000000
9684  -31.630  -65.297  14.322 0.0000000000
9685  -32.209  -64.909  14.266 0.0000000000
9691  -31.996  -65.687  14.124 0.0000000000
9692  -32.555  -65.417  14.034 0.0000000000
9711  -29.017  -66.097  10.801 0.0000000000
9712  -29.749  -65.302  10.464 0.0000000000
9718  -29.209  -65.990  9.846 0.0000000000
9719  -29.752  -65.320  9.510 0.0000000000
9727  -29.424  -66.014  9.209 0.0000000000
9728  -29.795  -65.529  8.581 0.0000000000
9736  -30.321  -65.423  7.541 0.0000000000
9737  -31.015  -65.796  6.844 0.0000000000
9748  -30.592  -65.025  6.659 0.0000000000
9749  -31.299  -65.385  5.930 0.0000000000
9757  -31.551  -65.571  4.790 0.0000000000
9768  -31.508  -65.684  3.718 0.0000000000
9781  -31.370  -65.846  2.760 0.0000000000
9792  -31.068  -65.818  2.062 0.0000000000
9801  -30.945  -65.892  1.326 0.0000000000
9809  -30.943  -65.828  0.457 0.0000000000
9816  -30.699  -65.295  -0.596 0.0000000000
9817  -30.897  -65.707  -0.399 0.0000000000
9833  -30.630  -65.383  -1.113 0.0000000000
9834  -31.029  -66.044  -1.141 0.0000000000
9835  -34.629  -65.516  -1.859 0.0000000000
9858  -28.313  -65.182  -3.008 0.0000000000
9859  -29.254  -65.577  -2.879 0.0000000000
9860  -30.121  -65.327  -2.037 0.0000000000
9861  -33.774  -66.127  -2.884 0.0000000000
9862  -34.257  -65.543  -2.498 0.0000000000
9879  -27.861  -65.786  -3.338 0.0000000000
9880  -28.633  -65.799  -3.264 0.0000000000
9881  -28.978  -65.831  -3.202 0.0000000000
10288  -30.390  -64.602  15.307 0.0000000000
10289  -31.032  -64.548  14.727 0.0000000000
10290  -31.869  -64.423  14.401 0.0000000000
10298  -32.589  -64.489  14.211 0.0000000000
10321  -30.321  -64.469  10.114 0.0000000000
10328  -30.213  -64.497  9.067 0.0000000000
10335  -30.007  -64.455  8.025 0.0000000000
10340  -29.974  -64.278  6.904 0.0000000000
10352  -30.567  -64.410  5.914 0.0000000000
10353  -31.041  -64.815  5.765 0.0000000000
10365  -30.709  -64.083  5.042 0.0000000000
10366  -31.168  -64.737  5.336 0.0000000000
10381  -30.748  -63.958  4.536 0.0000000000
10382  -31.190  -64.546  4.289 0.0000000000
10397  -31.285  -64.902  3.159 0.0000000000
10405  -31.187  -65.187  2.398 0.0000000000
10415  -30.981  -65.081  1.679 0.0000000000
10426  -30.699  -64.518  0.281 0.0000000000
10427  -30.778  -64.897  0.683 0.0000000000
10443  -30.623  -64.785  -0.291 0.0000000000
10444  -30.801  -65.310  0.118 0.0000000000
10465  -29.620  -64.085  -1.640 0.0000000000
10466  -30.119  -64.532  -1.391 0.0000000000
10490  -27.873  -64.475  -2.583 0.0000000000
10491  -28.760  -64.575  -2.490 0.0000000000
10492  -29.599  -64.666  -2.080 0.0000000000
10493  -29.959  -64.833  -1.847 0.0000000000
10986  -30.472  -63.476  8.649 0.0000000000
10993  -30.247  -63.461  7.597 0.0000000000
10998  -30.050  -63.302  6.792 0.0000000000
11009  -29.913  -63.525  6.075 0.0000000000
11022  -30.168  -63.655  5.378 0.0000000000
11032  -30.301  -63.459  4.599 0.0000000000
11033  -30.765  -63.819  4.131 0.0000000000
11048  -30.481  -63.273  3.706 0.0000000000
11049  -30.934  -64.008  3.413 0.0000000000
11061  -30.689  -63.323  2.758 0.0000000000
11062  -31.031  -64.274  2.333 0.0000000000
11076  -30.688  -63.311  1.630 0.0000000000
11077  -30.885  -64.284  1.261 0.0000000000
11092  -30.667  -63.888  0.470 0.0000000000
11093  -30.798  -64.349  0.801 0.0000000000
11108  -29.656  -63.257  -0.979 0.0000000000
11109  -30.189  -63.624  -0.600 0.0000000000
11127  -28.780  -63.296  -1.590 0.0000000000
11128  -29.387  -63.544  -1.447 0.0000000000
11129  -29.819  -63.791  -1.235 0.0000000000
11150  -29.102  -63.951  -1.955 0.0000000000
11586  -30.437  -62.504  7.215 0.0000000000
11591  -30.154  -62.566  6.260 0.0000000000
11605  -29.819  -62.712  5.244 0.0000000000
11617  -29.836  -62.609  4.107 0.0000000000
11631  -30.184  -62.591  3.112 0.0000000000
11642  -30.422  -62.691  2.291 0.0000000000
11650  -30.312  -62.463  1.652 0.0000000000
11664  -29.757  -62.007  0.423 0.0000000000
11665  -30.256  -62.536  0.716 0.0000000000
11681  -28.447  -62.170  -0.621 0.0000000000
11682  -29.540  -62.430  -0.374 0.0000000000
11683  -30.303  -63.031  -0.018 0.0000000000
11700  -28.692  -62.695  -1.086 0.0000000000
11701  -29.253  -62.990  -1.153 0.0000000000
12158  -30.239  -61.555  5.624 0.0000000000
12168  -29.463  -60.777  4.120 0.0000000000
12169  -29.684  -61.434  4.493 0.0000000000
12176  -29.192  -61.042  3.714 0.0000000000
12177  -29.524  -61.877  3.438 0.0000000000
12184  -28.265  -60.943  2.595 0.0000000000
12185  -28.880  -61.280  2.768 0.0000000000
12186  -29.861  -62.023  2.309 0.0000000000
12195  -28.344  -60.989  1.787 0.0000000000
12196  -29.405  -61.541  1.606 0.0000000000
12197  -30.015  -61.996  1.408 0.0000000000
12215  -27.982  -61.135  0.651 0.0000000000
12216  -29.156  -61.519  0.641 0.0000000000
12217  -29.809  -61.819  0.910 0.0000000000
12236  -28.653  -61.654  -0.069 0.0000000000
12716  -28.044  -60.269  3.164 0.0000000000
12717  -28.623  -60.430  3.435 0.0000000000
12726  -27.699  -60.508  2.674 0.0000000000
12727  -28.220  -60.810  3.025 0.0000000000
12745  -27.485  -60.650  2.027 0.0000000000
12767  -27.566  -60.778  1.434 0.0000000000
13248  -27.679  -59.850  3.067 0.0000000000
103829  -28.200  -70.023  17.064 0.0000000000
103830  -28.097  -70.428  16.944 0.0000000000
103831  -29.166  -69.747  15.540 0.0000000000
103833  -29.271  -70.051  15.473 0.0000000000
103834  -29.219  -70.359  15.475 0.0000000000
103835  -29.020  -69.056  15.435 0.0000000000
103838  -29.551  -70.304  15.095 0.0000000000
103844  -29.695  -66.697  14.540 0.0000000000
103850  -29.177  -66.421  15.326 0.0000000000
103944  -36.527  -69.201  13.394 0.0000000000
103945  -36.887  -68.885  13.145 0.0000000000
103946  -36.982  -69.222  13.045 0.0000000000
103947  -36.233  -68.588  13.102 0.0000000000
103948  -36.612  -69.489  12.897 0.0000000000
103949  -35.416  -69.877  12.112 0.0000000000
103950  -35.553  -68.384  12.618 0.0000000000
103951  -36.019  -69.767  12.504 0.0000000000
103952  -36.571  -69.626  12.333 0.0000000000
103954  -36.811  -68.605  12.640 0.0000000000
103955  -36.820  -69.138  12.460 0.0000000000
