#!ascii label  , from subject FREESURFER vox2ras=TkReg 
541
14336  -40.305  -57.241  -7.756 0.0000000000
14337  -41.224  -57.283  -7.685 0.0000000000
14338  -42.166  -57.328  -7.658 0.0000000000
14339  -43.096  -57.431  -7.618 0.0000000000
14340  -43.877  -57.462  -7.638 0.0000000000
14341  -44.247  -57.448  -7.744 0.0000000000
14846  -45.053  -57.037  -6.913 0.0000000000
14847  -45.488  -57.107  -6.880 0.0000000000
14848  -46.367  -57.090  -6.914 0.0000000000
14849  -47.043  -56.773  -6.978 0.0000000000
14860  -39.662  -56.730  -7.492 0.0000000000
14861  -40.661  -56.802  -7.318 0.0000000000
14862  -41.599  -56.919  -7.191 0.0000000000
14863  -42.548  -57.073  -7.119 0.0000000000
14864  -43.498  -57.153  -7.192 0.0000000000
14865  -44.584  -57.192  -7.234 0.0000000000
14866  -45.597  -57.257  -7.470 0.0000000000
14867  -46.500  -57.002  -7.498 0.0000000000
14868  -47.234  -56.503  -7.386 0.0000000000
14880  -38.260  -55.944  -7.790 0.0000000000
15375  -47.580  -55.727  -5.840 0.0000000000
15376  -48.625  -55.574  -5.658 0.0000000000
15377  -49.314  -55.454  -5.601 0.0000000000
15384  -45.026  -56.401  -6.763 0.0000000000
15385  -46.102  -56.390  -6.537 0.0000000000
15386  -46.994  -56.396  -6.529 0.0000000000
15387  -47.892  -56.053  -6.571 0.0000000000
15388  -48.999  -55.569  -6.133 0.0000000000
15396  -39.010  -55.665  -7.541 0.0000000000
15397  -40.146  -55.898  -7.243 0.0000000000
15398  -41.108  -56.049  -7.020 0.0000000000
15399  -42.046  -56.250  -6.835 0.0000000000
15400  -42.992  -56.503  -6.763 0.0000000000
15401  -43.868  -56.660  -6.892 0.0000000000
15402  -44.426  -56.700  -6.873 0.0000000000
15404  -47.921  -55.786  -7.318 0.0000000000
15405  -48.579  -55.672  -6.688 0.0000000000
15417  -37.752  -55.447  -7.992 0.0000000000
15418  -38.327  -55.360  -7.778 0.0000000000
15927  -46.252  -54.463  -5.635 0.0000000000
15928  -46.857  -54.809  -5.532 0.0000000000
15929  -48.084  -55.079  -5.053 0.0000000000
15930  -49.454  -55.183  -5.047 0.0000000000
15931  -50.723  -54.890  -5.273 0.0000000000
15932  -51.558  -54.586  -5.647 0.0000000000
15937  -41.839  -54.367  -6.749 0.0000000000
15938  -42.267  -54.462  -6.723 0.0000000000
15939  -43.203  -54.683  -6.733 0.0000000000
15940  -44.350  -55.052  -6.662 0.0000000000
15941  -45.806  -54.855  -6.201 0.0000000000
15942  -46.714  -55.693  -6.138 0.0000000000
15943  -49.893  -55.308  -5.770 0.0000000000
15944  -50.737  -54.751  -6.170 0.0000000000
15945  -51.508  -54.351  -6.164 0.0000000000
15955  -38.140  -53.941  -7.686 0.0000000000
15956  -38.770  -54.427  -7.582 0.0000000000
15957  -39.765  -54.690  -7.335 0.0000000000
15958  -40.707  -54.943  -7.060 0.0000000000
15959  -41.642  -54.965  -6.812 0.0000000000
15960  -42.591  -55.464  -6.737 0.0000000000
15961  -43.523  -55.788  -6.721 0.0000000000
15962  -44.231  -56.173  -6.747 0.0000000000
15965  -48.127  -54.907  -7.577 0.0000000000
15966  -49.380  -55.065  -6.741 0.0000000000
15967  -50.205  -54.652  -6.553 0.0000000000
15979  -37.068  -54.761  -8.062 0.0000000000
15980  -38.024  -54.659  -7.852 0.0000000000
15981  -38.549  -55.035  -7.708 0.0000000000
16481  -43.995  -53.082  -5.723 0.0000000000
16482  -44.905  -53.293  -5.302 0.0000000000
16483  -45.992  -53.850  -5.226 0.0000000000
16484  -47.201  -54.039  -4.753 0.0000000000
16485  -48.585  -54.184  -4.850 0.0000000000
16486  -50.048  -54.164  -4.944 0.0000000000
16487  -51.359  -54.007  -5.094 0.0000000000
16488  -51.721  -53.817  -5.880 0.0000000000
16495  -41.057  -53.039  -6.700 0.0000000000
16496  -41.673  -53.694  -6.717 0.0000000000
16497  -42.762  -53.676  -6.540 0.0000000000
16498  -43.743  -53.831  -6.435 0.0000000000
16499  -44.768  -53.873  -6.150 0.0000000000
16500  -45.411  -53.889  -5.723 0.0000000000
16501  -51.068  -54.262  -6.381 0.0000000000
16502  -51.193  -53.723  -6.457 0.0000000000
16514  -37.954  -53.482  -7.690 0.0000000000
16515  -38.460  -53.462  -7.544 0.0000000000
16516  -39.364  -53.538  -7.302 0.0000000000
16517  -40.490  -53.553  -6.963 0.0000000000
16518  -41.105  -54.300  -6.864 0.0000000000
16523  -48.932  -54.025  -7.505 0.0000000000
16524  -50.353  -54.061  -6.895 0.0000000000
16525  -50.770  -53.435  -6.827 0.0000000000
16537  -37.516  -53.733  -7.804 0.0000000000
16996  -44.342  -51.921  -4.547 0.0000000000
16997  -44.687  -52.039  -4.509 0.0000000000
16998  -45.337  -52.223  -4.521 0.0000000000
17002  -42.726  -52.071  -5.937 0.0000000000
17003  -43.208  -52.255  -5.657 0.0000000000
17004  -44.171  -52.230  -4.844 0.0000000000
17005  -45.194  -52.773  -4.712 0.0000000000
17006  -46.191  -52.824  -4.576 0.0000000000
17007  -47.541  -52.981  -4.758 0.0000000000
17008  -48.934  -53.126  -5.272 0.0000000000
17009  -50.386  -53.052  -5.514 0.0000000000
17010  -51.338  -53.215  -5.681 0.0000000000
17017  -40.162  -52.068  -6.670 0.0000000000
17018  -40.621  -52.442  -6.634 0.0000000000
17019  -41.524  -52.502  -6.487 0.0000000000
17020  -42.474  -52.535  -6.294 0.0000000000
17021  -43.252  -53.030  -6.178 0.0000000000
17022  -50.900  -52.351  -5.983 0.0000000000
17023  -51.167  -52.849  -6.354 0.0000000000
17034  -37.717  -52.852  -7.678 0.0000000000
17035  -38.823  -52.591  -7.343 0.0000000000
17036  -39.848  -52.538  -6.925 0.0000000000
17037  -40.301  -52.841  -6.833 0.0000000000
17044  -49.439  -52.996  -7.551 0.0000000000
17045  -50.439  -52.921  -7.246 0.0000000000
17046  -50.881  -52.959  -6.774 0.0000000000
17055  -37.187  -53.251  -7.804 0.0000000000
17056  -37.456  -53.266  -7.746 0.0000000000
17573  -43.573  -51.280  -4.339 0.0000000000
17574  -44.170  -51.507  -4.382 0.0000000000
17575  -44.978  -51.489  -4.451 0.0000000000
17576  -45.701  -51.923  -4.529 0.0000000000
17581  -41.857  -51.170  -5.801 0.0000000000
17582  -42.397  -51.555  -5.717 0.0000000000
17583  -43.315  -51.487  -4.866 0.0000000000
17584  -43.815  -51.614  -4.558 0.0000000000
17585  -45.588  -51.289  -4.628 0.0000000000
17586  -46.463  -51.712  -4.843 0.0000000000
17587  -47.864  -51.787  -5.358 0.0000000000
17588  -49.240  -52.077  -5.607 0.0000000000
17589  -50.135  -52.023  -5.852 0.0000000000
17594  -39.873  -51.707  -6.735 0.0000000000
17595  -40.406  -51.545  -6.507 0.0000000000
17596  -41.412  -51.436  -6.200 0.0000000000
17597  -41.973  -51.964  -6.245 0.0000000000
17598  -48.539  -51.273  -5.817 0.0000000000
17599  -49.395  -51.314  -6.080 0.0000000000
17600  -50.286  -51.471  -6.329 0.0000000000
17601  -50.819  -51.747  -6.668 0.0000000000
17611  -38.269  -51.652  -7.404 0.0000000000
17612  -39.256  -51.552  -7.053 0.0000000000
17622  -49.819  -52.072  -7.739 0.0000000000
17623  -50.747  -51.776  -7.389 0.0000000000
17635  -50.026  -51.354  -8.175 0.0000000000
17636  -50.589  -51.201  -8.178 0.0000000000
18183  -42.128  -50.274  -4.543 0.0000000000
18184  -42.672  -50.403  -4.115 0.0000000000
18185  -43.500  -50.686  -4.056 0.0000000000
18186  -44.359  -50.694  -4.269 0.0000000000
18187  -45.096  -50.663  -4.545 0.0000000000
18192  -40.981  -50.346  -5.737 0.0000000000
18193  -41.717  -50.600  -5.416 0.0000000000
18194  -42.612  -50.841  -4.789 0.0000000000
18195  -43.100  -51.012  -4.265 0.0000000000
18196  -45.777  -50.629  -4.900 0.0000000000
18197  -46.740  -50.450  -5.510 0.0000000000
18198  -47.785  -50.819  -5.829 0.0000000000
18205  -39.748  -50.774  -6.599 0.0000000000
18206  -40.717  -50.805  -6.223 0.0000000000
18207  -41.240  -50.751  -5.959 0.0000000000
18208  -47.488  -50.145  -6.076 0.0000000000
18209  -48.452  -50.490  -6.295 0.0000000000
18210  -49.556  -50.639  -6.530 0.0000000000
18211  -50.407  -50.744  -6.788 0.0000000000
18212  -50.909  -51.111  -7.140 0.0000000000
18220  -39.270  -50.999  -6.907 0.0000000000
18230  -50.683  -50.533  -7.281 0.0000000000
18231  -51.052  -50.773  -7.625 0.0000000000
18242  -50.083  -50.621  -8.519 0.0000000000
18243  -50.887  -50.707  -8.281 0.0000000000
18244  -55.641  -50.210  -7.301 0.0000000000
18245  -56.069  -50.347  -7.399 0.0000000000
18246  -56.459  -50.267  -7.903 0.0000000000
18262  -50.372  -50.255  -8.721 0.0000000000
18263  -50.704  -50.222  -8.788 0.0000000000
18264  -54.441  -50.491  -7.661 0.0000000000
18265  -55.308  -50.666  -7.515 0.0000000000
18266  -56.212  -50.860  -8.026 0.0000000000
18267  -56.336  -50.316  -8.392 0.0000000000
18277  -54.527  -50.914  -8.314 0.0000000000
18278  -55.607  -50.880  -8.587 0.0000000000
18279  -56.150  -50.465  -8.650 0.0000000000
18280  -56.266  -50.313  -8.622 0.0000000000
18886  -41.147  -49.213  -4.005 0.0000000000
18887  -41.844  -49.621  -4.027 0.0000000000
18888  -42.921  -49.712  -3.863 0.0000000000
18889  -43.830  -49.873  -4.141 0.0000000000
18890  -44.643  -49.855  -4.488 0.0000000000
18891  -45.244  -50.055  -4.758 0.0000000000
18899  -40.749  -49.549  -4.981 0.0000000000
18900  -41.647  -49.978  -4.709 0.0000000000
18901  -45.056  -49.583  -4.815 0.0000000000
18902  -45.615  -49.654  -5.200 0.0000000000
18903  -46.273  -49.395  -5.669 0.0000000000
18912  -40.430  -50.131  -5.998 0.0000000000
18913  -46.921  -49.487  -6.037 0.0000000000
18914  -47.761  -49.492  -6.402 0.0000000000
18915  -48.849  -49.677  -6.785 0.0000000000
18916  -49.672  -50.242  -6.863 0.0000000000
18930  -49.054  -49.262  -7.089 0.0000000000
18931  -49.759  -49.875  -7.281 0.0000000000
18932  -50.663  -50.068  -7.681 0.0000000000
18948  -51.367  -50.155  -8.160 0.0000000000
18949  -52.131  -49.912  -8.060 0.0000000000
18950  -52.461  -49.814  -8.040 0.0000000000
18951  -55.394  -50.042  -7.421 0.0000000000
18952  -55.773  -49.788  -7.562 0.0000000000
18953  -56.245  -49.762  -7.718 0.0000000000
18972  -51.282  -50.178  -8.967 0.0000000000
18973  -52.355  -50.373  -8.624 0.0000000000
18974  -53.332  -50.083  -8.044 0.0000000000
18975  -54.764  -49.894  -7.689 0.0000000000
18976  -55.388  -49.715  -7.630 0.0000000000
18977  -56.282  -49.795  -8.230 0.0000000000
18988  -53.577  -50.738  -9.408 0.0000000000
18989  -54.928  -50.737  -9.503 0.0000000000
18990  -55.796  -50.051  -9.295 0.0000000000
18991  -56.180  -50.110  -8.655 0.0000000000
19007  -54.265  -50.745  -11.131 0.0000000000
19008  -55.184  -50.148  -10.313 0.0000000000
19626  -40.873  -48.134  -3.247 0.0000000000
19627  -41.552  -48.142  -3.371 0.0000000000
19628  -41.917  -48.040  -3.486 0.0000000000
19641  -40.649  -48.752  -3.901 0.0000000000
19642  -41.387  -48.762  -3.609 0.0000000000
19643  -42.243  -48.616  -3.724 0.0000000000
19644  -43.475  -48.814  -4.270 0.0000000000
19645  -44.150  -49.353  -4.418 0.0000000000
19655  -43.962  -48.243  -4.808 0.0000000000
19656  -44.681  -48.870  -4.940 0.0000000000
19657  -45.703  -48.650  -5.646 0.0000000000
19658  -46.434  -48.867  -5.965 0.0000000000
19665  -46.275  -48.285  -6.122 0.0000000000
19666  -47.025  -48.665  -6.368 0.0000000000
19667  -47.926  -48.647  -6.716 0.0000000000
19668  -48.640  -48.880  -6.951 0.0000000000
19678  -48.275  -48.359  -7.089 0.0000000000
19679  -48.993  -48.694  -7.410 0.0000000000
19680  -49.919  -49.260  -7.818 0.0000000000
19681  -50.639  -49.530  -8.118 0.0000000000
19698  -49.429  -48.434  -7.981 0.0000000000
19699  -50.172  -48.750  -8.246 0.0000000000
19700  -51.161  -49.121  -8.385 0.0000000000
19701  -51.936  -49.411  -8.336 0.0000000000
19702  -52.470  -49.508  -8.276 0.0000000000
19703  -55.970  -49.485  -7.811 0.0000000000
19704  -56.107  -49.449  -8.004 0.0000000000
19723  -51.537  -48.811  -8.511 0.0000000000
19724  -51.978  -48.787  -8.590 0.0000000000
19725  -52.818  -48.968  -8.570 0.0000000000
19726  -54.000  -49.101  -8.526 0.0000000000
19727  -55.456  -49.197  -8.307 0.0000000000
19728  -56.048  -49.454  -8.258 0.0000000000
19746  -55.559  -48.945  -9.303 0.0000000000
19747  -55.985  -49.570  -8.647 0.0000000000
19765  -54.700  -49.448  -11.123 0.0000000000
19766  -55.289  -49.094  -10.219 0.0000000000
19786  -54.319  -49.528  -12.324 0.0000000000
19787  -54.437  -48.708  -12.719 0.0000000000
19812  -54.172  -50.035  -13.366 0.0000000000
19813  -54.383  -48.877  -13.714 0.0000000000
20391  -41.234  -47.390  -3.226 0.0000000000
20392  -41.705  -47.801  -3.419 0.0000000000
20413  -41.609  -46.997  -3.584 0.0000000000
20414  -42.166  -47.534  -3.850 0.0000000000
20415  -42.786  -48.157  -4.065 0.0000000000
20429  -42.694  -47.215  -4.447 0.0000000000
20430  -43.290  -47.641  -4.620 0.0000000000
20431  -44.414  -47.682  -5.458 0.0000000000
20432  -45.079  -48.165  -5.559 0.0000000000
20437  -44.795  -47.173  -5.949 0.0000000000
20438  -45.525  -47.520  -6.165 0.0000000000
20439  -46.674  -47.874  -6.512 0.0000000000
20440  -47.305  -48.156  -6.634 0.0000000000
20443  -45.738  -46.995  -6.712 0.0000000000
20444  -46.283  -47.238  -6.892 0.0000000000
20445  -47.515  -47.641  -7.177 0.0000000000
20446  -48.334  -48.043  -7.368 0.0000000000
20463  -47.754  -47.208  -7.822 0.0000000000
20464  -48.547  -47.594  -7.996 0.0000000000
20465  -49.642  -47.882  -8.398 0.0000000000
20466  -50.441  -48.198  -8.542 0.0000000000
20485  -49.196  -47.092  -8.836 0.0000000000
20486  -50.131  -47.388  -8.882 0.0000000000
20487  -51.172  -47.985  -8.853 0.0000000000
20488  -52.146  -47.997  -9.083 0.0000000000
20489  -53.158  -48.090  -9.153 0.0000000000
20490  -54.295  -47.973  -9.273 0.0000000000
20491  -55.102  -48.226  -9.359 0.0000000000
20509  -54.753  -47.398  -9.755 0.0000000000
20510  -55.158  -47.827  -10.110 0.0000000000
20525  -54.504  -48.898  -11.700 0.0000000000
20526  -54.742  -48.103  -11.271 0.0000000000
20548  -54.455  -48.590  -12.129 0.0000000000
20549  -54.611  -47.903  -12.661 0.0000000000
20571  -54.622  -47.824  -13.555 0.0000000000
20590  -54.638  -47.806  -14.402 0.0000000000
21132  -41.195  -46.527  -3.418 0.0000000000
21151  -41.768  -46.497  -4.164 0.0000000000
21152  -42.389  -46.881  -4.432 0.0000000000
21165  -42.285  -46.436  -4.875 0.0000000000
21166  -42.899  -46.809  -4.999 0.0000000000
21167  -43.704  -46.876  -5.533 0.0000000000
21168  -44.387  -46.960  -5.859 0.0000000000
21171  -44.136  -46.565  -6.066 0.0000000000
21172  -44.785  -46.650  -6.335 0.0000000000
21173  -45.399  -46.775  -6.631 0.0000000000
21175  -45.105  -46.382  -6.891 0.0000000000
21176  -45.690  -46.561  -7.274 0.0000000000
21177  -46.592  -46.837  -7.558 0.0000000000
21178  -47.265  -46.932  -7.821 0.0000000000
21190  -46.069  -46.318  -7.960 0.0000000000
21191  -46.748  -46.358  -8.293 0.0000000000
21192  -47.701  -46.715  -8.381 0.0000000000
21193  -48.439  -46.762  -8.740 0.0000000000
21207  -47.229  -46.050  -8.875 0.0000000000
21208  -47.989  -46.124  -9.111 0.0000000000
21209  -48.874  -46.214  -9.262 0.0000000000
21210  -49.790  -46.472  -9.305 0.0000000000
21211  -50.666  -46.824  -9.306 0.0000000000
21212  -51.558  -46.894  -9.382 0.0000000000
21213  -52.466  -47.142  -9.398 0.0000000000
21214  -53.322  -47.198  -9.474 0.0000000000
21229  -52.047  -46.508  -9.593 0.0000000000
21230  -52.698  -46.444  -9.766 0.0000000000
21231  -53.932  -46.636  -9.867 0.0000000000
21232  -54.798  -46.700  -10.301 0.0000000000
21247  -55.115  -46.818  -10.881 0.0000000000
21268  -55.066  -46.750  -11.936 0.0000000000
21283  -55.055  -46.846  -13.324 0.0000000000
21299  -54.876  -46.719  -14.635 0.0000000000
21875  -41.220  -46.033  -3.844 0.0000000000
21888  -40.930  -45.560  -4.140 0.0000000000
21889  -41.387  -45.871  -4.392 0.0000000000
21901  -41.192  -45.562  -4.692 0.0000000000
21902  -41.726  -45.746  -5.164 0.0000000000
21903  -42.683  -46.156  -5.501 0.0000000000
21904  -43.210  -46.475  -5.560 0.0000000000
21906  -41.751  -45.333  -5.832 0.0000000000
21907  -42.389  -45.417  -6.189 0.0000000000
21908  -43.526  -46.075  -6.154 0.0000000000
21909  -44.231  -46.299  -6.398 0.0000000000
21912  -42.475  -45.070  -6.819 0.0000000000
21913  -43.169  -45.213  -7.150 0.0000000000
21914  -44.428  -45.927  -7.032 0.0000000000
21915  -45.110  -46.175  -7.357 0.0000000000
21921  -43.351  -44.875  -7.933 0.0000000000
21922  -43.992  -45.195  -8.002 0.0000000000
21923  -45.299  -45.685  -8.192 0.0000000000
21924  -46.129  -45.955  -8.336 0.0000000000
21934  -45.713  -45.130  -8.866 0.0000000000
21935  -46.402  -45.481  -8.912 0.0000000000
21936  -47.465  -45.361  -9.377 0.0000000000
21937  -48.443  -45.345  -9.558 0.0000000000
21938  -49.529  -45.359  -9.712 0.0000000000
21939  -50.487  -45.922  -9.581 0.0000000000
21940  -51.049  -46.304  -9.512 0.0000000000
21948  -49.873  -44.794  -10.026 0.0000000000
21949  -50.403  -45.066  -9.995 0.0000000000
21950  -51.573  -45.710  -9.873 0.0000000000
21951  -52.945  -45.650  -10.334 0.0000000000
21952  -54.244  -45.711  -10.706 0.0000000000
21953  -54.963  -46.181  -10.733 0.0000000000
21964  -54.539  -45.240  -11.209 0.0000000000
21965  -55.212  -45.700  -11.299 0.0000000000
21986  -55.855  -45.660  -12.428 0.0000000000
22003  -55.863  -45.617  -13.676 0.0000000000
22004  -56.128  -45.064  -14.216 0.0000000000
22021  -55.226  -45.537  -14.933 0.0000000000
22022  -55.868  -44.956  -14.544 0.0000000000
22642  -40.673  -45.055  -5.059 0.0000000000
22643  -41.400  -45.268  -5.611 0.0000000000
22647  -40.291  -43.958  -6.240 0.0000000000
22648  -41.469  -44.861  -6.288 0.0000000000
22649  -42.130  -45.008  -6.654 0.0000000000
22653  -41.081  -43.922  -7.183 0.0000000000
22654  -42.155  -44.614  -7.285 0.0000000000
22655  -42.884  -44.647  -7.872 0.0000000000
22661  -41.707  -43.842  -7.860 0.0000000000
22662  -42.414  -44.022  -8.250 0.0000000000
22663  -43.420  -44.296  -8.584 0.0000000000
22664  -44.522  -44.673  -8.722 0.0000000000
22665  -45.285  -44.826  -8.911 0.0000000000
22674  -44.165  -43.861  -9.249 0.0000000000
22675  -45.019  -44.134  -9.354 0.0000000000
22676  -45.912  -44.502  -9.388 0.0000000000
22677  -46.919  -44.580  -9.605 0.0000000000
22678  -47.970  -44.416  -9.832 0.0000000000
22679  -48.906  -44.591  -9.950 0.0000000000
22680  -49.534  -44.580  -10.070 0.0000000000
22686  -48.662  -43.909  -10.170 0.0000000000
22687  -49.327  -43.974  -10.272 0.0000000000
22688  -50.070  -44.223  -10.301 0.0000000000
22689  -50.997  -44.469  -10.444 0.0000000000
22690  -52.111  -44.559  -10.684 0.0000000000
22691  -53.264  -44.828  -10.864 0.0000000000
22692  -54.007  -44.950  -11.200 0.0000000000
22700  -52.775  -44.096  -11.172 0.0000000000
22701  -53.563  -44.288  -11.411 0.0000000000
22702  -54.631  -44.629  -11.676 0.0000000000
22703  -55.634  -44.984  -11.930 0.0000000000
22719  -55.551  -44.328  -12.186 0.0000000000
22720  -56.413  -44.598  -12.394 0.0000000000
22721  -56.991  -44.396  -12.878 0.0000000000
22733  -56.642  -45.066  -12.912 0.0000000000
22734  -56.815  -44.612  -13.599 0.0000000000
22745  -55.719  -44.774  -14.797 0.0000000000
22746  -56.452  -44.496  -14.399 0.0000000000
22756  -55.232  -44.595  -15.455 0.0000000000
22757  -56.006  -44.355  -14.794 0.0000000000
23400  -43.498  -43.488  -9.237 0.0000000000
23410  -44.723  -43.315  -9.702 0.0000000000
23411  -45.655  -43.430  -9.856 0.0000000000
23412  -46.559  -43.757  -9.874 0.0000000000
23413  -47.337  -43.843  -9.957 0.0000000000
23421  -46.423  -43.034  -10.173 0.0000000000
23422  -47.174  -43.133  -10.216 0.0000000000
23423  -48.090  -43.340  -10.243 0.0000000000
23424  -49.025  -43.224  -10.388 0.0000000000
23425  -49.797  -43.329  -10.534 0.0000000000
23426  -50.634  -43.443  -10.753 0.0000000000
23427  -51.388  -43.804  -10.859 0.0000000000
23432  -51.295  -43.123  -11.131 0.0000000000
23433  -52.066  -43.466  -11.282 0.0000000000
23434  -53.054  -43.462  -11.760 0.0000000000
23435  -53.913  -43.863  -11.878 0.0000000000
23454  -53.799  -43.306  -12.282 0.0000000000
23455  -54.767  -43.718  -12.346 0.0000000000
23456  -56.115  -43.662  -12.734 0.0000000000
23457  -56.892  -44.024  -12.635 0.0000000000
23471  -56.589  -43.167  -13.207 0.0000000000
23472  -57.269  -43.559  -13.237 0.0000000000
23473  -57.721  -43.049  -13.486 0.0000000000
23484  -57.312  -43.868  -14.039 0.0000000000
23485  -57.862  -43.237  -13.854 0.0000000000
23495  -55.762  -43.563  -15.348 0.0000000000
23496  -56.664  -43.669  -14.645 0.0000000000
23497  -57.516  -43.391  -14.248 0.0000000000
24162  -45.147  -42.777  -10.084 0.0000000000
24172  -45.909  -42.392  -10.315 0.0000000000
24173  -46.886  -42.354  -10.382 0.0000000000
24174  -47.784  -42.396  -10.433 0.0000000000
24175  -48.668  -42.445  -10.527 0.0000000000
24176  -49.543  -42.435  -10.737 0.0000000000
24177  -50.194  -42.751  -10.850 0.0000000000
24181  -50.196  -42.117  -11.136 0.0000000000
24182  -50.825  -42.479  -11.264 0.0000000000
24183  -51.678  -42.488  -11.648 0.0000000000
24184  -52.415  -42.815  -11.855 0.0000000000
24204  -52.262  -42.243  -12.201 0.0000000000
24205  -53.178  -42.517  -12.575 0.0000000000
24206  -54.434  -42.949  -12.780 0.0000000000
24207  -55.222  -43.250  -12.824 0.0000000000
24220  -53.548  -42.028  -13.230 0.0000000000
24221  -54.240  -42.363  -13.303 0.0000000000
24222  -55.719  -42.683  -13.442 0.0000000000
24223  -57.021  -42.866  -13.522 0.0000000000
24224  -57.478  -42.982  -13.441 0.0000000000
24233  -56.157  -42.253  -13.916 0.0000000000
24234  -56.931  -42.221  -13.989 0.0000000000
24235  -57.632  -42.728  -13.699 0.0000000000
24246  -55.618  -43.039  -15.622 0.0000000000
24247  -56.866  -42.591  -15.019 0.0000000000
24248  -57.575  -42.877  -14.348 0.0000000000
24257  -56.093  -42.311  -15.427 0.0000000000
24963  -46.574  -41.547  -10.535 0.0000000000
24964  -47.452  -41.592  -10.574 0.0000000000
24965  -48.378  -41.525  -10.701 0.0000000000
24966  -49.107  -41.786  -10.781 0.0000000000
24972  -49.074  -41.125  -11.012 0.0000000000
24973  -49.760  -41.445  -11.190 0.0000000000
24974  -50.722  -41.442  -11.691 0.0000000000
24975  -51.235  -41.959  -11.715 0.0000000000
24995  -51.107  -40.958  -12.257 0.0000000000
24996  -51.777  -41.452  -12.407 0.0000000000
24997  -52.493  -41.930  -12.568 0.0000000000
25012  -52.336  -41.015  -13.126 0.0000000000
25013  -52.908  -41.546  -13.174 0.0000000000
25014  -54.144  -41.661  -13.807 0.0000000000
25015  -54.905  -42.144  -13.698 0.0000000000
25025  -54.840  -41.350  -14.299 0.0000000000
25026  -55.718  -41.869  -14.189 0.0000000000
25027  -56.778  -41.672  -14.606 0.0000000000
25040  -56.868  -41.740  -15.177 0.0000000000
25050  -56.000  -41.633  -15.633 0.0000000000
25738  -47.135  -40.838  -10.777 0.0000000000
25739  -47.858  -40.913  -10.802 0.0000000000
25746  -47.645  -40.201  -11.145 0.0000000000
25747  -48.518  -40.489  -11.176 0.0000000000
25748  -49.444  -40.451  -11.544 0.0000000000
25749  -50.151  -40.772  -11.707 0.0000000000
25764  -50.052  -40.123  -12.095 0.0000000000
25765  -50.676  -40.459  -12.283 0.0000000000
25766  -51.321  -40.465  -12.714 0.0000000000
25782  -51.947  -40.518  -13.219 0.0000000000
25783  -52.812  -40.584  -13.792 0.0000000000
25784  -53.431  -41.126  -13.817 0.0000000000
25797  -53.236  -40.206  -14.322 0.0000000000
25798  -54.079  -40.691  -14.456 0.0000000000
25799  -55.539  -41.105  -14.621 0.0000000000
25800  -56.324  -41.355  -14.660 0.0000000000
25813  -54.454  -40.297  -14.806 0.0000000000
25814  -55.170  -40.444  -14.904 0.0000000000
25815  -56.729  -40.694  -14.951 0.0000000000
25816  -56.747  -40.141  -15.281 0.0000000000
25825  -56.092  -40.665  -16.312 0.0000000000
25826  -56.774  -40.144  -15.544 0.0000000000
26573  -48.905  -39.767  -11.664 0.0000000000
26590  -49.513  -39.429  -12.200 0.0000000000
26591  -50.490  -39.417  -12.742 0.0000000000
26592  -51.004  -39.941  -12.767 0.0000000000
26608  -50.826  -38.974  -13.297 0.0000000000
26609  -51.458  -39.494  -13.495 0.0000000000
26610  -52.195  -40.033  -13.745 0.0000000000
26626  -51.873  -38.975  -14.221 0.0000000000
26627  -52.704  -39.503  -14.437 0.0000000000
26628  -53.514  -40.033  -14.571 0.0000000000
26638  -53.354  -38.996  -15.061 0.0000000000
26639  -54.180  -39.749  -15.064 0.0000000000
26640  -55.807  -39.902  -15.268 0.0000000000
26641  -56.715  -39.922  -15.356 0.0000000000
26642  -56.850  -39.747  -15.512 0.0000000000
26650  -56.774  -39.622  -16.334 0.0000000000
27401  -50.978  -38.648  -13.644 0.0000000000
27419  -51.396  -38.410  -14.184 0.0000000000
27420  -52.071  -38.419  -14.650 0.0000000000
27428  -52.811  -38.378  -15.117 0.0000000000
27429  -53.823  -38.398  -15.631 0.0000000000
27430  -55.154  -39.067  -15.657 0.0000000000
27431  -56.375  -39.347  -15.506 0.0000000000
27432  -56.873  -39.512  -15.470 0.0000000000
27438  -54.092  -37.830  -16.046 0.0000000000
27439  -54.775  -38.152  -16.033 0.0000000000
27440  -56.011  -38.537  -15.840 0.0000000000
27441  -57.179  -39.008  -15.568 0.0000000000
28213  -52.955  -37.500  -15.638 0.0000000000
28219  -53.611  -37.399  -16.028 0.0000000000
28220  -54.329  -37.340  -16.304 0.0000000000
