#!ascii label  , from subject FREESURFER vox2ras=TkReg 
815
93135  -8.615  47.853  -21.686 0.0000000000
93140  -8.121  47.170  -22.453 0.0000000000
93141  -8.886  47.953  -22.606 0.0000000000
93146  -8.519  47.425  -23.413 0.0000000000
93147  -8.992  48.153  -23.276 0.0000000000
93162  -8.372  47.639  -24.366 0.0000000000
93180  -7.557  47.558  -25.929 0.0000000000
93181  -7.948  47.581  -25.212 0.0000000000
93681  -9.006  48.393  -20.706 0.0000000000
93689  -9.278  48.647  -21.882 0.0000000000
93694  -9.347  48.738  -22.870 0.0000000000
93704  -8.773  48.121  -23.788 0.0000000000
93705  -9.117  48.701  -23.604 0.0000000000
93721  -8.771  48.726  -24.199 0.0000000000
93722  -9.117  49.108  -23.868 0.0000000000
93735  -7.740  48.480  -25.522 0.0000000000
93736  -8.220  48.547  -24.860 0.0000000000
93745  -6.651  48.570  -26.779 0.0000000000
93746  -7.281  48.483  -26.182 0.0000000000
93757  -5.849  48.758  -27.392 0.0000000000
94245  -10.261  49.818  -19.549 0.0000000000
94250  -9.684  49.208  -20.068 0.0000000000
94251  -10.202  49.941  -20.451 0.0000000000
94257  -9.664  49.372  -21.122 0.0000000000
94258  -10.160  50.207  -21.320 0.0000000000
94262  -9.796  49.779  -22.284 0.0000000000
94263  -10.136  50.570  -21.875 0.0000000000
94276  -9.383  49.515  -23.423 0.0000000000
94291  -8.542  49.491  -24.679 0.0000000000
94292  -9.051  49.587  -24.135 0.0000000000
94304  -7.478  49.365  -25.811 0.0000000000
94305  -8.010  49.406  -25.260 0.0000000000
94313  -5.625  49.964  -27.136 0.0000000000
94314  -6.218  49.619  -26.916 0.0000000000
94315  -6.944  49.412  -26.375 0.0000000000
94327  -5.112  49.613  -27.476 0.0000000000
94328  -5.766  49.493  -27.281 0.0000000000
94725  -10.798  50.374  -19.111 0.0000000000
94726  -11.295  50.978  -18.740 0.0000000000
94733  -10.590  50.492  -19.897 0.0000000000
94734  -10.998  51.048  -19.509 0.0000000000
94739  -10.522  50.792  -20.638 0.0000000000
94740  -10.722  51.065  -20.079 0.0000000000
94746  -10.373  50.970  -21.403 0.0000000000
94750  -9.991  50.990  -22.374 0.0000000000
94751  -10.232  51.021  -21.879 0.0000000000
94764  -9.617  50.573  -23.176 0.0000000000
94776  -8.852  50.546  -24.552 0.0000000000
94777  -9.333  50.292  -23.892 0.0000000000
94785  -7.625  50.410  -25.570 0.0000000000
94786  -8.275  50.225  -25.063 0.0000000000
94794  -3.828  50.995  -26.855 0.0000000000
94795  -4.683  50.956  -26.843 0.0000000000
94796  -5.649  50.682  -26.730 0.0000000000
94797  -6.547  50.394  -26.392 0.0000000000
94798  -7.139  50.075  -26.020 0.0000000000
94810  -4.326  50.355  -27.187 0.0000000000
94811  -5.126  50.372  -27.154 0.0000000000
95186  -11.646  51.574  -18.396 0.0000000000
95187  -12.003  52.124  -18.169 0.0000000000
95191  -11.520  51.822  -19.183 0.0000000000
95192  -11.800  52.015  -18.675 0.0000000000
95196  -10.703  51.308  -20.379 0.0000000000
95197  -10.993  51.673  -19.998 0.0000000000
95201  -10.645  51.723  -20.776 0.0000000000
95202  -11.023  52.157  -20.280 0.0000000000
95206  -9.864  51.852  -22.349 0.0000000000
95207  -10.224  51.652  -21.716 0.0000000000
95219  -9.553  51.625  -23.017 0.0000000000
95232  -8.688  51.619  -24.527 0.0000000000
95233  -9.292  51.348  -23.944 0.0000000000
95241  -6.306  52.173  -25.550 0.0000000000
95242  -7.072  51.637  -25.539 0.0000000000
95243  -8.092  51.346  -25.081 0.0000000000
95251  -3.671  51.303  -26.948 0.0000000000
95252  -4.154  51.520  -26.916 0.0000000000
95253  -5.064  51.578  -26.448 0.0000000000
95254  -6.001  51.527  -25.976 0.0000000000
95255  -6.920  50.829  -25.935 0.0000000000
95266  -3.756  51.682  -27.123 0.0000000000
95643  -12.840  53.270  -16.321 0.0000000000
95647  -12.439  52.797  -16.963 0.0000000000
95648  -12.990  53.299  -17.141 0.0000000000
95652  -12.675  52.807  -17.930 0.0000000000
95653  -13.150  53.347  -17.715 0.0000000000
95657  -11.724  52.300  -19.327 0.0000000000
95658  -12.104  52.529  -18.963 0.0000000000
95662  -11.568  52.550  -19.823 0.0000000000
95663  -12.133  52.998  -19.556 0.0000000000
95666  -10.489  52.606  -21.201 0.0000000000
95667  -11.034  52.643  -20.556 0.0000000000
95670  -9.457  52.523  -22.620 0.0000000000
95671  -9.956  52.544  -21.910 0.0000000000
95680  -8.295  52.996  -23.785 0.0000000000
95681  -8.892  52.498  -23.551 0.0000000000
95695  -7.156  52.990  -24.703 0.0000000000
95696  -7.914  52.672  -24.476 0.0000000000
95697  -8.809  52.075  -24.199 0.0000000000
95708  -5.073  52.828  -25.985 0.0000000000
95709  -5.545  52.643  -25.702 0.0000000000
95710  -6.732  52.798  -25.119 0.0000000000
95711  -7.510  52.142  -25.109 0.0000000000
95722  -4.143  51.901  -27.057 0.0000000000
95723  -4.803  52.417  -26.556 0.0000000000
95724  -5.219  52.068  -25.993 0.0000000000
95736  -3.645  52.030  -27.408 0.0000000000
95737  -4.720  52.686  -27.619 0.0000000000
96114  -14.127  54.033  -14.942 0.0000000000
96117  -13.472  53.621  -15.636 0.0000000000
96118  -14.152  54.115  -15.898 0.0000000000
96121  -13.509  53.692  -16.527 0.0000000000
96122  -14.083  54.170  -16.805 0.0000000000
96125  -13.514  53.727  -17.375 0.0000000000
96126  -14.003  54.272  -17.640 0.0000000000
96130  -12.724  53.035  -18.650 0.0000000000
96131  -13.338  53.669  -18.389 0.0000000000
96132  -13.979  54.483  -18.285 0.0000000000
96136  -12.650  53.278  -19.237 0.0000000000
96137  -13.113  54.048  -19.454 0.0000000000
96141  -11.480  53.130  -20.366 0.0000000000
96142  -12.176  53.686  -20.117 0.0000000000
96143  -12.875  54.520  -20.008 0.0000000000
96146  -10.197  53.427  -21.501 0.0000000000
96147  -11.136  53.648  -20.899 0.0000000000
96148  -11.822  54.405  -20.725 0.0000000000
96152  -8.060  53.591  -22.991 0.0000000000
96153  -8.773  53.342  -22.715 0.0000000000
96154  -9.534  53.319  -22.073 0.0000000000
96160  -7.025  53.653  -23.891 0.0000000000
96161  -7.708  53.470  -23.629 0.0000000000
96162  -8.379  53.191  -23.336 0.0000000000
96173  -6.216  53.930  -24.900 0.0000000000
96174  -6.799  53.465  -24.498 0.0000000000
96175  -7.402  53.356  -24.151 0.0000000000
96189  -5.255  53.246  -26.063 0.0000000000
96190  -5.927  53.740  -25.454 0.0000000000
96191  -6.388  53.489  -24.980 0.0000000000
96207  -5.267  53.336  -26.956 0.0000000000
96208  -5.931  53.925  -26.482 0.0000000000
96225  -5.496  53.386  -28.030 0.0000000000
96226  -5.925  53.973  -27.460 0.0000000000
96238  -5.819  54.126  -28.254 0.0000000000
96586  -14.546  54.625  -14.266 0.0000000000
96593  -14.756  54.841  -15.212 0.0000000000
96594  -15.107  55.414  -15.314 0.0000000000
96597  -14.643  54.691  -16.259 0.0000000000
96598  -15.095  55.286  -15.869 0.0000000000
96602  -14.533  54.736  -17.084 0.0000000000
96603  -14.980  55.243  -16.652 0.0000000000
96607  -14.522  54.982  -17.825 0.0000000000
96608  -14.833  55.248  -17.261 0.0000000000
96612  -13.720  54.538  -18.934 0.0000000000
96613  -14.223  55.103  -18.537 0.0000000000
96617  -13.430  54.992  -19.593 0.0000000000
96618  -13.918  55.230  -19.077 0.0000000000
96622  -12.449  54.875  -20.498 0.0000000000
96623  -13.024  55.166  -20.146 0.0000000000
96626  -9.636  54.620  -21.628 0.0000000000
96627  -10.416  54.511  -21.420 0.0000000000
96628  -11.331  54.809  -21.105 0.0000000000
96629  -11.926  55.057  -20.881 0.0000000000
96632  -6.226  54.725  -22.971 0.0000000000
96633  -6.934  54.442  -22.595 0.0000000000
96634  -7.979  54.177  -22.435 0.0000000000
96635  -9.021  54.171  -21.991 0.0000000000
96636  -9.746  53.992  -21.678 0.0000000000
96638  -6.001  54.608  -23.629 0.0000000000
96639  -6.755  54.002  -23.299 0.0000000000
96640  -7.455  53.866  -22.931 0.0000000000
96643  -6.102  54.399  -24.420 0.0000000000
96644  -6.464  53.970  -23.921 0.0000000000
96650  -6.355  54.667  -25.234 0.0000000000
96651  -6.758  55.173  -25.500 0.0000000000
96660  -6.697  54.752  -26.124 0.0000000000
96661  -6.787  55.012  -25.709 0.0000000000
96678  -6.518  54.647  -27.133 0.0000000000
96699  -6.183  54.600  -27.897 0.0000000000
97026  -14.766  55.503  -13.776 0.0000000000
97027  -15.009  55.988  -14.112 0.0000000000
97030  -14.819  55.155  -14.484 0.0000000000
97031  -15.105  55.707  -14.693 0.0000000000
97035  -15.325  55.887  -15.491 0.0000000000
97039  -15.330  55.879  -16.276 0.0000000000
97043  -14.892  55.547  -17.601 0.0000000000
97044  -15.180  55.817  -17.104 0.0000000000
97051  -14.764  55.852  -18.140 0.0000000000
97052  -15.062  55.912  -17.613 0.0000000000
97058  -13.845  55.936  -19.364 0.0000000000
97059  -14.254  55.718  -18.792 0.0000000000
97062  -12.826  55.890  -20.439 0.0000000000
97063  -13.326  55.704  -19.919 0.0000000000
97066  -7.713  55.754  -21.696 0.0000000000
97067  -8.810  55.725  -21.631 0.0000000000
97068  -9.852  55.509  -21.587 0.0000000000
97069  -10.881  55.595  -21.406 0.0000000000
97070  -11.676  55.677  -21.113 0.0000000000
97071  -12.229  55.591  -20.792 0.0000000000
97073  -5.108  56.012  -22.541 0.0000000000
97074  -6.120  55.259  -22.311 0.0000000000
97075  -7.261  54.955  -21.986 0.0000000000
97076  -8.319  54.915  -21.827 0.0000000000
97077  -9.135  54.967  -21.666 0.0000000000
97079  -4.788  55.890  -23.011 0.0000000000
97080  -5.429  55.399  -23.133 0.0000000000
97083  -4.759  55.801  -23.394 0.0000000000
97084  -5.252  55.256  -24.068 0.0000000000
97085  -5.912  55.652  -24.459 0.0000000000
97088  -6.005  55.056  -24.654 0.0000000000
97089  -6.649  55.516  -25.039 0.0000000000
97092  -7.050  55.268  -26.284 0.0000000000
97093  -7.157  55.541  -25.896 0.0000000000
97110  -7.062  55.581  -26.772 0.0000000000
97111  -7.319  56.067  -26.350 0.0000000000
97132  -5.873  55.847  -28.577 0.0000000000
97133  -6.418  55.544  -27.868 0.0000000000
97459  -15.143  56.493  -14.242 0.0000000000
97468  -15.406  56.551  -14.981 0.0000000000
97477  -15.510  56.603  -15.819 0.0000000000
97488  -15.394  56.590  -16.664 0.0000000000
97498  -14.902  56.728  -18.104 0.0000000000
97499  -15.172  56.508  -17.506 0.0000000000
97507  -13.939  56.851  -19.266 0.0000000000
97508  -14.413  56.566  -18.703 0.0000000000
97515  -12.836  56.875  -20.451 0.0000000000
97516  -13.390  56.640  -19.879 0.0000000000
97519  -4.980  57.559  -21.827 0.0000000000
97520  -5.585  57.231  -21.704 0.0000000000
97521  -6.841  56.721  -21.606 0.0000000000
97522  -8.252  56.677  -21.564 0.0000000000
97523  -9.433  56.610  -21.603 0.0000000000
97524  -10.466  56.550  -21.543 0.0000000000
97525  -11.354  56.542  -21.324 0.0000000000
97526  -12.188  56.521  -20.908 0.0000000000
97529  -4.905  57.052  -22.180 0.0000000000
97530  -5.790  56.266  -21.907 0.0000000000
97531  -6.723  55.736  -21.831 0.0000000000
97534  -4.540  56.590  -23.016 0.0000000000
97535  -4.692  56.849  -23.668 0.0000000000
97536  -5.471  56.965  -24.015 0.0000000000
97539  -4.559  56.060  -23.794 0.0000000000
97540  -5.238  56.192  -24.181 0.0000000000
97541  -6.434  56.476  -24.447 0.0000000000
97544  -7.331  56.390  -25.213 0.0000000000
97552  -7.495  56.581  -25.998 0.0000000000
97570  -6.755  56.615  -27.445 0.0000000000
97571  -7.301  56.670  -26.692 0.0000000000
97589  -5.989  56.794  -28.275 0.0000000000
97914  -15.480  57.392  -15.281 0.0000000000
97925  -15.517  57.392  -16.177 0.0000000000
97936  -15.334  57.370  -17.018 0.0000000000
97946  -14.744  57.406  -18.249 0.0000000000
97947  -15.079  57.343  -17.714 0.0000000000
97957  -13.682  57.621  -19.411 0.0000000000
97958  -14.268  57.551  -18.810 0.0000000000
97969  -12.426  57.670  -20.642 0.0000000000
97970  -13.104  57.696  -20.031 0.0000000000
97978  -4.624  57.862  -21.932 0.0000000000
97979  -5.224  58.009  -21.653 0.0000000000
97980  -6.264  57.898  -21.519 0.0000000000
97981  -7.594  57.728  -21.503 0.0000000000
97982  -8.907  57.642  -21.546 0.0000000000
97983  -10.071  57.587  -21.546 0.0000000000
97984  -10.993  57.469  -21.407 0.0000000000
97985  -11.711  57.476  -21.128 0.0000000000
97987  -4.572  57.689  -22.444 0.0000000000
97990  -4.485  57.602  -23.014 0.0000000000
97991  -5.121  57.679  -23.486 0.0000000000
97992  -6.502  57.670  -23.876 0.0000000000
97993  -7.666  58.084  -24.205 0.0000000000
97996  -7.444  57.278  -24.652 0.0000000000
97997  -8.194  58.040  -24.914 0.0000000000
98000  -7.768  57.351  -25.479 0.0000000000
98001  -8.273  58.213  -25.712 0.0000000000
98012  -7.726  57.608  -26.316 0.0000000000
98013  -8.110  58.460  -26.296 0.0000000000
98029  -6.358  57.525  -27.781 0.0000000000
98030  -7.077  57.731  -27.199 0.0000000000
98047  -5.675  57.998  -28.269 0.0000000000
98360  -15.358  58.174  -16.531 0.0000000000
98367  -14.910  58.710  -17.557 0.0000000000
98368  -15.105  58.199  -17.391 0.0000000000
98374  -14.653  58.411  -18.114 0.0000000000
98375  -14.906  57.838  -17.871 0.0000000000
98383  -13.347  58.570  -19.437 0.0000000000
98384  -13.954  58.473  -18.888 0.0000000000
98395  -11.244  58.961  -21.094 0.0000000000
98396  -11.740  58.639  -20.868 0.0000000000
98397  -12.671  58.808  -20.020 0.0000000000
98408  -4.402  58.136  -22.112 0.0000000000
98409  -4.807  58.645  -21.854 0.0000000000
98410  -5.727  58.909  -21.423 0.0000000000
98411  -6.900  58.860  -21.413 0.0000000000
98412  -8.250  58.705  -21.423 0.0000000000
98413  -9.554  58.633  -21.427 0.0000000000
98414  -10.804  58.648  -21.280 0.0000000000
98415  -11.344  58.049  -21.222 0.0000000000
98418  -4.523  58.252  -22.467 0.0000000000
98419  -5.211  59.108  -22.546 0.0000000000
98420  -6.192  59.336  -22.871 0.0000000000
98424  -4.805  58.301  -22.975 0.0000000000
98425  -5.760  58.531  -23.192 0.0000000000
98426  -7.303  58.929  -23.469 0.0000000000
98427  -8.296  58.808  -24.357 0.0000000000
98431  -8.685  59.017  -25.174 0.0000000000
98432  -8.836  59.614  -25.278 0.0000000000
98435  -8.522  59.111  -26.025 0.0000000000
98436  -8.727  59.539  -25.590 0.0000000000
98447  -7.634  58.463  -26.795 0.0000000000
98448  -8.046  59.106  -26.628 0.0000000000
98459  -6.284  58.581  -27.846 0.0000000000
98460  -7.067  58.863  -27.370 0.0000000000
98461  -7.583  59.176  -27.063 0.0000000000
98478  -5.527  58.903  -28.336 0.0000000000
98756  -15.132  58.886  -16.842 0.0000000000
98764  -14.763  59.414  -17.377 0.0000000000
98765  -15.014  58.808  -17.304 0.0000000000
98770  -13.602  60.208  -18.635 0.0000000000
98771  -14.042  59.606  -18.429 0.0000000000
98777  -12.645  60.068  -19.584 0.0000000000
98778  -13.093  59.809  -19.278 0.0000000000
98779  -13.591  59.098  -18.986 0.0000000000
98787  -10.461  59.919  -20.893 0.0000000000
98788  -11.011  59.591  -20.869 0.0000000000
98789  -12.223  59.870  -20.019 0.0000000000
98790  -12.664  59.479  -19.763 0.0000000000
98805  -5.684  60.040  -21.710 0.0000000000
98806  -6.223  60.074  -21.013 0.0000000000
98807  -7.482  59.846  -21.105 0.0000000000
98808  -8.849  59.631  -21.202 0.0000000000
98809  -10.136  59.643  -21.110 0.0000000000
98810  -10.701  59.290  -21.149 0.0000000000
98822  -6.050  60.215  -22.462 0.0000000000
98823  -6.997  59.925  -22.900 0.0000000000
98829  -7.775  59.916  -23.314 0.0000000000
98830  -8.520  59.784  -24.002 0.0000000000
98831  -8.963  60.291  -24.418 0.0000000000
98834  -8.666  59.359  -24.616 0.0000000000
98835  -8.985  59.916  -24.874 0.0000000000
98837  -8.649  59.999  -26.034 0.0000000000
98838  -8.867  60.084  -25.498 0.0000000000
98847  -8.264  59.845  -26.529 0.0000000000
98862  -6.428  59.610  -27.786 0.0000000000
98863  -7.146  59.797  -27.454 0.0000000000
98864  -7.765  59.825  -27.003 0.0000000000
98880  -4.868  59.672  -28.474 0.0000000000
98881  -5.706  59.600  -28.178 0.0000000000
99165  -13.430  60.675  -18.669 0.0000000000
99173  -12.608  60.574  -19.487 0.0000000000
99174  -13.056  61.045  -18.986 0.0000000000
99181  -5.202  63.577  -20.447 0.0000000000
99182  -6.118  63.052  -20.177 0.0000000000
99183  -7.462  61.940  -20.346 0.0000000000
99184  -8.781  61.284  -20.537 0.0000000000
99185  -10.111  60.568  -20.649 0.0000000000
99186  -11.230  60.774  -20.241 0.0000000000
99187  -12.020  61.120  -19.752 0.0000000000
99200  -5.071  63.200  -21.461 0.0000000000
99201  -5.769  61.839  -20.964 0.0000000000
99202  -6.729  61.183  -20.563 0.0000000000
99203  -8.098  60.675  -20.768 0.0000000000
99204  -9.350  60.318  -20.899 0.0000000000
99205  -9.910  60.166  -20.915 0.0000000000
99219  -5.530  62.736  -21.742 0.0000000000
99220  -5.821  61.777  -21.988 0.0000000000
99221  -7.089  61.029  -22.757 0.0000000000
99222  -7.901  61.280  -23.020 0.0000000000
99230  -7.526  60.386  -23.085 0.0000000000
99231  -8.219  60.765  -23.355 0.0000000000
99232  -9.016  60.757  -24.050 0.0000000000
99238  -9.126  60.809  -24.712 0.0000000000
99242  -8.666  60.820  -25.881 0.0000000000
99243  -8.986  60.798  -25.305 0.0000000000
99248  -7.626  61.072  -26.841 0.0000000000
99249  -8.214  60.789  -26.467 0.0000000000
99266  -5.466  60.880  -27.803 0.0000000000
99267  -6.284  60.654  -27.627 0.0000000000
99268  -7.223  60.743  -27.244 0.0000000000
99269  -7.864  60.434  -26.829 0.0000000000
99287  -3.954  60.606  -28.426 0.0000000000
99288  -4.977  60.573  -28.139 0.0000000000
99289  -5.808  60.263  -27.951 0.0000000000
99563  -12.511  61.596  -19.244 0.0000000000
99568  -7.165  63.256  -20.275 0.0000000000
99569  -8.270  62.420  -20.327 0.0000000000
99570  -9.408  61.928  -20.347 0.0000000000
99571  -10.486  61.744  -20.232 0.0000000000
99572  -11.379  61.855  -19.882 0.0000000000
99573  -12.015  62.104  -19.479 0.0000000000
99592  -5.485  63.087  -21.682 0.0000000000
99593  -6.080  62.910  -21.914 0.0000000000
99594  -6.907  62.217  -22.423 0.0000000000
99595  -7.784  61.803  -22.840 0.0000000000
99602  -8.370  61.675  -23.236 0.0000000000
99603  -8.933  61.620  -23.749 0.0000000000
99613  -9.177  61.618  -24.460 0.0000000000
99622  -8.703  61.674  -25.656 0.0000000000
99623  -9.096  61.641  -25.106 0.0000000000
99628  -7.650  61.745  -26.623 0.0000000000
99629  -8.256  61.706  -26.216 0.0000000000
99643  -4.498  61.936  -27.608 0.0000000000
99644  -5.360  61.637  -27.517 0.0000000000
99645  -6.298  61.631  -27.281 0.0000000000
99646  -7.041  61.722  -26.994 0.0000000000
99669  -3.976  61.584  -27.968 0.0000000000
99670  -4.851  61.317  -27.789 0.0000000000
99969  -11.879  63.207  -19.247 0.0000000000
99970  -12.393  62.774  -18.919 0.0000000000
99976  -8.081  63.300  -20.303 0.0000000000
99977  -8.925  62.978  -20.313 0.0000000000
99978  -9.904  62.768  -20.260 0.0000000000
99979  -10.808  62.707  -19.988 0.0000000000
99980  -11.640  62.780  -19.522 0.0000000000
99981  -12.030  62.544  -19.339 0.0000000000
100004  -8.009  62.697  -22.705 0.0000000000
100005  -8.584  63.223  -22.977 0.0000000000
100017  -8.293  62.160  -23.034 0.0000000000
100018  -8.790  62.621  -23.416 0.0000000000
100028  -9.213  62.529  -24.217 0.0000000000
100035  -8.823  62.569  -25.452 0.0000000000
100036  -9.190  62.515  -24.892 0.0000000000
100042  -7.696  62.639  -26.427 0.0000000000
100043  -8.331  62.626  -26.001 0.0000000000
100049  -4.686  62.619  -27.559 0.0000000000
100050  -5.550  62.544  -27.359 0.0000000000
100051  -6.340  62.563  -27.109 0.0000000000
100052  -7.036  62.614  -26.800 0.0000000000
100073  -3.024  62.585  -28.197 0.0000000000
100074  -3.832  62.635  -27.752 0.0000000000
100336  -11.942  63.712  -19.046 0.0000000000
100342  -7.708  64.126  -20.450 0.0000000000
100343  -8.585  63.897  -20.396 0.0000000000
100344  -9.456  63.729  -20.303 0.0000000000
100345  -10.318  63.631  -20.044 0.0000000000
100346  -11.039  63.536  -19.705 0.0000000000
100347  -11.520  63.608  -19.382 0.0000000000
100365  -8.227  63.959  -22.525 0.0000000000
100375  -9.052  63.747  -23.273 0.0000000000
100383  -9.379  63.544  -24.025 0.0000000000
100385  -9.064  63.435  -25.287 0.0000000000
100386  -9.299  63.416  -24.722 0.0000000000
100389  -7.879  63.624  -26.328 0.0000000000
100390  -8.553  63.594  -25.828 0.0000000000
100395  -4.975  63.446  -27.657 0.0000000000
100396  -5.764  63.418  -27.408 0.0000000000
100397  -6.472  63.492  -27.099 0.0000000000
100398  -7.152  63.565  -26.706 0.0000000000
100418  -3.231  63.577  -28.223 0.0000000000
100419  -4.072  63.552  -27.847 0.0000000000
100678  -11.177  65.041  -19.359 0.0000000000
100679  -11.489  64.482  -19.213 0.0000000000
100680  -12.008  64.462  -18.738 0.0000000000
100683  -8.403  64.806  -20.497 0.0000000000
100684  -9.134  64.631  -20.382 0.0000000000
100685  -9.922  64.579  -20.133 0.0000000000
100686  -10.774  64.542  -19.661 0.0000000000
100687  -11.194  64.029  -19.499 0.0000000000
100706  -7.776  64.906  -22.296 0.0000000000
100707  -8.411  65.011  -22.614 0.0000000000
100718  -9.018  64.744  -23.061 0.0000000000
100726  -9.451  64.605  -23.811 0.0000000000
100729  -9.271  63.988  -25.120 0.0000000000
100730  -9.454  64.557  -24.753 0.0000000000
100736  -8.247  64.725  -26.341 0.0000000000
100737  -9.015  64.597  -25.605 0.0000000000
100738  -9.335  65.137  -25.272 0.0000000000
100749  -5.305  64.103  -27.709 0.0000000000
100750  -5.950  64.389  -27.479 0.0000000000
100751  -6.675  64.421  -27.120 0.0000000000
100752  -7.423  64.592  -26.754 0.0000000000
100772  -2.758  64.593  -28.815 0.0000000000
100773  -3.497  64.552  -28.305 0.0000000000
100774  -4.506  64.501  -27.995 0.0000000000
100775  -5.260  64.821  -27.779 0.0000000000
101020  -8.937  65.384  -20.436 0.0000000000
101021  -9.555  65.457  -20.241 0.0000000000
101022  -10.257  65.506  -19.889 0.0000000000
101028  -7.030  65.375  -22.213 0.0000000000
101041  -6.997  66.121  -22.356 0.0000000000
101042  -7.860  65.806  -22.506 0.0000000000
101043  -8.692  65.686  -22.992 0.0000000000
101052  -9.239  65.574  -23.567 0.0000000000
101054  -9.472  65.589  -24.287 0.0000000000
101060  -9.437  65.690  -25.003 0.0000000000
101068  -8.241  65.356  -26.505 0.0000000000
101069  -8.562  65.689  -26.286 0.0000000000
101070  -9.129  65.718  -25.590 0.0000000000
101082  -6.312  64.971  -27.396 0.0000000000
101083  -6.839  65.536  -27.349 0.0000000000
101084  -7.906  65.655  -26.832 0.0000000000
101085  -8.261  66.181  -26.666 0.0000000000
101100  -2.834  65.590  -28.571 0.0000000000
101101  -3.723  65.561  -28.287 0.0000000000
101102  -4.732  65.580  -28.054 0.0000000000
101103  -5.823  65.556  -27.707 0.0000000000
101104  -6.350  66.060  -27.653 0.0000000000
101328  -7.744  65.108  -20.572 0.0000000000
101329  -8.439  65.790  -20.488 0.0000000000
101330  -9.184  66.217  -20.393 0.0000000000
101331  -9.894  66.382  -20.114 0.0000000000
101343  -6.028  65.906  -22.199 0.0000000000
101344  -6.584  66.717  -22.443 0.0000000000
101345  -7.383  66.782  -22.561 0.0000000000
101346  -8.310  66.726  -22.915 0.0000000000
101347  -8.904  66.303  -23.373 0.0000000000
101353  -8.784  66.987  -23.455 0.0000000000
101354  -9.251  66.590  -23.912 0.0000000000
101359  -9.391  66.561  -24.664 0.0000000000
101367  -9.299  66.580  -25.331 0.0000000000
101375  -8.504  66.700  -26.494 0.0000000000
101376  -8.977  66.604  -25.971 0.0000000000
101389  -6.691  66.577  -27.672 0.0000000000
101390  -7.397  66.573  -27.339 0.0000000000
101391  -8.032  66.690  -26.927 0.0000000000
101404  -2.294  66.587  -28.882 0.0000000000
101405  -2.972  66.576  -28.353 0.0000000000
101406  -3.994  66.560  -28.253 0.0000000000
101407  -5.133  66.541  -28.185 0.0000000000
101408  -6.044  66.569  -27.958 0.0000000000
101600  -4.693  65.118  -21.020 0.0000000000
101601  -5.316  65.076  -20.590 0.0000000000
101602  -6.547  64.663  -20.535 0.0000000000
101603  -7.744  66.235  -20.550 0.0000000000
101604  -8.694  66.923  -20.523 0.0000000000
101605  -9.515  67.249  -20.278 0.0000000000
101610  -4.910  65.947  -21.646 0.0000000000
101611  -5.084  66.892  -22.135 0.0000000000
101622  -5.831  67.223  -22.407 0.0000000000
101623  -6.719  67.566  -22.528 0.0000000000
101624  -7.633  67.707  -22.762 0.0000000000
101625  -8.390  67.730  -23.235 0.0000000000
101632  -8.960  67.627  -23.765 0.0000000000
101633  -9.287  67.493  -24.379 0.0000000000
101639  -9.408  67.444  -25.038 0.0000000000
101648  -9.237  67.442  -25.678 0.0000000000
101655  -8.308  67.540  -26.758 0.0000000000
101656  -8.851  67.497  -26.256 0.0000000000
101669  -6.422  67.207  -27.995 0.0000000000
101670  -7.034  67.510  -27.721 0.0000000000
101671  -7.736  67.518  -27.261 0.0000000000
101683  -2.033  67.479  -29.229 0.0000000000
101684  -2.407  67.512  -28.570 0.0000000000
101685  -3.270  67.567  -28.423 0.0000000000
101686  -4.458  67.553  -28.474 0.0000000000
101687  -5.698  67.546  -28.318 0.0000000000
101688  -6.469  67.862  -28.102 0.0000000000
101909  -4.653  66.852  -20.697 0.0000000000
101910  -5.704  66.742  -20.598 0.0000000000
101911  -6.984  67.117  -20.593 0.0000000000
101912  -8.121  67.735  -20.586 0.0000000000
101913  -9.038  68.134  -20.373 0.0000000000
101919  -4.129  67.148  -21.106 0.0000000000
101920  -4.394  67.615  -21.661 0.0000000000
101932  -5.002  68.014  -22.167 0.0000000000
101933  -5.912  68.338  -22.420 0.0000000000
101934  -6.901  68.589  -22.632 0.0000000000
101935  -7.779  68.747  -23.138 0.0000000000
101946  -8.538  68.527  -23.631 0.0000000000
101947  -9.030  68.394  -24.146 0.0000000000
101960  -9.286  68.331  -24.765 0.0000000000
101970  -9.312  68.231  -25.384 0.0000000000
101977  -8.631  68.402  -26.464 0.0000000000
101978  -9.115  68.277  -25.935 0.0000000000
101991  -7.457  68.379  -27.542 0.0000000000
101992  -8.037  68.432  -27.035 0.0000000000
102004  -2.077  68.156  -28.816 0.0000000000
102005  -2.656  68.577  -28.627 0.0000000000
102006  -3.757  68.630  -28.616 0.0000000000
102007  -4.996  68.598  -28.526 0.0000000000
102008  -6.085  68.596  -28.242 0.0000000000
102009  -6.857  68.467  -27.894 0.0000000000
102020  -2.207  68.749  -28.999 0.0000000000
102236  -3.316  69.912  -20.525 0.0000000000
102237  -3.869  68.899  -20.683 0.0000000000
102238  -5.017  68.429  -20.542 0.0000000000
102239  -6.325  68.484  -20.534 0.0000000000
102240  -7.571  68.777  -20.512 0.0000000000
102241  -8.515  69.004  -20.297 0.0000000000
102244  -3.284  69.730  -20.687 0.0000000000
102245  -3.595  68.944  -21.158 0.0000000000
102246  -4.255  68.972  -21.762 0.0000000000
102255  -5.055  69.180  -22.247 0.0000000000
102256  -6.058  69.459  -22.491 0.0000000000
102257  -7.098  69.637  -22.864 0.0000000000
102258  -7.664  69.477  -23.217 0.0000000000
102271  -7.598  69.960  -23.262 0.0000000000
102272  -8.182  69.564  -23.564 0.0000000000
102273  -8.699  69.094  -23.968 0.0000000000
102289  -8.676  69.742  -24.017 0.0000000000
102290  -8.923  69.239  -24.505 0.0000000000
102302  -8.908  69.565  -25.408 0.0000000000
102303  -9.110  69.108  -25.213 0.0000000000
102313  -8.860  69.281  -25.906 0.0000000000
102314  -9.124  68.725  -25.610 0.0000000000
102326  -7.225  70.034  -27.551 0.0000000000
102327  -7.628  69.405  -27.354 0.0000000000
102328  -8.318  69.337  -26.708 0.0000000000
102339  -3.172  69.842  -28.498 0.0000000000
102340  -4.316  69.674  -28.452 0.0000000000
102341  -5.519  69.582  -28.322 0.0000000000
102342  -6.699  69.519  -27.904 0.0000000000
102343  -7.197  68.943  -27.701 0.0000000000
102351  -2.349  68.978  -29.532 0.0000000000
102352  -2.572  69.573  -29.131 0.0000000000
102358  -2.665  69.461  -30.336 0.0000000000
102572  -8.547  70.663  -19.838 0.0000000000
102575  -3.091  70.441  -20.608 0.0000000000
102576  -3.441  70.216  -20.457 0.0000000000
102577  -4.424  69.895  -20.345 0.0000000000
102578  -5.753  69.824  -20.408 0.0000000000
102579  -7.055  69.937  -20.403 0.0000000000
102580  -8.245  70.171  -20.159 0.0000000000
102581  -8.744  69.769  -19.994 0.0000000000
102584  -2.934  70.306  -20.936 0.0000000000
102585  -3.533  70.251  -21.518 0.0000000000
102586  -4.335  69.912  -22.003 0.0000000000
102597  -4.073  70.727  -22.005 0.0000000000
102598  -5.048  70.414  -22.358 0.0000000000
102599  -6.260  70.537  -22.639 0.0000000000
102600  -7.206  70.617  -23.046 0.0000000000
102611  -7.909  70.517  -23.432 0.0000000000
102612  -8.437  70.442  -23.791 0.0000000000
102624  -8.752  70.326  -24.448 0.0000000000
102625  -8.940  69.722  -24.932 0.0000000000
102636  -8.756  70.239  -25.334 0.0000000000
102637  -8.932  69.667  -25.186 0.0000000000
102647  -7.878  71.077  -26.653 0.0000000000
102648  -8.314  70.465  -26.357 0.0000000000
102658  -6.768  70.608  -27.676 0.0000000000
102659  -7.582  70.590  -27.109 0.0000000000
102660  -8.034  69.965  -26.921 0.0000000000
102671  -3.129  70.926  -28.429 0.0000000000
102672  -3.751  70.734  -28.248 0.0000000000
102673  -4.860  70.560  -28.219 0.0000000000
102674  -5.916  70.505  -28.105 0.0000000000
102682  -2.796  70.680  -28.829 0.0000000000
102688  -2.905  70.595  -29.905 0.0000000000
102693  -2.900  70.636  -31.093 0.0000000000
102868  -8.362  71.200  -19.750 0.0000000000
102869  -8.645  71.664  -19.196 0.0000000000
102872  -2.848  71.388  -20.767 0.0000000000
102873  -3.155  71.314  -20.520 0.0000000000
102874  -3.997  71.176  -20.444 0.0000000000
102875  -5.259  71.079  -20.400 0.0000000000
102876  -6.562  71.086  -20.342 0.0000000000
102877  -7.648  71.102  -20.156 0.0000000000
102881  -2.859  71.404  -21.220 0.0000000000
102882  -3.454  71.471  -21.743 0.0000000000
102891  -4.321  71.502  -22.222 0.0000000000
102892  -5.430  71.505  -22.529 0.0000000000
102893  -6.584  71.521  -22.809 0.0000000000
102894  -7.702  71.519  -23.287 0.0000000000
102895  -8.160  72.008  -23.492 0.0000000000
102905  -8.200  70.990  -23.579 0.0000000000
102906  -8.497  71.461  -23.873 0.0000000000
102915  -8.658  71.392  -24.794 0.0000000000
102922  -8.426  71.445  -25.643 0.0000000000
102931  -7.505  71.605  -26.812 0.0000000000
102932  -8.017  71.628  -26.323 0.0000000000
102938  -5.179  71.702  -27.897 0.0000000000
102939  -5.962  71.485  -27.781 0.0000000000
102940  -6.916  71.496  -27.352 0.0000000000
102947  -2.880  71.469  -28.510 0.0000000000
102948  -3.195  71.610  -28.052 0.0000000000
102949  -4.319  71.648  -27.960 0.0000000000
102950  -5.278  71.178  -28.013 0.0000000000
102953  -2.912  71.581  -29.359 0.0000000000
102959  -3.010  71.608  -30.684 0.0000000000
102964  -3.106  71.529  -31.568 0.0000000000
103083  -7.705  72.760  -19.304 0.0000000000
103084  -8.187  72.305  -19.275 0.0000000000
103088  -2.836  72.377  -20.607 0.0000000000
103089  -3.600  72.374  -20.440 0.0000000000
103090  -4.792  72.268  -20.395 0.0000000000
103091  -6.068  72.174  -20.264 0.0000000000
103092  -7.297  72.212  -19.826 0.0000000000
103093  -7.925  71.727  -19.781 0.0000000000
103097  -2.597  72.364  -20.961 0.0000000000
103098  -2.901  72.500  -21.441 0.0000000000
103099  -3.693  72.926  -21.654 0.0000000000
103105  -3.691  72.228  -21.934 0.0000000000
103106  -4.647  72.512  -22.199 0.0000000000
103107  -5.850  72.445  -22.502 0.0000000000
103108  -6.986  72.478  -22.744 0.0000000000
103109  -7.870  72.528  -23.158 0.0000000000
103116  -8.355  72.505  -23.672 0.0000000000
103122  -8.526  72.393  -24.364 0.0000000000
103125  -8.477  72.390  -25.168 0.0000000000
103133  -7.595  72.634  -26.565 0.0000000000
103134  -8.213  72.497  -25.921 0.0000000000
103141  -5.055  72.511  -27.802 0.0000000000
103142  -6.321  72.418  -27.482 0.0000000000
103143  -7.081  72.256  -27.078 0.0000000000
103151  -2.953  72.525  -28.565 0.0000000000
103152  -3.427  72.462  -27.875 0.0000000000
103153  -4.118  72.447  -27.825 0.0000000000
103156  -3.208  72.527  -30.036 0.0000000000
103164  -3.299  72.511  -31.213 0.0000000000
103237  -8.219  73.796  -18.358 0.0000000000
103245  -6.309  73.974  -19.576 0.0000000000
103246  -7.234  73.343  -19.254 0.0000000000
103247  -7.913  73.156  -18.847 0.0000000000
103248  -8.420  73.029  -18.597 0.0000000000
103251  -2.597  73.054  -20.811 0.0000000000
103252  -3.362  73.519  -20.518 0.0000000000
103253  -4.390  73.431  -20.308 0.0000000000
103254  -5.599  73.214  -20.132 0.0000000000
103255  -6.566  73.000  -19.853 0.0000000000
103260  -2.471  72.979  -21.109 0.0000000000
103261  -3.011  73.676  -21.121 0.0000000000
103262  -4.670  73.663  -21.605 0.0000000000
103263  -5.559  74.105  -21.660 0.0000000000
103266  -5.319  73.045  -22.174 0.0000000000
103267  -6.178  73.517  -22.159 0.0000000000
103268  -7.472  73.392  -22.660 0.0000000000
103269  -8.171  73.301  -23.251 0.0000000000
103272  -8.478  73.290  -23.965 0.0000000000
103274  -8.438  73.261  -24.765 0.0000000000
103276  -8.289  73.281  -25.506 0.0000000000
103282  -6.560  74.040  -27.016 0.0000000000
103283  -7.266  73.795  -26.585 0.0000000000
103284  -7.923  73.498  -26.097 0.0000000000
103291  -4.682  73.558  -27.789 0.0000000000
103292  -5.764  73.629  -27.547 0.0000000000
103293  -6.857  73.140  -27.125 0.0000000000
103301  -3.375  73.665  -28.487 0.0000000000
103302  -3.156  73.415  -27.993 0.0000000000
103303  -3.911  73.174  -27.766 0.0000000000
103306  -3.376  73.445  -29.518 0.0000000000
103316  -3.431  73.380  -30.541 0.0000000000
103317  -3.721  73.554  -30.769 0.0000000000
103345  -5.834  75.330  -18.015 0.0000000000
103346  -6.302  75.111  -17.931 0.0000000000
103355  -4.988  75.382  -19.254 0.0000000000
103356  -5.659  75.169  -18.832 0.0000000000
103357  -6.797  74.338  -18.650 0.0000000000
103358  -7.562  73.841  -18.572 0.0000000000
103363  -3.769  74.064  -20.295 0.0000000000
103364  -4.309  74.683  -19.920 0.0000000000
103365  -5.266  74.201  -19.901 0.0000000000
103370  -3.619  74.101  -20.490 0.0000000000
103371  -3.914  74.812  -20.814 0.0000000000
103372  -5.191  74.868  -21.330 0.0000000000
103373  -6.251  75.124  -21.482 0.0000000000
103376  -6.129  74.422  -21.704 0.0000000000
103377  -7.160  74.613  -22.120 0.0000000000
103378  -7.910  74.046  -22.835 0.0000000000
103381  -7.798  74.889  -22.985 0.0000000000
103382  -8.209  74.096  -23.518 0.0000000000
103384  -7.838  74.942  -23.889 0.0000000000
103385  -8.271  74.117  -24.361 0.0000000000
103388  -7.679  74.926  -24.829 0.0000000000
103389  -8.109  74.049  -25.199 0.0000000000
103392  -6.708  74.669  -26.560 0.0000000000
103393  -7.411  74.721  -25.886 0.0000000000
103394  -7.997  73.893  -25.696 0.0000000000
103397  -2.961  74.994  -27.892 0.0000000000
103398  -3.230  74.940  -27.791 0.0000000000
103399  -4.440  74.624  -27.615 0.0000000000
103400  -5.820  74.937  -27.010 0.0000000000
103405  -3.120  74.609  -28.107 0.0000000000
103406  -3.545  74.109  -27.983 0.0000000000
103407  -4.130  73.857  -27.884 0.0000000000
103413  -3.580  74.525  -29.194 0.0000000000
103423  -3.639  73.961  -30.142 0.0000000000
103424  -3.721  73.825  -30.489 0.0000000000
103450  -4.886  75.922  -18.644 0.0000000000
103451  -5.359  75.628  -18.292 0.0000000000
103459  -4.226  75.770  -19.884 0.0000000000
103460  -5.814  76.171  -20.794 0.0000000000
103461  -6.148  76.258  -20.833 0.0000000000
103467  -4.687  75.712  -20.725 0.0000000000
103468  -5.657  75.879  -20.988 0.0000000000
103469  -6.824  75.941  -21.375 0.0000000000
103473  -7.531  75.915  -22.359 0.0000000000
103476  -7.606  75.972  -23.377 0.0000000000
103479  -7.389  75.957  -24.308 0.0000000000
103482  -6.437  76.268  -25.686 0.0000000000
103483  -6.846  75.972  -25.312 0.0000000000
103485  -5.420  76.308  -26.484 0.0000000000
103486  -6.191  75.935  -26.255 0.0000000000
103487  -6.864  75.509  -25.837 0.0000000000
103490  -3.045  75.434  -27.869 0.0000000000
103491  -3.522  75.779  -27.429 0.0000000000
103492  -4.892  75.992  -26.834 0.0000000000
103493  -5.682  75.606  -26.728 0.0000000000
103496  -3.309  75.650  -28.553 0.0000000000
103521  -4.399  76.742  -19.053 0.0000000000
103522  -4.924  76.975  -19.490 0.0000000000
103530  -4.739  76.315  -20.075 0.0000000000
103531  -5.575  76.404  -20.402 0.0000000000
103536  -5.170  76.099  -20.634 0.0000000000
103537  -5.439  76.124  -20.727 0.0000000000
103544  -7.216  77.170  -23.867 0.0000000000
103547  -6.335  77.823  -24.794 0.0000000000
103548  -6.788  76.978  -24.554 0.0000000000
103551  -5.419  77.934  -25.693 0.0000000000
103552  -6.145  76.998  -25.430 0.0000000000
103553  -6.521  76.893  -25.001 0.0000000000
103557  -5.088  77.061  -26.334 0.0000000000
103558  -5.702  76.929  -25.886 0.0000000000
103563  -3.805  76.948  -27.218 0.0000000000
103564  -4.404  76.960  -26.754 0.0000000000
105540  -5.557  63.632  -21.684 0.0000000000
105541  -5.576  63.436  -20.217 0.0000000000
105542  -6.517  63.592  -20.308 0.0000000000
105543  -6.450  63.224  -21.964 0.0000000000
105544  -6.320  63.656  -21.866 0.0000000000
105545  -7.019  63.247  -22.141 0.0000000000
105546  -6.988  64.413  -22.043 0.0000000000
105547  -6.387  65.125  -22.071 0.0000000000
105548  -6.033  63.774  -20.306 0.0000000000
105549  -5.864  64.765  -21.884 0.0000000000
105550  -5.712  63.832  -20.361 0.0000000000
105551  -5.026  64.468  -21.585 0.0000000000
105552  -6.063  65.240  -22.077 0.0000000000
