#!ascii label  , from subject FREESURFER vox2ras=TkReg 
839
56385  -61.635  -5.162  -31.717 0.0000000000
56410  -61.038  -5.279  -32.263 0.0000000000
56411  -61.500  -4.784  -32.229 0.0000000000
57333  -61.985  -4.415  -30.399 0.0000000000
57354  -52.967  -4.007  -30.295 0.0000000000
57355  -53.917  -3.926  -30.220 0.0000000000
57356  -54.792  -3.974  -30.085 0.0000000000
57357  -55.302  -4.035  -29.934 0.0000000000
57358  -62.072  -4.434  -31.286 0.0000000000
57376  -61.810  -4.393  -32.019 0.0000000000
57401  -60.297  -4.747  -32.793 0.0000000000
57402  -61.140  -4.521  -32.601 0.0000000000
57403  -61.521  -4.395  -32.358 0.0000000000
58300  -56.299  -3.762  -30.003 0.0000000000
58301  -57.063  -3.483  -30.103 0.0000000000
58302  -58.106  -3.357  -29.836 0.0000000000
58303  -58.998  -3.223  -29.824 0.0000000000
58304  -59.965  -3.347  -29.668 0.0000000000
58305  -61.069  -3.470  -29.712 0.0000000000
58306  -61.709  -3.601  -30.311 0.0000000000
58321  -49.389  -3.348  -30.654 0.0000000000
58322  -50.452  -3.622  -30.632 0.0000000000
58323  -51.459  -3.639  -30.670 0.0000000000
58324  -52.445  -3.453  -30.699 0.0000000000
58325  -53.546  -3.103  -30.826 0.0000000000
58326  -54.669  -3.279  -30.619 0.0000000000
58327  -55.686  -3.520  -30.313 0.0000000000
58328  -56.435  -3.397  -30.294 0.0000000000
58329  -62.238  -3.514  -30.964 0.0000000000
58339  -50.205  -2.870  -30.967 0.0000000000
58340  -51.019  -2.907  -31.029 0.0000000000
58341  -51.929  -2.849  -31.040 0.0000000000
58342  -52.787  -2.717  -31.079 0.0000000000
58343  -53.306  -2.561  -31.152 0.0000000000
58344  -62.157  -3.586  -31.835 0.0000000000
58368  -59.495  -3.993  -33.133 0.0000000000
58369  -60.589  -3.913  -33.080 0.0000000000
58370  -61.530  -3.809  -32.603 0.0000000000
59225  -57.115  -3.111  -30.421 0.0000000000
59226  -57.565  -3.023  -30.400 0.0000000000
59227  -58.495  -2.852  -30.320 0.0000000000
59228  -59.511  -2.805  -30.233 0.0000000000
59229  -60.579  -2.884  -30.211 0.0000000000
59230  -61.393  -2.989  -30.371 0.0000000000
59245  -48.787  -2.739  -30.893 0.0000000000
59246  -53.770  -2.219  -31.281 0.0000000000
59247  -54.556  -2.402  -31.137 0.0000000000
59248  -55.573  -2.565  -30.955 0.0000000000
59249  -56.790  -2.776  -30.699 0.0000000000
59250  -57.955  -2.352  -30.825 0.0000000000
59251  -59.015  -2.187  -30.755 0.0000000000
59252  -60.130  -2.204  -30.739 0.0000000000
59253  -61.214  -2.233  -30.691 0.0000000000
59254  -62.101  -2.428  -30.886 0.0000000000
59255  -62.520  -1.882  -31.470 0.0000000000
59267  -47.888  -1.951  -31.148 0.0000000000
59268  -48.643  -2.039  -31.224 0.0000000000
59269  -49.591  -2.266  -31.200 0.0000000000
59270  -50.625  -2.123  -31.230 0.0000000000
59271  -51.529  -2.085  -31.229 0.0000000000
59272  -52.399  -2.053  -31.304 0.0000000000
59273  -53.146  -2.077  -31.365 0.0000000000
59274  -62.434  -2.639  -31.570 0.0000000000
59275  -62.602  -1.886  -32.091 0.0000000000
59297  -59.800  -3.115  -33.410 0.0000000000
59298  -60.981  -3.029  -33.411 0.0000000000
59299  -62.014  -2.584  -32.680 0.0000000000
59300  -62.260  -1.724  -32.726 0.0000000000
59323  -58.921  -2.236  -33.396 0.0000000000
59324  -60.075  -2.145  -33.490 0.0000000000
59325  -61.158  -1.983  -33.520 0.0000000000
59326  -61.857  -1.623  -33.263 0.0000000000
59327  -62.189  -1.276  -33.079 0.0000000000
60155  -53.659  -1.492  -31.444 0.0000000000
60156  -54.413  -1.453  -31.413 0.0000000000
60157  -55.372  -1.554  -31.353 0.0000000000
60158  -56.410  -1.670  -31.315 0.0000000000
60159  -57.481  -1.640  -31.298 0.0000000000
60160  -58.546  -1.503  -31.279 0.0000000000
60161  -59.651  -1.461  -31.307 0.0000000000
60162  -60.798  -1.407  -31.184 0.0000000000
60163  -61.773  -1.361  -31.093 0.0000000000
60164  -62.306  -1.305  -31.380 0.0000000000
60178  -46.411  -1.185  -31.119 0.0000000000
60179  -47.338  -1.358  -31.211 0.0000000000
60180  -48.345  -1.221  -31.392 0.0000000000
60181  -49.288  -1.249  -31.457 0.0000000000
60182  -50.259  -1.270  -31.437 0.0000000000
60183  -51.197  -1.240  -31.347 0.0000000000
60184  -52.089  -1.233  -31.374 0.0000000000
60185  -53.012  -1.188  -31.504 0.0000000000
60186  -62.540  -1.206  -31.833 0.0000000000
60204  -62.431  -1.146  -32.542 0.0000000000
60223  -58.031  -1.378  -33.542 0.0000000000
60224  -59.190  -1.256  -33.544 0.0000000000
60225  -60.301  -1.152  -33.573 0.0000000000
60226  -61.241  -1.037  -33.616 0.0000000000
60227  -61.890  -0.914  -33.465 0.0000000000
60228  -62.231  -0.802  -33.133 0.0000000000
61167  -53.982  -0.440  -31.483 0.0000000000
61168  -55.136  -0.493  -31.426 0.0000000000
61169  -56.146  -0.592  -31.431 0.0000000000
61170  -57.143  -0.653  -31.486 0.0000000000
61171  -58.148  -0.631  -31.526 0.0000000000
61172  -59.193  -0.582  -31.642 0.0000000000
61173  -60.318  -0.502  -31.607 0.0000000000
61174  -61.387  -0.405  -31.431 0.0000000000
61175  -62.095  -0.434  -31.460 0.0000000000
61176  -62.392  -0.490  -31.752 0.0000000000
61187  -46.020  -0.474  -31.520 0.0000000000
61188  -46.999  -0.488  -31.565 0.0000000000
61189  -47.982  -0.402  -31.624 0.0000000000
61190  -48.975  -0.306  -31.617 0.0000000000
61191  -49.952  -0.315  -31.545 0.0000000000
61192  -50.907  -0.330  -31.452 0.0000000000
61193  -51.832  -0.345  -31.454 0.0000000000
61194  -52.673  -0.414  -31.490 0.0000000000
61195  -53.241  -0.471  -31.505 0.0000000000
61196  -62.490  -0.489  -32.248 0.0000000000
61211  -62.359  -0.500  -32.838 0.0000000000
61232  -56.000  -0.602  -33.623 0.0000000000
61233  -57.160  -0.488  -33.658 0.0000000000
61234  -58.334  -0.376  -33.718 0.0000000000
61235  -59.489  -0.274  -33.723 0.0000000000
61236  -60.543  -0.200  -33.753 0.0000000000
61237  -61.415  -0.200  -33.631 0.0000000000
61238  -62.016  -0.338  -33.405 0.0000000000
61239  -62.238  -0.467  -33.175 0.0000000000
62171  -53.468  1.039  -31.448 0.0000000000
62172  -54.122  0.826  -31.422 0.0000000000
62173  -54.984  0.613  -31.433 0.0000000000
62174  -55.944  0.480  -31.446 0.0000000000
62175  -56.895  0.374  -31.514 0.0000000000
62176  -57.848  0.333  -31.540 0.0000000000
62177  -58.814  0.361  -31.690 0.0000000000
62178  -59.853  0.453  -31.741 0.0000000000
62179  -60.926  0.603  -31.601 0.0000000000
62180  -61.871  0.714  -31.579 0.0000000000
62181  -62.277  0.233  -31.736 0.0000000000
62190  -45.706  0.341  -31.928 0.0000000000
62191  -46.649  0.260  -31.986 0.0000000000
62192  -47.611  0.336  -31.976 0.0000000000
62193  -48.643  0.709  -31.878 0.0000000000
62194  -49.667  0.664  -31.662 0.0000000000
62195  -50.644  0.618  -31.584 0.0000000000
62196  -51.601  0.605  -31.578 0.0000000000
62197  -52.623  0.623  -31.528 0.0000000000
62198  -53.341  0.190  -31.476 0.0000000000
62199  -62.274  1.081  -31.958 0.0000000000
62200  -62.451  0.271  -32.103 0.0000000000
62209  -45.626  1.117  -32.207 0.0000000000
62210  -46.354  1.025  -32.346 0.0000000000
62211  -47.253  1.008  -32.397 0.0000000000
62212  -48.103  1.139  -32.200 0.0000000000
62213  -48.564  1.251  -32.067 0.0000000000
62214  -62.164  1.032  -32.590 0.0000000000
62215  -62.336  0.137  -32.724 0.0000000000
62235  -55.211  0.349  -33.559 0.0000000000
62236  -56.310  0.454  -33.579 0.0000000000
62237  -57.502  0.559  -33.689 0.0000000000
62238  -58.703  0.641  -33.775 0.0000000000
62239  -59.831  0.718  -33.882 0.0000000000
62240  -60.832  0.751  -33.870 0.0000000000
62241  -61.774  0.626  -33.360 0.0000000000
62242  -62.211  -0.126  -33.160 0.0000000000
63080  -53.211  1.731  -31.416 0.0000000000
63081  -54.084  1.811  -31.336 0.0000000000
63082  -54.945  1.731  -31.394 0.0000000000
63083  -55.831  1.565  -31.469 0.0000000000
63084  -56.720  1.405  -31.497 0.0000000000
63085  -57.613  1.309  -31.576 0.0000000000
63086  -58.521  1.300  -31.667 0.0000000000
63087  -59.466  1.377  -31.720 0.0000000000
63088  -60.436  1.534  -31.682 0.0000000000
63089  -61.313  1.729  -31.693 0.0000000000
63098  -48.815  1.368  -31.985 0.0000000000
63099  -49.416  1.687  -31.903 0.0000000000
63100  -50.419  1.569  -31.697 0.0000000000
63101  -51.342  1.544  -31.617 0.0000000000
63102  -52.281  1.596  -31.543 0.0000000000
63103  -61.841  1.924  -31.912 0.0000000000
63109  -45.272  1.769  -32.172 0.0000000000
63110  -46.084  1.829  -32.420 0.0000000000
63111  -46.933  1.821  -32.489 0.0000000000
63112  -47.795  1.839  -32.381 0.0000000000
63113  -48.660  1.840  -32.193 0.0000000000
63114  -49.191  2.207  -32.133 0.0000000000
63115  -61.885  2.016  -32.385 0.0000000000
63128  -54.474  1.140  -33.508 0.0000000000
63129  -55.427  1.378  -33.401 0.0000000000
63130  -56.669  1.555  -33.455 0.0000000000
63131  -57.944  1.646  -33.585 0.0000000000
63132  -59.131  1.685  -33.787 0.0000000000
63133  -60.149  1.748  -34.024 0.0000000000
63134  -60.993  1.816  -33.695 0.0000000000
63135  -61.650  1.947  -33.100 0.0000000000
63944  -52.923  2.607  -31.360 0.0000000000
63945  -53.916  2.709  -31.272 0.0000000000
63946  -54.917  2.814  -31.278 0.0000000000
63947  -55.839  2.695  -31.367 0.0000000000
63948  -56.652  2.424  -31.494 0.0000000000
63949  -57.457  2.266  -31.563 0.0000000000
63950  -58.295  2.210  -31.625 0.0000000000
63951  -59.176  2.257  -31.664 0.0000000000
63952  -60.049  2.380  -31.621 0.0000000000
63953  -60.851  2.587  -31.645 0.0000000000
63962  -49.616  2.653  -32.019 0.0000000000
63963  -50.305  2.503  -31.782 0.0000000000
63964  -51.116  2.418  -31.603 0.0000000000
63965  -51.972  2.473  -31.488 0.0000000000
63966  -61.436  2.812  -31.816 0.0000000000
63974  -45.785  2.667  -32.353 0.0000000000
63975  -46.644  2.664  -32.394 0.0000000000
63976  -47.493  2.646  -32.410 0.0000000000
63977  -48.308  2.640  -32.379 0.0000000000
63978  -49.033  2.686  -32.291 0.0000000000
63979  -61.669  2.974  -32.175 0.0000000000
63986  -53.490  2.535  -33.489 0.0000000000
63987  -54.282  2.228  -33.337 0.0000000000
63988  -55.759  2.579  -33.160 0.0000000000
63989  -57.201  2.818  -33.294 0.0000000000
63990  -58.510  2.784  -33.562 0.0000000000
63991  -59.530  2.699  -33.834 0.0000000000
63992  -60.348  2.812  -33.848 0.0000000000
63993  -61.059  2.989  -33.473 0.0000000000
63994  -61.556  3.054  -32.809 0.0000000000
64009  -53.893  1.534  -33.532 0.0000000000
64784  -51.680  3.936  -31.496 0.0000000000
64785  -52.526  3.553  -31.427 0.0000000000
64786  -53.686  3.609  -31.377 0.0000000000
64787  -54.733  3.708  -31.261 0.0000000000
64788  -56.055  4.198  -31.268 0.0000000000
64789  -56.728  3.376  -31.467 0.0000000000
64790  -57.430  3.180  -31.556 0.0000000000
64791  -58.105  3.036  -31.601 0.0000000000
64792  -58.943  3.095  -31.565 0.0000000000
64793  -59.775  3.143  -31.508 0.0000000000
64794  -60.459  3.272  -31.525 0.0000000000
64802  -49.477  3.454  -32.120 0.0000000000
64803  -50.213  3.418  -31.843 0.0000000000
64804  -50.977  3.287  -31.609 0.0000000000
64805  -51.653  3.132  -31.475 0.0000000000
64806  -61.036  3.551  -31.617 0.0000000000
64813  -46.354  3.556  -32.354 0.0000000000
64814  -47.224  3.512  -32.396 0.0000000000
64815  -48.034  3.443  -32.439 0.0000000000
64816  -48.772  3.430  -32.339 0.0000000000
64817  -61.379  3.786  -31.905 0.0000000000
64824  -52.757  3.872  -33.449 0.0000000000
64825  -53.494  3.379  -33.316 0.0000000000
64826  -54.837  3.510  -33.015 0.0000000000
64827  -56.320  4.133  -32.912 0.0000000000
64828  -58.107  4.354  -33.321 0.0000000000
64829  -59.087  3.636  -33.681 0.0000000000
64830  -59.783  3.584  -33.791 0.0000000000
64831  -60.371  3.972  -33.656 0.0000000000
64832  -61.042  4.117  -33.127 0.0000000000
64833  -61.364  3.966  -32.415 0.0000000000
64848  -53.115  2.703  -33.619 0.0000000000
65630  -51.655  4.737  -31.569 0.0000000000
65631  -52.393  4.605  -31.483 0.0000000000
65632  -53.395  4.540  -31.450 0.0000000000
65633  -54.612  4.598  -31.281 0.0000000000
65634  -55.233  4.336  -31.192 0.0000000000
65635  -57.744  4.288  -31.528 0.0000000000
65636  -57.961  3.595  -31.578 0.0000000000
65637  -58.571  3.786  -31.546 0.0000000000
65638  -59.656  4.036  -31.446 0.0000000000
65639  -60.166  3.666  -31.451 0.0000000000
65645  -49.182  4.269  -32.209 0.0000000000
65646  -49.977  4.302  -31.977 0.0000000000
65647  -50.882  4.318  -31.709 0.0000000000
65648  -60.301  4.802  -31.463 0.0000000000
65649  -60.529  4.023  -31.454 0.0000000000
65655  -46.951  4.439  -32.411 0.0000000000
65656  -47.838  4.333  -32.463 0.0000000000
65657  -48.507  4.122  -32.373 0.0000000000
65658  -60.772  5.413  -31.798 0.0000000000
65659  -60.998  4.431  -31.635 0.0000000000
65663  -53.078  4.699  -33.133 0.0000000000
65664  -54.250  4.484  -32.851 0.0000000000
65665  -55.149  4.378  -32.868 0.0000000000
65666  -59.410  4.747  -33.601 0.0000000000
65667  -60.194  5.298  -33.327 0.0000000000
65668  -61.012  4.966  -32.562 0.0000000000
65669  -61.237  4.588  -32.021 0.0000000000
65676  -52.231  4.424  -33.625 0.0000000000
66473  -52.093  5.465  -31.573 0.0000000000
66474  -53.013  5.437  -31.432 0.0000000000
66475  -54.111  5.474  -31.305 0.0000000000
66476  -58.900  4.481  -31.512 0.0000000000
66477  -59.539  4.885  -31.446 0.0000000000
66485  -49.649  5.167  -32.133 0.0000000000
66486  -50.410  5.178  -31.921 0.0000000000
66487  -51.233  5.374  -31.751 0.0000000000
66488  -59.605  5.607  -31.473 0.0000000000
66496  -47.596  5.327  -32.447 0.0000000000
66497  -48.664  5.135  -32.358 0.0000000000
66498  -60.020  6.748  -31.797 0.0000000000
66500  -53.087  5.716  -33.300 0.0000000000
66501  -53.907  5.603  -32.947 0.0000000000
66502  -55.337  5.425  -32.847 0.0000000000
66503  -60.600  5.868  -32.541 0.0000000000
66506  -51.596  5.329  -33.913 0.0000000000
66507  -52.393  5.499  -33.519 0.0000000000
67286  -52.579  6.273  -31.524 0.0000000000
67287  -53.538  6.295  -31.352 0.0000000000
67288  -54.561  6.298  -31.244 0.0000000000
67289  -58.730  5.159  -31.481 0.0000000000
67300  -50.050  5.726  -32.007 0.0000000000
67301  -50.626  6.162  -31.903 0.0000000000
67302  -51.691  6.388  -31.731 0.0000000000
67303  -57.509  6.226  -31.253 0.0000000000
67311  -47.223  6.266  -32.573 0.0000000000
67312  -48.264  6.307  -32.445 0.0000000000
67313  -49.538  6.350  -32.168 0.0000000000
67314  -50.395  7.023  -31.914 0.0000000000
67317  -52.712  6.317  -33.574 0.0000000000
67318  -53.453  6.515  -33.360 0.0000000000
67319  -54.550  6.649  -33.184 0.0000000000
67324  -51.067  6.176  -34.347 0.0000000000
67325  -51.931  6.531  -33.973 0.0000000000
68228  -52.275  6.857  -31.627 0.0000000000
68229  -52.919  7.200  -31.486 0.0000000000
68230  -54.130  7.092  -31.350 0.0000000000
68231  -55.498  6.927  -31.229 0.0000000000
68241  -51.107  7.007  -31.817 0.0000000000
68242  -51.948  7.542  -31.693 0.0000000000
68243  -52.583  7.764  -31.554 0.0000000000
68253  -47.783  7.134  -32.820 0.0000000000
68254  -48.828  7.480  -32.560 0.0000000000
68255  -49.900  7.630  -32.183 0.0000000000
68256  -50.973  7.826  -31.926 0.0000000000
68257  -51.589  8.077  -31.798 0.0000000000
68263  -47.330  7.785  -33.231 0.0000000000
68264  -48.216  7.911  -33.010 0.0000000000
68265  -48.697  8.001  -32.863 0.0000000000
68266  -52.829  7.333  -33.845 0.0000000000
68267  -53.786  7.449  -33.527 0.0000000000
68268  -54.803  7.677  -33.585 0.0000000000
68269  -55.506  7.963  -33.755 0.0000000000
68273  -50.615  6.655  -34.863 0.0000000000
68274  -51.208  7.286  -34.713 0.0000000000
68275  -52.077  7.620  -34.419 0.0000000000
68280  -50.414  7.421  -35.452 0.0000000000
68281  -51.081  8.086  -35.378 0.0000000000
69152  -52.903  7.829  -31.504 0.0000000000
69153  -53.547  7.873  -31.448 0.0000000000
69154  -54.791  7.947  -31.383 0.0000000000
69155  -56.407  8.243  -31.293 0.0000000000
69156  -57.405  8.651  -31.334 0.0000000000
69166  -51.927  8.195  -31.747 0.0000000000
69167  -52.664  8.416  -31.687 0.0000000000
69168  -54.027  8.676  -31.579 0.0000000000
69169  -55.225  8.840  -31.494 0.0000000000
69170  -55.899  8.962  -31.434 0.0000000000
69179  -48.946  8.056  -32.803 0.0000000000
69180  -49.436  8.226  -32.648 0.0000000000
69181  -50.444  8.685  -32.406 0.0000000000
69182  -51.633  8.653  -31.994 0.0000000000
69183  -52.250  8.937  -31.962 0.0000000000
69193  -46.912  8.442  -33.661 0.0000000000
69194  -47.846  8.508  -33.428 0.0000000000
69195  -48.818  8.525  -33.121 0.0000000000
69196  -49.715  8.953  -32.910 0.0000000000
69197  -50.220  9.163  -32.789 0.0000000000
69198  -53.337  7.960  -33.955 0.0000000000
69199  -53.955  8.301  -33.909 0.0000000000
69200  -54.951  8.454  -34.035 0.0000000000
69201  -56.108  8.617  -33.946 0.0000000000
69202  -57.907  7.961  -33.825 0.0000000000
69203  -58.779  8.808  -33.421 0.0000000000
69206  -51.703  8.200  -34.939 0.0000000000
69207  -52.887  8.627  -34.759 0.0000000000
69208  -54.207  8.945  -34.545 0.0000000000
69209  -55.136  9.180  -34.389 0.0000000000
69210  -55.707  9.387  -34.263 0.0000000000
69213  -50.017  7.877  -36.129 0.0000000000
69214  -50.647  8.363  -36.001 0.0000000000
69215  -51.639  8.998  -35.745 0.0000000000
69216  -52.479  9.291  -35.558 0.0000000000
69220  -49.020  8.437  -36.830 0.0000000000
69221  -49.993  8.610  -36.639 0.0000000000
69222  -50.853  9.087  -36.469 0.0000000000
69223  -51.338  9.433  -36.340 0.0000000000
70040  -56.335  9.168  -31.449 0.0000000000
70041  -57.166  9.255  -31.416 0.0000000000
70042  -58.125  8.977  -31.388 0.0000000000
70043  -58.840  9.172  -31.547 0.0000000000
70055  -52.676  9.191  -31.996 0.0000000000
70056  -53.456  9.304  -31.887 0.0000000000
70057  -54.641  9.607  -31.833 0.0000000000
70058  -55.729  9.570  -31.648 0.0000000000
70059  -56.565  9.786  -31.534 0.0000000000
70060  -59.340  9.120  -31.893 0.0000000000
70069  -50.589  9.372  -32.743 0.0000000000
70070  -51.297  9.496  -32.512 0.0000000000
70071  -52.139  9.479  -32.211 0.0000000000
70072  -53.002  9.851  -32.208 0.0000000000
70073  -53.894  10.065  -32.128 0.0000000000
70074  -59.337  9.067  -32.548 0.0000000000
70084  -46.475  9.210  -34.184 0.0000000000
70085  -47.455  9.164  -33.868 0.0000000000
70086  -48.357  9.233  -33.658 0.0000000000
70087  -49.260  9.451  -33.461 0.0000000000
70088  -50.161  9.646  -33.194 0.0000000000
70089  -50.893  9.851  -33.001 0.0000000000
70090  -57.114  9.059  -33.965 0.0000000000
70091  -57.964  9.342  -33.840 0.0000000000
70092  -58.536  9.498  -33.406 0.0000000000
70093  -58.979  9.311  -33.097 0.0000000000
70103  -53.794  9.416  -35.128 0.0000000000
70104  -54.561  9.627  -34.911 0.0000000000
70105  -55.374  9.896  -34.706 0.0000000000
70106  -56.325  9.714  -34.235 0.0000000000
70107  -57.171  9.718  -33.995 0.0000000000
70110  -52.326  9.641  -35.924 0.0000000000
70111  -53.170  9.775  -35.761 0.0000000000
70112  -54.207  10.025  -35.550 0.0000000000
70113  -54.809  10.165  -35.153 0.0000000000
70115  -47.601  9.148  -37.347 0.0000000000
70116  -48.554  9.135  -37.278 0.0000000000
70117  -49.475  9.278  -37.169 0.0000000000
70118  -50.362  9.502  -36.996 0.0000000000
70119  -51.130  9.749  -36.707 0.0000000000
70120  -51.874  9.861  -36.340 0.0000000000
70121  -52.617  10.060  -36.222 0.0000000000
70129  -46.593  9.426  -37.391 0.0000000000
70910  -57.793  9.582  -31.449 0.0000000000
70911  -58.287  9.716  -31.553 0.0000000000
70912  -58.806  9.665  -31.769 0.0000000000
70927  -55.369  10.101  -31.917 0.0000000000
70928  -56.212  10.534  -31.932 0.0000000000
70929  -57.449  10.247  -31.584 0.0000000000
70930  -58.310  10.411  -31.828 0.0000000000
70931  -58.937  9.833  -32.156 0.0000000000
70942  -51.870  9.919  -32.533 0.0000000000
70943  -52.462  10.258  -32.555 0.0000000000
70944  -53.553  10.827  -32.609 0.0000000000
70945  -54.972  10.696  -32.311 0.0000000000
70946  -55.862  11.114  -32.330 0.0000000000
70947  -58.348  10.553  -32.477 0.0000000000
70948  -58.790  9.825  -32.784 0.0000000000
70954  -47.197  9.779  -34.263 0.0000000000
70955  -47.978  9.826  -34.155 0.0000000000
70956  -48.804  9.980  -33.988 0.0000000000
70957  -49.716  10.422  -33.970 0.0000000000
70958  -50.729  10.427  -33.544 0.0000000000
70959  -51.681  10.438  -33.046 0.0000000000
70960  -52.679  11.045  -32.959 0.0000000000
70961  -53.252  11.360  -32.966 0.0000000000
70962  -57.558  10.061  -33.870 0.0000000000
70963  -58.145  10.282  -33.383 0.0000000000
70964  -58.646  9.741  -33.176 0.0000000000
70972  -46.513  10.299  -34.543 0.0000000000
70973  -47.548  10.494  -34.490 0.0000000000
70974  -48.452  10.553  -34.386 0.0000000000
70975  -49.055  10.527  -34.259 0.0000000000
70976  -55.250  10.464  -35.090 0.0000000000
70977  -55.985  10.705  -34.840 0.0000000000
70978  -56.984  10.490  -34.216 0.0000000000
70979  -57.528  10.498  -33.806 0.0000000000
70983  -53.130  10.384  -36.325 0.0000000000
70984  -53.944  10.712  -36.281 0.0000000000
70985  -54.887  10.696  -35.592 0.0000000000
70986  -55.412  10.812  -35.229 0.0000000000
70989  -47.339  9.935  -37.344 0.0000000000
70990  -48.121  9.907  -37.305 0.0000000000
70991  -48.968  9.927  -37.390 0.0000000000
70992  -49.796  10.286  -37.344 0.0000000000
70993  -50.744  10.312  -37.060 0.0000000000
70994  -51.612  10.489  -36.731 0.0000000000
70995  -52.598  10.605  -36.592 0.0000000000
70996  -53.280  10.769  -36.540 0.0000000000
70999  -44.956  10.404  -37.674 0.0000000000
71000  -45.747  10.197  -37.519 0.0000000000
71001  -46.748  10.484  -37.422 0.0000000000
71002  -47.666  10.640  -37.435 0.0000000000
71003  -48.583  10.600  -37.495 0.0000000000
71004  -49.195  10.494  -37.467 0.0000000000
71729  -56.439  11.366  -32.314 0.0000000000
71730  -57.164  11.189  -31.938 0.0000000000
71731  -57.752  10.865  -31.800 0.0000000000
71745  -53.798  11.706  -33.168 0.0000000000
71746  -54.573  11.609  -32.942 0.0000000000
71747  -55.700  11.797  -32.737 0.0000000000
71748  -56.832  11.896  -32.726 0.0000000000
71749  -57.790  11.186  -32.171 0.0000000000
71759  -49.909  11.080  -34.408 0.0000000000
71760  -50.565  11.183  -34.231 0.0000000000
71761  -51.347  11.157  -33.824 0.0000000000
71762  -52.215  11.483  -33.591 0.0000000000
71763  -53.103  11.814  -33.391 0.0000000000
71764  -56.932  11.934  -33.504 0.0000000000
71765  -57.655  11.270  -32.924 0.0000000000
71777  -47.051  11.230  -34.820 0.0000000000
71778  -48.090  11.336  -34.740 0.0000000000
71779  -49.232  11.255  -34.590 0.0000000000
71780  -50.087  11.610  -34.581 0.0000000000
71781  -56.145  11.371  -34.974 0.0000000000
71782  -56.618  11.592  -34.450 0.0000000000
71783  -57.368  11.078  -33.703 0.0000000000
71789  -54.144  11.658  -36.354 0.0000000000
71790  -54.828  11.584  -35.961 0.0000000000
71791  -55.640  11.429  -35.347 0.0000000000
71792  -56.177  11.768  -35.034 0.0000000000
71796  -49.821  10.816  -37.401 0.0000000000
71797  -50.276  11.012  -37.275 0.0000000000
71798  -51.189  11.140  -36.946 0.0000000000
71799  -52.198  11.384  -36.851 0.0000000000
71800  -53.348  11.531  -36.628 0.0000000000
71804  -44.676  10.914  -37.900 0.0000000000
71805  -45.296  11.016  -37.784 0.0000000000
71806  -46.128  11.201  -37.624 0.0000000000
71807  -47.097  11.390  -37.596 0.0000000000
71808  -48.133  11.448  -37.738 0.0000000000
71809  -49.372  11.273  -37.527 0.0000000000
71810  -50.183  11.831  -37.332 0.0000000000
71815  -44.105  11.292  -38.217 0.0000000000
72524  -54.350  12.150  -33.302 0.0000000000
72525  -54.987  12.667  -33.349 0.0000000000
72526  -55.851  12.854  -33.396 0.0000000000
72527  -56.373  12.567  -33.489 0.0000000000
72540  -51.133  11.628  -34.235 0.0000000000
72541  -51.716  11.984  -34.177 0.0000000000
72542  -52.747  12.675  -34.095 0.0000000000
72543  -54.006  12.736  -33.677 0.0000000000
72544  -54.681  13.218  -33.630 0.0000000000
72545  -55.963  13.347  -33.963 0.0000000000
72546  -56.401  12.600  -34.119 0.0000000000
72564  -46.530  11.992  -35.095 0.0000000000
72565  -47.565  12.078  -35.123 0.0000000000
72566  -48.710  12.356  -35.159 0.0000000000
72567  -49.842  12.298  -34.944 0.0000000000
72568  -50.902  12.285  -34.606 0.0000000000
72569  -51.926  12.890  -34.509 0.0000000000
72570  -52.457  13.229  -34.459 0.0000000000
72571  -56.001  13.288  -34.716 0.0000000000
72572  -56.219  12.362  -34.884 0.0000000000
72584  -47.026  12.690  -35.523 0.0000000000
72585  -47.978  12.846  -35.451 0.0000000000
72586  -48.523  12.977  -35.414 0.0000000000
72587  -53.956  12.095  -36.431 0.0000000000
72588  -54.592  12.629  -36.193 0.0000000000
72589  -55.595  12.614  -35.531 0.0000000000
72590  -55.964  12.045  -35.248 0.0000000000
72595  -50.795  11.735  -37.123 0.0000000000
72596  -51.610  12.111  -37.036 0.0000000000
72597  -52.733  12.689  -36.888 0.0000000000
72598  -53.766  12.764  -36.514 0.0000000000
72599  -54.310  13.259  -36.352 0.0000000000
72603  -44.854  11.496  -38.109 0.0000000000
72604  -45.534  11.843  -38.032 0.0000000000
72605  -46.471  12.081  -37.943 0.0000000000
72606  -47.469  12.274  -38.001 0.0000000000
72607  -48.566  12.700  -37.898 0.0000000000
72608  -49.741  12.564  -37.575 0.0000000000
72609  -50.845  12.704  -37.339 0.0000000000
72610  -51.952  13.164  -37.217 0.0000000000
72611  -52.543  13.441  -37.074 0.0000000000
72616  -43.017  11.730  -39.067 0.0000000000
72617  -43.689  12.041  -38.867 0.0000000000
72618  -44.762  12.401  -38.686 0.0000000000
72619  -45.853  12.690  -38.388 0.0000000000
72620  -46.810  12.941  -38.345 0.0000000000
72621  -47.684  13.229  -38.294 0.0000000000
72622  -48.165  13.535  -38.198 0.0000000000
72632  -43.071  12.736  -39.633 0.0000000000
72633  -44.153  12.778  -39.297 0.0000000000
72634  -44.585  12.824  -39.165 0.0000000000
72646  -42.416  13.035  -40.152 0.0000000000
73331  -55.034  13.468  -33.635 0.0000000000
73332  -55.365  13.287  -33.596 0.0000000000
73337  -52.861  13.602  -34.456 0.0000000000
73338  -53.645  13.943  -34.245 0.0000000000
73339  -54.560  13.910  -33.916 0.0000000000
73340  -55.317  13.934  -33.962 0.0000000000
73352  -48.917  13.113  -35.434 0.0000000000
73353  -49.556  13.068  -35.313 0.0000000000
73354  -50.565  13.327  -35.171 0.0000000000
73355  -51.458  13.438  -34.915 0.0000000000
73356  -52.339  13.845  -34.749 0.0000000000
73357  -53.088  14.387  -34.610 0.0000000000
73358  -55.535  14.167  -34.550 0.0000000000
73376  -46.552  13.329  -35.932 0.0000000000
73377  -47.534  13.391  -35.868 0.0000000000
73378  -48.553  13.514  -35.805 0.0000000000
73379  -49.336  13.584  -35.673 0.0000000000
73380  -50.052  13.740  -35.561 0.0000000000
73381  -55.216  13.452  -35.901 0.0000000000
73382  -55.516  13.989  -35.346 0.0000000000
73393  -46.130  13.901  -36.569 0.0000000000
73394  -47.126  13.965  -36.396 0.0000000000
73395  -48.015  13.950  -36.299 0.0000000000
73396  -53.433  13.461  -36.704 0.0000000000
73397  -54.111  13.885  -36.504 0.0000000000
73398  -54.793  13.783  -36.215 0.0000000000
73399  -55.218  14.108  -35.903 0.0000000000
73402  -49.339  13.445  -37.756 0.0000000000
73403  -50.258  13.596  -37.588 0.0000000000
73404  -51.469  14.057  -37.408 0.0000000000
73405  -52.455  14.057  -37.171 0.0000000000
73406  -53.048  13.855  -36.924 0.0000000000
73407  -53.601  14.152  -36.699 0.0000000000
73411  -45.482  13.128  -38.930 0.0000000000
73412  -46.249  13.429  -38.808 0.0000000000
73413  -47.139  13.812  -38.793 0.0000000000
73414  -47.980  14.031  -38.664 0.0000000000
73415  -48.690  14.108  -38.158 0.0000000000
73416  -49.712  14.337  -37.852 0.0000000000
73417  -50.657  14.497  -37.630 0.0000000000
73421  -43.437  13.582  -40.047 0.0000000000
73422  -43.994  13.458  -39.805 0.0000000000
73423  -44.841  13.350  -39.388 0.0000000000
73424  -45.754  13.798  -39.255 0.0000000000
73425  -46.540  14.098  -39.185 0.0000000000
73432  -42.954  13.849  -40.550 0.0000000000
73433  -43.894  14.128  -40.329 0.0000000000
73434  -44.654  14.157  -40.030 0.0000000000
73435  -45.429  14.274  -39.716 0.0000000000
73436  -46.126  14.403  -39.509 0.0000000000
73446  -42.741  14.227  -41.236 0.0000000000
74133  -54.217  14.660  -34.188 0.0000000000
74134  -54.704  14.879  -34.236 0.0000000000
74135  -55.199  14.856  -34.479 0.0000000000
74140  -51.207  13.939  -35.208 0.0000000000
74141  -51.838  14.366  -35.203 0.0000000000
74142  -52.740  14.950  -35.024 0.0000000000
74143  -53.783  15.279  -34.592 0.0000000000
74144  -54.837  15.621  -34.792 0.0000000000
74145  -55.340  14.979  -35.082 0.0000000000
74158  -49.182  13.918  -35.977 0.0000000000
74159  -49.817  14.270  -35.890 0.0000000000
74160  -50.970  14.572  -35.597 0.0000000000
74161  -52.171  15.245  -35.628 0.0000000000
74162  -53.054  15.759  -35.503 0.0000000000
74163  -54.019  15.733  -35.573 0.0000000000
74164  -54.835  15.353  -35.713 0.0000000000
74165  -55.180  14.673  -35.736 0.0000000000
74181  -45.530  14.776  -37.001 0.0000000000
74182  -46.685  14.774  -36.718 0.0000000000
74183  -47.791  14.721  -36.576 0.0000000000
74184  -49.010  14.489  -36.298 0.0000000000
74185  -49.848  14.767  -36.139 0.0000000000
74186  -51.709  15.569  -36.196 0.0000000000
74187  -52.403  15.589  -36.315 0.0000000000
74188  -53.221  15.574  -36.348 0.0000000000
74189  -53.955  14.988  -36.420 0.0000000000
74190  -54.731  14.608  -36.189 0.0000000000
74191  -55.052  14.355  -36.077 0.0000000000
74205  -45.148  15.232  -37.185 0.0000000000
74206  -51.547  15.244  -37.258 0.0000000000
74207  -52.391  14.952  -36.883 0.0000000000
74208  -53.088  14.698  -36.741 0.0000000000
74209  -53.422  14.455  -36.709 0.0000000000
74214  -47.076  14.292  -39.193 0.0000000000
74215  -47.653  14.456  -39.207 0.0000000000
74216  -48.730  14.835  -39.244 0.0000000000
74217  -49.593  14.874  -38.722 0.0000000000
74218  -50.451  15.105  -38.093 0.0000000000
74222  -46.961  14.780  -39.540 0.0000000000
74223  -47.951  15.091  -39.508 0.0000000000
74224  -48.612  15.367  -39.528 0.0000000000
74230  -43.389  14.809  -41.289 0.0000000000
74231  -43.914  14.780  -40.910 0.0000000000
74232  -44.586  14.804  -40.568 0.0000000000
74233  -45.288  14.882  -40.187 0.0000000000
74234  -46.068  14.940  -39.853 0.0000000000
74239  -42.948  14.902  -41.653 0.0000000000
74959  -50.384  14.861  -36.036 0.0000000000
74960  -50.983  15.284  -36.091 0.0000000000
74971  -45.305  15.683  -37.168 0.0000000000
74972  -46.203  15.640  -36.933 0.0000000000
74973  -47.289  15.651  -36.712 0.0000000000
74974  -48.571  15.622  -36.500 0.0000000000
74975  -50.151  15.554  -36.216 0.0000000000
74976  -51.492  15.891  -36.235 0.0000000000
74992  -51.891  15.814  -37.075 0.0000000000
75002  -49.740  15.405  -39.405 0.0000000000
75003  -50.413  15.486  -39.082 0.0000000000
75004  -51.280  15.754  -38.372 0.0000000000
75012  -47.480  15.396  -39.675 0.0000000000
75013  -48.239  15.787  -39.675 0.0000000000
75014  -49.433  15.707  -39.715 0.0000000000
75015  -50.535  15.742  -39.841 0.0000000000
75016  -50.979  15.823  -39.394 0.0000000000
75023  -44.013  15.697  -41.341 0.0000000000
75024  -44.515  15.574  -40.823 0.0000000000
75025  -45.154  15.557  -40.461 0.0000000000
75026  -45.943  15.589  -40.229 0.0000000000
75027  -46.838  15.562  -39.923 0.0000000000
75028  -47.474  15.726  -39.773 0.0000000000
75034  -43.299  15.708  -42.081 0.0000000000
75035  -43.609  15.413  -41.698 0.0000000000
75716  -52.058  17.559  -35.628 0.0000000000
75717  -52.469  17.753  -35.398 0.0000000000
75718  -52.720  18.097  -35.373 0.0000000000
75728  -44.926  16.358  -37.335 0.0000000000
75729  -45.713  16.384  -37.231 0.0000000000
75730  -46.693  16.443  -37.075 0.0000000000
75731  -47.879  16.541  -36.868 0.0000000000
75732  -49.366  16.704  -36.504 0.0000000000
75733  -51.395  16.846  -35.986 0.0000000000
75734  -52.590  17.207  -35.487 0.0000000000
75735  -53.009  17.713  -35.240 0.0000000000
75743  -52.302  16.239  -36.666 0.0000000000
75744  -52.906  16.666  -36.181 0.0000000000
75745  -53.498  17.309  -35.833 0.0000000000
75753  -52.034  16.352  -37.965 0.0000000000
75754  -52.738  16.879  -37.516 0.0000000000
75755  -53.221  17.267  -36.819 0.0000000000
75761  -47.327  16.723  -39.778 0.0000000000
75762  -48.179  16.572  -39.597 0.0000000000
75763  -49.299  16.474  -39.691 0.0000000000
75764  -50.455  16.462  -40.089 0.0000000000
75765  -51.467  16.435  -39.383 0.0000000000
75766  -52.270  16.899  -38.576 0.0000000000
75770  -40.848  17.173  -40.851 0.0000000000
75771  -41.759  17.203  -40.896 0.0000000000
75772  -42.753  17.003  -40.907 0.0000000000
75773  -43.550  16.635  -40.767 0.0000000000
75774  -44.278  16.430  -40.609 0.0000000000
75775  -45.001  16.320  -40.436 0.0000000000
75776  -45.748  16.280  -40.348 0.0000000000
75777  -46.599  16.359  -40.144 0.0000000000
75778  -47.425  16.123  -39.871 0.0000000000
75783  -40.491  17.234  -41.205 0.0000000000
75784  -41.331  17.052  -41.613 0.0000000000
75785  -42.496  16.496  -41.531 0.0000000000
75786  -43.383  16.138  -41.437 0.0000000000
75789  -41.548  17.066  -42.240 0.0000000000
76459  -52.149  17.986  -35.581 0.0000000000
76460  -52.520  17.997  -35.361 0.0000000000
76461  -52.949  18.182  -35.283 0.0000000000
76469  -45.098  17.002  -37.491 0.0000000000
76470  -46.004  17.087  -37.494 0.0000000000
76471  -47.088  17.177  -37.429 0.0000000000
76472  -48.351  17.406  -37.222 0.0000000000
76473  -49.999  17.950  -36.865 0.0000000000
76474  -51.481  17.923  -36.005 0.0000000000
76475  -53.408  18.113  -35.729 0.0000000000
76481  -44.623  17.952  -38.130 0.0000000000
76482  -45.156  17.641  -37.928 0.0000000000
76483  -46.250  17.605  -37.987 0.0000000000
76484  -47.359  17.699  -37.946 0.0000000000
76485  -48.524  17.994  -37.851 0.0000000000
76486  -49.508  18.540  -38.005 0.0000000000
76487  -53.165  17.857  -36.661 0.0000000000
76495  -44.726  18.027  -38.471 0.0000000000
76496  -45.451  17.798  -38.625 0.0000000000
76497  -46.469  17.663  -38.717 0.0000000000
76498  -47.576  17.658  -38.674 0.0000000000
76499  -48.685  17.823  -38.631 0.0000000000
76500  -49.716  18.126  -38.915 0.0000000000
76501  -52.568  17.272  -38.349 0.0000000000
76502  -52.798  17.700  -37.916 0.0000000000
76508  -39.874  18.053  -39.853 0.0000000000
76509  -40.456  18.009  -39.752 0.0000000000
76510  -41.429  18.012  -39.593 0.0000000000
76511  -42.453  18.037  -39.499 0.0000000000
76512  -43.470  18.041  -39.459 0.0000000000
76513  -44.553  17.952  -39.259 0.0000000000
76514  -45.594  17.521  -39.440 0.0000000000
76515  -46.653  17.203  -39.630 0.0000000000
76516  -47.881  17.252  -39.306 0.0000000000
76517  -49.001  17.252  -39.276 0.0000000000
76518  -50.235  17.366  -39.595 0.0000000000
76519  -51.233  17.288  -39.810 0.0000000000
76520  -52.151  17.528  -39.014 0.0000000000
76521  -52.521  18.007  -38.651 0.0000000000
76527  -38.627  17.877  -40.805 0.0000000000
76528  -39.814  17.544  -40.535 0.0000000000
76529  -41.010  17.415  -40.205 0.0000000000
76530  -42.039  17.499  -40.195 0.0000000000
76531  -43.003  17.408  -40.147 0.0000000000
76532  -43.914  17.259  -40.043 0.0000000000
76533  -44.820  17.131  -40.045 0.0000000000
76534  -45.669  16.987  -40.161 0.0000000000
76535  -46.171  16.770  -40.179 0.0000000000
76542  -39.236  17.799  -41.439 0.0000000000
76543  -40.249  17.599  -41.815 0.0000000000
76544  -41.057  17.378  -42.176 0.0000000000
77249  -51.929  18.324  -35.913 0.0000000000
77250  -52.437  18.255  -35.613 0.0000000000
77251  -52.696  18.209  -35.420 0.0000000000
77259  -44.644  17.135  -37.551 0.0000000000
77260  -50.470  18.693  -37.497 0.0000000000
77261  -51.351  18.541  -36.692 0.0000000000
77262  -52.294  18.549  -36.160 0.0000000000
77263  -52.869  18.392  -35.670 0.0000000000
77269  -44.383  17.852  -37.861 0.0000000000
77270  -44.710  17.396  -37.674 0.0000000000
77271  -50.471  18.697  -38.371 0.0000000000
77272  -51.310  18.858  -37.737 0.0000000000
77273  -52.140  18.703  -37.073 0.0000000000
77274  -52.850  18.388  -36.412 0.0000000000
77280  -44.089  18.871  -38.415 0.0000000000
77281  -44.413  18.365  -38.198 0.0000000000
77282  -50.709  18.200  -39.188 0.0000000000
77283  -51.397  18.603  -38.684 0.0000000000
77284  -52.085  18.616  -38.073 0.0000000000
77285  -52.649  18.290  -37.432 0.0000000000
77290  -39.087  18.833  -39.597 0.0000000000
77291  -39.925  18.617  -39.393 0.0000000000
77292  -40.916  18.675  -39.128 0.0000000000
77293  -41.959  18.794  -39.080 0.0000000000
77294  -43.067  18.939  -39.025 0.0000000000
77295  -43.976  18.751  -39.031 0.0000000000
77296  -44.407  18.493  -38.697 0.0000000000
77297  -50.958  17.737  -39.584 0.0000000000
77298  -51.495  18.019  -39.349 0.0000000000
77299  -52.133  18.268  -38.817 0.0000000000
77300  -52.493  18.214  -38.279 0.0000000000
77305  -38.840  18.300  -40.168 0.0000000000
77306  -39.458  18.219  -39.872 0.0000000000
105124  -55.541  4.842  -31.193 0.0000000000
105125  -56.235  5.365  -31.219 0.0000000000
105126  -56.162  7.042  -33.568 0.0000000000
105127  -55.573  5.696  -31.171 0.0000000000
105128  -57.174  4.651  -33.055 0.0000000000
105129  -58.971  5.085  -33.524 0.0000000000
105130  -57.957  6.759  -33.595 0.0000000000
105131  -57.782  8.078  -31.272 0.0000000000
105132  -59.189  5.262  -33.532 0.0000000000
105133  -57.151  5.483  -33.140 0.0000000000
105134  -58.178  7.273  -33.690 0.0000000000
105135  -56.458  5.781  -31.182 0.0000000000
105136  -59.577  5.344  -33.501 0.0000000000
105137  -59.026  5.870  -33.478 0.0000000000
105138  -58.540  6.580  -33.541 0.0000000000
105139  -59.763  5.815  -33.358 0.0000000000
105140  -59.096  8.159  -31.498 0.0000000000
105141  -59.899  6.250  -32.940 0.0000000000
105142  -58.559  7.060  -33.566 0.0000000000
105143  -59.259  8.792  -33.031 0.0000000000
105144  -59.513  8.620  -32.174 0.0000000000
105145  -59.514  8.927  -32.246 0.0000000000
105146  -59.469  7.880  -32.923 0.0000000000
105147  -59.514  8.674  -32.448 0.0000000000
