#!ascii label  , from subject FREESURFER vox2ras=TkReg 
892
68667  -39.511  9.127  16.622 0.0000000000
68668  -40.128  9.013  16.489 0.0000000000
68675  -47.158  9.013  16.959 0.0000000000
68676  -47.959  9.158  17.342 0.0000000000
68680  -40.290  9.281  15.954 0.0000000000
68681  -40.805  9.104  15.991 0.0000000000
68682  -41.709  8.896  15.942 0.0000000000
68683  -42.688  8.799  15.839 0.0000000000
68684  -43.703  8.781  15.848 0.0000000000
68685  -44.720  8.831  15.940 0.0000000000
68686  -45.700  8.940  16.087 0.0000000000
68687  -46.577  9.125  16.298 0.0000000000
69588  -49.148  9.422  17.844 0.0000000000
69589  -50.094  9.735  18.085 0.0000000000
69590  -51.858  10.336  18.082 0.0000000000
69599  -39.368  9.394  16.086 0.0000000000
69600  -39.926  9.407  15.872 0.0000000000
69601  -47.907  9.299  16.852 0.0000000000
69602  -48.881  9.568  17.173 0.0000000000
69603  -50.573  10.266  17.230 0.0000000000
69604  -52.320  10.488  17.972 0.0000000000
69605  -53.684  10.233  18.178 0.0000000000
69609  -38.777  9.751  15.400 0.0000000000
69610  -39.537  9.721  15.365 0.0000000000
69611  -40.305  9.624  15.465 0.0000000000
69612  -41.148  9.554  15.435 0.0000000000
69613  -42.065  9.519  15.433 0.0000000000
69614  -43.058  9.469  15.381 0.0000000000
69615  -44.098  9.458  15.389 0.0000000000
69616  -45.152  9.500  15.504 0.0000000000
69617  -46.238  9.567  15.685 0.0000000000
69618  -47.651  9.663  16.060 0.0000000000
69619  -49.326  10.291  16.177 0.0000000000
69620  -50.155  10.500  16.529 0.0000000000
69621  -54.462  9.918  17.800 0.0000000000
69622  -54.253  9.709  17.150 0.0000000000
69627  -38.216  9.961  14.624 0.0000000000
69628  -39.034  9.986  14.691 0.0000000000
69629  -39.818  10.101  14.703 0.0000000000
69630  -40.601  10.063  14.885 0.0000000000
69631  -41.409  10.121  14.906 0.0000000000
69632  -42.351  10.192  14.927 0.0000000000
69633  -43.384  10.243  14.940 0.0000000000
69634  -44.473  10.280  15.024 0.0000000000
69635  -45.575  10.302  15.171 0.0000000000
69636  -46.677  10.321  15.280 0.0000000000
69637  -47.547  10.437  15.293 0.0000000000
69638  -48.353  10.386  15.516 0.0000000000
69640  -53.492  9.477  15.992 0.0000000000
69642  -37.784  10.016  13.848 0.0000000000
69643  -38.608  10.088  13.906 0.0000000000
69644  -39.271  10.200  14.175 0.0000000000
69649  -37.623  10.126  13.338 0.0000000000
69650  -38.066  10.068  13.338 0.0000000000
70482  -50.587  10.548  16.700 0.0000000000
70483  -51.436  10.623  17.104 0.0000000000
70484  -52.748  10.663  17.838 0.0000000000
70485  -55.596  10.773  17.728 0.0000000000
70486  -55.892  10.805  17.513 0.0000000000
70487  -56.045  11.034  16.823 0.0000000000
70491  -49.581  10.657  15.839 0.0000000000
70492  -50.321  10.846  16.053 0.0000000000
70493  -52.028  11.014  16.877 0.0000000000
70494  -54.031  10.951  18.035 0.0000000000
70495  -54.945  10.257  17.440 0.0000000000
70496  -55.388  10.709  16.509 0.0000000000
70497  -55.734  11.096  16.122 0.0000000000
70505  -40.227  10.323  14.445 0.0000000000
70506  -40.720  10.482  14.335 0.0000000000
70507  -41.597  10.691  14.280 0.0000000000
70508  -42.608  10.871  14.342 0.0000000000
70509  -43.706  11.153  14.412 0.0000000000
70510  -44.904  11.118  14.659 0.0000000000
70511  -45.990  11.162  14.844 0.0000000000
70512  -47.018  11.152  14.997 0.0000000000
70513  -48.016  11.053  15.046 0.0000000000
70514  -49.193  10.916  15.385 0.0000000000
70515  -49.800  11.214  15.430 0.0000000000
70516  -54.139  10.297  15.483 0.0000000000
70517  -55.059  10.961  15.650 0.0000000000
70518  -55.441  11.245  15.670 0.0000000000
70523  -37.159  10.221  13.461 0.0000000000
70524  -39.120  10.241  13.723 0.0000000000
70525  -39.802  10.481  13.848 0.0000000000
70526  -40.754  10.931  13.579 0.0000000000
70527  -41.813  11.316  13.485 0.0000000000
70528  -42.870  11.476  13.858 0.0000000000
70529  -43.401  11.579  13.956 0.0000000000
70535  -36.587  10.648  12.766 0.0000000000
70536  -37.577  10.287  12.753 0.0000000000
70537  -38.792  10.277  12.965 0.0000000000
70538  -39.888  10.815  12.754 0.0000000000
70539  -40.903  11.296  12.582 0.0000000000
70540  -41.551  11.466  12.847 0.0000000000
70547  -36.999  10.751  11.822 0.0000000000
70548  -38.046  10.532  11.866 0.0000000000
70549  -39.094  10.696  11.849 0.0000000000
70550  -40.044  11.185  11.700 0.0000000000
70551  -40.674  11.337  11.891 0.0000000000
70564  -37.515  10.975  11.138 0.0000000000
70565  -38.403  10.977  11.087 0.0000000000
70566  -39.278  11.170  11.094 0.0000000000
70567  -39.756  11.338  11.096 0.0000000000
71305  -55.361  11.486  17.505 0.0000000000
71306  -55.846  11.502  18.395 0.0000000000
71307  -56.336  11.474  17.463 0.0000000000
71312  -50.179  11.470  15.452 0.0000000000
71313  -51.058  11.778  15.748 0.0000000000
71314  -52.751  11.576  16.696 0.0000000000
71315  -54.286  11.466  17.775 0.0000000000
71316  -54.984  11.597  18.343 0.0000000000
71317  -56.113  11.569  16.491 0.0000000000
71324  -43.748  11.692  13.962 0.0000000000
71325  -44.370  11.709  14.128 0.0000000000
71326  -45.347  12.058  14.200 0.0000000000
71327  -46.478  11.991  14.566 0.0000000000
71328  -47.491  11.931  14.745 0.0000000000
71329  -48.532  11.795  14.809 0.0000000000
71330  -49.602  11.734  15.007 0.0000000000
71331  -50.254  11.872  15.232 0.0000000000
71332  -54.419  11.018  15.015 0.0000000000
71333  -55.031  11.596  15.199 0.0000000000
71334  -55.744  11.511  15.805 0.0000000000
71339  -41.936  11.608  12.909 0.0000000000
71340  -42.504  11.746  13.211 0.0000000000
71341  -43.324  11.932  13.512 0.0000000000
71342  -43.979  12.030  13.704 0.0000000000
71343  -44.556  12.207  13.783 0.0000000000
71345  -53.473  11.116  14.369 0.0000000000
71346  -54.248  11.452  14.674 0.0000000000
71351  -41.065  11.435  11.931 0.0000000000
71352  -41.622  11.545  12.308 0.0000000000
71353  -42.307  11.776  12.536 0.0000000000
71354  -42.928  12.074  12.764 0.0000000000
71360  -36.198  11.211  12.075 0.0000000000
71361  -40.103  11.449  11.060 0.0000000000
71362  -40.696  11.504  11.348 0.0000000000
71363  -41.428  11.623  11.518 0.0000000000
71364  -42.163  11.781  11.740 0.0000000000
71365  -42.698  11.955  12.150 0.0000000000
71377  -35.843  12.148  11.202 0.0000000000
71378  -36.556  11.640  10.855 0.0000000000
71379  -37.803  11.413  10.488 0.0000000000
71380  -38.782  11.429  10.437 0.0000000000
71381  -39.658  11.538  10.571 0.0000000000
71382  -40.411  11.686  10.627 0.0000000000
71383  -41.205  11.795  10.723 0.0000000000
71384  -41.813  11.828  11.090 0.0000000000
71391  -36.868  12.164  10.255 0.0000000000
71392  -37.416  11.981  10.080 0.0000000000
71393  -38.351  11.885  9.887 0.0000000000
71394  -39.271  11.885  9.896 0.0000000000
71395  -40.082  11.933  10.029 0.0000000000
71396  -40.767  11.949  10.138 0.0000000000
72088  -55.798  12.214  17.977 0.0000000000
72089  -56.199  11.968  17.917 0.0000000000
72097  -51.051  12.451  15.348 0.0000000000
72098  -51.930  12.497  15.726 0.0000000000
72099  -53.332  12.276  16.470 0.0000000000
72100  -54.892  12.245  17.430 0.0000000000
72101  -55.958  12.421  17.116 0.0000000000
72108  -45.536  12.661  13.830 0.0000000000
72109  -46.095  12.672  14.058 0.0000000000
72110  -47.055  12.846  14.283 0.0000000000
72111  -47.982  12.669  14.528 0.0000000000
72112  -49.002  12.654  14.604 0.0000000000
72113  -50.268  12.578  14.914 0.0000000000
72114  -51.140  12.937  15.110 0.0000000000
72115  -55.131  12.249  14.895 0.0000000000
72116  -55.875  12.416  15.681 0.0000000000
72123  -43.747  12.206  13.414 0.0000000000
72124  -44.153  12.420  13.366 0.0000000000
72125  -44.966  12.775  13.444 0.0000000000
72126  -45.787  13.066  13.567 0.0000000000
72127  -46.493  13.240  13.758 0.0000000000
72129  -52.644  11.945  13.454 0.0000000000
72130  -54.154  12.203  14.222 0.0000000000
72131  -55.220  13.003  14.632 0.0000000000
72136  -43.562  12.389  13.005 0.0000000000
72137  -44.212  12.695  12.686 0.0000000000
72138  -45.021  13.067  12.522 0.0000000000
72141  -52.388  12.887  12.954 0.0000000000
72146  -42.681  12.010  11.691 0.0000000000
72147  -43.344  12.277  11.957 0.0000000000
72148  -44.372  12.910  11.636 0.0000000000
72149  -45.209  13.244  11.792 0.0000000000
72159  -35.891  12.658  10.885 0.0000000000
72160  -36.475  12.538  10.382 0.0000000000
72161  -41.769  11.960  10.625 0.0000000000
72162  -42.470  12.105  10.930 0.0000000000
72163  -43.480  12.679  10.798 0.0000000000
72164  -44.209  13.259  10.629 0.0000000000
72172  -37.102  12.554  9.957 0.0000000000
72173  -37.986  12.507  9.680 0.0000000000
72174  -38.940  12.533  9.631 0.0000000000
72175  -39.803  12.502  9.672 0.0000000000
72176  -40.576  12.378  9.723 0.0000000000
72177  -41.535  12.274  9.892 0.0000000000
72178  -42.695  12.609  9.929 0.0000000000
72179  -43.574  13.212  9.835 0.0000000000
72180  -44.184  13.494  10.095 0.0000000000
72184  -42.033  12.887  9.322 0.0000000000
72185  -42.790  13.117  9.217 0.0000000000
72186  -43.271  13.337  9.219 0.0000000000
72910  -52.631  12.894  15.748 0.0000000000
72911  -53.508  13.329  15.906 0.0000000000
72912  -55.015  13.442  16.652 0.0000000000
72913  -55.894  13.659  16.220 0.0000000000
72914  -56.426  14.312  15.928 0.0000000000
72920  -47.667  13.231  14.223 0.0000000000
72921  -48.324  13.410  14.262 0.0000000000
72922  -49.424  13.759  14.423 0.0000000000
72923  -50.650  13.660  14.736 0.0000000000
72924  -51.964  13.534  15.181 0.0000000000
72925  -52.671  13.955  15.357 0.0000000000
72926  -56.047  13.895  15.316 0.0000000000
72927  -56.415  14.462  15.639 0.0000000000
72934  -45.491  13.340  13.089 0.0000000000
72935  -46.229  13.599  13.217 0.0000000000
72936  -47.460  13.800  13.558 0.0000000000
72937  -48.640  14.095  13.944 0.0000000000
72938  -49.158  14.299  14.115 0.0000000000
72939  -53.257  12.921  13.349 0.0000000000
72940  -54.278  13.617  13.524 0.0000000000
72941  -55.342  13.927  14.304 0.0000000000
72946  -45.825  13.519  12.357 0.0000000000
72947  -46.692  13.963  12.584 0.0000000000
72948  -47.452  14.311  12.569 0.0000000000
72949  -51.956  13.293  12.418 0.0000000000
72950  -53.062  13.951  12.592 0.0000000000
72951  -53.808  14.119  13.028 0.0000000000
72957  -44.931  13.476  11.073 0.0000000000
72958  -45.736  13.589  11.365 0.0000000000
72959  -46.435  13.853  11.708 0.0000000000
72960  -47.060  14.220  11.839 0.0000000000
72962  -52.022  14.095  11.642 0.0000000000
72963  -52.647  14.300  11.999 0.0000000000
72970  -35.603  13.596  10.791 0.0000000000
72971  -36.132  13.024  10.555 0.0000000000
72972  -44.714  13.684  10.284 0.0000000000
72973  -45.485  13.830  10.550 0.0000000000
72974  -46.391  14.011  10.724 0.0000000000
72975  -46.839  14.055  11.294 0.0000000000
72978  -51.468  14.084  10.897 0.0000000000
72985  -35.916  13.824  10.408 0.0000000000
72986  -36.472  13.204  10.177 0.0000000000
72987  -37.473  12.986  9.697 0.0000000000
72988  -38.659  13.226  9.498 0.0000000000
72989  -39.604  13.232  9.494 0.0000000000
72990  -40.382  13.033  9.518 0.0000000000
72991  -40.905  12.737  9.539 0.0000000000
72992  -43.609  13.537  9.237 0.0000000000
72993  -44.265  13.720  9.586 0.0000000000
72994  -45.292  14.115  9.697 0.0000000000
72995  -45.874  14.106  10.166 0.0000000000
72999  -39.307  13.988  9.288 0.0000000000
73000  -39.597  13.990  9.292 0.0000000000
73001  -40.296  13.829  9.276 0.0000000000
73002  -41.148  13.268  9.302 0.0000000000
73003  -41.985  13.629  8.987 0.0000000000
73004  -42.953  13.723  8.865 0.0000000000
73005  -43.834  13.920  8.919 0.0000000000
73006  -44.604  14.109  9.132 0.0000000000
73689  -53.160  14.272  15.480 0.0000000000
73690  -54.258  14.426  15.937 0.0000000000
73691  -55.395  14.429  16.423 0.0000000000
73692  -56.185  14.696  16.317 0.0000000000
73700  -49.510  14.473  14.178 0.0000000000
73701  -50.172  14.559  14.401 0.0000000000
73702  -51.158  14.455  14.663 0.0000000000
73703  -52.308  14.587  14.963 0.0000000000
73704  -53.336  14.918  15.290 0.0000000000
73705  -56.323  14.682  15.330 0.0000000000
73706  -56.477  14.968  15.782 0.0000000000
73713  -47.981  14.367  12.952 0.0000000000
73714  -48.481  14.376  13.349 0.0000000000
73715  -49.239  14.632  13.723 0.0000000000
73716  -49.748  14.875  14.070 0.0000000000
73717  -55.043  14.411  13.688 0.0000000000
73718  -55.872  14.876  14.481 0.0000000000
73719  -56.342  15.290  15.163 0.0000000000
73723  -48.038  14.540  12.434 0.0000000000
73724  -48.604  14.668  12.741 0.0000000000
73725  -49.036  14.702  13.157 0.0000000000
73726  -53.468  14.655  12.345 0.0000000000
73727  -54.246  14.710  12.890 0.0000000000
73728  -55.309  15.112  13.530 0.0000000000
73733  -47.740  14.563  11.831 0.0000000000
73734  -48.438  14.863  12.019 0.0000000000
73735  -52.347  14.676  11.229 0.0000000000
73736  -52.941  14.787  11.751 0.0000000000
73737  -53.723  15.122  12.194 0.0000000000
73745  -35.118  14.179  10.782 0.0000000000
73746  -46.864  14.388  10.278 0.0000000000
73747  -47.332  14.428  10.897 0.0000000000
73748  -48.167  14.989  11.143 0.0000000000
73749  -51.322  14.548  9.980 0.0000000000
73750  -51.904  14.704  10.562 0.0000000000
73751  -52.580  15.069  11.050 0.0000000000
73761  -35.156  14.431  10.309 0.0000000000
73762  -36.176  13.756  10.194 0.0000000000
73763  -36.932  13.243  9.824 0.0000000000
73764  -37.699  13.155  9.608 0.0000000000
73765  -45.775  14.464  9.319 0.0000000000
73766  -46.344  14.421  9.737 0.0000000000
73767  -47.308  14.851  9.910 0.0000000000
73768  -47.835  15.091  10.413 0.0000000000
73770  -51.578  14.927  9.714 0.0000000000
73772  -33.966  15.366  8.987 0.0000000000
73773  -34.312  15.300  9.038 0.0000000000
73774  -35.903  14.541  8.639 0.0000000000
73775  -36.867  14.396  8.465 0.0000000000
73776  -38.044  14.233  8.423 0.0000000000
73777  -39.698  14.488  8.933 0.0000000000
73778  -40.089  14.557  8.792 0.0000000000
73779  -40.992  14.340  8.825 0.0000000000
73780  -42.040  14.334  8.613 0.0000000000
73781  -43.106  14.385  8.565 0.0000000000
73782  -44.257  14.422  8.774 0.0000000000
73783  -45.274  14.530  8.989 0.0000000000
73784  -46.165  14.817  9.048 0.0000000000
73785  -46.905  15.006  9.257 0.0000000000
73790  -35.509  14.896  8.049 0.0000000000
73791  -36.262  14.849  7.745 0.0000000000
73792  -37.273  14.758  7.674 0.0000000000
73793  -38.029  14.728  7.701 0.0000000000
73794  -39.808  15.171  8.380 0.0000000000
73795  -40.242  15.199  8.239 0.0000000000
73796  -41.140  14.917  8.247 0.0000000000
73797  -42.083  14.777  8.313 0.0000000000
73798  -42.763  14.728  8.365 0.0000000000
73803  -36.291  15.353  6.024 0.0000000000
73804  -36.919  15.371  6.045 0.0000000000
73811  -37.930  15.349  5.027 0.0000000000
73812  -38.212  15.416  5.142 0.0000000000
73818  -38.123  15.365  4.933 0.0000000000
73819  -38.388  15.412  4.859 0.0000000000
74465  -54.930  14.962  16.176 0.0000000000
74466  -55.542  15.243  16.214 0.0000000000
74467  -56.195  15.444  16.077 0.0000000000
74477  -50.719  14.949  14.433 0.0000000000
74478  -51.433  15.203  14.461 0.0000000000
74479  -52.752  15.598  14.674 0.0000000000
74480  -54.398  15.518  15.421 0.0000000000
74481  -55.586  15.988  15.632 0.0000000000
74482  -56.200  15.863  15.359 0.0000000000
74489  -49.713  15.045  13.776 0.0000000000
74490  -50.375  15.330  14.012 0.0000000000
74491  -51.635  16.004  13.931 0.0000000000
74492  -52.748  16.393  14.155 0.0000000000
74493  -55.761  15.787  13.931 0.0000000000
74494  -56.156  16.002  14.626 0.0000000000
74498  -49.120  14.871  12.857 0.0000000000
74499  -49.618  15.186  13.168 0.0000000000
74500  -50.625  15.998  13.107 0.0000000000
74501  -51.531  16.531  13.275 0.0000000000
74502  -54.357  15.537  12.341 0.0000000000
74503  -55.210  15.915  12.998 0.0000000000
74507  -49.103  15.102  12.412 0.0000000000
74508  -49.756  15.798  12.209 0.0000000000
74509  -50.482  16.413  12.335 0.0000000000
74510  -52.987  15.377  11.250 0.0000000000
74511  -53.765  15.757  11.602 0.0000000000
74519  -48.914  15.435  11.539 0.0000000000
74520  -49.411  16.110  11.204 0.0000000000
74521  -52.048  15.265  10.052 0.0000000000
74522  -52.789  15.807  10.568 0.0000000000
74523  -53.855  16.499  11.055 0.0000000000
74536  -47.856  15.357  9.942 0.0000000000
74537  -48.562  15.820  10.285 0.0000000000
74538  -49.313  16.362  10.566 0.0000000000
74539  -51.975  15.728  9.529 0.0000000000
74540  -52.525  16.204  9.941 0.0000000000
74546  -33.849  15.505  8.196 0.0000000000
74547  -34.273  15.500  7.736 0.0000000000
74548  -38.557  14.627  7.882 0.0000000000
74549  -39.054  14.718  7.708 0.0000000000
74550  -43.761  14.652  8.597 0.0000000000
74551  -44.931  14.826  8.730 0.0000000000
74552  -45.812  15.102  8.774 0.0000000000
74553  -46.804  15.518  8.732 0.0000000000
74554  -47.775  15.634  9.319 0.0000000000
74555  -48.354  16.067  9.512 0.0000000000
74557  -51.320  15.751  8.845 0.0000000000
74561  -33.356  15.596  7.316 0.0000000000
74562  -34.037  15.530  7.055 0.0000000000
74563  -34.715  15.418  6.569 0.0000000000
74564  -35.638  15.353  6.082 0.0000000000
74565  -37.568  15.435  6.207 0.0000000000
74566  -38.222  15.620  6.485 0.0000000000
74567  -39.249  15.879  7.424 0.0000000000
74568  -40.231  15.669  7.752 0.0000000000
74569  -41.365  15.074  8.061 0.0000000000
74570  -42.077  14.935  8.143 0.0000000000
74571  -43.804  15.576  7.215 0.0000000000
74572  -45.607  15.192  8.668 0.0000000000
74573  -46.198  15.447  8.642 0.0000000000
74574  -46.680  15.746  8.584 0.0000000000
74579  -32.808  15.897  6.537 0.0000000000
74580  -33.592  15.705  6.381 0.0000000000
74581  -34.352  15.537  6.086 0.0000000000
74582  -35.236  15.395  5.815 0.0000000000
74583  -36.299  15.361  5.767 0.0000000000
74584  -37.464  15.445  5.930 0.0000000000
74585  -38.419  15.733  6.223 0.0000000000
74586  -39.116  15.961  6.434 0.0000000000
74587  -40.613  15.279  6.278 0.0000000000
74588  -41.638  15.456  6.254 0.0000000000
74589  -42.804  15.796  6.191 0.0000000000
74590  -43.585  15.942  6.562 0.0000000000
74598  -33.186  16.010  5.852 0.0000000000
74599  -33.831  15.900  5.453 0.0000000000
74600  -34.738  15.663  5.233 0.0000000000
74601  -35.713  15.477  5.068 0.0000000000
74602  -36.802  15.322  5.114 0.0000000000
74603  -37.883  15.378  5.263 0.0000000000
74604  -38.569  15.556  5.377 0.0000000000
74605  -39.088  15.571  5.094 0.0000000000
74606  -40.802  15.542  5.426 0.0000000000
74607  -41.751  15.756  5.380 0.0000000000
74608  -42.476  15.996  5.230 0.0000000000
74615  -34.293  16.017  4.752 0.0000000000
74616  -35.051  15.856  4.207 0.0000000000
74617  -36.207  15.524  4.214 0.0000000000
74618  -37.259  15.378  4.311 0.0000000000
74619  -38.122  15.402  4.403 0.0000000000
74620  -38.793  15.541  4.393 0.0000000000
74621  -39.383  15.755  3.973 0.0000000000
74622  -41.082  15.790  4.561 0.0000000000
74623  -41.941  16.025  4.435 0.0000000000
74624  -42.491  16.118  4.716 0.0000000000
74629  -35.119  16.157  3.560 0.0000000000
74630  -35.745  16.011  3.291 0.0000000000
74631  -36.803  15.632  3.388 0.0000000000
74632  -37.756  15.513  3.499 0.0000000000
74633  -38.574  15.573  3.533 0.0000000000
74634  -39.314  15.807  3.380 0.0000000000
74635  -40.233  16.236  2.921 0.0000000000
74636  -41.337  15.967  3.992 0.0000000000
74641  -35.889  16.287  2.712 0.0000000000
74642  -36.493  16.097  2.481 0.0000000000
74643  -37.453  15.720  2.651 0.0000000000
74644  -38.328  15.636  2.744 0.0000000000
74645  -39.085  15.732  2.773 0.0000000000
74646  -39.756  16.049  2.592 0.0000000000
74649  -36.753  16.341  1.898 0.0000000000
74650  -37.274  16.031  1.924 0.0000000000
74651  -38.109  15.741  1.959 0.0000000000
74652  -38.972  15.715  2.108 0.0000000000
74653  -39.446  15.870  2.302 0.0000000000
75259  -53.657  16.275  14.573 0.0000000000
75260  -54.757  16.569  14.857 0.0000000000
75261  -55.761  16.613  14.899 0.0000000000
75262  -56.102  16.416  14.715 0.0000000000
75268  -52.292  16.692  13.647 0.0000000000
75269  -53.584  17.138  13.871 0.0000000000
75270  -55.141  17.246  14.236 0.0000000000
75271  -55.842  16.850  13.961 0.0000000000
75272  -56.107  16.498  14.482 0.0000000000
75277  -51.104  16.678  12.721 0.0000000000
75278  -52.110  17.258  12.925 0.0000000000
75279  -53.080  17.597  13.260 0.0000000000
75280  -54.755  16.206  12.157 0.0000000000
75281  -55.351  17.163  12.466 0.0000000000
75285  -50.063  16.467  11.728 0.0000000000
75286  -50.888  17.162  11.890 0.0000000000
75287  -51.700  17.497  12.213 0.0000000000
75288  -54.669  16.729  11.573 0.0000000000
75289  -55.173  17.623  11.479 0.0000000000
75295  -49.900  16.786  10.943 0.0000000000
75296  -50.436  17.426  10.893 0.0000000000
75297  -53.611  16.894  10.485 0.0000000000
75298  -54.520  17.263  10.883 0.0000000000
75299  -55.033  17.777  10.945 0.0000000000
75309  -48.713  16.351  9.583 0.0000000000
75310  -49.393  16.762  9.936 0.0000000000
75311  -49.991  17.148  10.427 0.0000000000
75312  -52.521  16.794  9.554 0.0000000000
75313  -52.927  16.660  10.124 0.0000000000
75317  -47.143  16.081  8.533 0.0000000000
75318  -47.720  16.356  8.625 0.0000000000
75319  -48.462  16.393  9.066 0.0000000000
75320  -48.915  16.639  9.367 0.0000000000
75322  -51.743  16.545  8.860 0.0000000000
75326  -44.093  16.133  6.639 0.0000000000
75327  -44.724  16.233  6.953 0.0000000000
75328  -45.674  16.583  7.117 0.0000000000
75329  -46.541  16.619  7.610 0.0000000000
75330  -47.498  16.474  8.464 0.0000000000
75332  -51.333  16.682  8.342 0.0000000000
75337  -43.116  16.137  5.529 0.0000000000
75338  -43.781  16.266  5.987 0.0000000000
75339  -44.734  16.631  6.235 0.0000000000
75340  -45.150  16.636  6.687 0.0000000000
75346  -32.527  16.530  5.593 0.0000000000
75347  -33.255  16.217  5.365 0.0000000000
75348  -42.981  16.237  4.879 0.0000000000
75349  -43.710  16.446  5.109 0.0000000000
75350  -44.623  16.798  5.312 0.0000000000
75351  -45.145  17.106  4.917 0.0000000000
75357  -32.780  16.849  4.841 0.0000000000
75358  -33.544  16.549  4.617 0.0000000000
75359  -34.360  16.237  4.281 0.0000000000
75360  -42.217  16.218  3.857 0.0000000000
75361  -42.710  16.294  4.162 0.0000000000
75362  -43.542  16.530  4.277 0.0000000000
75363  -44.316  16.783  4.429 0.0000000000
75364  -44.979  17.074  4.433 0.0000000000
75369  -33.839  16.974  3.902 0.0000000000
75370  -34.602  16.611  3.585 0.0000000000
75371  -35.197  16.339  3.265 0.0000000000
75372  -40.872  16.615  2.546 0.0000000000
75373  -41.387  16.743  2.470 0.0000000000
75374  -42.394  16.882  2.208 0.0000000000
75375  -43.199  16.867  1.988 0.0000000000
75376  -43.863  17.035  1.827 0.0000000000
75377  -44.779  17.056  3.833 0.0000000000
75382  -34.898  16.857  3.069 0.0000000000
75383  -35.410  16.728  2.742 0.0000000000
75384  -35.995  16.464  2.419 0.0000000000
75385  -40.505  16.465  2.335 0.0000000000
75386  -41.265  16.821  2.208 0.0000000000
75387  -42.051  16.947  2.110 0.0000000000
75388  -42.830  16.892  1.940 0.0000000000
75389  -43.531  17.010  1.729 0.0000000000
75394  -35.684  17.207  2.181 0.0000000000
75395  -36.260  16.896  1.848 0.0000000000
75396  -37.063  16.508  1.425 0.0000000000
75397  -37.872  16.220  1.312 0.0000000000
75398  -38.812  16.113  1.409 0.0000000000
75399  -39.848  16.206  1.769 0.0000000000
75400  -40.878  16.771  1.736 0.0000000000
75401  -41.782  17.054  1.650 0.0000000000
75402  -42.510  17.047  1.715 0.0000000000
75403  -43.119  17.040  1.597 0.0000000000
75408  -36.483  17.351  1.279 0.0000000000
75409  -36.838  17.117  1.066 0.0000000000
75410  -37.562  16.822  0.786 0.0000000000
75411  -38.479  16.632  0.727 0.0000000000
75412  -39.482  16.617  0.843 0.0000000000
75413  -40.476  16.800  1.018 0.0000000000
75414  -41.266  17.068  1.169 0.0000000000
76030  -53.733  17.854  13.314 0.0000000000
76031  -54.677  17.856  13.586 0.0000000000
76032  -55.375  17.570  13.713 0.0000000000
76038  -52.200  17.738  12.331 0.0000000000
76039  -53.025  17.986  12.767 0.0000000000
76040  -54.300  18.412  12.838 0.0000000000
76041  -55.338  18.084  12.982 0.0000000000
76044  -50.977  17.741  11.291 0.0000000000
76045  -51.700  17.907  11.695 0.0000000000
76046  -52.578  18.183  12.053 0.0000000000
76047  -53.443  18.552  12.291 0.0000000000
76048  -55.550  18.313  12.002 0.0000000000
76052  -50.843  17.973  10.761 0.0000000000
76053  -51.302  18.108  11.126 0.0000000000
76054  -54.255  17.535  10.266 0.0000000000
76055  -54.890  17.919  10.490 0.0000000000
76056  -55.313  18.415  11.052 0.0000000000
76067  -49.662  17.266  9.565 0.0000000000
76068  -50.260  17.680  10.061 0.0000000000
76069  -52.936  17.480  9.357 0.0000000000
76070  -53.562  17.484  9.737 0.0000000000
76071  -54.699  18.144  9.741 0.0000000000
76072  -55.229  18.572  10.240 0.0000000000
76080  -47.990  16.831  8.483 0.0000000000
76081  -48.439  16.901  8.672 0.0000000000
76082  -49.173  17.014  9.120 0.0000000000
76083  -49.866  17.670  9.385 0.0000000000
76084  -52.483  17.396  8.901 0.0000000000
76085  -53.419  17.988  8.915 0.0000000000
76086  -54.258  18.186  9.169 0.0000000000
76090  -46.028  17.095  6.739 0.0000000000
76091  -46.488  17.149  7.034 0.0000000000
76092  -47.763  16.742  8.431 0.0000000000
76093  -48.195  16.999  8.477 0.0000000000
76094  -51.233  17.223  7.555 0.0000000000
76095  -51.828  17.403  8.053 0.0000000000
76096  -52.761  17.986  8.403 0.0000000000
76100  -45.153  16.962  5.953 0.0000000000
76101  -45.582  17.049  6.296 0.0000000000
76102  -46.446  17.525  6.421 0.0000000000
76103  -46.992  17.657  6.787 0.0000000000
76105  -51.517  17.610  7.276 0.0000000000
76111  -44.963  16.907  5.757 0.0000000000
76112  -45.411  17.204  5.398 0.0000000000
76113  -46.203  17.635  5.641 0.0000000000
76116  -51.274  17.700  6.650 0.0000000000
76120  -32.944  17.060  4.554 0.0000000000
76121  -45.530  17.384  4.470 0.0000000000
76122  -46.119  17.743  4.728 0.0000000000
76127  -33.265  17.496  4.066 0.0000000000
76128  -34.063  17.406  3.459 0.0000000000
76129  -44.270  17.337  1.770 0.0000000000
76130  -45.365  17.409  3.587 0.0000000000
76131  -46.047  17.818  3.769 0.0000000000
76134  -50.886  18.055  4.463 0.0000000000
76136  -34.722  17.311  2.925 0.0000000000
76137  -35.272  17.581  2.325 0.0000000000
76138  -44.126  17.338  1.575 0.0000000000
76139  -44.439  17.685  1.515 0.0000000000
76140  -45.865  17.881  2.798 0.0000000000
76143  -51.177  18.432  3.020 0.0000000000
76145  -35.773  17.676  1.794 0.0000000000
76146  -36.222  17.699  1.334 0.0000000000
76147  -42.313  17.167  1.402 0.0000000000
76148  -42.832  17.222  1.245 0.0000000000
76149  -43.721  17.429  1.200 0.0000000000
76150  -44.391  17.852  1.279 0.0000000000
76151  -44.580  18.164  1.150 0.0000000000
76153  -50.861  17.633  1.755 0.0000000000
76154  -51.645  17.728  1.232 0.0000000000
76156  -36.604  17.733  0.876 0.0000000000
76157  -37.225  17.624  0.403 0.0000000000
76158  -38.079  17.277  0.215 0.0000000000
76159  -39.027  17.213  0.200 0.0000000000
76160  -40.020  17.293  0.329 0.0000000000
76161  -40.985  17.412  0.533 0.0000000000
76162  -42.051  17.391  0.824 0.0000000000
76163  -43.092  17.587  0.587 0.0000000000
76164  -43.852  17.962  0.515 0.0000000000
76166  -50.975  17.155  0.784 0.0000000000
76167  -52.055  17.641  0.612 0.0000000000
76168  -52.885  17.838  0.262 0.0000000000
76170  -37.769  17.896  -0.096 0.0000000000
76171  -38.512  17.887  -0.245 0.0000000000
76172  -39.486  17.930  -0.272 0.0000000000
76173  -40.492  17.966  -0.182 0.0000000000
76174  -41.485  17.942  -0.044 0.0000000000
76175  -42.467  17.955  -0.032 0.0000000000
76176  -43.331  18.134  -0.057 0.0000000000
76177  -43.886  18.467  0.052 0.0000000000
76178  -51.384  17.084  0.175 0.0000000000
76179  -52.089  17.368  -0.209 0.0000000000
76180  -53.418  17.835  -0.325 0.0000000000
76799  -54.993  18.770  12.586 0.0000000000
76800  -55.300  18.817  12.268 0.0000000000
76804  -52.243  18.373  11.638 0.0000000000
76805  -52.931  18.791  11.710 0.0000000000
76806  -54.429  19.188  11.910 0.0000000000
76807  -55.323  19.140  11.538 0.0000000000
76810  -51.263  18.295  10.823 0.0000000000
76811  -51.908  18.649  11.095 0.0000000000
76812  -53.197  19.553  11.059 0.0000000000
76813  -54.186  19.653  11.315 0.0000000000
76814  -55.395  19.260  10.582 0.0000000000
76822  -51.141  18.482  10.380 0.0000000000
76823  -51.999  19.427  10.163 0.0000000000
76824  -52.786  19.907  10.434 0.0000000000
76825  -54.800  18.526  9.135 0.0000000000
76826  -55.294  19.120  9.421 0.0000000000
76836  -48.960  17.187  8.774 0.0000000000
76837  -49.546  17.547  8.970 0.0000000000
76838  -50.873  18.842  9.462 0.0000000000
76839  -51.645  19.561  9.470 0.0000000000
76840  -53.429  18.309  8.307 0.0000000000
76841  -54.569  18.814  8.325 0.0000000000
76842  -55.419  19.392  8.646 0.0000000000
76847  -47.954  17.903  7.292 0.0000000000
76848  -48.752  17.193  8.618 0.0000000000
76849  -49.853  18.763  7.868 0.0000000000
76850  -50.383  19.005  8.040 0.0000000000
76851  -52.027  17.939  7.466 0.0000000000
76852  -52.967  18.404  7.586 0.0000000000
76853  -54.327  19.198  6.917 0.0000000000
76858  -47.011  17.898  6.432 0.0000000000
76859  -47.749  18.253  6.548 0.0000000000
76860  -48.505  18.680  6.764 0.0000000000
76861  -51.982  18.221  6.888 0.0000000000
76862  -53.155  18.909  6.139 0.0000000000
76863  -54.402  19.336  6.152 0.0000000000
76868  -46.927  18.025  5.926 0.0000000000
76869  -47.462  18.519  5.428 0.0000000000
76871  -51.524  18.155  5.968 0.0000000000
76872  -52.165  18.615  4.973 0.0000000000
76877  -46.786  18.151  5.044 0.0000000000
76878  -47.360  18.638  4.469 0.0000000000
76879  -51.177  18.042  5.265 0.0000000000
76880  -51.884  18.735  3.992 0.0000000000
76885  -46.698  18.229  4.080 0.0000000000
76886  -47.281  18.700  3.470 0.0000000000
76891  -46.558  18.290  3.045 0.0000000000
76892  -47.124  18.745  2.437 0.0000000000
76893  -52.539  18.611  1.833 0.0000000000
76895  -35.949  18.422  1.330 0.0000000000
76896  -36.336  18.212  0.958 0.0000000000
76897  -44.270  18.038  0.942 0.0000000000
76898  -44.556  18.393  0.896 0.0000000000
76899  -44.647  18.590  0.662 0.0000000000
76900  -47.012  18.853  1.500 0.0000000000
76901  -51.854  18.121  1.655 0.0000000000
76902  -52.660  18.305  1.274 0.0000000000
76903  -53.742  18.730  1.005 0.0000000000
76904  -54.735  19.320  0.699 0.0000000000
76906  -36.242  18.709  0.886 0.0000000000
76907  -36.666  18.522  0.368 0.0000000000
76908  -37.291  18.276  -0.071 0.0000000000
76909  -44.297  18.492  0.474 0.0000000000
76910  -44.610  18.857  0.344 0.0000000000
76911  -44.727  19.058  0.193 0.0000000000
76912  -47.053  18.974  0.961 0.0000000000
76913  -53.037  18.131  0.739 0.0000000000
76914  -53.954  18.521  0.361 0.0000000000
76915  -55.091  19.728  -0.041 0.0000000000
76917  -37.135  18.881  -0.286 0.0000000000
76918  -37.874  18.617  -0.502 0.0000000000
76919  -38.871  18.634  -0.675 0.0000000000
76920  -39.917  18.777  -0.825 0.0000000000
76921  -40.961  18.577  -0.702 0.0000000000
76922  -41.892  18.527  -0.646 0.0000000000
76923  -42.782  18.577  -0.611 0.0000000000
76924  -43.546  18.762  -0.490 0.0000000000
76925  -44.208  18.989  -0.218 0.0000000000
76926  -44.615  19.433  -0.307 0.0000000000
76927  -44.831  19.291  -0.144 0.0000000000
76928  -54.476  18.768  -0.247 0.0000000000
76931  -40.594  19.197  -1.260 0.0000000000
76932  -41.388  19.099  -1.264 0.0000000000
76933  -42.255  19.077  -1.203 0.0000000000
76934  -43.070  19.166  -1.106 0.0000000000
76935  -43.806  19.270  -0.994 0.0000000000
76936  -44.395  19.420  -0.878 0.0000000000
76937  -44.684  19.529  -0.809 0.0000000000
76938  -47.577  18.985  -2.134 0.0000000000
76939  -48.361  18.970  -2.003 0.0000000000
76940  -49.255  18.996  -1.954 0.0000000000
76941  -50.127  19.062  -1.935 0.0000000000
76942  -50.636  19.116  -1.907 0.0000000000
77609  -54.687  19.690  11.368 0.0000000000
77610  -55.022  19.561  11.542 0.0000000000
77614  -53.367  20.108  10.500 0.0000000000
77615  -54.265  20.017  10.837 0.0000000000
77616  -55.112  19.737  11.048 0.0000000000
77622  -52.076  19.969  9.512 0.0000000000
77623  -52.827  20.335  9.882 0.0000000000
77624  -53.899  20.473  10.130 0.0000000000
77625  -55.046  20.139  9.981 0.0000000000
77635  -51.423  20.033  8.468 0.0000000000
77636  -51.773  20.125  8.866 0.0000000000
77637  -52.372  20.444  9.232 0.0000000000
77638  -55.524  19.632  8.120 0.0000000000
77639  -55.603  20.109  8.777 0.0000000000
77643  -48.967  18.966  6.811 0.0000000000
77644  -49.555  19.116  7.159 0.0000000000
77645  -51.559  20.724  7.576 0.0000000000
77646  -51.658  20.568  8.104 0.0000000000
77647  -55.368  19.688  7.250 0.0000000000
77648  -55.671  20.360  7.668 0.0000000000
77652  -48.078  18.879  5.661 0.0000000000
77653  -48.661  19.085  6.167 0.0000000000
77654  -49.493  19.501  6.459 0.0000000000
77655  -51.627  21.045  6.979 0.0000000000
77656  -54.520  19.479  5.583 0.0000000000
77657  -55.417  19.723  6.046 0.0000000000
77658  -55.874  20.518  6.564 0.0000000000
77662  -48.005  19.021  4.857 0.0000000000
77663  -48.676  19.389  5.222 0.0000000000
77664  -49.374  19.726  5.641 0.0000000000
77665  -53.799  19.347  4.922 0.0000000000
77666  -55.458  20.119  4.769 0.0000000000
77667  -56.059  20.716  5.527 0.0000000000
77672  -48.025  19.131  3.889 0.0000000000
77673  -48.629  19.477  4.364 0.0000000000
77674  -51.295  22.240  3.991 0.0000000000
77675  -53.104  19.187  4.102 0.0000000000
77676  -54.533  19.711  4.038 0.0000000000
77683  -47.931  19.149  2.866 0.0000000000
77684  -51.158  22.175  2.673 0.0000000000
77691  -47.664  19.097  1.933 0.0000000000
77692  -48.439  19.447  2.155 0.0000000000
77696  -47.409  19.074  1.241 0.0000000000
77697  -47.974  19.292  1.288 0.0000000000
77698  -50.744  21.841  1.359 0.0000000000
77699  -53.318  18.867  1.691 0.0000000000
77703  -46.599  18.988  0.117 0.0000000000
77704  -47.210  19.108  0.458 0.0000000000
77705  -48.210  19.376  0.460 0.0000000000
77706  -50.771  21.818  1.026 0.0000000000
77707  -51.224  21.674  0.483 0.0000000000
77708  -51.918  21.630  0.181 0.0000000000
77709  -55.607  20.539  0.444 0.0000000000
77713  -38.328  19.357  -0.984 0.0000000000
77714  -39.143  19.321  -1.105 0.0000000000
77715  -44.879  19.466  -0.686 0.0000000000
77716  -44.820  19.425  -0.484 0.0000000000
77717  -47.464  19.196  -0.520 0.0000000000
77718  -48.493  19.341  -0.411 0.0000000000
77719  -49.418  19.460  -0.448 0.0000000000
77720  -51.933  21.413  -0.157 0.0000000000
77721  -52.702  21.583  -0.445 0.0000000000
77722  -53.815  21.959  -0.970 0.0000000000
77723  -55.317  21.616  -0.821 0.0000000000
77729  -41.788  19.604  -1.759 0.0000000000
77730  -42.581  19.607  -1.698 0.0000000000
77731  -43.341  19.643  -1.655 0.0000000000
77732  -44.043  19.686  -1.602 0.0000000000
77733  -44.646  19.617  -1.431 0.0000000000
77734  -46.677  19.106  -1.832 0.0000000000
77735  -47.863  19.130  -1.328 0.0000000000
77736  -48.818  19.184  -1.211 0.0000000000
77737  -49.726  19.251  -1.228 0.0000000000
77738  -52.429  21.195  -0.905 0.0000000000
77739  -53.074  21.208  -1.211 0.0000000000
77745  -42.147  19.991  -2.222 0.0000000000
77746  -42.831  19.983  -2.335 0.0000000000
77747  -43.577  19.902  -2.330 0.0000000000
77748  -44.274  19.835  -2.528 0.0000000000
77749  -45.020  19.653  -3.163 0.0000000000
77751  -52.568  20.627  -1.697 0.0000000000
77758  -43.159  20.037  -2.832 0.0000000000
78395  -53.524  20.704  9.659 0.0000000000
78396  -54.260  20.828  9.483 0.0000000000
78397  -55.093  20.748  9.072 0.0000000000
78407  -52.331  20.668  8.791 0.0000000000
78408  -53.145  20.989  9.014 0.0000000000
78409  -54.434  21.263  8.623 0.0000000000
78410  -55.356  20.951  8.192 0.0000000000
78420  -51.763  20.858  7.608 0.0000000000
78421  -52.264  21.007  7.975 0.0000000000
78422  -53.518  21.540  7.821 0.0000000000
78423  -54.751  21.616  7.607 0.0000000000
78424  -55.564  21.169  7.108 0.0000000000
78427  -51.646  21.268  6.628 0.0000000000
78428  -51.790  21.290  6.906 0.0000000000
78429  -52.670  21.826  6.592 0.0000000000
78430  -53.995  21.988  6.803 0.0000000000
78431  -55.095  21.916  6.642 0.0000000000
78432  -55.736  21.556  5.979 0.0000000000
78436  -51.641  21.614  6.138 0.0000000000
78437  -51.884  21.969  5.802 0.0000000000
78438  -52.310  22.125  5.787 0.0000000000
78439  -55.634  21.154  3.456 0.0000000000
78440  -55.588  21.896  4.679 0.0000000000
78445  -51.508  22.047  5.207 0.0000000000
78446  -55.052  22.948  4.324 0.0000000000
78464  -51.022  22.058  1.346 0.0000000000
78465  -52.123  22.303  1.174 0.0000000000
78466  -53.313  22.923  0.967 0.0000000000
78467  -54.382  23.324  1.201 0.0000000000
78468  -55.936  21.158  1.214 0.0000000000
78471  -50.933  21.846  0.829 0.0000000000
78472  -51.518  21.863  0.701 0.0000000000
78473  -52.901  22.228  0.229 0.0000000000
78474  -54.663  23.138  0.320 0.0000000000
78475  -55.466  22.083  0.298 0.0000000000
78479  -53.395  22.095  -0.455 0.0000000000
78480  -54.270  22.534  -0.505 0.0000000000
78481  -55.223  22.726  -0.390 0.0000000000
78494  -42.348  20.180  -2.604 0.0000000000
79098  -52.708  22.331  5.723 0.0000000000
79099  -53.495  22.326  5.926 0.0000000000
79100  -54.539  22.280  6.033 0.0000000000
79101  -55.233  22.099  6.034 0.0000000000
79105  -52.286  22.618  5.235 0.0000000000
79106  -53.199  22.822  5.233 0.0000000000
79107  -54.221  22.686  5.306 0.0000000000
79108  -55.155  22.308  5.461 0.0000000000
79113  -54.053  23.206  4.464 0.0000000000
79114  -54.968  22.793  4.842 0.0000000000
79131  -52.609  22.785  1.492 0.0000000000
79132  -53.443  23.214  1.711 0.0000000000
79133  -55.200  23.317  2.239 0.0000000000
79136  -55.168  23.535  1.108 0.0000000000
79137  -55.654  22.661  1.109 0.0000000000
105233  -52.649  19.043  3.379 0.0000000000
105234  -51.879  18.439  2.137 0.0000000000
105235  -54.444  23.730  2.820 0.0000000000
105236  -51.834  22.631  3.395 0.0000000000
105237  -50.842  21.961  1.809 0.0000000000
105238  -51.378  22.355  3.275 0.0000000000
105239  -54.110  19.629  3.348 0.0000000000
105240  -53.404  19.254  2.427 0.0000000000
105241  -53.553  18.824  1.370 0.0000000000
105242  -54.605  19.543  1.432 0.0000000000
105243  -51.065  22.128  2.013 0.0000000000
105244  -51.476  22.415  3.908 0.0000000000
105245  -51.920  22.738  4.001 0.0000000000
105246  -53.082  23.271  3.438 0.0000000000
105247  -52.001  22.568  2.290 0.0000000000
105248  -54.820  23.108  3.536 0.0000000000
105249  -55.101  20.307  2.800 0.0000000000
105250  -55.489  20.419  2.118 0.0000000000
105251  -51.668  22.412  4.703 0.0000000000
105252  -52.259  22.878  4.425 0.0000000000
105253  -53.605  23.510  2.834 0.0000000000
105254  -53.534  23.314  2.483 0.0000000000
105255  -54.043  23.687  3.177 0.0000000000
105256  -55.810  21.393  2.539 0.0000000000
105257  -55.976  21.840  1.884 0.0000000000
105258  -52.889  23.097  4.586 0.0000000000
105259  -53.809  23.675  2.907 0.0000000000
105260  -54.070  23.717  2.542 0.0000000000
