#!ascii label  , from subject FREESURFER vox2ras=TkReg 
795
16255  -19.201  -52.791  19.849 0.0000000000
16263  -19.148  -52.482  18.736 0.0000000000
16272  -18.928  -52.875  17.828 0.0000000000
16769  -19.801  -52.125  20.323 0.0000000000
16770  -20.770  -52.415  20.702 0.0000000000
16783  -19.433  -51.909  19.219 0.0000000000
16791  -19.267  -51.903  18.578 0.0000000000
16800  -19.104  -51.993  17.974 0.0000000000
16809  -19.027  -52.231  16.979 0.0000000000
17322  -20.092  -51.377  19.883 0.0000000000
17323  -20.532  -51.554  20.159 0.0000000000
17324  -21.340  -51.673  20.243 0.0000000000
17325  -22.379  -51.367  20.152 0.0000000000
17336  -19.776  -50.963  19.316 0.0000000000
17337  -20.437  -50.835  19.691 0.0000000000
17338  -21.111  -51.002  19.912 0.0000000000
17339  -21.653  -51.198  19.945 0.0000000000
17350  -19.322  -51.243  18.384 0.0000000000
17359  -19.188  -51.298  17.320 0.0000000000
17366  -19.301  -51.459  16.306 0.0000000000
17914  -11.883  -51.321  22.470 0.0000000000
17915  -12.503  -51.490  22.268 0.0000000000
17916  -13.037  -51.280  21.913 0.0000000000
17925  -11.647  -51.372  21.579 0.0000000000
17926  -12.466  -51.257  20.998 0.0000000000
17927  -13.019  -51.108  21.477 0.0000000000
17937  -10.876  -50.793  19.610 0.0000000000
17938  -11.356  -51.121  20.050 0.0000000000
17939  -12.056  -51.062  19.507 0.0000000000
17940  -22.568  -50.156  19.911 0.0000000000
17941  -23.219  -50.379  20.459 0.0000000000
17950  -11.055  -50.769  19.054 0.0000000000
17951  -11.615  -50.933  18.852 0.0000000000
17952  -11.942  -51.061  18.926 0.0000000000
17953  -19.866  -50.270  18.912 0.0000000000
17954  -20.333  -49.970  19.126 0.0000000000
17955  -21.116  -50.203  19.543 0.0000000000
17956  -21.827  -50.617  19.735 0.0000000000
17967  -10.963  -50.975  18.815 0.0000000000
17968  -11.156  -51.054  18.831 0.0000000000
17969  -19.599  -50.310  18.435 0.0000000000
17970  -19.937  -49.876  18.647 0.0000000000
17979  -19.373  -50.510  17.624 0.0000000000
17984  -19.522  -50.480  16.605 0.0000000000
17985  -19.868  -49.911  16.160 0.0000000000
17991  -19.554  -50.931  15.896 0.0000000000
17992  -19.972  -50.389  15.499 0.0000000000
18564  -12.884  -50.498  23.304 0.0000000000
18565  -13.116  -50.591  23.266 0.0000000000
18571  -11.421  -50.672  22.194 0.0000000000
18572  -12.431  -50.654  22.990 0.0000000000
18573  -13.221  -50.889  22.714 0.0000000000
18582  -10.826  -50.712  21.016 0.0000000000
18583  -12.925  -50.865  21.086 0.0000000000
18584  -13.322  -50.650  21.793 0.0000000000
18585  -23.616  -49.404  20.916 0.0000000000
18593  -10.701  -50.486  19.410 0.0000000000
18594  -10.713  -50.568  19.988 0.0000000000
18595  -12.596  -50.671  20.061 0.0000000000
18596  -13.046  -50.319  20.987 0.0000000000
18597  -22.618  -49.539  19.808 0.0000000000
18598  -23.055  -49.342  20.195 0.0000000000
18607  -10.733  -50.445  18.973 0.0000000000
18608  -11.626  -50.897  18.400 0.0000000000
18609  -12.022  -50.831  18.743 0.0000000000
18610  -20.645  -49.356  18.845 0.0000000000
18611  -21.185  -49.332  19.079 0.0000000000
18612  -22.066  -49.567  19.445 0.0000000000
18613  -22.644  -49.056  19.756 0.0000000000
18622  -10.923  -50.603  18.614 0.0000000000
18623  -11.282  -50.782  18.352 0.0000000000
18624  -11.545  -50.741  18.204 0.0000000000
18625  -19.815  -49.647  18.202 0.0000000000
18626  -20.313  -49.199  18.427 0.0000000000
18627  -20.890  -48.928  18.677 0.0000000000
18637  -19.608  -49.818  17.672 0.0000000000
18638  -19.963  -49.112  17.672 0.0000000000
18647  -19.530  -50.042  17.188 0.0000000000
18648  -19.826  -49.399  16.767 0.0000000000
18653  -20.117  -49.374  15.690 0.0000000000
18665  -20.354  -49.670  14.910 0.0000000000
19280  -14.784  -48.895  24.802 0.0000000000
19281  -15.082  -49.229  25.038 0.0000000000
19282  -15.738  -48.937  25.418 0.0000000000
19289  -14.719  -49.027  24.287 0.0000000000
19290  -15.292  -48.820  24.401 0.0000000000
19291  -15.560  -48.769  24.851 0.0000000000
19298  -13.005  -50.018  23.353 0.0000000000
19299  -13.464  -50.150  23.165 0.0000000000
19300  -14.552  -49.054  24.076 0.0000000000
19301  -14.882  -49.029  24.038 0.0000000000
19308  -11.628  -49.591  22.633 0.0000000000
19309  -12.374  -49.545  23.114 0.0000000000
19310  -13.703  -49.887  22.559 0.0000000000
19311  -13.914  -49.014  22.250 0.0000000000
19317  -10.932  -49.627  21.606 0.0000000000
19318  -13.510  -49.372  21.524 0.0000000000
19319  -13.860  -48.680  21.883 0.0000000000
19320  -23.836  -48.484  21.417 0.0000000000
19325  -10.580  -50.234  19.681 0.0000000000
19326  -10.588  -49.772  20.115 0.0000000000
19327  -12.400  -49.975  19.148 0.0000000000
19328  -12.837  -49.658  20.363 0.0000000000
19329  -23.437  -48.434  20.670 0.0000000000
19336  -10.576  -50.152  19.240 0.0000000000
19337  -10.651  -49.764  18.794 0.0000000000
19338  -11.733  -49.796  17.878 0.0000000000
19339  -21.815  -48.932  19.123 0.0000000000
19340  -22.327  -48.405  19.393 0.0000000000
19341  -22.967  -48.403  20.012 0.0000000000
19349  -10.685  -50.268  18.720 0.0000000000
19350  -10.952  -50.392  18.279 0.0000000000
19351  -11.307  -50.578  18.077 0.0000000000
19352  -20.816  -48.346  18.311 0.0000000000
19353  -21.544  -48.337  18.776 0.0000000000
19354  -22.062  -47.845  19.051 0.0000000000
19362  -20.406  -48.378  17.803 0.0000000000
19372  -20.147  -48.318  17.062 0.0000000000
19382  -11.897  -48.982  15.065 0.0000000000
19383  -12.115  -49.027  15.037 0.0000000000
19384  -20.227  -48.252  15.996 0.0000000000
19398  -11.939  -49.132  14.474 0.0000000000
19399  -12.458  -49.014  14.561 0.0000000000
19400  -12.901  -48.895  14.416 0.0000000000
19401  -20.418  -48.650  14.754 0.0000000000
19413  -11.923  -49.080  13.308 0.0000000000
19414  -12.546  -49.323  13.709 0.0000000000
19415  -13.065  -49.122  13.939 0.0000000000
19429  -12.077  -48.732  12.223 0.0000000000
19430  -12.660  -49.214  12.597 0.0000000000
19431  -13.263  -49.199  12.991 0.0000000000
19441  -12.162  -48.486  11.596 0.0000000000
19442  -12.739  -48.765  11.384 0.0000000000
19443  -13.427  -49.079  11.896 0.0000000000
19453  -13.225  -48.573  10.664 0.0000000000
19454  -13.481  -48.696  11.053 0.0000000000
20010  -22.941  -47.287  27.600 0.0000000000
20020  -17.073  -48.277  26.402 0.0000000000
20022  -18.952  -47.226  27.012 0.0000000000
20029  -14.548  -48.084  25.367 0.0000000000
20030  -16.518  -48.372  25.552 0.0000000000
20031  -16.960  -47.838  25.427 0.0000000000
20038  -14.402  -48.582  24.413 0.0000000000
20039  -15.785  -48.327  24.202 0.0000000000
20040  -16.341  -48.099  24.727 0.0000000000
20041  -17.037  -47.471  25.083 0.0000000000
20049  -12.812  -48.878  23.309 0.0000000000
20050  -13.649  -49.265  23.546 0.0000000000
20051  -14.409  -48.927  23.744 0.0000000000
20052  -15.426  -48.309  23.769 0.0000000000
20053  -16.111  -47.828  24.053 0.0000000000
20054  -24.559  -47.650  23.146 0.0000000000
20061  -11.290  -48.415  22.120 0.0000000000
20062  -11.993  -48.491  22.899 0.0000000000
20063  -13.865  -49.679  23.092 0.0000000000
20064  -14.329  -48.810  22.822 0.0000000000
20065  -15.007  -48.235  23.172 0.0000000000
20066  -24.259  -47.668  22.475 0.0000000000
20071  -10.892  -48.470  20.973 0.0000000000
20072  -13.704  -48.131  21.509 0.0000000000
20073  -14.160  -48.248  22.056 0.0000000000
20074  -23.698  -47.528  21.192 0.0000000000
20075  -23.978  -47.657  21.902 0.0000000000
20081  -10.769  -48.644  19.659 0.0000000000
20082  -12.571  -49.016  19.715 0.0000000000
20083  -13.118  -48.341  20.644 0.0000000000
20084  -22.871  -47.060  19.892 0.0000000000
20085  -23.250  -47.447  20.381 0.0000000000
20091  -10.794  -49.078  18.398 0.0000000000
20092  -12.250  -49.105  18.629 0.0000000000
20093  -12.637  -48.124  19.681 0.0000000000
20094  -22.401  -47.307  19.366 0.0000000000
20095  -22.795  -47.725  19.802 0.0000000000
20103  -10.808  -49.186  17.723 0.0000000000
20104  -11.793  -49.666  18.005 0.0000000000
20105  -20.701  -47.788  17.938 0.0000000000
20106  -21.124  -47.455  18.255 0.0000000000
20107  -21.831  -47.309  18.765 0.0000000000
20116  -10.824  -49.207  16.999 0.0000000000
20117  -11.558  -49.831  17.228 0.0000000000
20118  -20.520  -47.496  17.436 0.0000000000
20119  -20.764  -47.333  17.854 0.0000000000
20130  -10.867  -49.162  16.697 0.0000000000
20131  -11.296  -49.383  16.617 0.0000000000
20132  -20.327  -47.415  16.641 0.0000000000
20143  -11.872  -48.923  15.448 0.0000000000
20144  -12.389  -48.785  15.223 0.0000000000
20145  -20.368  -47.223  15.924 0.0000000000
20162  -11.573  -48.654  14.908 0.0000000000
20163  -12.830  -48.593  14.761 0.0000000000
20164  -13.260  -48.494  14.156 0.0000000000
20165  -20.483  -47.466  15.099 0.0000000000
20166  -20.693  -47.145  14.427 0.0000000000
20174  -11.456  -48.480  13.924 0.0000000000
20175  -13.518  -48.594  13.312 0.0000000000
20176  -20.616  -47.808  14.241 0.0000000000
20186  -11.540  -48.238  12.771 0.0000000000
20187  -13.934  -48.619  12.313 0.0000000000
20188  -14.355  -48.107  11.501 0.0000000000
20197  -11.725  -48.016  11.668 0.0000000000
20198  -12.240  -48.247  11.136 0.0000000000
20199  -13.983  -48.608  11.218 0.0000000000
20200  -14.438  -48.041  10.579 0.0000000000
20211  -11.980  -47.704  10.884 0.0000000000
20212  -12.719  -48.085  10.246 0.0000000000
20213  -13.839  -48.438  10.209 0.0000000000
20214  -14.428  -47.908  9.898 0.0000000000
20227  -13.573  -47.962  9.624 0.0000000000
20228  -14.172  -47.825  9.570 0.0000000000
20229  -14.460  -47.552  9.675 0.0000000000
20751  -20.161  -47.172  27.209 0.0000000000
20752  -20.969  -47.073  27.205 0.0000000000
20753  -21.836  -47.009  27.305 0.0000000000
20754  -22.639  -46.902  27.363 0.0000000000
20755  -23.441  -46.791  27.418 0.0000000000
20763  -14.622  -46.645  26.264 0.0000000000
20764  -15.193  -45.806  26.159 0.0000000000
20765  -18.063  -47.269  26.198 0.0000000000
20766  -18.742  -46.805  26.379 0.0000000000
20767  -19.593  -46.737  26.738 0.0000000000
20768  -20.596  -46.418  26.763 0.0000000000
20769  -21.478  -46.348  26.882 0.0000000000
20770  -22.340  -46.339  26.961 0.0000000000
20771  -22.974  -46.433  27.026 0.0000000000
20778  -14.884  -46.803  25.367 0.0000000000
20779  -15.266  -46.005  25.655 0.0000000000
20780  -17.659  -47.086  25.446 0.0000000000
20781  -18.339  -46.627  25.822 0.0000000000
20782  -24.892  -46.432  24.916 0.0000000000
20789  -14.690  -47.061  24.610 0.0000000000
20790  -15.183  -46.188  25.014 0.0000000000
20791  -16.608  -47.000  24.232 0.0000000000
20792  -17.150  -46.971  24.756 0.0000000000
20793  -24.735  -46.745  24.213 0.0000000000
20799  -13.151  -48.398  23.447 0.0000000000
20800  -13.477  -47.884  23.593 0.0000000000
20801  -14.077  -47.591  24.003 0.0000000000
20802  -15.545  -47.219  23.162 0.0000000000
20803  -16.149  -47.016  23.642 0.0000000000
20804  -24.500  -46.873  23.484 0.0000000000
20812  -11.770  -47.289  22.358 0.0000000000
20813  -12.610  -47.431  23.052 0.0000000000
20814  -13.116  -46.874  23.230 0.0000000000
20815  -14.457  -47.803  22.232 0.0000000000
20816  -14.902  -47.168  22.451 0.0000000000
20817  -23.950  -46.232  22.544 0.0000000000
20818  -24.188  -46.759  22.775 0.0000000000
20826  -11.366  -47.293  21.566 0.0000000000
20827  -13.533  -47.523  21.051 0.0000000000
20828  -14.165  -46.970  21.504 0.0000000000
20829  -14.775  -46.518  21.834 0.0000000000
20830  -23.849  -46.626  21.963 0.0000000000
20831  -24.074  -47.169  22.264 0.0000000000
20839  -11.142  -47.330  20.522 0.0000000000
20840  -13.343  -47.050  20.309 0.0000000000
20841  -14.017  -46.411  20.672 0.0000000000
20842  -23.119  -46.446  20.273 0.0000000000
20843  -23.535  -46.553  20.979 0.0000000000
20847  -10.976  -47.554  19.370 0.0000000000
20848  -12.299  -48.884  18.210 0.0000000000
20849  -12.584  -47.663  18.804 0.0000000000
20850  -22.652  -46.388  19.667 0.0000000000
20855  -10.934  -47.815  18.359 0.0000000000
20856  -12.270  -48.918  17.773 0.0000000000
20857  -12.589  -47.589  17.728 0.0000000000
20858  -21.468  -46.483  18.425 0.0000000000
20859  -22.129  -46.419  19.021 0.0000000000
20866  -10.847  -48.075  17.494 0.0000000000
20867  -12.295  -49.022  16.955 0.0000000000
20868  -12.554  -47.689  16.882 0.0000000000
20869  -20.449  -46.644  17.037 0.0000000000
20870  -20.833  -46.650  17.767 0.0000000000
20881  -10.899  -48.465  16.591 0.0000000000
20882  -12.048  -48.895  16.102 0.0000000000
20883  -12.531  -47.765  16.348 0.0000000000
20884  -20.424  -46.648  16.343 0.0000000000
20895  -11.169  -48.100  15.593 0.0000000000
20896  -12.476  -48.169  15.778 0.0000000000
20897  -12.644  -47.226  16.116 0.0000000000
20898  -20.608  -46.417  15.517 0.0000000000
20899  -20.874  -45.863  15.102 0.0000000000
20916  -11.244  -47.646  14.478 0.0000000000
20917  -12.796  -48.109  15.222 0.0000000000
20918  -13.201  -47.780  14.590 0.0000000000
20919  -20.656  -46.832  14.857 0.0000000000
20920  -20.916  -46.323  14.391 0.0000000000
20931  -11.353  -47.366  13.325 0.0000000000
20932  -13.661  -47.490  13.543 0.0000000000
20933  -14.030  -46.792  13.056 0.0000000000
20943  -11.484  -47.166  12.172 0.0000000000
20944  -13.787  -48.068  12.853 0.0000000000
20945  -14.174  -47.384  12.360 0.0000000000
20957  -11.567  -47.021  11.166 0.0000000000
20958  -14.506  -47.235  11.122 0.0000000000
20969  -11.930  -47.024  10.377 0.0000000000
20970  -12.531  -47.060  9.850 0.0000000000
20971  -14.748  -47.180  9.950 0.0000000000
20987  -13.175  -47.451  9.618 0.0000000000
20988  -13.860  -47.329  9.324 0.0000000000
20989  -14.420  -47.159  9.437 0.0000000000
21459  -23.338  -46.350  26.931 0.0000000000
21460  -23.814  -46.321  26.881 0.0000000000
21461  -24.496  -46.321  26.817 0.0000000000
21470  -14.956  -45.351  26.696 0.0000000000
21471  -18.659  -46.267  25.899 0.0000000000
21472  -19.152  -45.990  26.081 0.0000000000
21473  -20.223  -45.522  26.221 0.0000000000
21474  -21.134  -45.645  26.516 0.0000000000
21475  -22.027  -45.634  26.635 0.0000000000
21476  -23.117  -45.838  26.528 0.0000000000
21477  -24.080  -46.031  26.313 0.0000000000
21478  -24.804  -46.305  26.320 0.0000000000
21488  -15.512  -45.159  25.917 0.0000000000
21489  -17.633  -46.358  24.967 0.0000000000
21490  -18.372  -45.727  25.328 0.0000000000
21491  -19.429  -45.130  25.732 0.0000000000
21492  -20.090  -44.833  25.795 0.0000000000
21493  -23.753  -45.514  25.909 0.0000000000
21494  -24.469  -45.965  25.503 0.0000000000
21505  -14.913  -45.677  24.488 0.0000000000
21506  -15.333  -45.265  25.125 0.0000000000
21507  -16.641  -46.353  23.898 0.0000000000
21508  -17.373  -45.780  24.293 0.0000000000
21509  -18.090  -45.215  24.662 0.0000000000
21510  -24.504  -45.902  24.577 0.0000000000
21518  -13.603  -46.316  23.372 0.0000000000
21519  -14.390  -46.103  23.894 0.0000000000
21520  -15.968  -46.446  23.238 0.0000000000
21521  -16.539  -45.694  23.374 0.0000000000
21522  -17.188  -45.249  23.633 0.0000000000
21523  -23.899  -45.250  23.299 0.0000000000
21524  -24.245  -45.892  23.534 0.0000000000
21537  -11.631  -46.558  21.914 0.0000000000
21538  -12.016  -45.929  22.252 0.0000000000
21539  -12.846  -46.006  22.831 0.0000000000
21540  -15.732  -45.932  22.668 0.0000000000
21541  -16.322  -45.320  22.745 0.0000000000
21542  -23.766  -45.505  22.601 0.0000000000
21543  -24.028  -46.083  22.862 0.0000000000
21557  -11.524  -46.060  21.287 0.0000000000
21558  -11.735  -45.201  21.669 0.0000000000
21559  -14.774  -46.097  21.436 0.0000000000
21560  -15.178  -46.009  21.897 0.0000000000
21561  -23.509  -45.687  21.548 0.0000000000
21577  -11.261  -46.287  20.195 0.0000000000
21578  -13.957  -46.158  20.165 0.0000000000
21579  -14.591  -45.784  20.635 0.0000000000
21580  -15.171  -45.525  21.206 0.0000000000
21581  -22.874  -45.596  20.099 0.0000000000
21582  -23.258  -45.692  20.766 0.0000000000
21596  -11.076  -46.412  19.190 0.0000000000
21597  -13.557  -46.320  19.419 0.0000000000
21598  -14.269  -45.639  19.729 0.0000000000
21599  -22.377  -45.538  19.432 0.0000000000
21610  -10.901  -46.588  18.203 0.0000000000
21611  -13.358  -46.441  18.432 0.0000000000
21612  -14.000  -45.587  18.955 0.0000000000
21613  -21.204  -45.582  18.056 0.0000000000
21614  -21.803  -45.537  18.753 0.0000000000
21623  -10.868  -46.806  17.242 0.0000000000
21624  -13.409  -46.345  17.456 0.0000000000
21625  -13.907  -45.561  18.172 0.0000000000
21626  -20.494  -46.133  16.658 0.0000000000
21627  -20.725  -45.676  17.191 0.0000000000
21635  -11.058  -46.851  16.347 0.0000000000
21636  -13.079  -46.666  16.565 0.0000000000
21637  -20.521  -46.137  16.197 0.0000000000
21638  -20.677  -45.654  16.401 0.0000000000
21650  -11.201  -46.735  15.741 0.0000000000
21651  -12.734  -47.546  15.431 0.0000000000
21652  -13.067  -46.537  15.575 0.0000000000
21653  -20.613  -45.898  15.969 0.0000000000
21654  -20.838  -45.437  15.688 0.0000000000
21673  -11.329  -46.521  15.031 0.0000000000
21674  -12.912  -47.264  15.039 0.0000000000
21675  -13.393  -46.552  14.414 0.0000000000
21676  -21.083  -45.261  14.750 0.0000000000
21691  -11.491  -46.236  13.867 0.0000000000
21692  -13.841  -46.220  13.504 0.0000000000
21693  -14.269  -46.172  12.738 0.0000000000
21705  -11.610  -46.119  12.656 0.0000000000
21706  -14.539  -46.337  11.808 0.0000000000
21721  -11.486  -46.063  11.522 0.0000000000
21722  -14.730  -46.153  10.777 0.0000000000
21723  -15.069  -45.637  10.248 0.0000000000
21735  -11.384  -46.081  10.577 0.0000000000
21736  -11.919  -46.066  9.911 0.0000000000
21737  -15.071  -46.197  9.709 0.0000000000
21738  -15.266  -45.740  9.669 0.0000000000
21756  -13.187  -46.485  9.542 0.0000000000
21757  -14.314  -46.624  8.952 0.0000000000
21758  -14.950  -46.565  9.140 0.0000000000
22199  -15.634  -44.232  26.425 0.0000000000
22200  -16.039  -43.654  25.765 0.0000000000
22201  -20.939  -45.108  26.270 0.0000000000
22202  -21.580  -44.946  26.332 0.0000000000
22203  -22.509  -44.976  26.241 0.0000000000
22204  -23.236  -45.082  25.943 0.0000000000
22212  -15.745  -44.129  25.279 0.0000000000
22213  -15.960  -43.701  25.436 0.0000000000
22214  -19.059  -44.735  25.289 0.0000000000
22215  -19.840  -44.272  25.355 0.0000000000
22216  -20.856  -44.477  25.870 0.0000000000
22217  -22.032  -44.310  25.871 0.0000000000
22218  -22.917  -44.489  25.673 0.0000000000
22219  -23.698  -44.877  25.187 0.0000000000
22220  -24.254  -45.425  24.931 0.0000000000
22230  -14.593  -45.065  23.983 0.0000000000
22231  -15.095  -44.517  24.392 0.0000000000
22232  -17.998  -44.876  24.301 0.0000000000
22233  -18.632  -44.559  24.720 0.0000000000
22234  -19.237  -44.287  25.010 0.0000000000
22235  -23.670  -44.548  24.203 0.0000000000
22236  -24.146  -45.203  24.370 0.0000000000
22247  -13.144  -44.975  23.007 0.0000000000
22248  -13.965  -44.904  23.480 0.0000000000
22249  -14.525  -44.352  23.787 0.0000000000
22250  -17.098  -44.899  23.277 0.0000000000
22251  -17.674  -44.623  23.680 0.0000000000
22252  -18.264  -44.299  24.130 0.0000000000
22253  -23.590  -44.638  23.305 0.0000000000
22254  -23.959  -45.059  23.743 0.0000000000
22266  -12.023  -44.747  21.980 0.0000000000
22267  -12.496  -44.910  22.495 0.0000000000
22268  -16.209  -45.072  22.303 0.0000000000
22269  -16.796  -44.669  22.631 0.0000000000
22270  -17.364  -44.361  23.045 0.0000000000
22271  -23.377  -44.569  22.580 0.0000000000
22281  -11.614  -45.142  21.185 0.0000000000
22282  -11.845  -44.644  21.344 0.0000000000
22283  -15.749  -45.113  21.636 0.0000000000
22284  -16.462  -44.480  21.787 0.0000000000
22285  -23.032  -44.497  21.204 0.0000000000
22286  -23.292  -44.748  21.849 0.0000000000
22299  -11.484  -45.450  20.702 0.0000000000
22300  -11.651  -44.821  20.690 0.0000000000
22301  -14.824  -45.167  19.879 0.0000000000
22302  -15.435  -44.764  20.437 0.0000000000
22303  -16.106  -44.290  21.046 0.0000000000
22304  -22.979  -44.897  20.646 0.0000000000
22305  -23.251  -45.082  21.188 0.0000000000
22318  -11.416  -45.384  19.976 0.0000000000
22319  -11.689  -44.562  19.957 0.0000000000
22320  -14.543  -45.139  19.303 0.0000000000
22321  -15.075  -44.594  19.338 0.0000000000
22322  -22.610  -44.707  19.958 0.0000000000
22333  -11.366  -45.238  19.007 0.0000000000
22334  -11.709  -44.239  19.249 0.0000000000
22335  -14.465  -44.936  18.593 0.0000000000
22336  -15.024  -44.289  18.351 0.0000000000
22337  -21.621  -44.614  18.459 0.0000000000
22338  -22.138  -44.636  19.200 0.0000000000
22349  -11.117  -45.408  17.940 0.0000000000
22350  -13.680  -45.825  16.960 0.0000000000
22351  -14.291  -44.832  17.369 0.0000000000
22352  -15.064  -44.004  17.629 0.0000000000
22353  -21.227  -44.613  17.615 0.0000000000
22363  -11.042  -45.437  16.927 0.0000000000
22364  -13.695  -45.557  16.390 0.0000000000
22365  -14.176  -44.557  16.149 0.0000000000
22366  -21.004  -44.651  16.547 0.0000000000
22380  -11.240  -45.442  15.783 0.0000000000
22381  -13.759  -45.227  15.607 0.0000000000
22382  -14.187  -44.503  15.172 0.0000000000
22383  -21.124  -44.333  15.385 0.0000000000
22399  -11.491  -44.830  14.430 0.0000000000
22400  -13.755  -45.346  14.655 0.0000000000
22401  -14.338  -44.603  14.379 0.0000000000
22417  -11.586  -44.908  13.115 0.0000000000
22418  -13.754  -45.693  13.987 0.0000000000
22419  -14.392  -45.073  13.451 0.0000000000
22420  -14.938  -44.538  12.982 0.0000000000
22433  -11.479  -44.980  11.928 0.0000000000
22434  -14.726  -45.529  12.267 0.0000000000
22435  -14.944  -44.879  12.509 0.0000000000
22450  -11.151  -45.090  10.900 0.0000000000
22451  -14.772  -45.740  11.564 0.0000000000
22452  -15.111  -45.187  11.352 0.0000000000
22471  -11.207  -45.154  9.953 0.0000000000
22472  -11.678  -45.458  9.835 0.0000000000
22473  -15.417  -45.941  9.130 0.0000000000
22474  -15.297  -45.202  9.896 0.0000000000
22491  -11.413  -44.621  9.716 0.0000000000
22492  -12.211  -45.201  9.707 0.0000000000
22493  -13.857  -45.628  9.051 0.0000000000
22494  -15.042  -46.123  8.315 0.0000000000
22495  -15.607  -45.419  8.667 0.0000000000
22930  -15.926  -43.252  26.357 0.0000000000
22931  -16.193  -43.075  25.781 0.0000000000
22939  -15.821  -43.580  24.902 0.0000000000
22940  -16.047  -43.345  25.240 0.0000000000
22941  -20.047  -43.675  25.018 0.0000000000
22942  -20.644  -43.703  25.201 0.0000000000
22943  -21.614  -43.708  25.281 0.0000000000
22944  -22.550  -43.962  25.204 0.0000000000
22945  -23.125  -44.284  25.207 0.0000000000
22955  -15.483  -43.576  24.426 0.0000000000
22956  -15.843  -43.248  24.710 0.0000000000
22957  -18.700  -43.876  24.274 0.0000000000
22958  -19.418  -43.675  24.639 0.0000000000
22959  -20.295  -43.252  24.706 0.0000000000
22960  -21.177  -43.166  24.694 0.0000000000
22961  -22.245  -43.319  24.359 0.0000000000
22962  -23.120  -44.080  24.679 0.0000000000
22970  -13.484  -44.172  23.059 0.0000000000
22971  -14.152  -43.786  23.347 0.0000000000
22972  -14.846  -43.716  23.823 0.0000000000
22973  -17.757  -43.925  23.183 0.0000000000
22974  -18.343  -43.649  23.640 0.0000000000
22975  -18.954  -43.391  24.070 0.0000000000
22976  -22.500  -43.276  23.248 0.0000000000
22977  -23.113  -43.882  23.800 0.0000000000
22981  -12.438  -44.285  22.103 0.0000000000
22982  -12.962  -44.108  22.492 0.0000000000
22983  -13.649  -43.546  22.636 0.0000000000
22984  -16.982  -44.010  21.965 0.0000000000
22985  -17.495  -43.688  22.498 0.0000000000
22986  -18.015  -43.371  22.999 0.0000000000
22987  -22.664  -43.437  22.348 0.0000000000
22988  -23.057  -43.968  22.926 0.0000000000
22994  -12.257  -44.205  21.521 0.0000000000
22995  -12.750  -43.857  21.804 0.0000000000
22996  -13.252  -43.559  22.079 0.0000000000
22997  -16.728  -43.638  21.243 0.0000000000
22998  -17.224  -43.410  21.800 0.0000000000
22999  -22.861  -43.928  21.642 0.0000000000
23000  -23.053  -44.118  22.263 0.0000000000
23007  -11.996  -44.242  20.765 0.0000000000
23008  -12.646  -43.769  20.919 0.0000000000
23009  -15.573  -44.179  19.729 0.0000000000
23010  -16.191  -43.558  20.076 0.0000000000
23011  -22.706  -43.913  20.723 0.0000000000
23022  -12.157  -43.922  19.935 0.0000000000
23023  -12.833  -43.463  19.900 0.0000000000
23024  -15.564  -43.862  19.065 0.0000000000
23025  -16.117  -43.174  18.725 0.0000000000
23026  -22.387  -43.755  19.762 0.0000000000
23039  -11.529  -44.462  18.531 0.0000000000
23040  -12.209  -43.531  18.728 0.0000000000
23041  -12.966  -43.174  19.226 0.0000000000
23042  -15.559  -43.622  18.097 0.0000000000
23043  -16.045  -43.081  17.690 0.0000000000
23044  -21.642  -43.648  18.141 0.0000000000
23045  -22.017  -43.707  18.928 0.0000000000
23057  -11.508  -44.313  17.695 0.0000000000
23058  -11.977  -43.322  17.418 0.0000000000
23059  -14.889  -43.989  17.192 0.0000000000
23060  -15.509  -43.416  17.074 0.0000000000
23061  -15.995  -43.044  17.166 0.0000000000
23062  -21.400  -43.519  17.237 0.0000000000
23075  -11.582  -44.174  16.587 0.0000000000
23076  -11.954  -42.994  16.323 0.0000000000
23077  -14.749  -43.909  16.597 0.0000000000
23078  -15.322  -43.390  15.995 0.0000000000
23079  -21.298  -43.342  16.153 0.0000000000
23095  -11.744  -43.749  15.333 0.0000000000
23096  -12.105  -42.604  15.311 0.0000000000
23097  -14.658  -43.845  15.603 0.0000000000
23098  -15.216  -43.409  15.015 0.0000000000
23115  -11.637  -43.554  14.318 0.0000000000
23116  -11.886  -42.846  14.490 0.0000000000
23117  -14.737  -43.994  14.562 0.0000000000
23118  -15.288  -43.580  14.172 0.0000000000
23136  -11.493  -43.647  13.425 0.0000000000
23137  -11.689  -42.976  13.836 0.0000000000
23138  -14.636  -44.404  13.998 0.0000000000
23139  -15.050  -44.161  13.566 0.0000000000
23159  -11.403  -43.890  12.323 0.0000000000
23160  -15.391  -44.302  12.390 0.0000000000
23181  -11.190  -44.029  11.245 0.0000000000
23182  -15.499  -44.366  10.935 0.0000000000
23205  -11.018  -44.268  10.414 0.0000000000
23206  -15.601  -44.578  9.509 0.0000000000
23222  -10.993  -44.086  9.801 0.0000000000
23223  -11.647  -44.090  9.528 0.0000000000
23224  -13.051  -44.338  9.437 0.0000000000
23225  -14.541  -44.937  8.213 0.0000000000
23226  -15.836  -44.977  8.161 0.0000000000
23239  -15.060  -44.639  7.584 0.0000000000
23702  -16.092  -42.478  26.110 0.0000000000
23711  -16.157  -42.527  25.374 0.0000000000
23722  -15.666  -42.979  24.330 0.0000000000
23723  -16.000  -42.728  24.729 0.0000000000
23724  -19.318  -43.173  24.116 0.0000000000
23725  -19.794  -42.918  24.208 0.0000000000
23726  -20.648  -42.703  24.216 0.0000000000
23727  -21.414  -42.754  24.099 0.0000000000
23738  -14.633  -43.318  23.428 0.0000000000
23739  -15.176  -42.898  23.687 0.0000000000
23740  -18.388  -43.072  23.168 0.0000000000
23741  -19.042  -42.744  23.535 0.0000000000
23742  -20.045  -42.269  23.751 0.0000000000
23743  -21.008  -42.103  23.655 0.0000000000
23744  -21.811  -42.632  23.497 0.0000000000
23754  -14.385  -42.978  22.933 0.0000000000
23755  -14.896  -42.294  23.093 0.0000000000
23756  -17.523  -43.050  22.033 0.0000000000
23757  -18.165  -42.567  22.449 0.0000000000
23758  -18.980  -42.069  22.835 0.0000000000
23759  -21.486  -41.970  23.045 0.0000000000
23760  -22.072  -42.472  22.535 0.0000000000
23769  -13.192  -43.500  21.514 0.0000000000
23770  -13.860  -42.952  21.866 0.0000000000
23771  -16.801  -43.145  20.716 0.0000000000
23772  -17.363  -42.577  21.282 0.0000000000
23773  -17.938  -42.087  21.730 0.0000000000
23774  -22.482  -42.892  21.469 0.0000000000
23781  -13.384  -43.246  20.799 0.0000000000
23782  -14.072  -42.589  20.741 0.0000000000
23783  -16.838  -42.741  20.312 0.0000000000
23784  -17.188  -42.054  20.129 0.0000000000
23785  -22.418  -42.848  20.373 0.0000000000
23789  -13.508  -42.977  19.789 0.0000000000
23790  -14.229  -42.336  19.612 0.0000000000
23791  -16.748  -42.421  19.325 0.0000000000
23792  -17.132  -41.923  19.533 0.0000000000
23793  -22.202  -42.821  19.446 0.0000000000
23800  -12.477  -42.955  17.953 0.0000000000
23801  -13.305  -42.709  18.504 0.0000000000
23802  -14.371  -41.896  18.496 0.0000000000
23803  -16.517  -42.462  18.088 0.0000000000
23804  -21.718  -42.625  17.942 0.0000000000
23805  -21.918  -42.820  18.661 0.0000000000
23812  -12.669  -42.526  17.121 0.0000000000
23813  -13.790  -41.857  17.282 0.0000000000
23814  -14.453  -41.489  17.812 0.0000000000
23815  -15.978  -43.009  16.882 0.0000000000
23816  -16.316  -42.582  16.978 0.0000000000
23817  -21.596  -42.228  16.965 0.0000000000
23826  -12.474  -42.259  16.007 0.0000000000
23827  -13.092  -41.912  16.294 0.0000000000
23828  -15.977  -42.925  16.254 0.0000000000
23829  -16.439  -42.424  16.065 0.0000000000
23842  -12.630  -41.952  15.157 0.0000000000
23843  -12.833  -41.910  15.712 0.0000000000
23844  -15.761  -42.969  15.298 0.0000000000
23845  -16.276  -42.535  15.362 0.0000000000
23856  -12.266  -42.160  14.439 0.0000000000
23857  -15.682  -43.069  14.371 0.0000000000
23858  -16.100  -42.673  14.656 0.0000000000
23872  -11.626  -42.790  13.253 0.0000000000
23873  -11.936  -42.320  13.615 0.0000000000
23874  -15.709  -43.443  13.266 0.0000000000
23875  -16.175  -42.710  13.760 0.0000000000
23892  -11.478  -42.976  12.582 0.0000000000
23893  -11.753  -42.325  12.719 0.0000000000
23894  -15.865  -43.587  11.860 0.0000000000
23895  -16.284  -42.869  12.595 0.0000000000
23909  -11.322  -43.072  11.645 0.0000000000
23910  -11.545  -42.459  12.041 0.0000000000
23911  -15.766  -43.706  10.456 0.0000000000
23929  -10.802  -42.684  10.081 0.0000000000
23930  -11.022  -43.032  10.400 0.0000000000
23931  -15.817  -44.064  9.174 0.0000000000
23948  -10.768  -42.697  9.837 0.0000000000
23949  -10.893  -43.171  9.403 0.0000000000
23950  -11.883  -43.113  9.198 0.0000000000
23951  -13.535  -43.490  9.073 0.0000000000
23952  -14.579  -44.009  8.245 0.0000000000
23964  -10.940  -42.887  8.783 0.0000000000
24482  -16.093  -41.694  25.723 0.0000000000
24489  -15.714  -42.447  24.189 0.0000000000
24490  -16.107  -41.746  24.658 0.0000000000
24500  -15.534  -41.896  23.634 0.0000000000
24501  -15.978  -41.197  23.919 0.0000000000
24502  -19.547  -41.974  23.199 0.0000000000
24503  -20.239  -41.600  23.251 0.0000000000
24504  -20.985  -41.477  23.100 0.0000000000
24516  -14.540  -42.346  22.451 0.0000000000
24517  -15.110  -41.612  22.664 0.0000000000
24518  -18.720  -41.805  22.417 0.0000000000
24519  -19.384  -41.283  22.534 0.0000000000
24520  -20.423  -41.016  22.744 0.0000000000
24521  -21.334  -41.358  22.314 0.0000000000
24522  -21.945  -41.977  21.715 0.0000000000
24533  -14.530  -42.044  21.689 0.0000000000
24534  -15.096  -41.183  21.692 0.0000000000
24535  -17.828  -41.836  21.416 0.0000000000
24536  -18.420  -41.398  21.729 0.0000000000
24537  -19.033  -40.987  21.928 0.0000000000
24538  -21.587  -41.284  21.315 0.0000000000
24539  -22.151  -41.968  20.887 0.0000000000
24550  -14.651  -41.748  20.668 0.0000000000
24551  -15.134  -40.870  20.674 0.0000000000
24552  -17.779  -41.432  20.780 0.0000000000
24553  -18.244  -41.053  21.066 0.0000000000
24554  -21.701  -41.227  20.415 0.0000000000
24555  -22.135  -41.956  19.935 0.0000000000
24563  -14.756  -41.385  19.589 0.0000000000
24564  -15.230  -40.555  19.684 0.0000000000
24565  -17.109  -41.854  19.203 0.0000000000
24566  -17.473  -41.360  19.470 0.0000000000
24567  -21.697  -41.212  19.445 0.0000000000
24568  -21.938  -42.032  19.035 0.0000000000
24574  -14.946  -40.813  18.397 0.0000000000
24575  -15.335  -40.267  19.083 0.0000000000
24576  -17.116  -41.729  18.472 0.0000000000
24577  -17.652  -41.014  18.420 0.0000000000
24578  -21.618  -41.383  18.203 0.0000000000
24579  -21.834  -42.191  18.464 0.0000000000
24585  -14.112  -41.424  16.719 0.0000000000
24586  -14.534  -41.140  17.149 0.0000000000
24587  -16.904  -41.858  17.290 0.0000000000
24588  -17.491  -41.153  17.470 0.0000000000
24589  -21.499  -41.193  17.141 0.0000000000
24595  -13.771  -41.491  16.219 0.0000000000
24596  -14.378  -41.126  16.216 0.0000000000
24597  -16.807  -41.956  16.269 0.0000000000
24598  -17.308  -41.312  16.407 0.0000000000
24606  -13.012  -41.711  14.817 0.0000000000
24607  -13.325  -41.607  15.324 0.0000000000
24608  -14.140  -41.183  15.378 0.0000000000
24609  -16.735  -42.061  15.379 0.0000000000
24620  -12.795  -41.725  14.340 0.0000000000
24621  -13.319  -41.454  14.405 0.0000000000
24622  -13.908  -41.161  14.512 0.0000000000
24623  -16.596  -42.211  14.406 0.0000000000
24638  -12.483  -41.755  13.601 0.0000000000
24639  -13.181  -41.336  13.534 0.0000000000
24640  -13.680  -41.083  13.855 0.0000000000
24659  -12.169  -41.820  12.809 0.0000000000
24660  -12.769  -41.423  12.749 0.0000000000
24680  -11.271  -42.254  11.318 0.0000000000
24681  -11.819  -41.834  11.942 0.0000000000
24682  -12.392  -41.505  12.141 0.0000000000
24705  -10.743  -42.378  10.052 0.0000000000
24706  -10.917  -41.947  10.585 0.0000000000
24725  -10.544  -42.287  9.475 0.0000000000
24726  -10.586  -42.601  8.893 0.0000000000
25271  -16.001  -40.640  25.472 0.0000000000
25277  -16.152  -40.653  24.498 0.0000000000
25286  -15.676  -41.148  23.312 0.0000000000
25287  -16.023  -40.485  23.641 0.0000000000
25300  -15.690  -40.620  22.732 0.0000000000
25301  -16.005  -40.042  23.244 0.0000000000
25302  -19.910  -40.714  22.390 0.0000000000
25303  -20.485  -40.571  22.118 0.0000000000
25304  -21.061  -40.717  21.618 0.0000000000
25318  -15.585  -40.267  21.750 0.0000000000
25319  -18.840  -40.780  21.662 0.0000000000
25320  -19.478  -40.467  21.774 0.0000000000
25321  -20.406  -40.240  21.268 0.0000000000
25322  -21.128  -40.620  20.849 0.0000000000
25333  -15.551  -39.985  20.704 0.0000000000
25334  -18.193  -40.927  20.740 0.0000000000
25335  -18.617  -40.512  20.982 0.0000000000
25336  -19.596  -39.875  20.520 0.0000000000
25337  -20.528  -40.052  20.344 0.0000000000
25338  -21.245  -40.523  19.985 0.0000000000
25348  -18.142  -40.749  20.118 0.0000000000
25349  -18.874  -40.005  19.672 0.0000000000
25350  -19.326  -39.639  19.877 0.0000000000
25351  -20.786  -40.052  19.668 0.0000000000
25352  -21.224  -40.374  19.042 0.0000000000
25362  -15.223  -40.192  17.933 0.0000000000
25364  -18.120  -40.503  18.975 0.0000000000
25365  -18.690  -39.810  18.411 0.0000000000
25366  -21.205  -40.329  18.202 0.0000000000
25373  -14.986  -40.361  17.314 0.0000000000
25375  -18.163  -40.404  17.678 0.0000000000
25376  -18.797  -39.804  17.393 0.0000000000
25377  -21.299  -40.572  17.522 0.0000000000
25383  -14.796  -40.503  16.382 0.0000000000
25385  -17.917  -40.650  16.506 0.0000000000
25416  -13.741  -40.883  13.198 0.0000000000
25433  -13.410  -40.976  12.557 0.0000000000
25452  -11.386  -41.452  11.116 0.0000000000
25453  -12.109  -41.152  11.483 0.0000000000
25454  -12.885  -41.112  11.855 0.0000000000
25474  -10.582  -41.773  10.049 0.0000000000
25475  -10.748  -41.066  10.480 0.0000000000
25476  -11.576  -40.690  10.826 0.0000000000
25477  -12.616  -40.469  11.013 0.0000000000
26087  -15.992  -39.923  25.054 0.0000000000
26093  -16.067  -39.859  24.356 0.0000000000
26100  -15.674  -39.158  24.323 0.0000000000
26101  -16.000  -39.814  23.635 0.0000000000
26111  -15.788  -39.475  23.090 0.0000000000
26112  -15.948  -39.796  23.316 0.0000000000
26125  -15.696  -39.163  21.820 0.0000000000
26140  -20.073  -39.686  20.111 0.0000000000
26141  -20.332  -39.765  19.779 0.0000000000
26154  -19.248  -39.521  19.556 0.0000000000
26155  -19.778  -39.516  19.585 0.0000000000
26156  -20.531  -39.713  19.089 0.0000000000
26157  -20.906  -39.935  18.554 0.0000000000
26172  -19.270  -39.488  18.935 0.0000000000
26173  -19.936  -39.443  18.552 0.0000000000
26174  -20.523  -39.660  18.264 0.0000000000
26175  -20.912  -39.888  18.085 0.0000000000
26189  -19.416  -39.485  17.748 0.0000000000
26190  -20.175  -39.518  17.632 0.0000000000
26191  -20.710  -39.780  17.622 0.0000000000
26192  -21.063  -40.073  17.720 0.0000000000
26203  -21.031  -40.062  17.118 0.0000000000
