#!ascii label  , from subject FREESURFER vox2ras=TkReg 
1179
39538  -23.514  -22.348  30.277 0.0000000000
39544  -24.256  -22.640  28.341 0.0000000000
39550  -24.494  -22.563  27.182 0.0000000000
39556  -24.644  -22.552  26.105 0.0000000000
40303  -22.553  -21.130  32.294 0.0000000000
40308  -22.672  -21.056  31.348 0.0000000000
40309  -23.112  -21.629  31.746 0.0000000000
40315  -22.677  -21.013  30.810 0.0000000000
40316  -22.995  -21.508  30.589 0.0000000000
40322  -23.413  -21.774  29.337 0.0000000000
40323  -23.898  -22.319  28.934 0.0000000000
40329  -23.579  -21.264  28.416 0.0000000000
40330  -23.836  -21.911  28.534 0.0000000000
40336  -23.727  -21.006  27.978 0.0000000000
40337  -24.096  -21.513  27.721 0.0000000000
40343  -24.498  -21.554  26.605 0.0000000000
40348  -24.584  -21.588  25.559 0.0000000000
40355  -24.545  -21.579  24.554 0.0000000000
41119  -12.878  -20.932  34.547 0.0000000000
41130  -12.517  -21.096  34.252 0.0000000000
41131  -13.136  -21.772  33.934 0.0000000000
41132  -14.484  -21.512  33.861 0.0000000000
41133  -15.998  -20.925  34.015 0.0000000000
41141  -12.425  -21.177  33.344 0.0000000000
41142  -13.629  -21.112  33.192 0.0000000000
41143  -15.105  -20.740  33.366 0.0000000000
41144  -16.117  -20.317  33.428 0.0000000000
41150  -12.715  -20.847  32.631 0.0000000000
41151  -13.507  -20.542  32.479 0.0000000000
41153  -22.026  -20.681  32.695 0.0000000000
41156  -21.740  -20.220  32.378 0.0000000000
41157  -22.233  -20.450  31.817 0.0000000000
41160  -22.502  -20.504  30.959 0.0000000000
41161  -22.634  -20.869  30.441 0.0000000000
41163  -22.554  -20.313  30.284 0.0000000000
41164  -22.766  -20.795  29.724 0.0000000000
41166  -23.108  -20.810  28.899 0.0000000000
41171  -23.410  -20.515  28.157 0.0000000000
41172  -23.783  -20.758  27.657 0.0000000000
41177  -23.563  -20.208  27.520 0.0000000000
41178  -24.047  -20.584  26.972 0.0000000000
41184  -24.368  -20.666  25.990 0.0000000000
41190  -24.422  -20.667  25.030 0.0000000000
41195  -24.418  -20.633  24.075 0.0000000000
41198  -24.420  -20.588  23.067 0.0000000000
41210  -24.546  -20.179  20.659 0.0000000000
41221  -24.359  -20.149  19.626 0.0000000000
41240  -23.832  -20.298  18.483 0.0000000000
41241  -24.138  -20.184  19.053 0.0000000000
41269  -23.465  -20.197  17.702 0.0000000000
41298  -22.755  -20.127  16.979 0.0000000000
41299  -23.152  -20.149  17.308 0.0000000000
41947  -13.673  -19.230  35.760 0.0000000000
41958  -13.115  -19.994  34.582 0.0000000000
41959  -13.585  -20.180  35.310 0.0000000000
41968  -12.111  -20.225  33.621 0.0000000000
41969  -16.957  -20.156  33.676 0.0000000000
41970  -17.984  -20.069  33.834 0.0000000000
41982  -11.525  -19.532  31.668 0.0000000000
41983  -11.948  -20.391  32.589 0.0000000000
41984  -14.599  -20.377  32.731 0.0000000000
41985  -15.729  -20.032  32.925 0.0000000000
41986  -16.661  -19.738  33.092 0.0000000000
41987  -17.656  -19.397  33.125 0.0000000000
41988  -18.637  -19.578  33.380 0.0000000000
41989  -19.595  -19.619  33.211 0.0000000000
41998  -11.964  -19.459  30.659 0.0000000000
41999  -12.714  -20.126  31.675 0.0000000000
42000  -14.197  -19.927  32.044 0.0000000000
42001  -15.355  -19.718  32.291 0.0000000000
42002  -16.431  -19.475  32.383 0.0000000000
42003  -17.061  -19.380  32.701 0.0000000000
42004  -19.829  -19.324  32.702 0.0000000000
42005  -20.420  -19.458  32.472 0.0000000000
42006  -21.196  -19.977  32.700 0.0000000000
42014  -12.381  -19.241  30.151 0.0000000000
42015  -12.880  -19.366  30.733 0.0000000000
42016  -13.926  -19.397  31.312 0.0000000000
42017  -15.098  -19.294  31.645 0.0000000000
42018  -15.961  -19.322  31.808 0.0000000000
42019  -19.837  -19.102  30.575 0.0000000000
42020  -20.492  -19.179  31.287 0.0000000000
42021  -21.575  -19.718  31.687 0.0000000000
42022  -22.197  -20.079  31.316 0.0000000000
42029  -19.759  -19.143  29.728 0.0000000000
42030  -20.578  -19.173  30.155 0.0000000000
42031  -21.518  -19.334  30.523 0.0000000000
42032  -22.232  -19.835  30.749 0.0000000000
42039  -19.783  -19.057  28.905 0.0000000000
42040  -20.479  -19.073  29.319 0.0000000000
42041  -21.414  -19.091  29.556 0.0000000000
42042  -22.427  -19.627  29.573 0.0000000000
42043  -22.809  -20.326  29.220 0.0000000000
42049  -20.112  -18.832  28.461 0.0000000000
42050  -20.444  -18.894  28.700 0.0000000000
42051  -21.054  -18.956  28.997 0.0000000000
42052  -22.609  -19.517  28.620 0.0000000000
42053  -22.897  -20.066  28.716 0.0000000000
42059  -22.529  -19.245  28.244 0.0000000000
42060  -23.015  -19.607  27.917 0.0000000000
42066  -23.457  -19.635  26.948 0.0000000000
42067  -23.934  -19.998  26.280 0.0000000000
42073  -23.621  -19.348  26.106 0.0000000000
42074  -24.066  -19.782  25.445 0.0000000000
42081  -24.270  -19.813  24.573 0.0000000000
42085  -24.369  -19.657  23.669 0.0000000000
42089  -24.459  -19.563  22.643 0.0000000000
42096  -24.526  -19.428  21.626 0.0000000000
42103  -24.573  -19.157  20.854 0.0000000000
42110  -24.569  -19.314  20.018 0.0000000000
42123  -24.118  -19.780  18.423 0.0000000000
42124  -24.378  -19.487  18.875 0.0000000000
42141  -24.065  -19.518  17.945 0.0000000000
42142  -24.383  -18.993  18.274 0.0000000000
42169  -22.759  -19.284  16.374 0.0000000000
42170  -23.429  -19.566  17.148 0.0000000000
42889  -13.311  -18.111  36.576 0.0000000000
42906  -13.424  -18.032  35.073 0.0000000000
42914  -12.539  -18.691  33.749 0.0000000000
42923  -11.308  -18.241  31.919 0.0000000000
42924  -11.617  -19.205  32.776 0.0000000000
42925  -18.034  -19.013  32.602 0.0000000000
42926  -18.545  -19.096  32.887 0.0000000000
42927  -19.047  -19.291  33.072 0.0000000000
42937  -11.389  -18.502  30.860 0.0000000000
42938  -16.677  -19.167  31.653 0.0000000000
42939  -17.495  -19.096  32.097 0.0000000000
42940  -18.522  -18.852  32.148 0.0000000000
42941  -19.365  -19.056  32.556 0.0000000000
42942  -19.899  -19.203  32.468 0.0000000000
42952  -12.021  -18.520  29.971 0.0000000000
42953  -12.878  -18.748  30.315 0.0000000000
42954  -13.816  -18.742  30.784 0.0000000000
42955  -14.945  -18.730  31.075 0.0000000000
42956  -16.140  -18.865  31.143 0.0000000000
42957  -17.328  -18.869  31.028 0.0000000000
42958  -18.350  -18.832  31.169 0.0000000000
42959  -19.388  -18.865  31.450 0.0000000000
42960  -19.956  -19.015  32.084 0.0000000000
42968  -12.288  -18.010  30.095 0.0000000000
42969  -12.751  -18.070  30.254 0.0000000000
42970  -13.681  -18.088  30.500 0.0000000000
42971  -14.766  -18.092  30.676 0.0000000000
42972  -15.891  -18.192  30.624 0.0000000000
42973  -17.027  -18.340  30.415 0.0000000000
42974  -18.365  -18.452  30.119 0.0000000000
42975  -19.095  -18.949  30.340 0.0000000000
42983  -18.983  -18.502  29.079 0.0000000000
42984  -19.087  -18.996  29.305 0.0000000000
42985  -21.607  -18.964  28.989 0.0000000000
42986  -21.975  -19.052  29.249 0.0000000000
42994  -19.119  -18.434  28.671 0.0000000000
42995  -19.456  -18.604  28.280 0.0000000000
42996  -20.345  -18.694  28.153 0.0000000000
42997  -21.301  -18.773  28.440 0.0000000000
42998  -22.156  -19.066  28.716 0.0000000000
43006  -19.579  -18.269  27.152 0.0000000000
43007  -20.131  -18.513  27.453 0.0000000000
43008  -21.084  -18.529  27.623 0.0000000000
43009  -22.268  -18.841  27.752 0.0000000000
43010  -22.940  -19.161  27.302 0.0000000000
43017  -19.569  -18.199  26.641 0.0000000000
43018  -19.933  -18.339  26.787 0.0000000000
43019  -20.691  -18.336  26.934 0.0000000000
43020  -21.705  -18.350  26.977 0.0000000000
43021  -22.883  -18.667  26.610 0.0000000000
43026  -23.614  -18.748  25.286 0.0000000000
43027  -24.020  -19.306  24.901 0.0000000000
43032  -23.703  -18.431  24.513 0.0000000000
43033  -24.051  -18.926  24.327 0.0000000000
43036  -23.728  -18.232  23.990 0.0000000000
43037  -24.113  -18.565  23.297 0.0000000000
43040  -24.291  -18.593  22.289 0.0000000000
43043  -24.392  -18.463  21.417 0.0000000000
43049  -24.520  -18.409  20.541 0.0000000000
43055  -24.583  -18.473  19.590 0.0000000000
43065  -24.510  -18.429  18.671 0.0000000000
43072  -23.882  -19.014  17.346 0.0000000000
43073  -24.270  -18.448  17.714 0.0000000000
43083  -23.082  -18.716  16.264 0.0000000000
43084  -23.601  -18.438  16.679 0.0000000000
43085  -24.137  -17.975  17.186 0.0000000000
43105  -23.321  -17.882  16.155 0.0000000000
43828  -12.529  -16.974  38.190 0.0000000000
43829  -12.811  -17.235  37.418 0.0000000000
43851  -13.113  -17.054  36.254 0.0000000000
43876  -13.140  -16.670  35.110 0.0000000000
43893  -12.740  -17.147  33.933 0.0000000000
43905  -11.397  -17.143  32.055 0.0000000000
43906  -11.779  -17.562  32.863 0.0000000000
43920  -11.393  -17.294  31.335 0.0000000000
43935  -11.796  -17.355  30.480 0.0000000000
43936  -12.195  -16.902  30.441 0.0000000000
43951  -12.087  -17.846  30.119 0.0000000000
43952  -12.465  -17.383  30.329 0.0000000000
43953  -13.407  -17.360  30.467 0.0000000000
43954  -14.496  -17.344  30.601 0.0000000000
43955  -15.659  -17.372  30.541 0.0000000000
43956  -16.732  -17.507  30.252 0.0000000000
43957  -17.752  -17.651  29.925 0.0000000000
43971  -18.748  -17.767  29.391 0.0000000000
43972  -19.135  -17.378  29.081 0.0000000000
43986  -18.945  -18.129  29.021 0.0000000000
43987  -19.145  -17.945  28.525 0.0000000000
44000  -19.297  -18.016  27.436 0.0000000000
44013  -19.267  -17.976  26.382 0.0000000000
44014  -19.613  -18.150  26.247 0.0000000000
44015  -20.230  -18.201  26.416 0.0000000000
44016  -20.983  -18.039  26.419 0.0000000000
44017  -21.985  -17.983  26.425 0.0000000000
44025  -17.808  -17.994  25.352 0.0000000000
44026  -18.335  -17.905  25.530 0.0000000000
44027  -18.920  -18.152  25.550 0.0000000000
44028  -19.919  -18.013  25.724 0.0000000000
44029  -21.131  -17.742  25.904 0.0000000000
44030  -22.736  -17.977  25.825 0.0000000000
44034  -17.591  -18.124  25.202 0.0000000000
44035  -17.969  -18.586  25.029 0.0000000000
44036  -18.844  -18.223  24.656 0.0000000000
44037  -19.804  -17.692  24.832 0.0000000000
44038  -22.222  -17.491  24.534 0.0000000000
44039  -23.390  -17.859  24.494 0.0000000000
44043  -17.254  -18.329  24.680 0.0000000000
44044  -17.835  -18.416  24.092 0.0000000000
44045  -18.595  -18.106  23.755 0.0000000000
44046  -22.572  -17.044  23.733 0.0000000000
44047  -23.331  -17.441  23.363 0.0000000000
44048  -23.864  -17.910  22.688 0.0000000000
44051  -23.492  -17.231  22.471 0.0000000000
44052  -24.026  -17.768  21.991 0.0000000000
44055  -23.652  -17.069  21.810 0.0000000000
44056  -24.136  -17.480  21.136 0.0000000000
44058  -24.403  -17.593  20.179 0.0000000000
44060  -24.489  -17.570  19.277 0.0000000000
44066  -24.445  -17.544  18.373 0.0000000000
44074  -24.269  -17.489  17.591 0.0000000000
44082  -23.616  -17.383  16.377 0.0000000000
44083  -24.021  -17.464  16.938 0.0000000000
44860  -12.402  -16.415  38.645 0.0000000000
44880  -12.715  -16.422  37.907 0.0000000000
44881  -13.088  -16.380  37.129 0.0000000000
44901  -13.358  -16.098  36.122 0.0000000000
44924  -13.247  -15.953  35.085 0.0000000000
44947  -12.888  -16.137  34.132 0.0000000000
44966  -11.532  -16.561  32.392 0.0000000000
44967  -12.103  -16.270  33.004 0.0000000000
44982  -11.343  -16.352  31.769 0.0000000000
44983  -11.528  -15.968  32.255 0.0000000000
44997  -11.521  -16.392  31.127 0.0000000000
44998  -12.263  -16.273  30.716 0.0000000000
44999  -13.418  -15.986  30.957 0.0000000000
45000  -14.680  -15.946  31.122 0.0000000000
45001  -15.945  -15.888  31.128 0.0000000000
45002  -16.671  -15.824  31.059 0.0000000000
45013  -12.440  -16.765  30.480 0.0000000000
45014  -12.986  -16.672  30.565 0.0000000000
45015  -14.048  -16.601  30.728 0.0000000000
45016  -15.269  -16.569  30.758 0.0000000000
45017  -16.642  -16.436  30.640 0.0000000000
45018  -17.440  -16.778  30.046 0.0000000000
45030  -18.216  -16.758  29.703 0.0000000000
45031  -18.945  -16.741  29.372 0.0000000000
45044  -19.492  -16.842  28.830 0.0000000000
45045  -19.874  -16.490  28.303 0.0000000000
45059  -19.584  -17.310  27.861 0.0000000000
45060  -19.960  -16.495  27.516 0.0000000000
45076  -19.279  -17.294  26.599 0.0000000000
45077  -19.847  -16.331  26.736 0.0000000000
45089  -17.846  -17.710  25.312 0.0000000000
45090  -18.517  -17.113  25.691 0.0000000000
45099  -17.498  -17.619  24.904 0.0000000000
45100  -19.284  -17.865  23.990 0.0000000000
45101  -20.049  -17.307  23.769 0.0000000000
45102  -21.335  -16.810  23.561 0.0000000000
45110  -17.377  -17.601  24.133 0.0000000000
45111  -18.046  -17.624  23.301 0.0000000000
45112  -19.225  -17.444  23.286 0.0000000000
45113  -20.538  -16.783  23.222 0.0000000000
45114  -22.024  -16.529  23.231 0.0000000000
45115  -22.888  -16.699  22.770 0.0000000000
45121  -18.690  -17.061  22.781 0.0000000000
45122  -19.656  -16.670  22.689 0.0000000000
45123  -20.894  -16.283  22.616 0.0000000000
45124  -22.108  -16.117  22.393 0.0000000000
45125  -23.109  -16.508  22.131 0.0000000000
45128  -22.572  -16.000  21.761 0.0000000000
45129  -23.388  -16.349  21.242 0.0000000000
45130  -23.989  -16.883  20.571 0.0000000000
45133  -23.639  -16.203  20.341 0.0000000000
45134  -24.176  -16.813  19.853 0.0000000000
45137  -23.817  -16.125  19.644 0.0000000000
45138  -24.250  -16.607  18.967 0.0000000000
45143  -24.261  -16.748  18.068 0.0000000000
45150  -24.116  -16.763  17.338 0.0000000000
45158  -23.561  -16.459  16.066 0.0000000000
45159  -23.861  -16.729  16.713 0.0000000000
45829  -12.495  -15.662  39.212 0.0000000000
45843  -12.773  -15.670  38.358 0.0000000000
45844  -13.178  -15.398  37.916 0.0000000000
45861  -13.017  -15.894  37.713 0.0000000000
45862  -13.442  -15.510  37.169 0.0000000000
45863  -13.797  -15.036  36.742 0.0000000000
45878  -13.657  -15.469  36.360 0.0000000000
45879  -14.053  -15.018  36.094 0.0000000000
45895  -13.699  -15.572  35.560 0.0000000000
45896  -14.394  -15.166  35.194 0.0000000000
45897  -15.024  -14.911  34.837 0.0000000000
45912  -13.658  -15.584  34.395 0.0000000000
45913  -14.633  -15.104  34.245 0.0000000000
45914  -15.368  -14.706  34.295 0.0000000000
45930  -12.991  -15.734  33.191 0.0000000000
45931  -14.079  -15.292  33.331 0.0000000000
45932  -15.339  -14.798  33.424 0.0000000000
45933  -15.982  -14.569  33.126 0.0000000000
45951  -11.509  -15.829  31.801 0.0000000000
45952  -12.149  -15.660  32.181 0.0000000000
45953  -13.368  -15.435  32.350 0.0000000000
45954  -14.686  -15.197  32.487 0.0000000000
45955  -16.027  -14.812  32.536 0.0000000000
45956  -16.725  -14.673  32.242 0.0000000000
45971  -11.386  -15.971  31.492 0.0000000000
45972  -11.779  -15.773  31.397 0.0000000000
45973  -12.733  -15.636  31.484 0.0000000000
45974  -14.010  -15.566  31.670 0.0000000000
45975  -15.382  -15.426  31.741 0.0000000000
45976  -16.890  -15.210  31.580 0.0000000000
45977  -17.743  -14.882  31.266 0.0000000000
45991  -17.108  -15.798  30.970 0.0000000000
45992  -18.032  -15.596  30.491 0.0000000000
45993  -18.856  -14.978  30.105 0.0000000000
46006  -18.597  -16.124  29.680 0.0000000000
46007  -19.301  -15.548  29.413 0.0000000000
46008  -19.876  -14.933  28.997 0.0000000000
46020  -19.797  -16.113  28.784 0.0000000000
46021  -20.179  -15.540  28.413 0.0000000000
46028  -20.383  -15.619  27.240 0.0000000000
46033  -19.306  -16.393  26.118 0.0000000000
46034  -20.028  -15.676  26.338 0.0000000000
46042  -17.966  -17.008  25.256 0.0000000000
46043  -18.711  -16.060  25.528 0.0000000000
46044  -19.517  -15.763  25.885 0.0000000000
46054  -17.914  -16.401  24.742 0.0000000000
46055  -18.443  -15.689  25.174 0.0000000000
46067  -17.807  -16.534  23.643 0.0000000000
46068  -18.161  -16.788  22.894 0.0000000000
46078  -18.295  -16.064  23.080 0.0000000000
46079  -18.809  -16.179  22.375 0.0000000000
46080  -19.943  -16.076  22.062 0.0000000000
46081  -21.012  -15.776  21.994 0.0000000000
46082  -21.836  -15.687  21.774 0.0000000000
46091  -19.285  -15.629  21.791 0.0000000000
46092  -20.073  -15.429  21.531 0.0000000000
46093  -21.097  -15.249  21.425 0.0000000000
46094  -22.224  -15.433  21.120 0.0000000000
46095  -23.061  -15.666  20.659 0.0000000000
46101  -22.513  -15.179  20.418 0.0000000000
46102  -23.188  -15.410  19.930 0.0000000000
46105  -23.672  -15.596  19.033 0.0000000000
46106  -24.009  -16.093  18.408 0.0000000000
46111  -23.729  -15.426  18.188 0.0000000000
46112  -23.997  -16.087  17.742 0.0000000000
46120  -23.727  -15.414  17.396 0.0000000000
46121  -23.912  -16.116  17.036 0.0000000000
46129  -23.630  -15.565  16.510 0.0000000000
46130  -23.766  -16.214  16.573 0.0000000000
46733  -13.053  -14.821  38.908 0.0000000000
46734  -13.459  -14.334  38.719 0.0000000000
46745  -13.133  -15.152  38.300 0.0000000000
46746  -13.667  -14.636  37.972 0.0000000000
46747  -14.329  -14.141  37.687 0.0000000000
46757  -13.778  -14.888  37.195 0.0000000000
46758  -14.537  -14.450  36.930 0.0000000000
46759  -15.311  -13.982  36.648 0.0000000000
46769  -14.809  -14.714  35.809 0.0000000000
46770  -15.327  -14.234  36.110 0.0000000000
46782  -14.970  -14.837  35.265 0.0000000000
46783  -15.617  -14.367  35.127 0.0000000000
46784  -16.158  -13.910  34.915 0.0000000000
46795  -15.815  -14.376  34.264 0.0000000000
46796  -16.132  -14.056  34.450 0.0000000000
46809  -15.700  -14.535  33.882 0.0000000000
46810  -16.255  -14.217  33.589 0.0000000000
46811  -16.783  -13.837  33.233 0.0000000000
46826  -16.275  -14.444  32.982 0.0000000000
46827  -16.832  -14.202  32.736 0.0000000000
46828  -17.324  -14.117  32.292 0.0000000000
46842  -17.109  -14.507  32.138 0.0000000000
46843  -17.656  -14.299  31.802 0.0000000000
46852  -18.236  -14.402  31.117 0.0000000000
46853  -18.740  -14.434  30.530 0.0000000000
46862  -19.228  -14.370  29.935 0.0000000000
46863  -19.684  -14.349  29.326 0.0000000000
46875  -20.158  -14.357  28.702 0.0000000000
46890  -20.596  -14.505  27.803 0.0000000000
46891  -20.937  -14.082  27.220 0.0000000000
46904  -20.626  -14.852  26.747 0.0000000000
46905  -20.956  -14.063  26.474 0.0000000000
46912  -18.903  -15.404  25.308 0.0000000000
46913  -19.972  -14.925  25.612 0.0000000000
46914  -20.858  -13.815  25.814 0.0000000000
46918  -18.144  -15.511  24.267 0.0000000000
46919  -18.687  -14.954  24.978 0.0000000000
46920  -19.774  -14.126  25.013 0.0000000000
46928  -18.200  -15.304  23.654 0.0000000000
46936  -18.471  -15.120  22.833 0.0000000000
46937  -18.751  -15.339  22.012 0.0000000000
46946  -18.605  -14.638  22.175 0.0000000000
46947  -19.096  -14.842  21.459 0.0000000000
46948  -20.123  -14.666  20.993 0.0000000000
46949  -21.196  -14.738  20.879 0.0000000000
46950  -21.884  -14.796  20.539 0.0000000000
46959  -20.554  -14.200  20.672 0.0000000000
46960  -21.236  -14.165  20.381 0.0000000000
46961  -22.232  -14.415  19.865 0.0000000000
46962  -23.058  -14.826  19.310 0.0000000000
46969  -22.648  -14.053  18.917 0.0000000000
46970  -23.317  -14.769  18.624 0.0000000000
46975  -23.080  -14.182  18.288 0.0000000000
46976  -23.436  -14.629  17.854 0.0000000000
46984  -23.478  -14.690  17.002 0.0000000000
47550  -12.910  -14.379  39.487 0.0000000000
47551  -13.372  -13.664  39.233 0.0000000000
47552  -14.069  -13.053  38.897 0.0000000000
47562  -13.718  -14.057  38.568 0.0000000000
47563  -14.483  -13.531  38.247 0.0000000000
47564  -15.318  -13.040  37.884 0.0000000000
47573  -14.719  -13.907  37.540 0.0000000000
47574  -15.518  -13.407  37.176 0.0000000000
47575  -16.166  -12.825  36.703 0.0000000000
47585  -15.779  -13.707  36.248 0.0000000000
47586  -16.230  -13.116  36.300 0.0000000000
47597  -15.797  -13.959  35.735 0.0000000000
47598  -16.371  -13.428  35.369 0.0000000000
47599  -16.950  -12.887  34.855 0.0000000000
47611  -16.386  -13.673  34.666 0.0000000000
47612  -16.777  -13.258  34.473 0.0000000000
47624  -16.477  -13.695  34.147 0.0000000000
47625  -16.982  -13.393  33.659 0.0000000000
47626  -17.426  -13.141  33.157 0.0000000000
47639  -17.133  -13.605  33.041 0.0000000000
47640  -17.654  -13.467  32.500 0.0000000000
47654  -18.378  -13.438  31.602 0.0000000000
47655  -18.932  -13.160  31.097 0.0000000000
47667  -18.689  -13.769  30.950 0.0000000000
47668  -19.200  -13.511  30.503 0.0000000000
47677  -19.601  -13.533  29.793 0.0000000000
47678  -20.031  -13.511  29.183 0.0000000000
47685  -20.512  -13.431  28.443 0.0000000000
47686  -20.881  -13.020  27.968 0.0000000000
47694  -20.829  -13.647  27.738 0.0000000000
47695  -21.200  -13.269  27.283 0.0000000000
47709  -21.319  -13.154  26.401 0.0000000000
47721  -20.464  -13.801  25.316 0.0000000000
47722  -21.111  -12.961  25.533 0.0000000000
47726  -17.756  -13.353  24.494 0.0000000000
47727  -18.210  -14.024  24.330 0.0000000000
47728  -19.140  -13.639  24.722 0.0000000000
47729  -20.284  -13.066  24.863 0.0000000000
47730  -20.975  -12.333  25.038 0.0000000000
47734  -17.659  -13.475  24.239 0.0000000000
47735  -18.087  -14.232  23.633 0.0000000000
47740  -17.636  -13.502  23.664 0.0000000000
47741  -18.169  -13.891  22.870 0.0000000000
47745  -18.598  -13.855  21.953 0.0000000000
47746  -19.212  -13.755  21.171 0.0000000000
47747  -19.926  -13.915  20.735 0.0000000000
47751  -19.603  -13.313  20.740 0.0000000000
47752  -20.326  -13.466  20.381 0.0000000000
47753  -21.186  -13.410  19.803 0.0000000000
47754  -21.956  -13.575  19.371 0.0000000000
47758  -21.499  -12.918  19.265 0.0000000000
47759  -22.114  -13.143  18.808 0.0000000000
47765  -22.731  -13.441  18.034 0.0000000000
47766  -23.142  -14.051  17.920 0.0000000000
47773  -23.182  -13.995  17.432 0.0000000000
48324  -13.831  -12.472  39.218 0.0000000000
48330  -14.547  -12.487  38.707 0.0000000000
48331  -15.192  -12.515  38.169 0.0000000000
48336  -15.690  -12.481  37.574 0.0000000000
48337  -16.147  -12.397  36.976 0.0000000000
48343  -16.550  -12.288  36.207 0.0000000000
48344  -16.913  -11.848  35.773 0.0000000000
48349  -16.581  -12.806  35.827 0.0000000000
48350  -17.048  -12.355  35.350 0.0000000000
48356  -17.476  -12.478  34.184 0.0000000000
48357  -17.972  -11.952  33.697 0.0000000000
48362  -17.460  -12.856  33.525 0.0000000000
48363  -17.895  -12.403  33.144 0.0000000000
48373  -18.386  -12.475  32.203 0.0000000000
48385  -18.871  -12.476  31.461 0.0000000000
48386  -19.310  -12.588  30.860 0.0000000000
48399  -19.649  -12.728  30.232 0.0000000000
48411  -19.954  -12.865  29.675 0.0000000000
48412  -20.350  -12.643  29.180 0.0000000000
48421  -20.765  -12.447  28.529 0.0000000000
48422  -21.161  -12.371  27.868 0.0000000000
48429  -21.447  -12.355  27.105 0.0000000000
48443  -21.497  -12.224  26.288 0.0000000000
48456  -15.718  -12.082  25.849 0.0000000000
48457  -16.207  -12.125  25.582 0.0000000000
48458  -21.368  -11.950  25.566 0.0000000000
48462  -15.912  -12.184  25.527 0.0000000000
48463  -17.161  -12.681  24.827 0.0000000000
48464  -18.367  -12.892  24.761 0.0000000000
48465  -19.499  -12.431  24.513 0.0000000000
48466  -20.558  -11.858  24.524 0.0000000000
48467  -21.198  -11.662  24.996 0.0000000000
48471  -16.235  -12.412  24.839 0.0000000000
48472  -17.063  -12.944  24.200 0.0000000000
48473  -20.023  -11.695  24.122 0.0000000000
48474  -20.355  -11.418  24.187 0.0000000000
48479  -16.497  -12.453  24.121 0.0000000000
48480  -17.291  -12.803  23.259 0.0000000000
48481  -18.042  -13.163  22.433 0.0000000000
48487  -17.664  -12.479  22.390 0.0000000000
48488  -18.403  -12.775  21.729 0.0000000000
48489  -19.059  -12.706  21.012 0.0000000000
48494  -19.633  -12.610  20.503 0.0000000000
48495  -20.319  -12.486  19.942 0.0000000000
48496  -20.944  -12.624  19.536 0.0000000000
48500  -20.661  -12.037  19.533 0.0000000000
48501  -21.170  -12.162  19.142 0.0000000000
48502  -21.665  -12.538  18.831 0.0000000000
48509  -21.505  -12.032  18.631 0.0000000000
48510  -22.032  -12.414  18.231 0.0000000000
49149  -14.282  -11.584  38.831 0.0000000000
49150  -15.016  -11.661  38.307 0.0000000000
49156  -15.554  -11.734  37.747 0.0000000000
49157  -16.015  -11.695  37.228 0.0000000000
49162  -16.405  -11.562  36.628 0.0000000000
49163  -16.776  -11.395  36.029 0.0000000000
49169  -17.181  -11.365  35.464 0.0000000000
49175  -17.568  -11.501  34.746 0.0000000000
49176  -17.916  -11.443  34.006 0.0000000000
49182  -18.164  -11.391  33.336 0.0000000000
49188  -18.423  -11.482  32.596 0.0000000000
49194  -18.778  -11.545  31.803 0.0000000000
49195  -19.267  -11.687  31.127 0.0000000000
49202  -19.604  -11.963  30.548 0.0000000000
49211  -20.047  -11.937  29.907 0.0000000000
49212  -20.560  -11.676  29.163 0.0000000000
49222  -20.992  -11.567  28.443 0.0000000000
49223  -21.342  -11.533  27.712 0.0000000000
49236  -21.538  -11.472  26.955 0.0000000000
49250  -21.539  -11.309  26.199 0.0000000000
49260  -13.735  -11.487  26.241 0.0000000000
49261  -13.974  -11.619  26.187 0.0000000000
49262  -15.038  -11.956  26.086 0.0000000000
49263  -15.901  -11.924  25.953 0.0000000000
49264  -21.437  -11.081  25.453 0.0000000000
49274  -13.679  -11.552  26.036 0.0000000000
49275  -14.247  -11.740  25.753 0.0000000000
49276  -15.258  -12.048  25.397 0.0000000000
49277  -16.699  -11.956  25.557 0.0000000000
49278  -17.746  -11.984  25.064 0.0000000000
49279  -18.658  -12.118  24.619 0.0000000000
49280  -20.626  -11.114  24.261 0.0000000000
49281  -21.150  -10.935  24.679 0.0000000000
49287  -14.707  -11.752  25.110 0.0000000000
49288  -15.589  -11.934  24.528 0.0000000000
49289  -18.396  -11.537  24.570 0.0000000000
49290  -19.272  -11.464  24.136 0.0000000000
49291  -20.200  -11.035  23.879 0.0000000000
49298  -16.326  -11.929  23.647 0.0000000000
49299  -16.947  -11.819  22.741 0.0000000000
49309  -17.691  -11.738  21.961 0.0000000000
49310  -18.470  -11.704  21.244 0.0000000000
49311  -19.110  -11.990  20.751 0.0000000000
49322  -18.881  -11.302  20.716 0.0000000000
49323  -19.553  -11.567  20.276 0.0000000000
49324  -20.190  -11.496  19.704 0.0000000000
49330  -20.651  -11.399  19.176 0.0000000000
49331  -21.130  -11.627  18.742 0.0000000000
49337  -20.850  -11.086  18.576 0.0000000000
50021  -14.682  -10.792  38.233 0.0000000000
50033  -15.377  -10.960  37.752 0.0000000000
50034  -15.809  -11.156  37.375 0.0000000000
50044  -16.177  -10.922  36.921 0.0000000000
50045  -16.565  -10.755  36.344 0.0000000000
50055  -16.949  -10.635  35.737 0.0000000000
50065  -17.366  -10.524  34.909 0.0000000000
50066  -17.724  -10.816  34.276 0.0000000000
50076  -17.580  -10.194  34.081 0.0000000000
50077  -17.964  -10.533  33.577 0.0000000000
50086  -18.288  -10.564  32.865 0.0000000000
50095  -18.630  -10.564  32.118 0.0000000000
50096  -19.133  -10.683  31.391 0.0000000000
50105  -19.601  -10.931  30.530 0.0000000000
50115  -20.167  -10.784  29.695 0.0000000000
50116  -20.690  -10.696  28.949 0.0000000000
50130  -21.121  -10.689  28.216 0.0000000000
50131  -21.388  -10.721  27.499 0.0000000000
50147  -21.514  -10.641  26.816 0.0000000000
50160  -21.537  -10.417  26.097 0.0000000000
50171  -13.574  -11.295  26.227 0.0000000000
50172  -14.245  -11.289  26.394 0.0000000000
50173  -15.483  -11.121  26.057 0.0000000000
50174  -16.246  -11.559  25.763 0.0000000000
50175  -21.445  -10.131  25.259 0.0000000000
50187  -13.593  -11.036  25.571 0.0000000000
50188  -14.221  -11.438  25.290 0.0000000000
50189  -15.930  -10.478  25.593 0.0000000000
50190  -16.943  -10.875  25.278 0.0000000000
50191  -17.865  -11.303  24.794 0.0000000000
50192  -20.773  -10.304  24.132 0.0000000000
50193  -21.213  -10.215  24.639 0.0000000000
50201  -13.785  -10.499  24.942 0.0000000000
50202  -14.648  -10.935  24.480 0.0000000000
50203  -15.647  -11.449  23.990 0.0000000000
50204  -17.495  -10.112  24.422 0.0000000000
50205  -18.344  -10.627  24.203 0.0000000000
50206  -19.605  -10.508  23.644 0.0000000000
50207  -20.256  -10.380  23.738 0.0000000000
50212  -15.132  -10.273  23.640 0.0000000000
50213  -15.997  -10.848  23.316 0.0000000000
50214  -16.959  -10.819  22.297 0.0000000000
50219  -17.716  -10.759  21.573 0.0000000000
50220  -18.370  -10.635  20.975 0.0000000000
50230  -19.002  -10.547  20.434 0.0000000000
50231  -19.712  -10.504  19.733 0.0000000000
50232  -20.241  -10.943  19.434 0.0000000000
50245  -19.820  -9.973  19.288 0.0000000000
50246  -20.298  -10.413  18.957 0.0000000000
51024  -14.162  -10.064  38.104 0.0000000000
51038  -13.644  -9.474  37.289 0.0000000000
51039  -15.064  -10.064  37.438 0.0000000000
51040  -15.755  -10.581  37.217 0.0000000000
51051  -13.866  -9.335  36.491 0.0000000000
51052  -14.912  -9.458  36.332 0.0000000000
51053  -16.114  -10.017  36.536 0.0000000000
51054  -16.683  -10.227  36.067 0.0000000000
51066  -15.415  -9.234  35.646 0.0000000000
51067  -15.983  -9.379  35.747 0.0000000000
51068  -16.779  -9.782  35.448 0.0000000000
51081  -17.230  -9.660  34.388 0.0000000000
51094  -17.730  -9.498  33.331 0.0000000000
51095  -18.085  -10.010  33.064 0.0000000000
51107  -17.975  -9.009  32.689 0.0000000000
51108  -18.320  -9.551  32.468 0.0000000000
51121  -18.892  -9.687  31.649 0.0000000000
51122  -19.387  -9.794  30.976 0.0000000000
51135  -19.828  -9.776  30.182 0.0000000000
51148  -20.349  -9.755  29.393 0.0000000000
51149  -20.794  -9.766  28.574 0.0000000000
51165  -21.178  -9.912  27.842 0.0000000000
51166  -21.385  -10.105  27.283 0.0000000000
51184  -21.459  -9.816  26.769 0.0000000000
51199  -21.508  -9.506  26.064 0.0000000000
51211  -13.242  -10.882  26.147 0.0000000000
51212  -13.608  -10.687  26.353 0.0000000000
51213  -14.369  -10.555  26.255 0.0000000000
51214  -21.446  -9.268  25.399 0.0000000000
51226  -13.347  -10.262  25.868 0.0000000000
51227  -13.841  -9.811  26.048 0.0000000000
51228  -15.078  -9.841  25.664 0.0000000000
51229  -16.133  -9.976  25.266 0.0000000000
51230  -20.855  -9.591  24.030 0.0000000000
51231  -21.239  -9.461  24.608 0.0000000000
51242  -13.445  -9.887  25.115 0.0000000000
51243  -13.934  -10.041  24.581 0.0000000000
51244  -15.726  -9.315  24.990 0.0000000000
51245  -16.699  -9.498  24.549 0.0000000000
51246  -17.859  -9.408  23.713 0.0000000000
51247  -19.112  -9.608  23.345 0.0000000000
51248  -20.266  -9.616  23.573 0.0000000000
51252  -13.660  -9.327  24.490 0.0000000000
51253  -14.395  -9.623  23.895 0.0000000000
51254  -15.418  -9.676  23.026 0.0000000000
51255  -16.298  -10.073  22.516 0.0000000000
51256  -18.630  -8.824  23.090 0.0000000000
51257  -19.238  -8.913  23.077 0.0000000000
51262  -15.948  -9.412  22.274 0.0000000000
51263  -16.899  -9.696  21.791 0.0000000000
51264  -17.793  -9.960  21.247 0.0000000000
51268  -17.448  -9.282  21.135 0.0000000000
51269  -18.254  -9.549  20.594 0.0000000000
51270  -19.061  -9.786  20.084 0.0000000000
51274  -18.671  -9.148  19.924 0.0000000000
51275  -19.315  -9.387  19.395 0.0000000000
51276  -19.826  -9.667  18.944 0.0000000000
52142  -12.931  -8.985  36.356 0.0000000000
52143  -13.936  -9.240  35.971 0.0000000000
52156  -12.293  -7.911  35.171 0.0000000000
52157  -12.352  -8.187  35.581 0.0000000000
52158  -13.300  -9.026  35.316 0.0000000000
52159  -14.709  -9.088  35.333 0.0000000000
52160  -15.766  -9.013  35.148 0.0000000000
52161  -16.397  -9.206  35.121 0.0000000000
52172  -12.197  -7.955  34.506 0.0000000000
52173  -12.655  -8.663  34.337 0.0000000000
52174  -14.004  -8.904  34.385 0.0000000000
52175  -15.331  -8.695  34.385 0.0000000000
52176  -16.323  -8.834  34.456 0.0000000000
52177  -16.783  -9.261  34.661 0.0000000000
52187  -11.853  -8.246  33.489 0.0000000000
52188  -12.618  -8.595  33.417 0.0000000000
52189  -13.493  -8.699  33.574 0.0000000000
52190  -14.703  -8.471  33.382 0.0000000000
52191  -16.166  -8.325  33.345 0.0000000000
52192  -17.033  -8.922  33.824 0.0000000000
52201  -11.650  -8.243  32.823 0.0000000000
52202  -12.270  -8.447  32.795 0.0000000000
52203  -13.258  -8.531  32.872 0.0000000000
52204  -13.973  -8.515  33.057 0.0000000000
52205  -16.683  -8.011  32.594 0.0000000000
52206  -17.544  -8.366  32.506 0.0000000000
52207  -18.144  -8.816  32.333 0.0000000000
52217  -18.008  -8.039  31.649 0.0000000000
52218  -18.527  -8.561  31.514 0.0000000000
52219  -19.125  -9.140  31.250 0.0000000000
52230  -18.854  -8.200  30.742 0.0000000000
52231  -19.329  -8.707  30.592 0.0000000000
52243  -19.951  -8.799  29.716 0.0000000000
52244  -20.396  -8.838  28.938 0.0000000000
52263  -20.938  -8.802  27.900 0.0000000000
52264  -21.295  -9.471  27.367 0.0000000000
52283  -21.146  -8.330  27.330 0.0000000000
52284  -21.377  -8.795  26.887 0.0000000000
52296  -21.466  -8.646  25.922 0.0000000000
52306  -21.403  -8.627  25.137 0.0000000000
52318  -13.528  -9.350  25.357 0.0000000000
52319  -14.095  -8.896  25.348 0.0000000000
52320  -15.013  -8.915  25.071 0.0000000000
52321  -20.891  -8.956  23.996 0.0000000000
52322  -21.203  -8.591  24.538 0.0000000000
52338  -13.301  -8.864  24.778 0.0000000000
52339  -14.539  -8.388  24.747 0.0000000000
52340  -15.575  -8.480  24.455 0.0000000000
52341  -16.858  -8.449  23.705 0.0000000000
52342  -17.824  -8.557  23.244 0.0000000000
52343  -19.700  -8.966  23.208 0.0000000000
52344  -20.335  -8.425  23.412 0.0000000000
52354  -13.494  -8.551  23.960 0.0000000000
52355  -14.488  -8.781  23.194 0.0000000000
52356  -15.245  -8.949  22.512 0.0000000000
52357  -17.407  -8.041  23.065 0.0000000000
52358  -18.221  -8.124  22.756 0.0000000000
52359  -19.384  -8.240  22.783 0.0000000000
52360  -20.154  -7.672  22.934 0.0000000000
52370  -13.681  -8.055  23.246 0.0000000000
52371  -14.499  -8.267  22.548 0.0000000000
52372  -15.722  -8.668  21.810 0.0000000000
52373  -16.775  -8.856  21.314 0.0000000000
52385  -16.265  -8.318  21.124 0.0000000000
52386  -17.247  -8.494  20.628 0.0000000000
52387  -18.124  -8.703  20.115 0.0000000000
52400  -17.697  -8.146  19.883 0.0000000000
52401  -18.462  -8.410  19.359 0.0000000000
53243  -12.349  -7.768  34.971 0.0000000000
53244  -12.562  -7.383  35.560 0.0000000000
53245  -13.192  -6.905  36.072 0.0000000000
53260  -12.335  -7.472  34.632 0.0000000000
53261  -12.673  -7.283  35.066 0.0000000000
53275  -11.102  -7.132  33.316 0.0000000000
53276  -11.571  -7.488  33.619 0.0000000000
53277  -14.822  -8.331  32.883 0.0000000000
53278  -15.242  -8.240  32.872 0.0000000000
53294  -10.815  -7.192  33.018 0.0000000000
53295  -11.151  -7.854  32.802 0.0000000000
53296  -11.804  -8.170  32.224 0.0000000000
53297  -12.927  -8.299  32.085 0.0000000000
53298  -14.423  -8.173  32.467 0.0000000000
53299  -15.902  -7.846  32.341 0.0000000000
53300  -16.900  -7.715  32.071 0.0000000000
53315  -11.002  -7.126  32.407 0.0000000000
53316  -11.363  -7.448  31.901 0.0000000000
53317  -12.347  -7.691  31.424 0.0000000000
53318  -13.718  -7.577  31.472 0.0000000000
53319  -15.163  -7.396  31.564 0.0000000000
53320  -16.495  -7.244  31.453 0.0000000000
53321  -17.592  -7.503  31.240 0.0000000000
53322  -18.196  -7.880  31.243 0.0000000000
53343  -17.955  -7.109  30.588 0.0000000000
53344  -18.507  -7.551  30.488 0.0000000000
53345  -19.058  -8.006  30.384 0.0000000000
53369  -18.878  -7.159  29.795 0.0000000000
53370  -19.411  -7.699  29.596 0.0000000000
53371  -19.989  -8.265  29.228 0.0000000000
53398  -19.716  -7.289  28.877 0.0000000000
53399  -20.207  -7.791  28.592 0.0000000000
53418  -20.897  -7.687  27.402 0.0000000000
53419  -21.259  -8.125  27.051 0.0000000000
53434  -21.029  -7.309  26.783 0.0000000000
53435  -21.313  -7.824  26.464 0.0000000000
53449  -21.398  -7.943  25.537 0.0000000000
53464  -13.450  -8.539  25.042 0.0000000000
53465  -13.867  -8.228  24.766 0.0000000000
53466  -20.973  -8.034  24.132 0.0000000000
53467  -21.278  -7.920  24.853 0.0000000000
53486  -13.296  -7.945  24.513 0.0000000000
53487  -14.302  -7.591  24.266 0.0000000000
53488  -15.713  -7.685  23.695 0.0000000000
53489  -16.693  -7.722  23.204 0.0000000000
53490  -20.652  -7.432  23.533 0.0000000000
53506  -12.887  -7.581  23.726 0.0000000000
53507  -14.849  -6.933  23.551 0.0000000000
53508  -16.036  -7.184  23.021 0.0000000000
53509  -17.362  -7.358  22.571 0.0000000000
53510  -18.672  -7.472  22.350 0.0000000000
53511  -19.693  -7.128  22.382 0.0000000000
53512  -20.360  -7.022  22.864 0.0000000000
53524  -13.427  -7.440  22.840 0.0000000000
53525  -14.545  -7.822  21.979 0.0000000000
53526  -15.435  -7.988  21.336 0.0000000000
53527  -18.180  -6.924  22.072 0.0000000000
53528  -19.040  -6.828  22.004 0.0000000000
53529  -19.512  -6.680  22.094 0.0000000000
53541  -13.699  -7.198  22.158 0.0000000000
53542  -14.625  -7.406  21.405 0.0000000000
53543  -15.985  -7.606  20.648 0.0000000000
53544  -17.046  -7.731  20.077 0.0000000000
54437  -12.897  -7.025  35.258 0.0000000000
54438  -13.804  -6.629  35.583 0.0000000000
54439  -15.029  -5.992  35.601 0.0000000000
54455  -12.119  -7.011  34.118 0.0000000000
54456  -12.948  -6.802  34.706 0.0000000000
54457  -14.062  -6.257  34.637 0.0000000000
54458  -14.534  -6.217  35.115 0.0000000000
54473  -11.028  -6.801  33.103 0.0000000000
54474  -11.600  -6.805  33.535 0.0000000000
54475  -12.773  -6.371  33.822 0.0000000000
54476  -13.441  -6.312  34.265 0.0000000000
54490  -11.093  -6.380  32.372 0.0000000000
54491  -11.596  -6.305  32.992 0.0000000000
54492  -12.150  -6.332  33.369 0.0000000000
54508  -11.136  -6.533  31.771 0.0000000000
54509  -11.832  -6.679  31.089 0.0000000000
54510  -13.054  -6.797  30.837 0.0000000000
54511  -14.525  -6.566  30.954 0.0000000000
54512  -15.860  -6.650  31.066 0.0000000000
54513  -16.742  -6.677  30.923 0.0000000000
54514  -17.115  -6.977  30.993 0.0000000000
54535  -12.216  -6.223  30.764 0.0000000000
54536  -12.478  -6.458  30.773 0.0000000000
54537  -14.939  -5.909  30.754 0.0000000000
54538  -15.605  -6.003  30.700 0.0000000000
54539  -16.548  -6.146  30.595 0.0000000000
54540  -17.535  -6.480  30.387 0.0000000000
54541  -18.167  -6.869  30.305 0.0000000000
54561  -17.948  -5.997  29.769 0.0000000000
54562  -18.522  -6.458  29.624 0.0000000000
54563  -19.076  -6.950  29.466 0.0000000000
54576  -18.872  -6.051  28.925 0.0000000000
54577  -19.397  -6.584  28.743 0.0000000000
54578  -19.870  -7.122  28.552 0.0000000000
54591  -19.730  -6.278  27.957 0.0000000000
54592  -20.161  -6.872  27.966 0.0000000000
54604  -20.644  -6.729  26.907 0.0000000000
54605  -21.089  -7.095  26.346 0.0000000000
54617  -20.890  -6.510  25.894 0.0000000000
54618  -21.234  -7.271  25.673 0.0000000000
54631  -21.022  -6.924  24.650 0.0000000000
54632  -21.266  -7.501  25.176 0.0000000000
54648  -13.235  -7.020  24.315 0.0000000000
54649  -13.863  -6.729  23.934 0.0000000000
54650  -20.631  -6.487  23.412 0.0000000000
54666  -13.218  -6.629  23.589 0.0000000000
54667  -14.209  -6.289  23.331 0.0000000000
54668  -15.346  -6.558  22.888 0.0000000000
54669  -16.378  -6.768  22.508 0.0000000000
54670  -19.749  -6.581  22.153 0.0000000000
54671  -20.178  -6.276  22.405 0.0000000000
54685  -12.801  -6.605  22.836 0.0000000000
54686  -14.847  -6.103  22.689 0.0000000000
54687  -15.853  -6.234  22.242 0.0000000000
54688  -17.254  -6.488  21.948 0.0000000000
54689  -18.483  -6.374  21.660 0.0000000000
54690  -19.487  -6.205  21.781 0.0000000000
54691  -19.957  -5.672  21.873 0.0000000000
55532  -14.425  -5.968  34.362 0.0000000000
55533  -15.067  -5.722  34.681 0.0000000000
55540  -13.239  -5.966  33.582 0.0000000000
55541  -14.006  -5.862  33.824 0.0000000000
55542  -15.051  -5.230  33.830 0.0000000000
55550  -10.894  -5.421  32.006 0.0000000000
55551  -11.581  -5.557  32.421 0.0000000000
55552  -12.884  -5.732  33.061 0.0000000000
55553  -13.893  -5.327  33.221 0.0000000000
55563  -10.902  -5.451  31.529 0.0000000000
55564  -11.232  -5.925  31.203 0.0000000000
55565  -13.196  -6.381  30.668 0.0000000000
55566  -13.595  -6.293  30.732 0.0000000000
55579  -11.012  -5.280  30.873 0.0000000000
55580  -11.779  -5.666  30.698 0.0000000000
55581  -12.963  -5.917  30.599 0.0000000000
55582  -14.284  -5.652  30.668 0.0000000000
55583  -15.305  -5.402  30.530 0.0000000000
55584  -16.372  -5.332  30.170 0.0000000000
55585  -17.023  -5.802  30.213 0.0000000000
55596  -16.772  -4.971  29.621 0.0000000000
55597  -17.454  -5.384  29.524 0.0000000000
55598  -18.133  -5.773  29.438 0.0000000000
55608  -17.786  -5.017  28.834 0.0000000000
55609  -18.418  -5.421  28.691 0.0000000000
55610  -19.023  -5.871  28.532 0.0000000000
55620  -18.682  -5.076  27.916 0.0000000000
55621  -19.317  -5.527  27.707 0.0000000000
55622  -20.017  -6.190  27.411 0.0000000000
55632  -19.569  -5.145  26.847 0.0000000000
55633  -20.137  -5.646  26.512 0.0000000000
55643  -20.629  -5.691  25.252 0.0000000000
55653  -20.675  -5.710  24.113 0.0000000000
55665  -20.481  -5.556  23.083 0.0000000000
55679  -13.563  -5.872  23.230 0.0000000000
55680  -14.280  -5.906  22.895 0.0000000000
55681  -20.215  -5.345  22.259 0.0000000000
55695  -14.779  -5.547  22.120 0.0000000000
55696  -16.567  -5.767  21.573 0.0000000000
55697  -17.867  -5.821  21.313 0.0000000000
55698  -18.894  -5.737  21.198 0.0000000000
55699  -19.600  -5.222  21.323 0.0000000000
55700  -20.029  -5.222  21.772 0.0000000000
55707  -15.492  -4.889  21.350 0.0000000000
55708  -16.218  -5.097  21.185 0.0000000000
55709  -17.373  -5.254  20.857 0.0000000000
55710  -18.444  -5.259  20.737 0.0000000000
55711  -19.089  -5.212  20.861 0.0000000000
56566  -15.850  -4.955  35.202 0.0000000000
56575  -15.766  -4.468  34.489 0.0000000000
56576  -16.178  -3.909  34.972 0.0000000000
56581  -14.482  -5.109  33.351 0.0000000000
56582  -15.107  -4.365  33.429 0.0000000000
56585  -10.787  -5.028  31.717 0.0000000000
56586  -11.172  -4.670  31.982 0.0000000000
56587  -12.406  -4.663  32.358 0.0000000000
56588  -13.903  -4.524  32.832 0.0000000000
56589  -14.691  -3.756  32.995 0.0000000000
56594  -10.894  -4.565  31.424 0.0000000000
56595  -11.221  -3.954  31.543 0.0000000000
56602  -10.852  -4.530  30.931 0.0000000000
56603  -11.458  -4.617  30.550 0.0000000000
56604  -12.507  -4.715  30.409 0.0000000000
56605  -13.794  -4.658  30.452 0.0000000000
56606  -14.841  -4.774  30.407 0.0000000000
56607  -15.654  -4.792  30.164 0.0000000000
56615  -14.551  -4.160  30.195 0.0000000000
56616  -15.295  -4.173  29.863 0.0000000000
56617  -16.251  -4.458  29.518 0.0000000000
56618  -16.923  -4.716  29.263 0.0000000000
56625  -16.695  -4.282  28.924 0.0000000000
56626  -17.306  -4.523  28.683 0.0000000000
56627  -17.894  -4.761  28.425 0.0000000000
56633  -17.656  -4.317  28.093 0.0000000000
56634  -18.227  -4.539  27.813 0.0000000000
56635  -18.794  -4.790  27.489 0.0000000000
56643  -18.560  -4.302  27.174 0.0000000000
56644  -19.139  -4.560  26.810 0.0000000000
56645  -19.682  -4.879  26.374 0.0000000000
56651  -19.479  -4.371  26.076 0.0000000000
56652  -20.017  -4.746  25.624 0.0000000000
56659  -20.389  -4.874  24.681 0.0000000000
56668  -20.396  -4.822  23.725 0.0000000000
56673  -20.295  -4.703  22.778 0.0000000000
56680  -19.645  -4.496  21.192 0.0000000000
56681  -20.035  -4.567  21.825 0.0000000000
56690  -16.941  -4.694  20.361 0.0000000000
56691  -18.016  -4.756  20.148 0.0000000000
56692  -19.104  -4.457  20.488 0.0000000000
56701  -17.481  -4.193  19.576 0.0000000000
56702  -18.418  -3.993  19.627 0.0000000000
56703  -18.921  -3.639  19.836 0.0000000000
57570  -15.650  -3.658  33.979 0.0000000000
57571  -16.069  -3.385  34.675 0.0000000000
57577  -15.184  -3.357  33.467 0.0000000000
57581  -11.864  -3.754  31.966 0.0000000000
57582  -13.007  -3.574  32.391 0.0000000000
57583  -14.094  -3.355  32.662 0.0000000000
57584  -14.711  -3.047  33.055 0.0000000000
57587  -11.074  -3.557  31.088 0.0000000000
57588  -11.471  -3.106  31.526 0.0000000000
57591  -11.401  -3.629  30.659 0.0000000000
57592  -12.158  -3.708  30.345 0.0000000000
57593  -13.370  -3.553  30.133 0.0000000000
57594  -14.092  -3.920  30.200 0.0000000000
57598  -13.897  -3.001  29.541 0.0000000000
57599  -14.562  -3.496  29.627 0.0000000000
57600  -15.667  -3.614  28.962 0.0000000000
57601  -16.319  -4.009  28.916 0.0000000000
57608  -15.866  -3.332  28.328 0.0000000000
57609  -16.577  -3.680  28.238 0.0000000000
57610  -17.284  -4.046  28.122 0.0000000000
57616  -16.775  -3.389  27.542 0.0000000000
57617  -17.500  -3.674  27.430 0.0000000000
57618  -18.192  -4.025  27.241 0.0000000000
57626  -17.676  -3.309  26.736 0.0000000000
57627  -18.408  -3.613  26.518 0.0000000000
57628  -19.108  -4.052  26.194 0.0000000000
57637  -18.549  -3.195  25.733 0.0000000000
57638  -19.350  -3.686  25.373 0.0000000000
57639  -20.009  -4.333  25.017 0.0000000000
57647  -19.624  -3.331  24.090 0.0000000000
57648  -20.039  -4.150  24.380 0.0000000000
57655  -19.802  -3.194  23.103 0.0000000000
57656  -20.116  -4.002  23.425 0.0000000000
57659  -19.844  -3.247  22.207 0.0000000000
57660  -20.099  -3.920  22.520 0.0000000000
57666  -19.660  -3.644  21.285 0.0000000000
57667  -19.976  -3.852  21.926 0.0000000000
57675  -19.255  -3.365  20.297 0.0000000000
57684  -17.934  -3.504  18.987 0.0000000000
57685  -18.687  -3.082  19.192 0.0000000000
57686  -19.058  -3.189  19.738 0.0000000000
57694  -18.187  -2.972  18.638 0.0000000000
58555  -15.524  -2.654  34.162 0.0000000000
58556  -16.020  -2.706  34.744 0.0000000000
58565  -14.446  -2.226  33.307 0.0000000000
58566  -14.910  -2.638  33.506 0.0000000000
58571  -12.203  -2.559  32.099 0.0000000000
58572  -13.465  -2.607  32.507 0.0000000000
58573  -14.281  -2.605  32.853 0.0000000000
58574  -14.622  -2.624  33.182 0.0000000000
58579  -11.194  -2.310  31.157 0.0000000000
58580  -11.506  -2.451  31.635 0.0000000000
58585  -11.372  -2.581  30.684 0.0000000000
58586  -12.046  -2.574  30.186 0.0000000000
58587  -12.696  -2.998  30.150 0.0000000000
58592  -12.395  -2.023  29.702 0.0000000000
58593  -13.196  -2.273  29.427 0.0000000000
58594  -14.385  -2.701  28.978 0.0000000000
58595  -15.003  -3.121  28.943 0.0000000000
58601  -13.396  -1.533  28.648 0.0000000000
58602  -14.170  -1.708  28.117 0.0000000000
58603  -15.267  -2.787  28.172 0.0000000000
58604  -15.956  -3.188  27.999 0.0000000000
58609  -14.409  -1.203  27.266 0.0000000000
58610  -15.055  -1.611  26.998 0.0000000000
58611  -16.134  -2.875  27.327 0.0000000000
58612  -16.853  -3.230  27.201 0.0000000000
58617  -15.148  -1.447  26.165 0.0000000000
58618  -15.765  -1.973  26.177 0.0000000000
58619  -16.974  -2.881  26.542 0.0000000000
58620  -17.721  -3.116  26.393 0.0000000000
58625  -15.781  -1.617  25.612 0.0000000000
58626  -16.437  -2.035  25.508 0.0000000000
58627  -17.728  -2.713  25.721 0.0000000000
58628  -18.535  -2.889  25.243 0.0000000000
58632  -17.076  -2.023  24.995 0.0000000000
58633  -17.945  -2.243  24.753 0.0000000000
58634  -18.904  -2.732  24.565 0.0000000000
58637  -18.403  -2.131  24.142 0.0000000000
58638  -19.117  -2.415  23.627 0.0000000000
58641  -19.476  -2.460  22.698 0.0000000000
58646  -19.561  -2.503  21.795 0.0000000000
58654  -19.392  -2.554  20.835 0.0000000000
58662  -18.899  -2.190  19.133 0.0000000000
58663  -19.154  -2.530  19.851 0.0000000000
59449  -15.198  -1.489  35.385 0.0000000000
59462  -14.057  -1.481  34.362 0.0000000000
59463  -15.005  -1.717  34.597 0.0000000000
59464  -15.814  -2.116  34.918 0.0000000000
59477  -13.192  -1.478  33.288 0.0000000000
59478  -13.993  -1.686  33.599 0.0000000000
59479  -14.746  -1.977  33.875 0.0000000000
59489  -12.127  -1.446  32.267 0.0000000000
59490  -12.991  -1.769  32.530 0.0000000000
59491  -13.849  -1.954  32.892 0.0000000000
59496  -11.103  -1.198  31.274 0.0000000000
59497  -11.514  -1.828  31.736 0.0000000000
59502  -11.166  -1.455  30.431 0.0000000000
59503  -11.518  -2.021  30.254 0.0000000000
59507  -11.295  -1.013  29.847 0.0000000000
59508  -11.871  -1.487  29.714 0.0000000000
59509  -12.544  -1.742  29.463 0.0000000000
59514  -12.092  -0.921  29.233 0.0000000000
59515  -12.697  -1.219  28.980 0.0000000000
59516  -13.408  -1.009  28.148 0.0000000000
59520  -13.996  -0.940  27.435 0.0000000000
59521  -14.404  -0.966  26.809 0.0000000000
59526  -14.735  -1.108  26.194 0.0000000000
59527  -15.287  -1.286  25.743 0.0000000000
59532  -15.832  -1.330  25.310 0.0000000000
59533  -16.447  -1.405  24.962 0.0000000000
59538  -17.149  -1.437  24.534 0.0000000000
59539  -17.818  -1.717  24.199 0.0000000000
59544  -17.467  -1.218  24.046 0.0000000000
59545  -18.157  -1.527  23.592 0.0000000000
59546  -18.893  -1.870  23.025 0.0000000000
59550  -18.377  -1.315  22.806 0.0000000000
59551  -19.123  -1.738  22.351 0.0000000000
59554  -18.601  -1.131  22.179 0.0000000000
59555  -19.144  -1.550  21.454 0.0000000000
59565  -19.208  -1.676  20.446 0.0000000000
60378  -13.590  -0.449  36.380 0.0000000000
60391  -12.436  -0.073  35.352 0.0000000000
60392  -13.299  -0.660  35.703 0.0000000000
60393  -14.382  -1.029  35.928 0.0000000000
60406  -11.700  0.331  34.401 0.0000000000
60407  -11.945  -0.227  34.651 0.0000000000
60408  -12.967  -0.994  34.845 0.0000000000
60409  -14.165  -1.250  35.164 0.0000000000
60421  -11.371  0.430  33.232 0.0000000000
60422  -11.454  0.178  33.712 0.0000000000
60423  -12.311  -0.931  33.838 0.0000000000
60424  -13.283  -1.384  34.029 0.0000000000
60433  -11.390  0.266  32.804 0.0000000000
60434  -11.792  -0.599  32.765 0.0000000000
60435  -12.512  -1.197  32.922 0.0000000000
60441  -11.318  -0.197  31.772 0.0000000000
60442  -11.608  -1.015  31.893 0.0000000000
60451  -10.996  -0.373  30.667 0.0000000000
60452  -11.176  -0.048  30.020 0.0000000000
60462  -11.099  -0.655  30.036 0.0000000000
60463  -11.653  -0.397  29.456 0.0000000000
60464  -12.187  -0.042  28.863 0.0000000000
60474  -12.280  -0.557  28.965 0.0000000000
60475  -12.777  -0.342  28.430 0.0000000000
60476  -13.595  -0.361  27.775 0.0000000000
60477  -13.989  -0.149  27.319 0.0000000000
60481  -14.203  -0.560  27.189 0.0000000000
60482  -14.556  -0.462  26.649 0.0000000000
60483  -15.088  -0.247  26.188 0.0000000000
60484  -15.755  -0.205  26.190 0.0000000000
60488  -14.935  -0.736  25.950 0.0000000000
60489  -15.509  -0.706  25.619 0.0000000000
60490  -16.232  -0.426  25.696 0.0000000000
60494  -16.023  -0.870  25.123 0.0000000000
60495  -16.652  -0.667  24.972 0.0000000000
60501  -17.104  -0.624  24.412 0.0000000000
60509  -17.386  -0.656  23.753 0.0000000000
60510  -17.769  -0.937  23.165 0.0000000000
60519  -17.557  -0.371  23.291 0.0000000000
60520  -17.927  -0.536  22.654 0.0000000000
60526  -18.409  -0.507  21.655 0.0000000000
60527  -18.965  -0.978  20.866 0.0000000000
61396  -13.432  0.457  36.771 0.0000000000
61410  -12.440  0.446  35.327 0.0000000000
61411  -12.817  0.670  35.759 0.0000000000
61425  -11.684  0.638  34.153 0.0000000000
61426  -12.123  0.791  34.712 0.0000000000
61427  -12.597  1.631  34.927 0.0000000000
61448  -11.346  0.787  33.024 0.0000000000
61449  -11.713  1.256  33.580 0.0000000000
61450  -12.075  1.478  34.017 0.0000000000
61468  -11.340  0.847  32.041 0.0000000000
61469  -11.536  1.555  32.484 0.0000000000
61484  -11.266  0.576  30.959 0.0000000000
61485  -11.634  1.843  31.150 0.0000000000
61486  -12.375  2.377  30.868 0.0000000000
61502  -11.188  0.261  30.349 0.0000000000
61503  -11.672  0.725  29.908 0.0000000000
61504  -12.855  1.752  30.118 0.0000000000
61505  -14.302  1.807  29.932 0.0000000000
61506  -15.041  1.867  29.953 0.0000000000
61522  -11.981  0.275  29.192 0.0000000000
61523  -12.670  0.533  28.869 0.0000000000
61524  -13.863  0.890  29.051 0.0000000000
61525  -15.298  1.117  29.366 0.0000000000
61544  -13.079  0.063  28.163 0.0000000000
61545  -13.564  0.234  28.045 0.0000000000
61546  -14.643  0.258  27.700 0.0000000000
61547  -16.041  0.524  28.112 0.0000000000
61568  -14.865  -0.001  26.706 0.0000000000
61569  -15.483  0.131  26.885 0.0000000000
61570  -16.706  0.182  26.868 0.0000000000
61591  -16.946  -0.201  25.812 0.0000000000
61610  -17.298  -0.079  25.224 0.0000000000
61626  -17.478  0.071  24.534 0.0000000000
61636  -17.537  0.162  23.828 0.0000000000
61637  -17.873  0.820  23.689 0.0000000000
61649  -17.575  0.140  23.169 0.0000000000
61650  -17.810  0.555  22.579 0.0000000000
62412  -13.170  2.190  35.235 0.0000000000
62428  -12.421  1.820  34.170 0.0000000000
62429  -13.050  2.378  34.260 0.0000000000
62448  -11.939  1.730  33.340 0.0000000000
62449  -12.188  1.899  33.458 0.0000000000
62450  -12.822  2.379  33.422 0.0000000000
62451  -13.720  2.665  33.433 0.0000000000
62465  -11.908  1.916  32.953 0.0000000000
62466  -12.413  2.375  32.699 0.0000000000
62467  -13.241  2.636  32.543 0.0000000000
62479  -11.833  2.289  32.175 0.0000000000
62480  -12.496  2.593  31.663 0.0000000000
62481  -13.578  2.651  31.603 0.0000000000
62482  -14.595  2.605  31.466 0.0000000000
62491  -12.970  2.525  30.913 0.0000000000
62492  -13.850  2.415  30.698 0.0000000000
62493  -15.077  2.337  30.575 0.0000000000
62503  -15.518  1.992  29.960 0.0000000000
