#!ascii label  , from subject FREESURFER vox2ras=TkReg 
708
60436  -35.554  0.278  32.150 0.0000000000
60437  -35.843  0.201  32.119 0.0000000000
60443  -35.017  0.208  31.653 0.0000000000
60444  -35.381  0.197  31.825 0.0000000000
60445  -36.228  0.037  31.635 0.0000000000
60453  -35.093  0.117  31.398 0.0000000000
60454  -35.694  -0.054  31.061 0.0000000000
60455  -36.651  -0.143  30.911 0.0000000000
60456  -37.205  -0.108  30.588 0.0000000000
60465  -36.111  -0.193  30.482 0.0000000000
60466  -36.730  -0.209  30.231 0.0000000000
60467  -37.339  -0.062  30.157 0.0000000000
61439  -36.186  0.875  34.467 0.0000000000
61440  -37.046  1.082  34.373 0.0000000000
61441  -37.738  1.221  34.309 0.0000000000
61457  -33.749  0.504  33.436 0.0000000000
61458  -34.744  0.518  33.578 0.0000000000
61459  -35.811  0.598  33.521 0.0000000000
61460  -36.780  0.853  33.518 0.0000000000
61461  -37.545  1.189  33.614 0.0000000000
61462  -38.139  1.354  33.752 0.0000000000
61472  -33.599  0.258  32.464 0.0000000000
61473  -34.501  0.342  32.672 0.0000000000
61474  -35.423  0.347  32.553 0.0000000000
61475  -36.583  0.362  32.427 0.0000000000
61476  -37.563  0.860  32.777 0.0000000000
61477  -38.147  1.355  33.073 0.0000000000
61489  -33.627  0.241  31.402 0.0000000000
61490  -34.611  0.206  31.787 0.0000000000
61491  -34.971  0.307  32.196 0.0000000000
61492  -37.079  0.077  31.420 0.0000000000
61493  -37.702  0.483  31.783 0.0000000000
61494  -38.492  1.033  32.200 0.0000000000
61495  -38.968  1.176  31.859 0.0000000000
61509  -33.630  0.330  30.314 0.0000000000
61510  -34.822  0.087  30.714 0.0000000000
61511  -35.609  -0.081  30.494 0.0000000000
61512  -37.229  -0.030  30.923 0.0000000000
61513  -37.671  0.239  30.725 0.0000000000
61514  -38.529  0.686  31.153 0.0000000000
61515  -38.856  0.930  31.643 0.0000000000
61529  -32.589  0.526  28.932 0.0000000000
61530  -33.537  0.451  29.267 0.0000000000
61531  -34.598  0.260  29.548 0.0000000000
61532  -35.839  -0.066  29.788 0.0000000000
61533  -36.957  -0.056  29.578 0.0000000000
61534  -37.666  0.204  29.765 0.0000000000
61535  -38.261  0.537  30.127 0.0000000000
61550  -31.736  0.813  27.645 0.0000000000
61551  -32.522  0.612  28.006 0.0000000000
61552  -33.409  0.516  28.301 0.0000000000
61553  -34.374  0.436  28.540 0.0000000000
61554  -35.417  0.302  28.703 0.0000000000
61555  -36.476  0.224  28.825 0.0000000000
61556  -37.353  0.283  28.993 0.0000000000
61557  -37.987  0.545  29.166 0.0000000000
61572  -31.747  1.029  26.913 0.0000000000
61573  -32.427  0.739  27.197 0.0000000000
61574  -33.255  0.576  27.433 0.0000000000
61575  -34.177  0.495  27.627 0.0000000000
61576  -35.104  0.505  27.811 0.0000000000
61577  -36.104  0.604  27.821 0.0000000000
61578  -37.096  0.574  28.287 0.0000000000
61579  -37.650  0.589  28.621 0.0000000000
61593  -31.711  1.125  26.510 0.0000000000
61594  -32.247  0.881  26.617 0.0000000000
61595  -33.061  0.626  26.764 0.0000000000
61596  -33.936  0.517  26.871 0.0000000000
61597  -34.980  0.579  26.917 0.0000000000
61598  -35.555  0.639  27.332 0.0000000000
61612  -32.957  0.670  26.502 0.0000000000
61613  -33.614  0.584  26.512 0.0000000000
61614  -34.581  0.643  26.403 0.0000000000
61615  -35.067  0.736  26.341 0.0000000000
61648  -48.514  -0.583  23.612 0.0000000000
61662  -48.602  -0.252  22.598 0.0000000000
61663  -48.887  0.444  22.017 0.0000000000
62459  -38.633  1.403  33.953 0.0000000000
62473  -38.661  1.539  33.422 0.0000000000
62474  -39.303  2.006  33.245 0.0000000000
62475  -39.851  2.219  32.759 0.0000000000
62485  -38.713  1.573  32.817 0.0000000000
62486  -39.191  1.644  32.280 0.0000000000
62487  -39.980  2.103  32.011 0.0000000000
62498  -38.941  0.762  31.000 0.0000000000
62499  -39.283  1.149  31.315 0.0000000000
62500  -40.136  1.902  31.053 0.0000000000
62510  -38.890  0.793  30.541 0.0000000000
62511  -39.509  1.183  30.245 0.0000000000
62512  -40.304  1.706  30.028 0.0000000000
62522  -38.703  0.853  29.526 0.0000000000
62523  -39.410  1.323  29.094 0.0000000000
62524  -40.287  1.863  28.951 0.0000000000
62531  -31.104  1.230  27.214 0.0000000000
62532  -36.313  0.804  27.381 0.0000000000
62533  -36.808  0.862  27.521 0.0000000000
62534  -38.101  0.974  28.134 0.0000000000
62535  -39.355  1.830  27.894 0.0000000000
62536  -40.286  2.223  28.154 0.0000000000
62541  -30.430  1.681  26.655 0.0000000000
62542  -31.194  1.360  26.410 0.0000000000
62543  -31.572  1.219  26.251 0.0000000000
62544  -35.355  0.809  26.446 0.0000000000
62545  -36.008  0.911  26.846 0.0000000000
62546  -37.191  1.297  26.785 0.0000000000
62547  -38.344  1.688  26.830 0.0000000000
62548  -39.233  2.256  26.790 0.0000000000
62553  -30.596  1.711  25.799 0.0000000000
62554  -31.011  1.569  25.637 0.0000000000
62555  -32.224  1.354  25.453 0.0000000000
62556  -33.066  1.243  25.270 0.0000000000
62557  -33.955  1.290  25.391 0.0000000000
62558  -35.402  1.078  25.801 0.0000000000
62559  -36.386  1.452  25.764 0.0000000000
62560  -37.513  1.826  25.723 0.0000000000
62561  -38.551  2.197  25.929 0.0000000000
62562  -39.198  2.688  26.125 0.0000000000
62567  -49.258  -0.151  25.049 0.0000000000
62568  -49.468  0.417  25.790 0.0000000000
62570  -30.621  1.825  25.106 0.0000000000
62571  -30.756  1.907  24.758 0.0000000000
62572  -32.489  1.640  24.674 0.0000000000
62573  -33.355  1.635  24.655 0.0000000000
62574  -34.947  1.697  24.496 0.0000000000
62575  -35.643  1.741  24.682 0.0000000000
62576  -36.610  1.990  24.936 0.0000000000
62577  -37.293  2.368  25.013 0.0000000000
62583  -48.903  -0.058  24.304 0.0000000000
62585  -32.016  2.023  24.151 0.0000000000
62586  -32.718  2.025  24.027 0.0000000000
62587  -34.235  2.251  23.740 0.0000000000
62588  -34.815  2.142  23.911 0.0000000000
62589  -35.429  2.289  23.991 0.0000000000
62594  -48.588  0.492  23.418 0.0000000000
62598  -48.690  0.916  22.627 0.0000000000
62599  -49.125  1.239  22.006 0.0000000000
63383  -41.030  2.352  30.965 0.0000000000
63396  -41.068  2.243  29.914 0.0000000000
63397  -41.903  2.553  29.843 0.0000000000
63412  -41.041  2.376  28.871 0.0000000000
63413  -41.944  2.673  28.760 0.0000000000
63414  -42.992  2.911  28.750 0.0000000000
63415  -44.096  3.391  28.773 0.0000000000
63416  -45.381  3.500  29.197 0.0000000000
63417  -46.606  3.348  29.282 0.0000000000
63418  -47.735  3.306  29.443 0.0000000000
63419  -48.305  3.342  29.545 0.0000000000
63427  -39.939  2.371  27.440 0.0000000000
63428  -40.910  2.615  27.741 0.0000000000
63429  -42.032  3.053  27.722 0.0000000000
63430  -43.086  3.333  27.916 0.0000000000
63431  -43.741  3.666  27.955 0.0000000000
63433  -51.304  3.718  28.399 0.0000000000
63438  -30.032  1.946  25.891 0.0000000000
63439  -40.033  2.808  26.707 0.0000000000
63440  -41.051  3.187  26.890 0.0000000000
63441  -41.760  3.581  26.989 0.0000000000
63442  -49.693  1.540  26.576 0.0000000000
63443  -50.147  2.681  27.294 0.0000000000
63448  -29.478  2.312  25.420 0.0000000000
63449  -30.127  2.066  25.156 0.0000000000
63450  -37.940  2.449  25.337 0.0000000000
63451  -38.606  3.002  25.448 0.0000000000
63452  -39.522  3.329  25.962 0.0000000000
63453  -48.707  0.946  25.064 0.0000000000
63454  -48.932  1.967  25.800 0.0000000000
63457  -28.981  2.761  24.926 0.0000000000
63458  -29.587  2.619  24.491 0.0000000000
63459  -30.363  2.263  24.352 0.0000000000
63460  -30.635  2.258  24.100 0.0000000000
63461  -36.035  2.271  24.344 0.0000000000
63462  -36.667  2.745  24.509 0.0000000000
63463  -37.616  3.065  24.865 0.0000000000
63464  -38.226  3.627  24.988 0.0000000000
63465  -48.315  1.405  24.149 0.0000000000
63467  -29.947  2.771  23.777 0.0000000000
63468  -30.511  2.856  23.332 0.0000000000
63469  -31.930  2.444  23.445 0.0000000000
63470  -33.486  2.734  23.109 0.0000000000
63471  -34.101  2.645  23.338 0.0000000000
63472  -34.890  2.824  23.503 0.0000000000
63473  -35.803  2.890  23.880 0.0000000000
63474  -36.378  3.360  24.141 0.0000000000
63475  -48.330  1.723  23.261 0.0000000000
63477  -30.799  3.221  22.739 0.0000000000
63478  -31.299  3.235  22.604 0.0000000000
63479  -32.508  3.228  22.571 0.0000000000
63480  -33.424  3.151  22.775 0.0000000000
63481  -34.176  3.157  23.009 0.0000000000
63482  -48.736  1.925  22.537 0.0000000000
63483  -49.287  2.126  22.017 0.0000000000
64237  -48.651  3.443  29.628 0.0000000000
64238  -49.407  3.797  29.771 0.0000000000
64239  -50.465  3.722  29.736 0.0000000000
64240  -51.182  3.892  29.428 0.0000000000
64245  -44.195  3.743  28.216 0.0000000000
64246  -44.805  3.926  28.466 0.0000000000
64247  -45.989  4.311  28.704 0.0000000000
64248  -47.343  4.264  29.063 0.0000000000
64249  -48.510  4.108  29.443 0.0000000000
64250  -49.214  4.419  29.595 0.0000000000
64251  -51.532  4.160  28.900 0.0000000000
64256  -42.418  3.623  27.352 0.0000000000
64257  -43.090  4.104  27.355 0.0000000000
64258  -44.181  4.223  27.785 0.0000000000
64259  -45.138  4.564  28.203 0.0000000000
64260  -45.692  4.758  28.411 0.0000000000
64261  -50.750  3.947  27.758 0.0000000000
64262  -51.225  4.568  28.356 0.0000000000
64267  -40.329  3.490  26.350 0.0000000000
64268  -41.068  4.081  26.415 0.0000000000
64269  -42.187  4.225  26.863 0.0000000000
64270  -42.714  4.452  26.952 0.0000000000
64271  -49.421  3.191  26.426 0.0000000000
64272  -49.958  3.866  27.152 0.0000000000
64277  -38.991  3.958  25.385 0.0000000000
64278  -40.039  4.111  25.886 0.0000000000
64279  -40.550  4.478  26.077 0.0000000000
64280  -48.250  2.715  24.966 0.0000000000
64281  -48.712  3.290  25.747 0.0000000000
64286  -28.794  3.275  24.206 0.0000000000
64287  -29.421  3.129  23.768 0.0000000000
64288  -36.967  3.426  24.469 0.0000000000
64289  -37.513  4.024  24.573 0.0000000000
64290  -38.299  4.233  24.919 0.0000000000
64291  -47.990  2.793  23.884 0.0000000000
64293  -28.320  3.909  23.735 0.0000000000
64294  -28.980  3.780  23.315 0.0000000000
64295  -29.830  3.334  23.149 0.0000000000
64296  -30.431  3.330  22.784 0.0000000000
64297  -35.307  3.283  23.511 0.0000000000
64298  -35.771  3.845  23.678 0.0000000000
64299  -36.689  4.012  24.222 0.0000000000
64300  -37.028  4.319  24.396 0.0000000000
64301  -48.320  2.825  23.040 0.0000000000
64303  -29.457  3.970  22.722 0.0000000000
64304  -30.078  3.775  22.491 0.0000000000
64305  -30.878  3.660  22.260 0.0000000000
64306  -31.771  3.615  22.236 0.0000000000
64307  -32.730  3.844  22.227 0.0000000000
64308  -33.789  3.757  22.572 0.0000000000
64309  -34.805  3.718  23.079 0.0000000000
64310  -35.261  4.197  23.279 0.0000000000
64311  -48.930  2.747  22.461 0.0000000000
64312  -49.495  3.099  22.090 0.0000000000
64313  -49.669  3.693  21.772 0.0000000000
64315  -31.384  3.952  21.995 0.0000000000
65052  -49.618  4.640  29.620 0.0000000000
65053  -50.206  4.727  29.653 0.0000000000
65054  -50.787  4.605  29.549 0.0000000000
65059  -46.114  5.003  28.501 0.0000000000
65060  -47.066  5.327  28.661 0.0000000000
65061  -48.345  5.218  29.084 0.0000000000
65062  -49.347  5.035  29.387 0.0000000000
65063  -49.871  5.042  29.573 0.0000000000
65064  -51.199  4.869  29.272 0.0000000000
65069  -42.990  4.598  26.990 0.0000000000
65070  -43.538  4.986  27.115 0.0000000000
65071  -44.657  5.126  27.705 0.0000000000
65072  -45.662  5.266  28.194 0.0000000000
65073  -46.343  5.411  28.403 0.0000000000
65074  -49.543  5.659  27.759 0.0000000000
65075  -50.403  5.287  27.995 0.0000000000
65076  -51.224  5.250  28.787 0.0000000000
65081  -40.884  4.945  26.192 0.0000000000
65082  -41.693  4.925  26.447 0.0000000000
65083  -42.639  4.983  26.680 0.0000000000
65084  -43.057  5.414  26.804 0.0000000000
65085  -48.361  5.366  26.485 0.0000000000
65086  -49.222  4.903  26.967 0.0000000000
65087  -50.104  4.540  27.492 0.0000000000
65092  -38.677  4.839  25.210 0.0000000000
65093  -39.474  4.772  25.606 0.0000000000
65094  -40.220  4.881  25.888 0.0000000000
65095  -48.194  4.464  25.746 0.0000000000
65096  -48.846  3.985  26.171 0.0000000000
65102  -36.636  5.242  24.434 0.0000000000
65103  -37.090  4.847  24.496 0.0000000000
65104  -37.923  4.848  24.766 0.0000000000
65105  -47.686  4.103  24.487 0.0000000000
65111  -35.499  4.738  23.518 0.0000000000
65112  -36.314  4.785  24.103 0.0000000000
65113  -36.787  4.472  24.306 0.0000000000
65114  -47.831  3.907  23.458 0.0000000000
65123  -34.243  4.456  22.610 0.0000000000
65124  -34.929  4.597  23.000 0.0000000000
65125  -48.620  3.813  22.692 0.0000000000
65126  -49.505  4.196  22.281 0.0000000000
65127  -49.768  4.401  21.701 0.0000000000
65884  -50.452  5.169  29.524 0.0000000000
65885  -50.575  4.962  29.557 0.0000000000
65890  -47.547  6.015  28.437 0.0000000000
65891  -48.344  5.941  28.654 0.0000000000
65892  -49.396  5.876  29.123 0.0000000000
65893  -50.239  5.443  29.437 0.0000000000
65894  -50.752  5.177  29.461 0.0000000000
65898  -43.315  5.944  26.980 0.0000000000
65899  -44.152  5.960  27.426 0.0000000000
65900  -45.271  6.059  27.837 0.0000000000
65901  -46.610  6.091  28.235 0.0000000000
65902  -47.999  6.382  28.134 0.0000000000
65903  -49.368  6.024  28.369 0.0000000000
65904  -50.471  5.969  28.914 0.0000000000
65905  -50.924  5.503  29.263 0.0000000000
65908  -39.592  5.792  26.331 0.0000000000
65909  -40.317  5.666  26.385 0.0000000000
65910  -41.205  5.757  26.492 0.0000000000
65911  -41.995  5.779  26.569 0.0000000000
65912  -42.673  5.887  26.722 0.0000000000
65913  -48.245  6.104  27.197 0.0000000000
65914  -48.937  5.952  27.668 0.0000000000
65918  -37.266  5.818  25.288 0.0000000000
65919  -38.001  5.595  25.432 0.0000000000
65920  -39.002  5.565  25.836 0.0000000000
65921  -39.752  5.344  25.937 0.0000000000
65922  -47.880  5.845  26.189 0.0000000000
65926  -36.226  5.642  24.424 0.0000000000
65927  -36.821  5.673  24.800 0.0000000000
65928  -37.469  5.391  24.881 0.0000000000
65929  -47.634  5.481  25.104 0.0000000000
65938  -34.948  5.514  23.306 0.0000000000
65939  -35.669  5.556  23.926 0.0000000000
65940  -47.698  5.310  23.812 0.0000000000
65941  -48.162  5.906  23.455 0.0000000000
65954  -48.031  4.607  23.131 0.0000000000
65955  -48.704  5.350  22.853 0.0000000000
65956  -49.950  5.216  22.239 0.0000000000
65957  -50.606  5.521  21.924 0.0000000000
66705  -37.605  7.045  28.165 0.0000000000
66706  -38.274  6.932  28.113 0.0000000000
66707  -39.322  6.821  27.949 0.0000000000
66708  -40.070  6.896  27.727 0.0000000000
66709  -43.611  6.857  27.260 0.0000000000
66710  -44.666  7.031  27.681 0.0000000000
66711  -45.810  7.069  28.240 0.0000000000
66712  -46.974  7.091  28.396 0.0000000000
66713  -47.608  7.096  27.867 0.0000000000
66717  -36.503  6.590  26.979 0.0000000000
66718  -37.465  6.684  27.454 0.0000000000
66719  -38.661  6.466  27.288 0.0000000000
66720  -39.699  6.334  27.058 0.0000000000
66721  -40.577  6.651  26.989 0.0000000000
66722  -41.420  6.610  26.687 0.0000000000
66723  -42.137  6.607  26.650 0.0000000000
66724  -42.803  6.722  26.877 0.0000000000
66725  -47.701  6.957  26.905 0.0000000000
66730  -36.195  6.390  26.114 0.0000000000
66731  -37.163  6.169  26.165 0.0000000000
66732  -38.221  6.141  26.420 0.0000000000
66733  -39.050  6.081  26.562 0.0000000000
66734  -47.690  6.726  25.759 0.0000000000
66739  -35.968  6.283  25.173 0.0000000000
66740  -36.695  6.062  25.471 0.0000000000
66741  -47.768  6.518  24.689 0.0000000000
66754  -35.671  6.097  24.468 0.0000000000
66755  -48.020  6.481  23.877 0.0000000000
66756  -48.482  6.477  23.325 0.0000000000
66757  -51.317  6.863  23.186 0.0000000000
66758  -51.601  7.259  23.312 0.0000000000
66772  -49.021  6.463  22.934 0.0000000000
66773  -49.780  6.106  22.734 0.0000000000
66774  -50.945  6.242  22.647 0.0000000000
66775  -51.988  6.987  23.134 0.0000000000
66776  -52.534  7.309  23.182 0.0000000000
66791  -51.121  6.095  21.738 0.0000000000
66792  -52.010  6.710  22.279 0.0000000000
66793  -52.543  7.175  22.897 0.0000000000
66799  -51.703  6.653  21.245 0.0000000000
67537  -39.950  7.914  29.096 0.0000000000
67538  -40.325  7.889  28.563 0.0000000000
67539  -45.032  9.019  29.515 0.0000000000
67540  -45.762  8.769  29.640 0.0000000000
67541  -46.814  8.678  29.434 0.0000000000
67542  -47.419  8.723  28.855 0.0000000000
67549  -39.083  7.353  28.716 0.0000000000
67550  -39.952  7.341  28.394 0.0000000000
67551  -40.445  7.541  27.847 0.0000000000
67552  -43.984  7.897  27.537 0.0000000000
67553  -44.884  8.258  28.729 0.0000000000
67554  -46.251  7.848  29.067 0.0000000000
67555  -47.238  7.893  28.694 0.0000000000
67556  -47.737  8.165  27.839 0.0000000000
67563  -40.127  8.216  26.593 0.0000000000
67564  -40.697  7.631  26.880 0.0000000000
67565  -41.537  7.263  26.441 0.0000000000
67566  -42.222  7.307  26.427 0.0000000000
67567  -43.086  7.685  26.685 0.0000000000
67568  -47.767  7.943  26.471 0.0000000000
67575  -40.236  8.029  25.889 0.0000000000
67576  -40.897  7.690  25.835 0.0000000000
67577  -41.566  7.613  25.720 0.0000000000
67578  -42.237  7.718  25.723 0.0000000000
67579  -42.844  8.098  25.728 0.0000000000
67580  -47.784  7.724  25.310 0.0000000000
67587  -40.368  7.966  25.134 0.0000000000
67588  -40.886  7.827  24.785 0.0000000000
67589  -41.608  7.755  24.842 0.0000000000
67590  -42.245  7.838  24.797 0.0000000000
67591  -42.892  8.071  24.729 0.0000000000
67592  -47.999  7.482  24.351 0.0000000000
67603  -41.146  7.822  24.059 0.0000000000
67604  -41.690  7.770  23.940 0.0000000000
67605  -42.349  7.752  23.815 0.0000000000
67606  -43.091  7.840  23.706 0.0000000000
67607  -48.330  7.207  23.720 0.0000000000
67608  -48.901  7.425  23.294 0.0000000000
67609  -49.847  7.752  23.266 0.0000000000
67610  -50.988  7.622  23.349 0.0000000000
67611  -52.058  7.907  23.491 0.0000000000
67612  -52.981  8.101  23.819 0.0000000000
67613  -53.703  8.162  23.698 0.0000000000
67628  -41.140  7.818  23.219 0.0000000000
67629  -41.763  7.639  22.993 0.0000000000
67630  -42.490  7.651  22.820 0.0000000000
67631  -43.235  7.909  22.718 0.0000000000
67632  -49.549  6.899  22.993 0.0000000000
67633  -50.359  6.813  23.049 0.0000000000
67634  -50.930  6.759  23.151 0.0000000000
67635  -52.553  7.535  23.387 0.0000000000
67636  -53.103  7.561  23.313 0.0000000000
67637  -53.996  7.965  23.105 0.0000000000
67654  -41.263  7.895  22.407 0.0000000000
67655  -41.853  7.940  22.059 0.0000000000
67656  -42.593  8.149  21.992 0.0000000000
67657  -43.194  8.410  22.027 0.0000000000
67658  -52.403  7.137  21.529 0.0000000000
67659  -53.123  7.556  22.308 0.0000000000
67660  -54.197  8.104  22.350 0.0000000000
67667  -52.275  7.251  20.629 0.0000000000
67668  -53.111  7.630  21.053 0.0000000000
67669  -53.988  8.100  21.473 0.0000000000
67675  -53.165  7.844  19.906 0.0000000000
67676  -53.847  8.203  20.488 0.0000000000
67683  -43.215  8.409  18.247 0.0000000000
67684  -43.958  8.379  18.282 0.0000000000
67685  -44.773  8.280  18.202 0.0000000000
67686  -45.246  8.240  17.973 0.0000000000
67689  -52.946  7.963  19.203 0.0000000000
67692  -41.957  8.261  17.540 0.0000000000
67693  -42.583  8.134  17.784 0.0000000000
67694  -43.442  8.040  17.681 0.0000000000
67695  -44.297  8.122  17.522 0.0000000000
67696  -44.967  8.163  17.672 0.0000000000
67701  -41.686  8.307  17.242 0.0000000000
67702  -42.106  8.162  17.111 0.0000000000
67703  -42.896  8.085  17.057 0.0000000000
67704  -43.649  8.146  17.046 0.0000000000
68502  -40.340  8.420  28.958 0.0000000000
68503  -44.471  9.463  29.276 0.0000000000
68504  -45.383  9.658  29.787 0.0000000000
68505  -46.457  9.621  29.872 0.0000000000
68506  -47.245  9.574  29.388 0.0000000000
68511  -40.391  9.111  28.847 0.0000000000
68512  -40.534  8.296  28.289 0.0000000000
68513  -43.680  8.305  27.156 0.0000000000
68514  -43.892  9.079  27.925 0.0000000000
68515  -47.553  9.463  28.400 0.0000000000
68520  -39.009  9.694  26.962 0.0000000000
68521  -39.877  8.881  27.434 0.0000000000
68522  -40.614  8.086  27.679 0.0000000000
68523  -43.544  8.463  26.644 0.0000000000
68524  -43.982  9.242  26.700 0.0000000000
68525  -44.495  9.428  26.313 0.0000000000
68526  -47.775  9.265  27.134 0.0000000000
68532  -38.992  9.290  26.168 0.0000000000
68533  -39.596  8.540  25.998 0.0000000000
68534  -43.483  8.481  25.698 0.0000000000
68535  -44.156  8.837  25.605 0.0000000000
68536  -44.931  9.239  25.523 0.0000000000
68537  -47.994  8.940  25.943 0.0000000000
68544  -39.694  8.381  24.849 0.0000000000
68545  -40.215  8.146  24.367 0.0000000000
68546  -43.626  8.306  24.649 0.0000000000
68547  -44.416  8.634  24.549 0.0000000000
68548  -45.093  9.197  24.393 0.0000000000
68549  -48.237  8.749  24.913 0.0000000000
68550  -48.751  9.087  24.425 0.0000000000
68559  -40.535  8.122  23.574 0.0000000000
68560  -43.798  8.246  23.594 0.0000000000
68561  -44.500  8.777  23.459 0.0000000000
68562  -45.095  9.317  23.398 0.0000000000
68563  -48.446  8.166  23.950 0.0000000000
68564  -49.227  8.778  23.798 0.0000000000
68565  -50.291  9.037  23.498 0.0000000000
68566  -51.490  9.162  23.466 0.0000000000
68567  -52.632  9.165  23.733 0.0000000000
68568  -53.614  8.986  23.930 0.0000000000
68569  -54.499  8.783  23.484 0.0000000000
68570  -55.212  9.152  22.887 0.0000000000
68579  -40.731  8.249  22.523 0.0000000000
68580  -43.820  8.523  22.591 0.0000000000
68581  -44.562  9.265  22.360 0.0000000000
68582  -45.194  9.516  22.793 0.0000000000
68583  -54.789  8.590  22.712 0.0000000000
68584  -55.579  9.202  22.129 0.0000000000
68595  -41.217  8.691  21.757 0.0000000000
68596  -42.044  8.940  21.347 0.0000000000
68597  -42.799  8.821  21.386 0.0000000000
68598  -43.586  9.039  21.561 0.0000000000
68599  -44.225  9.603  21.295 0.0000000000
68600  -54.971  8.543  21.792 0.0000000000
68601  -55.812  9.292  20.991 0.0000000000
68602  -56.139  9.715  20.173 0.0000000000
68606  -42.489  9.461  20.801 0.0000000000
68607  -43.018  9.358  20.833 0.0000000000
68608  -43.529  9.733  20.681 0.0000000000
68609  -44.096  10.102  20.605 0.0000000000
68610  -54.817  8.612  20.668 0.0000000000
68611  -55.557  9.338  19.897 0.0000000000
68612  -56.081  9.748  19.744 0.0000000000
68617  -44.730  9.815  18.840 0.0000000000
68618  -45.146  9.644  18.932 0.0000000000
68619  -46.086  9.503  19.004 0.0000000000
68620  -47.037  9.611  19.042 0.0000000000
68621  -47.863  9.833  19.040 0.0000000000
68622  -53.480  8.333  19.280 0.0000000000
68623  -54.379  8.788  19.399 0.0000000000
68624  -55.427  9.621  19.128 0.0000000000
68634  -40.794  8.942  18.235 0.0000000000
68635  -41.735  9.041  18.356 0.0000000000
68636  -42.639  8.985  18.368 0.0000000000
68637  -43.549  9.180  18.531 0.0000000000
68638  -44.490  9.328  18.704 0.0000000000
68639  -45.582  8.678  18.427 0.0000000000
68640  -46.742  8.937  18.498 0.0000000000
68641  -47.737  9.236  18.555 0.0000000000
68642  -48.801  9.642  18.753 0.0000000000
68643  -49.507  9.601  18.494 0.0000000000
68645  -53.641  8.636  18.723 0.0000000000
68646  -54.346  9.034  18.713 0.0000000000
68654  -40.454  8.695  17.411 0.0000000000
68655  -41.404  8.521  17.655 0.0000000000
68656  -42.033  8.462  18.020 0.0000000000
68657  -44.881  8.244  17.174 0.0000000000
68658  -45.513  8.388  17.488 0.0000000000
68659  -46.444  8.656  17.676 0.0000000000
68660  -47.428  8.928  17.841 0.0000000000
68661  -48.474  9.185  17.957 0.0000000000
68662  -49.195  9.452  18.209 0.0000000000
68669  -41.303  8.524  16.763 0.0000000000
68670  -42.323  8.394  16.493 0.0000000000
68671  -43.267  8.362  16.444 0.0000000000
68672  -44.270  8.380  16.632 0.0000000000
68673  -45.224  8.513  16.660 0.0000000000
68674  -46.123  8.687  16.828 0.0000000000
69415  -44.302  10.270  28.716 0.0000000000
69416  -44.908  10.455  29.497 0.0000000000
69417  -46.027  10.517  29.776 0.0000000000
69418  -47.155  10.551  29.918 0.0000000000
69425  -44.433  10.246  27.616 0.0000000000
69426  -45.028  10.715  27.338 0.0000000000
69427  -47.272  10.412  29.000 0.0000000000
69435  -44.407  9.813  26.835 0.0000000000
69436  -45.028  10.156  26.558 0.0000000000
69437  -47.467  10.578  27.755 0.0000000000
69444  -45.627  10.119  25.275 0.0000000000
69445  -46.181  10.682  25.009 0.0000000000
69446  -47.961  10.412  26.252 0.0000000000
69447  -48.406  11.022  25.808 0.0000000000
69456  -45.512  9.700  24.126 0.0000000000
69457  -45.986  10.288  24.247 0.0000000000
69458  -48.291  9.587  25.592 0.0000000000
69459  -48.756  10.253  25.160 0.0000000000
69460  -49.205  10.865  24.914 0.0000000000
69474  -45.624  9.785  23.316 0.0000000000
69475  -46.232  10.406  23.249 0.0000000000
69476  -49.097  9.593  24.416 0.0000000000
69477  -49.607  10.272  24.303 0.0000000000
69478  -50.787  10.381  23.759 0.0000000000
69479  -52.060  10.653  24.011 0.0000000000
69480  -53.271  10.235  23.808 0.0000000000
69481  -54.170  9.805  23.386 0.0000000000
69482  -54.882  9.570  22.999 0.0000000000
69493  -44.757  9.689  21.713 0.0000000000
69494  -45.448  9.929  22.162 0.0000000000
69495  -46.303  10.721  22.164 0.0000000000
69496  -52.829  11.497  23.300 0.0000000000
69497  -53.742  10.905  22.840 0.0000000000
69498  -54.688  10.394  22.438 0.0000000000
69499  -55.556  9.921  22.350 0.0000000000
69511  -41.503  9.653  21.089 0.0000000000
69512  -44.756  10.147  21.139 0.0000000000
69513  -45.658  10.744  21.003 0.0000000000
69514  -46.413  11.015  21.505 0.0000000000
69515  -53.218  11.951  22.193 0.0000000000
69516  -54.230  11.297  21.664 0.0000000000
69517  -55.501  10.851  21.171 0.0000000000
69518  -56.224  10.104  21.337 0.0000000000
69519  -56.445  10.080  20.521 0.0000000000
69522  -41.913  10.090  20.387 0.0000000000
69523  -42.747  10.122  20.196 0.0000000000
69524  -43.526  10.412  20.038 0.0000000000
69525  -44.477  10.590  20.137 0.0000000000
69526  -45.349  10.946  19.850 0.0000000000
69527  -45.916  10.839  19.645 0.0000000000
69528  -48.595  11.333  19.985 0.0000000000
69529  -49.210  11.331  19.995 0.0000000000
69530  -50.118  11.403  20.027 0.0000000000
69531  -53.241  11.617  20.990 0.0000000000
69532  -54.610  11.048  20.163 0.0000000000
69533  -55.572  11.156  20.225 0.0000000000
69534  -55.984  9.816  19.371 0.0000000000
69535  -56.436  10.264  19.628 0.0000000000
69543  -42.029  10.311  19.395 0.0000000000
69544  -42.884  10.334  19.339 0.0000000000
69545  -43.732  10.380  19.294 0.0000000000
69546  -44.620  10.253  19.091 0.0000000000
69547  -45.569  10.300  19.306 0.0000000000
69548  -46.445  10.403  19.390 0.0000000000
69549  -47.323  10.397  19.346 0.0000000000
69550  -48.435  10.637  19.472 0.0000000000
69551  -49.635  10.699  19.519 0.0000000000
69552  -50.931  10.940  19.647 0.0000000000
69553  -52.694  10.742  19.807 0.0000000000
69554  -54.342  10.602  19.194 0.0000000000
69555  -55.000  9.762  18.614 0.0000000000
69556  -56.052  10.286  18.954 0.0000000000
69557  -56.555  10.677  19.149 0.0000000000
69568  -41.343  9.782  18.780 0.0000000000
69569  -42.286  9.878  18.752 0.0000000000
69570  -43.147  10.002  18.677 0.0000000000
69571  -43.956  10.010  18.716 0.0000000000
69572  -44.333  9.964  18.773 0.0000000000
69573  -49.206  10.120  19.215 0.0000000000
69574  -49.985  9.883  19.039 0.0000000000
69575  -51.470  10.172  18.807 0.0000000000
69576  -53.013  9.941  18.249 0.0000000000
69577  -54.097  9.338  18.209 0.0000000000
69578  -54.288  9.173  18.530 0.0000000000
70328  -44.803  10.895  28.869 0.0000000000
70329  -45.606  11.139  29.166 0.0000000000
70330  -46.651  11.125  29.389 0.0000000000
70331  -47.167  10.923  29.362 0.0000000000
70338  -44.637  10.715  28.393 0.0000000000
70339  -45.249  11.135  28.071 0.0000000000
70340  -46.324  11.369  28.498 0.0000000000
70341  -47.023  11.034  28.726 0.0000000000
70348  -45.568  11.014  26.946 0.0000000000
70349  -46.290  11.457  27.354 0.0000000000
70350  -46.962  11.370  27.848 0.0000000000
70360  -45.666  10.658  26.227 0.0000000000
70361  -46.344  11.160  25.946 0.0000000000
70362  -47.398  11.514  26.564 0.0000000000
70363  -48.168  11.566  26.154 0.0000000000
70373  -46.695  11.046  24.492 0.0000000000
70374  -47.319  11.816  25.390 0.0000000000
70375  -48.709  11.590  25.556 0.0000000000
70376  -49.029  11.131  25.173 0.0000000000
70388  -47.024  11.034  23.192 0.0000000000
70389  -47.551  11.736  24.202 0.0000000000
70390  -48.918  12.138  25.241 0.0000000000
70391  -49.308  11.568  24.810 0.0000000000
70392  -50.077  11.250  23.921 0.0000000000
70393  -51.078  11.359  23.607 0.0000000000
70402  -47.088  11.169  22.051 0.0000000000
70403  -47.805  11.600  23.003 0.0000000000
70404  -51.831  11.766  23.300 0.0000000000
70415  -45.986  11.101  20.311 0.0000000000
70416  -46.708  11.280  20.957 0.0000000000
70417  -48.039  11.725  21.721 0.0000000000
70418  -48.809  11.971  21.566 0.0000000000
70419  -51.528  12.068  21.740 0.0000000000
70420  -52.104  12.029  22.415 0.0000000000
70421  -56.066  11.172  20.222 0.0000000000
70422  -56.374  10.803  20.546 0.0000000000
70423  -56.477  10.449  20.621 0.0000000000
70430  -45.896  11.098  19.910 0.0000000000
70431  -46.533  11.165  19.913 0.0000000000
70432  -47.560  11.446  20.472 0.0000000000
70433  -48.780  11.793  20.744 0.0000000000
70434  -49.870  11.850  20.597 0.0000000000
70435  -51.059  11.782  20.794 0.0000000000
70436  -52.230  11.919  21.515 0.0000000000
70437  -55.145  11.105  19.038 0.0000000000
70438  -55.820  11.292  19.506 0.0000000000
70439  -56.567  11.164  19.762 0.0000000000
70440  -56.648  10.671  20.089 0.0000000000
70448  -46.885  10.811  19.553 0.0000000000
70449  -47.424  11.062  19.706 0.0000000000
70450  -48.111  11.329  20.010 0.0000000000
70451  -51.681  11.250  20.254 0.0000000000
70452  -52.171  11.496  20.717 0.0000000000
70453  -54.931  10.474  19.138 0.0000000000
70454  -55.760  10.745  19.084 0.0000000000
70455  -56.502  11.056  18.955 0.0000000000
70456  -56.732  10.846  19.438 0.0000000000
71218  -47.996  12.006  26.241 0.0000000000
71219  -48.301  12.096  25.972 0.0000000000
71229  -47.908  12.178  25.836 0.0000000000
71230  -48.446  12.250  25.436 0.0000000000
71240  -48.004  12.368  24.957 0.0000000000
71241  -48.804  12.233  24.584 0.0000000000
71242  -49.458  11.778  23.810 0.0000000000
71243  -50.306  11.640  23.240 0.0000000000
71244  -51.074  11.633  22.958 0.0000000000
71252  -48.292  12.138  23.897 0.0000000000
71253  -49.008  12.077  23.450 0.0000000000
71254  -49.701  11.916  22.872 0.0000000000
71255  -50.512  11.918  22.509 0.0000000000
71256  -51.338  11.895  22.470 0.0000000000
71267  -48.519  11.890  22.905 0.0000000000
71268  -49.071  12.045  22.307 0.0000000000
71269  -49.870  12.208  22.046 0.0000000000
71270  -50.752  12.153  21.742 0.0000000000
71271  -51.451  12.029  22.086 0.0000000000
71278  -49.291  12.058  21.581 0.0000000000
71279  -49.821  12.079  21.288 0.0000000000
71280  -50.359  12.030  21.096 0.0000000000
