#!ascii label  , from subject FREESURFER vox2ras=TkReg 
736
49117  -35.353  -11.417  43.480 0.0000000000
49118  -35.967  -11.372  43.779 0.0000000000
49119  -36.726  -11.343  43.894 0.0000000000
49120  -36.973  -11.467  43.885 0.0000000000
49123  -35.322  -11.502  42.742 0.0000000000
49124  -35.960  -11.653  43.084 0.0000000000
49125  -36.704  -11.612  43.296 0.0000000000
49126  -37.402  -11.366  43.520 0.0000000000
49127  -38.116  -11.164  43.369 0.0000000000
49131  -35.442  -11.443  42.128 0.0000000000
49132  -35.943  -11.552  42.275 0.0000000000
49133  -36.636  -11.636  42.450 0.0000000000
49134  -37.543  -11.573  42.345 0.0000000000
49135  -38.368  -11.289  42.590 0.0000000000
49139  -38.104  -11.466  41.668 0.0000000000
49140  -38.241  -11.447  41.963 0.0000000000
49966  -32.896  -10.399  43.618 0.0000000000
49967  -33.883  -10.676  43.829 0.0000000000
49968  -34.974  -10.994  44.009 0.0000000000
49969  -36.036  -10.912  44.152 0.0000000000
49970  -36.923  -11.229  43.995 0.0000000000
49971  -37.126  -11.307  43.840 0.0000000000
49975  -32.830  -10.525  42.432 0.0000000000
49976  -33.714  -10.966  42.886 0.0000000000
49977  -34.614  -11.290  43.279 0.0000000000
49978  -36.277  -10.422  43.771 0.0000000000
49979  -36.885  -10.671  43.947 0.0000000000
49980  -37.725  -10.963  43.850 0.0000000000
49981  -38.913  -10.729  43.200 0.0000000000
49982  -39.564  -10.294  43.015 0.0000000000
49986  -32.780  -10.389  41.173 0.0000000000
49987  -33.630  -10.799  41.517 0.0000000000
49988  -34.781  -11.257  41.909 0.0000000000
49989  -35.806  -11.353  41.526 0.0000000000
49990  -36.615  -11.481  41.642 0.0000000000
49991  -37.111  -11.573  41.887 0.0000000000
49992  -39.261  -10.915  42.114 0.0000000000
49993  -39.692  -10.387  42.337 0.0000000000
49996  -32.754  -10.197  40.475 0.0000000000
49997  -33.388  -10.382  40.127 0.0000000000
49998  -34.500  -10.765  40.421 0.0000000000
49999  -35.572  -11.010  40.575 0.0000000000
50000  -36.592  -11.198  40.674 0.0000000000
50001  -37.656  -11.389  41.115 0.0000000000
50002  -38.904  -11.247  41.253 0.0000000000
50003  -40.131  -10.502  41.100 0.0000000000
50004  -40.527  -10.000  40.444 0.0000000000
50009  -33.599  -10.164  39.277 0.0000000000
50010  -34.333  -10.304  39.026 0.0000000000
50011  -35.380  -10.666  39.373 0.0000000000
50012  -36.416  -10.862  39.573 0.0000000000
50013  -37.522  -10.967  39.754 0.0000000000
50014  -38.734  -10.998  39.877 0.0000000000
50015  -40.087  -10.587  39.750 0.0000000000
50016  -40.429  -10.245  40.195 0.0000000000
50024  -34.649  -10.211  38.231 0.0000000000
50025  -35.267  -10.414  38.191 0.0000000000
50026  -36.196  -10.680  38.515 0.0000000000
50027  -37.246  -10.761  38.642 0.0000000000
50028  -38.418  -10.787  38.713 0.0000000000
50029  -39.450  -10.567  38.862 0.0000000000
50037  -35.572  -10.398  37.602 0.0000000000
50038  -36.028  -10.547  37.711 0.0000000000
50039  -36.887  -10.697  37.725 0.0000000000
50040  -38.005  -10.842  37.667 0.0000000000
50041  -39.367  -10.470  37.598 0.0000000000
50048  -36.469  -10.536  37.062 0.0000000000
50049  -37.407  -10.743  36.840 0.0000000000
50050  -38.609  -10.834  36.568 0.0000000000
50051  -39.722  -10.313  36.193 0.0000000000
50058  -36.760  -10.518  36.238 0.0000000000
50059  -37.763  -10.732  35.840 0.0000000000
50060  -38.970  -10.630  35.342 0.0000000000
50061  -39.870  -10.096  35.292 0.0000000000
50069  -36.963  -10.453  35.309 0.0000000000
50070  -37.912  -10.525  34.831 0.0000000000
50071  -38.765  -10.312  34.300 0.0000000000
50080  -37.095  -10.377  34.361 0.0000000000
50959  -31.536  -9.384  44.141 0.0000000000
50960  -32.029  -9.642  44.076 0.0000000000
50961  -33.063  -9.887  44.231 0.0000000000
50962  -34.122  -10.253  44.054 0.0000000000
50963  -35.002  -10.417  44.058 0.0000000000
50964  -38.858  -9.519  44.350 0.0000000000
50965  -39.145  -9.452  44.313 0.0000000000
50966  -39.603  -9.203  44.187 0.0000000000
50971  -30.908  -9.234  43.571 0.0000000000
50972  -31.370  -9.447  43.653 0.0000000000
50973  -32.087  -10.022  43.121 0.0000000000
50974  -33.527  -9.517  44.003 0.0000000000
50975  -34.440  -9.595  43.708 0.0000000000
50976  -35.562  -9.923  43.593 0.0000000000
50977  -36.619  -9.625  43.230 0.0000000000
50978  -37.642  -10.016  43.797 0.0000000000
50979  -38.627  -9.968  44.047 0.0000000000
50980  -39.496  -9.919  43.654 0.0000000000
50981  -40.125  -9.091  43.417 0.0000000000
50987  -30.868  -9.281  42.929 0.0000000000
50988  -31.440  -9.623  42.458 0.0000000000
50989  -32.126  -9.997  41.849 0.0000000000
50990  -34.942  -9.241  42.910 0.0000000000
50991  -35.644  -9.026  42.461 0.0000000000
50992  -36.301  -8.735  42.398 0.0000000000
50993  -39.992  -9.882  42.758 0.0000000000
50994  -40.499  -9.214  42.194 0.0000000000
51000  -30.824  -9.378  41.952 0.0000000000
51001  -31.329  -9.591  41.175 0.0000000000
51002  -32.192  -9.910  40.623 0.0000000000
51003  -32.679  -10.037  39.990 0.0000000000
51004  -35.929  -8.525  41.834 0.0000000000
51005  -36.241  -8.369  41.934 0.0000000000
51006  -40.246  -9.942  41.856 0.0000000000
51007  -40.641  -9.485  40.978 0.0000000000
51015  -31.539  -9.543  40.183 0.0000000000
51016  -32.113  -9.616  39.546 0.0000000000
51017  -33.019  -9.901  39.236 0.0000000000
51018  -33.677  -9.971  38.747 0.0000000000
51019  -40.377  -9.921  39.272 0.0000000000
51020  -40.467  -9.527  39.632 0.0000000000
51028  -32.461  -9.401  38.659 0.0000000000
51029  -33.253  -9.556  38.355 0.0000000000
51030  -34.181  -9.834  37.868 0.0000000000
51031  -34.813  -10.192  37.882 0.0000000000
51032  -40.159  -9.491  38.534 0.0000000000
51033  -40.373  -9.080  38.914 0.0000000000
51043  -34.488  -9.718  36.656 0.0000000000
51044  -35.171  -10.179  37.285 0.0000000000
51045  -35.831  -10.401  37.255 0.0000000000
51046  -40.245  -9.277  36.783 0.0000000000
51047  -40.649  -8.742  36.226 0.0000000000
51057  -34.691  -9.661  35.673 0.0000000000
51058  -35.312  -9.993  36.225 0.0000000000
51059  -35.932  -10.323  36.636 0.0000000000
51060  -40.377  -9.569  35.584 0.0000000000
51061  -40.774  -8.975  35.665 0.0000000000
51071  -34.845  -9.714  34.803 0.0000000000
51072  -35.458  -9.951  35.288 0.0000000000
51073  -36.092  -10.267  35.756 0.0000000000
51074  -39.616  -10.025  34.599 0.0000000000
51075  -40.376  -9.643  34.770 0.0000000000
51076  -40.937  -9.228  34.892 0.0000000000
51084  -34.216  -9.570  33.698 0.0000000000
51085  -34.893  -9.858  33.990 0.0000000000
51086  -35.563  -10.020  34.389 0.0000000000
51087  -36.240  -10.222  34.837 0.0000000000
51089  -40.198  -9.527  34.090 0.0000000000
51090  -40.856  -9.352  34.217 0.0000000000
51098  -34.132  -9.537  32.858 0.0000000000
51099  -34.904  -9.920  33.143 0.0000000000
51100  -35.662  -10.141  33.494 0.0000000000
51101  -36.376  -10.243  33.911 0.0000000000
52047  -38.936  -8.276  45.079 0.0000000000
52048  -39.180  -8.307  45.112 0.0000000000
52049  -39.549  -8.288  45.101 0.0000000000
52054  -29.752  -8.032  44.669 0.0000000000
52055  -30.137  -8.239  44.631 0.0000000000
52056  -31.156  -8.886  44.402 0.0000000000
52057  -32.207  -8.947  44.382 0.0000000000
52058  -32.876  -9.207  44.186 0.0000000000
52059  -38.020  -8.492  44.047 0.0000000000
52060  -38.658  -8.754  44.511 0.0000000000
52061  -39.410  -8.849  44.730 0.0000000000
52062  -40.000  -8.539  44.522 0.0000000000
52066  -29.744  -8.163  44.109 0.0000000000
52067  -30.468  -8.822  43.607 0.0000000000
52068  -30.938  -9.205  43.885 0.0000000000
52069  -32.557  -8.575  44.010 0.0000000000
52070  -33.149  -8.779  43.758 0.0000000000
52071  -33.727  -8.994  43.487 0.0000000000
52072  -36.801  -8.844  42.775 0.0000000000
52073  -37.531  -8.692  43.426 0.0000000000
52074  -38.148  -9.453  44.032 0.0000000000
52075  -40.465  -8.259  43.670 0.0000000000
52080  -29.595  -8.478  42.908 0.0000000000
52081  -30.248  -9.002  42.307 0.0000000000
52082  -32.767  -8.166  43.370 0.0000000000
52083  -33.316  -8.311  42.845 0.0000000000
52084  -34.186  -8.781  42.670 0.0000000000
52085  -34.859  -8.811  42.115 0.0000000000
52086  -36.659  -8.255  42.287 0.0000000000
52087  -37.088  -7.785  42.549 0.0000000000
52088  -40.706  -8.333  42.696 0.0000000000
52093  -29.501  -8.639  41.561 0.0000000000
52094  -30.369  -9.117  41.021 0.0000000000
52095  -30.941  -9.293  40.287 0.0000000000
52096  -33.656  -8.231  42.043 0.0000000000
52097  -34.282  -8.325  41.604 0.0000000000
52098  -35.252  -8.362  41.392 0.0000000000
52099  -36.108  -8.017  41.397 0.0000000000
52100  -40.923  -8.431  41.540 0.0000000000
52105  -29.610  -8.557  40.298 0.0000000000
52106  -30.367  -8.868  39.814 0.0000000000
52107  -31.175  -9.157  39.380 0.0000000000
52108  -31.769  -9.209  38.818 0.0000000000
52109  -40.720  -8.480  40.197 0.0000000000
52114  -29.734  -8.455  39.325 0.0000000000
52115  -30.333  -8.612  38.706 0.0000000000
52116  -31.177  -8.860  38.394 0.0000000000
52117  -31.925  -8.948  38.120 0.0000000000
52118  -32.687  -9.085  37.878 0.0000000000
52119  -33.342  -9.348  37.617 0.0000000000
52120  -40.289  -8.772  38.264 0.0000000000
52121  -40.464  -8.472  38.513 0.0000000000
52130  -30.564  -8.574  37.790 0.0000000000
52131  -31.284  -8.696  37.552 0.0000000000
52132  -32.035  -8.835  37.268 0.0000000000
52133  -32.820  -9.061  37.028 0.0000000000
52134  -33.619  -9.409  36.876 0.0000000000
52135  -40.280  -8.751  37.774 0.0000000000
52136  -40.510  -8.405  36.863 0.0000000000
52146  -30.691  -8.514  37.086 0.0000000000
52147  -31.281  -8.590  36.620 0.0000000000
52148  -32.121  -8.846  36.354 0.0000000000
52149  -32.949  -9.148  36.101 0.0000000000
52150  -33.860  -9.387  35.931 0.0000000000
52151  -40.794  -8.472  35.759 0.0000000000
52164  -31.524  -8.607  35.853 0.0000000000
52165  -32.090  -8.825  35.227 0.0000000000
52166  -33.204  -9.217  35.139 0.0000000000
52167  -34.098  -9.467  35.055 0.0000000000
52168  -41.073  -8.728  34.987 0.0000000000
52180  -32.694  -8.844  34.154 0.0000000000
52181  -33.654  -9.321  34.324 0.0000000000
52182  -34.333  -9.582  34.382 0.0000000000
52184  -41.249  -8.965  34.273 0.0000000000
52195  -32.743  -8.630  33.094 0.0000000000
52196  -33.478  -9.136  33.459 0.0000000000
52210  -32.748  -8.581  32.223 0.0000000000
52211  -33.415  -9.040  32.568 0.0000000000
53118  -39.004  -7.440  45.734 0.0000000000
53119  -39.329  -7.392  45.666 0.0000000000
53120  -39.576  -7.310  45.604 0.0000000000
53126  -29.988  -6.809  45.516 0.0000000000
53127  -30.299  -6.632  45.465 0.0000000000
53128  -38.854  -7.761  45.405 0.0000000000
53129  -39.293  -7.816  45.449 0.0000000000
53130  -39.861  -7.709  45.312 0.0000000000
53136  -28.638  -7.040  44.429 0.0000000000
53137  -29.491  -7.456  44.959 0.0000000000
53138  -30.540  -7.275  45.039 0.0000000000
53139  -31.539  -7.641  44.244 0.0000000000
53140  -32.107  -8.318  44.140 0.0000000000
53141  -37.943  -7.851  44.108 0.0000000000
53142  -38.366  -7.627  44.951 0.0000000000
53143  -40.472  -7.685  44.359 0.0000000000
53149  -28.136  -7.270  43.201 0.0000000000
53150  -29.057  -7.755  43.649 0.0000000000
53151  -31.956  -6.999  43.509 0.0000000000
53152  -32.271  -7.830  43.679 0.0000000000
53153  -37.466  -7.437  43.119 0.0000000000
53154  -40.836  -7.509  43.284 0.0000000000
53160  -28.110  -7.618  41.657 0.0000000000
53161  -28.759  -8.099  42.283 0.0000000000
53162  -32.000  -6.679  42.965 0.0000000000
53163  -32.525  -7.360  42.468 0.0000000000
53164  -33.219  -7.878  42.129 0.0000000000
53165  -36.629  -7.373  41.800 0.0000000000
53166  -37.138  -7.134  42.348 0.0000000000
53167  -41.164  -7.496  42.217 0.0000000000
53174  -28.034  -7.573  40.642 0.0000000000
53175  -28.709  -8.068  40.767 0.0000000000
53176  -32.604  -7.094  41.229 0.0000000000
53177  -33.397  -7.607  41.307 0.0000000000
53178  -34.426  -7.666  40.747 0.0000000000
53179  -35.358  -7.372  40.687 0.0000000000
53180  -36.017  -7.152  41.147 0.0000000000
53181  -41.027  -7.520  41.013 0.0000000000
53189  -28.098  -7.624  39.691 0.0000000000
53190  -28.984  -8.108  39.494 0.0000000000
53191  -32.895  -7.028  40.527 0.0000000000
53192  -33.638  -7.049  40.191 0.0000000000
53193  -34.611  -6.808  40.015 0.0000000000
53194  -35.206  -6.712  40.280 0.0000000000
53195  -40.672  -7.478  39.502 0.0000000000
53203  -28.334  -7.854  38.627 0.0000000000
53204  -29.295  -8.219  38.417 0.0000000000
53205  -29.889  -8.411  37.874 0.0000000000
53206  -40.512  -7.618  38.281 0.0000000000
53217  -28.484  -7.940  37.657 0.0000000000
53218  -29.269  -8.180  37.370 0.0000000000
53219  -30.022  -8.363  37.153 0.0000000000
53220  -40.250  -7.193  36.836 0.0000000000
53221  -40.452  -7.648  37.238 0.0000000000
53233  -28.578  -7.815  36.677 0.0000000000
53234  -29.453  -8.064  36.514 0.0000000000
53235  -30.349  -8.264  36.328 0.0000000000
53236  -30.958  -8.370  35.884 0.0000000000
53237  -40.360  -7.311  36.313 0.0000000000
53238  -40.740  -7.859  36.088 0.0000000000
53249  -28.962  -7.749  35.982 0.0000000000
53250  -29.646  -7.811  35.619 0.0000000000
53251  -30.460  -8.048  35.444 0.0000000000
53252  -31.170  -8.383  35.185 0.0000000000
53253  -31.522  -8.513  34.778 0.0000000000
53254  -39.381  -6.861  35.152 0.0000000000
53255  -40.145  -7.295  35.351 0.0000000000
53256  -40.895  -8.107  35.110 0.0000000000
53264  -30.022  -7.702  34.923 0.0000000000
53265  -30.584  -7.974  34.717 0.0000000000
53266  -31.125  -8.249  34.444 0.0000000000
53267  -31.764  -8.485  34.305 0.0000000000
53272  -41.024  -8.468  34.442 0.0000000000
53283  -30.141  -7.741  34.353 0.0000000000
53284  -30.565  -7.918  33.978 0.0000000000
53285  -31.203  -8.193  33.754 0.0000000000
53286  -31.939  -8.378  33.482 0.0000000000
53305  -30.702  -8.016  33.406 0.0000000000
53306  -31.161  -8.134  32.941 0.0000000000
53307  -31.988  -8.345  32.603 0.0000000000
53328  -30.521  -7.669  31.553 0.0000000000
53329  -31.249  -8.117  31.973 0.0000000000
53330  -32.112  -8.390  31.890 0.0000000000
53352  -31.134  -7.913  30.933 0.0000000000
54288  -30.345  -6.007  45.658 0.0000000000
54289  -30.553  -6.047  45.565 0.0000000000
54290  -39.092  -7.072  45.940 0.0000000000
54291  -39.390  -7.072  45.791 0.0000000000
54292  -39.875  -7.062  45.557 0.0000000000
54300  -30.169  -6.256  45.660 0.0000000000
54301  -30.632  -6.206  45.456 0.0000000000
54302  -38.820  -7.121  45.871 0.0000000000
54303  -40.371  -7.032  45.022 0.0000000000
54314  -28.829  -6.496  45.232 0.0000000000
54315  -29.585  -6.183  45.698 0.0000000000
54316  -31.272  -6.203  44.951 0.0000000000
54317  -31.707  -6.436  44.168 0.0000000000
54318  -37.964  -7.014  44.792 0.0000000000
54319  -38.305  -6.822  45.615 0.0000000000
54320  -40.900  -6.772  44.042 0.0000000000
54334  -28.067  -6.079  44.635 0.0000000000
54335  -31.648  -5.493  44.244 0.0000000000
54336  -31.869  -6.140  43.460 0.0000000000
54337  -37.691  -6.717  43.895 0.0000000000
54338  -41.293  -6.545  42.965 0.0000000000
54351  -31.337  -5.526  43.159 0.0000000000
54352  -31.732  -6.320  42.391 0.0000000000
54353  -32.112  -6.680  41.524 0.0000000000
54354  -36.898  -6.642  41.945 0.0000000000
54355  -37.373  -6.365  42.699 0.0000000000
54356  -41.263  -6.469  41.903 0.0000000000
54368  -31.060  -5.707  42.082 0.0000000000
54369  -31.453  -6.073  41.111 0.0000000000
54370  -32.237  -6.590  40.626 0.0000000000
54371  -35.690  -6.418  40.651 0.0000000000
54372  -36.350  -6.482  41.380 0.0000000000
54373  -40.728  -6.491  40.691 0.0000000000
54384  -31.808  -6.006  40.008 0.0000000000
54385  -32.786  -6.365  39.782 0.0000000000
54386  -33.792  -6.217  39.544 0.0000000000
54387  -34.541  -5.930  39.619 0.0000000000
54388  -35.146  -6.133  39.993 0.0000000000
54389  -39.810  -5.980  39.218 0.0000000000
54390  -40.290  -6.385  39.454 0.0000000000
54399  -38.028  -5.469  37.988 0.0000000000
54400  -38.615  -5.738  38.161 0.0000000000
54401  -39.638  -6.166  38.496 0.0000000000
54402  -40.438  -6.961  38.449 0.0000000000
54413  -38.020  -5.753  37.536 0.0000000000
54414  -38.902  -6.183  37.509 0.0000000000
54415  -40.023  -6.805  37.405 0.0000000000
54416  -40.435  -7.309  37.825 0.0000000000
54429  -28.372  -7.565  35.881 0.0000000000
54430  -38.093  -6.120  36.842 0.0000000000
54431  -39.045  -6.545  36.659 0.0000000000
54432  -39.916  -6.921  36.483 0.0000000000
54444  -28.819  -7.516  35.203 0.0000000000
54445  -29.471  -7.571  34.913 0.0000000000
54448  -38.025  -6.297  35.856 0.0000000000
54449  -39.351  -6.787  35.800 0.0000000000
54450  -40.036  -7.018  35.969 0.0000000000
54462  -28.287  -7.389  34.362 0.0000000000
54463  -29.151  -7.511  34.359 0.0000000000
54464  -29.715  -7.618  34.450 0.0000000000
54481  -28.843  -7.454  33.532 0.0000000000
54482  -29.816  -7.667  33.723 0.0000000000
54483  -30.344  -7.863  33.493 0.0000000000
54496  -29.465  -7.545  32.781 0.0000000000
54497  -30.339  -7.853  32.889 0.0000000000
54498  -30.800  -8.028  32.495 0.0000000000
54518  -30.007  -7.585  32.120 0.0000000000
54519  -30.557  -7.876  32.198 0.0000000000
55417  -30.557  -5.834  45.683 0.0000000000
55418  -30.979  -6.059  45.542 0.0000000000
55419  -39.193  -6.840  45.938 0.0000000000
55420  -39.506  -6.699  45.793 0.0000000000
55421  -40.052  -6.608  45.469 0.0000000000
55429  -30.315  -5.658  45.826 0.0000000000
55430  -31.035  -5.613  45.430 0.0000000000
55431  -38.969  -6.446  46.018 0.0000000000
55432  -39.785  -6.067  45.655 0.0000000000
55433  -40.597  -6.111  44.850 0.0000000000
55439  -28.867  -5.519  45.706 0.0000000000
55440  -30.014  -4.768  45.730 0.0000000000
55441  -31.102  -4.932  45.089 0.0000000000
55442  -37.809  -6.048  44.965 0.0000000000
55443  -38.305  -5.600  45.782 0.0000000000
55444  -41.352  -5.645  43.803 0.0000000000
55445  -41.788  -4.790  43.344 0.0000000000
55451  -28.964  -4.839  44.743 0.0000000000
55452  -30.035  -4.090  44.492 0.0000000000
55453  -30.898  -4.762  43.885 0.0000000000
55454  -37.560  -5.569  43.767 0.0000000000
55455  -41.572  -5.304  42.742 0.0000000000
55456  -42.032  -4.436  42.935 0.0000000000
55460  -30.029  -4.505  43.300 0.0000000000
55461  -30.570  -5.120  42.622 0.0000000000
55462  -36.798  -5.813  41.856 0.0000000000
55463  -37.182  -5.248  42.644 0.0000000000
55464  -40.698  -4.889  41.565 0.0000000000
55465  -40.975  -5.228  41.788 0.0000000000
55468  -29.846  -4.770  41.989 0.0000000000
55469  -30.551  -5.315  41.183 0.0000000000
55470  -31.101  -5.618  40.294 0.0000000000
55471  -35.615  -5.551  40.250 0.0000000000
55472  -36.238  -5.454  40.955 0.0000000000
55473  -40.405  -5.048  41.092 0.0000000000
55474  -40.471  -5.695  40.731 0.0000000000
55477  -29.130  -4.654  40.141 0.0000000000
55478  -29.564  -4.730  40.522 0.0000000000
55479  -30.488  -5.243  39.920 0.0000000000
55480  -31.287  -5.538  39.445 0.0000000000
55481  -32.172  -5.591  39.217 0.0000000000
55482  -33.100  -5.548  39.088 0.0000000000
55483  -34.069  -5.204  39.146 0.0000000000
55484  -35.054  -5.151  39.628 0.0000000000
55485  -38.326  -5.064  38.944 0.0000000000
55486  -38.661  -5.130  39.198 0.0000000000
55487  -39.676  -5.438  39.885 0.0000000000
55488  -40.362  -6.032  40.171 0.0000000000
55492  -29.120  -4.805  39.693 0.0000000000
55493  -29.756  -5.170  39.347 0.0000000000
55494  -30.608  -5.386  38.868 0.0000000000
55495  -31.522  -5.269  38.587 0.0000000000
55496  -32.427  -4.961  38.467 0.0000000000
55497  -33.334  -4.743  38.630 0.0000000000
55498  -33.963  -4.433  38.734 0.0000000000
55499  -38.215  -5.195  38.558 0.0000000000
55500  -39.010  -5.639  38.926 0.0000000000
55501  -39.533  -5.836  39.121 0.0000000000
55504  -29.143  -5.058  38.803 0.0000000000
55505  -29.871  -5.099  38.259 0.0000000000
55506  -30.841  -5.075  37.916 0.0000000000
55507  -31.695  -4.809  37.841 0.0000000000
55508  -32.272  -4.467  37.819 0.0000000000
55509  -37.211  -4.815  37.217 0.0000000000
55510  -37.507  -5.032  37.623 0.0000000000
55517  -37.054  -4.977  36.878 0.0000000000
55518  -37.446  -5.565  36.888 0.0000000000
55527  -37.552  -5.889  36.391 0.0000000000
56471  -30.818  -5.505  45.726 0.0000000000
56472  -30.998  -5.491  45.633 0.0000000000
56480  -30.843  -4.967  45.818 0.0000000000
56481  -31.143  -5.221  45.513 0.0000000000
56482  -39.258  -5.343  45.833 0.0000000000
56483  -40.322  -5.293  45.134 0.0000000000
56484  -40.962  -5.387  44.509 0.0000000000
56488  -30.831  -4.803  45.511 0.0000000000
56489  -31.174  -4.949  45.396 0.0000000000
56490  -37.710  -4.562  45.016 0.0000000000
56491  -38.604  -4.468  45.743 0.0000000000
56492  -39.865  -4.441  45.223 0.0000000000
56493  -41.288  -4.594  44.233 0.0000000000
56494  -42.122  -4.151  43.284 0.0000000000
56498  -28.240  -3.981  43.223 0.0000000000
56499  -29.174  -3.970  43.707 0.0000000000
56500  -29.632  -4.103  43.666 0.0000000000
56501  -36.857  -3.916  42.878 0.0000000000
56502  -37.289  -4.535  43.498 0.0000000000
56503  -41.876  -4.186  42.589 0.0000000000
56504  -42.301  -4.061  42.883 0.0000000000
56508  -28.159  -4.118  42.018 0.0000000000
56509  -28.792  -4.253  42.500 0.0000000000
56510  -29.394  -4.375  42.827 0.0000000000
56511  -36.644  -4.625  41.845 0.0000000000
56512  -37.005  -4.595  42.658 0.0000000000
56513  -40.750  -4.297  41.624 0.0000000000
56514  -41.401  -4.282  42.135 0.0000000000
56517  -27.995  -4.149  40.775 0.0000000000
56518  -28.648  -4.316  41.315 0.0000000000
56519  -29.195  -4.483  41.636 0.0000000000
56520  -35.768  -4.491  40.339 0.0000000000
56521  -36.283  -4.661  40.995 0.0000000000
56522  -39.430  -4.014  40.426 0.0000000000
56523  -39.896  -4.512  40.761 0.0000000000
56527  -28.742  -4.457  40.236 0.0000000000
56528  -29.056  -4.418  40.884 0.0000000000
56529  -34.591  -4.184  39.127 0.0000000000
56530  -35.198  -4.324  39.655 0.0000000000
56531  -38.304  -4.761  38.989 0.0000000000
56532  -38.813  -4.426  39.693 0.0000000000
56533  -39.403  -4.631  40.215 0.0000000000
56539  -32.848  -4.311  38.093 0.0000000000
56540  -33.567  -3.944  38.256 0.0000000000
56541  -34.133  -4.002  38.624 0.0000000000
56542  -37.936  -4.322  38.320 0.0000000000
56543  -38.326  -4.254  39.010 0.0000000000
56550  -31.857  -4.275  37.317 0.0000000000
56551  -32.442  -3.843  37.493 0.0000000000
56552  -32.989  -3.854  37.898 0.0000000000
56553  -37.208  -4.396  37.108 0.0000000000
56554  -37.519  -4.377  37.631 0.0000000000
56563  -36.838  -4.462  36.230 0.0000000000
57481  -37.374  -3.500  45.244 0.0000000000
57482  -37.868  -3.526  45.840 0.0000000000
57483  -39.191  -3.482  45.309 0.0000000000
57484  -40.650  -3.623  44.397 0.0000000000
57485  -41.811  -3.650  43.611 0.0000000000
57492  -36.536  -3.215  43.285 0.0000000000
57493  -36.963  -3.410  44.277 0.0000000000
57494  -42.162  -3.706  42.556 0.0000000000
57495  -42.376  -3.547  42.903 0.0000000000
57502  -35.712  -3.010  41.670 0.0000000000
57503  -36.143  -3.235  42.203 0.0000000000
57504  -41.053  -3.482  41.592 0.0000000000
57505  -41.889  -3.481  42.146 0.0000000000
57506  -42.261  -2.854  42.714 0.0000000000
57514  -35.650  -3.304  41.052 0.0000000000
57515  -36.190  -4.049  41.189 0.0000000000
57516  -39.586  -3.618  40.486 0.0000000000
57517  -40.171  -3.423  40.909 0.0000000000
57523  -34.639  -3.426  39.197 0.0000000000
57524  -35.111  -3.442  39.841 0.0000000000
57525  -39.310  -3.415  40.090 0.0000000000
57526  -39.886  -2.633  40.360 0.0000000000
57534  -33.638  -3.336  38.155 0.0000000000
57535  -34.173  -3.357  38.619 0.0000000000
57536  -38.068  -3.669  38.165 0.0000000000
57537  -38.572  -3.514  38.919 0.0000000000
57545  -32.484  -3.292  37.321 0.0000000000
57546  -33.060  -3.291  37.739 0.0000000000
57547  -37.259  -3.957  37.076 0.0000000000
57548  -37.605  -3.708  37.443 0.0000000000
57559  -37.157  -3.781  36.609 0.0000000000
57560  -37.536  -3.155  36.710 0.0000000000
58452  -35.842  -1.476  46.072 0.0000000000
58453  -36.300  -1.623  46.092 0.0000000000
58454  -37.159  -1.813  46.106 0.0000000000
58461  -35.788  -1.643  45.574 0.0000000000
58462  -36.807  -2.675  45.501 0.0000000000
58463  -38.329  -2.167  45.510 0.0000000000
58464  -40.112  -2.652  44.451 0.0000000000
58465  -41.483  -2.963  43.741 0.0000000000
58466  -42.112  -3.206  43.356 0.0000000000
58474  -35.255  -1.747  43.072 0.0000000000
58475  -35.934  -2.346  44.035 0.0000000000
58476  -36.578  -2.822  44.641 0.0000000000
58477  -38.754  -1.319  45.043 0.0000000000
58478  -39.674  -1.610  44.440 0.0000000000
58479  -41.323  -1.999  43.540 0.0000000000
58480  -42.120  -2.794  43.222 0.0000000000
58488  -35.336  -2.374  41.923 0.0000000000
58489  -35.697  -2.440  42.743 0.0000000000
58490  -41.329  -2.759  41.555 0.0000000000
58491  -42.011  -2.140  42.409 0.0000000000
58492  -42.107  -2.402  42.992 0.0000000000
58500  -34.579  -2.264  40.108 0.0000000000
58501  -34.926  -2.506  40.722 0.0000000000
58502  -40.745  -2.140  40.937 0.0000000000
58503  -41.587  -1.870  41.626 0.0000000000
58510  -34.503  -2.693  39.378 0.0000000000
58511  -34.826  -2.728  39.957 0.0000000000
58512  -39.459  -2.420  39.487 0.0000000000
58519  -33.569  -2.697  38.173 0.0000000000
58520  -34.029  -2.512  38.731 0.0000000000
58521  -38.321  -3.135  37.958 0.0000000000
58522  -38.924  -2.581  38.459 0.0000000000
58529  -33.004  -2.517  37.710 0.0000000000
58530  -38.042  -2.673  37.180 0.0000000000
59377  -34.814  -0.398  45.941 0.0000000000
59378  -35.582  -0.958  46.268 0.0000000000
59379  -36.803  -0.858  46.372 0.0000000000
59380  -37.523  -1.426  45.960 0.0000000000
59384  -34.550  -0.355  45.289 0.0000000000
59385  -35.102  -0.955  45.643 0.0000000000
59386  -37.185  -0.235  46.020 0.0000000000
59387  -37.902  -0.760  45.526 0.0000000000
59392  -34.636  -0.712  44.172 0.0000000000
59393  -35.148  -1.217  44.946 0.0000000000
59394  -39.009  -0.687  44.447 0.0000000000
59395  -40.232  -0.875  43.585 0.0000000000
59396  -41.420  -1.029  42.894 0.0000000000
59401  -34.194  -0.912  41.972 0.0000000000
59402  -34.486  -0.933  42.816 0.0000000000
59407  -34.286  -1.562  40.876 0.0000000000
59408  -34.652  -1.679  41.609 0.0000000000
59415  -33.668  -1.316  39.495 0.0000000000
59416  -34.195  -1.792  39.860 0.0000000000
59424  -33.532  -1.810  38.647 0.0000000000
59425  -34.045  -2.011  39.164 0.0000000000
59434  -33.164  -2.024  38.015 0.0000000000
60311  -34.956  0.093  46.369 0.0000000000
60312  -35.799  -0.022  46.555 0.0000000000
60313  -36.578  0.252  46.238 0.0000000000
60316  -34.448  0.362  45.832 0.0000000000
60317  -37.305  0.378  45.591 0.0000000000
60318  -38.250  0.347  44.747 0.0000000000
60321  -33.896  0.888  45.096 0.0000000000
60322  -34.206  1.934  44.855 0.0000000000
60323  -39.406  0.274  43.823 0.0000000000
60324  -40.634  0.030  43.077 0.0000000000
60330  -33.460  0.415  42.512 0.0000000000
60331  -33.879  0.303  43.065 0.0000000000
60332  -33.975  0.784  44.024 0.0000000000
60333  -33.975  1.615  44.449 0.0000000000
60342  -33.335  -0.074  41.229 0.0000000000
60343  -33.796  -0.512  41.659 0.0000000000
60353  -33.286  -0.395  40.011 0.0000000000
60354  -33.727  -0.995  40.492 0.0000000000
60364  -33.133  -0.834  39.010 0.0000000000
61318  -34.923  0.464  46.313 0.0000000000
61319  -35.191  0.532  46.336 0.0000000000
61320  -35.796  0.680  46.270 0.0000000000
61325  -34.783  0.660  46.167 0.0000000000
61326  -35.193  1.081  46.008 0.0000000000
61327  -36.280  1.178  45.680 0.0000000000
61328  -37.372  1.160  44.974 0.0000000000
61333  -34.460  1.115  45.812 0.0000000000
61334  -35.008  1.662  45.249 0.0000000000
61335  -36.507  1.758  44.526 0.0000000000
61336  -38.216  1.406  43.906 0.0000000000
61337  -39.803  1.219  43.075 0.0000000000
61344  -33.206  0.988  43.104 0.0000000000
61345  -33.545  1.338  43.765 0.0000000000
61346  -34.385  1.975  44.309 0.0000000000
61347  -35.124  2.150  44.055 0.0000000000
61348  -37.117  2.087  42.895 0.0000000000
61349  -38.667  1.959  42.658 0.0000000000
61357  -32.991  0.681  42.215 0.0000000000
61358  -35.396  2.485  43.087 0.0000000000
61359  -36.138  2.246  42.050 0.0000000000
61360  -37.110  1.859  41.138 0.0000000000
61366  -32.680  0.529  40.739 0.0000000000
61367  -35.379  2.062  40.378 0.0000000000
61368  -35.577  2.072  41.039 0.0000000000
61369  -36.332  1.541  40.307 0.0000000000
61370  -37.130  1.436  39.658 0.0000000000
61377  -35.423  1.922  39.710 0.0000000000
61378  -35.806  1.472  39.318 0.0000000000
61379  -36.368  1.188  38.824 0.0000000000
61380  -37.054  1.302  38.319 0.0000000000
61390  -35.333  1.552  38.427 0.0000000000
61391  -35.684  0.928  38.033 0.0000000000
61392  -36.361  0.834  37.576 0.0000000000
61393  -37.088  1.102  37.147 0.0000000000
61404  -34.948  1.106  37.266 0.0000000000
61405  -35.602  0.692  36.770 0.0000000000
61406  -36.465  0.697  36.404 0.0000000000
61407  -37.276  0.999  36.088 0.0000000000
61416  -34.093  1.138  35.320 0.0000000000
61417  -34.650  1.104  35.808 0.0000000000
61418  -35.768  0.759  35.556 0.0000000000
61419  -36.694  0.868  35.318 0.0000000000
61437  -33.893  0.910  34.624 0.0000000000
61438  -35.159  0.748  34.597 0.0000000000
62338  -31.493  2.182  41.996 0.0000000000
62339  -32.158  1.998  42.744 0.0000000000
62340  -33.231  1.843  43.355 0.0000000000
62341  -34.649  2.819  44.032 0.0000000000
62342  -35.128  2.672  43.744 0.0000000000
62343  -38.116  2.208  41.647 0.0000000000
62353  -31.819  1.466  41.574 0.0000000000
62354  -32.411  1.091  42.057 0.0000000000
62355  -35.126  2.776  42.386 0.0000000000
62356  -35.299  2.657  42.689 0.0000000000
62357  -38.010  2.025  40.353 0.0000000000
62367  -32.203  1.035  41.156 0.0000000000
62368  -35.082  2.432  40.638 0.0000000000
62369  -35.374  2.522  41.654 0.0000000000
62370  -37.935  1.766  39.029 0.0000000000
62380  -34.611  2.805  38.138 0.0000000000
62381  -35.106  2.289  38.913 0.0000000000
62382  -37.715  1.706  37.800 0.0000000000
62393  -34.186  2.469  37.173 0.0000000000
62394  -34.750  1.923  37.732 0.0000000000
62405  -33.934  2.192  36.296 0.0000000000
62406  -34.383  1.656  36.716 0.0000000000
62419  -33.015  2.197  35.032 0.0000000000
62420  -33.763  1.606  35.506 0.0000000000
62421  -34.182  1.611  36.063 0.0000000000
62442  -33.310  1.489  34.865 0.0000000000
63240  -32.530  3.903  43.891 0.0000000000
63241  -33.479  3.804  44.291 0.0000000000
63242  -34.091  3.962  44.275 0.0000000000
63247  -31.784  3.148  42.827 0.0000000000
63248  -32.889  2.941  43.720 0.0000000000
63249  -34.509  3.403  43.770 0.0000000000
63250  -34.855  2.986  43.101 0.0000000000
63255  -34.451  3.661  41.788 0.0000000000
63256  -34.883  3.094  42.081 0.0000000000
63265  -34.250  3.690  40.807 0.0000000000
63266  -34.509  3.263  40.622 0.0000000000
63277  -34.467  3.697  38.552 0.0000000000
63278  -34.722  3.025  39.354 0.0000000000
63291  -34.133  3.431  37.517 0.0000000000
63304  -33.743  3.079  36.653 0.0000000000
63320  -33.446  2.853  35.773 0.0000000000
64114  -32.594  4.595  43.792 0.0000000000
64115  -33.066  4.459  44.268 0.0000000000
64116  -33.699  4.302  44.226 0.0000000000
64120  -32.075  4.340  43.007 0.0000000000
64121  -34.064  4.204  43.817 0.0000000000
64124  -31.459  3.999  41.695 0.0000000000
64125  -34.158  4.267  42.622 0.0000000000
64131  -33.992  4.273  40.682 0.0000000000
64132  -34.262  3.731  40.373 0.0000000000
64140  -34.214  4.484  39.093 0.0000000000
64141  -34.357  3.748  39.699 0.0000000000
64154  -34.169  4.426  37.909 0.0000000000
64169  -33.225  4.792  36.718 0.0000000000
64170  -33.588  4.068  36.917 0.0000000000
64185  -33.093  4.093  35.808 0.0000000000
64186  -33.478  3.539  36.260 0.0000000000
64969  -32.934  4.887  43.834 0.0000000000
64970  -33.396  4.659  43.897 0.0000000000
64971  -33.748  4.462  43.924 0.0000000000
64973  -32.609  4.956  43.090 0.0000000000
64974  -33.195  5.054  43.159 0.0000000000
64975  -33.733  4.670  43.329 0.0000000000
64977  -32.185  4.930  41.712 0.0000000000
64978  -32.902  5.253  42.082 0.0000000000
64979  -33.553  4.961  41.859 0.0000000000
64983  -33.639  4.981  40.636 0.0000000000
64991  -33.854  5.043  39.666 0.0000000000
64999  -33.475  5.541  37.818 0.0000000000
65000  -33.880  5.213  38.451 0.0000000000
65010  -33.125  5.436  37.133 0.0000000000
65011  -33.665  5.023  37.446 0.0000000000
65812  -32.732  5.334  41.063 0.0000000000
65813  -33.183  5.287  41.054 0.0000000000
65814  -33.420  5.121  40.925 0.0000000000
65818  -32.333  5.367  40.205 0.0000000000
65819  -33.043  5.504  40.134 0.0000000000
65820  -33.454  5.276  40.236 0.0000000000
65829  -32.871  5.601  39.086 0.0000000000
65830  -33.463  5.426  39.266 0.0000000000
65840  -33.371  5.578  38.430 0.0000000000
