#!ascii label  , from subject FREESURFER vox2ras=TkReg 
968
95660  -33.927  52.582  -19.556 0.0000000000
95661  -34.747  52.690  -19.919 0.0000000000
95664  -35.262  52.699  -20.337 0.0000000000
95665  -35.527  52.681  -20.684 0.0000000000
95668  -34.940  53.228  -21.559 0.0000000000
95669  -35.541  52.838  -21.310 0.0000000000
95678  -34.802  52.905  -22.110 0.0000000000
95679  -35.439  52.350  -22.165 0.0000000000
95693  -34.892  52.440  -22.950 0.0000000000
95706  -34.658  52.746  -23.686 0.0000000000
95707  -34.905  52.728  -24.399 0.0000000000
96139  -33.613  53.394  -19.273 0.0000000000
96140  -34.463  53.563  -19.604 0.0000000000
96144  -35.193  53.558  -20.194 0.0000000000
96145  -35.356  53.102  -20.484 0.0000000000
96149  -34.251  54.024  -21.514 0.0000000000
96150  -35.024  53.721  -21.054 0.0000000000
96151  -35.425  53.226  -20.692 0.0000000000
96158  -33.826  54.050  -22.142 0.0000000000
96159  -34.392  53.507  -21.872 0.0000000000
96171  -33.815  54.306  -22.664 0.0000000000
96172  -34.135  53.568  -22.986 0.0000000000
96187  -34.566  53.591  -24.091 0.0000000000
96188  -35.164  53.598  -24.744 0.0000000000
96205  -35.795  53.606  -25.299 0.0000000000
96616  -33.489  54.873  -18.708 0.0000000000
96619  -33.330  53.880  -19.041 0.0000000000
96620  -33.965  54.439  -19.100 0.0000000000
96621  -34.768  54.428  -19.741 0.0000000000
96624  -34.247  54.717  -20.736 0.0000000000
96625  -34.830  54.430  -20.374 0.0000000000
96630  -33.819  54.627  -21.468 0.0000000000
96631  -34.462  54.323  -21.020 0.0000000000
96637  -33.649  54.822  -22.336 0.0000000000
96641  -33.876  54.920  -23.104 0.0000000000
96642  -34.323  54.623  -23.846 0.0000000000
96648  -34.883  54.554  -24.549 0.0000000000
96649  -35.512  54.539  -25.139 0.0000000000
97045  -22.261  56.281  -17.701 0.0000000000
97046  -22.547  56.302  -17.649 0.0000000000
97050  -33.725  56.115  -18.436 0.0000000000
97053  -22.280  56.199  -17.998 0.0000000000
97054  -22.447  56.241  -17.863 0.0000000000
97057  -33.801  55.572  -18.753 0.0000000000
97060  -34.217  55.319  -19.739 0.0000000000
97061  -34.772  54.867  -19.980 0.0000000000
97064  -33.744  55.345  -20.781 0.0000000000
97065  -34.472  54.958  -20.264 0.0000000000
97072  -33.434  55.516  -21.819 0.0000000000
97078  -33.548  55.705  -22.664 0.0000000000
97081  -33.754  55.890  -23.290 0.0000000000
97082  -34.138  55.680  -23.773 0.0000000000
97086  -34.641  55.567  -24.396 0.0000000000
97087  -35.300  55.528  -24.945 0.0000000000
97090  -35.972  55.505  -25.483 0.0000000000
97444  -20.682  57.246  -13.310 0.0000000000
97453  -20.456  57.290  -13.940 0.0000000000
97454  -20.917  56.989  -13.860 0.0000000000
97460  -19.735  57.437  -15.109 0.0000000000
97461  -20.276  57.156  -14.654 0.0000000000
97462  -21.099  56.719  -14.606 0.0000000000
97469  -19.927  57.262  -15.615 0.0000000000
97470  -20.547  56.819  -15.502 0.0000000000
97471  -21.322  56.554  -15.488 0.0000000000
97478  -20.159  57.089  -16.203 0.0000000000
97479  -20.656  56.736  -16.476 0.0000000000
97480  -21.541  56.450  -16.420 0.0000000000
97481  -22.449  56.543  -16.354 0.0000000000
97489  -20.917  56.625  -17.403 0.0000000000
97490  -21.827  56.346  -17.368 0.0000000000
97491  -22.672  56.418  -17.238 0.0000000000
97492  -23.519  56.593  -17.273 0.0000000000
97493  -24.305  56.849  -17.356 0.0000000000
97494  -24.904  57.213  -17.298 0.0000000000
97497  -33.837  56.535  -18.175 0.0000000000
97500  -21.206  56.646  -18.247 0.0000000000
97501  -21.985  56.313  -18.202 0.0000000000
97502  -22.782  56.229  -18.049 0.0000000000
97503  -23.844  56.472  -18.124 0.0000000000
97504  -24.708  56.903  -18.136 0.0000000000
97505  -25.149  57.203  -17.755 0.0000000000
97506  -33.834  56.526  -18.729 0.0000000000
97509  -21.581  56.812  -18.813 0.0000000000
97510  -22.285  56.689  -18.896 0.0000000000
97511  -23.208  56.680  -18.906 0.0000000000
97512  -24.142  56.800  -18.851 0.0000000000
97513  -24.645  56.936  -18.749 0.0000000000
97514  -33.719  56.306  -19.395 0.0000000000
97517  -33.238  57.037  -20.639 0.0000000000
97518  -33.467  56.406  -20.351 0.0000000000
97527  -33.202  56.934  -21.058 0.0000000000
97528  -33.323  56.273  -21.326 0.0000000000
97532  -33.157  56.957  -21.633 0.0000000000
97533  -33.271  56.564  -22.205 0.0000000000
97537  -33.487  56.613  -23.046 0.0000000000
97538  -33.914  56.620  -23.662 0.0000000000
97542  -34.449  56.567  -24.205 0.0000000000
97543  -35.128  56.539  -24.698 0.0000000000
97550  -35.834  56.523  -25.265 0.0000000000
97878  -19.968  58.289  -12.190 0.0000000000
97888  -19.900  58.146  -12.755 0.0000000000
97889  -20.321  57.627  -12.928 0.0000000000
97898  -19.752  57.971  -13.560 0.0000000000
97899  -20.147  57.541  -13.727 0.0000000000
97905  -19.172  58.331  -14.903 0.0000000000
97906  -19.548  57.805  -14.537 0.0000000000
97907  -20.105  57.416  -14.195 0.0000000000
97915  -19.244  58.241  -15.258 0.0000000000
97916  -19.474  57.898  -15.652 0.0000000000
97924  -35.285  57.818  -16.798 0.0000000000
97926  -19.789  57.761  -16.515 0.0000000000
97927  -20.153  57.300  -16.816 0.0000000000
97932  -26.680  58.008  -16.765 0.0000000000
97934  -34.611  57.363  -16.966 0.0000000000
97935  -35.422  57.650  -17.389 0.0000000000
97937  -19.979  57.855  -17.360 0.0000000000
97938  -20.362  57.247  -17.406 0.0000000000
97939  -25.505  57.435  -17.271 0.0000000000
97940  -26.213  57.716  -17.414 0.0000000000
97941  -27.010  58.144  -17.405 0.0000000000
97942  -27.492  58.457  -17.586 0.0000000000
97944  -34.488  57.032  -17.691 0.0000000000
97945  -35.316  57.570  -18.059 0.0000000000
97948  -20.142  57.797  -17.953 0.0000000000
97949  -20.554  57.374  -18.279 0.0000000000
97950  -24.893  57.087  -18.620 0.0000000000
97951  -25.449  57.350  -18.265 0.0000000000
97952  -26.387  57.925  -18.246 0.0000000000
97953  -27.156  58.439  -18.176 0.0000000000
97954  -27.649  58.555  -17.862 0.0000000000
97955  -34.334  57.348  -18.414 0.0000000000
97956  -34.973  57.785  -18.235 0.0000000000
97959  -20.996  57.317  -18.992 0.0000000000
97960  -21.664  57.418  -19.417 0.0000000000
97961  -22.600  57.270  -19.486 0.0000000000
97962  -23.557  57.257  -19.483 0.0000000000
97963  -24.676  57.311  -19.228 0.0000000000
97964  -25.670  57.945  -19.208 0.0000000000
97965  -26.565  58.372  -18.813 0.0000000000
97966  -26.999  58.605  -18.645 0.0000000000
97967  -33.282  57.707  -19.755 0.0000000000
97968  -33.564  57.257  -19.298 0.0000000000
97971  -22.105  57.876  -19.841 0.0000000000
97972  -22.876  57.919  -19.918 0.0000000000
97973  -23.856  57.932  -19.966 0.0000000000
97974  -24.862  58.065  -19.879 0.0000000000
97975  -25.390  58.224  -19.762 0.0000000000
97976  -33.242  57.374  -20.212 0.0000000000
97977  -33.459  56.826  -19.793 0.0000000000
97986  -33.160  57.417  -20.867 0.0000000000
97988  -33.136  57.518  -21.387 0.0000000000
97989  -33.119  57.510  -21.994 0.0000000000
97994  -33.395  57.473  -22.639 0.0000000000
97995  -33.826  57.510  -23.295 0.0000000000
97998  -34.374  57.487  -23.838 0.0000000000
97999  -34.958  57.487  -24.323 0.0000000000
98009  -35.693  57.558  -24.870 0.0000000000
98010  -36.562  57.487  -25.553 0.0000000000
98313  -19.903  58.635  -11.627 0.0000000000
98323  -19.632  58.758  -12.621 0.0000000000
98333  -18.987  59.153  -14.059 0.0000000000
98334  -19.365  58.712  -13.523 0.0000000000
98342  -19.110  58.733  -14.531 0.0000000000
98343  -19.414  58.267  -14.022 0.0000000000
98351  -19.148  58.773  -15.296 0.0000000000
98352  -19.331  58.693  -15.837 0.0000000000
98356  -27.554  59.006  -15.826 0.0000000000
98359  -35.172  58.400  -16.492 0.0000000000
98361  -19.592  58.640  -16.493 0.0000000000
98363  -27.263  58.433  -16.452 0.0000000000
98364  -27.986  58.913  -16.435 0.0000000000
98365  -28.522  59.113  -16.777 0.0000000000
98366  -35.842  58.358  -17.079 0.0000000000
98369  -19.823  58.598  -17.252 0.0000000000
98370  -27.596  58.460  -17.058 0.0000000000
98371  -28.018  58.679  -17.360 0.0000000000
98372  -28.675  59.068  -17.457 0.0000000000
98373  -35.775  58.268  -17.751 0.0000000000
98376  -19.947  58.529  -18.063 0.0000000000
98377  -20.210  58.109  -18.471 0.0000000000
98378  -27.265  58.669  -18.542 0.0000000000
98379  -27.872  58.720  -18.274 0.0000000000
98380  -28.804  59.054  -18.323 0.0000000000
98381  -34.523  58.191  -18.412 0.0000000000
98382  -35.287  58.233  -18.128 0.0000000000
98385  -20.117  58.665  -18.733 0.0000000000
98386  -20.513  58.234  -19.142 0.0000000000
98387  -21.007  57.899  -19.501 0.0000000000
98388  -25.638  58.330  -19.674 0.0000000000
98389  -26.103  58.534  -19.495 0.0000000000
98390  -27.065  58.786  -19.110 0.0000000000
98391  -28.102  59.074  -19.196 0.0000000000
98392  -28.970  59.123  -19.034 0.0000000000
98393  -33.362  57.980  -19.502 0.0000000000
98394  -33.767  58.077  -18.951 0.0000000000
98398  -20.814  58.403  -19.664 0.0000000000
98399  -21.325  58.307  -19.943 0.0000000000
98400  -22.139  58.495  -20.268 0.0000000000
98401  -23.071  58.642  -20.375 0.0000000000
98402  -24.139  58.733  -20.363 0.0000000000
98403  -25.328  58.744  -20.129 0.0000000000
98404  -26.312  59.137  -19.948 0.0000000000
98405  -27.270  59.276  -19.934 0.0000000000
98406  -28.070  59.302  -20.027 0.0000000000
98407  -33.138  58.164  -20.027 0.0000000000
98416  -33.078  58.183  -20.889 0.0000000000
98417  -33.275  58.699  -21.428 0.0000000000
98421  -33.136  58.075  -21.613 0.0000000000
98422  -33.460  58.455  -22.098 0.0000000000
98423  -33.991  58.824  -22.501 0.0000000000
98428  -33.797  58.168  -22.798 0.0000000000
98429  -34.546  58.592  -23.266 0.0000000000
98430  -35.169  59.163  -23.528 0.0000000000
98433  -34.836  58.048  -23.898 0.0000000000
98434  -35.409  58.592  -24.108 0.0000000000
98444  -36.259  58.491  -25.021 0.0000000000
98445  -37.199  58.267  -25.834 0.0000000000
98718  -19.571  59.672  -11.498 0.0000000000
98725  -18.920  60.175  -13.255 0.0000000000
98726  -19.342  59.673  -12.614 0.0000000000
98733  -18.950  59.690  -13.670 0.0000000000
98734  -19.316  59.194  -13.092 0.0000000000
98739  -18.913  59.654  -14.603 0.0000000000
98744  -34.037  59.258  -14.633 0.0000000000
98747  -19.091  59.557  -15.397 0.0000000000
98748  -19.252  59.253  -15.816 0.0000000000
98751  -28.116  59.637  -15.404 0.0000000000
98752  -28.888  59.862  -15.669 0.0000000000
98753  -34.381  59.305  -15.586 0.0000000000
98754  -34.894  58.962  -16.200 0.0000000000
98757  -19.297  59.800  -16.072 0.0000000000
98758  -19.470  59.478  -16.460 0.0000000000
98759  -28.593  59.379  -16.134 0.0000000000
98760  -29.241  59.651  -16.478 0.0000000000
98761  -29.812  60.062  -16.900 0.0000000000
98762  -34.905  59.666  -16.305 0.0000000000
98763  -35.559  59.326  -16.754 0.0000000000
98766  -19.678  59.434  -17.214 0.0000000000
98767  -29.397  59.500  -17.521 0.0000000000
98768  -30.043  60.082  -17.603 0.0000000000
98769  -35.802  59.100  -17.509 0.0000000000
98772  -19.751  59.269  -17.865 0.0000000000
98773  -29.515  59.487  -18.423 0.0000000000
98774  -30.208  60.032  -18.546 0.0000000000
98775  -34.751  58.866  -18.203 0.0000000000
98776  -35.461  58.986  -17.966 0.0000000000
98780  -19.798  59.380  -18.672 0.0000000000
98781  -20.154  59.025  -19.220 0.0000000000
98782  -28.697  59.187  -19.674 0.0000000000
98783  -29.556  59.383  -19.489 0.0000000000
98784  -30.396  60.040  -19.554 0.0000000000
98785  -33.306  58.640  -19.496 0.0000000000
98786  -33.800  59.099  -18.752 0.0000000000
98791  -19.865  59.623  -19.474 0.0000000000
98792  -20.470  59.166  -19.977 0.0000000000
98793  -21.330  59.089  -20.506 0.0000000000
98794  -22.206  59.277  -20.714 0.0000000000
98795  -23.233  59.601  -20.736 0.0000000000
98796  -24.440  59.654  -20.555 0.0000000000
98797  -25.525  59.792  -20.394 0.0000000000
98798  -26.551  59.884  -20.407 0.0000000000
98799  -27.557  59.791  -20.720 0.0000000000
98800  -28.746  59.338  -20.547 0.0000000000
98801  -29.911  59.523  -20.560 0.0000000000
98802  -30.658  60.248  -20.538 0.0000000000
98803  -33.097  59.052  -20.258 0.0000000000
98804  -33.333  59.735  -20.622 0.0000000000
98811  -20.700  59.674  -20.681 0.0000000000
98812  -21.311  59.839  -21.028 0.0000000000
98813  -22.187  60.115  -21.104 0.0000000000
98814  -22.882  60.444  -21.047 0.0000000000
98815  -27.607  60.112  -21.231 0.0000000000
98816  -28.174  59.840  -21.526 0.0000000000
98817  -29.267  59.575  -21.481 0.0000000000
98818  -30.171  59.978  -21.496 0.0000000000
98819  -33.173  59.102  -20.975 0.0000000000
98820  -33.699  59.728  -21.374 0.0000000000
98821  -34.293  60.503  -21.479 0.0000000000
98824  -28.277  60.068  -22.096 0.0000000000
98825  -28.794  59.906  -22.181 0.0000000000
98826  -29.599  59.993  -22.127 0.0000000000
98827  -33.855  59.183  -22.059 0.0000000000
98828  -34.509  59.774  -22.144 0.0000000000
98832  -35.087  59.740  -23.055 0.0000000000
98833  -35.506  59.682  -23.616 0.0000000000
98836  -35.815  59.538  -24.370 0.0000000000
98845  -36.351  59.191  -25.527 0.0000000000
98846  -37.042  58.725  -26.100 0.0000000000
98860  -36.106  59.453  -26.536 0.0000000000
98861  -36.855  58.930  -26.598 0.0000000000
98876  -35.858  59.604  -27.563 0.0000000000
98877  -36.638  59.129  -27.520 0.0000000000
98889  -35.937  59.848  -28.595 0.0000000000
99101  -19.423  60.616  -10.617 0.0000000000
99110  -19.397  60.518  -11.379 0.0000000000
99119  -18.822  60.686  -12.981 0.0000000000
99120  -19.258  60.539  -12.160 0.0000000000
99124  -32.946  61.001  -12.820 0.0000000000
99130  -18.612  60.665  -13.798 0.0000000000
99133  -32.890  60.757  -13.462 0.0000000000
99134  -33.578  59.933  -13.447 0.0000000000
99137  -18.743  60.517  -14.610 0.0000000000
99141  -27.945  60.794  -14.678 0.0000000000
99142  -28.627  61.151  -14.975 0.0000000000
99143  -33.020  60.759  -14.359 0.0000000000
99144  -33.547  59.921  -14.454 0.0000000000
99146  -18.997  60.399  -15.366 0.0000000000
99147  -28.632  60.395  -15.208 0.0000000000
99148  -29.302  60.812  -15.587 0.0000000000
99149  -30.006  61.270  -15.984 0.0000000000
99150  -33.266  60.756  -14.983 0.0000000000
99151  -33.741  60.267  -15.386 0.0000000000
99153  -19.216  60.361  -16.038 0.0000000000
99154  -19.399  60.315  -16.650 0.0000000000
99155  -29.773  60.492  -16.309 0.0000000000
99156  -30.347  60.905  -16.694 0.0000000000
99157  -34.391  60.433  -16.105 0.0000000000
99158  -34.912  60.442  -16.740 0.0000000000
99160  -19.521  60.130  -17.178 0.0000000000
99161  -30.780  60.836  -17.589 0.0000000000
99162  -31.257  61.288  -17.907 0.0000000000
99163  -34.682  60.326  -17.688 0.0000000000
99164  -35.016  60.071  -17.395 0.0000000000
99167  -19.252  60.754  -18.348 0.0000000000
99168  -19.452  60.308  -18.085 0.0000000000
99169  -30.855  60.679  -18.623 0.0000000000
99170  -31.401  61.430  -18.621 0.0000000000
99171  -34.521  59.963  -18.063 0.0000000000
99172  -35.299  59.444  -17.689 0.0000000000
99175  -19.204  60.779  -18.730 0.0000000000
99176  -19.471  60.209  -19.126 0.0000000000
99177  -31.039  60.783  -19.566 0.0000000000
99178  -31.534  61.651  -19.583 0.0000000000
99179  -33.303  59.458  -19.562 0.0000000000
99180  -33.566  60.480  -19.240 0.0000000000
99188  -19.192  60.832  -19.439 0.0000000000
99189  -19.658  60.412  -20.171 0.0000000000
99190  -20.248  59.920  -20.521 0.0000000000
99191  -23.691  60.457  -20.826 0.0000000000
99192  -24.688  60.743  -20.633 0.0000000000
99193  -25.833  60.703  -20.550 0.0000000000
99194  -26.860  60.711  -20.787 0.0000000000
99195  -27.392  60.332  -21.035 0.0000000000
99196  -31.245  61.054  -20.528 0.0000000000
99197  -31.670  61.956  -20.572 0.0000000000
99198  -33.223  59.954  -20.026 0.0000000000
99199  -33.713  60.871  -20.349 0.0000000000
99206  -19.705  60.924  -20.821 0.0000000000
99207  -20.316  60.489  -21.050 0.0000000000
99208  -21.309  60.737  -21.362 0.0000000000
99209  -22.211  60.989  -21.315 0.0000000000
99210  -23.067  61.142  -21.140 0.0000000000
99211  -23.813  61.215  -20.882 0.0000000000
99212  -27.051  61.150  -21.038 0.0000000000
99213  -27.487  60.692  -21.532 0.0000000000
99214  -27.985  60.216  -21.970 0.0000000000
99215  -30.860  60.680  -21.467 0.0000000000
99216  -31.352  61.496  -21.443 0.0000000000
99217  -34.185  61.341  -21.018 0.0000000000
99218  -34.587  61.350  -21.590 0.0000000000
99223  -27.622  61.063  -22.132 0.0000000000
99224  -28.213  60.590  -22.534 0.0000000000
99225  -29.278  60.355  -22.722 0.0000000000
99226  -30.261  60.722  -22.453 0.0000000000
99227  -31.013  61.212  -22.148 0.0000000000
99228  -35.256  60.954  -22.466 0.0000000000
99229  -35.818  61.333  -22.710 0.0000000000
99233  -28.418  60.998  -23.115 0.0000000000
99234  -28.922  60.857  -23.238 0.0000000000
99235  -29.716  60.904  -23.174 0.0000000000
99236  -35.481  60.254  -23.139 0.0000000000
99237  -35.771  60.707  -23.405 0.0000000000
99239  -34.391  61.061  -24.874 0.0000000000
99240  -35.212  60.715  -24.785 0.0000000000
99241  -35.705  60.368  -24.399 0.0000000000
99244  -32.861  61.314  -25.590 0.0000000000
99245  -33.643  61.032  -25.434 0.0000000000
99246  -34.746  60.555  -25.603 0.0000000000
99247  -35.630  60.038  -25.537 0.0000000000
99262  -32.583  61.418  -25.884 0.0000000000
99263  -33.251  61.220  -26.339 0.0000000000
99264  -34.336  60.654  -26.468 0.0000000000
99265  -35.314  60.105  -26.539 0.0000000000
99282  -33.428  61.411  -26.923 0.0000000000
99283  -34.169  61.094  -27.353 0.0000000000
99284  -35.144  60.323  -27.507 0.0000000000
99301  -34.484  61.204  -28.022 0.0000000000
99302  -35.403  60.792  -28.514 0.0000000000
99490  -19.422  61.537  -9.708 0.0000000000
99497  -19.340  61.474  -10.562 0.0000000000
99504  -18.859  62.110  -12.086 0.0000000000
99505  -19.187  61.507  -11.492 0.0000000000
99513  -18.768  61.581  -12.536 0.0000000000
99514  -19.209  61.041  -11.898 0.0000000000
99517  -31.822  62.410  -12.923 0.0000000000
99518  -32.855  61.715  -12.327 0.0000000000
99521  -18.506  61.593  -13.700 0.0000000000
99523  -31.806  62.336  -13.587 0.0000000000
99524  -32.298  61.563  -13.483 0.0000000000
99527  -18.657  61.491  -14.659 0.0000000000
99530  -28.063  61.958  -14.698 0.0000000000
99531  -28.967  62.021  -14.985 0.0000000000
99532  -31.954  62.408  -14.320 0.0000000000
99533  -32.430  61.830  -14.503 0.0000000000
99536  -18.954  61.290  -15.493 0.0000000000
99537  -29.831  62.114  -15.430 0.0000000000
99538  -30.636  62.225  -15.961 0.0000000000
99539  -31.248  62.772  -16.184 0.0000000000
99540  -32.925  61.680  -15.096 0.0000000000
99541  -33.374  61.332  -15.426 0.0000000000
99543  -19.146  61.014  -16.050 0.0000000000
99544  -19.286  61.021  -16.688 0.0000000000
99545  -31.059  61.773  -16.674 0.0000000000
99546  -31.556  62.533  -16.646 0.0000000000
99547  -33.788  61.493  -15.969 0.0000000000
99548  -34.303  61.592  -16.614 0.0000000000
99551  -19.214  61.289  -17.796 0.0000000000
99552  -19.297  60.969  -17.493 0.0000000000
99553  -31.301  61.689  -17.254 0.0000000000
99554  -31.696  62.213  -17.556 0.0000000000
99555  -34.383  60.927  -17.740 0.0000000000
99556  -34.400  61.581  -17.297 0.0000000000
99559  -19.147  61.138  -18.197 0.0000000000
99560  -19.286  60.818  -17.932 0.0000000000
99561  -31.911  62.365  -18.589 0.0000000000
99562  -33.943  61.553  -18.526 0.0000000000
99565  -18.895  61.404  -19.078 0.0000000000
99566  -32.136  62.556  -19.679 0.0000000000
99567  -33.883  62.215  -19.625 0.0000000000
99574  -19.013  61.419  -19.913 0.0000000000
99575  -19.357  61.457  -20.602 0.0000000000
99576  -25.251  61.592  -20.644 0.0000000000
99577  -26.126  61.481  -20.666 0.0000000000
99578  -26.704  61.523  -20.879 0.0000000000
99579  -32.310  62.733  -20.711 0.0000000000
99580  -34.169  62.603  -20.449 0.0000000000
99581  -19.803  61.475  -21.124 0.0000000000
99582  -20.547  61.524  -21.418 0.0000000000
99583  -21.447  61.725  -21.566 0.0000000000
99584  -22.410  61.889  -21.495 0.0000000000
99585  -23.365  61.927  -21.221 0.0000000000
99586  -24.292  61.810  -20.825 0.0000000000
99587  -27.030  61.597  -21.213 0.0000000000
99588  -27.327  61.589  -21.775 0.0000000000
99589  -31.815  62.314  -21.515 0.0000000000
99590  -34.348  62.839  -20.921 0.0000000000
99591  -34.761  62.583  -21.522 0.0000000000
99596  -27.665  61.517  -22.626 0.0000000000
99597  -28.138  61.116  -23.009 0.0000000000
99598  -30.931  61.499  -22.823 0.0000000000
99599  -31.423  62.007  -22.389 0.0000000000
99600  -35.576  62.106  -22.212 0.0000000000
99601  -36.279  61.759  -22.697 0.0000000000
99604  -27.709  61.990  -23.137 0.0000000000
99605  -28.393  61.551  -23.580 0.0000000000
99606  -29.532  61.372  -23.768 0.0000000000
99607  -30.502  61.508  -23.537 0.0000000000
99608  -31.480  62.199  -23.457 0.0000000000
99609  -31.980  62.525  -23.760 0.0000000000
99610  -34.617  62.285  -23.873 0.0000000000
99611  -35.740  62.073  -24.008 0.0000000000
99612  -36.323  61.636  -23.569 0.0000000000
99614  -28.656  61.971  -24.138 0.0000000000
99615  -29.219  61.854  -24.308 0.0000000000
99616  -30.328  61.952  -24.528 0.0000000000
99617  -31.285  62.108  -24.437 0.0000000000
99618  -32.249  62.212  -24.298 0.0000000000
99619  -33.564  61.854  -24.325 0.0000000000
99620  -34.888  61.462  -24.304 0.0000000000
99621  -35.686  61.211  -24.223 0.0000000000
99624  -30.617  62.186  -25.065 0.0000000000
99625  -31.218  62.087  -25.341 0.0000000000
99626  -32.156  61.707  -25.272 0.0000000000
99627  -32.826  61.495  -24.962 0.0000000000
99640  -31.418  62.145  -25.965 0.0000000000
99641  -32.220  61.816  -26.286 0.0000000000
99642  -33.033  61.548  -26.715 0.0000000000
99664  -32.396  62.119  -26.832 0.0000000000
99665  -33.222  61.805  -27.345 0.0000000000
99666  -34.065  61.422  -27.772 0.0000000000
99685  -33.654  62.188  -27.988 0.0000000000
99686  -34.503  61.755  -28.256 0.0000000000
99687  -36.071  61.702  -29.024 0.0000000000
99886  -19.753  62.458  -8.605 0.0000000000
99887  -20.289  62.367  -7.867 0.0000000000
99893  -19.436  62.488  -9.541 0.0000000000
99899  -19.014  63.129  -11.300 0.0000000000
99900  -19.238  62.550  -10.656 0.0000000000
99907  -18.931  62.666  -11.707 0.0000000000
99908  -19.205  62.046  -11.108 0.0000000000
99917  -18.632  62.705  -12.679 0.0000000000
99921  -31.864  62.967  -12.410 0.0000000000
99922  -32.746  62.363  -11.816 0.0000000000
99925  -18.573  62.612  -13.631 0.0000000000
99928  -31.442  63.115  -13.629 0.0000000000
99930  -18.732  62.518  -14.644 0.0000000000
99933  -28.413  63.061  -14.499 0.0000000000
99934  -29.403  63.254  -14.931 0.0000000000
99935  -31.255  64.097  -15.274 0.0000000000
99936  -31.515  63.440  -14.804 0.0000000000
99937  -32.016  62.862  -15.035 0.0000000000
99940  -18.978  62.335  -15.609 0.0000000000
99941  -30.307  63.349  -15.432 0.0000000000
99942  -31.094  63.541  -15.589 0.0000000000
99943  -31.782  63.370  -15.856 0.0000000000
99944  -32.435  62.796  -15.570 0.0000000000
99945  -33.201  62.407  -15.756 0.0000000000
99948  -19.277  61.946  -16.644 0.0000000000
99949  -19.328  61.431  -17.206 0.0000000000
99950  -32.101  63.050  -16.531 0.0000000000
99951  -32.821  63.737  -16.366 0.0000000000
99952  -33.787  62.951  -16.552 0.0000000000
99953  -34.332  62.741  -17.093 0.0000000000
99956  -19.182  61.714  -17.669 0.0000000000
99957  -19.286  61.390  -17.468 0.0000000000
99958  -32.398  63.119  -17.515 0.0000000000
99959  -32.717  64.272  -17.660 0.0000000000
99960  -34.236  62.191  -17.994 0.0000000000
99961  -34.652  63.361  -17.809 0.0000000000
99964  -18.774  62.129  -18.556 0.0000000000
99965  -32.608  63.342  -18.693 0.0000000000
99966  -33.189  64.533  -18.949 0.0000000000
99967  -34.358  63.355  -18.883 0.0000000000
99968  -35.006  64.400  -18.546 0.0000000000
99972  -18.651  62.259  -19.506 0.0000000000
99973  -32.852  63.583  -19.970 0.0000000000
99974  -33.440  64.414  -19.953 0.0000000000
99975  -34.366  63.907  -20.111 0.0000000000
99984  -25.697  62.146  -20.674 0.0000000000
99985  -26.346  62.113  -20.810 0.0000000000
99986  -26.748  61.975  -20.997 0.0000000000
99987  -32.752  63.423  -20.897 0.0000000000
99988  -33.198  63.995  -20.660 0.0000000000
99989  -33.502  63.618  -20.332 0.0000000000
99994  -23.807  62.732  -21.152 0.0000000000
99995  -24.889  62.635  -20.752 0.0000000000
99996  -25.862  62.833  -20.735 0.0000000000
99997  -26.759  62.548  -21.379 0.0000000000
99998  -27.296  62.070  -22.023 0.0000000000
99999  -32.420  63.013  -21.572 0.0000000000
100000  -32.940  63.786  -21.443 0.0000000000
100001  -33.359  64.476  -20.644 0.0000000000
100002  -35.315  63.422  -21.332 0.0000000000
100003  -36.184  63.737  -21.519 0.0000000000
100008  -26.840  63.133  -21.936 0.0000000000
100009  -27.243  62.550  -22.529 0.0000000000
100010  -31.978  62.695  -22.357 0.0000000000
100011  -32.570  63.420  -22.398 0.0000000000
100012  -33.081  64.262  -22.123 0.0000000000
100013  -36.066  62.525  -22.158 0.0000000000
100014  -36.834  62.994  -22.386 0.0000000000
100015  -37.739  63.696  -22.635 0.0000000000
100016  -37.992  63.966  -22.705 0.0000000000
100019  -27.714  62.483  -23.714 0.0000000000
100020  -28.346  62.094  -24.024 0.0000000000
100021  -31.705  62.487  -22.893 0.0000000000
100022  -32.226  62.769  -23.264 0.0000000000
100023  -33.586  63.260  -23.320 0.0000000000
100024  -35.319  63.078  -23.637 0.0000000000
100025  -36.592  62.925  -23.425 0.0000000000
100026  -37.578  63.382  -23.062 0.0000000000
100027  -37.984  63.764  -22.928 0.0000000000
100029  -27.805  63.149  -24.557 0.0000000000
100030  -28.627  62.418  -24.629 0.0000000000
100031  -29.761  62.297  -24.880 0.0000000000
100032  -30.326  62.230  -24.974 0.0000000000
100033  -32.251  62.545  -23.809 0.0000000000
100034  -32.723  62.528  -23.808 0.0000000000
100037  -27.868  63.565  -24.980 0.0000000000
100038  -28.426  63.326  -25.391 0.0000000000
100039  -29.430  62.797  -25.445 0.0000000000
100040  -30.506  62.485  -25.459 0.0000000000
100041  -31.104  62.319  -25.778 0.0000000000
100044  -28.724  63.707  -25.854 0.0000000000
100045  -29.211  63.437  -25.957 0.0000000000
100046  -30.155  63.158  -26.027 0.0000000000
100047  -31.284  62.645  -26.347 0.0000000000
100048  -32.022  62.300  -26.619 0.0000000000
100069  -31.503  63.018  -26.813 0.0000000000
100070  -32.154  62.688  -27.074 0.0000000000
100071  -33.159  62.734  -27.713 0.0000000000
100091  -34.077  62.723  -28.225 0.0000000000
100092  -35.325  62.686  -28.715 0.0000000000
100093  -36.483  62.666  -29.399 0.0000000000
100259  -20.360  63.969  -8.002 0.0000000000
100260  -20.672  63.447  -7.412 0.0000000000
100265  -20.046  63.449  -8.297 0.0000000000
100266  -20.447  62.912  -7.707 0.0000000000
100272  -19.536  63.445  -9.307 0.0000000000
100278  -19.036  63.630  -11.055 0.0000000000
100279  -19.287  63.473  -10.231 0.0000000000
100286  -18.765  63.697  -11.785 0.0000000000
100293  -18.623  63.647  -12.641 0.0000000000
100301  -18.671  63.622  -13.620 0.0000000000
100304  -30.574  65.018  -13.781 0.0000000000
100305  -31.026  63.939  -13.606 0.0000000000
100308  -18.814  63.554  -14.606 0.0000000000
100310  -28.751  64.471  -14.422 0.0000000000
100311  -30.008  64.476  -14.876 0.0000000000
100312  -31.012  64.665  -14.812 0.0000000000
100313  -31.211  63.809  -14.316 0.0000000000
100315  -18.975  63.439  -15.584 0.0000000000
100316  -30.730  64.116  -15.282 0.0000000000
100317  -31.030  64.217  -15.346 0.0000000000
100319  -19.010  63.238  -16.581 0.0000000000
100320  -33.032  65.014  -16.863 0.0000000000
100321  -33.794  64.552  -16.478 0.0000000000
100322  -34.666  64.188  -17.004 0.0000000000
100326  -18.607  63.177  -17.806 0.0000000000
100327  -33.061  65.321  -17.871 0.0000000000
100328  -35.233  64.726  -17.843 0.0000000000
100333  -33.660  65.418  -18.766 0.0000000000
100334  -34.635  65.173  -19.401 0.0000000000
100335  -35.132  65.235  -18.493 0.0000000000
100340  -33.781  65.044  -19.585 0.0000000000
100341  -33.864  64.955  -20.002 0.0000000000
100350  -33.944  65.251  -20.410 0.0000000000
100351  -35.142  64.967  -20.558 0.0000000000
100359  -26.078  63.714  -20.928 0.0000000000
100360  -26.540  63.749  -21.535 0.0000000000
100361  -33.931  65.018  -20.973 0.0000000000
100362  -35.509  64.395  -20.987 0.0000000000
100363  -36.794  64.329  -21.577 0.0000000000
100364  -37.297  64.934  -21.638 0.0000000000
100369  -26.913  63.708  -22.453 0.0000000000
100370  -27.209  63.066  -23.092 0.0000000000
100371  -33.390  64.879  -21.879 0.0000000000
100372  -37.448  63.783  -22.180 0.0000000000
100373  -37.719  64.422  -22.229 0.0000000000
100374  -37.923  64.210  -22.861 0.0000000000
100376  -26.969  64.188  -22.962 0.0000000000
100377  -27.242  63.665  -23.624 0.0000000000
100378  -33.822  64.626  -22.698 0.0000000000
100379  -34.928  64.164  -23.291 0.0000000000
100380  -36.255  63.838  -23.487 0.0000000000
100381  -37.255  63.697  -23.344 0.0000000000
100382  -37.793  63.848  -23.167 0.0000000000
100384  -27.567  63.906  -24.567 0.0000000000
100387  -27.871  64.050  -25.235 0.0000000000
100388  -28.396  64.125  -25.739 0.0000000000
100391  -28.958  64.095  -26.164 0.0000000000
100392  -29.762  63.927  -26.385 0.0000000000
100393  -30.717  63.662  -26.636 0.0000000000
100394  -31.227  63.224  -26.708 0.0000000000
100413  -30.939  64.024  -26.917 0.0000000000
100414  -31.476  63.669  -27.043 0.0000000000
100415  -32.562  63.654  -27.520 0.0000000000
100416  -33.523  63.576  -28.035 0.0000000000
100439  -34.503  63.619  -28.518 0.0000000000
100440  -35.810  63.780  -29.214 0.0000000000
100441  -36.667  63.218  -29.588 0.0000000000
100452  -36.155  64.394  -29.534 0.0000000000
100603  -20.529  64.459  -7.739 0.0000000000
100604  -20.933  64.385  -7.053 0.0000000000
100607  -20.050  64.527  -8.366 0.0000000000
100614  -19.626  64.466  -9.164 0.0000000000
100620  -19.114  64.407  -10.774 0.0000000000
100621  -19.358  64.368  -10.026 0.0000000000
100629  -18.802  64.574  -11.598 0.0000000000
100637  -18.624  64.624  -12.556 0.0000000000
100645  -18.658  64.609  -13.562 0.0000000000
100652  -18.813  64.560  -14.558 0.0000000000
100653  -29.412  65.465  -14.417 0.0000000000
100654  -30.161  65.524  -14.443 0.0000000000
100655  -30.441  65.373  -14.284 0.0000000000
100663  -32.832  65.877  -16.973 0.0000000000
100664  -33.647  65.664  -16.378 0.0000000000
100665  -34.510  65.455  -16.585 0.0000000000
100670  -33.540  66.100  -17.912 0.0000000000
100671  -34.041  66.325  -18.125 0.0000000000
100672  -35.151  65.434  -17.251 0.0000000000
100675  -34.077  65.895  -18.608 0.0000000000
100676  -34.658  65.932  -18.371 0.0000000000
100677  -35.207  65.643  -17.912 0.0000000000
100690  -33.911  65.840  -20.664 0.0000000000
100691  -34.849  65.698  -20.236 0.0000000000
100692  -35.779  65.891  -20.710 0.0000000000
100701  -26.662  64.708  -21.706 0.0000000000
100702  -33.726  65.595  -21.073 0.0000000000
100703  -35.813  65.124  -20.811 0.0000000000
100704  -36.675  65.527  -21.263 0.0000000000
100705  -37.448  65.449  -21.836 0.0000000000
100712  -26.882  64.741  -22.467 0.0000000000
100713  -33.923  65.529  -21.666 0.0000000000
100714  -34.664  65.605  -22.205 0.0000000000
100715  -35.790  65.569  -22.549 0.0000000000
100716  -37.260  65.163  -22.708 0.0000000000
100717  -37.654  64.296  -23.142 0.0000000000
100719  -27.035  64.736  -23.360 0.0000000000
100720  -27.255  64.395  -24.108 0.0000000000
100721  -33.970  65.283  -22.304 0.0000000000
100722  -34.799  65.067  -22.780 0.0000000000
100723  -36.049  64.781  -23.204 0.0000000000
100724  -37.099  64.306  -23.302 0.0000000000
100725  -37.551  64.005  -23.305 0.0000000000
100727  -27.149  65.058  -24.083 0.0000000000
100728  -27.463  64.798  -24.786 0.0000000000
100734  -27.973  64.874  -25.528 0.0000000000
100735  -28.586  64.883  -26.066 0.0000000000
100746  -29.330  64.797  -26.487 0.0000000000
100747  -30.283  64.652  -26.777 0.0000000000
100748  -30.718  64.228  -26.836 0.0000000000
100767  -30.591  64.936  -26.939 0.0000000000
100768  -30.977  64.663  -27.050 0.0000000000
100769  -31.989  64.688  -27.470 0.0000000000
100770  -33.172  64.699  -28.051 0.0000000000
100771  -33.874  64.173  -28.311 0.0000000000
100791  -33.663  65.341  -28.372 0.0000000000
100792  -34.470  64.885  -28.654 0.0000000000
100793  -35.672  65.086  -29.270 0.0000000000
100942  -20.812  65.103  -7.488 0.0000000000
100943  -21.220  65.442  -6.849 0.0000000000
100946  -20.365  65.327  -8.123 0.0000000000
100947  -20.847  65.949  -7.675 0.0000000000
100954  -19.817  65.490  -8.949 0.0000000000
100960  -19.227  64.945  -10.532 0.0000000000
100961  -19.445  65.536  -10.106 0.0000000000
100968  -19.117  65.515  -11.237 0.0000000000
100969  -19.394  66.233  -10.915 0.0000000000
100978  -18.866  65.585  -12.377 0.0000000000
100986  -18.858  65.605  -13.443 0.0000000000
100993  -18.871  65.554  -14.441 0.0000000000
101001  -33.523  66.532  -17.225 0.0000000000
101002  -33.692  66.333  -16.675 0.0000000000
101003  -34.151  66.173  -16.647 0.0000000000
101007  -33.840  66.513  -17.564 0.0000000000
101008  -34.279  66.433  -17.681 0.0000000000
101009  -34.702  66.277  -17.100 0.0000000000
101014  -34.878  66.128  -17.752 0.0000000000
101015  -35.109  65.944  -17.512 0.0000000000
101025  -34.038  66.033  -21.041 0.0000000000
101026  -34.359  66.100  -20.995 0.0000000000
101027  -35.125  66.353  -20.741 0.0000000000
101037  -34.152  65.870  -21.418 0.0000000000
101038  -34.869  66.207  -21.397 0.0000000000
101039  -36.021  66.481  -21.229 0.0000000000
101040  -37.005  66.156  -21.584 0.0000000000
101047  -26.843  65.637  -21.882 0.0000000000
101048  -34.591  65.859  -21.823 0.0000000000
101049  -35.398  66.059  -21.914 0.0000000000
101050  -36.574  66.210  -22.103 0.0000000000
101051  -37.315  65.972  -22.088 0.0000000000
101053  -26.951  65.602  -22.707 0.0000000000
101058  -27.083  65.734  -23.562 0.0000000000
101059  -27.327  65.815  -24.392 0.0000000000
101066  -27.697  65.782  -25.164 0.0000000000
101067  -28.315  65.822  -25.721 0.0000000000
101080  -28.940  65.796  -26.304 0.0000000000
101081  -29.711  65.672  -26.718 0.0000000000
101096  -30.508  65.568  -27.093 0.0000000000
101097  -31.397  65.747  -27.536 0.0000000000
101098  -32.462  65.838  -27.953 0.0000000000
101099  -33.234  65.663  -28.223 0.0000000000
101117  -33.198  66.386  -28.197 0.0000000000
101118  -34.009  66.206  -28.539 0.0000000000
101119  -35.051  66.167  -29.116 0.0000000000
101120  -35.648  66.046  -29.665 0.0000000000
101245  -21.067  66.532  -6.319 0.0000000000
101251  -21.238  66.651  -7.217 0.0000000000
101257  -20.247  66.487  -8.504 0.0000000000
101258  -20.744  66.838  -7.844 0.0000000000
101264  -19.752  66.620  -9.544 0.0000000000
101271  -19.568  66.772  -10.469 0.0000000000
101279  -19.330  66.459  -11.510 0.0000000000
101280  -19.519  67.017  -11.233 0.0000000000
101287  -19.194  66.446  -12.188 0.0000000000
101288  -19.450  67.205  -11.980 0.0000000000
101293  -19.218  66.689  -13.301 0.0000000000
101294  -19.422  67.290  -12.749 0.0000000000
101299  -19.160  66.537  -14.291 0.0000000000
101310  -33.784  66.643  -17.221 0.0000000000
101311  -33.818  66.656  -16.943 0.0000000000
101312  -33.961  66.417  -16.715 0.0000000000
101317  -34.121  66.741  -17.506 0.0000000000
101318  -34.061  66.622  -17.207 0.0000000000
101319  -34.123  66.505  -16.885 0.0000000000
101357  -27.156  66.502  -22.141 0.0000000000
101358  -27.590  67.325  -22.565 0.0000000000
101365  -27.169  66.405  -22.941 0.0000000000
101366  -27.541  66.892  -23.676 0.0000000000
101373  -27.771  66.751  -24.651 0.0000000000
101374  -28.154  66.780  -25.256 0.0000000000
101387  -28.734  67.064  -25.896 0.0000000000
101388  -29.386  66.736  -26.492 0.0000000000
101400  -30.036  66.690  -26.913 0.0000000000
101401  -30.898  66.892  -27.328 0.0000000000
101402  -32.077  67.098  -27.629 0.0000000000
101403  -32.909  67.743  -28.013 0.0000000000
101416  -30.311  66.904  -29.347 0.0000000000
101417  -32.841  66.879  -27.984 0.0000000000
101418  -33.648  67.456  -28.427 0.0000000000
101419  -34.759  67.421  -29.051 0.0000000000
101420  -35.297  66.932  -29.516 0.0000000000
101429  -31.133  66.959  -29.601 0.0000000000
101430  -31.925  67.107  -30.085 0.0000000000
101431  -32.804  67.294  -30.606 0.0000000000
101432  -35.187  67.527  -29.691 0.0000000000
101440  -33.518  67.352  -30.758 0.0000000000
101539  -20.270  68.273  -5.053 0.0000000000
101544  -20.479  68.465  -5.396 0.0000000000
101545  -20.784  67.784  -5.756 0.0000000000
101549  -21.301  67.710  -6.769 0.0000000000
101551  -20.933  67.719  -7.646 0.0000000000
101556  -20.139  67.768  -9.170 0.0000000000
101557  -20.500  67.500  -8.356 0.0000000000
101560  -19.806  67.739  -10.130 0.0000000000
101563  -19.736  67.625  -10.891 0.0000000000
101566  -19.768  67.957  -11.639 0.0000000000
101569  -19.799  68.111  -12.592 0.0000000000
101572  -19.458  67.390  -14.191 0.0000000000
101573  -19.820  67.959  -13.627 0.0000000000
101580  -19.791  68.167  -14.492 0.0000000000
101646  -28.172  68.063  -24.270 0.0000000000
101647  -28.515  68.680  -24.539 0.0000000000
101653  -28.123  67.393  -24.849 0.0000000000
101654  -28.463  68.171  -25.114 0.0000000000
101666  -28.895  68.322  -25.776 0.0000000000
101667  -29.397  68.069  -26.291 0.0000000000
101668  -29.860  68.794  -26.368 0.0000000000
101679  -29.754  67.358  -26.633 0.0000000000
101680  -30.374  68.095  -26.696 0.0000000000
101681  -31.551  68.270  -27.244 0.0000000000
101682  -32.562  68.546  -27.758 0.0000000000
101695  -30.186  68.036  -29.264 0.0000000000
101696  -31.065  67.927  -29.504 0.0000000000
101697  -33.393  68.677  -28.357 0.0000000000
101698  -34.195  68.506  -28.935 0.0000000000
101709  -31.760  67.956  -29.880 0.0000000000
101710  -32.615  68.195  -30.273 0.0000000000
101711  -33.713  68.197  -30.400 0.0000000000
101712  -34.675  68.175  -29.718 0.0000000000
101713  -35.216  67.693  -29.854 0.0000000000
101716  -33.906  67.615  -30.635 0.0000000000
101717  -34.404  67.647  -30.421 0.0000000000
101718  -35.080  67.575  -30.057 0.0000000000
101834  -19.610  68.953  -4.628 0.0000000000
101843  -18.760  69.171  -5.315 0.0000000000
101844  -20.041  69.060  -5.173 0.0000000000
101845  -20.801  68.945  -5.687 0.0000000000
101852  -17.977  69.264  -5.841 0.0000000000
101853  -18.483  69.423  -5.736 0.0000000000
101854  -21.454  68.982  -6.385 0.0000000000
101855  -21.968  69.484  -6.870 0.0000000000
101857  -21.489  68.952  -7.351 0.0000000000
101858  -21.918  69.525  -7.155 0.0000000000
101863  -20.347  68.442  -9.245 0.0000000000
101864  -20.714  68.749  -8.718 0.0000000000
101867  -20.260  68.885  -9.810 0.0000000000
101868  -20.599  69.437  -9.482 0.0000000000
101871  -20.003  68.787  -10.993 0.0000000000
101874  -20.250  69.076  -12.182 0.0000000000
101878  -20.517  69.089  -13.318 0.0000000000
101881  -20.427  69.056  -14.340 0.0000000000
101975  -29.046  69.454  -25.386 0.0000000000
101976  -29.196  70.057  -25.714 0.0000000000
101988  -29.211  68.846  -25.881 0.0000000000
101989  -29.468  69.529  -26.090 0.0000000000
101990  -30.206  69.574  -26.554 0.0000000000
102001  -31.089  69.501  -27.030 0.0000000000
102002  -32.121  69.598  -27.500 0.0000000000
102003  -33.022  69.697  -28.063 0.0000000000
102014  -29.859  69.259  -29.030 0.0000000000
102015  -31.412  69.183  -29.279 0.0000000000
102016  -32.635  69.739  -29.538 0.0000000000
102017  -33.453  69.479  -29.071 0.0000000000
102018  -34.111  68.790  -29.372 0.0000000000
102029  -31.660  68.498  -29.607 0.0000000000
102030  -32.292  68.831  -29.748 0.0000000000
102031  -33.201  69.026  -29.857 0.0000000000
102032  -33.923  68.838  -29.692 0.0000000000
102153  -18.782  69.516  -5.685 0.0000000000
102154  -19.476  69.699  -5.612 0.0000000000
102155  -20.548  69.672  -5.513 0.0000000000
102164  -18.559  69.956  -6.090 0.0000000000
102165  -19.486  70.397  -6.045 0.0000000000
102166  -21.504  69.981  -5.789 0.0000000000
102167  -22.212  70.069  -6.481 0.0000000000
102171  -21.819  69.645  -7.418 0.0000000000
102172  -22.261  70.109  -7.284 0.0000000000
102178  -21.623  70.023  -8.171 0.0000000000
102179  -22.204  70.521  -7.911 0.0000000000
102182  -20.474  70.075  -9.940 0.0000000000
102183  -20.986  70.091  -9.288 0.0000000000
102188  -19.044  70.595  -10.871 0.0000000000
102189  -20.124  70.150  -10.712 0.0000000000
102194  -19.697  70.715  -11.380 0.0000000000
102195  -20.272  70.050  -11.681 0.0000000000
102200  -19.250  71.268  -12.010 0.0000000000
102201  -20.282  71.119  -12.129 0.0000000000
102202  -20.967  70.464  -12.930 0.0000000000
102203  -21.746  70.940  -13.839 0.0000000000
102207  -21.096  70.149  -14.021 0.0000000000
102312  -29.234  70.385  -26.054 0.0000000000
102324  -29.763  70.676  -26.485 0.0000000000
102325  -30.616  70.653  -26.947 0.0000000000
102336  -31.544  70.622  -27.431 0.0000000000
102337  -32.402  70.550  -27.946 0.0000000000
102338  -32.748  70.335  -28.593 0.0000000000
102347  -29.903  70.542  -28.649 0.0000000000
102348  -31.022  70.401  -28.966 0.0000000000
102349  -32.067  70.420  -29.277 0.0000000000
102350  -32.724  70.264  -29.102 0.0000000000
102466  -20.312  70.332  -5.690 0.0000000000
102467  -20.961  70.233  -5.555 0.0000000000
102476  -17.972  70.774  -6.732 0.0000000000
102477  -19.031  71.167  -6.576 0.0000000000
102478  -20.071  71.072  -6.197 0.0000000000
102479  -21.168  71.026  -5.771 0.0000000000
102480  -22.484  71.213  -6.154 0.0000000000
102481  -22.869  71.774  -6.560 0.0000000000
102491  -18.333  71.811  -6.933 0.0000000000
102492  -22.922  70.847  -6.815 0.0000000000
102493  -23.015  71.593  -6.683 0.0000000000
102497  -22.150  70.834  -8.408 0.0000000000
102498  -22.682  71.113  -7.819 0.0000000000
102499  -23.096  71.491  -7.157 0.0000000000
102505  -19.864  71.336  -9.819 0.0000000000
102506  -20.870  71.121  -9.880 0.0000000000
102507  -21.712  71.082  -9.139 0.0000000000
102508  -22.278  71.424  -8.682 0.0000000000
102515  -19.394  70.788  -10.349 0.0000000000
102516  -20.168  70.695  -10.218 0.0000000000
102531  -19.838  72.039  -12.630 0.0000000000
102532  -20.860  71.761  -12.957 0.0000000000
102533  -21.628  71.593  -13.517 0.0000000000
102656  -29.547  71.268  -26.969 0.0000000000
102657  -30.133  71.362  -26.982 0.0000000000
102667  -29.834  71.538  -27.502 0.0000000000
102668  -30.698  71.322  -27.646 0.0000000000
102669  -31.691  71.125  -28.131 0.0000000000
102670  -32.248  70.810  -28.488 0.0000000000
102678  -29.932  71.385  -28.155 0.0000000000
102679  -30.874  71.220  -28.494 0.0000000000
102680  -31.796  71.002  -28.805 0.0000000000
102681  -32.364  70.658  -28.873 0.0000000000
102761  -19.777  71.844  -6.677 0.0000000000
102762  -20.606  71.841  -6.520 0.0000000000
102763  -21.567  72.156  -6.599 0.0000000000
102764  -22.589  72.182  -6.761 0.0000000000
102765  -23.013  71.937  -6.694 0.0000000000
102778  -19.093  72.562  -6.927 0.0000000000
102779  -20.170  72.560  -6.944 0.0000000000
102780  -20.853  72.434  -6.825 0.0000000000
102781  -22.627  72.370  -7.215 0.0000000000
102782  -23.010  72.083  -7.130 0.0000000000
102788  -19.764  72.849  -8.577 0.0000000000
102789  -20.410  72.842  -8.667 0.0000000000
102790  -22.550  71.988  -8.486 0.0000000000
102791  -22.863  71.807  -7.660 0.0000000000
102799  -19.300  72.076  -9.148 0.0000000000
102800  -20.572  72.291  -9.285 0.0000000000
102801  -21.613  71.978  -9.483 0.0000000000
102802  -22.151  71.831  -9.140 0.0000000000
103006  -21.512  72.636  -6.948 0.0000000000
103007  -21.824  72.631  -6.966 0.0000000000
103019  -18.686  73.496  -7.372 0.0000000000
103020  -19.743  73.175  -7.472 0.0000000000
103021  -21.077  72.882  -7.283 0.0000000000
103022  -22.132  72.743  -7.478 0.0000000000
103023  -22.556  72.435  -7.596 0.0000000000
103029  -19.285  73.643  -8.011 0.0000000000
103030  -20.371  73.238  -8.132 0.0000000000
103031  -21.435  73.058  -8.217 0.0000000000
103032  -22.267  72.667  -8.351 0.0000000000
103033  -22.680  72.238  -7.857 0.0000000000
103039  -20.898  72.890  -8.688 0.0000000000
103040  -21.565  72.646  -8.968 0.0000000000
103041  -22.140  72.333  -9.067 0.0000000000
