#!ascii label  , from subject FREESURFER vox2ras=TkReg 
1068
84725  -29.437  32.568  4.515 0.0000000000
84727  -29.469  32.563  3.507 0.0000000000
84730  -29.512  32.629  2.510 0.0000000000
84739  -29.637  32.758  1.616 0.0000000000
84747  -29.939  32.824  0.752 0.0000000000
84754  -29.962  33.283  0.208 0.0000000000
85184  -29.842  33.442  5.096 0.0000000000
85185  -30.099  33.601  5.743 0.0000000000
85188  -29.642  33.360  4.004 0.0000000000
85190  -29.445  33.445  2.984 0.0000000000
85193  -29.419  33.474  2.047 0.0000000000
85196  -29.200  34.194  1.014 0.0000000000
85197  -29.459  33.509  1.231 0.0000000000
85206  -29.280  34.370  0.629 0.0000000000
85207  -29.567  33.859  0.442 0.0000000000
85219  -30.038  33.703  -0.204 0.0000000000
85691  -31.731  34.592  6.264 0.0000000000
85692  -32.636  34.959  6.117 0.0000000000
85697  -30.243  33.861  4.992 0.0000000000
85698  -30.663  34.195  5.454 0.0000000000
85699  -31.646  34.804  5.356 0.0000000000
85703  -30.174  34.074  4.463 0.0000000000
85704  -30.689  34.692  4.568 0.0000000000
85707  -29.635  34.254  3.481 0.0000000000
85710  -29.131  34.891  1.953 0.0000000000
85711  -29.293  34.498  2.356 0.0000000000
85713  -29.085  34.754  1.532 0.0000000000
85714  -29.283  34.077  1.622 0.0000000000
85718  -29.066  34.798  0.785 0.0000000000
85719  -29.334  34.656  0.302 0.0000000000
85733  -29.679  34.498  -0.209 0.0000000000
85734  -30.174  34.243  -0.604 0.0000000000
85745  -29.999  34.806  -0.695 0.0000000000
86168  -39.052  36.353  12.058 0.0000000000
86186  -40.266  35.687  9.413 0.0000000000
86187  -40.620  36.032  9.083 0.0000000000
86194  -38.983  35.457  8.357 0.0000000000
86195  -39.972  35.476  8.481 0.0000000000
86196  -40.634  35.810  8.572 0.0000000000
86199  -33.287  35.150  6.346 0.0000000000
86200  -33.948  35.390  6.605 0.0000000000
86201  -34.661  35.633  6.772 0.0000000000
86202  -35.471  35.752  7.098 0.0000000000
86203  -36.385  35.827  7.326 0.0000000000
86204  -37.427  35.912  7.488 0.0000000000
86205  -38.620  35.930  7.589 0.0000000000
86206  -39.819  35.726  7.618 0.0000000000
86207  -40.609  35.649  7.841 0.0000000000
86217  -32.361  35.039  5.414 0.0000000000
86218  -33.128  35.288  5.448 0.0000000000
86219  -33.900  35.633  5.612 0.0000000000
86220  -34.376  35.791  6.104 0.0000000000
86230  -31.329  34.919  4.828 0.0000000000
86231  -32.031  35.222  4.886 0.0000000000
86232  -32.695  35.565  4.664 0.0000000000
86233  -33.524  35.701  4.850 0.0000000000
86242  -30.060  35.218  3.932 0.0000000000
86243  -30.936  35.408  4.520 0.0000000000
86244  -31.708  35.490  4.629 0.0000000000
86245  -32.184  35.524  4.645 0.0000000000
86251  -28.949  35.694  2.827 0.0000000000
86252  -29.378  35.086  3.112 0.0000000000
86254  -28.901  35.384  2.027 0.0000000000
86255  -29.169  35.175  2.561 0.0000000000
86257  -28.757  35.476  1.107 0.0000000000
86259  -29.125  35.481  0.253 0.0000000000
86260  -29.396  34.991  -0.041 0.0000000000
86269  -29.323  35.876  -0.199 0.0000000000
86270  -29.598  35.393  -0.433 0.0000000000
86282  -30.151  35.384  -1.016 0.0000000000
86688  -38.104  37.282  12.950 0.0000000000
86689  -38.484  36.822  12.493 0.0000000000
86695  -39.060  36.714  11.648 0.0000000000
86696  -39.637  36.579  10.921 0.0000000000
86698  -40.097  36.561  10.136 0.0000000000
86700  -40.518  36.533  9.446 0.0000000000
86701  -40.949  36.359  8.778 0.0000000000
86703  -41.369  36.085  7.829 0.0000000000
86704  -42.095  36.152  6.904 0.0000000000
86707  -34.757  35.947  6.060 0.0000000000
86708  -35.294  36.240  6.025 0.0000000000
86709  -36.078  36.259  6.416 0.0000000000
86710  -36.915  36.540  6.772 0.0000000000
86711  -38.061  36.720  7.042 0.0000000000
86712  -39.560  36.631  6.907 0.0000000000
86713  -41.017  35.987  6.782 0.0000000000
86714  -42.178  36.359  6.025 0.0000000000
86717  -33.844  36.320  4.986 0.0000000000
86718  -34.623  36.294  5.358 0.0000000000
86719  -35.098  36.788  5.520 0.0000000000
86720  -40.614  36.750  6.171 0.0000000000
86721  -41.502  36.600  5.745 0.0000000000
86722  -42.155  36.611  5.428 0.0000000000
86727  -28.490  37.561  4.725 0.0000000000
86728  -28.924  37.193  4.838 0.0000000000
86729  -29.870  36.875  4.947 0.0000000000
86730  -31.022  36.745  4.907 0.0000000000
86731  -32.175  36.428  4.779 0.0000000000
86732  -33.153  36.297  4.757 0.0000000000
86738  -27.825  37.532  4.006 0.0000000000
86739  -28.290  37.238  4.270 0.0000000000
86740  -29.326  36.419  4.186 0.0000000000
86741  -30.445  36.094  4.470 0.0000000000
86742  -31.443  36.003  4.493 0.0000000000
86743  -32.105  35.799  4.512 0.0000000000
86751  -27.892  37.257  3.566 0.0000000000
86752  -28.523  36.463  3.389 0.0000000000
86753  -29.280  35.801  3.464 0.0000000000
86760  -27.971  36.927  2.744 0.0000000000
86761  -28.458  36.260  2.431 0.0000000000
86766  -28.105  36.757  2.064 0.0000000000
86767  -28.418  36.327  1.556 0.0000000000
86772  -28.672  36.338  0.640 0.0000000000
86779  -29.123  36.403  -0.075 0.0000000000
86780  -29.540  36.252  -0.525 0.0000000000
86791  -29.850  35.957  -0.883 0.0000000000
86792  -30.342  36.195  -1.261 0.0000000000
87183  -37.803  37.780  13.195 0.0000000000
87184  -38.125  37.752  12.574 0.0000000000
87194  -38.555  37.620  11.763 0.0000000000
87195  -39.113  37.236  11.236 0.0000000000
87203  -38.923  37.835  11.155 0.0000000000
87204  -39.442  37.510  10.641 0.0000000000
87210  -40.037  37.510  9.824 0.0000000000
87211  -40.749  37.306  9.085 0.0000000000
87213  -41.550  36.983  8.394 0.0000000000
87214  -42.325  36.846  7.485 0.0000000000
87216  -35.886  36.592  5.797 0.0000000000
87217  -36.406  37.082  6.005 0.0000000000
87218  -37.404  37.292  6.385 0.0000000000
87219  -38.613  37.370  6.513 0.0000000000
87220  -39.826  37.338  6.120 0.0000000000
87221  -42.947  36.893  6.490 0.0000000000
87222  -43.518  37.388  6.098 0.0000000000
87225  -32.017  37.929  5.868 0.0000000000
87226  -32.505  37.771  5.758 0.0000000000
87227  -33.620  37.240  5.546 0.0000000000
87228  -34.629  37.348  5.685 0.0000000000
87229  -35.495  37.288  5.774 0.0000000000
87230  -35.992  37.798  6.138 0.0000000000
87231  -40.850  37.176  5.497 0.0000000000
87232  -41.838  36.995  5.068 0.0000000000
87233  -42.926  37.004  5.448 0.0000000000
87234  -43.663  37.689  5.884 0.0000000000
87237  -28.724  37.834  4.983 0.0000000000
87238  -29.403  37.752  5.218 0.0000000000
87239  -30.424  37.603  5.351 0.0000000000
87240  -31.660  37.598  5.542 0.0000000000
87241  -32.782  36.971  5.236 0.0000000000
87242  -33.389  36.680  5.099 0.0000000000
87245  -27.839  37.878  4.254 0.0000000000
87246  -28.235  38.095  4.675 0.0000000000
87249  -27.623  37.930  3.783 0.0000000000
87255  -27.589  37.672  3.025 0.0000000000
87262  -27.771  37.340  1.982 0.0000000000
87263  -28.106  36.915  1.652 0.0000000000
87272  -27.913  37.538  1.358 0.0000000000
87273  -28.223  37.172  1.034 0.0000000000
87279  -28.810  37.207  0.104 0.0000000000
87280  -29.594  37.281  -0.582 0.0000000000
87281  -30.114  37.854  -0.803 0.0000000000
87291  -29.920  36.614  -0.930 0.0000000000
87292  -30.521  37.355  -1.189 0.0000000000
87700  -37.627  38.639  13.552 0.0000000000
87708  -38.055  38.573  12.962 0.0000000000
87709  -38.400  38.582  12.296 0.0000000000
87717  -38.864  38.717  11.423 0.0000000000
87718  -39.103  39.293  11.047 0.0000000000
87726  -39.103  38.207  10.890 0.0000000000
87727  -39.454  38.795  10.420 0.0000000000
87735  -40.316  38.502  9.376 0.0000000000
87736  -41.184  38.193  8.621 0.0000000000
87742  -42.213  37.903  8.066 0.0000000000
87743  -43.482  37.854  7.338 0.0000000000
87744  -44.514  38.500  7.182 0.0000000000
87745  -44.771  38.879  7.159 0.0000000000
87747  -35.046  38.911  6.538 0.0000000000
87748  -35.793  38.829  6.536 0.0000000000
87749  -36.595  38.253  6.464 0.0000000000
87750  -37.848  38.220  6.591 0.0000000000
87751  -39.055  38.189  6.285 0.0000000000
87752  -40.150  38.014  5.663 0.0000000000
87753  -43.636  37.448  6.540 0.0000000000
87754  -44.238  37.881  6.444 0.0000000000
87755  -44.655  38.522  6.685 0.0000000000
87758  -30.952  38.845  6.227 0.0000000000
87759  -31.900  38.468  6.198 0.0000000000
87760  -33.030  38.406  6.167 0.0000000000
87761  -34.030  38.222  6.025 0.0000000000
87762  -34.858  38.162  6.067 0.0000000000
87763  -35.530  38.225  6.193 0.0000000000
87764  -35.973  38.271  6.321 0.0000000000
87765  -41.208  37.818  5.202 0.0000000000
87766  -42.341  37.767  5.235 0.0000000000
87767  -43.398  37.951  5.560 0.0000000000
87768  -44.009  38.093  5.906 0.0000000000
87769  -44.472  38.319  6.378 0.0000000000
87771  -28.874  38.748  5.136 0.0000000000
87772  -29.878  38.504  5.549 0.0000000000
87773  -30.741  38.290  5.789 0.0000000000
87774  -31.299  38.281  5.985 0.0000000000
87777  -27.770  38.831  4.231 0.0000000000
87778  -28.278  38.831  4.673 0.0000000000
87781  -27.447  38.615  3.441 0.0000000000
87784  -27.455  38.117  2.631 0.0000000000
87787  -27.749  37.763  1.546 0.0000000000
87797  -28.075  37.770  0.921 0.0000000000
87798  -28.580  37.863  0.294 0.0000000000
87807  -29.263  38.088  -0.290 0.0000000000
87808  -29.903  38.299  -0.641 0.0000000000
87809  -30.510  38.370  -0.845 0.0000000000
87818  -31.282  38.392  -1.157 0.0000000000
88204  -37.525  39.556  13.928 0.0000000000
88212  -38.146  39.502  13.366 0.0000000000
88213  -38.758  39.745  13.068 0.0000000000
88222  -38.421  39.196  12.815 0.0000000000
88223  -38.815  39.582  12.329 0.0000000000
88230  -39.087  39.768  11.527 0.0000000000
88231  -39.223  39.857  10.818 0.0000000000
88239  -39.526  39.895  10.250 0.0000000000
88247  -40.066  39.640  9.746 0.0000000000
88248  -41.148  39.452  9.196 0.0000000000
88249  -42.371  39.644  8.974 0.0000000000
88250  -43.284  39.704  8.687 0.0000000000
88259  -41.915  38.849  8.559 0.0000000000
88260  -42.973  38.804  8.386 0.0000000000
88261  -44.071  39.143  8.084 0.0000000000
88262  -44.494  39.170  7.352 0.0000000000
88270  -32.862  40.221  7.186 0.0000000000
88271  -33.381  39.932  7.221 0.0000000000
88272  -34.365  39.605  7.090 0.0000000000
88273  -35.363  39.619  7.078 0.0000000000
88274  -36.237  39.464  6.990 0.0000000000
88275  -37.194  39.304  7.001 0.0000000000
88276  -38.356  39.289  6.842 0.0000000000
88277  -39.687  39.221  6.393 0.0000000000
88278  -40.920  39.460  6.400 0.0000000000
88279  -42.108  39.481  6.340 0.0000000000
88280  -43.118  39.441  6.288 0.0000000000
88281  -44.672  39.009  6.873 0.0000000000
88284  -30.001  39.918  6.021 0.0000000000
88285  -30.409  39.699  6.184 0.0000000000
88286  -31.357  39.602  6.522 0.0000000000
88287  -32.514  39.586  6.838 0.0000000000
88288  -33.610  39.105  6.639 0.0000000000
88289  -34.381  38.819  6.461 0.0000000000
88290  -40.680  38.586  5.765 0.0000000000
88291  -41.648  38.575  5.706 0.0000000000
88292  -42.780  38.594  5.854 0.0000000000
88293  -43.833  38.821  6.064 0.0000000000
88294  -44.479  38.716  6.396 0.0000000000
88297  -28.859  39.670  5.280 0.0000000000
88298  -29.613  39.676  5.723 0.0000000000
88299  -30.317  39.012  5.885 0.0000000000
88302  -27.755  39.798  4.270 0.0000000000
88303  -28.275  39.714  4.757 0.0000000000
88305  -27.225  40.487  3.469 0.0000000000
88306  -27.410  39.992  3.711 0.0000000000
88309  -27.136  40.407  3.256 0.0000000000
88310  -27.281  39.262  3.252 0.0000000000
88313  -27.165  40.059  2.095 0.0000000000
88314  -27.392  39.510  1.613 0.0000000000
88317  -27.960  37.982  0.967 0.0000000000
88318  -28.374  38.096  0.458 0.0000000000
88325  -27.916  39.753  0.045 0.0000000000
88326  -29.160  38.577  -0.216 0.0000000000
88327  -29.892  39.017  -0.532 0.0000000000
88328  -30.316  38.902  -0.664 0.0000000000
88332  -30.439  39.432  -0.690 0.0000000000
88333  -30.980  39.216  -0.857 0.0000000000
88360  -28.836  40.485  -3.726 0.0000000000
88361  -28.980  40.513  -3.759 0.0000000000
88371  -28.860  40.581  -3.835 0.0000000000
88372  -29.099  40.666  -3.984 0.0000000000
88717  -37.415  40.479  14.284 0.0000000000
88723  -38.092  40.413  13.847 0.0000000000
88724  -38.763  40.340  13.510 0.0000000000
88732  -39.267  40.354  12.976 0.0000000000
88740  -39.424  40.521  12.157 0.0000000000
88741  -39.268  40.601  11.271 0.0000000000
88750  -39.449  40.699  10.493 0.0000000000
88751  -40.055  41.044  10.133 0.0000000000
88759  -39.847  40.421  9.974 0.0000000000
88760  -40.704  40.608  9.787 0.0000000000
88761  -41.824  40.550  9.422 0.0000000000
88762  -42.846  40.595  8.991 0.0000000000
88770  -36.316  40.729  7.588 0.0000000000
88771  -36.782  40.842  7.608 0.0000000000
88772  -37.103  41.059  7.654 0.0000000000
88773  -39.435  40.896  7.565 0.0000000000
88774  -39.726  41.032  7.617 0.0000000000
88775  -43.649  40.401  8.469 0.0000000000
88776  -44.200  40.037  7.874 0.0000000000
88785  -33.179  40.731  7.252 0.0000000000
88786  -33.960  40.611  7.441 0.0000000000
88787  -34.930  40.486  7.541 0.0000000000
88788  -35.867  40.396  7.508 0.0000000000
88789  -36.648  40.223  7.401 0.0000000000
88790  -37.576  40.524  7.444 0.0000000000
88791  -38.922  40.443  7.294 0.0000000000
88792  -40.107  40.534  7.247 0.0000000000
88793  -41.463  40.540  6.890 0.0000000000
88794  -42.721  40.439  6.766 0.0000000000
88795  -43.814  39.794  6.770 0.0000000000
88796  -44.294  39.693  7.236 0.0000000000
88799  -30.033  40.370  6.090 0.0000000000
88800  -30.807  40.506  6.431 0.0000000000
88801  -31.740  40.593  6.740 0.0000000000
88802  -32.526  40.704  7.041 0.0000000000
88803  -44.247  39.133  6.404 0.0000000000
88804  -44.404  39.245  6.700 0.0000000000
88807  -28.800  40.566  5.390 0.0000000000
88808  -29.515  40.592  5.810 0.0000000000
88810  -27.702  40.711  4.359 0.0000000000
88811  -28.218  40.616  4.871 0.0000000000
88813  -27.091  41.077  3.385 0.0000000000
88814  -27.350  40.860  3.817 0.0000000000
88816  -26.798  41.431  2.883 0.0000000000
88819  -27.113  40.600  1.293 0.0000000000
88820  -27.356  39.984  1.003 0.0000000000
88823  -27.090  40.960  0.642 0.0000000000
88824  -27.415  40.448  0.338 0.0000000000
88831  -28.050  40.435  -0.834 0.0000000000
88832  -30.147  39.511  -0.646 0.0000000000
88833  -30.333  39.659  -0.665 0.0000000000
88840  -28.146  40.937  -1.988 0.0000000000
88841  -30.611  39.989  -0.937 0.0000000000
88842  -30.827  39.873  -0.919 0.0000000000
88843  -31.601  39.815  -1.243 0.0000000000
88855  -28.203  41.114  -2.873 0.0000000000
88856  -28.817  40.649  -2.747 0.0000000000
88857  -31.116  40.166  -1.301 0.0000000000
88858  -31.547  40.207  -1.508 0.0000000000
88877  -28.271  41.250  -3.580 0.0000000000
88878  -28.744  40.704  -3.540 0.0000000000
88879  -29.460  40.605  -3.642 0.0000000000
88880  -31.631  40.335  -1.828 0.0000000000
88881  -32.061  40.334  -2.046 0.0000000000
88893  -28.324  41.398  -3.993 0.0000000000
88894  -28.747  41.028  -4.080 0.0000000000
88895  -29.523  41.041  -4.513 0.0000000000
88896  -30.424  40.816  -4.348 0.0000000000
88897  -31.977  40.377  -2.257 0.0000000000
88898  -32.484  40.358  -2.362 0.0000000000
88912  -29.841  41.359  -5.076 0.0000000000
88913  -30.360  41.200  -5.025 0.0000000000
88914  -31.210  41.075  -4.987 0.0000000000
88915  -32.158  41.020  -4.963 0.0000000000
89304  -37.335  41.381  14.554 0.0000000000
89305  -37.906  41.279  14.125 0.0000000000
89312  -38.582  41.375  13.542 0.0000000000
89313  -39.115  40.909  13.329 0.0000000000
89319  -38.674  41.804  13.037 0.0000000000
89320  -39.016  41.373  12.731 0.0000000000
89327  -39.059  41.457  11.599 0.0000000000
89328  -39.189  41.253  10.874 0.0000000000
89337  -39.198  41.856  10.857 0.0000000000
89338  -39.800  41.694  10.453 0.0000000000
89339  -40.665  41.700  9.974 0.0000000000
89348  -41.420  41.436  9.657 0.0000000000
89349  -42.332  41.638  9.277 0.0000000000
89350  -43.284  41.661  8.774 0.0000000000
89358  -36.030  40.919  7.650 0.0000000000
89359  -36.334  41.145  7.639 0.0000000000
89360  -36.799  41.268  7.618 0.0000000000
89361  -39.070  41.182  7.677 0.0000000000
89362  -39.476  41.350  7.651 0.0000000000
89363  -43.716  41.335  8.225 0.0000000000
89364  -43.954  40.490  7.709 0.0000000000
89375  -32.856  41.413  7.148 0.0000000000
89376  -33.553  41.517  7.376 0.0000000000
89377  -34.505  41.474  7.561 0.0000000000
89378  -35.648  41.376  7.630 0.0000000000
89379  -36.515  41.712  7.581 0.0000000000
89380  -37.319  41.572  7.639 0.0000000000
89381  -38.409  41.486  7.703 0.0000000000
89382  -39.946  41.443  7.572 0.0000000000
89383  -40.823  41.567  7.365 0.0000000000
89384  -42.088  41.616  7.320 0.0000000000
89385  -43.403  41.358  7.660 0.0000000000
89386  -43.902  40.299  7.366 0.0000000000
89394  -29.792  40.921  5.994 0.0000000000
89395  -30.283  41.278  6.173 0.0000000000
89396  -31.202  41.469  6.504 0.0000000000
89397  -32.167  41.665  6.799 0.0000000000
89399  -28.822  41.384  5.353 0.0000000000
89400  -29.474  41.432  5.684 0.0000000000
89401  -30.153  42.022  5.838 0.0000000000
89403  -27.682  41.607  4.370 0.0000000000
89404  -28.248  41.498  4.884 0.0000000000
89407  -26.910  41.846  3.341 0.0000000000
89408  -27.277  41.718  3.824 0.0000000000
89411  -26.685  42.008  2.873 0.0000000000
89414  -26.534  42.381  2.038 0.0000000000
89417  -26.452  42.832  0.900 0.0000000000
89418  -27.100  41.217  0.216 0.0000000000
89426  -26.467  42.989  -0.023 0.0000000000
89427  -27.319  41.236  -0.455 0.0000000000
89436  -26.545  43.029  -0.752 0.0000000000
89437  -26.605  42.988  -1.169 0.0000000000
89446  -27.690  41.625  -2.292 0.0000000000
89457  -27.825  41.784  -3.076 0.0000000000
89467  -28.036  41.851  -3.811 0.0000000000
89468  -28.415  41.742  -4.388 0.0000000000
89469  -28.932  41.426  -4.633 0.0000000000
89480  -28.734  41.909  -4.906 0.0000000000
89481  -29.332  41.711  -5.138 0.0000000000
89482  -30.108  41.705  -5.517 0.0000000000
89483  -30.932  41.503  -5.546 0.0000000000
89484  -31.806  41.420  -5.574 0.0000000000
89485  -32.769  41.378  -5.562 0.0000000000
89499  -30.629  41.938  -5.939 0.0000000000
89500  -31.320  41.903  -6.062 0.0000000000
89501  -32.229  41.839  -6.121 0.0000000000
89920  -37.652  41.825  14.282 0.0000000000
89928  -37.302  42.675  13.440 0.0000000000
89929  -37.899  42.049  13.842 0.0000000000
89936  -36.164  43.077  12.280 0.0000000000
89937  -37.062  42.723  12.478 0.0000000000
89938  -38.097  42.192  12.891 0.0000000000
89939  -38.634  41.910  12.730 0.0000000000
89946  -35.973  43.202  11.724 0.0000000000
89947  -36.553  42.970  11.437 0.0000000000
89948  -37.592  42.387  11.720 0.0000000000
89949  -38.511  41.992  12.125 0.0000000000
89957  -36.780  43.335  10.820 0.0000000000
89958  -37.340  42.949  10.767 0.0000000000
89959  -38.443  42.350  10.822 0.0000000000
89960  -39.488  42.543  10.354 0.0000000000
89961  -40.415  42.666  9.939 0.0000000000
89970  -41.634  42.651  9.616 0.0000000000
89971  -43.028  42.837  9.368 0.0000000000
89972  -44.323  42.806  8.972 0.0000000000
89973  -44.823  43.612  8.570 0.0000000000
89974  -44.884  43.833  8.349 0.0000000000
89982  -39.231  41.789  7.684 0.0000000000
89983  -39.629  41.755  7.605 0.0000000000
89984  -44.330  42.541  8.051 0.0000000000
89985  -44.964  43.207  8.237 0.0000000000
89986  -45.004  43.637  8.178 0.0000000000
89995  -32.942  42.419  7.138 0.0000000000
89996  -33.989  42.424  7.477 0.0000000000
89997  -35.050  42.408  7.601 0.0000000000
89998  -36.077  42.449  7.639 0.0000000000
89999  -37.008  42.467  7.646 0.0000000000
90000  -37.956  42.449  7.714 0.0000000000
90001  -38.942  42.512  7.674 0.0000000000
90002  -39.997  42.411  7.510 0.0000000000
90003  -41.352  42.742  7.494 0.0000000000
90004  -42.666  42.883  7.715 0.0000000000
90005  -43.907  43.136  7.711 0.0000000000
90006  -44.775  43.374  7.843 0.0000000000
90007  -45.088  43.486  7.984 0.0000000000
90016  -30.764  42.130  6.194 0.0000000000
90017  -31.598  42.550  6.375 0.0000000000
90018  -32.307  42.469  6.727 0.0000000000
90021  -28.956  42.017  5.219 0.0000000000
90022  -29.693  42.606  5.345 0.0000000000
90023  -30.558  42.646  5.745 0.0000000000
90024  -31.018  42.628  6.040 0.0000000000
90027  -27.768  42.507  4.228 0.0000000000
90028  -28.575  42.534  4.762 0.0000000000
90029  -29.090  42.577  5.034 0.0000000000
90033  -26.863  42.645  3.209 0.0000000000
90034  -27.288  42.559  3.711 0.0000000000
90037  -26.552  42.832  2.294 0.0000000000
90041  -26.439  43.026  1.328 0.0000000000
90044  -26.441  43.176  0.371 0.0000000000
90052  -26.497  43.226  -0.466 0.0000000000
90064  -26.588  43.218  -1.196 0.0000000000
90065  -26.717  42.817  -1.489 0.0000000000
90074  -26.636  43.358  -1.461 0.0000000000
90075  -26.695  43.375  -1.657 0.0000000000
90086  -27.666  42.591  -3.397 0.0000000000
90096  -27.988  42.622  -4.294 0.0000000000
90097  -28.379  42.319  -4.825 0.0000000000
90106  -28.208  42.928  -5.009 0.0000000000
90107  -28.748  42.569  -5.424 0.0000000000
90108  -29.498  42.273  -5.741 0.0000000000
90109  -30.106  42.212  -6.003 0.0000000000
90123  -29.097  42.842  -6.002 0.0000000000
90124  -29.705  42.748  -6.283 0.0000000000
90125  -30.629  42.506  -6.465 0.0000000000
90126  -31.597  42.358  -6.577 0.0000000000
90127  -33.977  43.121  -6.839 0.0000000000
90142  -31.090  42.831  -6.940 0.0000000000
90143  -33.625  43.524  -7.158 0.0000000000
90604  -35.971  43.480  11.394 0.0000000000
90610  -35.746  43.968  11.240 0.0000000000
90611  -36.357  43.831  10.893 0.0000000000
90612  -37.179  43.858  10.533 0.0000000000
90613  -38.167  43.698  10.168 0.0000000000
90614  -39.113  43.360  10.045 0.0000000000
90615  -39.932  43.335  9.795 0.0000000000
90621  -38.982  44.195  9.722 0.0000000000
90622  -39.703  44.138  9.456 0.0000000000
90623  -40.897  43.946  9.249 0.0000000000
90624  -42.592  44.090  9.481 0.0000000000
90625  -43.670  43.906  9.506 0.0000000000
90626  -44.465  44.009  9.100 0.0000000000
90627  -44.732  44.138  8.576 0.0000000000
90633  -37.334  43.987  7.861 0.0000000000
90634  -38.204  44.083  7.936 0.0000000000
90635  -39.206  44.255  8.117 0.0000000000
90636  -40.081  44.221  8.390 0.0000000000
90637  -40.900  44.106  8.688 0.0000000000
90638  -42.256  44.698  8.787 0.0000000000
90639  -43.068  45.020  8.437 0.0000000000
90640  -44.847  44.036  8.190 0.0000000000
90650  -32.997  43.125  6.987 0.0000000000
90651  -33.550  43.322  7.121 0.0000000000
90652  -34.545  43.310  7.455 0.0000000000
90653  -35.674  43.380  7.631 0.0000000000
90654  -36.706  43.329  7.745 0.0000000000
90655  -37.609  43.281  7.762 0.0000000000
90656  -38.578  43.370  7.753 0.0000000000
90657  -39.591  43.478  7.765 0.0000000000
90658  -40.650  43.593  7.881 0.0000000000
90659  -41.859  43.842  8.006 0.0000000000
90660  -43.247  44.360  7.866 0.0000000000
90661  -44.417  44.020  7.716 0.0000000000
90662  -44.919  43.798  7.930 0.0000000000
90673  -31.773  43.528  6.041 0.0000000000
90674  -32.524  43.219  6.617 0.0000000000
90675  -33.111  43.411  6.813 0.0000000000
90678  -29.705  43.587  4.996 0.0000000000
90679  -30.443  43.388  5.387 0.0000000000
90680  -31.151  43.139  5.803 0.0000000000
90683  -27.857  43.215  3.979 0.0000000000
90684  -28.372  43.410  4.266 0.0000000000
90685  -29.112  43.147  4.811 0.0000000000
90688  -26.954  43.292  3.118 0.0000000000
90689  -27.444  43.357  3.503 0.0000000000
90690  -27.950  43.535  3.849 0.0000000000
90692  -26.797  43.499  2.606 0.0000000000
90693  -27.069  43.586  3.020 0.0000000000
90696  -26.574  43.534  1.710 0.0000000000
90699  -26.471  43.631  0.781 0.0000000000
90705  -26.461  43.659  -0.108 0.0000000000
90717  -26.533  43.630  -0.847 0.0000000000
90728  -26.615  43.630  -1.388 0.0000000000
90729  -26.666  43.831  -1.615 0.0000000000
90738  -27.640  43.503  -3.792 0.0000000000
90747  -27.878  43.615  -4.706 0.0000000000
90754  -28.285  43.636  -5.728 0.0000000000
90755  -28.732  43.136  -5.941 0.0000000000
90765  -28.369  44.017  -6.392 0.0000000000
90766  -29.008  43.568  -6.593 0.0000000000
90767  -30.075  43.162  -6.859 0.0000000000
90768  -30.637  42.992  -6.958 0.0000000000
90782  -29.254  43.958  -7.271 0.0000000000
90783  -29.801  43.704  -7.298 0.0000000000
90784  -33.420  43.791  -7.405 0.0000000000
90785  -33.632  43.819  -7.386 0.0000000000
90804  -31.202  43.981  -8.185 0.0000000000
90805  -33.563  44.119  -7.650 0.0000000000
91227  -35.273  44.297  11.336 0.0000000000
91235  -35.003  44.849  11.076 0.0000000000
91236  -35.781  44.661  10.799 0.0000000000
91237  -36.799  44.729  10.462 0.0000000000
91238  -37.822  44.724  10.174 0.0000000000
91239  -38.694  44.775  9.856 0.0000000000
91247  -39.358  44.965  9.515 0.0000000000
91248  -39.955  44.958  9.100 0.0000000000
91249  -40.407  44.664  8.939 0.0000000000
91250  -42.916  44.519  9.532 0.0000000000
91251  -43.205  44.603  9.466 0.0000000000
91252  -43.930  44.688  9.259 0.0000000000
91253  -44.493  44.622  8.873 0.0000000000
91259  -37.239  44.304  7.759 0.0000000000
91260  -37.709  44.515  7.779 0.0000000000
91261  -38.768  45.032  8.048 0.0000000000
91262  -39.757  45.073  8.668 0.0000000000
91263  -40.262  44.584  8.744 0.0000000000
91264  -42.846  44.739  9.404 0.0000000000
91265  -43.239  45.262  9.040 0.0000000000
91266  -44.095  45.067  8.645 0.0000000000
91267  -44.580  44.565  8.351 0.0000000000
91276  -33.671  43.717  6.866 0.0000000000
91277  -34.095  43.872  6.984 0.0000000000
91278  -35.152  44.293  7.255 0.0000000000
91279  -36.717  44.433  7.592 0.0000000000
91280  -37.874  45.240  7.700 0.0000000000
91281  -38.587  45.650  8.107 0.0000000000
91282  -43.581  45.035  8.336 0.0000000000
91283  -44.200  44.766  7.982 0.0000000000
91284  -44.718  44.305  7.951 0.0000000000
91295  -31.793  43.933  5.853 0.0000000000
91296  -32.241  44.105  6.065 0.0000000000
91297  -33.359  44.001  6.571 0.0000000000
91298  -34.319  44.629  6.682 0.0000000000
91299  -35.071  45.058  6.742 0.0000000000
91307  -29.671  43.982  4.838 0.0000000000
91308  -30.126  44.164  4.981 0.0000000000
91309  -31.306  44.187  5.541 0.0000000000
91310  -32.090  44.885  5.670 0.0000000000
91313  -28.543  43.924  4.163 0.0000000000
91314  -29.164  44.159  4.497 0.0000000000
91315  -29.940  44.840  4.606 0.0000000000
91317  -27.618  43.874  3.316 0.0000000000
91318  -28.170  44.120  3.639 0.0000000000
91319  -28.919  44.853  3.803 0.0000000000
91321  -26.929  43.880  2.505 0.0000000000
91322  -27.314  44.091  2.795 0.0000000000
91323  -27.999  44.759  2.881 0.0000000000
91325  -26.816  44.011  2.127 0.0000000000
91326  -27.157  44.581  1.879 0.0000000000
91329  -26.693  44.256  1.226 0.0000000000
91330  -27.104  44.846  1.190 0.0000000000
91334  -26.551  44.226  0.297 0.0000000000
91338  -26.556  44.210  -0.550 0.0000000000
91339  -26.653  44.420  -1.040 0.0000000000
91347  -26.401  43.997  -0.936 0.0000000000
91348  -26.672  44.211  -1.415 0.0000000000
91357  -26.727  44.198  -1.657 0.0000000000
91366  -27.653  44.465  -4.158 0.0000000000
91372  -27.776  44.626  -5.205 0.0000000000
91377  -27.966  44.781  -6.520 0.0000000000
91378  -28.468  44.175  -6.730 0.0000000000
91388  -28.766  44.431  -7.414 0.0000000000
91390  -30.188  43.909  -7.743 0.0000000000
91847  -35.327  45.572  10.723 0.0000000000
91848  -36.281  45.606  10.366 0.0000000000
91849  -37.492  45.746  9.969 0.0000000000
91850  -38.519  45.439  9.747 0.0000000000
91851  -39.049  45.304  9.601 0.0000000000
91858  -37.875  46.265  9.658 0.0000000000
91859  -38.362  46.048  9.519 0.0000000000
91860  -39.297  45.783  9.253 0.0000000000
91861  -39.772  45.501  8.906 0.0000000000
91868  -38.525  46.254  8.534 0.0000000000
91869  -39.162  45.829  8.600 0.0000000000
91870  -39.563  45.638  8.781 0.0000000000
91880  -35.926  45.137  6.993 0.0000000000
91881  -36.996  45.737  7.367 0.0000000000
91882  -38.111  45.955  7.932 0.0000000000
91883  -38.666  45.959  8.306 0.0000000000
91893  -32.933  44.869  5.964 0.0000000000
91894  -33.739  44.964  6.261 0.0000000000
91895  -34.538  45.599  6.280 0.0000000000
91896  -35.406  45.686  6.593 0.0000000000
91897  -36.096  45.859  6.843 0.0000000000
91905  -30.595  44.952  4.998 0.0000000000
91906  -31.492  45.553  5.082 0.0000000000
91907  -32.605  45.545  5.412 0.0000000000
91908  -33.597  45.688  5.748 0.0000000000
91909  -34.254  46.083  5.818 0.0000000000
91915  -29.526  45.080  4.137 0.0000000000
91916  -30.396  45.699  4.270 0.0000000000
91917  -31.157  46.059  4.549 0.0000000000
91919  -28.543  45.027  3.229 0.0000000000
91920  -29.385  45.625  3.327 0.0000000000
91921  -30.079  46.019  3.620 0.0000000000
91923  -27.661  44.875  2.323 0.0000000000
91924  -28.414  45.507  2.390 0.0000000000
91925  -29.087  45.862  2.654 0.0000000000
91927  -27.586  45.198  1.636 0.0000000000
91928  -28.027  45.686  1.390 0.0000000000
91930  -26.850  44.717  0.642 0.0000000000
91931  -27.375  45.309  0.650 0.0000000000
91932  -27.905  45.720  0.910 0.0000000000
91935  -26.764  44.769  -0.039 0.0000000000
91936  -26.984  45.108  -0.350 0.0000000000
91940  -26.725  44.690  -0.678 0.0000000000
91941  -26.796  44.788  -1.072 0.0000000000
91945  -26.789  44.573  -1.445 0.0000000000
91949  -27.673  45.226  -3.505 0.0000000000
91953  -27.685  45.482  -4.470 0.0000000000
91959  -27.215  46.230  -5.948 0.0000000000
91960  -27.478  45.885  -5.647 0.0000000000
91966  -27.178  46.236  -6.295 0.0000000000
91967  -27.404  45.713  -6.550 0.0000000000
92389  -34.916  46.456  10.865 0.0000000000
92390  -35.783  46.505  10.446 0.0000000000
92391  -36.794  46.581  10.077 0.0000000000
92398  -37.561  46.646  9.747 0.0000000000
92399  -38.077  46.639  9.309 0.0000000000
92400  -38.692  46.338  9.205 0.0000000000
92408  -38.455  46.766  8.948 0.0000000000
92409  -38.963  46.290  8.956 0.0000000000
92417  -37.015  46.400  7.379 0.0000000000
92418  -37.673  46.611  8.012 0.0000000000
92426  -35.137  46.050  6.282 0.0000000000
92427  -35.687  46.447  6.418 0.0000000000
92428  -36.478  46.404  6.987 0.0000000000
92434  -32.377  46.076  4.903 0.0000000000
92435  -33.160  46.192  5.085 0.0000000000
92436  -33.985  46.556  5.381 0.0000000000
92437  -34.891  46.513  5.886 0.0000000000
92438  -35.460  46.825  6.001 0.0000000000
92445  -31.100  46.316  4.146 0.0000000000
92446  -31.836  46.358  4.422 0.0000000000
92447  -32.826  46.661  4.454 0.0000000000
92448  -33.492  46.804  4.815 0.0000000000
92454  -29.981  46.229  3.243 0.0000000000
92455  -30.655  46.404  3.609 0.0000000000
92456  -31.657  46.732  3.696 0.0000000000
92457  -32.366  46.827  3.961 0.0000000000
92460  -28.982  46.027  2.287 0.0000000000
92461  -29.539  46.221  2.689 0.0000000000
92462  -30.396  46.644  2.940 0.0000000000
92463  -31.194  46.853  3.260 0.0000000000
92466  -28.635  46.025  1.762 0.0000000000
92467  -29.208  46.364  2.037 0.0000000000
92468  -29.786  46.552  2.422 0.0000000000
92470  -27.857  45.718  0.648 0.0000000000
92471  -28.309  45.974  1.107 0.0000000000
92472  -28.847  46.298  1.510 0.0000000000
92474  -27.476  45.490  0.126 0.0000000000
92475  -28.092  45.891  0.701 0.0000000000
92476  -28.596  46.212  1.158 0.0000000000
92479  -27.022  45.173  -0.714 0.0000000000
92480  -28.565  46.506  -1.253 0.0000000000
92481  -29.138  46.892  -0.859 0.0000000000
92484  -27.063  45.232  -1.296 0.0000000000
92485  -28.554  46.669  -2.275 0.0000000000
92486  -29.047  47.009  -1.691 0.0000000000
92490  -27.917  46.119  -3.709 0.0000000000
92491  -28.323  46.646  -3.135 0.0000000000
92494  -27.831  46.613  -4.601 0.0000000000
92495  -28.219  46.858  -3.821 0.0000000000
92498  -27.189  46.729  -5.972 0.0000000000
92499  -27.491  46.845  -5.353 0.0000000000
92884  -34.574  47.343  11.111 0.0000000000
92890  -35.359  47.415  10.639 0.0000000000
92891  -36.398  47.476  10.341 0.0000000000
92892  -37.683  47.553  10.074 0.0000000000
92893  -39.059  47.962  10.322 0.0000000000
92894  -40.030  48.312  10.206 0.0000000000
92895  -40.603  48.617  9.996 0.0000000000
92896  -41.024  48.819  10.171 0.0000000000
92903  -37.859  47.108  9.599 0.0000000000
92904  -38.519  47.358  9.509 0.0000000000
92905  -39.661  47.774  9.796 0.0000000000
92906  -40.343  48.217  9.762 0.0000000000
92907  -40.760  48.590  9.650 0.0000000000
92914  -38.286  47.411  8.570 0.0000000000
92915  -39.326  47.563  9.038 0.0000000000
92916  -40.101  47.832  9.181 0.0000000000
92917  -40.483  48.168  9.285 0.0000000000
92922  -36.945  46.921  7.289 0.0000000000
92923  -37.583  47.424  7.699 0.0000000000
92930  -35.830  47.067  6.082 0.0000000000
92931  -36.383  47.105  6.540 0.0000000000
92932  -37.130  47.486  6.780 0.0000000000
92938  -34.005  47.192  4.855 0.0000000000
92939  -34.649  47.246  5.251 0.0000000000
92940  -35.454  47.256  5.613 0.0000000000
92941  -36.343  47.506  5.678 0.0000000000
92942  -36.814  47.480  6.180 0.0000000000
92949  -32.939  47.139  3.902 0.0000000000
92950  -33.609  47.281  4.199 0.0000000000
92951  -34.561  47.688  4.354 0.0000000000
92952  -35.304  47.742  4.952 0.0000000000
92953  -35.842  47.655  5.253 0.0000000000
92961  -31.900  47.131  3.187 0.0000000000
92962  -32.591  47.241  3.396 0.0000000000
92963  -33.417  47.493  3.449 0.0000000000
92964  -34.209  47.757  3.487 0.0000000000
92969  -30.286  46.768  2.538 0.0000000000
92970  -31.474  47.153  2.865 0.0000000000
92971  -32.669  47.576  2.751 0.0000000000
92972  -33.305  47.699  2.870 0.0000000000
92973  -33.948  47.856  2.893 0.0000000000
92976  -29.180  46.455  1.727 0.0000000000
92977  -29.510  46.568  2.016 0.0000000000
92978  -31.162  47.566  1.256 0.0000000000
92979  -32.570  47.651  2.525 0.0000000000
92981  -29.054  46.436  1.523 0.0000000000
92982  -30.593  47.568  0.271 0.0000000000
92983  -31.131  47.797  0.612 0.0000000000
92985  -29.785  47.235  -0.400 0.0000000000
92986  -30.372  47.723  -0.896 0.0000000000
92989  -29.642  47.384  -1.402 0.0000000000
92990  -30.164  47.862  -1.888 0.0000000000
92992  -28.727  47.047  -2.861 0.0000000000
92993  -29.374  47.574  -2.595 0.0000000000
92994  -30.064  47.985  -2.443 0.0000000000
92997  -28.682  47.281  -3.391 0.0000000000
92998  -29.063  47.927  -3.636 0.0000000000
93001  -27.813  47.550  -4.998 0.0000000000
93002  -28.419  47.642  -4.238 0.0000000000
93003  -28.881  48.166  -4.104 0.0000000000
93395  -34.225  48.002  11.355 0.0000000000
93404  -34.081  48.647  11.352 0.0000000000
93405  -34.833  48.367  10.756 0.0000000000
93406  -35.886  48.253  10.412 0.0000000000
93407  -37.141  48.468  10.249 0.0000000000
93408  -38.522  48.557  10.427 0.0000000000
93409  -39.689  48.712  10.435 0.0000000000
93410  -40.494  48.842  10.198 0.0000000000
93411  -40.883  49.080  10.031 0.0000000000
93419  -35.457  48.761  10.271 0.0000000000
93420  -36.277  48.882  10.041 0.0000000000
93421  -37.202  49.169  9.984 0.0000000000
93422  -41.010  48.912  9.688 0.0000000000
93428  -38.386  47.695  8.345 0.0000000000
93429  -38.806  47.838  8.428 0.0000000000
93430  -39.837  48.156  8.604 0.0000000000
93431  -40.937  48.637  9.030 0.0000000000
93437  -38.213  47.861  8.061 0.0000000000
93438  -38.912  48.310  7.860 0.0000000000
93439  -40.097  48.787  7.867 0.0000000000
93440  -40.811  49.265  8.590 0.0000000000
93447  -37.883  48.060  7.207 0.0000000000
93448  -38.786  48.620  6.804 0.0000000000
93449  -39.783  49.172  6.529 0.0000000000
93456  -36.695  47.772  5.376 0.0000000000
93457  -37.407  47.943  5.808 0.0000000000
93458  -38.795  48.747  5.452 0.0000000000
93459  -39.932  49.232  5.121 0.0000000000
93466  -34.854  47.959  4.092 0.0000000000
93467  -35.231  48.031  4.218 0.0000000000
93468  -36.323  47.973  4.684 0.0000000000
93469  -37.736  48.358  4.311 0.0000000000
93470  -39.029  48.861  4.040 0.0000000000
93471  -40.257  49.133  3.860 0.0000000000
93479  -34.875  48.046  3.670 0.0000000000
93480  -35.684  48.295  3.366 0.0000000000
93481  -36.841  48.319  3.087 0.0000000000
93482  -38.088  48.503  2.773 0.0000000000
93483  -39.365  49.043  2.613 0.0000000000
93484  -40.510  49.241  2.958 0.0000000000
93490  -33.362  47.928  2.485 0.0000000000
93491  -33.962  48.229  2.332 0.0000000000
93492  -34.897  48.433  2.471 0.0000000000
93493  -36.145  48.684  1.930 0.0000000000
93494  -37.229  48.716  1.544 0.0000000000
93495  -38.274  48.935  1.349 0.0000000000
93496  -39.055  49.528  1.321 0.0000000000
93498  -31.785  47.866  1.329 0.0000000000
93499  -33.629  48.318  2.035 0.0000000000
93500  -34.898  48.933  1.183 0.0000000000
93501  -35.813  49.093  0.865 0.0000000000
93502  -36.631  49.030  0.426 0.0000000000
93503  -37.616  48.986  0.147 0.0000000000
93504  -38.437  49.387  0.278 0.0000000000
93505  -38.904  49.778  0.440 0.0000000000
93507  -31.134  47.896  0.278 0.0000000000
93508  -31.688  48.060  0.632 0.0000000000
93509  -34.773  48.920  0.761 0.0000000000
93510  -35.440  49.350  0.179 0.0000000000
93513  -31.191  48.076  -0.392 0.0000000000
93514  -32.059  48.518  -0.262 0.0000000000
93519  -30.909  48.189  -1.490 0.0000000000
93520  -31.685  48.523  -1.174 0.0000000000
93523  -30.070  48.189  -2.821 0.0000000000
93524  -30.643  48.337  -2.404 0.0000000000
93525  -31.453  48.626  -2.041 0.0000000000
93529  -29.744  48.387  -3.429 0.0000000000
93530  -30.514  48.668  -3.158 0.0000000000
93534  -28.197  48.212  -4.829 0.0000000000
93535  -28.781  48.579  -4.514 0.0000000000
93536  -29.291  48.525  -4.007 0.0000000000
93931  -33.165  49.919  10.465 0.0000000000
93932  -34.176  49.273  10.757 0.0000000000
93933  -34.948  48.915  10.327 0.0000000000
93934  -38.158  49.225  10.201 0.0000000000
93935  -39.348  49.270  10.265 0.0000000000
93936  -40.355  49.253  10.136 0.0000000000
93937  -40.903  49.179  9.817 0.0000000000
93938  -41.039  49.050  9.767 0.0000000000
93943  -32.256  49.825  8.874 0.0000000000
93944  -33.144  49.694  9.215 0.0000000000
93945  -34.145  49.505  9.557 0.0000000000
93946  -35.369  49.182  9.709 0.0000000000
93947  -36.722  49.343  9.459 0.0000000000
93948  -37.847  49.618  9.515 0.0000000000
93949  -39.007  49.689  9.589 0.0000000000
93950  -40.117  49.644  9.623 0.0000000000
93951  -40.844  49.383  9.535 0.0000000000
93952  -41.053  49.131  9.533 0.0000000000
93957  -31.123  49.929  7.787 0.0000000000
93958  -31.986  49.636  7.935 0.0000000000
93959  -32.907  49.554  8.169 0.0000000000
93960  -33.909  49.556  8.429 0.0000000000
93961  -35.011  49.454  8.624 0.0000000000
93962  -36.217  49.478  8.683 0.0000000000
93963  -37.435  49.754  8.693 0.0000000000
93964  -38.632  50.016  8.732 0.0000000000
93965  -39.767  49.921  8.810 0.0000000000
93966  -40.693  49.692  8.982 0.0000000000
93967  -41.095  49.478  8.800 0.0000000000
93973  -30.947  49.913  6.794 0.0000000000
93974  -31.732  49.540  7.005 0.0000000000
93975  -32.653  49.475  7.188 0.0000000000
93976  -33.624  49.515  7.384 0.0000000000
93977  -34.670  49.572  7.581 0.0000000000
93978  -35.800  49.538  7.715 0.0000000000
93979  -37.005  49.608  7.777 0.0000000000
93980  -38.191  50.039  7.766 0.0000000000
93981  -39.339  50.053  7.680 0.0000000000
93982  -40.180  49.528  7.974 0.0000000000
93983  -40.840  49.495  8.763 0.0000000000
93988  -30.895  50.008  5.910 0.0000000000
93989  -31.598  49.693  6.078 0.0000000000
93990  -32.455  49.581  6.261 0.0000000000
93991  -33.369  49.586  6.403 0.0000000000
93992  -34.353  49.645  6.569 0.0000000000
93993  -35.420  49.657  6.751 0.0000000000
93994  -36.579  49.577  6.854 0.0000000000
93995  -37.728  49.770  6.897 0.0000000000
93996  -38.825  50.239  6.551 0.0000000000
93997  -39.980  50.028  5.966 0.0000000000
93998  -40.253  50.415  5.179 0.0000000000
94003  -30.957  50.166  5.453 0.0000000000
94004  -31.454  49.992  5.192 0.0000000000
94005  -32.325  49.782  5.372 0.0000000000
94006  -33.148  49.769  5.553 0.0000000000
94007  -34.059  49.885  5.516 0.0000000000
94008  -35.052  49.979  5.852 0.0000000000
94009  -36.158  49.952  5.996 0.0000000000
94010  -37.334  49.974  6.147 0.0000000000
94011  -38.099  50.175  6.336 0.0000000000
94012  -40.682  49.699  4.542 0.0000000000
94013  -40.633  50.286  4.691 0.0000000000
94020  -31.679  50.186  4.634 0.0000000000
94021  -32.257  50.087  4.523 0.0000000000
94022  -33.105  50.034  4.699 0.0000000000
94023  -33.578  49.988  5.100 0.0000000000
94024  -41.058  49.498  3.527 0.0000000000
94025  -41.356  50.032  3.747 0.0000000000
94026  -41.575  50.078  3.310 0.0000000000
94035  -32.658  50.251  4.112 0.0000000000
94036  -32.820  50.155  4.286 0.0000000000
94037  -40.195  49.508  2.109 0.0000000000
94038  -41.113  49.529  2.716 0.0000000000
94039  -41.503  49.797  3.127 0.0000000000
94040  -41.680  49.988  3.132 0.0000000000
94049  -39.757  49.956  1.105 0.0000000000
94050  -41.019  49.827  2.043 0.0000000000
94051  -41.520  49.880  2.712 0.0000000000
94052  -41.641  49.892  2.930 0.0000000000
94057  -35.942  49.742  0.247 0.0000000000
94058  -36.228  49.853  -0.158 0.0000000000
94059  -37.069  49.793  -0.420 0.0000000000
94060  -38.095  49.836  -0.517 0.0000000000
94061  -38.667  49.803  -0.178 0.0000000000
94062  -38.946  49.973  0.129 0.0000000000
94066  -38.379  50.174  -0.404 0.0000000000
94067  -38.597  50.056  -0.408 0.0000000000
94068  -38.787  49.966  -0.279 0.0000000000
94091  -29.706  48.804  -3.918 0.0000000000
94486  -32.297  50.298  10.449 0.0000000000
94491  -30.917  50.955  10.083 0.0000000000
94492  -31.635  50.307  9.629 0.0000000000
94493  -32.497  49.981  9.733 0.0000000000
94498  -30.157  51.423  8.712 0.0000000000
94499  -30.607  50.727  8.843 0.0000000000
94500  -31.488  50.038  8.596 0.0000000000
94506  -30.069  51.177  8.060 0.0000000000
94507  -30.490  50.509  7.526 0.0000000000
94514  -30.130  51.123  7.266 0.0000000000
94515  -30.445  50.710  6.493 0.0000000000
94516  -38.945  50.478  6.038 0.0000000000
94517  -39.365  50.483  5.802 0.0000000000
94518  -39.968  50.508  5.355 0.0000000000
94525  -30.691  50.590  5.607 0.0000000000
94526  -30.967  50.376  5.146 0.0000000000
94527  -34.248  50.117  5.075 0.0000000000
94528  -34.692  50.205  5.085 0.0000000000
94529  -35.700  50.254  5.102 0.0000000000
94530  -36.922  50.181  5.185 0.0000000000
94531  -38.447  50.385  5.527 0.0000000000
94532  -39.568  50.666  4.972 0.0000000000
94533  -40.290  50.608  4.714 0.0000000000
94539  -30.741  50.960  4.979 0.0000000000
94540  -31.263  50.507  4.615 0.0000000000
94541  -31.783  50.387  4.272 0.0000000000
94542  -33.451  50.178  4.372 0.0000000000
94543  -34.001  50.187  4.590 0.0000000000
94544  -35.137  50.374  4.227 0.0000000000
94545  -36.295  50.337  4.098 0.0000000000
94546  -37.592  50.265  4.103 0.0000000000
94547  -38.889  50.541  4.054 0.0000000000
94548  -39.971  50.820  3.902 0.0000000000
94549  -40.861  50.532  3.773 0.0000000000
94550  -41.396  50.253  3.344 0.0000000000
94558  -30.981  51.123  4.370 0.0000000000
94559  -31.486  50.898  3.887 0.0000000000
94560  -32.293  50.503  3.811 0.0000000000
94561  -33.265  50.330  3.828 0.0000000000
94562  -34.518  50.540  3.371 0.0000000000
94563  -35.683  50.590  3.039 0.0000000000
94564  -36.836  50.497  2.854 0.0000000000
94565  -38.060  50.444  2.787 0.0000000000
94566  -39.272  50.678  2.751 0.0000000000
94567  -40.379  50.740  2.792 0.0000000000
94568  -41.224  50.473  2.899 0.0000000000
94569  -41.592  50.179  3.011 0.0000000000
94579  -31.978  51.034  3.320 0.0000000000
94580  -32.761  50.900  2.907 0.0000000000
94581  -33.983  50.848  2.570 0.0000000000
94582  -35.207  51.029  2.086 0.0000000000
94583  -36.246  50.810  1.695 0.0000000000
94584  -37.289  50.609  1.494 0.0000000000
94585  -38.403  50.481  1.492 0.0000000000
94586  -39.488  50.462  1.527 0.0000000000
94587  -40.714  50.397  2.053 0.0000000000
94588  -41.446  50.153  2.566 0.0000000000
94589  -41.650  50.086  2.823 0.0000000000
94597  -33.526  51.265  2.157 0.0000000000
94598  -34.811  51.122  1.270 0.0000000000
94599  -35.875  50.770  0.736 0.0000000000
94600  -36.706  50.588  0.400 0.0000000000
94601  -37.736  50.423  0.243 0.0000000000
94602  -38.559  50.322  0.477 0.0000000000
94603  -38.975  50.130  0.433 0.0000000000
94608  -38.272  50.270  -0.169 0.0000000000
94609  -38.590  50.221  -0.134 0.0000000000
94610  -38.794  50.091  -0.119 0.0000000000
95003  -29.995  51.900  9.607 0.0000000000
95004  -30.479  51.275  9.696 0.0000000000
95014  -29.953  52.053  8.518 0.0000000000
95024  -30.055  51.874  7.613 0.0000000000
95025  -30.196  51.738  6.798 0.0000000000
95035  -30.560  51.657  5.757 0.0000000000
95043  -30.898  51.810  4.727 0.0000000000
95053  -31.209  51.674  4.012 0.0000000000
95460  -29.490  53.082  9.337 0.0000000000
95469  -29.923  53.077  7.919 0.0000000000
95470  -30.127  53.594  7.275 0.0000000000
95476  -30.144  52.368  7.237 0.0000000000
95477  -30.467  52.937  6.672 0.0000000000
95485  -31.186  53.033  5.303 0.0000000000
95928  -29.155  54.463  8.956 0.0000000000
95933  -29.754  54.298  7.631 0.0000000000
95934  -30.261  54.138  6.876 0.0000000000
95939  -30.814  54.104  6.075 0.0000000000
96389  -28.991  56.044  8.649 0.0000000000
96394  -29.543  55.640  7.797 0.0000000000
96395  -29.861  54.926  7.102 0.0000000000
96401  -29.836  55.586  6.966 0.0000000000
96402  -30.104  54.972  6.407 0.0000000000
96836  -27.862  57.060  8.473 0.0000000000
96837  -28.743  57.388  8.642 0.0000000000
96842  -29.740  57.153  8.149 0.0000000000
96848  -29.739  56.491  7.069 0.0000000000
96849  -29.737  55.660  6.541 0.0000000000
97247  -28.290  58.117  7.932 0.0000000000
97248  -28.666  58.255  7.525 0.0000000000
97252  -27.708  57.086  7.885 0.0000000000
97253  -28.343  58.112  7.719 0.0000000000
97254  -28.979  57.919  7.427 0.0000000000
97255  -29.704  58.021  7.144 0.0000000000
97260  -28.065  56.867  7.342 0.0000000000
97261  -28.805  57.749  7.226 0.0000000000
97262  -29.448  57.801  7.233 0.0000000000
97263  -30.111  58.101  6.896 0.0000000000
97268  -27.875  56.465  6.789 0.0000000000
97269  -28.479  56.547  6.755 0.0000000000
97270  -29.128  56.786  6.987 0.0000000000
97709  -28.828  58.483  7.550 0.0000000000
97710  -28.967  57.817  8.205 0.0000000000
97716  -28.807  58.759  7.689 0.0000000000
97717  -29.786  58.116  8.001 0.0000000000
97718  -29.814  58.386  7.308 0.0000000000
97723  -28.880  58.644  7.487 0.0000000000
97724  -29.327  58.422  7.157 0.0000000000
97725  -29.974  58.512  7.037 0.0000000000
98158  -29.014  58.446  8.128 0.0000000000
98159  -29.538  58.316  8.226 0.0000000000
98163  -28.976  58.850  7.721 0.0000000000
98164  -29.388  58.501  7.466 0.0000000000
98165  -30.001  58.717  7.511 0.0000000000
98168  -29.066  59.079  7.554 0.0000000000
98169  -29.122  59.029  7.756 0.0000000000
98170  -29.565  59.215  7.622 0.0000000000
