#!ascii label  , from subject FREESURFER vox2ras=TkReg 
801
41306  -46.927  -19.959  16.443 0.0000000000
41327  -46.962  -19.822  16.119 0.0000000000
41328  -47.300  -19.804  16.108 0.0000000000
41329  -47.992  -19.704  16.082 0.0000000000
42178  -49.117  -19.226  16.161 0.0000000000
42200  -45.598  -19.068  15.566 0.0000000000
42201  -46.698  -19.580  15.886 0.0000000000
42202  -47.712  -19.361  15.651 0.0000000000
42203  -48.635  -18.979  15.735 0.0000000000
42204  -49.463  -18.800  16.027 0.0000000000
42220  -46.050  -18.793  14.827 0.0000000000
42221  -46.625  -18.895  14.974 0.0000000000
42222  -47.510  -18.826  15.202 0.0000000000
42223  -48.091  -18.806  15.398 0.0000000000
42289  -55.606  -20.465  7.862 0.0000000000
42290  -56.462  -20.619  7.590 0.0000000000
42301  -57.266  -20.709  7.340 0.0000000000
42302  -58.243  -20.622  6.937 0.0000000000
42303  -59.426  -20.468  6.601 0.0000000000
42304  -60.476  -20.332  6.648 0.0000000000
42305  -61.597  -20.004  6.788 0.0000000000
42306  -62.717  -19.470  6.595 0.0000000000
42312  -59.956  -19.896  6.131 0.0000000000
42313  -60.796  -19.826  5.668 0.0000000000
42314  -62.066  -19.490  5.395 0.0000000000
42315  -62.993  -19.221  5.625 0.0000000000
42322  -62.532  -19.117  4.913 0.0000000000
42323  -62.817  -18.844  5.114 0.0000000000
43113  -44.964  -18.733  15.201 0.0000000000
43114  -48.805  -18.473  15.417 0.0000000000
43115  -49.249  -18.462  15.482 0.0000000000
43116  -50.336  -18.518  15.830 0.0000000000
43117  -51.512  -18.847  15.582 0.0000000000
43133  -45.586  -18.518  14.581 0.0000000000
43134  -46.462  -18.331  14.457 0.0000000000
43135  -47.380  -18.000  14.583 0.0000000000
43136  -48.522  -18.076  15.020 0.0000000000
43137  -49.720  -18.170  14.827 0.0000000000
43138  -50.789  -18.647  14.626 0.0000000000
43146  -45.355  -17.959  13.960 0.0000000000
43147  -46.173  -17.887  13.936 0.0000000000
43148  -46.941  -17.608  14.162 0.0000000000
43149  -47.360  -17.453  14.278 0.0000000000
43150  -49.249  -17.702  14.249 0.0000000000
43151  -50.083  -18.291  13.521 0.0000000000
43152  -51.453  -18.775  13.490 0.0000000000
43160  -50.345  -18.108  12.282 0.0000000000
43161  -51.169  -18.468  12.541 0.0000000000
43175  -50.546  -17.909  11.708 0.0000000000
43176  -51.105  -18.135  11.749 0.0000000000
43177  -52.041  -18.237  11.841 0.0000000000
43208  -55.086  -19.503  8.022 0.0000000000
43209  -56.100  -19.383  7.720 0.0000000000
43210  -56.760  -19.981  7.503 0.0000000000
43221  -56.536  -18.607  7.534 0.0000000000
43222  -57.294  -19.332  7.291 0.0000000000
43223  -58.628  -19.264  6.513 0.0000000000
43224  -59.432  -19.678  6.229 0.0000000000
43225  -63.218  -18.942  6.689 0.0000000000
43231  -58.972  -18.521  5.924 0.0000000000
43232  -59.751  -19.104  5.537 0.0000000000
43233  -61.074  -18.981  4.565 0.0000000000
43234  -62.029  -19.103  4.693 0.0000000000
43235  -62.982  -18.695  5.890 0.0000000000
43243  -61.316  -18.228  4.445 0.0000000000
43244  -62.100  -18.558  4.677 0.0000000000
43245  -62.588  -18.492  5.295 0.0000000000
44120  -47.594  -17.394  14.343 0.0000000000
44121  -47.945  -17.401  14.439 0.0000000000
44129  -44.629  -17.504  13.698 0.0000000000
44130  -45.819  -17.226  13.428 0.0000000000
44131  -46.721  -17.116  13.737 0.0000000000
44132  -47.554  -16.944  13.950 0.0000000000
44133  -48.585  -17.055  14.054 0.0000000000
44134  -49.210  -17.560  13.511 0.0000000000
44139  -45.204  -16.961  13.131 0.0000000000
44140  -45.662  -16.774  13.147 0.0000000000
44141  -48.104  -16.684  13.361 0.0000000000
44142  -48.729  -17.184  12.682 0.0000000000
44143  -49.581  -17.819  12.717 0.0000000000
44151  -48.962  -16.992  11.290 0.0000000000
44152  -49.893  -17.609  11.609 0.0000000000
44153  -50.940  -17.736  11.218 0.0000000000
44154  -51.860  -17.761  11.238 0.0000000000
44155  -52.837  -17.667  11.383 0.0000000000
44164  -49.214  -16.695  10.623 0.0000000000
44165  -49.807  -17.035  10.670 0.0000000000
44166  -50.732  -17.245  10.674 0.0000000000
44167  -51.705  -17.243  10.714 0.0000000000
44168  -52.670  -17.202  10.810 0.0000000000
44196  -53.742  -18.397  8.117 0.0000000000
44197  -54.762  -18.610  8.030 0.0000000000
44198  -55.411  -18.845  7.899 0.0000000000
44214  -53.500  -17.484  7.698 0.0000000000
44215  -54.597  -17.644  7.772 0.0000000000
44216  -55.772  -18.083  7.704 0.0000000000
44217  -57.028  -17.880  7.199 0.0000000000
44218  -57.748  -18.564  6.862 0.0000000000
44219  -62.218  -17.464  7.248 0.0000000000
44220  -62.825  -18.312  6.971 0.0000000000
44231  -57.384  -17.359  6.515 0.0000000000
44232  -58.192  -17.923  6.292 0.0000000000
44233  -59.360  -17.855  5.283 0.0000000000
44234  -60.153  -18.452  4.830 0.0000000000
44235  -61.739  -17.519  6.093 0.0000000000
44236  -62.457  -18.140  6.085 0.0000000000
44247  -59.708  -17.214  4.827 0.0000000000
44248  -60.482  -17.763  4.613 0.0000000000
44249  -61.411  -17.663  4.907 0.0000000000
44250  -62.198  -17.984  5.235 0.0000000000
45206  -46.052  -16.590  13.146 0.0000000000
45207  -46.620  -16.565  13.355 0.0000000000
45208  -47.100  -16.613  13.562 0.0000000000
45215  -45.585  -16.327  12.836 0.0000000000
45216  -46.483  -16.067  12.982 0.0000000000
45217  -47.423  -16.107  12.970 0.0000000000
45218  -48.102  -16.580  12.810 0.0000000000
45223  -47.671  -15.743  11.663 0.0000000000
45224  -48.126  -16.552  11.972 0.0000000000
45226  -47.803  -15.583  10.931 0.0000000000
45227  -48.517  -16.096  10.545 0.0000000000
45228  -49.647  -16.462  10.113 0.0000000000
45229  -50.600  -16.604  10.130 0.0000000000
45230  -51.563  -16.642  10.226 0.0000000000
45231  -52.533  -16.646  10.313 0.0000000000
45232  -53.518  -16.629  10.407 0.0000000000
45244  -48.880  -15.584  9.761 0.0000000000
45245  -49.481  -15.789  9.674 0.0000000000
45246  -50.440  -15.943  9.650 0.0000000000
45247  -51.410  -16.003  9.737 0.0000000000
45248  -52.389  -16.044  9.828 0.0000000000
45249  -53.378  -16.105  9.866 0.0000000000
45250  -54.397  -16.125  9.942 0.0000000000
45269  -54.331  -16.838  7.105 0.0000000000
45270  -55.469  -17.033  7.261 0.0000000000
45271  -56.226  -17.345  7.282 0.0000000000
45272  -60.619  -16.226  7.196 0.0000000000
45273  -61.443  -16.562  7.434 0.0000000000
45289  -54.002  -16.345  6.091 0.0000000000
45290  -55.185  -16.509  6.254 0.0000000000
45291  -56.579  -16.816  6.466 0.0000000000
45292  -57.830  -16.985  5.886 0.0000000000
45293  -58.551  -17.342  5.575 0.0000000000
45294  -60.084  -16.273  6.399 0.0000000000
45295  -60.820  -16.919  5.918 0.0000000000
45321  -54.758  -16.074  5.158 0.0000000000
45322  -56.001  -16.174  5.256 0.0000000000
45323  -57.356  -16.245  5.137 0.0000000000
45324  -58.802  -16.640  4.915 0.0000000000
45325  -59.979  -16.556  5.018 0.0000000000
45326  -60.685  -17.237  4.969 0.0000000000
45346  -57.991  -16.104  4.397 0.0000000000
45347  -58.520  -15.979  4.110 0.0000000000
46176  -45.013  -15.572  12.241 0.0000000000
46177  -46.173  -15.508  12.561 0.0000000000
46178  -46.815  -15.605  12.750 0.0000000000
46184  -44.158  -14.968  11.797 0.0000000000
46185  -44.965  -14.731  11.756 0.0000000000
46186  -45.857  -14.744  12.072 0.0000000000
46187  -46.970  -15.006  12.198 0.0000000000
46192  -47.396  -15.062  11.203 0.0000000000
46193  -47.831  -15.213  10.441 0.0000000000
46199  -48.380  -15.223  9.830 0.0000000000
46200  -49.279  -14.921  9.345 0.0000000000
46201  -50.255  -15.239  9.217 0.0000000000
46202  -51.215  -15.378  9.179 0.0000000000
46203  -52.207  -15.450  9.269 0.0000000000
46204  -53.199  -15.530  9.346 0.0000000000
46205  -54.208  -15.568  9.401 0.0000000000
46206  -55.292  -15.504  9.530 0.0000000000
46213  -49.680  -14.365  9.135 0.0000000000
46214  -50.143  -14.529  8.970 0.0000000000
46215  -50.969  -14.701  8.648 0.0000000000
46216  -51.969  -14.876  8.558 0.0000000000
46217  -52.985  -14.977  8.731 0.0000000000
46218  -53.968  -15.026  8.854 0.0000000000
46219  -54.986  -14.934  8.954 0.0000000000
46220  -56.118  -14.734  9.116 0.0000000000
46221  -57.283  -14.520  9.202 0.0000000000
46222  -61.296  -14.602  8.406 0.0000000000
46223  -61.941  -15.308  8.319 0.0000000000
46230  -59.167  -14.765  6.977 0.0000000000
46231  -60.191  -15.207  7.598 0.0000000000
46232  -61.192  -15.489  7.852 0.0000000000
46242  -58.942  -15.288  5.646 0.0000000000
46243  -59.506  -15.785  6.136 0.0000000000
46269  -55.511  -15.767  4.226 0.0000000000
46270  -56.716  -15.746  4.323 0.0000000000
46271  -57.439  -15.904  4.394 0.0000000000
46272  -59.181  -15.750  4.461 0.0000000000
46273  -59.487  -15.880  5.179 0.0000000000
46294  -55.085  -15.623  3.538 0.0000000000
46295  -56.361  -15.617  3.145 0.0000000000
46296  -57.646  -15.751  3.664 0.0000000000
46297  -58.557  -15.566  3.528 0.0000000000
46306  -56.797  -15.770  2.384 0.0000000000
46307  -57.407  -15.767  2.650 0.0000000000
46308  -58.026  -15.591  3.036 0.0000000000
47035  -44.394  -14.144  11.456 0.0000000000
47036  -45.355  -14.057  11.537 0.0000000000
47037  -46.432  -14.069  11.498 0.0000000000
47038  -47.049  -14.550  11.410 0.0000000000
47044  -46.617  -13.546  11.026 0.0000000000
47045  -47.321  -14.183  10.541 0.0000000000
47046  -47.869  -14.786  9.986 0.0000000000
47051  -47.739  -13.758  9.896 0.0000000000
47052  -48.296  -14.234  9.613 0.0000000000
47053  -49.286  -14.027  9.235 0.0000000000
47054  -59.523  -13.967  9.183 0.0000000000
47055  -60.648  -13.820  9.088 0.0000000000
47056  -61.307  -13.984  8.793 0.0000000000
47059  -49.953  -13.909  8.947 0.0000000000
47060  -50.646  -13.927  8.516 0.0000000000
47061  -51.695  -13.888  8.002 0.0000000000
47062  -52.765  -14.330  8.088 0.0000000000
47063  -53.730  -14.450  8.313 0.0000000000
47064  -54.632  -14.416  8.497 0.0000000000
47065  -55.654  -14.045  8.511 0.0000000000
47066  -56.925  -13.864  8.737 0.0000000000
47067  -58.351  -13.712  8.795 0.0000000000
47068  -59.550  -13.438  8.441 0.0000000000
47069  -60.600  -14.031  8.413 0.0000000000
47082  -52.145  -13.271  7.716 0.0000000000
47083  -52.663  -13.536  7.724 0.0000000000
47084  -53.540  -13.766  7.824 0.0000000000
47085  -54.422  -13.896  8.072 0.0000000000
47086  -54.994  -13.952  8.304 0.0000000000
47087  -59.051  -13.598  7.541 0.0000000000
47088  -59.773  -14.098  7.874 0.0000000000
47102  -58.108  -13.351  6.149 0.0000000000
47103  -58.474  -14.148  6.326 0.0000000000
47119  -58.258  -13.788  5.541 0.0000000000
47120  -58.659  -14.585  4.905 0.0000000000
47137  -55.551  -15.468  3.001 0.0000000000
47138  -59.119  -15.006  3.644 0.0000000000
47139  -59.461  -14.923  2.795 0.0000000000
47144  -55.286  -15.066  2.935 0.0000000000
47145  -56.234  -15.403  2.364 0.0000000000
47146  -57.244  -15.826  1.985 0.0000000000
47147  -58.506  -15.386  2.504 0.0000000000
47148  -59.947  -15.333  1.929 0.0000000000
47149  -60.803  -15.423  1.118 0.0000000000
47152  -56.902  -15.276  1.837 0.0000000000
47153  -57.790  -15.210  1.948 0.0000000000
47154  -58.989  -15.167  1.575 0.0000000000
47155  -60.030  -15.433  0.954 0.0000000000
47156  -60.741  -15.343  0.310 0.0000000000
47159  -59.367  -15.113  0.893 0.0000000000
47160  -59.893  -15.143  0.250 0.0000000000
47161  -60.457  -15.004  -0.211 0.0000000000
47164  -60.025  -14.867  -0.195 0.0000000000
47165  -60.266  -14.742  -0.270 0.0000000000
47822  -43.719  -13.395  11.328 0.0000000000
47823  -44.694  -13.221  11.179 0.0000000000
47824  -45.690  -13.415  11.288 0.0000000000
47825  -46.227  -13.487  11.242 0.0000000000
47832  -44.757  -12.726  11.019 0.0000000000
47833  -45.230  -12.788  11.015 0.0000000000
47834  -46.098  -12.934  11.023 0.0000000000
47835  -46.871  -13.069  10.662 0.0000000000
47838  -47.487  -13.192  10.148 0.0000000000
47839  -48.107  -13.262  9.703 0.0000000000
47840  -48.871  -13.319  9.417 0.0000000000
47848  -49.626  -13.271  9.121 0.0000000000
47849  -50.267  -13.217  8.713 0.0000000000
47850  -50.956  -13.099  8.231 0.0000000000
47851  -55.806  -13.488  8.300 0.0000000000
47852  -56.413  -13.212  8.381 0.0000000000
47853  -57.604  -12.868  8.465 0.0000000000
47854  -58.620  -12.635  8.334 0.0000000000
47867  -51.716  -12.771  7.765 0.0000000000
47868  -52.512  -12.793  7.574 0.0000000000
47869  -53.334  -12.943  7.558 0.0000000000
47870  -54.288  -13.117  7.686 0.0000000000
47871  -55.279  -13.373  8.067 0.0000000000
47872  -55.874  -13.214  8.213 0.0000000000
47873  -58.950  -12.506  7.853 0.0000000000
47885  -57.913  -12.568  6.368 0.0000000000
47886  -58.482  -13.012  6.980 0.0000000000
47899  -57.799  -13.064  5.392 0.0000000000
47900  -58.311  -13.691  4.918 0.0000000000
47917  -58.107  -13.118  4.581 0.0000000000
47918  -58.734  -13.820  4.138 0.0000000000
47919  -59.381  -14.111  3.367 0.0000000000
47925  -55.661  -14.360  2.817 0.0000000000
47926  -56.483  -14.582  2.323 0.0000000000
47927  -60.040  -14.257  2.578 0.0000000000
47928  -60.775  -14.483  1.583 0.0000000000
47932  -57.206  -14.558  2.087 0.0000000000
47933  -58.056  -14.428  1.730 0.0000000000
47934  -58.786  -14.723  1.242 0.0000000000
47935  -61.332  -14.679  0.606 0.0000000000
47939  -58.396  -14.083  1.377 0.0000000000
47940  -59.042  -14.345  0.768 0.0000000000
47941  -59.648  -14.413  0.124 0.0000000000
47942  -61.135  -14.598  -0.235 0.0000000000
47946  -60.017  -14.368  -0.209 0.0000000000
47947  -60.544  -14.339  -0.334 0.0000000000
48568  -43.938  -12.452  11.092 0.0000000000
48569  -44.496  -12.660  11.028 0.0000000000
48575  -44.130  -11.955  10.929 0.0000000000
48576  -44.639  -12.226  10.863 0.0000000000
48577  -45.495  -12.185  10.738 0.0000000000
48578  -46.339  -12.231  10.622 0.0000000000
48579  -47.125  -12.330  10.350 0.0000000000
48581  -47.801  -12.440  9.910 0.0000000000
48582  -48.534  -12.501  9.587 0.0000000000
48583  -49.292  -12.512  9.302 0.0000000000
48593  -49.922  -12.544  8.936 0.0000000000
48594  -50.452  -12.459  8.548 0.0000000000
48595  -51.026  -12.210  8.105 0.0000000000
48596  -56.898  -12.235  8.261 0.0000000000
48597  -57.934  -11.853  8.167 0.0000000000
48598  -58.632  -12.105  8.131 0.0000000000
48609  -51.553  -11.940  7.718 0.0000000000
48610  -52.193  -12.040  7.494 0.0000000000
48611  -53.020  -12.114  7.373 0.0000000000
48612  -53.981  -12.220  7.328 0.0000000000
48613  -55.140  -12.288  7.585 0.0000000000
48614  -55.982  -12.687  8.075 0.0000000000
48615  -57.815  -11.549  7.467 0.0000000000
48616  -58.467  -11.924  7.855 0.0000000000
48628  -57.660  -11.713  6.627 0.0000000000
48629  -58.291  -12.147  7.257 0.0000000000
48642  -57.370  -12.077  5.634 0.0000000000
48656  -57.518  -12.360  4.657 0.0000000000
48657  -58.367  -12.606  3.838 0.0000000000
48658  -59.009  -13.378  3.659 0.0000000000
48664  -56.139  -13.171  2.838 0.0000000000
48665  -56.812  -13.915  2.458 0.0000000000
48666  -58.800  -12.129  3.362 0.0000000000
48667  -59.468  -12.893  3.155 0.0000000000
48668  -60.545  -13.145  2.208 0.0000000000
48672  -56.438  -12.435  2.664 0.0000000000
48673  -57.199  -13.065  2.233 0.0000000000
48674  -57.930  -13.671  1.688 0.0000000000
48675  -61.407  -13.164  0.992 0.0000000000
48676  -61.843  -12.452  0.592 0.0000000000
48680  -57.400  -12.263  1.845 0.0000000000
48681  -58.107  -13.009  1.399 0.0000000000
48682  -59.258  -13.260  0.577 0.0000000000
48683  -59.701  -13.916  0.023 0.0000000000
48684  -61.750  -13.683  -0.104 0.0000000000
48685  -62.157  -12.740  0.103 0.0000000000
48690  -59.543  -12.904  0.356 0.0000000000
48691  -60.011  -13.332  -0.071 0.0000000000
48692  -61.220  -13.308  -0.817 0.0000000000
48693  -62.237  -12.734  -0.905 0.0000000000
48699  -61.894  -12.562  -1.462 0.0000000000
48700  -62.273  -12.275  -1.488 0.0000000000
49389  -43.227  -11.782  11.439 0.0000000000
49390  -43.772  -11.615  11.112 0.0000000000
49395  -44.261  -11.499  10.862 0.0000000000
49396  -44.928  -11.439  10.660 0.0000000000
49397  -45.763  -11.411  10.535 0.0000000000
49398  -46.627  -11.451  10.388 0.0000000000
49399  -47.440  -11.593  10.139 0.0000000000
49401  -48.156  -11.711  9.796 0.0000000000
49402  -48.927  -11.707  9.555 0.0000000000
49403  -49.783  -11.674  9.217 0.0000000000
49404  -50.146  -11.221  9.128 0.0000000000
49416  -50.132  -12.062  8.803 0.0000000000
49417  -50.464  -11.561  8.662 0.0000000000
49418  -51.154  -11.370  8.069 0.0000000000
49419  -56.971  -11.371  7.942 0.0000000000
49420  -57.356  -11.286  7.708 0.0000000000
49429  -51.819  -11.267  7.651 0.0000000000
49430  -52.613  -11.276  7.444 0.0000000000
49431  -53.508  -11.305  7.304 0.0000000000
49432  -54.519  -11.326  7.351 0.0000000000
49433  -55.452  -11.278  7.581 0.0000000000
49434  -56.166  -11.739  7.882 0.0000000000
49435  -57.330  -10.999  7.357 0.0000000000
49446  -57.369  -10.945  6.833 0.0000000000
49460  -57.121  -11.117  5.928 0.0000000000
49473  -57.145  -11.328  4.953 0.0000000000
49474  -57.683  -11.445  4.121 0.0000000000
49485  -55.319  -11.898  3.314 0.0000000000
49486  -58.436  -11.416  3.493 0.0000000000
49487  -59.185  -11.588  3.029 0.0000000000
49488  -60.058  -11.872  2.548 0.0000000000
49491  -56.009  -11.913  2.946 0.0000000000
49492  -56.381  -11.693  2.530 0.0000000000
49493  -61.026  -11.943  1.857 0.0000000000
49494  -61.717  -11.888  0.992 0.0000000000
49498  -56.886  -11.572  2.080 0.0000000000
49499  -57.486  -11.521  1.641 0.0000000000
49500  -58.411  -11.796  1.175 0.0000000000
49501  -62.147  -12.012  0.340 0.0000000000
49505  -59.362  -12.055  0.507 0.0000000000
49506  -60.352  -11.935  -0.314 0.0000000000
49507  -61.324  -11.921  -1.183 0.0000000000
49508  -62.435  -11.876  -0.409 0.0000000000
49517  -62.015  -11.792  -1.638 0.0000000000
49518  -62.397  -11.638  -1.285 0.0000000000
50331  -42.881  -10.761  12.114 0.0000000000
50337  -43.375  -10.942  11.558 0.0000000000
50338  -43.825  -10.610  11.295 0.0000000000
50342  -43.880  -11.061  11.084 0.0000000000
50343  -44.344  -10.701  10.864 0.0000000000
50344  -45.183  -10.618  10.592 0.0000000000
50345  -46.044  -10.581  10.463 0.0000000000
50346  -47.038  -10.604  10.275 0.0000000000
50347  -47.891  -10.364  10.135 0.0000000000
50348  -48.637  -10.374  10.108 0.0000000000
50351  -47.798  -11.045  10.017 0.0000000000
50352  -48.457  -11.002  9.868 0.0000000000
50353  -49.286  -10.860  9.778 0.0000000000
50354  -49.978  -10.866  9.527 0.0000000000
50367  -50.375  -10.798  9.132 0.0000000000
50368  -50.814  -10.732  8.619 0.0000000000
50369  -56.757  -11.056  7.754 0.0000000000
50370  -56.971  -11.032  7.715 0.0000000000
50377  -51.378  -10.537  8.047 0.0000000000
50378  -52.132  -10.468  7.615 0.0000000000
50379  -52.972  -10.438  7.411 0.0000000000
50380  -53.916  -10.410  7.318 0.0000000000
50381  -54.976  -10.415  7.427 0.0000000000
50382  -56.263  -10.681  7.616 0.0000000000
50383  -56.950  -10.764  7.487 0.0000000000
50391  -56.498  -10.135  7.227 0.0000000000
50392  -57.011  -10.418  7.070 0.0000000000
50408  -56.526  -9.854  6.783 0.0000000000
50409  -56.776  -10.200  6.262 0.0000000000
50418  -56.982  -10.306  5.304 0.0000000000
50419  -57.443  -10.392  4.524 0.0000000000
50431  -54.638  -11.056  3.297 0.0000000000
50432  -58.067  -10.392  3.797 0.0000000000
50433  -59.012  -10.316  3.103 0.0000000000
50434  -59.678  -10.935  2.678 0.0000000000
50440  -54.188  -10.343  3.041 0.0000000000
50441  -55.370  -10.728  2.731 0.0000000000
50442  -56.194  -10.845  2.236 0.0000000000
50443  -59.869  -10.225  2.681 0.0000000000
50444  -60.603  -10.748  2.366 0.0000000000
50445  -61.540  -10.814  1.551 0.0000000000
50449  -55.815  -10.234  2.105 0.0000000000
50450  -56.603  -10.477  1.783 0.0000000000
50451  -57.553  -10.437  1.261 0.0000000000
50452  -58.523  -10.853  0.899 0.0000000000
50453  -62.135  -10.948  0.305 0.0000000000
50459  -58.066  -10.052  0.706 0.0000000000
50460  -59.182  -10.506  0.255 0.0000000000
50461  -60.546  -10.431  -0.799 0.0000000000
50462  -61.540  -11.056  -1.380 0.0000000000
50463  -62.515  -10.781  -0.855 0.0000000000
50475  -61.433  -10.244  -1.484 0.0000000000
50476  -62.086  -10.705  -1.536 0.0000000000
50477  -62.356  -10.726  -1.317 0.0000000000
51381  -43.282  -10.262  12.264 0.0000000000
51382  -44.049  -9.564  12.345 0.0000000000
51390  -43.608  -10.434  11.631 0.0000000000
51391  -44.026  -10.035  11.472 0.0000000000
51394  -44.719  -9.901  10.856 0.0000000000
51395  -45.443  -9.853  10.640 0.0000000000
51396  -46.270  -9.708  10.512 0.0000000000
51397  -47.217  -9.615  10.369 0.0000000000
51398  -48.176  -9.656  10.311 0.0000000000
51399  -49.284  -9.940  10.280 0.0000000000
51400  -49.923  -9.724  10.451 0.0000000000
51403  -49.770  -10.483  9.922 0.0000000000
51404  -50.347  -10.132  9.831 0.0000000000
51405  -50.743  -9.644  9.614 0.0000000000
51419  -50.627  -10.366  9.112 0.0000000000
51420  -50.996  -9.836  8.892 0.0000000000
51426  -51.693  -9.701  7.986 0.0000000000
51427  -52.402  -9.645  7.604 0.0000000000
51428  -53.229  -9.528  7.387 0.0000000000
51429  -54.205  -9.475  7.318 0.0000000000
51430  -55.272  -9.432  7.216 0.0000000000
51431  -56.044  -9.852  7.306 0.0000000000
51433  -55.357  -8.871  6.904 0.0000000000
51434  -55.903  -9.290  6.833 0.0000000000
51449  -56.305  -9.246  6.256 0.0000000000
51450  -56.659  -9.328  5.554 0.0000000000
51459  -57.108  -9.395  4.801 0.0000000000
51460  -57.720  -9.414  4.151 0.0000000000
51471  -53.812  -9.268  3.142 0.0000000000
51472  -58.469  -9.365  3.588 0.0000000000
51473  -59.191  -9.216  3.165 0.0000000000
51478  -53.626  -9.782  3.025 0.0000000000
51479  -54.425  -9.670  2.654 0.0000000000
51480  -55.243  -9.764  2.236 0.0000000000
51481  -59.760  -9.505  2.827 0.0000000000
51482  -60.461  -9.709  2.582 0.0000000000
51483  -61.320  -9.722  2.160 0.0000000000
51486  -55.973  -9.685  1.920 0.0000000000
51487  -56.672  -9.638  1.447 0.0000000000
51488  -57.399  -9.444  0.964 0.0000000000
51489  -61.841  -9.572  1.001 0.0000000000
51501  -58.224  -9.412  0.421 0.0000000000
51502  -59.233  -9.425  -0.187 0.0000000000
51503  -60.070  -9.199  -0.864 0.0000000000
51504  -62.440  -9.569  -0.411 0.0000000000
51515  -61.017  -9.427  -1.421 0.0000000000
51516  -61.880  -9.602  -1.799 0.0000000000
51517  -62.472  -9.671  -1.528 0.0000000000
52480  -44.800  -8.917  12.423 0.0000000000
52490  -44.762  -9.271  11.424 0.0000000000
52491  -45.621  -8.532  11.583 0.0000000000
52499  -45.059  -9.459  10.862 0.0000000000
52500  -45.533  -9.142  10.839 0.0000000000
52501  -46.474  -8.719  10.759 0.0000000000
52502  -47.515  -8.874  10.540 0.0000000000
52503  -48.466  -8.940  10.546 0.0000000000
52504  -49.473  -9.044  10.703 0.0000000000
52505  -50.461  -9.445  10.611 0.0000000000
52509  -50.610  -9.566  9.960 0.0000000000
52510  -51.037  -9.006  9.706 0.0000000000
52524  -51.655  -8.756  8.465 0.0000000000
52525  -52.069  -8.223  8.165 0.0000000000
52527  -51.989  -9.153  7.844 0.0000000000
52528  -52.444  -8.649  7.698 0.0000000000
52529  -53.432  -8.617  7.354 0.0000000000
52530  -54.270  -8.552  7.187 0.0000000000
52531  -54.869  -8.401  6.941 0.0000000000
52533  -55.348  -8.332  6.670 0.0000000000
52534  -55.852  -8.363  6.320 0.0000000000
52547  -56.347  -8.368  5.793 0.0000000000
52548  -56.825  -8.405  5.115 0.0000000000
52562  -53.746  -8.157  4.119 0.0000000000
52563  -54.240  -8.055  4.052 0.0000000000
52564  -57.403  -8.466  4.468 0.0000000000
52565  -58.102  -8.444  3.907 0.0000000000
52577  -53.417  -8.778  3.587 0.0000000000
52578  -54.547  -8.640  3.309 0.0000000000
52579  -55.682  -8.328  2.938 0.0000000000
52580  -56.217  -8.094  2.687 0.0000000000
52581  -58.934  -8.419  3.428 0.0000000000
52582  -59.983  -8.540  2.972 0.0000000000
52583  -61.094  -8.027  2.784 0.0000000000
52584  -61.745  -7.738  2.782 0.0000000000
52588  -54.908  -9.309  2.588 0.0000000000
52589  -55.496  -9.067  2.324 0.0000000000
52590  -56.266  -8.552  2.119 0.0000000000
52591  -56.947  -8.297  1.648 0.0000000000
52592  -60.268  -9.162  2.751 0.0000000000
52593  -60.887  -8.935  2.635 0.0000000000
52594  -61.972  -8.406  2.209 0.0000000000
52606  -56.189  -9.170  1.774 0.0000000000
52607  -56.738  -8.916  1.339 0.0000000000
52608  -57.663  -8.555  0.887 0.0000000000
52609  -58.582  -8.267  0.516 0.0000000000
52610  -62.321  -8.146  0.423 0.0000000000
52622  -58.508  -8.805  0.235 0.0000000000
52623  -59.465  -8.460  -0.165 0.0000000000
52624  -60.772  -8.405  -1.030 0.0000000000
52625  -61.779  -8.033  -1.535 0.0000000000
52626  -62.620  -8.300  -1.288 0.0000000000
52632  -61.580  -8.819  -1.753 0.0000000000
52633  -62.290  -8.840  -1.925 0.0000000000
52634  -62.651  -8.908  -1.828 0.0000000000
53687  -51.531  -7.927  10.162 0.0000000000
53691  -51.544  -7.925  9.176 0.0000000000
53705  -51.926  -7.838  8.512 0.0000000000
53706  -52.357  -7.768  8.077 0.0000000000
53708  -52.908  -7.801  7.634 0.0000000000
53709  -53.589  -7.798  7.375 0.0000000000
53710  -54.222  -7.655  7.145 0.0000000000
53711  -54.828  -7.530  6.853 0.0000000000
53713  -55.428  -7.454  6.532 0.0000000000
53714  -56.034  -7.422  6.107 0.0000000000
53727  -56.600  -7.455  5.532 0.0000000000
53728  -57.234  -7.413  4.870 0.0000000000
53729  -57.937  -6.953  4.504 0.0000000000
53746  -53.346  -7.348  4.593 0.0000000000
53747  -54.054  -7.380  4.471 0.0000000000
53748  -54.668  -7.156  4.324 0.0000000000
53749  -57.819  -7.714  4.288 0.0000000000
53750  -58.731  -7.337  3.945 0.0000000000
53751  -59.849  -6.950  3.642 0.0000000000
53752  -60.744  -6.813  3.587 0.0000000000
53763  -54.578  -7.815  4.066 0.0000000000
53764  -55.270  -7.580  3.821 0.0000000000
53765  -56.113  -7.543  3.218 0.0000000000
53766  -59.533  -7.725  3.381 0.0000000000
53767  -60.429  -7.506  3.198 0.0000000000
53768  -61.436  -7.198  3.208 0.0000000000
53769  -62.116  -7.310  2.812 0.0000000000
53776  -56.746  -7.726  2.467 0.0000000000
53777  -57.602  -7.616  1.721 0.0000000000
53778  -58.472  -7.164  1.364 0.0000000000
53779  -62.356  -7.039  1.621 0.0000000000
53792  -58.275  -7.851  1.007 0.0000000000
53793  -59.361  -7.408  0.541 0.0000000000
53794  -60.644  -6.831  -0.133 0.0000000000
53795  -61.250  -6.434  -0.718 0.0000000000
53796  -62.295  -6.977  0.394 0.0000000000
53803  -60.297  -7.704  -0.284 0.0000000000
53804  -61.172  -7.342  -0.821 0.0000000000
53805  -61.848  -7.029  -0.889 0.0000000000
53806  -62.286  -7.200  -0.413 0.0000000000
54810  -51.749  -7.177  9.479 0.0000000000
54814  -51.932  -7.203  8.781 0.0000000000
54815  -52.137  -6.470  9.115 0.0000000000
54829  -52.220  -7.394  8.400 0.0000000000
54830  -52.704  -6.882  8.165 0.0000000000
54831  -53.284  -6.459  7.893 0.0000000000
54833  -53.182  -7.333  7.662 0.0000000000
54834  -53.569  -6.977  7.588 0.0000000000
54835  -54.278  -6.784  7.234 0.0000000000
54836  -54.906  -6.622  6.834 0.0000000000
54838  -55.573  -6.498  6.419 0.0000000000
54839  -56.294  -6.413  5.891 0.0000000000
54840  -56.819  -5.966  5.502 0.0000000000
54852  -56.876  -6.698  5.367 0.0000000000
54853  -57.538  -6.225  5.070 0.0000000000
54854  -58.670  -6.148  4.591 0.0000000000
54855  -59.744  -5.835  4.488 0.0000000000
54870  -53.489  -6.381  4.679 0.0000000000
54871  -54.281  -6.393  4.531 0.0000000000
54872  -55.074  -6.488  4.333 0.0000000000
54873  -59.464  -6.488  4.154 0.0000000000
54874  -60.482  -6.266  4.182 0.0000000000
54875  -61.424  -6.372  3.879 0.0000000000
54876  -62.034  -6.149  3.721 0.0000000000
54885  -55.854  -6.598  3.861 0.0000000000
54886  -56.714  -6.638  3.246 0.0000000000
54887  -57.419  -6.249  2.893 0.0000000000
54888  -61.988  -6.742  3.425 0.0000000000
54889  -62.377  -6.334  2.843 0.0000000000
54899  -57.313  -6.982  2.546 0.0000000000
54900  -58.112  -6.509  2.191 0.0000000000
54901  -59.288  -6.293  1.325 0.0000000000
54902  -60.298  -5.727  0.730 0.0000000000
54903  -62.437  -5.967  1.722 0.0000000000
54913  -60.149  -6.427  0.483 0.0000000000
54914  -60.871  -5.799  -0.181 0.0000000000
54915  -61.650  -5.891  -0.420 0.0000000000
54916  -62.268  -5.974  0.466 0.0000000000
54923  -62.108  -6.448  -0.414 0.0000000000
54924  -62.205  -6.607  -0.060 0.0000000000
55807  -52.710  -5.789  9.606 0.0000000000
55821  -52.770  -5.934  8.710 0.0000000000
55822  -53.216  -6.010  8.188 0.0000000000
55824  -53.720  -6.091  7.657 0.0000000000
55825  -54.355  -5.924  7.226 0.0000000000
55826  -54.981  -5.613  6.749 0.0000000000
55828  -55.729  -5.487  6.303 0.0000000000
55829  -56.368  -5.333  5.852 0.0000000000
55830  -57.179  -5.146  5.477 0.0000000000
55841  -58.158  -5.166  5.078 0.0000000000
55842  -59.318  -4.961  4.823 0.0000000000
55843  -60.813  -5.368  4.814 0.0000000000
55844  -61.573  -5.150  4.832 0.0000000000
55857  -53.797  -5.433  4.666 0.0000000000
55858  -54.701  -5.490  4.565 0.0000000000
55859  -55.563  -5.616  4.355 0.0000000000
55860  -61.187  -5.927  4.403 0.0000000000
55861  -61.778  -5.580  4.416 0.0000000000
55862  -62.261  -5.435  3.491 0.0000000000
55869  -56.361  -5.665  3.939 0.0000000000
55870  -57.137  -5.539  3.415 0.0000000000
55871  -57.889  -5.507  2.812 0.0000000000
55872  -62.441  -5.277  2.322 0.0000000000
55882  -58.797  -5.439  2.175 0.0000000000
55883  -59.861  -5.137  1.414 0.0000000000
55884  -60.946  -4.902  0.516 0.0000000000
55885  -61.533  -4.641  0.645 0.0000000000
55886  -62.337  -5.189  1.217 0.0000000000
55894  -61.331  -5.357  -0.069 0.0000000000
55895  -61.745  -5.083  0.313 0.0000000000
55896  -62.174  -5.185  0.617 0.0000000000
56791  -53.139  -5.310  8.875 0.0000000000
56792  -53.742  -4.701  8.982 0.0000000000
56806  -53.191  -5.602  8.485 0.0000000000
56807  -53.622  -5.216  8.096 0.0000000000
56808  -54.531  -4.193  8.210 0.0000000000
56809  -55.163  -3.763  7.766 0.0000000000
56811  -53.986  -5.533  7.571 0.0000000000
56812  -54.381  -5.060  7.371 0.0000000000
56813  -55.398  -4.303  6.902 0.0000000000
56814  -56.130  -3.855  6.676 0.0000000000
56818  -55.973  -4.824  6.261 0.0000000000
56819  -56.569  -4.269  6.175 0.0000000000
56820  -57.974  -4.068  5.706 0.0000000000
56821  -58.695  -3.628  5.996 0.0000000000
56833  -54.003  -3.744  5.160 0.0000000000
56834  -54.780  -3.833  5.091 0.0000000000
56835  -55.315  -3.741  4.933 0.0000000000
56836  -58.597  -4.541  5.243 0.0000000000
56837  -59.124  -4.006  5.553 0.0000000000
56838  -60.347  -4.272  5.397 0.0000000000
56839  -61.598  -4.396  5.196 0.0000000000
56840  -62.184  -3.857  5.107 0.0000000000
56856  -54.291  -4.566  4.848 0.0000000000
56857  -55.326  -4.479  4.676 0.0000000000
56858  -56.160  -4.182  4.435 0.0000000000
56859  -61.856  -4.985  4.752 0.0000000000
56860  -62.252  -4.459  4.263 0.0000000000
56867  -56.032  -4.913  4.321 0.0000000000
56868  -56.793  -4.593  3.982 0.0000000000
56869  -57.727  -4.544  3.326 0.0000000000
56870  -58.540  -4.040  2.920 0.0000000000
56871  -62.364  -4.503  2.898 0.0000000000
56880  -58.395  -4.760  2.699 0.0000000000
56881  -59.368  -4.314  2.273 0.0000000000
56882  -60.529  -4.180  1.468 0.0000000000
56883  -61.485  -4.129  1.137 0.0000000000
56884  -62.244  -4.187  1.611 0.0000000000
56892  -61.843  -4.535  0.842 0.0000000000
56893  -62.096  -4.786  0.843 0.0000000000
57798  -55.503  -3.500  8.538 0.0000000000
57800  -55.670  -3.457  7.669 0.0000000000
57801  -56.179  -3.443  7.180 0.0000000000
57802  -57.054  -3.131  7.200 0.0000000000
57803  -57.946  -2.766  7.172 0.0000000000
57808  -56.630  -3.595  6.712 0.0000000000
57809  -57.430  -3.447  6.564 0.0000000000
57810  -58.650  -3.033  6.625 0.0000000000
57811  -59.651  -2.738  6.612 0.0000000000
57812  -60.701  -2.544  6.640 0.0000000000
57813  -61.721  -2.493  6.690 0.0000000000
57825  -53.984  -3.177  5.289 0.0000000000
57826  -54.545  -3.149  5.294 0.0000000000
57827  -55.307  -3.153  5.142 0.0000000000
57828  -59.191  -3.360  6.140 0.0000000000
57829  -60.006  -3.345  5.978 0.0000000000
57830  -61.117  -3.342  5.933 0.0000000000
57831  -62.123  -3.042  5.836 0.0000000000
57848  -55.918  -3.444  4.734 0.0000000000
57849  -56.826  -3.431  4.356 0.0000000000
57850  -57.770  -2.930  4.017 0.0000000000
57851  -58.523  -2.666  3.518 0.0000000000
57852  -62.411  -3.152  4.703 0.0000000000
57863  -57.456  -3.831  3.889 0.0000000000
57864  -58.177  -3.520  3.432 0.0000000000
57865  -59.359  -3.079  2.898 0.0000000000
57866  -60.642  -2.607  2.240 0.0000000000
57867  -61.621  -2.483  1.941 0.0000000000
57868  -62.271  -3.110  2.800 0.0000000000
57877  -60.262  -3.502  2.135 0.0000000000
57878  -61.102  -3.235  1.525 0.0000000000
57879  -61.997  -3.275  1.539 0.0000000000
57880  -62.291  -3.446  1.849 0.0000000000
58783  -56.163  -3.029  8.201 0.0000000000
58784  -57.050  -2.665  8.492 0.0000000000
58790  -56.129  -3.193  7.690 0.0000000000
58791  -56.662  -2.960  7.757 0.0000000000
58792  -57.658  -2.614  7.843 0.0000000000
58793  -59.202  -2.035  7.757 0.0000000000
58794  -60.119  -1.544  7.915 0.0000000000
58795  -63.344  -0.880  7.182 0.0000000000
58796  -63.530  -0.580  7.206 0.0000000000
58800  -59.381  -2.388  7.098 0.0000000000
58801  -60.139  -1.880  7.365 0.0000000000
58802  -61.516  -1.748  7.532 0.0000000000
58803  -62.843  -1.700  7.147 0.0000000000
58804  -63.520  -0.989  7.071 0.0000000000
58817  -55.121  -2.351  5.293 0.0000000000
58818  -56.094  -2.228  4.827 0.0000000000
58819  -56.713  -1.564  4.586 0.0000000000
58820  -62.819  -2.213  5.700 0.0000000000
58821  -63.280  -1.422  6.344 0.0000000000
58840  -56.490  -2.805  4.598 0.0000000000
58841  -57.157  -2.066  4.340 0.0000000000
58842  -58.315  -1.835  3.847 0.0000000000
58843  -59.198  -1.898  3.332 0.0000000000
58844  -62.569  -1.997  4.310 0.0000000000
58845  -63.034  -1.603  5.436 0.0000000000
58859  -60.107  -1.889  2.879 0.0000000000
58860  -61.137  -1.757  2.568 0.0000000000
58861  -61.990  -1.893  2.640 0.0000000000
58862  -62.265  -2.090  3.209 0.0000000000
59742  -60.164  -0.896  7.756 0.0000000000
59743  -60.153  -1.130  7.397 0.0000000000
59744  -63.415  -0.212  7.444 0.0000000000
59745  -63.493  -0.389  7.174 0.0000000000
59747  -61.003  -0.876  7.824 0.0000000000
59748  -62.274  -0.708  8.123 0.0000000000
59749  -63.273  -0.597  7.822 0.0000000000
59750  -63.443  -0.696  6.524 0.0000000000
59764  -63.276  -1.022  5.692 0.0000000000
59781  -57.212  -0.919  4.498 0.0000000000
59782  -58.153  -0.825  4.266 0.0000000000
59783  -59.404  -0.674  3.753 0.0000000000
59784  -60.308  -0.257  3.859 0.0000000000
59785  -62.546  -1.081  4.372 0.0000000000
59786  -62.932  -1.284  4.965 0.0000000000
59800  -59.786  -1.302  3.269 0.0000000000
59801  -60.601  -0.891  3.344 0.0000000000
59802  -61.615  -1.200  3.227 0.0000000000
59803  -62.193  -1.491  3.506 0.0000000000
60721  -63.305  0.214  7.612 0.0000000000
60722  -63.361  0.058  7.373 0.0000000000
60726  -60.097  -0.087  6.943 0.0000000000
60727  -61.354  0.205  7.319 0.0000000000
60728  -62.845  0.317  7.376 0.0000000000
60729  -63.203  0.200  6.705 0.0000000000
60742  -60.293  0.121  5.892 0.0000000000
60743  -61.586  0.490  6.042 0.0000000000
60744  -62.660  0.376  5.902 0.0000000000
60745  -63.136  -0.317  5.777 0.0000000000
60761  -59.144  0.192  4.716 0.0000000000
60762  -60.455  0.179  4.683 0.0000000000
60763  -61.676  0.263  4.817 0.0000000000
60764  -62.505  -0.253  4.718 0.0000000000
60765  -62.984  -0.749  5.061 0.0000000000
60783  -60.918  -0.191  4.092 0.0000000000
60784  -61.596  -0.434  3.923 0.0000000000
60785  -62.087  -0.859  3.885 0.0000000000
