#!ascii label  , from subject FREESURFER vox2ras=TkReg 
322
24972  -49.074  -41.125  -11.012 0.0000000000
25738  -47.135  -40.838  -10.777 0.0000000000
25739  -47.858  -40.913  -10.802 0.0000000000
25745  -46.831  -40.091  -11.103 0.0000000000
25746  -47.645  -40.201  -11.145 0.0000000000
25747  -48.518  -40.489  -11.176 0.0000000000
25748  -49.444  -40.451  -11.544 0.0000000000
26508  -57.917  -39.600  -5.164 0.0000000000
26521  -57.175  -39.967  -5.577 0.0000000000
26522  -58.245  -39.541  -5.825 0.0000000000
26528  -57.674  -39.628  -6.141 0.0000000000
26529  -58.100  -39.152  -6.265 0.0000000000
26570  -46.438  -39.296  -11.269 0.0000000000
26571  -47.251  -39.359  -11.423 0.0000000000
26572  -48.149  -39.406  -11.559 0.0000000000
26573  -48.905  -39.767  -11.664 0.0000000000
26589  -48.776  -39.059  -11.999 0.0000000000
26590  -49.513  -39.429  -12.200 0.0000000000
27280  -57.524  -38.700  -4.844 0.0000000000
27281  -58.538  -38.589  -5.501 0.0000000000
27282  -58.917  -38.047  -5.779 0.0000000000
27301  -56.433  -39.669  -6.104 0.0000000000
27302  -57.162  -39.667  -6.127 0.0000000000
27303  -58.678  -38.778  -6.091 0.0000000000
27304  -58.954  -38.270  -5.932 0.0000000000
27320  -55.694  -38.867  -6.572 0.0000000000
27321  -57.160  -38.904  -6.537 0.0000000000
27322  -58.211  -38.336  -6.418 0.0000000000
27323  -58.831  -38.058  -6.202 0.0000000000
27366  -46.814  -38.355  -11.471 0.0000000000
27367  -47.582  -38.677  -11.660 0.0000000000
27380  -47.465  -37.967  -11.770 0.0000000000
27381  -48.176  -38.298  -12.045 0.0000000000
27382  -49.085  -38.330  -12.499 0.0000000000
27383  -49.840  -38.684  -12.742 0.0000000000
27399  -49.618  -37.928  -13.047 0.0000000000
27400  -50.358  -38.320  -13.361 0.0000000000
27418  -50.810  -38.039  -13.966 0.0000000000
28058  -55.726  -37.229  -4.134 0.0000000000
28059  -57.010  -37.474  -4.539 0.0000000000
28060  -58.115  -37.609  -5.048 0.0000000000
28061  -58.729  -37.610  -5.622 0.0000000000
28073  -59.041  -37.678  -6.000 0.0000000000
28088  -54.879  -38.082  -7.130 0.0000000000
28089  -56.127  -37.863  -6.949 0.0000000000
28090  -57.332  -37.329  -6.810 0.0000000000
28091  -58.519  -37.561  -6.382 0.0000000000
28092  -58.878  -37.638  -6.201 0.0000000000
28105  -52.863  -37.421  -8.065 0.0000000000
28106  -54.283  -37.642  -7.921 0.0000000000
28107  -55.497  -37.243  -7.865 0.0000000000
28108  -56.311  -37.142  -7.352 0.0000000000
28114  -53.482  -36.967  -8.682 0.0000000000
28115  -54.167  -37.185  -8.538 0.0000000000
28116  -54.841  -37.241  -8.329 0.0000000000
28154  -47.050  -37.291  -11.534 0.0000000000
28167  -47.715  -37.275  -12.085 0.0000000000
28168  -48.481  -37.322  -12.577 0.0000000000
28169  -49.094  -37.538  -12.892 0.0000000000
28182  -48.858  -36.985  -13.039 0.0000000000
28183  -49.339  -37.123  -13.349 0.0000000000
28184  -49.875  -37.532  -13.521 0.0000000000
28198  -49.733  -36.925  -13.776 0.0000000000
28199  -50.313  -37.293  -14.048 0.0000000000
28200  -51.045  -37.431  -14.536 0.0000000000
28201  -51.619  -37.782  -14.706 0.0000000000
28211  -51.495  -37.170  -14.922 0.0000000000
28212  -52.110  -37.456  -15.179 0.0000000000
28840  -55.211  -36.441  -4.315 0.0000000000
28841  -56.472  -36.428  -4.569 0.0000000000
28842  -57.703  -36.578  -4.962 0.0000000000
28843  -58.447  -36.905  -5.406 0.0000000000
28849  -54.427  -36.096  -4.844 0.0000000000
28850  -55.695  -35.928  -5.093 0.0000000000
28851  -57.014  -35.903  -5.461 0.0000000000
28852  -58.140  -36.274  -5.787 0.0000000000
28853  -58.817  -36.962  -5.916 0.0000000000
28859  -53.537  -35.859  -5.593 0.0000000000
28860  -54.754  -35.693  -5.779 0.0000000000
28861  -56.041  -35.613  -6.098 0.0000000000
28862  -57.139  -35.933  -6.692 0.0000000000
28863  -58.315  -36.801  -6.376 0.0000000000
28864  -58.816  -37.303  -6.183 0.0000000000
28877  -51.733  -36.863  -8.214 0.0000000000
28878  -55.665  -36.725  -8.148 0.0000000000
28879  -56.146  -36.319  -7.807 0.0000000000
28889  -49.928  -36.205  -8.326 0.0000000000
28890  -51.118  -36.186  -8.612 0.0000000000
28891  -52.707  -36.461  -8.991 0.0000000000
28892  -54.100  -36.707  -9.079 0.0000000000
28893  -55.248  -36.640  -8.649 0.0000000000
28894  -55.735  -35.823  -8.772 0.0000000000
28905  -53.108  -36.008  -9.569 0.0000000000
28906  -53.831  -36.178  -9.561 0.0000000000
28907  -54.893  -36.142  -9.441 0.0000000000
28908  -55.455  -35.967  -9.165 0.0000000000
28933  -46.809  -36.443  -11.110 0.0000000000
28934  -47.447  -36.407  -11.762 0.0000000000
28947  -48.010  -36.422  -12.361 0.0000000000
28948  -48.563  -36.382  -12.871 0.0000000000
28957  -48.974  -36.484  -13.273 0.0000000000
28958  -49.362  -36.308  -13.644 0.0000000000
28965  -49.873  -36.286  -14.173 0.0000000000
28966  -50.676  -36.336  -14.732 0.0000000000
28967  -51.181  -36.825  -14.878 0.0000000000
28976  -50.982  -35.812  -15.145 0.0000000000
28977  -51.503  -36.356  -15.269 0.0000000000
28978  -52.456  -36.516  -15.717 0.0000000000
28979  -53.090  -36.823  -15.978 0.0000000000
28986  -52.926  -36.215  -16.072 0.0000000000
28987  -53.621  -36.461  -16.314 0.0000000000
29638  -52.641  -35.576  -6.302 0.0000000000
29639  -53.789  -35.438  -6.486 0.0000000000
29640  -55.065  -35.346  -6.720 0.0000000000
29641  -56.107  -35.327  -6.951 0.0000000000
29647  -51.736  -35.226  -6.871 0.0000000000
29648  -52.820  -35.137  -7.133 0.0000000000
29649  -54.099  -34.953  -7.371 0.0000000000
29650  -55.485  -34.878  -7.529 0.0000000000
29651  -56.235  -35.232  -7.723 0.0000000000
29656  -49.195  -35.629  -8.710 0.0000000000
29657  -50.149  -35.587  -8.803 0.0000000000
29658  -50.902  -35.567  -9.030 0.0000000000
29659  -51.670  -35.817  -9.155 0.0000000000
29660  -54.721  -34.596  -7.870 0.0000000000
29661  -55.411  -34.446  -8.067 0.0000000000
29662  -56.122  -35.246  -8.581 0.0000000000
29670  -48.514  -35.311  -9.297 0.0000000000
29671  -49.373  -35.170  -9.260 0.0000000000
29672  -50.266  -35.103  -9.311 0.0000000000
29673  -51.203  -35.226  -9.457 0.0000000000
29674  -52.377  -35.522  -9.674 0.0000000000
29675  -53.466  -35.675  -9.945 0.0000000000
29676  -54.520  -35.676  -10.031 0.0000000000
29677  -55.640  -35.196  -9.616 0.0000000000
29681  -47.480  -35.253  -10.320 0.0000000000
29682  -52.987  -35.224  -10.230 0.0000000000
29683  -53.869  -35.200  -10.489 0.0000000000
29684  -54.948  -35.026  -10.491 0.0000000000
29685  -55.446  -34.696  -10.269 0.0000000000
29696  -46.901  -35.832  -10.611 0.0000000000
29697  -47.537  -35.488  -11.260 0.0000000000
29698  -48.102  -35.186  -11.858 0.0000000000
29710  -47.813  -35.753  -12.011 0.0000000000
29711  -48.374  -35.531  -12.489 0.0000000000
29719  -48.928  -35.619  -13.231 0.0000000000
29720  -49.495  -35.408  -13.874 0.0000000000
29723  -50.090  -35.353  -14.468 0.0000000000
29724  -50.651  -35.264  -14.991 0.0000000000
29731  -51.237  -35.273  -15.384 0.0000000000
29732  -52.058  -35.379  -15.854 0.0000000000
29733  -52.589  -35.875  -15.991 0.0000000000
29742  -52.401  -34.843  -16.179 0.0000000000
29743  -52.945  -35.380  -16.311 0.0000000000
29744  -53.935  -35.538  -16.655 0.0000000000
30437  -50.639  -34.665  -7.037 0.0000000000
30438  -51.905  -34.522  -7.573 0.0000000000
30439  -53.015  -34.606  -7.794 0.0000000000
30440  -53.907  -34.512  -7.970 0.0000000000
30441  -56.040  -34.518  -7.986 0.0000000000
30442  -56.183  -34.670  -8.380 0.0000000000
30445  -52.381  -34.132  -8.108 0.0000000000
30446  -53.257  -34.078  -8.310 0.0000000000
30447  -54.571  -34.165  -8.382 0.0000000000
30448  -55.714  -34.206  -8.605 0.0000000000
30449  -56.029  -34.557  -8.985 0.0000000000
30455  -48.044  -35.129  -9.827 0.0000000000
30456  -48.672  -34.951  -9.811 0.0000000000
30457  -49.464  -34.745  -9.828 0.0000000000
30458  -50.437  -34.639  -9.828 0.0000000000
30459  -51.476  -34.747  -9.933 0.0000000000
30460  -52.308  -34.880  -10.184 0.0000000000
30461  -55.789  -34.107  -9.172 0.0000000000
30462  -55.773  -34.263  -9.584 0.0000000000
30465  -48.129  -34.950  -10.240 0.0000000000
30466  -48.656  -34.714  -10.416 0.0000000000
30467  -49.512  -34.348  -10.561 0.0000000000
30468  -50.674  -34.235  -10.400 0.0000000000
30469  -51.727  -34.327  -10.514 0.0000000000
30470  -52.925  -34.587  -10.709 0.0000000000
30471  -54.227  -34.467  -10.995 0.0000000000
30472  -55.252  -34.312  -10.786 0.0000000000
30473  -55.651  -34.280  -10.146 0.0000000000
30482  -47.973  -34.931  -10.729 0.0000000000
30483  -48.429  -34.678  -11.235 0.0000000000
30484  -49.280  -34.199  -11.475 0.0000000000
30485  -54.824  -34.016  -11.327 0.0000000000
30486  -55.200  -33.718  -11.187 0.0000000000
30495  -48.653  -34.694  -12.071 0.0000000000
30496  -49.360  -34.090  -12.348 0.0000000000
30504  -48.880  -34.861  -12.725 0.0000000000
30505  -49.372  -34.523  -13.291 0.0000000000
30509  -49.797  -34.473  -14.093 0.0000000000
30510  -50.348  -34.430  -14.691 0.0000000000
30515  -50.887  -34.424  -15.212 0.0000000000
30516  -51.494  -34.416  -15.638 0.0000000000
30524  -52.048  -34.320  -16.058 0.0000000000
30525  -52.646  -34.291  -16.401 0.0000000000
30526  -53.590  -34.388  -16.784 0.0000000000
31269  -51.156  -33.904  -7.856 0.0000000000
31270  -51.844  -33.991  -8.071 0.0000000000
31277  -50.579  -33.286  -8.318 0.0000000000
31278  -52.092  -33.370  -8.622 0.0000000000
31279  -53.747  -33.574  -8.827 0.0000000000
31280  -54.986  -33.741  -8.990 0.0000000000
31281  -55.595  -33.906  -9.100 0.0000000000
31289  -52.382  -32.804  -9.255 0.0000000000
31290  -53.159  -33.001  -9.273 0.0000000000
31291  -54.332  -33.205  -9.443 0.0000000000
31292  -55.384  -33.602  -9.738 0.0000000000
31293  -55.709  -33.954  -10.019 0.0000000000
31299  -50.030  -33.961  -10.957 0.0000000000
31300  -50.915  -33.783  -10.964 0.0000000000
31301  -52.078  -33.795  -11.075 0.0000000000
31302  -53.287  -33.954  -11.344 0.0000000000
31303  -54.205  -33.916  -11.520 0.0000000000
31304  -55.429  -33.714  -10.524 0.0000000000
31305  -55.640  -33.974  -10.250 0.0000000000
31314  -50.047  -33.692  -11.579 0.0000000000
31315  -51.090  -33.324  -11.728 0.0000000000
31316  -52.491  -33.329  -11.740 0.0000000000
31317  -53.709  -33.473  -11.897 0.0000000000
31318  -54.729  -33.444  -11.730 0.0000000000
31319  -55.155  -33.094  -11.387 0.0000000000
31327  -50.079  -33.448  -12.210 0.0000000000
31328  -50.588  -33.043  -12.593 0.0000000000
31336  -49.789  -33.595  -12.939 0.0000000000
31337  -50.290  -33.140  -13.436 0.0000000000
31340  -49.828  -33.821  -13.629 0.0000000000
31341  -50.294  -33.556  -14.248 0.0000000000
31344  -50.708  -33.657  -14.934 0.0000000000
31345  -51.210  -33.611  -15.364 0.0000000000
31352  -51.704  -33.543  -15.799 0.0000000000
31353  -52.225  -33.471  -16.204 0.0000000000
31354  -52.896  -33.357  -16.606 0.0000000000
31362  -53.637  -33.257  -16.966 0.0000000000
32046  -50.938  -32.781  -8.874 0.0000000000
32055  -50.448  -32.271  -9.307 0.0000000000
32056  -51.633  -32.387  -9.468 0.0000000000
32057  -52.721  -32.474  -9.666 0.0000000000
32058  -53.728  -32.630  -9.845 0.0000000000
32059  -54.655  -32.848  -10.066 0.0000000000
32065  -52.314  -32.031  -10.042 0.0000000000
32066  -53.201  -32.101  -10.219 0.0000000000
32067  -54.210  -32.272  -10.457 0.0000000000
32068  -55.082  -32.679  -10.880 0.0000000000
32079  -51.734  -32.807  -12.322 0.0000000000
32080  -53.053  -32.854  -12.282 0.0000000000
32081  -54.251  -32.949  -12.296 0.0000000000
32082  -54.986  -32.741  -12.050 0.0000000000
32083  -55.149  -32.347  -11.878 0.0000000000
32090  -51.129  -32.582  -13.104 0.0000000000
32091  -52.365  -32.280  -12.871 0.0000000000
32092  -53.674  -32.378  -12.659 0.0000000000
32093  -54.716  -32.344  -12.515 0.0000000000
32094  -55.105  -32.267  -12.266 0.0000000000
32103  -50.824  -32.715  -13.957 0.0000000000
32104  -51.630  -32.199  -13.602 0.0000000000
32109  -50.913  -32.965  -14.713 0.0000000000
32110  -51.420  -32.298  -14.421 0.0000000000
32114  -51.068  -33.178  -15.113 0.0000000000
32115  -51.605  -32.568  -15.385 0.0000000000
32116  -52.157  -31.951  -15.750 0.0000000000
32120  -51.917  -32.972  -15.938 0.0000000000
32121  -52.363  -32.421  -16.208 0.0000000000
32122  -53.196  -32.367  -16.759 0.0000000000
32866  -50.787  -31.821  -9.757 0.0000000000
32879  -50.420  -31.273  -10.164 0.0000000000
32880  -51.529  -31.530  -10.206 0.0000000000
32881  -52.655  -31.502  -10.473 0.0000000000
32882  -53.712  -31.612  -10.703 0.0000000000
32883  -54.572  -31.868  -11.029 0.0000000000
32898  -50.935  -30.832  -10.732 0.0000000000
32899  -52.063  -30.876  -10.810 0.0000000000
32900  -53.212  -30.930  -10.944 0.0000000000
32901  -54.250  -31.206  -11.308 0.0000000000
32902  -54.998  -31.677  -11.763 0.0000000000
32909  -52.579  -32.021  -13.048 0.0000000000
32910  -53.068  -31.914  -12.995 0.0000000000
32911  -54.209  -31.854  -12.978 0.0000000000
32912  -55.127  -31.596  -12.574 0.0000000000
32921  -52.444  -31.898  -13.313 0.0000000000
32922  -53.267  -31.443  -13.520 0.0000000000
32923  -54.644  -31.195  -13.343 0.0000000000
32924  -55.344  -30.847  -13.108 0.0000000000
32932  -52.115  -31.716  -13.972 0.0000000000
32933  -52.711  -31.243  -14.377 0.0000000000
32937  -51.899  -31.760  -14.717 0.0000000000
32938  -52.360  -31.436  -15.270 0.0000000000
32942  -52.591  -31.482  -15.949 0.0000000000
32943  -53.059  -31.491  -16.382 0.0000000000
32948  -53.673  -31.445  -16.816 0.0000000000
33677  -51.460  -30.301  -11.317 0.0000000000
33678  -52.656  -30.276  -11.313 0.0000000000
33679  -53.847  -30.429  -11.484 0.0000000000
33680  -54.823  -30.807  -11.920 0.0000000000
33681  -55.153  -31.147  -12.302 0.0000000000
33694  -53.351  -29.647  -11.738 0.0000000000
33695  -54.525  -29.960  -12.028 0.0000000000
33696  -55.302  -30.508  -12.647 0.0000000000
33705  -53.878  -30.799  -13.980 0.0000000000
33706  -55.100  -30.370  -13.570 0.0000000000
33707  -55.481  -30.379  -13.166 0.0000000000
33716  -53.263  -30.659  -14.793 0.0000000000
33717  -54.384  -30.180  -14.317 0.0000000000
33725  -53.100  -30.826  -15.608 0.0000000000
33726  -53.893  -30.091  -15.139 0.0000000000
33732  -53.087  -31.028  -16.068 0.0000000000
33733  -53.853  -30.360  -16.157 0.0000000000
34489  -54.135  -29.114  -12.186 0.0000000000
34490  -55.037  -29.521  -12.604 0.0000000000
34509  -55.442  -29.997  -13.564 0.0000000000
34510  -55.490  -29.736  -13.245 0.0000000000
34518  -55.304  -29.843  -13.848 0.0000000000
34519  -55.716  -29.136  -13.774 0.0000000000
34525  -54.949  -29.594  -14.485 0.0000000000
34526  -55.553  -28.934  -14.455 0.0000000000
34532  -54.566  -29.539  -15.206 0.0000000000
35309  -54.839  -28.779  -12.661 0.0000000000
35310  -55.315  -29.161  -12.883 0.0000000000
35330  -55.442  -28.741  -13.097 0.0000000000
35349  -55.629  -27.880  -13.427 0.0000000000
