#!ascii label  , from subject FREESURFER vox2ras=TkReg 
282
78329  -41.549  20.269  19.826 0.0000000000
78330  -42.096  20.846  19.979 0.0000000000
78983  -44.831  21.645  23.007 0.0000000000
78984  -45.543  22.010  22.504 0.0000000000
78995  -43.811  21.257  21.756 0.0000000000
78996  -44.837  21.600  21.702 0.0000000000
78997  -45.771  22.024  21.646 0.0000000000
79000  -42.875  21.046  20.687 0.0000000000
79001  -43.862  21.634  20.498 0.0000000000
79002  -44.953  21.745  20.892 0.0000000000
79003  -45.511  21.973  20.915 0.0000000000
79005  -41.480  20.057  18.911 0.0000000000
79006  -41.487  20.901  19.274 0.0000000000
79007  -42.572  21.318  19.545 0.0000000000
79008  -43.438  21.649  19.265 0.0000000000
79011  -41.223  20.494  18.383 0.0000000000
79012  -41.663  21.480  18.548 0.0000000000
79013  -42.634  21.645  18.790 0.0000000000
79014  -43.167  21.841  18.747 0.0000000000
79019  -40.653  21.297  17.873 0.0000000000
79020  -41.156  21.778  17.946 0.0000000000
79577  -45.696  22.178  24.250 0.0000000000
79578  -46.274  22.745  23.549 0.0000000000
79579  -46.931  22.864  23.180 0.0000000000
79587  -45.775  22.267  23.262 0.0000000000
79588  -46.411  22.431  22.729 0.0000000000
79589  -47.184  22.831  22.495 0.0000000000
79600  -46.662  22.490  21.880 0.0000000000
79601  -47.485  22.804  21.484 0.0000000000
79602  -48.137  23.076  20.830 0.0000000000
79606  -44.527  21.847  20.380 0.0000000000
79607  -45.114  21.939  20.372 0.0000000000
79608  -46.218  22.305  20.753 0.0000000000
79609  -47.425  22.786  20.373 0.0000000000
79610  -48.233  23.220  20.055 0.0000000000
79612  -44.297  21.941  19.790 0.0000000000
79613  -45.174  22.229  19.631 0.0000000000
79614  -46.358  22.612  19.570 0.0000000000
79615  -47.511  23.110  19.311 0.0000000000
79616  -48.286  23.499  19.331 0.0000000000
79619  -42.149  21.881  18.437 0.0000000000
79620  -42.679  22.107  18.381 0.0000000000
79621  -43.845  22.282  18.659 0.0000000000
79622  -45.233  22.730  18.779 0.0000000000
79623  -46.449  23.035  18.637 0.0000000000
79624  -47.400  23.339  18.470 0.0000000000
79627  -40.631  22.089  17.503 0.0000000000
79628  -41.668  22.231  17.827 0.0000000000
79629  -42.711  22.717  17.586 0.0000000000
79630  -43.557  22.983  17.888 0.0000000000
79635  -40.772  22.658  16.962 0.0000000000
79636  -41.777  22.947  16.955 0.0000000000
79637  -42.382  22.991  17.048 0.0000000000
80135  -45.663  23.473  24.121 0.0000000000
80136  -46.521  23.407  23.340 0.0000000000
80137  -47.123  23.300  22.877 0.0000000000
80144  -45.000  24.544  24.096 0.0000000000
80145  -45.854  24.190  23.398 0.0000000000
80146  -46.794  23.999  22.700 0.0000000000
80147  -47.438  23.476  22.069 0.0000000000
80157  -45.083  24.770  23.304 0.0000000000
80158  -45.822  24.600  22.651 0.0000000000
80159  -46.629  24.413  22.058 0.0000000000
80160  -48.017  23.504  21.286 0.0000000000
80161  -48.372  23.636  20.539 0.0000000000
80165  -48.555  23.763  19.771 0.0000000000
80168  -48.039  23.513  18.741 0.0000000000
80169  -48.618  23.878  18.762 0.0000000000
80172  -44.321  23.114  18.262 0.0000000000
80173  -45.352  23.446  18.089 0.0000000000
80174  -46.746  23.520  17.884 0.0000000000
80175  -48.032  23.672  17.965 0.0000000000
80176  -48.670  24.190  17.909 0.0000000000
80179  -43.252  23.006  17.321 0.0000000000
80180  -44.087  23.347  17.355 0.0000000000
80181  -45.633  23.849  17.091 0.0000000000
80182  -47.316  23.971  17.293 0.0000000000
80183  -48.324  24.214  17.542 0.0000000000
80184  -48.614  24.233  17.629 0.0000000000
80187  -40.784  23.173  16.357 0.0000000000
80188  -41.564  23.351  16.223 0.0000000000
80189  -42.731  23.211  16.602 0.0000000000
80190  -44.178  23.486  16.240 0.0000000000
80191  -45.460  23.738  15.983 0.0000000000
80195  -40.776  23.774  15.836 0.0000000000
80196  -41.830  23.762  15.665 0.0000000000
80197  -43.022  23.758  15.494 0.0000000000
80198  -44.287  23.841  15.307 0.0000000000
80199  -45.404  23.959  15.258 0.0000000000
80657  -35.123  25.350  22.988 0.0000000000
80658  -35.851  25.089  23.226 0.0000000000
80672  -35.117  25.549  22.529 0.0000000000
80673  -35.697  25.418  22.309 0.0000000000
80674  -36.637  25.239  22.584 0.0000000000
80675  -37.561  25.300  22.730 0.0000000000
80676  -38.515  25.325  22.765 0.0000000000
80677  -39.476  25.139  22.864 0.0000000000
80678  -40.488  24.900  23.101 0.0000000000
80679  -41.648  24.869  23.325 0.0000000000
80680  -42.962  24.845  23.562 0.0000000000
80681  -44.151  25.003  23.837 0.0000000000
80682  -47.387  24.106  21.802 0.0000000000
80683  -47.809  23.825  21.544 0.0000000000
80693  -35.975  25.545  21.689 0.0000000000
80694  -36.561  25.400  21.830 0.0000000000
80695  -37.405  25.307  21.963 0.0000000000
80696  -38.250  25.328  22.004 0.0000000000
80697  -39.230  25.421  21.700 0.0000000000
80698  -40.278  25.104  21.944 0.0000000000
80699  -41.280  24.797  22.091 0.0000000000
80700  -42.548  24.642  22.207 0.0000000000
80701  -44.316  24.531  22.408 0.0000000000
80702  -45.861  24.581  21.651 0.0000000000
80703  -47.090  24.559  21.240 0.0000000000
80704  -48.136  24.176  20.890 0.0000000000
80705  -48.589  23.998  20.242 0.0000000000
80708  -39.527  25.578  20.600 0.0000000000
80709  -40.257  25.328  20.895 0.0000000000
80710  -40.954  24.938  21.150 0.0000000000
80711  -41.932  24.664  21.007 0.0000000000
80712  -43.329  24.526  20.997 0.0000000000
80713  -44.851  24.504  20.831 0.0000000000
80714  -46.321  24.698  20.498 0.0000000000
80715  -47.642  24.670  20.107 0.0000000000
80716  -48.491  24.296  19.578 0.0000000000
80719  -39.653  25.548  20.002 0.0000000000
80720  -40.162  25.294  20.045 0.0000000000
80721  -41.139  24.907  20.010 0.0000000000
80722  -42.583  24.649  19.923 0.0000000000
80723  -43.983  24.646  19.847 0.0000000000
80724  -45.434  24.748  19.692 0.0000000000
80725  -46.899  24.839  19.339 0.0000000000
80726  -48.132  24.836  18.885 0.0000000000
80727  -48.657  24.483  18.373 0.0000000000
80730  -42.139  25.138  19.235 0.0000000000
80731  -43.315  24.946  18.986 0.0000000000
80732  -44.703  25.031  18.989 0.0000000000
80733  -46.072  24.937  18.737 0.0000000000
80734  -47.443  25.155  18.224 0.0000000000
80735  -48.644  24.991  17.852 0.0000000000
80736  -48.792  24.615  17.827 0.0000000000
80739  -46.611  24.098  16.584 0.0000000000
80740  -47.892  24.686  16.971 0.0000000000
80741  -48.562  24.468  17.626 0.0000000000
80742  -48.746  24.393  17.765 0.0000000000
80745  -46.582  24.142  15.847 0.0000000000
80746  -47.635  24.625  15.800 0.0000000000
80747  -48.317  24.888  15.155 0.0000000000
80752  -40.999  24.511  15.487 0.0000000000
80753  -42.086  24.475  15.136 0.0000000000
80754  -43.305  24.457  14.728 0.0000000000
80755  -44.638  24.309  14.704 0.0000000000
80756  -46.154  24.297  14.828 0.0000000000
80757  -47.436  24.648  14.602 0.0000000000
80758  -48.392  25.020  14.320 0.0000000000
80759  -49.040  25.308  14.060 0.0000000000
80768  -43.999  24.756  14.273 0.0000000000
80769  -45.014  24.761  14.229 0.0000000000
80770  -46.284  24.861  14.095 0.0000000000
80771  -47.523  25.047  13.810 0.0000000000
80772  -48.532  25.340  13.648 0.0000000000
80773  -49.157  25.533  13.615 0.0000000000
81180  -34.215  25.891  23.738 0.0000000000
81181  -34.659  25.476  23.491 0.0000000000
81188  -34.287  26.199  23.229 0.0000000000
81189  -34.655  25.910  22.646 0.0000000000
81190  -35.177  25.690  22.243 0.0000000000
81199  -34.777  26.320  21.935 0.0000000000
81200  -35.361  25.972  21.518 0.0000000000
81201  -36.387  25.688  21.201 0.0000000000
81202  -37.273  25.605  21.305 0.0000000000
81203  -38.077  25.553  21.439 0.0000000000
81204  -38.608  25.522  21.546 0.0000000000
81207  -35.510  26.377  20.779 0.0000000000
81208  -36.134  26.222  20.494 0.0000000000
81209  -37.098  25.946  20.620 0.0000000000
81210  -38.013  25.846  20.759 0.0000000000
81211  -38.760  25.682  21.022 0.0000000000
81219  -40.626  25.401  19.677 0.0000000000
81226  -45.558  25.319  18.265 0.0000000000
81227  -46.492  25.139  18.184 0.0000000000
81233  -46.751  25.315  17.675 0.0000000000
81236  -47.308  25.724  16.919 0.0000000000
81237  -48.281  25.457  15.934 0.0000000000
81244  -41.298  25.333  15.270 0.0000000000
81245  -42.325  25.293  14.768 0.0000000000
81246  -43.252  25.244  14.280 0.0000000000
81247  -49.019  25.466  14.918 0.0000000000
81248  -49.479  25.781  14.018 0.0000000000
81257  -44.146  25.251  14.015 0.0000000000
81258  -45.234  25.374  13.965 0.0000000000
81259  -46.541  25.525  13.712 0.0000000000
81260  -47.844  25.690  13.329 0.0000000000
81261  -48.921  25.832  13.202 0.0000000000
81262  -49.397  25.865  13.493 0.0000000000
81665  -34.280  26.621  22.981 0.0000000000
81666  -34.468  26.751  22.246 0.0000000000
81674  -34.760  26.799  21.420 0.0000000000
81675  -35.180  26.591  20.928 0.0000000000
81704  -47.811  26.061  16.348 0.0000000000
81712  -40.581  26.284  15.496 0.0000000000
81713  -41.669  26.243  15.216 0.0000000000
81714  -42.734  26.204  14.659 0.0000000000
81715  -43.609  26.498  14.413 0.0000000000
81716  -44.420  26.640  14.283 0.0000000000
81718  -48.430  26.303  15.646 0.0000000000
81719  -49.354  26.496  14.646 0.0000000000
81725  -43.529  25.787  14.146 0.0000000000
81726  -44.318  25.922  14.003 0.0000000000
81727  -45.499  26.304  13.967 0.0000000000
81728  -47.051  26.443  13.590 0.0000000000
81729  -48.398  26.618  13.208 0.0000000000
81730  -49.506  26.695  13.525 0.0000000000
82154  -34.461  27.584  21.856 0.0000000000
82193  -41.038  27.281  15.542 0.0000000000
82194  -42.103  27.238  15.318 0.0000000000
82195  -43.080  27.276  15.010 0.0000000000
82196  -43.994  27.364  14.705 0.0000000000
82197  -45.029  27.374  14.370 0.0000000000
82200  -49.539  27.605  14.285 0.0000000000
82206  -46.316  27.422  13.925 0.0000000000
82207  -47.743  27.579  13.552 0.0000000000
82208  -48.951  27.751  13.213 0.0000000000
82209  -49.558  27.917  13.654 0.0000000000
82708  -42.623  28.271  15.418 0.0000000000
82709  -43.587  28.261  15.127 0.0000000000
82710  -44.543  28.308  14.708 0.0000000000
82713  -49.582  28.573  14.104 0.0000000000
82719  -45.733  28.434  14.300 0.0000000000
82720  -47.078  28.622  13.732 0.0000000000
82721  -48.329  28.751  13.395 0.0000000000
82722  -49.285  28.762  13.544 0.0000000000
83221  -43.265  29.216  15.206 0.0000000000
83222  -44.161  29.143  14.901 0.0000000000
83223  -45.122  29.309  14.516 0.0000000000
83236  -46.420  29.622  13.992 0.0000000000
83237  -47.721  29.778  13.486 0.0000000000
83725  -44.078  29.947  14.674 0.0000000000
83726  -44.650  29.741  14.606 0.0000000000
83740  -45.449  30.559  14.200 0.0000000000
85042  -37.458  33.740  23.824 0.0000000000
85524  -37.240  34.231  25.039 0.0000000000
85533  -36.318  35.112  24.270 0.0000000000
85534  -37.461  34.774  24.652 0.0000000000
85535  -38.051  35.213  24.544 0.0000000000
85545  -37.640  34.720  23.498 0.0000000000
85546  -37.864  35.084  24.206 0.0000000000
86064  -36.386  35.854  24.256 0.0000000000
86065  -36.885  35.753  24.819 0.0000000000
86066  -37.767  35.754  24.876 0.0000000000
86073  -37.835  35.180  23.486 0.0000000000
86074  -38.030  35.637  23.891 0.0000000000
86081  -37.749  35.210  22.911 0.0000000000
86566  -37.775  37.133  26.524 0.0000000000
86567  -38.458  37.384  26.603 0.0000000000
86568  -38.872  37.783  26.515 0.0000000000
86574  -37.552  36.968  26.049 0.0000000000
86575  -37.758  37.878  25.380 0.0000000000
86576  -39.166  37.605  26.056 0.0000000000
86581  -36.322  36.611  24.272 0.0000000000
86582  -37.102  36.594  25.358 0.0000000000
86583  -38.544  36.866  24.993 0.0000000000
86584  -39.114  37.554  25.405 0.0000000000
86592  -38.289  36.924  23.397 0.0000000000
87070  -37.796  37.636  26.542 0.0000000000
87071  -38.388  37.903  26.480 0.0000000000
87072  -38.937  38.112  26.183 0.0000000000
87078  -37.354  37.523  26.340 0.0000000000
87079  -39.081  38.044  25.591 0.0000000000
87084  -36.530  37.468  24.826 0.0000000000
87085  -36.884  37.477  25.795 0.0000000000
87086  -38.682  37.879  24.014 0.0000000000
87087  -38.928  37.948  24.991 0.0000000000
87598  -37.448  37.820  26.393 0.0000000000
87599  -37.771  38.063  26.335 0.0000000000
87600  -38.341  38.247  26.140 0.0000000000
87604  -37.184  38.030  26.109 0.0000000000
87605  -37.829  38.369  25.779 0.0000000000
87606  -38.895  38.456  25.714 0.0000000000
87611  -36.911  38.186  24.906 0.0000000000
87612  -38.262  38.530  24.716 0.0000000000
87613  -39.093  38.357  25.194 0.0000000000
