#!ascii label  , from subject FREESURFER vox2ras=TkReg 
195
81640  -33.770  26.287  25.295 0.0000000000
81646  -33.961  26.396  24.396 0.0000000000
81655  -34.155  26.511  23.642 0.0000000000
82101  -33.752  27.006  26.909 0.0000000000
82102  -33.962  27.527  26.369 0.0000000000
82108  -33.735  26.950  25.889 0.0000000000
82109  -34.130  27.660  25.669 0.0000000000
82118  -33.887  27.015  24.991 0.0000000000
82119  -34.275  27.720  24.743 0.0000000000
82131  -34.084  27.054  24.153 0.0000000000
82132  -34.327  27.713  23.827 0.0000000000
82145  -34.188  27.060  23.465 0.0000000000
82146  -34.308  27.518  22.852 0.0000000000
82572  -34.851  29.403  30.692 0.0000000000
82578  -34.279  28.062  30.093 0.0000000000
82579  -35.071  29.046  30.272 0.0000000000
82587  -34.208  27.895  28.738 0.0000000000
82588  -35.013  28.750  29.224 0.0000000000
82596  -34.103  27.758  27.528 0.0000000000
82597  -34.789  28.574  28.015 0.0000000000
82604  -31.292  28.748  26.837 0.0000000000
82605  -31.953  29.229  26.347 0.0000000000
82606  -34.041  27.652  26.842 0.0000000000
82607  -34.522  28.272  26.683 0.0000000000
82614  -31.798  28.998  25.729 0.0000000000
82615  -34.695  28.423  25.484 0.0000000000
82620  -31.345  28.462  24.412 0.0000000000
82621  -31.654  28.777  25.099 0.0000000000
82622  -34.687  28.489  24.444 0.0000000000
82633  -31.379  28.627  23.345 0.0000000000
82634  -34.574  28.518  23.421 0.0000000000
82646  -31.277  28.743  22.448 0.0000000000
82647  -34.511  28.481  22.385 0.0000000000
82656  -30.934  28.778  21.616 0.0000000000
83083  -34.568  29.824  30.943 0.0000000000
83089  -35.451  29.916  30.278 0.0000000000
83090  -35.975  30.154  29.589 0.0000000000
83097  -35.691  29.540  29.529 0.0000000000
83098  -36.186  30.051  28.907 0.0000000000
83104  -32.783  30.248  28.059 0.0000000000
83105  -35.576  29.362  28.551 0.0000000000
83106  -36.018  29.937  28.067 0.0000000000
83111  -32.322  29.562  27.053 0.0000000000
83112  -33.041  30.497  27.123 0.0000000000
83113  -35.420  29.219  27.450 0.0000000000
83114  -36.037  30.028  27.117 0.0000000000
83118  -32.313  29.634  25.852 0.0000000000
83119  -35.355  29.178  26.297 0.0000000000
83120  -36.028  29.998  25.960 0.0000000000
83126  -31.758  28.949  24.316 0.0000000000
83127  -32.070  29.349  24.691 0.0000000000
83128  -35.305  29.227  25.175 0.0000000000
83129  -35.878  30.049  24.858 0.0000000000
83142  -31.762  29.074  23.883 0.0000000000
83143  -32.125  29.810  23.637 0.0000000000
83144  -35.201  29.292  24.100 0.0000000000
83145  -35.772  30.107  23.824 0.0000000000
83152  -31.753  29.271  22.967 0.0000000000
83153  -32.139  30.020  22.692 0.0000000000
83154  -35.009  29.479  22.984 0.0000000000
83155  -35.677  30.257  23.031 0.0000000000
83160  -31.641  29.438  21.881 0.0000000000
83161  -32.136  30.221  21.907 0.0000000000
83162  -34.794  29.287  21.897 0.0000000000
83169  -30.910  29.294  20.672 0.0000000000
83180  -30.903  29.906  19.656 0.0000000000
83190  -30.912  30.338  19.027 0.0000000000
83589  -34.118  30.225  31.044 0.0000000000
83596  -33.331  30.848  30.259 0.0000000000
83597  -34.723  30.718  30.201 0.0000000000
83598  -35.769  30.580  29.746 0.0000000000
83604  -33.154  30.826  29.110 0.0000000000
83605  -34.239  31.451  29.295 0.0000000000
83606  -36.156  30.624  29.187 0.0000000000
83610  -33.553  31.217  27.736 0.0000000000
83611  -33.971  31.692  28.469 0.0000000000
83612  -36.610  30.840  28.124 0.0000000000
83613  -36.682  31.603  27.754 0.0000000000
83617  -32.877  30.371  26.214 0.0000000000
83618  -33.366  31.196  26.601 0.0000000000
83619  -36.686  30.808  26.736 0.0000000000
83620  -36.926  31.552  27.181 0.0000000000
83624  -32.640  30.353  25.202 0.0000000000
83625  -33.213  31.120  25.611 0.0000000000
83626  -36.579  30.825  25.600 0.0000000000
83627  -37.139  31.564  26.222 0.0000000000
83633  -32.517  30.399  24.250 0.0000000000
83634  -32.961  31.107  24.674 0.0000000000
83635  -36.488  30.784  24.547 0.0000000000
83636  -37.086  31.555  25.221 0.0000000000
83647  -32.567  30.637  23.373 0.0000000000
83648  -32.799  31.021  23.967 0.0000000000
83649  -36.371  30.869  23.527 0.0000000000
83650  -36.855  31.473  24.327 0.0000000000
83655  -32.504  30.753  22.442 0.0000000000
83656  -35.319  30.097  22.250 0.0000000000
83657  -35.944  30.809  22.653 0.0000000000
83662  -31.829  30.126  21.099 0.0000000000
83663  -32.345  30.878  21.522 0.0000000000
83669  -31.510  30.298  20.233 0.0000000000
83670  -32.055  30.901  20.603 0.0000000000
83677  -31.476  30.816  19.461 0.0000000000
83678  -31.797  30.869  20.017 0.0000000000
83689  -31.097  30.873  18.684 0.0000000000
84076  -35.699  31.019  29.588 0.0000000000
84077  -36.006  30.863  29.436 0.0000000000
84081  -35.356  31.516  29.178 0.0000000000
84082  -36.078  31.139  29.023 0.0000000000
84087  -34.110  32.004  27.762 0.0000000000
84088  -34.863  32.234  28.229 0.0000000000
84089  -36.104  31.856  28.199 0.0000000000
84090  -36.708  32.099  27.407 0.0000000000
84094  -33.860  31.917  26.958 0.0000000000
84095  -34.481  32.416  27.262 0.0000000000
84096  -37.097  32.250  26.619 0.0000000000
84101  -33.706  31.813  26.022 0.0000000000
84102  -34.275  32.352  26.289 0.0000000000
84103  -37.468  32.327  25.756 0.0000000000
84108  -33.611  31.896  25.087 0.0000000000
84109  -33.997  32.277  25.652 0.0000000000
84110  -37.374  32.219  24.755 0.0000000000
84120  -32.874  31.160  23.590 0.0000000000
84121  -33.248  31.666  23.963 0.0000000000
84122  -36.417  31.247  23.018 0.0000000000
84123  -36.804  31.885  23.530 0.0000000000
84129  -32.909  31.283  23.069 0.0000000000
84130  -33.253  32.064  22.960 0.0000000000
84131  -36.312  31.608  22.484 0.0000000000
84132  -36.673  32.060  22.872 0.0000000000
84138  -32.825  31.501  22.148 0.0000000000
84139  -33.187  32.275  21.945 0.0000000000
84145  -32.662  31.797  21.017 0.0000000000
84146  -33.125  32.416  21.271 0.0000000000
84153  -31.737  31.297  19.410 0.0000000000
84154  -32.079  31.534  19.844 0.0000000000
84166  -31.658  31.568  18.948 0.0000000000
84167  -32.092  32.040  19.313 0.0000000000
84532  -35.111  32.511  27.856 0.0000000000
84533  -35.497  32.451  27.752 0.0000000000
84534  -36.162  32.414  27.499 0.0000000000
84537  -35.062  32.652  27.522 0.0000000000
84538  -35.674  32.818  27.120 0.0000000000
84539  -36.511  32.698  26.856 0.0000000000
84544  -34.925  32.851  26.637 0.0000000000
84545  -35.813  33.272  26.180 0.0000000000
84546  -37.068  33.116  26.095 0.0000000000
84551  -33.733  32.298  24.547 0.0000000000
84552  -34.529  32.941  25.230 0.0000000000
84553  -35.477  33.429  25.548 0.0000000000
84554  -37.565  33.095  25.258 0.0000000000
84562  -33.725  32.592  23.903 0.0000000000
84563  -34.260  33.328  23.913 0.0000000000
84564  -37.341  32.931  24.248 0.0000000000
84571  -33.717  33.048  22.755 0.0000000000
84572  -34.265  33.584  23.241 0.0000000000
84573  -36.605  32.138  22.573 0.0000000000
84574  -36.933  32.670  22.965 0.0000000000
84580  -33.401  32.928  21.596 0.0000000000
84590  -32.557  32.161  20.292 0.0000000000
84591  -33.087  32.776  20.608 0.0000000000
84601  -32.482  32.526  19.707 0.0000000000
84602  -32.947  33.272  19.851 0.0000000000
84617  -31.997  32.634  18.866 0.0000000000
85013  -35.858  33.545  25.643 0.0000000000
85014  -36.357  33.561  25.713 0.0000000000
85021  -34.842  33.539  24.502 0.0000000000
85022  -35.726  33.819  25.082 0.0000000000
85023  -37.020  33.815  25.398 0.0000000000
85032  -34.942  33.996  23.783 0.0000000000
85033  -35.834  34.434  24.414 0.0000000000
85034  -37.487  33.800  24.819 0.0000000000
85040  -33.790  33.510  21.909 0.0000000000
85041  -34.321  33.943  22.560 0.0000000000
85048  -33.602  33.548  21.123 0.0000000000
85049  -34.077  34.098  21.554 0.0000000000
85058  -33.419  33.874  20.281 0.0000000000
85059  -33.821  34.199  20.885 0.0000000000
85067  -32.529  33.359  19.269 0.0000000000
85068  -33.036  33.938  19.516 0.0000000000
85523  -36.660  34.456  24.975 0.0000000000
85532  -35.520  34.648  23.708 0.0000000000
85543  -34.984  34.598  22.919 0.0000000000
85544  -35.492  35.174  23.222 0.0000000000
85555  -34.612  34.907  21.943 0.0000000000
85556  -35.072  35.095  22.570 0.0000000000
85564  -33.842  34.849  20.437 0.0000000000
85565  -34.201  34.686  21.108 0.0000000000
86072  -35.797  35.906  23.650 0.0000000000
86079  -34.657  35.700  21.749 0.0000000000
86080  -35.131  35.826  22.478 0.0000000000
86088  -34.250  35.610  21.055 0.0000000000
86590  -34.791  37.178  22.489 0.0000000000
86591  -35.362  36.838  23.184 0.0000000000
86597  -34.573  36.547  21.744 0.0000000000
86598  -34.955  36.586  22.448 0.0000000000
