#!ascii label  , from subject FREESURFER vox2ras=TkReg 
176
53046  -39.839  -8.198  -32.013 0.0000000000
53059  -36.235  -8.438  -34.308 0.0000000000
53060  -36.712  -8.870  -33.771 0.0000000000
53061  -37.810  -8.767  -33.427 0.0000000000
53062  -38.947  -8.920  -32.549 0.0000000000
53071  -36.505  -8.248  -34.824 0.0000000000
53072  -36.851  -8.638  -34.501 0.0000000000
53073  -37.250  -8.860  -34.054 0.0000000000
53079  -36.663  -8.120  -35.040 0.0000000000
53080  -36.784  -8.253  -34.878 0.0000000000
54206  -36.911  -7.789  -31.895 0.0000000000
54207  -39.818  -7.218  -32.166 0.0000000000
54226  -36.130  -7.769  -34.165 0.0000000000
54227  -36.376  -8.075  -33.218 0.0000000000
54228  -38.525  -7.778  -33.298 0.0000000000
54229  -39.034  -7.992  -32.680 0.0000000000
54236  -36.140  -7.851  -34.919 0.0000000000
54237  -37.248  -8.000  -34.735 0.0000000000
54238  -37.713  -8.067  -34.003 0.0000000000
54242  -36.582  -7.808  -35.284 0.0000000000
54243  -36.945  -7.895  -35.193 0.0000000000
55313  -37.556  -6.551  -30.293 0.0000000000
55322  -37.217  -6.871  -31.382 0.0000000000
55323  -39.795  -6.344  -32.305 0.0000000000
55324  -40.445  -6.484  -31.899 0.0000000000
55344  -36.338  -7.036  -33.443 0.0000000000
55345  -36.688  -7.238  -32.387 0.0000000000
55346  -38.621  -6.841  -33.437 0.0000000000
55347  -39.196  -6.988  -32.733 0.0000000000
55361  -35.995  -7.013  -34.724 0.0000000000
55362  -37.315  -7.451  -35.062 0.0000000000
55363  -37.837  -7.063  -34.407 0.0000000000
55367  -36.185  -6.984  -35.918 0.0000000000
55368  -37.178  -7.060  -35.740 0.0000000000
55369  -37.516  -6.940  -35.050 0.0000000000
55373  -36.301  -6.486  -36.992 0.0000000000
55374  -36.716  -6.539  -36.576 0.0000000000
55380  -36.478  -6.254  -37.269 0.0000000000
55381  -36.560  -6.319  -37.029 0.0000000000
56358  -37.443  -5.744  -29.687 0.0000000000
56372  -37.386  -6.019  -30.730 0.0000000000
56373  -39.773  -5.941  -32.367 0.0000000000
56374  -40.160  -5.734  -32.163 0.0000000000
56394  -36.407  -6.500  -33.223 0.0000000000
56395  -36.875  -6.487  -32.012 0.0000000000
56396  -38.873  -6.182  -33.245 0.0000000000
56397  -39.353  -5.815  -32.757 0.0000000000
56398  -40.033  -5.009  -32.334 0.0000000000
56419  -36.221  -6.217  -34.339 0.0000000000
56420  -38.649  -5.944  -33.698 0.0000000000
56421  -39.073  -5.032  -33.248 0.0000000000
56432  -35.885  -5.820  -35.556 0.0000000000
56433  -37.480  -6.198  -35.731 0.0000000000
56434  -37.857  -6.020  -34.923 0.0000000000
56439  -35.673  -6.007  -36.887 0.0000000000
56440  -37.237  -6.083  -36.342 0.0000000000
56443  -36.227  -5.981  -37.642 0.0000000000
56444  -36.730  -5.926  -37.117 0.0000000000
57317  -37.072  -5.180  -29.228 0.0000000000
57345  -36.559  -3.131  -30.589 0.0000000000
57346  -36.517  -4.387  -30.638 0.0000000000
57347  -37.335  -5.263  -29.844 0.0000000000
57367  -36.542  -3.174  -31.047 0.0000000000
57368  -36.676  -3.888  -31.516 0.0000000000
57369  -37.301  -5.788  -30.916 0.0000000000
57385  -36.523  -4.754  -32.694 0.0000000000
57386  -36.743  -4.878  -31.798 0.0000000000
57387  -39.623  -4.404  -32.791 0.0000000000
57388  -40.451  -4.281  -32.362 0.0000000000
57410  -36.325  -4.715  -34.858 0.0000000000
57411  -38.653  -4.686  -34.007 0.0000000000
57412  -39.154  -4.449  -33.315 0.0000000000
57428  -36.102  -4.573  -35.614 0.0000000000
57429  -37.671  -5.462  -35.788 0.0000000000
57430  -38.167  -4.800  -35.192 0.0000000000
57440  -35.693  -4.865  -36.659 0.0000000000
57441  -37.436  -4.921  -36.748 0.0000000000
57442  -37.854  -4.757  -35.884 0.0000000000
57444  -35.769  -4.935  -38.022 0.0000000000
57445  -36.593  -4.953  -37.906 0.0000000000
57447  -36.032  -4.340  -38.639 0.0000000000
57448  -36.199  -4.605  -38.503 0.0000000000
58315  -36.367  -2.036  -29.271 0.0000000000
58316  -36.638  -2.932  -28.824 0.0000000000
58337  -36.504  -2.742  -30.724 0.0000000000
58338  -36.545  -2.857  -31.265 0.0000000000
58355  -36.582  -3.295  -32.129 0.0000000000
58356  -39.709  -3.508  -32.906 0.0000000000
58357  -40.154  -3.594  -32.555 0.0000000000
58378  -36.374  -3.270  -34.176 0.0000000000
58379  -38.743  -3.678  -34.053 0.0000000000
58380  -39.230  -3.781  -33.410 0.0000000000
58399  -36.281  -3.567  -34.950 0.0000000000
58400  -38.508  -3.999  -34.745 0.0000000000
58416  -36.021  -3.690  -36.163 0.0000000000
58417  -37.587  -3.978  -36.853 0.0000000000
58418  -38.072  -3.895  -35.905 0.0000000000
58423  -35.744  -3.793  -37.547 0.0000000000
58424  -37.221  -3.968  -37.706 0.0000000000
58425  -35.945  -3.729  -38.581 0.0000000000
58426  -36.507  -3.729  -38.622 0.0000000000
59265  -35.898  -1.214  -29.905 0.0000000000
59266  -36.431  -2.121  -31.617 0.0000000000
59287  -36.459  -2.182  -33.403 0.0000000000
59288  -39.939  -3.040  -32.719 0.0000000000
59289  -40.446  -2.917  -32.536 0.0000000000
59310  -36.295  -2.493  -34.128 0.0000000000
59311  -38.996  -3.071  -33.797 0.0000000000
59312  -39.567  -2.829  -33.243 0.0000000000
59332  -36.072  -2.576  -35.339 0.0000000000
59333  -38.526  -3.011  -34.707 0.0000000000
59353  -35.965  -2.591  -36.905 0.0000000000
59354  -37.637  -3.167  -37.049 0.0000000000
59355  -38.027  -2.544  -35.974 0.0000000000
59361  -35.910  -2.632  -38.377 0.0000000000
59362  -37.253  -2.843  -38.322 0.0000000000
59363  -36.325  -2.662  -39.300 0.0000000000
59364  -36.895  -2.630  -39.218 0.0000000000
60149  -35.379  -0.624  -29.800 0.0000000000
60173  -35.008  -0.006  -30.552 0.0000000000
60174  -35.693  -0.530  -31.216 0.0000000000
60175  -36.333  -1.226  -32.526 0.0000000000
60196  -33.107  -0.249  -31.303 0.0000000000
60197  -35.315  0.161  -31.491 0.0000000000
60198  -35.657  -0.086  -32.008 0.0000000000
60199  -36.353  -1.611  -33.324 0.0000000000
60200  -40.047  -2.524  -32.833 0.0000000000
60201  -40.578  -2.187  -32.716 0.0000000000
60213  -36.103  -1.589  -34.352 0.0000000000
60214  -39.055  -2.220  -33.969 0.0000000000
60215  -39.815  -1.793  -33.272 0.0000000000
60216  -40.682  -1.391  -33.051 0.0000000000
60238  -35.873  -1.475  -35.933 0.0000000000
60239  -38.403  -1.832  -34.963 0.0000000000
60258  -35.855  -1.368  -37.863 0.0000000000
60259  -37.553  -1.871  -37.354 0.0000000000
60260  -37.844  -1.585  -35.994 0.0000000000
60276  -36.130  -1.645  -39.366 0.0000000000
60277  -37.107  -1.701  -38.971 0.0000000000
60287  -36.340  -2.095  -39.878 0.0000000000
60288  -36.746  -2.100  -39.688 0.0000000000
61181  -34.511  0.567  -31.097 0.0000000000
61182  -35.167  0.536  -31.574 0.0000000000
61183  -36.084  -0.660  -32.399 0.0000000000
61184  -36.310  -1.123  -32.812 0.0000000000
61207  -33.752  0.632  -31.669 0.0000000000
61208  -35.365  0.561  -32.350 0.0000000000
61209  -35.760  -0.169  -32.937 0.0000000000
61210  -36.155  -0.923  -33.325 0.0000000000
61222  -35.243  0.771  -33.058 0.0000000000
61223  -35.509  0.425  -33.435 0.0000000000
61224  -35.801  -0.397  -34.529 0.0000000000
61225  -39.001  -0.917  -34.188 0.0000000000
61250  -35.778  -0.408  -36.611 0.0000000000
61251  -38.163  -0.813  -35.438 0.0000000000
61264  -35.976  -0.257  -38.241 0.0000000000
61265  -37.156  -0.582  -38.016 0.0000000000
61266  -37.591  -0.898  -36.632 0.0000000000
61280  -35.808  -0.832  -38.925 0.0000000000
61281  -36.522  -0.806  -39.013 0.0000000000
62186  -34.235  1.307  -31.554 0.0000000000
62187  -34.358  1.153  -31.447 0.0000000000
62207  -34.074  1.058  -32.126 0.0000000000
62208  -35.222  0.862  -32.168 0.0000000000
62226  -35.095  0.952  -32.997 0.0000000000
62227  -35.275  1.043  -33.803 0.0000000000
62228  -35.542  0.534  -34.386 0.0000000000
62252  -35.402  1.139  -34.845 0.0000000000
62253  -35.607  0.439  -35.594 0.0000000000
62269  -35.521  1.263  -36.004 0.0000000000
62270  -35.692  0.562  -37.211 0.0000000000
62271  -36.683  0.548  -38.107 0.0000000000
63108  -34.108  1.176  -33.270 0.0000000000
63124  -35.012  1.644  -34.010 0.0000000000
63125  -35.144  1.618  -34.427 0.0000000000
63144  -35.211  1.915  -35.179 0.0000000000
