#!ascii label  , from subject FREESURFER vox2ras=TkReg 
134
72472  -31.107  12.800  -27.229 0.0000000000
72473  -31.591  13.079  -27.042 0.0000000000
72486  -30.471  13.065  -27.613 0.0000000000
72487  -31.023  13.260  -27.615 0.0000000000
73175  -31.007  13.529  -19.902 0.0000000000
73177  -31.046  13.570  -20.643 0.0000000000
73178  -31.153  13.808  -21.174 0.0000000000
73191  -31.132  13.249  -21.114 0.0000000000
73192  -31.283  13.460  -21.720 0.0000000000
73199  -31.468  13.489  -22.682 0.0000000000
73211  -31.555  15.671  -24.942 0.0000000000
73232  -31.607  15.393  -24.980 0.0000000000
73251  -31.634  15.151  -25.269 0.0000000000
73252  -31.806  13.223  -25.994 0.0000000000
73269  -31.729  13.347  -26.651 0.0000000000
73288  -31.428  13.309  -27.458 0.0000000000
73289  -31.626  13.521  -27.222 0.0000000000
73301  -30.614  13.524  -27.699 0.0000000000
73302  -31.205  13.573  -27.624 0.0000000000
73303  -31.511  13.568  -27.518 0.0000000000
73972  -31.029  14.446  -19.517 0.0000000000
73974  -31.018  14.433  -20.220 0.0000000000
73975  -31.126  14.452  -20.916 0.0000000000
73990  -31.240  14.285  -21.484 0.0000000000
74001  -31.363  14.408  -22.163 0.0000000000
74015  -31.526  16.040  -24.821 0.0000000000
74034  -31.515  15.940  -24.951 0.0000000000
74052  -30.074  16.238  -26.519 0.0000000000
74053  -30.193  16.104  -26.269 0.0000000000
74054  -31.412  15.544  -25.521 0.0000000000
74055  -31.671  15.019  -25.447 0.0000000000
74069  -30.510  15.952  -26.028 0.0000000000
74070  -30.995  15.593  -26.133 0.0000000000
74071  -31.233  15.460  -25.949 0.0000000000
74072  -31.433  15.264  -25.798 0.0000000000
74091  -30.312  14.268  -27.157 0.0000000000
74092  -31.249  15.295  -26.120 0.0000000000
74093  -31.404  15.182  -26.018 0.0000000000
74102  -29.683  13.776  -27.635 0.0000000000
74103  -30.122  13.846  -27.578 0.0000000000
74104  -30.835  13.893  -27.497 0.0000000000
74105  -31.379  13.801  -27.375 0.0000000000
74789  -31.057  15.252  -19.249 0.0000000000
74798  -31.030  15.223  -19.840 0.0000000000
74799  -31.119  15.291  -20.538 0.0000000000
74815  -31.269  15.251  -21.456 0.0000000000
74829  -31.712  16.463  -24.749 0.0000000000
74847  -31.647  16.425  -24.955 0.0000000000
74872  -31.415  16.393  -25.497 0.0000000000
74888  -29.792  16.854  -27.103 0.0000000000
74889  -30.121  16.478  -26.761 0.0000000000
74890  -30.583  16.307  -26.461 0.0000000000
74891  -30.939  16.094  -25.907 0.0000000000
74902  -30.428  16.127  -26.194 0.0000000000
74903  -30.768  15.921  -25.948 0.0000000000
74904  -30.879  15.793  -26.056 0.0000000000
75567  -31.096  15.860  -19.478 0.0000000000
75568  -31.229  16.567  -19.770 0.0000000000
75579  -31.123  15.893  -20.071 0.0000000000
75580  -31.254  16.358  -20.739 0.0000000000
75590  -31.338  16.422  -21.864 0.0000000000
75599  -31.909  17.018  -24.931 0.0000000000
75610  -31.830  17.022  -25.296 0.0000000000
75633  -31.646  17.071  -25.906 0.0000000000
75647  -29.565  17.628  -27.483 0.0000000000
75648  -29.835  17.360  -27.527 0.0000000000
75649  -30.384  16.768  -27.364 0.0000000000
75650  -30.966  16.613  -27.042 0.0000000000
75651  -31.400  16.890  -26.566 0.0000000000
75662  -29.837  17.664  -27.992 0.0000000000
75663  -30.178  17.361  -28.015 0.0000000000
75664  -30.838  16.936  -28.139 0.0000000000
75665  -31.373  16.991  -27.678 0.0000000000
75676  -31.175  17.210  -28.476 0.0000000000
75677  -31.300  17.056  -28.227 0.0000000000
76331  -31.335  17.462  -20.222 0.0000000000
76337  -31.327  17.459  -21.263 0.0000000000
76350  -31.888  17.576  -24.983 0.0000000000
76366  -31.876  17.611  -25.224 0.0000000000
76390  -31.805  17.641  -25.770 0.0000000000
76403  -29.602  18.155  -27.468 0.0000000000
76404  -29.746  18.124  -27.652 0.0000000000
76405  -30.137  18.288  -27.721 0.0000000000
76406  -31.669  17.597  -26.521 0.0000000000
76411  -29.686  17.846  -27.920 0.0000000000
76412  -30.078  18.033  -28.309 0.0000000000
76413  -30.460  17.489  -28.345 0.0000000000
76414  -31.539  17.520  -27.397 0.0000000000
76423  -30.655  18.041  -28.437 0.0000000000
76424  -30.875  17.639  -28.545 0.0000000000
76425  -31.373  17.455  -28.183 0.0000000000
77135  -31.347  18.460  -20.675 0.0000000000
77138  -31.238  18.484  -21.743 0.0000000000
77152  -30.719  19.113  -23.150 0.0000000000
77153  -31.801  18.033  -25.289 0.0000000000
77160  -29.855  19.378  -24.007 0.0000000000
77161  -31.379  18.319  -25.899 0.0000000000
77162  -31.695  18.109  -25.740 0.0000000000
77176  -28.814  19.274  -24.810 0.0000000000
77177  -30.739  18.517  -26.604 0.0000000000
77178  -31.182  18.395  -26.419 0.0000000000
77179  -31.597  18.131  -26.413 0.0000000000
77195  -27.144  18.563  -25.420 0.0000000000
77196  -30.025  18.417  -27.198 0.0000000000
77197  -30.447  18.417  -27.172 0.0000000000
77198  -31.110  18.399  -27.105 0.0000000000
77199  -31.519  18.058  -27.213 0.0000000000
77207  -30.559  18.311  -27.717 0.0000000000
77208  -31.109  18.253  -27.791 0.0000000000
77209  -31.459  17.958  -27.978 0.0000000000
77219  -30.677  18.181  -28.169 0.0000000000
77220  -31.060  18.078  -28.332 0.0000000000
77221  -31.251  17.820  -28.355 0.0000000000
77948  -31.339  19.421  -20.047 0.0000000000
77952  -31.233  19.427  -21.102 0.0000000000
77969  -30.854  19.318  -22.810 0.0000000000
77970  -31.018  19.491  -22.162 0.0000000000
77982  -30.046  19.793  -23.615 0.0000000000
77983  -30.548  19.667  -23.128 0.0000000000
77984  -30.792  19.821  -22.672 0.0000000000
78001  -28.979  19.797  -24.522 0.0000000000
78002  -29.524  19.823  -24.088 0.0000000000
78656  -31.166  20.322  -20.452 0.0000000000
78660  -31.004  20.312  -21.464 0.0000000000
78670  -30.431  20.831  -22.611 0.0000000000
78671  -30.675  20.509  -22.362 0.0000000000
78680  -29.677  20.451  -23.654 0.0000000000
78681  -30.217  20.596  -23.006 0.0000000000
78682  -30.609  20.143  -22.815 0.0000000000
79275  -30.889  21.059  -20.848 0.0000000000
79281  -30.708  20.988  -21.772 0.0000000000
79291  -30.234  21.365  -22.378 0.0000000000
79292  -30.605  20.972  -22.196 0.0000000000
79302  -29.998  21.153  -22.944 0.0000000000
