#!ascii label  , from subject FREESURFER vox2ras=TkReg 
138
11560  -30.384  -62.514  11.422 0.0000000000
11566  -30.511  -62.441  10.477 0.0000000000
11574  -30.570  -62.304  9.396 0.0000000000
11582  -30.575  -62.458  8.253 0.0000000000
11586  -30.437  -62.504  7.215 0.0000000000
11591  -30.154  -62.566  6.260 0.0000000000
12104  -29.748  -61.476  12.185 0.0000000000
12105  -30.095  -61.966  11.782 0.0000000000
12110  -29.738  -61.095  11.648 0.0000000000
12111  -30.087  -61.546  11.221 0.0000000000
12117  -30.321  -61.488  10.179 0.0000000000
12124  -30.395  -61.439  9.544 0.0000000000
12134  -30.467  -61.439  8.885 0.0000000000
12141  -30.610  -61.434  7.838 0.0000000000
12148  -30.577  -61.494  6.713 0.0000000000
12158  -30.239  -61.555  5.624 0.0000000000
12642  -29.653  -60.511  11.948 0.0000000000
12643  -29.763  -60.830  11.307 0.0000000000
12654  -29.734  -60.188  11.149 0.0000000000
12655  -29.937  -60.789  10.657 0.0000000000
12663  -29.725  -60.119  10.433 0.0000000000
12664  -30.082  -60.608  9.664 0.0000000000
12674  -30.301  -60.446  8.541 0.0000000000
12684  -30.546  -60.226  7.357 0.0000000000
12692  -30.573  -60.463  6.119 0.0000000000
12699  -30.236  -60.488  5.113 0.0000000000
12707  -29.278  -60.260  3.879 0.0000000000
12708  -29.750  -60.328  4.405 0.0000000000
13147  -29.764  -59.883  12.781 0.0000000000
13148  -30.191  -59.124  12.682 0.0000000000
13154  -29.833  -59.424  11.782 0.0000000000
13155  -30.128  -58.861  12.137 0.0000000000
13165  -29.663  -59.458  10.838 0.0000000000
13173  -29.534  -59.489  9.902 0.0000000000
13174  -29.811  -59.804  9.089 0.0000000000
13184  -29.519  -59.124  9.098 0.0000000000
13185  -29.957  -59.285  8.261 0.0000000000
13197  -30.288  -59.182  7.354 0.0000000000
13207  -30.469  -59.422  6.526 0.0000000000
13217  -30.395  -59.589  5.579 0.0000000000
13225  -29.563  -59.482  4.141 0.0000000000
13226  -30.092  -59.542  4.767 0.0000000000
13236  -28.160  -59.481  3.306 0.0000000000
13237  -28.964  -59.485  3.638 0.0000000000
13628  -30.499  -58.572  13.379 0.0000000000
13637  -30.407  -58.446  12.513 0.0000000000
13646  -29.744  -58.962  11.211 0.0000000000
13647  -30.101  -58.443  11.621 0.0000000000
13656  -29.669  -58.538  10.622 0.0000000000
13657  -29.992  -57.989  11.077 0.0000000000
13667  -29.464  -58.519  9.644 0.0000000000
13678  -29.400  -58.379  8.672 0.0000000000
13679  -29.642  -58.600  8.070 0.0000000000
13690  -29.497  -57.979  7.664 0.0000000000
13691  -29.900  -58.694  7.654 0.0000000000
13703  -29.679  -57.863  6.965 0.0000000000
13704  -30.084  -58.449  6.850 0.0000000000
13717  -29.899  -58.292  5.432 0.0000000000
13718  -30.273  -58.773  5.926 0.0000000000
13728  -29.064  -58.234  4.086 0.0000000000
13729  -29.643  -58.556  4.597 0.0000000000
13730  -30.162  -58.919  5.210 0.0000000000
13742  -28.562  -58.540  3.614 0.0000000000
13743  -29.261  -58.811  3.894 0.0000000000
14135  -30.636  -57.739  13.984 0.0000000000
14144  -30.663  -57.884  13.063 0.0000000000
14153  -30.576  -57.705  12.307 0.0000000000
14163  -30.374  -57.546  11.485 0.0000000000
14174  -29.636  -58.012  10.082 0.0000000000
14175  -30.025  -57.467  10.568 0.0000000000
14184  -29.573  -57.480  9.532 0.0000000000
14185  -29.953  -56.940  10.061 0.0000000000
14195  -29.296  -57.374  8.510 0.0000000000
14205  -29.186  -57.073  7.789 0.0000000000
14217  -29.326  -57.163  6.841 0.0000000000
14218  -29.721  -57.868  6.506 0.0000000000
14232  -29.575  -57.596  5.836 0.0000000000
14233  -29.963  -58.179  6.097 0.0000000000
14247  -28.231  -57.228  4.369 0.0000000000
14248  -29.043  -57.612  4.571 0.0000000000
14249  -29.553  -57.816  5.081 0.0000000000
14258  -27.916  -57.737  3.769 0.0000000000
14259  -28.590  -57.840  4.037 0.0000000000
14678  -30.705  -56.888  13.160 0.0000000000
14688  -30.706  -56.938  12.117 0.0000000000
14699  -30.578  -56.663  11.346 0.0000000000
14715  -30.356  -56.453  10.484 0.0000000000
14725  -29.524  -56.729  9.000 0.0000000000
14726  -30.017  -56.365  9.638 0.0000000000
14736  -29.310  -56.448  8.349 0.0000000000
14746  -28.968  -56.249  7.578 0.0000000000
14756  -28.385  -55.770  6.277 0.0000000000
14757  -28.661  -56.015  6.624 0.0000000000
14769  -28.401  -56.017  5.829 0.0000000000
14770  -29.020  -56.751  5.859 0.0000000000
14781  -27.788  -56.482  4.703 0.0000000000
14782  -28.624  -56.682  5.013 0.0000000000
14783  -29.228  -57.244  5.222 0.0000000000
15212  -30.720  -55.850  12.360 0.0000000000
15223  -30.661  -55.646  11.208 0.0000000000
15238  -30.517  -55.517  10.239 0.0000000000
15248  -29.738  -55.923  8.909 0.0000000000
15249  -30.264  -55.367  9.371 0.0000000000
15261  -29.452  -55.280  8.245 0.0000000000
15262  -29.994  -55.280  8.814 0.0000000000
15274  -28.377  -55.172  6.995 0.0000000000
15275  -28.724  -55.336  7.367 0.0000000000
15286  -27.609  -55.083  6.228 0.0000000000
15287  -28.074  -55.305  6.424 0.0000000000
15288  -28.459  -55.458  6.857 0.0000000000
15298  -27.270  -55.223  5.828 0.0000000000
15299  -27.877  -55.665  5.643 0.0000000000
15308  -27.470  -55.844  5.145 0.0000000000
15309  -28.091  -56.045  5.172 0.0000000000
15786  -30.665  -54.731  11.919 0.0000000000
15796  -30.694  -54.659  10.928 0.0000000000
15805  -30.597  -54.521  9.938 0.0000000000
15812  -29.716  -54.029  8.156 0.0000000000
15813  -30.280  -54.466  8.881 0.0000000000
15821  -28.337  -54.564  7.242 0.0000000000
15822  -29.081  -54.526  7.728 0.0000000000
15836  -27.471  -54.737  6.452 0.0000000000
15837  -27.906  -54.741  6.791 0.0000000000
16339  -30.621  -53.928  11.550 0.0000000000
16350  -30.632  -53.642  10.719 0.0000000000
16361  -30.538  -53.442  9.660 0.0000000000
16368  -29.722  -53.266  8.144 0.0000000000
16369  -30.199  -53.201  8.671 0.0000000000
16377  -27.991  -53.535  7.367 0.0000000000
16378  -29.083  -53.418  7.723 0.0000000000
16385  -27.771  -54.342  6.994 0.0000000000
16879  -30.463  -52.457  10.537 0.0000000000
16890  -30.306  -52.444  9.434 0.0000000000
16897  -29.647  -52.451  8.305 0.0000000000
16898  -30.087  -52.427  8.828 0.0000000000
16906  -29.156  -52.515  7.837 0.0000000000
17442  -30.207  -51.569  9.990 0.0000000000
17456  -29.930  -51.706  9.078 0.0000000000
