#!ascii label  , from subject FREESURFER vox2ras=TkReg 
117
78652  -31.259  20.420  -19.372 0.0000000000
79257  -31.310  21.477  -17.466 0.0000000000
79262  -30.910  22.054  -18.803 0.0000000000
79263  -31.072  21.662  -18.616 0.0000000000
79268  -30.814  21.999  -19.271 0.0000000000
79269  -31.008  21.220  -19.806 0.0000000000
79274  -30.665  21.828  -20.258 0.0000000000
79280  -30.521  21.618  -21.282 0.0000000000
79290  -29.831  21.744  -22.696 0.0000000000
79836  -31.254  22.405  -16.668 0.0000000000
79841  -30.855  22.812  -18.049 0.0000000000
79842  -31.015  22.558  -17.742 0.0000000000
79847  -30.796  22.522  -18.554 0.0000000000
79848  -30.984  22.249  -18.291 0.0000000000
79850  -30.103  23.012  -19.883 0.0000000000
79851  -30.351  22.732  -19.636 0.0000000000
79853  -30.048  22.956  -20.282 0.0000000000
79854  -30.282  22.334  -20.714 0.0000000000
79856  -29.917  22.783  -21.168 0.0000000000
79857  -30.149  22.076  -21.668 0.0000000000
79863  -29.735  22.350  -22.271 0.0000000000
79864  -30.073  21.946  -22.126 0.0000000000
79871  -29.040  22.789  -23.086 0.0000000000
80396  -31.156  23.215  -15.959 0.0000000000
80406  -31.040  23.210  -16.840 0.0000000000
80415  -30.686  23.327  -17.909 0.0000000000
80416  -30.916  23.242  -17.379 0.0000000000
80422  -29.994  23.858  -19.121 0.0000000000
80423  -30.361  23.303  -18.787 0.0000000000
80427  -29.979  23.386  -19.790 0.0000000000
80428  -30.155  23.313  -19.310 0.0000000000
80432  -29.731  23.526  -20.570 0.0000000000
80436  -29.532  23.429  -21.492 0.0000000000
80439  -29.212  23.452  -22.326 0.0000000000
80444  -28.769  23.726  -22.926 0.0000000000
80947  -30.639  24.614  -13.937 0.0000000000
80954  -30.642  24.627  -14.924 0.0000000000
80955  -30.969  23.964  -14.432 0.0000000000
80962  -30.613  24.572  -15.862 0.0000000000
80963  -30.950  23.954  -15.392 0.0000000000
80971  -30.548  24.439  -16.707 0.0000000000
80972  -30.885  23.896  -16.293 0.0000000000
80980  -29.996  24.855  -17.858 0.0000000000
80981  -30.420  24.243  -17.490 0.0000000000
80982  -30.781  23.758  -17.089 0.0000000000
80989  -29.750  24.730  -18.794 0.0000000000
80990  -30.202  24.063  -18.310 0.0000000000
80994  -29.586  24.355  -19.853 0.0000000000
80997  -29.369  24.237  -20.885 0.0000000000
81002  -28.788  24.846  -21.917 0.0000000000
81003  -29.158  24.171  -21.713 0.0000000000
81006  -28.115  25.010  -23.020 0.0000000000
81007  -28.543  24.691  -22.600 0.0000000000
81008  -28.887  24.194  -22.388 0.0000000000
81012  -28.380  24.253  -23.150 0.0000000000
81013  -28.676  24.221  -22.780 0.0000000000
81453  -30.240  25.228  -13.493 0.0000000000
81458  -29.854  25.883  -14.139 0.0000000000
81459  -30.265  25.256  -14.518 0.0000000000
81464  -29.878  25.863  -15.159 0.0000000000
81465  -30.262  25.220  -15.502 0.0000000000
81470  -29.866  25.780  -16.154 0.0000000000
81471  -30.233  25.098  -16.423 0.0000000000
81477  -29.820  25.562  -17.199 0.0000000000
81478  -30.214  24.866  -17.131 0.0000000000
81484  -29.555  25.563  -18.269 0.0000000000
81486  -28.938  26.030  -19.803 0.0000000000
81487  -29.197  25.646  -19.432 0.0000000000
81489  -28.860  25.901  -20.247 0.0000000000
81490  -29.130  25.092  -20.475 0.0000000000
81495  -28.690  25.577  -21.240 0.0000000000
81496  -29.042  24.797  -21.243 0.0000000000
81498  -27.947  25.585  -22.882 0.0000000000
81499  -28.268  25.564  -22.303 0.0000000000
81932  -29.502  26.472  -15.823 0.0000000000
81938  -29.473  26.374  -16.811 0.0000000000
81944  -29.374  26.267  -17.751 0.0000000000
81950  -28.883  26.827  -18.864 0.0000000000
81951  -29.187  26.245  -18.606 0.0000000000
81954  -28.735  26.545  -19.752 0.0000000000
81955  -29.008  26.322  -19.160 0.0000000000
81958  -28.413  26.495  -20.813 0.0000000000
81963  -28.205  26.260  -21.706 0.0000000000
81967  -27.673  26.206  -22.812 0.0000000000
81968  -28.021  26.185  -22.241 0.0000000000
82445  -29.146  27.092  -16.488 0.0000000000
82448  -28.798  27.704  -17.173 0.0000000000
82449  -29.108  26.972  -17.438 0.0000000000
82452  -28.743  27.496  -18.219 0.0000000000
82453  -29.069  26.780  -18.177 0.0000000000
82456  -28.483  27.498  -19.275 0.0000000000
82458  -27.616  27.994  -20.849 0.0000000000
82459  -28.002  27.607  -20.448 0.0000000000
82461  -26.836  28.179  -21.833 0.0000000000
82462  -27.280  27.943  -21.441 0.0000000000
82463  -27.857  27.024  -21.500 0.0000000000
82465  -26.131  28.208  -22.761 0.0000000000
82466  -26.536  28.069  -22.390 0.0000000000
82467  -27.258  27.169  -22.430 0.0000000000
82468  -27.830  26.594  -22.141 0.0000000000
82470  -26.048  28.069  -23.121 0.0000000000
82471  -26.504  27.479  -23.254 0.0000000000
82472  -26.993  26.761  -23.402 0.0000000000
82964  -28.441  28.321  -17.833 0.0000000000
82966  -28.324  28.218  -18.753 0.0000000000
82969  -27.702  28.791  -19.801 0.0000000000
82970  -28.087  28.204  -19.599 0.0000000000
82972  -27.468  28.444  -20.634 0.0000000000
82973  -27.849  28.272  -20.131 0.0000000000
82975  -25.968  29.074  -22.023 0.0000000000
82976  -26.662  28.591  -21.644 0.0000000000
82977  -27.110  28.465  -21.180 0.0000000000
82979  -25.853  28.565  -22.744 0.0000000000
82980  -26.247  28.546  -22.205 0.0000000000
82983  -25.492  28.398  -23.571 0.0000000000
83480  -27.987  28.738  -19.135 0.0000000000
83490  -26.939  28.934  -20.955 0.0000000000
