#!ascii label  , from subject FREESURFER vox2ras=TkReg 
172
32614  -14.742  -31.031  13.190 0.0000000000
32615  -15.191  -31.057  13.139 0.0000000000
32616  -16.150  -31.093  13.050 0.0000000000
32617  -17.201  -31.122  12.866 0.0000000000
32618  -18.273  -31.087  12.762 0.0000000000
33412  -14.477  -30.489  12.979 0.0000000000
33413  -15.566  -30.365  12.719 0.0000000000
33414  -16.576  -30.387  12.556 0.0000000000
33415  -17.725  -30.222  12.258 0.0000000000
33416  -18.815  -30.401  12.315 0.0000000000
33432  -18.047  -29.667  11.864 0.0000000000
33433  -18.628  -29.828  11.942 0.0000000000
33434  -19.189  -29.941  12.070 0.0000000000
34232  -13.823  -29.304  12.745 0.0000000000
34233  -15.000  -29.403  12.503 0.0000000000
34234  -15.991  -29.660  12.381 0.0000000000
34235  -16.812  -29.733  12.206 0.0000000000
34236  -19.859  -29.622  12.108 0.0000000000
34247  -15.602  -29.017  12.212 0.0000000000
34248  -16.341  -29.066  11.998 0.0000000000
34249  -17.405  -29.277  11.805 0.0000000000
34250  -18.389  -29.189  11.630 0.0000000000
34251  -19.479  -29.305  11.819 0.0000000000
34252  -20.170  -28.697  11.870 0.0000000000
35064  -14.351  -28.282  12.346 0.0000000000
35065  -15.133  -28.717  12.269 0.0000000000
35073  -14.752  -27.718  11.928 0.0000000000
35074  -15.530  -28.224  11.918 0.0000000000
35075  -16.732  -28.371  11.596 0.0000000000
35076  -17.798  -28.434  11.419 0.0000000000
35077  -18.853  -28.371  11.375 0.0000000000
35078  -19.789  -28.218  11.544 0.0000000000
35079  -20.304  -28.155  11.787 0.0000000000
35840  -20.825  -27.477  12.214 0.0000000000
35848  -13.947  -27.312  11.696 0.0000000000
35849  -15.100  -27.217  11.484 0.0000000000
35850  -16.193  -27.433  11.405 0.0000000000
35851  -17.180  -27.641  11.257 0.0000000000
35852  -18.176  -27.591  11.116 0.0000000000
35853  -19.261  -27.304  11.133 0.0000000000
35854  -20.328  -27.352  11.673 0.0000000000
35861  -14.338  -26.771  10.944 0.0000000000
35862  -15.102  -26.592  10.951 0.0000000000
35863  -16.734  -27.027  11.142 0.0000000000
35864  -17.459  -26.907  10.973 0.0000000000
35865  -18.401  -26.744  10.843 0.0000000000
35866  -19.090  -26.455  10.866 0.0000000000
36614  -20.840  -26.636  12.290 0.0000000000
36618  -15.792  -26.713  11.128 0.0000000000
36619  -16.310  -26.862  11.152 0.0000000000
36620  -19.752  -26.192  11.204 0.0000000000
36621  -20.394  -26.407  11.687 0.0000000000
36625  -13.989  -26.596  10.107 0.0000000000
36626  -14.766  -26.348  10.388 0.0000000000
36627  -15.496  -26.016  10.557 0.0000000000
36628  -16.562  -26.284  10.879 0.0000000000
36629  -17.687  -26.088  10.723 0.0000000000
36630  -18.613  -25.960  10.720 0.0000000000
36631  -19.188  -25.967  10.842 0.0000000000
36637  -14.557  -26.072  9.583 0.0000000000
36638  -15.020  -25.975  10.086 0.0000000000
37421  -20.860  -25.517  12.780 0.0000000000
37425  -19.793  -25.344  11.238 0.0000000000
37426  -20.381  -25.432  11.754 0.0000000000
37430  -15.588  -25.634  10.267 0.0000000000
37431  -16.014  -25.413  10.432 0.0000000000
37432  -17.034  -25.332  10.581 0.0000000000
37433  -18.047  -25.207  10.610 0.0000000000
37434  -19.127  -25.215  10.833 0.0000000000
37437  -14.748  -25.700  9.393 0.0000000000
37438  -15.245  -25.477  9.739 0.0000000000
37439  -15.897  -24.841  9.924 0.0000000000
37443  -14.389  -25.520  8.890 0.0000000000
37444  -14.946  -24.903  9.076 0.0000000000
38196  -20.518  -24.539  12.344 0.0000000000
38200  -19.722  -24.536  11.303 0.0000000000
38201  -20.218  -24.378  11.796 0.0000000000
38206  -16.539  -24.678  10.241 0.0000000000
38207  -17.391  -24.338  10.402 0.0000000000
38208  -18.385  -24.287  10.628 0.0000000000
38209  -19.093  -24.219  10.883 0.0000000000
38213  -15.469  -24.459  9.397 0.0000000000
38214  -16.181  -24.161  9.775 0.0000000000
38215  -16.749  -24.014  10.109 0.0000000000
38219  -14.410  -24.565  8.698 0.0000000000
38220  -14.945  -24.344  8.982 0.0000000000
38928  -20.369  -23.483  13.048 0.0000000000
38932  -20.390  -23.756  12.574 0.0000000000
38937  -19.836  -23.555  11.659 0.0000000000
38938  -20.287  -23.895  12.089 0.0000000000
38944  -17.857  -23.330  10.404 0.0000000000
38945  -18.725  -23.439  10.764 0.0000000000
38946  -19.326  -23.665  11.148 0.0000000000
38952  -15.693  -23.495  9.374 0.0000000000
38953  -16.544  -23.400  9.802 0.0000000000
38954  -17.135  -23.531  10.167 0.0000000000
38958  -13.695  -23.846  8.516 0.0000000000
38959  -14.607  -23.857  8.821 0.0000000000
38960  -15.161  -23.904  9.098 0.0000000000
39720  -20.045  -22.923  13.221 0.0000000000
39723  -19.716  -22.349  12.797 0.0000000000
39724  -20.116  -23.045  12.632 0.0000000000
39728  -19.727  -22.554  12.015 0.0000000000
39729  -20.127  -23.340  12.180 0.0000000000
39736  -17.787  -22.565  10.346 0.0000000000
39737  -18.335  -22.585  10.626 0.0000000000
39738  -19.128  -22.644  11.206 0.0000000000
39754  -13.961  -22.389  9.145 0.0000000000
39755  -15.109  -22.611  9.218 0.0000000000
39756  -16.188  -22.602  9.573 0.0000000000
39757  -17.156  -22.607  10.042 0.0000000000
39770  -14.286  -23.150  8.888 0.0000000000
39771  -14.997  -23.386  9.035 0.0000000000
40514  -18.773  -21.164  12.970 0.0000000000
40515  -19.285  -21.801  13.177 0.0000000000
40517  -18.742  -21.015  12.471 0.0000000000
40518  -19.196  -21.544  12.348 0.0000000000
40521  -18.653  -21.376  11.313 0.0000000000
40522  -19.146  -21.825  11.615 0.0000000000
40526  -17.745  -21.778  10.384 0.0000000000
40527  -18.542  -21.870  10.900 0.0000000000
40528  -18.898  -21.907  11.248 0.0000000000
40546  -14.657  -21.725  9.474 0.0000000000
40547  -15.753  -21.775  9.574 0.0000000000
40548  -16.667  -21.854  9.812 0.0000000000
40549  -17.190  -21.880  10.056 0.0000000000
41341  -17.561  -20.360  13.610 0.0000000000
41342  -18.139  -20.776  13.470 0.0000000000
41343  -17.747  -20.185  13.104 0.0000000000
41344  -18.277  -20.459  12.527 0.0000000000
41345  -18.715  -20.878  12.114 0.0000000000
41346  -17.678  -20.188  11.153 0.0000000000
41347  -18.192  -20.449  11.520 0.0000000000
41348  -18.827  -21.185  11.766 0.0000000000
41358  -14.806  -20.356  10.270 0.0000000000
41359  -15.959  -20.332  10.283 0.0000000000
41360  -17.282  -20.477  10.634 0.0000000000
41361  -18.159  -21.133  10.878 0.0000000000
41374  -14.167  -21.049  9.884 0.0000000000
41375  -15.313  -21.011  9.849 0.0000000000
41376  -16.387  -21.083  9.962 0.0000000000
41377  -17.095  -21.374  10.112 0.0000000000
42210  -15.657  -19.397  14.219 0.0000000000
42211  -16.609  -19.846  13.965 0.0000000000
42226  -15.802  -19.058  13.437 0.0000000000
42227  -16.475  -19.347  13.207 0.0000000000
42228  -17.187  -19.889  13.400 0.0000000000
42233  -16.775  -19.315  12.627 0.0000000000
42234  -17.394  -19.663  12.463 0.0000000000
42235  -17.999  -20.035  12.087 0.0000000000
42241  -13.784  -19.240  11.249 0.0000000000
42242  -14.822  -19.184  11.156 0.0000000000
42243  -15.790  -19.211  11.184 0.0000000000
42244  -16.624  -19.382  11.332 0.0000000000
42245  -17.426  -19.778  11.439 0.0000000000
42246  -17.815  -19.895  11.858 0.0000000000
42253  -14.275  -19.760  10.725 0.0000000000
42254  -15.364  -19.713  10.683 0.0000000000
42255  -16.375  -19.743  10.781 0.0000000000
42256  -16.982  -19.770  10.985 0.0000000000
43141  -15.246  -18.572  13.396 0.0000000000
43142  -15.868  -18.907  12.987 0.0000000000
43156  -14.708  -18.383  12.128 0.0000000000
43157  -15.444  -18.576  12.451 0.0000000000
43158  -16.342  -19.076  12.478 0.0000000000
43159  -16.855  -19.288  12.370 0.0000000000
43171  -14.323  -18.715  11.656 0.0000000000
43172  -15.238  -18.745  11.672 0.0000000000
43173  -16.085  -18.972  11.821 0.0000000000
43174  -16.862  -19.219  11.957 0.0000000000
44124  -14.879  -18.241  12.825 0.0000000000
44138  -14.854  -18.312  12.484 0.0000000000
