#!ascii label  , from subject FREESURFER vox2ras=TkReg 
188
6537  -35.903  -70.589  0.279 0.0000000000
7097  -36.654  -70.440  1.789 0.0000000000
7098  -36.970  -71.168  1.280 0.0000000000
7105  -35.782  -70.113  0.498 0.0000000000
7106  -36.267  -70.331  0.900 0.0000000000
7107  -36.717  -71.121  0.789 0.0000000000
7131  -35.357  -70.159  0.124 0.0000000000
7146  -31.776  -70.421  -1.501 0.0000000000
7159  -30.530  -70.322  -1.977 0.0000000000
7160  -31.093  -70.349  -1.811 0.0000000000
7623  -36.381  -69.789  2.358 0.0000000000
7630  -35.630  -69.129  1.285 0.0000000000
7631  -36.038  -69.494  1.549 0.0000000000
7637  -34.930  -69.323  0.309 0.0000000000
7638  -35.551  -69.516  0.757 0.0000000000
7639  -35.976  -69.737  1.061 0.0000000000
7653  -33.984  -69.702  -0.498 0.0000000000
7654  -34.765  -69.706  -0.070 0.0000000000
7655  -35.156  -69.652  0.259 0.0000000000
7672  -31.943  -69.415  -1.998 0.0000000000
7673  -32.653  -69.777  -1.418 0.0000000000
7674  -33.272  -70.115  -0.879 0.0000000000
7690  -29.519  -69.436  -2.473 0.0000000000
7691  -30.410  -69.636  -2.400 0.0000000000
7692  -31.185  -69.902  -2.134 0.0000000000
8122  -33.186  -68.178  3.846 0.0000000000
8123  -34.395  -68.141  3.448 0.0000000000
8124  -35.569  -68.808  3.204 0.0000000000
8125  -36.067  -69.251  2.694 0.0000000000
8136  -34.893  -68.197  2.313 0.0000000000
8137  -35.709  -68.814  2.351 0.0000000000
8138  -36.068  -69.206  2.187 0.0000000000
8146  -34.883  -68.394  1.391 0.0000000000
8147  -35.530  -68.775  1.701 0.0000000000
8148  -35.898  -68.994  1.945 0.0000000000
8153  -34.800  -68.750  0.650 0.0000000000
8154  -35.310  -68.872  1.142 0.0000000000
8168  -33.792  -68.663  -0.540 0.0000000000
8169  -34.458  -69.020  -0.072 0.0000000000
8180  -31.884  -68.410  -2.095 0.0000000000
8181  -32.603  -68.794  -1.602 0.0000000000
8182  -33.284  -69.192  -1.064 0.0000000000
8191  -27.108  -68.439  -2.740 0.0000000000
8192  -28.042  -68.543  -2.790 0.0000000000
8193  -29.229  -68.402  -3.071 0.0000000000
8194  -30.323  -68.717  -2.756 0.0000000000
8195  -31.185  -69.032  -2.436 0.0000000000
8200  -26.924  -67.861  -3.080 0.0000000000
8201  -27.615  -67.866  -3.151 0.0000000000
8202  -28.467  -67.792  -3.274 0.0000000000
8203  -29.046  -67.643  -3.351 0.0000000000
8636  -31.427  -67.730  5.516 0.0000000000
8642  -31.507  -67.667  4.499 0.0000000000
8643  -31.846  -67.954  3.967 0.0000000000
8650  -31.680  -67.343  3.657 0.0000000000
8651  -32.333  -67.688  3.421 0.0000000000
8652  -33.332  -67.618  3.065 0.0000000000
8653  -34.083  -67.717  2.656 0.0000000000
8660  -31.779  -67.223  2.948 0.0000000000
8661  -32.395  -67.368  2.479 0.0000000000
8662  -33.401  -67.469  2.253 0.0000000000
8663  -34.122  -67.663  2.060 0.0000000000
8673  -32.763  -67.261  1.777 0.0000000000
8674  -33.597  -67.459  1.402 0.0000000000
8675  -34.382  -67.910  1.619 0.0000000000
8686  -33.628  -67.564  0.460 0.0000000000
8687  -34.294  -67.991  0.920 0.0000000000
8697  -32.817  -67.368  -0.828 0.0000000000
8698  -33.513  -67.778  -0.374 0.0000000000
8699  -34.134  -68.243  0.133 0.0000000000
8706  -31.706  -67.444  -1.952 0.0000000000
8707  -32.419  -67.840  -1.514 0.0000000000
8708  -33.160  -68.223  -1.085 0.0000000000
8720  -29.552  -67.275  -3.257 0.0000000000
8721  -30.300  -67.636  -2.942 0.0000000000
8722  -31.131  -68.022  -2.541 0.0000000000
8738  -27.163  -67.258  -3.331 0.0000000000
8739  -27.980  -67.155  -3.448 0.0000000000
8740  -28.845  -66.999  -3.464 0.0000000000
9184  -31.553  -66.627  5.192 0.0000000000
9191  -31.579  -66.621  4.149 0.0000000000
9199  -31.524  -66.632  3.199 0.0000000000
9205  -31.382  -66.814  2.082 0.0000000000
9206  -32.089  -67.246  1.880 0.0000000000
9214  -31.490  -66.458  0.941 0.0000000000
9215  -32.222  -67.031  1.295 0.0000000000
9216  -32.902  -67.194  1.320 0.0000000000
9226  -31.578  -66.265  0.042 0.0000000000
9227  -32.285  -66.724  0.438 0.0000000000
9228  -32.975  -67.120  0.810 0.0000000000
9237  -31.571  -66.352  -0.802 0.0000000000
9238  -32.291  -66.706  -0.426 0.0000000000
9239  -33.015  -67.083  -0.020 0.0000000000
9249  -30.770  -66.093  -1.874 0.0000000000
9250  -31.407  -66.608  -1.599 0.0000000000
9251  -32.109  -66.979  -1.245 0.0000000000
9272  -29.395  -66.481  -3.207 0.0000000000
9273  -30.129  -66.442  -2.742 0.0000000000
9274  -31.007  -66.981  -2.394 0.0000000000
9293  -27.479  -66.503  -3.410 0.0000000000
9294  -28.301  -66.397  -3.439 0.0000000000
9295  -28.944  -66.166  -3.327 0.0000000000
9749  -31.299  -65.385  5.930 0.0000000000
9757  -31.551  -65.571  4.790 0.0000000000
9768  -31.508  -65.684  3.718 0.0000000000
9781  -31.370  -65.846  2.760 0.0000000000
9792  -31.068  -65.818  2.062 0.0000000000
9801  -30.945  -65.892  1.326 0.0000000000
9809  -30.943  -65.828  0.457 0.0000000000
9816  -30.699  -65.295  -0.596 0.0000000000
9817  -30.897  -65.707  -0.399 0.0000000000
9833  -30.630  -65.383  -1.113 0.0000000000
9834  -31.029  -66.044  -1.141 0.0000000000
9858  -28.313  -65.182  -3.008 0.0000000000
9859  -29.254  -65.577  -2.879 0.0000000000
9860  -30.121  -65.327  -2.037 0.0000000000
9879  -27.861  -65.786  -3.338 0.0000000000
9880  -28.633  -65.799  -3.264 0.0000000000
9881  -28.978  -65.831  -3.202 0.0000000000
10352  -30.567  -64.410  5.914 0.0000000000
10353  -31.041  -64.815  5.765 0.0000000000
10365  -30.709  -64.083  5.042 0.0000000000
10366  -31.168  -64.737  5.336 0.0000000000
10381  -30.748  -63.958  4.536 0.0000000000
10382  -31.190  -64.546  4.289 0.0000000000
10397  -31.285  -64.902  3.159 0.0000000000
10405  -31.187  -65.187  2.398 0.0000000000
10415  -30.981  -65.081  1.679 0.0000000000
10426  -30.699  -64.518  0.281 0.0000000000
10427  -30.778  -64.897  0.683 0.0000000000
10443  -30.623  -64.785  -0.291 0.0000000000
10444  -30.801  -65.310  0.118 0.0000000000
10465  -29.620  -64.085  -1.640 0.0000000000
10466  -30.119  -64.532  -1.391 0.0000000000
10491  -28.760  -64.575  -2.490 0.0000000000
10492  -29.599  -64.666  -2.080 0.0000000000
10493  -29.959  -64.833  -1.847 0.0000000000
11009  -29.913  -63.525  6.075 0.0000000000
11022  -30.168  -63.655  5.378 0.0000000000
11032  -30.301  -63.459  4.599 0.0000000000
11033  -30.765  -63.819  4.131 0.0000000000
11048  -30.481  -63.273  3.706 0.0000000000
11049  -30.934  -64.008  3.413 0.0000000000
11061  -30.689  -63.323  2.758 0.0000000000
11062  -31.031  -64.274  2.333 0.0000000000
11076  -30.688  -63.311  1.630 0.0000000000
11077  -30.885  -64.284  1.261 0.0000000000
11092  -30.667  -63.888  0.470 0.0000000000
11093  -30.798  -64.349  0.801 0.0000000000
11108  -29.656  -63.257  -0.979 0.0000000000
11109  -30.189  -63.624  -0.600 0.0000000000
11127  -28.780  -63.296  -1.590 0.0000000000
11128  -29.387  -63.544  -1.447 0.0000000000
11129  -29.819  -63.791  -1.235 0.0000000000
11150  -29.102  -63.951  -1.955 0.0000000000
11605  -29.819  -62.712  5.244 0.0000000000
11617  -29.836  -62.609  4.107 0.0000000000
11631  -30.184  -62.591  3.112 0.0000000000
11642  -30.422  -62.691  2.291 0.0000000000
11650  -30.312  -62.463  1.652 0.0000000000
11664  -29.757  -62.007  0.423 0.0000000000
11665  -30.256  -62.536  0.716 0.0000000000
11681  -28.447  -62.170  -0.621 0.0000000000
11682  -29.540  -62.430  -0.374 0.0000000000
11683  -30.303  -63.031  -0.018 0.0000000000
11700  -28.692  -62.695  -1.086 0.0000000000
11701  -29.253  -62.990  -1.153 0.0000000000
12168  -29.463  -60.777  4.120 0.0000000000
12169  -29.684  -61.434  4.493 0.0000000000
12176  -29.192  -61.042  3.714 0.0000000000
12177  -29.524  -61.877  3.438 0.0000000000
12184  -28.265  -60.943  2.595 0.0000000000
12185  -28.880  -61.280  2.768 0.0000000000
12186  -29.861  -62.023  2.309 0.0000000000
12195  -28.344  -60.989  1.787 0.0000000000
12196  -29.405  -61.541  1.606 0.0000000000
12197  -30.015  -61.996  1.408 0.0000000000
12215  -27.982  -61.135  0.651 0.0000000000
12216  -29.156  -61.519  0.641 0.0000000000
12217  -29.809  -61.819  0.910 0.0000000000
12236  -28.653  -61.654  -0.069 0.0000000000
12716  -28.044  -60.269  3.164 0.0000000000
12717  -28.623  -60.430  3.435 0.0000000000
12726  -27.699  -60.508  2.674 0.0000000000
12727  -28.220  -60.810  3.025 0.0000000000
12745  -27.485  -60.650  2.027 0.0000000000
12767  -27.566  -60.778  1.434 0.0000000000
13248  -27.679  -59.850  3.067 0.0000000000
