#!ascii label  , from subject FREESURFER vox2ras=TkReg 
154
88018  -22.832  39.405  -30.905 0.0000000000
88030  -22.884  38.877  -31.531 0.0000000000
88045  -23.234  38.854  -32.729 0.0000000000
88058  -23.575  38.851  -33.587 0.0000000000
88535  -23.124  40.086  -29.513 0.0000000000
88546  -22.969  39.855  -30.313 0.0000000000
88558  -23.123  39.947  -31.558 0.0000000000
88573  -23.253  39.684  -32.386 0.0000000000
88586  -23.630  39.838  -33.266 0.0000000000
88587  -23.969  40.205  -33.807 0.0000000000
88594  -23.868  39.555  -33.820 0.0000000000
89115  -23.350  40.490  -28.820 0.0000000000
89116  -23.900  41.045  -29.360 0.0000000000
89127  -23.548  40.589  -29.914 0.0000000000
89128  -24.059  41.421  -30.334 0.0000000000
89139  -23.628  40.936  -31.383 0.0000000000
89140  -24.269  41.954  -31.615 0.0000000000
89141  -25.721  41.059  -32.495 0.0000000000
89142  -25.947  41.098  -32.148 0.0000000000
89157  -23.597  40.620  -32.764 0.0000000000
89158  -24.159  41.829  -32.962 0.0000000000
89159  -25.329  41.427  -32.838 0.0000000000
89160  -25.606  41.775  -32.535 0.0000000000
89170  -23.784  40.501  -33.473 0.0000000000
89171  -23.982  40.957  -33.732 0.0000000000
89172  -24.761  41.061  -33.511 0.0000000000
89720  -23.434  41.287  -28.057 0.0000000000
89721  -24.075  41.774  -28.346 0.0000000000
89735  -23.884  41.223  -28.710 0.0000000000
89736  -24.402  41.785  -29.300 0.0000000000
89749  -24.583  42.285  -30.622 0.0000000000
89750  -24.800  42.805  -31.208 0.0000000000
89760  -24.624  42.506  -31.636 0.0000000000
89761  -25.010  42.883  -32.003 0.0000000000
89762  -25.919  42.162  -32.116 0.0000000000
89778  -24.568  42.414  -32.323 0.0000000000
89779  -25.074  42.452  -32.921 0.0000000000
89780  -25.457  42.028  -32.704 0.0000000000
90377  -22.677  42.452  -27.090 0.0000000000
90378  -23.459  42.849  -27.220 0.0000000000
90393  -22.984  41.707  -27.562 0.0000000000
90394  -23.740  42.353  -27.628 0.0000000000
90395  -24.486  42.532  -28.495 0.0000000000
90408  -24.862  42.876  -29.678 0.0000000000
90409  -25.075  43.551  -29.980 0.0000000000
90424  -24.832  42.829  -30.611 0.0000000000
90425  -25.116  43.371  -30.908 0.0000000000
90436  -25.791  43.431  -31.890 0.0000000000
90437  -26.673  42.771  -31.626 0.0000000000
90451  -26.114  43.699  -31.775 0.0000000000
90452  -26.519  43.451  -31.662 0.0000000000
90453  -27.064  43.107  -31.521 0.0000000000
91024  -22.366  43.460  -26.254 0.0000000000
91025  -23.594  43.518  -26.871 0.0000000000
91026  -24.170  44.058  -27.123 0.0000000000
91039  -23.855  43.045  -27.309 0.0000000000
91040  -24.481  43.573  -27.785 0.0000000000
91041  -24.910  44.234  -28.309 0.0000000000
91049  -24.796  43.168  -28.703 0.0000000000
91050  -25.101  43.846  -29.064 0.0000000000
91065  -25.316  44.073  -30.206 0.0000000000
91075  -25.756  44.125  -31.143 0.0000000000
91076  -26.192  44.370  -31.154 0.0000000000
91087  -25.945  43.881  -31.712 0.0000000000
91088  -26.403  44.024  -31.501 0.0000000000
91089  -27.407  43.552  -31.418 0.0000000000
91620  -22.752  44.965  -25.787 0.0000000000
91633  -22.481  44.292  -25.902 0.0000000000
91634  -23.258  44.490  -26.231 0.0000000000
91635  -23.973  44.565  -26.775 0.0000000000
91647  -24.374  44.640  -27.346 0.0000000000
91648  -24.744  44.712  -27.920 0.0000000000
91658  -25.217  44.798  -28.586 0.0000000000
91674  -25.608  44.727  -29.515 0.0000000000
91675  -25.993  45.021  -29.992 0.0000000000
91687  -25.751  44.559  -30.330 0.0000000000
91688  -26.273  44.783  -30.628 0.0000000000
91689  -26.891  44.900  -30.857 0.0000000000
91690  -27.625  44.983  -30.981 0.0000000000
91691  -28.375  45.013  -31.154 0.0000000000
91700  -26.539  44.492  -31.109 0.0000000000
91701  -27.117  44.397  -31.253 0.0000000000
91702  -28.012  44.302  -31.295 0.0000000000
91703  -29.075  44.429  -31.469 0.0000000000
92182  -23.536  45.660  -26.036 0.0000000000
92183  -24.119  46.117  -26.334 0.0000000000
92195  -23.818  45.091  -26.455 0.0000000000
92196  -24.419  45.602  -26.883 0.0000000000
92197  -24.909  46.085  -27.352 0.0000000000
92208  -24.593  45.193  -27.547 0.0000000000
92209  -24.968  45.656  -27.955 0.0000000000
92219  -25.814  45.603  -28.919 0.0000000000
92220  -26.304  46.017  -29.149 0.0000000000
92235  -25.986  45.252  -29.555 0.0000000000
92236  -26.573  45.607  -29.793 0.0000000000
92237  -27.618  45.908  -29.994 0.0000000000
92238  -28.161  46.023  -30.075 0.0000000000
92251  -26.723  45.194  -30.460 0.0000000000
92252  -27.258  45.406  -30.466 0.0000000000
92253  -28.247  45.630  -30.542 0.0000000000
92254  -29.053  45.437  -31.152 0.0000000000
92263  -29.736  45.110  -31.555 0.0000000000
92668  -24.051  46.680  -25.947 0.0000000000
92669  -24.680  46.792  -26.287 0.0000000000
92684  -24.461  46.380  -26.462 0.0000000000
92685  -25.005  46.549  -26.872 0.0000000000
92686  -25.682  46.751  -27.238 0.0000000000
92687  -26.311  46.930  -27.443 0.0000000000
92703  -25.294  46.392  -27.636 0.0000000000
92704  -25.923  46.723  -27.927 0.0000000000
92705  -26.759  46.956  -28.078 0.0000000000
92706  -27.436  46.966  -28.410 0.0000000000
92721  -25.574  46.244  -28.272 0.0000000000
92722  -26.253  46.434  -28.657 0.0000000000
92723  -27.039  46.666  -28.800 0.0000000000
92724  -27.866  46.754  -28.976 0.0000000000
92725  -28.521  46.746  -29.357 0.0000000000
92740  -26.674  46.255  -29.180 0.0000000000
92741  -27.298  46.333  -29.445 0.0000000000
92742  -28.148  46.379  -29.702 0.0000000000
92743  -28.950  46.601  -29.945 0.0000000000
92744  -29.520  46.759  -30.478 0.0000000000
92758  -28.560  46.170  -30.166 0.0000000000
92759  -29.172  46.207  -30.689 0.0000000000
92760  -29.968  46.713  -31.204 0.0000000000
92772  -29.813  45.907  -31.422 0.0000000000
93169  -24.478  47.367  -25.228 0.0000000000
93170  -25.748  47.533  -25.138 0.0000000000
93171  -26.902  47.719  -25.058 0.0000000000
93172  -28.084  47.952  -24.900 0.0000000000
93173  -29.234  48.149  -25.032 0.0000000000
93184  -24.616  47.031  -25.926 0.0000000000
93185  -25.297  47.125  -26.164 0.0000000000
93186  -26.464  47.314  -26.042 0.0000000000
93187  -27.659  47.461  -25.979 0.0000000000
93188  -28.840  47.675  -25.899 0.0000000000
93189  -29.898  48.050  -25.870 0.0000000000
93204  -25.513  46.852  -26.762 0.0000000000
93205  -26.070  46.999  -26.795 0.0000000000
93206  -27.158  47.139  -27.180 0.0000000000
93207  -28.446  47.461  -27.031 0.0000000000
93208  -29.584  47.785  -26.908 0.0000000000
93221  -27.366  47.125  -27.980 0.0000000000
93222  -28.142  47.164  -28.234 0.0000000000
93223  -29.322  47.493  -28.072 0.0000000000
93224  -30.374  47.957  -27.928 0.0000000000
93235  -28.432  46.924  -28.943 0.0000000000
93236  -29.155  47.049  -29.260 0.0000000000
93237  -30.269  47.414  -29.098 0.0000000000
93252  -29.462  46.864  -30.021 0.0000000000
93253  -30.114  47.139  -30.419 0.0000000000
93726  -27.928  48.587  -24.222 0.0000000000
93727  -28.650  48.707  -24.466 0.0000000000
93728  -29.597  48.963  -24.578 0.0000000000
