#!ascii label  , from subject FREESURFER vox2ras=TkReg 
190
8973  -13.439  -67.126  -20.482 0.0000000000
8974  -14.534  -67.109  -20.125 0.0000000000
8975  -15.248  -66.857  -20.008 0.0000000000
8988  -14.358  -67.560  -20.953 0.0000000000
8989  -15.169  -67.338  -20.719 0.0000000000
9003  -14.965  -67.552  -21.604 0.0000000000
9509  -13.235  -65.957  -18.883 0.0000000000
9510  -14.298  -66.198  -18.676 0.0000000000
9511  -15.170  -66.138  -18.690 0.0000000000
9532  -13.882  -66.640  -19.500 0.0000000000
9533  -14.871  -66.646  -19.324 0.0000000000
9534  -15.746  -66.119  -19.530 0.0000000000
9535  -16.107  -65.698  -20.021 0.0000000000
9550  -15.694  -66.662  -20.612 0.0000000000
9551  -16.122  -65.959  -20.613 0.0000000000
9569  -15.544  -67.041  -21.505 0.0000000000
9570  -16.009  -66.298  -21.552 0.0000000000
9588  -15.693  -66.672  -22.480 0.0000000000
10078  -12.799  -64.710  -17.758 0.0000000000
10079  -13.272  -64.840  -17.674 0.0000000000
10080  -14.214  -65.001  -17.581 0.0000000000
10081  -15.028  -64.925  -17.757 0.0000000000
10093  -12.512  -64.931  -18.315 0.0000000000
10094  -13.723  -65.512  -18.125 0.0000000000
10095  -14.742  -65.622  -18.103 0.0000000000
10096  -15.655  -65.291  -18.584 0.0000000000
10097  -16.064  -64.785  -18.975 0.0000000000
10117  -15.885  -65.625  -19.151 0.0000000000
10118  -16.089  -65.276  -19.533 0.0000000000
10138  -16.218  -65.248  -20.582 0.0000000000
10156  -16.176  -65.440  -21.604 0.0000000000
10171  -16.005  -65.823  -22.633 0.0000000000
10186  -15.795  -65.381  -23.815 0.0000000000
10702  -12.521  -64.338  -17.299 0.0000000000
10703  -13.691  -64.416  -17.107 0.0000000000
10704  -14.589  -64.264  -17.300 0.0000000000
10705  -15.408  -64.119  -17.847 0.0000000000
10722  -11.907  -64.452  -17.910 0.0000000000
10723  -15.858  -64.340  -18.584 0.0000000000
10724  -16.064  -64.301  -19.007 0.0000000000
10745  -15.667  -63.930  -20.156 0.0000000000
10746  -16.037  -64.470  -19.534 0.0000000000
10765  -15.525  -64.102  -20.897 0.0000000000
10766  -16.012  -64.577  -20.354 0.0000000000
10781  -15.009  -64.004  -21.553 0.0000000000
10782  -15.816  -64.571  -21.470 0.0000000000
10793  -14.884  -64.180  -22.398 0.0000000000
10794  -15.707  -64.856  -22.781 0.0000000000
10803  -14.959  -64.122  -23.299 0.0000000000
10804  -15.668  -64.370  -24.175 0.0000000000
11309  -13.400  -63.271  -16.225 0.0000000000
11310  -14.115  -62.983  -16.461 0.0000000000
11325  -13.223  -63.912  -16.614 0.0000000000
11326  -14.063  -63.741  -16.689 0.0000000000
11327  -14.770  -63.238  -17.113 0.0000000000
11328  -15.350  -63.145  -17.783 0.0000000000
11344  -15.581  -63.358  -18.652 0.0000000000
11345  -15.949  -63.969  -18.839 0.0000000000
11359  -15.258  -63.217  -19.882 0.0000000000
11360  -15.854  -63.867  -19.323 0.0000000000
11375  -14.899  -63.388  -21.013 0.0000000000
11384  -13.394  -63.020  -22.785 0.0000000000
11385  -13.969  -63.513  -22.036 0.0000000000
11394  -13.715  -63.002  -23.448 0.0000000000
11395  -14.019  -63.743  -23.072 0.0000000000
11403  -14.123  -62.849  -23.762 0.0000000000
11404  -14.791  -63.362  -23.909 0.0000000000
11405  -16.269  -63.501  -24.573 0.0000000000
11822  -13.630  -61.788  -15.876 0.0000000000
11835  -13.586  -62.501  -16.037 0.0000000000
11836  -14.244  -62.051  -16.575 0.0000000000
11847  -14.778  -62.214  -17.743 0.0000000000
11848  -15.315  -62.798  -18.117 0.0000000000
11869  -14.156  -61.798  -18.926 0.0000000000
11870  -15.007  -62.534  -18.527 0.0000000000
11887  -13.639  -61.712  -20.131 0.0000000000
11888  -14.709  -62.513  -19.447 0.0000000000
11904  -13.439  -61.757  -21.030 0.0000000000
11905  -14.210  -62.480  -20.733 0.0000000000
11917  -12.927  -61.349  -22.399 0.0000000000
11918  -13.248  -62.070  -22.009 0.0000000000
11919  -14.016  -62.897  -21.482 0.0000000000
11930  -13.055  -61.541  -22.572 0.0000000000
11931  -13.255  -62.168  -23.051 0.0000000000
11938  -13.911  -62.370  -23.572 0.0000000000
11939  -14.650  -62.472  -23.815 0.0000000000
12366  -13.841  -61.142  -16.018 0.0000000000
12378  -14.107  -61.083  -16.656 0.0000000000
12391  -14.289  -61.348  -17.270 0.0000000000
12409  -13.802  -61.058  -18.293 0.0000000000
12426  -11.960  -60.163  -19.935 0.0000000000
12427  -12.805  -60.728  -19.662 0.0000000000
12440  -12.037  -60.207  -20.361 0.0000000000
12441  -12.843  -60.822  -21.088 0.0000000000
12451  -12.899  -61.086  -22.565 0.0000000000
12452  -12.811  -60.953  -22.199 0.0000000000
12462  -13.180  -61.354  -22.847 0.0000000000
12463  -14.173  -61.483  -23.234 0.0000000000
12471  -14.389  -62.026  -23.624 0.0000000000
12892  -14.179  -60.455  -16.192 0.0000000000
12904  -14.118  -60.382  -17.419 0.0000000000
12916  -11.953  -58.969  -19.434 0.0000000000
12917  -12.863  -59.777  -18.977 0.0000000000
12935  -11.615  -59.406  -20.081 0.0000000000
12936  -12.182  -60.057  -19.711 0.0000000000
12954  -12.025  -59.707  -21.145 0.0000000000
12955  -13.254  -59.898  -21.975 0.0000000000
12970  -13.098  -60.872  -22.656 0.0000000000
12971  -13.445  -60.628  -22.469 0.0000000000
12972  -14.670  -60.249  -22.094 0.0000000000
12985  -13.024  -61.070  -22.742 0.0000000000
12986  -13.522  -60.944  -22.809 0.0000000000
13391  -14.271  -59.738  -15.546 0.0000000000
13392  -14.897  -59.160  -15.571 0.0000000000
13403  -14.532  -59.701  -16.508 0.0000000000
13404  -14.967  -58.922  -16.535 0.0000000000
13415  -14.279  -59.083  -17.893 0.0000000000
13416  -14.836  -58.607  -17.105 0.0000000000
13424  -11.402  -58.209  -19.740 0.0000000000
13425  -12.522  -58.551  -18.931 0.0000000000
13439  -11.026  -58.401  -20.573 0.0000000000
13440  -13.723  -58.748  -20.472 0.0000000000
13457  -11.479  -58.787  -21.154 0.0000000000
13458  -12.822  -59.022  -21.309 0.0000000000
13890  -15.084  -58.545  -14.595 0.0000000000
13899  -15.361  -58.404  -15.607 0.0000000000
13906  -15.214  -58.206  -16.585 0.0000000000
13916  -13.517  -57.912  -18.503 0.0000000000
13917  -14.629  -58.110  -17.514 0.0000000000
13927  -11.451  -57.294  -19.963 0.0000000000
13928  -11.986  -57.364  -19.187 0.0000000000
13940  -11.305  -57.645  -20.603 0.0000000000
13941  -12.690  -57.538  -20.203 0.0000000000
13955  -11.063  -58.041  -21.226 0.0000000000
13956  -12.065  -58.136  -21.044 0.0000000000
14415  -15.137  -57.632  -13.889 0.0000000000
14426  -15.482  -57.629  -14.802 0.0000000000
14434  -15.522  -57.519  -15.877 0.0000000000
14443  -15.057  -57.416  -16.928 0.0000000000
14452  -12.812  -57.130  -18.537 0.0000000000
14453  -14.028  -57.229  -17.882 0.0000000000
14462  -12.218  -56.596  -19.050 0.0000000000
14463  -12.864  -56.322  -19.598 0.0000000000
14471  -12.422  -56.664  -19.886 0.0000000000
14945  -15.403  -56.720  -14.112 0.0000000000
14953  -15.506  -56.651  -15.188 0.0000000000
14959  -15.285  -56.647  -16.317 0.0000000000
14967  -13.885  -56.228  -17.577 0.0000000000
14968  -14.599  -56.716  -17.227 0.0000000000
14974  -13.034  -56.597  -18.306 0.0000000000
14975  -13.907  -56.713  -17.738 0.0000000000
14987  -12.433  -56.092  -19.074 0.0000000000
14988  -14.151  -56.293  -19.213 0.0000000000
15467  -15.261  -55.747  -13.373 0.0000000000
15475  -15.389  -55.724  -14.512 0.0000000000
15483  -14.706  -55.084  -16.070 0.0000000000
15484  -15.135  -55.604  -15.827 0.0000000000
15493  -14.059  -55.322  -16.974 0.0000000000
15494  -14.712  -56.083  -16.798 0.0000000000
15501  -11.382  -55.074  -18.581 0.0000000000
15502  -11.916  -55.567  -18.453 0.0000000000
15503  -12.776  -55.938  -18.182 0.0000000000
15516  -11.261  -54.982  -19.004 0.0000000000
15517  -11.701  -55.258  -19.201 0.0000000000
15518  -12.888  -55.652  -19.419 0.0000000000
16028  -15.355  -54.845  -13.864 0.0000000000
16037  -14.688  -54.349  -15.269 0.0000000000
16038  -14.997  -54.744  -14.997 0.0000000000
16045  -14.449  -54.513  -15.890 0.0000000000
16046  -14.861  -54.986  -15.647 0.0000000000
16054  -12.474  -54.327  -17.253 0.0000000000
16055  -13.159  -54.416  -16.952 0.0000000000
16065  -11.404  -54.663  -18.261 0.0000000000
16066  -11.916  -54.655  -17.715 0.0000000000
16067  -12.649  -55.242  -17.686 0.0000000000
16079  -11.414  -54.638  -18.617 0.0000000000
16080  -11.660  -54.570  -19.111 0.0000000000
16081  -12.698  -54.623  -19.296 0.0000000000
16594  -14.509  -53.780  -15.051 0.0000000000
16595  -15.093  -54.154  -14.241 0.0000000000
16602  -13.087  -53.259  -16.269 0.0000000000
16603  -13.771  -53.770  -16.065 0.0000000000
16609  -11.843  -53.295  -17.176 0.0000000000
16610  -12.451  -53.853  -17.014 0.0000000000
16611  -13.157  -53.820  -16.565 0.0000000000
16617  -11.540  -53.895  -17.919 0.0000000000
16618  -11.856  -53.956  -17.502 0.0000000000
16624  -11.723  -53.871  -18.528 0.0000000000
16625  -12.469  -53.774  -18.934 0.0000000000
17160  -12.243  -52.883  -18.478 0.0000000000
