#!ascii label  , from subject FREESURFER vox2ras=TkReg 
69
12813  -36.103  -60.543  -6.670 0.0000000000
12814  -36.518  -60.712  -7.192 0.0000000000
12815  -36.888  -60.959  -7.681 0.0000000000
12817  -37.227  -60.835  -8.253 0.0000000000
12820  -37.381  -60.693  -9.080 0.0000000000
12826  -37.142  -60.015  -10.694 0.0000000000
12827  -37.412  -60.469  -10.054 0.0000000000
13323  -35.712  -59.631  -6.439 0.0000000000
13324  -35.903  -60.106  -6.611 0.0000000000
13326  -35.912  -59.476  -6.861 0.0000000000
13327  -36.209  -59.842  -7.045 0.0000000000
13328  -37.008  -60.121  -7.724 0.0000000000
13329  -37.320  -60.020  -8.521 0.0000000000
13331  -37.296  -59.841  -9.319 0.0000000000
13338  -36.920  -59.344  -10.843 0.0000000000
13339  -37.190  -59.558  -10.098 0.0000000000
13819  -35.525  -58.612  -6.296 0.0000000000
13823  -35.971  -58.941  -7.052 0.0000000000
13824  -36.873  -59.076  -7.571 0.0000000000
13825  -37.487  -59.198  -8.154 0.0000000000
13828  -37.352  -59.267  -8.800 0.0000000000
13831  -37.291  -58.939  -9.456 0.0000000000
13843  -36.810  -58.465  -10.989 0.0000000000
13844  -37.144  -58.679  -10.236 0.0000000000
14332  -35.762  -57.757  -6.993 0.0000000000
14333  -36.657  -57.993  -7.481 0.0000000000
14334  -37.868  -57.989  -7.936 0.0000000000
14335  -39.238  -57.307  -7.923 0.0000000000
14349  -37.731  -58.265  -8.821 0.0000000000
14350  -38.850  -57.518  -8.563 0.0000000000
14351  -40.004  -57.331  -8.327 0.0000000000
14365  -37.567  -58.039  -9.697 0.0000000000
14366  -38.537  -57.381  -9.503 0.0000000000
14367  -39.753  -57.189  -9.006 0.0000000000
14382  -37.377  -57.737  -10.445 0.0000000000
14383  -37.877  -57.553  -9.989 0.0000000000
14857  -36.210  -56.752  -7.630 0.0000000000
14858  -37.305  -57.109  -7.813 0.0000000000
14859  -38.471  -56.810  -7.705 0.0000000000
14878  -36.897  -56.323  -8.031 0.0000000000
14879  -37.644  -56.261  -7.932 0.0000000000
14897  -38.667  -56.485  -9.996 0.0000000000
14898  -39.552  -56.618  -9.567 0.0000000000
14912  -37.417  -56.774  -10.732 0.0000000000
14913  -38.070  -57.110  -10.287 0.0000000000
15395  -36.462  -55.615  -7.910 0.0000000000
15416  -37.134  -55.683  -8.133 0.0000000000
15434  -37.720  -55.147  -10.060 0.0000000000
15435  -38.201  -55.474  -9.968 0.0000000000
15436  -39.248  -55.663  -9.695 0.0000000000
15443  -36.577  -55.484  -10.926 0.0000000000
15444  -37.289  -55.463  -10.420 0.0000000000
15445  -37.980  -56.298  -10.357 0.0000000000
15996  -37.746  -54.465  -9.880 0.0000000000
15997  -38.804  -54.546  -9.560 0.0000000000
16007  -36.622  -54.486  -10.853 0.0000000000
16008  -37.184  -54.482  -10.327 0.0000000000
16553  -37.753  -53.492  -9.832 0.0000000000
16554  -38.362  -53.483  -9.536 0.0000000000
16564  -36.795  -53.512  -10.842 0.0000000000
16565  -37.254  -53.512  -10.338 0.0000000000
16574  -36.633  -53.512  -11.433 0.0000000000
17074  -37.844  -52.533  -9.843 0.0000000000
17084  -36.920  -52.554  -10.949 0.0000000000
17085  -37.353  -52.604  -10.379 0.0000000000
17093  -36.788  -52.677  -11.828 0.0000000000
17655  -37.082  -51.286  -11.001 0.0000000000
17656  -37.417  -51.846  -10.432 0.0000000000
17658  -36.805  -51.608  -11.832 0.0000000000
