#!ascii label  , from subject FREESURFER vox2ras=TkReg 
156
87447  -23.862  37.369  -25.743 0.0000000000
87459  -24.408  37.339  -26.275 0.0000000000
87460  -24.996  37.277  -26.743 0.0000000000
87951  -22.990  38.336  -24.052 0.0000000000
87952  -23.259  38.717  -24.602 0.0000000000
87964  -23.561  38.382  -25.271 0.0000000000
87981  -24.096  38.286  -25.974 0.0000000000
87982  -24.698  38.275  -26.471 0.0000000000
87983  -25.221  38.683  -26.748 0.0000000000
87993  -25.268  37.975  -26.866 0.0000000000
87994  -25.863  38.333  -27.211 0.0000000000
87995  -26.889  38.303  -27.612 0.0000000000
88006  -27.545  38.495  -27.898 0.0000000000
88478  -23.144  39.332  -24.162 0.0000000000
88479  -23.559  39.386  -24.805 0.0000000000
88491  -24.149  39.369  -25.579 0.0000000000
88492  -24.612  39.871  -25.759 0.0000000000
88509  -24.385  38.866  -26.127 0.0000000000
88510  -24.843  39.406  -26.268 0.0000000000
88511  -25.630  39.332  -26.783 0.0000000000
88522  -26.333  39.228  -27.301 0.0000000000
88523  -27.265  39.273  -27.760 0.0000000000
88524  -27.720  39.714  -27.798 0.0000000000
88536  -27.823  38.754  -28.017 0.0000000000
88537  -28.312  39.117  -28.134 0.0000000000
88538  -29.383  38.944  -28.617 0.0000000000
89036  -23.404  40.461  -23.335 0.0000000000
89044  -23.156  39.846  -23.656 0.0000000000
89045  -23.546  40.290  -24.226 0.0000000000
89046  -24.086  40.620  -24.642 0.0000000000
89061  -23.943  40.051  -24.921 0.0000000000
89062  -24.550  40.461  -25.288 0.0000000000
89063  -25.204  40.755  -25.708 0.0000000000
89082  -24.939  40.188  -25.885 0.0000000000
89083  -25.593  40.323  -26.296 0.0000000000
89084  -26.311  40.531  -26.617 0.0000000000
89085  -26.918  40.694  -26.819 0.0000000000
89100  -26.098  39.898  -26.814 0.0000000000
89101  -26.703  40.006  -27.113 0.0000000000
89102  -27.422  40.299  -27.369 0.0000000000
89117  -28.016  40.129  -27.867 0.0000000000
89118  -28.711  39.987  -28.308 0.0000000000
89119  -29.627  39.940  -28.784 0.0000000000
89120  -30.358  40.265  -29.018 0.0000000000
89650  -23.671  41.214  -22.826 0.0000000000
89659  -23.846  41.330  -23.748 0.0000000000
89660  -24.264  41.911  -24.061 0.0000000000
89668  -23.951  40.918  -24.294 0.0000000000
89669  -24.426  41.377  -24.568 0.0000000000
89683  -25.044  41.401  -25.277 0.0000000000
89684  -25.803  41.425  -25.901 0.0000000000
89685  -26.385  41.834  -26.070 0.0000000000
89702  -26.037  40.922  -26.338 0.0000000000
89703  -26.558  41.294  -26.388 0.0000000000
89704  -27.551  41.377  -26.801 0.0000000000
89705  -28.128  41.909  -26.812 0.0000000000
89722  -27.921  40.835  -27.481 0.0000000000
89723  -28.467  41.545  -27.401 0.0000000000
89724  -29.164  41.748  -27.950 0.0000000000
89737  -28.267  40.760  -27.999 0.0000000000
89738  -28.884  40.965  -28.333 0.0000000000
89739  -29.831  41.242  -28.527 0.0000000000
89740  -30.952  40.999  -28.942 0.0000000000
89741  -31.805  41.170  -29.247 0.0000000000
90324  -23.948  42.233  -22.400 0.0000000000
90325  -24.278  42.795  -22.791 0.0000000000
90335  -23.858  41.819  -23.107 0.0000000000
90336  -24.250  42.375  -23.433 0.0000000000
90345  -24.799  42.419  -24.390 0.0000000000
90346  -25.340  42.797  -24.666 0.0000000000
90359  -24.901  41.920  -24.890 0.0000000000
90360  -25.516  42.351  -25.145 0.0000000000
90361  -26.288  42.329  -25.738 0.0000000000
90379  -26.937  42.220  -26.195 0.0000000000
90380  -27.800  42.420  -26.510 0.0000000000
90381  -28.551  42.394  -26.810 0.0000000000
90396  -29.214  42.353  -27.330 0.0000000000
90397  -29.709  42.308  -28.032 0.0000000000
90410  -30.429  42.141  -28.439 0.0000000000
90411  -31.352  42.091  -28.816 0.0000000000
90412  -32.238  41.812  -29.324 0.0000000000
90927  -25.542  44.139  -18.204 0.0000000000
90950  -24.545  43.548  -20.309 0.0000000000
90960  -24.471  43.490  -21.254 0.0000000000
90971  -24.141  42.802  -21.596 0.0000000000
90972  -24.406  43.244  -22.227 0.0000000000
90982  -24.629  43.256  -23.117 0.0000000000
90983  -25.057  43.467  -23.632 0.0000000000
90993  -24.748  43.016  -23.801 0.0000000000
90994  -25.363  43.272  -24.251 0.0000000000
90995  -25.975  43.484  -24.600 0.0000000000
91008  -25.724  43.046  -24.792 0.0000000000
91009  -26.416  43.236  -25.233 0.0000000000
91010  -26.971  43.660  -25.403 0.0000000000
91027  -26.727  42.809  -25.802 0.0000000000
91028  -27.349  43.344  -25.918 0.0000000000
91029  -28.307  43.201  -26.467 0.0000000000
91042  -29.118  43.112  -26.817 0.0000000000
91043  -29.838  43.281  -27.588 0.0000000000
91044  -30.418  43.767  -27.741 0.0000000000
91051  -30.112  42.796  -28.169 0.0000000000
91052  -30.748  43.229  -28.334 0.0000000000
91053  -32.001  43.047  -29.055 0.0000000000
91519  -25.168  44.185  -18.888 0.0000000000
91520  -25.806  44.858  -18.792 0.0000000000
91538  -24.998  44.484  -19.816 0.0000000000
91539  -25.366  44.774  -19.268 0.0000000000
91555  -24.950  44.326  -20.841 0.0000000000
91556  -25.344  44.562  -21.549 0.0000000000
91570  -24.876  44.011  -21.796 0.0000000000
91571  -25.390  44.395  -22.317 0.0000000000
91584  -24.941  43.841  -22.625 0.0000000000
91585  -25.453  44.177  -23.048 0.0000000000
91593  -25.108  43.751  -23.229 0.0000000000
91594  -25.556  43.859  -23.684 0.0000000000
91595  -26.052  44.163  -23.941 0.0000000000
91604  -25.884  43.777  -24.203 0.0000000000
91605  -26.435  44.023  -24.497 0.0000000000
91606  -27.037  44.312  -24.738 0.0000000000
91607  -27.602  44.486  -24.820 0.0000000000
91621  -26.823  43.895  -25.062 0.0000000000
91622  -27.336  44.080  -25.328 0.0000000000
91623  -28.070  44.395  -25.310 0.0000000000
91624  -28.704  44.446  -25.572 0.0000000000
91636  -27.727  44.014  -25.696 0.0000000000
91637  -28.263  44.022  -26.036 0.0000000000
91638  -29.168  44.358  -26.109 0.0000000000
91639  -29.861  44.454  -26.377 0.0000000000
91649  -28.858  43.757  -26.488 0.0000000000
91650  -29.518  43.918  -26.784 0.0000000000
91651  -30.373  44.341  -27.123 0.0000000000
91652  -31.205  44.591  -27.549 0.0000000000
91659  -30.862  44.030  -27.791 0.0000000000
91660  -31.618  44.127  -28.225 0.0000000000
92083  -25.947  45.173  -19.190 0.0000000000
92084  -26.364  45.210  -19.151 0.0000000000
92095  -25.309  45.010  -20.161 0.0000000000
92096  -25.815  45.216  -19.711 0.0000000000
92111  -25.189  44.766  -20.386 0.0000000000
92112  -25.716  44.989  -20.857 0.0000000000
92113  -26.748  45.453  -20.703 0.0000000000
92124  -25.899  44.933  -22.016 0.0000000000
92125  -26.681  45.305  -21.720 0.0000000000
92137  -25.925  44.681  -22.909 0.0000000000
92138  -26.630  45.102  -22.745 0.0000000000
92150  -25.894  44.340  -23.478 0.0000000000
92151  -26.543  44.622  -23.728 0.0000000000
92152  -27.416  45.074  -23.503 0.0000000000
92164  -26.822  44.439  -24.318 0.0000000000
92165  -27.284  44.666  -24.263 0.0000000000
92166  -28.270  44.871  -24.423 0.0000000000
92184  -28.621  44.611  -25.122 0.0000000000
92185  -29.378  44.799  -25.191 0.0000000000
92198  -29.743  44.621  -25.898 0.0000000000
92199  -30.428  45.031  -25.973 0.0000000000
92210  -31.122  45.238  -26.952 0.0000000000
