#!ascii label  , from subject FREESURFER vox2ras=TkReg 
336
5504  -40.624  -73.564  -7.543 0.0000000000
5505  -41.464  -73.604  -7.509 0.0000000000
5506  -42.048  -73.511  -7.608 0.0000000000
5523  -40.685  -74.092  -8.145 0.0000000000
5524  -41.570  -73.701  -8.178 0.0000000000
5525  -42.163  -73.459  -7.873 0.0000000000
5538  -39.852  -74.431  -8.930 0.0000000000
5539  -40.854  -74.142  -8.916 0.0000000000
5540  -41.304  -73.715  -8.711 0.0000000000
5551  -40.240  -74.154  -9.712 0.0000000000
5552  -40.755  -73.910  -9.409 0.0000000000
5565  -39.680  -73.835  -10.327 0.0000000000
6065  -42.081  -72.540  -6.523 0.0000000000
6066  -42.364  -72.810  -6.648 0.0000000000
6067  -42.700  -72.945  -6.869 0.0000000000
6079  -41.460  -72.890  -6.790 0.0000000000
6080  -42.259  -73.296  -7.058 0.0000000000
6081  -42.722  -73.079  -7.121 0.0000000000
6096  -42.252  -73.175  -8.187 0.0000000000
6097  -42.583  -73.140  -7.562 0.0000000000
6098  -42.860  -72.922  -7.266 0.0000000000
6113  -41.158  -73.430  -9.142 0.0000000000
6114  -41.649  -73.234  -8.601 0.0000000000
6125  -40.209  -73.221  -10.368 0.0000000000
6126  -40.649  -73.278  -9.711 0.0000000000
6647  -41.878  -71.900  -6.555 0.0000000000
6648  -42.480  -72.097  -6.523 0.0000000000
6649  -42.905  -72.384  -6.679 0.0000000000
6665  -41.393  -71.998  -6.769 0.0000000000
6666  -43.045  -72.734  -7.019 0.0000000000
6683  -41.455  -71.860  -8.810 0.0000000000
6684  -42.075  -72.296  -8.510 0.0000000000
6685  -42.827  -72.484  -8.077 0.0000000000
6686  -43.089  -72.546  -7.458 0.0000000000
6701  -40.935  -72.196  -9.277 0.0000000000
6702  -41.451  -72.656  -8.860 0.0000000000
6713  -40.242  -72.253  -10.810 0.0000000000
6714  -40.445  -71.990  -10.105 0.0000000000
6722  -40.245  -71.802  -11.340 0.0000000000
6731  -40.407  -71.784  -12.205 0.0000000000
7217  -42.378  -71.115  -6.446 0.0000000000
7218  -43.052  -71.281  -6.378 0.0000000000
7219  -43.514  -70.862  -6.525 0.0000000000
7235  -43.453  -71.770  -7.000 0.0000000000
7236  -43.763  -70.780  -6.910 0.0000000000
7249  -41.255  -71.273  -9.114 0.0000000000
7250  -41.876  -70.975  -8.748 0.0000000000
7251  -42.786  -71.419  -8.433 0.0000000000
7252  -43.330  -71.664  -7.882 0.0000000000
7262  -40.796  -70.817  -9.606 0.0000000000
7263  -41.359  -70.715  -9.186 0.0000000000
7271  -40.220  -71.040  -10.820 0.0000000000
7272  -40.419  -70.977  -10.216 0.0000000000
7278  -40.089  -70.900  -11.639 0.0000000000
7286  -40.053  -70.818  -12.177 0.0000000000
7297  -40.089  -70.703  -12.828 0.0000000000
7721  -43.905  -69.711  -5.623 0.0000000000
7737  -43.490  -70.272  -6.021 0.0000000000
7738  -44.062  -70.106  -6.248 0.0000000000
7754  -43.697  -70.862  -7.612 0.0000000000
7755  -44.112  -70.020  -7.325 0.0000000000
7768  -42.194  -70.299  -8.993 0.0000000000
7769  -42.717  -70.509  -8.829 0.0000000000
7770  -43.503  -70.441  -8.553 0.0000000000
7771  -43.898  -70.268  -8.003 0.0000000000
7781  -40.837  -69.635  -9.857 0.0000000000
7782  -41.601  -69.990  -9.307 0.0000000000
7783  -42.562  -69.895  -9.202 0.0000000000
7784  -43.096  -70.113  -9.056 0.0000000000
7793  -40.116  -70.223  -10.818 0.0000000000
7794  -40.386  -70.160  -10.355 0.0000000000
7801  -39.915  -70.118  -11.243 0.0000000000
7809  -39.651  -69.948  -12.114 0.0000000000
7819  -39.164  -68.941  -13.741 0.0000000000
7820  -39.363  -69.373  -13.392 0.0000000000
7825  -39.156  -69.029  -13.998 0.0000000000
8209  -46.042  -68.601  -3.551 0.0000000000
8210  -46.818  -68.329  -3.619 0.0000000000
8217  -45.345  -68.888  -4.381 0.0000000000
8218  -46.352  -68.553  -4.386 0.0000000000
8219  -47.201  -68.188  -4.075 0.0000000000
8230  -44.562  -69.292  -5.313 0.0000000000
8231  -45.508  -68.775  -5.321 0.0000000000
8232  -46.436  -68.260  -5.368 0.0000000000
8250  -44.776  -69.154  -6.500 0.0000000000
8251  -45.814  -68.383  -6.354 0.0000000000
8252  -46.705  -67.910  -6.204 0.0000000000
8274  -44.647  -69.248  -7.675 0.0000000000
8275  -45.415  -68.657  -7.524 0.0000000000
8276  -46.551  -68.053  -7.344 0.0000000000
8292  -43.911  -69.738  -9.003 0.0000000000
8293  -44.197  -69.680  -8.401 0.0000000000
8294  -44.968  -68.933  -8.566 0.0000000000
8295  -45.987  -68.388  -8.629 0.0000000000
8306  -40.858  -69.175  -10.012 0.0000000000
8307  -41.249  -69.043  -9.827 0.0000000000
8308  -42.248  -69.096  -9.605 0.0000000000
8309  -43.343  -69.517  -9.403 0.0000000000
8310  -44.388  -69.232  -9.422 0.0000000000
8311  -45.365  -68.639  -9.531 0.0000000000
8312  -45.971  -68.314  -9.400 0.0000000000
8318  -40.107  -69.674  -10.825 0.0000000000
8319  -40.586  -68.998  -10.417 0.0000000000
8320  -41.230  -68.454  -10.220 0.0000000000
8321  -42.943  -68.777  -9.962 0.0000000000
8322  -43.769  -68.804  -10.156 0.0000000000
8323  -44.728  -68.616  -10.239 0.0000000000
8324  -45.447  -68.317  -10.221 0.0000000000
8330  -39.832  -69.009  -11.326 0.0000000000
8331  -40.413  -68.188  -11.046 0.0000000000
8338  -39.438  -68.590  -12.397 0.0000000000
8348  -39.186  -68.503  -13.891 0.0000000000
8349  -39.296  -68.266  -13.254 0.0000000000
8749  -47.664  -67.792  -3.372 0.0000000000
8750  -48.553  -67.262  -3.656 0.0000000000
8760  -47.052  -68.108  -4.709 0.0000000000
8761  -47.977  -67.691  -4.431 0.0000000000
8762  -49.099  -66.916  -4.439 0.0000000000
8773  -47.377  -67.781  -5.441 0.0000000000
8774  -48.518  -67.305  -5.444 0.0000000000
8775  -49.558  -66.576  -5.433 0.0000000000
8789  -47.687  -67.503  -6.562 0.0000000000
8790  -48.946  -66.930  -6.378 0.0000000000
8791  -49.851  -66.302  -6.236 0.0000000000
8807  -47.480  -67.607  -7.660 0.0000000000
8808  -48.390  -67.157  -7.391 0.0000000000
8809  -49.321  -66.514  -7.121 0.0000000000
8821  -46.898  -67.865  -8.341 0.0000000000
8822  -47.901  -67.312  -8.517 0.0000000000
8823  -48.856  -66.821  -7.936 0.0000000000
8835  -41.753  -68.528  -9.987 0.0000000000
8836  -42.337  -68.434  -10.076 0.0000000000
8837  -45.907  -68.241  -9.854 0.0000000000
8838  -46.629  -67.835  -9.390 0.0000000000
8839  -47.532  -67.258  -9.483 0.0000000000
8849  -40.970  -68.100  -10.640 0.0000000000
8850  -41.804  -67.941  -10.497 0.0000000000
8851  -42.989  -68.076  -10.538 0.0000000000
8852  -44.125  -68.096  -10.776 0.0000000000
8853  -45.109  -67.989  -10.769 0.0000000000
8854  -46.066  -67.777  -10.466 0.0000000000
8855  -46.931  -67.319  -10.143 0.0000000000
8856  -47.686  -66.851  -9.978 0.0000000000
8864  -39.980  -67.794  -11.752 0.0000000000
8865  -41.115  -67.343  -11.363 0.0000000000
8866  -42.431  -67.277  -11.191 0.0000000000
8867  -43.553  -67.348  -11.234 0.0000000000
8868  -44.603  -67.282  -11.259 0.0000000000
8869  -45.576  -67.206  -11.094 0.0000000000
8870  -46.134  -67.204  -10.893 0.0000000000
8878  -39.811  -67.358  -12.904 0.0000000000
8879  -40.506  -67.049  -12.204 0.0000000000
8890  -39.494  -67.711  -13.861 0.0000000000
9319  -49.977  -65.824  -4.545 0.0000000000
9320  -50.279  -65.267  -4.972 0.0000000000
9332  -44.831  -65.953  -6.106 0.0000000000
9333  -45.599  -66.101  -5.772 0.0000000000
9334  -46.434  -66.009  -5.370 0.0000000000
9335  -47.301  -65.707  -5.172 0.0000000000
9336  -50.282  -65.969  -5.580 0.0000000000
9337  -50.358  -65.365  -5.315 0.0000000000
9347  -44.867  -65.813  -6.514 0.0000000000
9348  -45.479  -65.883  -6.535 0.0000000000
9349  -46.550  -65.890  -6.193 0.0000000000
9350  -47.006  -65.814  -5.674 0.0000000000
9351  -50.283  -65.855  -6.137 0.0000000000
9352  -50.399  -65.533  -5.903 0.0000000000
9359  -45.670  -65.770  -6.826 0.0000000000
9360  -46.042  -65.818  -6.764 0.0000000000
9361  -50.023  -65.784  -6.692 0.0000000000
9362  -50.328  -65.631  -6.239 0.0000000000
9370  -48.745  -66.747  -8.448 0.0000000000
9371  -49.474  -65.981  -8.026 0.0000000000
9380  -48.508  -66.659  -9.200 0.0000000000
9381  -49.312  -65.656  -9.316 0.0000000000
9391  -46.535  -67.146  -10.701 0.0000000000
9392  -47.247  -66.730  -10.655 0.0000000000
9393  -48.361  -66.149  -10.362 0.0000000000
9394  -49.238  -65.410  -10.227 0.0000000000
9406  -41.272  -66.659  -12.269 0.0000000000
9407  -42.138  -66.618  -11.984 0.0000000000
9408  -43.170  -66.670  -11.843 0.0000000000
9409  -44.133  -66.643  -11.812 0.0000000000
9410  -45.207  -66.253  -11.937 0.0000000000
9411  -46.421  -66.445  -11.329 0.0000000000
9412  -47.575  -66.003  -11.203 0.0000000000
9413  -48.214  -65.754  -11.084 0.0000000000
9424  -40.305  -66.832  -13.382 0.0000000000
9425  -40.824  -66.551  -13.020 0.0000000000
9426  -42.119  -66.144  -13.013 0.0000000000
9427  -43.061  -66.189  -12.635 0.0000000000
9428  -43.947  -66.177  -12.467 0.0000000000
9429  -44.523  -66.153  -12.284 0.0000000000
9439  -40.034  -67.052  -13.816 0.0000000000
9440  -40.786  -66.554  -13.874 0.0000000000
9441  -41.676  -66.166  -13.751 0.0000000000
9447  -41.897  -66.362  -14.582 0.0000000000
9448  -42.839  -66.146  -14.844 0.0000000000
9912  -48.619  -65.263  -4.593 0.0000000000
9913  -49.422  -65.214  -4.507 0.0000000000
9914  -50.092  -65.204  -4.751 0.0000000000
9930  -48.147  -65.381  -5.056 0.0000000000
9931  -49.022  -65.048  -5.139 0.0000000000
9932  -50.067  -64.871  -5.119 0.0000000000
9949  -44.945  -65.688  -6.822 0.0000000000
9950  -47.105  -65.665  -6.366 0.0000000000
9951  -47.825  -65.425  -5.924 0.0000000000
9952  -49.411  -64.856  -5.934 0.0000000000
9953  -50.247  -65.047  -5.896 0.0000000000
9968  -44.596  -65.441  -7.293 0.0000000000
9969  -45.608  -65.586  -7.159 0.0000000000
9970  -46.998  -65.535  -6.930 0.0000000000
9971  -48.599  -64.900  -6.852 0.0000000000
9972  -49.890  -64.938  -6.966 0.0000000000
9973  -50.276  -65.379  -6.299 0.0000000000
9982  -44.096  -65.023  -7.908 0.0000000000
9983  -45.092  -65.062  -7.941 0.0000000000
9984  -46.300  -65.072  -7.902 0.0000000000
9985  -47.723  -64.796  -7.789 0.0000000000
9986  -49.060  -64.420  -7.769 0.0000000000
9987  -49.827  -64.644  -8.505 0.0000000000
9988  -50.053  -64.241  -8.857 0.0000000000
9996  -49.761  -64.866  -9.668 0.0000000000
9997  -50.039  -64.267  -9.353 0.0000000000
10004  -48.795  -65.396  -11.020 0.0000000000
10005  -49.611  -64.693  -10.783 0.0000000000
10006  -49.937  -64.449  -10.027 0.0000000000
10011  -45.577  -65.540  -12.744 0.0000000000
10012  -46.226  -65.563  -12.470 0.0000000000
10013  -47.228  -65.524  -12.125 0.0000000000
10014  -48.212  -65.330  -11.788 0.0000000000
10015  -49.048  -64.799  -11.838 0.0000000000
10017  -42.748  -65.877  -13.533 0.0000000000
10018  -43.188  -65.834  -13.360 0.0000000000
10019  -44.023  -65.730  -13.224 0.0000000000
10020  -44.943  -65.545  -12.992 0.0000000000
10021  -46.096  -65.028  -13.605 0.0000000000
10022  -47.087  -64.978  -13.187 0.0000000000
10023  -48.016  -64.833  -12.721 0.0000000000
10024  -48.610  -64.766  -12.364 0.0000000000
10027  -42.524  -65.888  -13.830 0.0000000000
10028  -43.256  -65.631  -13.942 0.0000000000
10029  -44.039  -65.463  -13.835 0.0000000000
10030  -44.984  -65.133  -14.029 0.0000000000
10031  -45.488  -65.077  -13.860 0.0000000000
10039  -42.307  -66.006  -14.191 0.0000000000
10040  -43.184  -65.701  -14.520 0.0000000000
10041  -43.943  -65.344  -14.455 0.0000000000
10042  -45.154  -65.366  -14.164 0.0000000000
10058  -43.356  -65.868  -14.922 0.0000000000
10586  -43.483  -64.589  -8.544 0.0000000000
10587  -44.550  -64.631  -8.679 0.0000000000
10588  -45.643  -64.606  -8.721 0.0000000000
10589  -46.897  -64.451  -8.654 0.0000000000
10590  -48.219  -64.164  -8.515 0.0000000000
10591  -49.304  -63.965  -8.551 0.0000000000
10592  -49.922  -63.973  -8.800 0.0000000000
10593  -50.122  -64.056  -9.019 0.0000000000
10602  -43.154  -64.045  -9.418 0.0000000000
10603  -44.137  -64.160  -9.443 0.0000000000
10604  -45.101  -64.199  -9.461 0.0000000000
10605  -46.179  -63.964  -9.556 0.0000000000
10606  -47.453  -63.829  -9.311 0.0000000000
10607  -48.599  -63.601  -9.171 0.0000000000
10608  -49.472  -63.600  -9.219 0.0000000000
10609  -49.985  -63.807  -9.456 0.0000000000
10616  -42.904  -63.607  -10.298 0.0000000000
10617  -43.904  -63.617  -10.256 0.0000000000
10618  -44.866  -63.683  -10.145 0.0000000000
10619  -45.490  -63.764  -9.949 0.0000000000
10620  -49.852  -64.186  -11.166 0.0000000000
10621  -50.045  -63.954  -10.433 0.0000000000
10623  -49.602  -64.262  -11.803 0.0000000000
10624  -49.833  -63.846  -11.533 0.0000000000
10628  -46.447  -64.326  -14.045 0.0000000000
10629  -46.983  -64.366  -13.862 0.0000000000
10630  -47.831  -64.319  -13.521 0.0000000000
10631  -49.026  -64.086  -12.857 0.0000000000
10632  -49.635  -63.909  -12.184 0.0000000000
10641  -44.314  -64.266  -14.387 0.0000000000
10642  -44.922  -64.561  -14.515 0.0000000000
10643  -45.726  -64.405  -14.246 0.0000000000
10644  -46.529  -63.893  -13.938 0.0000000000
10645  -47.340  -63.805  -13.829 0.0000000000
10646  -48.179  -63.742  -13.609 0.0000000000
10661  -44.007  -65.026  -14.790 0.0000000000
10662  -44.383  -64.722  -14.953 0.0000000000
10663  -45.120  -64.952  -14.909 0.0000000000
10676  -43.818  -64.957  -14.744 0.0000000000
11204  -46.969  -63.485  -10.065 0.0000000000
11205  -47.967  -63.249  -9.951 0.0000000000
11206  -48.975  -63.077  -9.850 0.0000000000
11207  -49.660  -63.370  -9.904 0.0000000000
11208  -49.940  -63.631  -10.014 0.0000000000
11216  -42.734  -63.258  -11.207 0.0000000000
11217  -43.752  -63.159  -11.142 0.0000000000
11218  -44.795  -63.102  -11.001 0.0000000000
11219  -46.011  -63.224  -10.611 0.0000000000
11220  -47.378  -62.949  -10.754 0.0000000000
11221  -48.486  -62.772  -10.743 0.0000000000
11222  -49.396  -62.878  -10.768 0.0000000000
11223  -49.808  -63.434  -10.441 0.0000000000
11230  -41.592  -62.896  -12.060 0.0000000000
11231  -42.611  -62.943  -12.062 0.0000000000
11232  -43.626  -62.809  -12.036 0.0000000000
11233  -44.668  -62.697  -11.953 0.0000000000
11234  -45.783  -62.665  -11.795 0.0000000000
11235  -46.988  -62.668  -11.671 0.0000000000
11236  -48.018  -62.633  -11.547 0.0000000000
11237  -49.466  -62.913  -11.770 0.0000000000
11238  -49.783  -63.379  -11.205 0.0000000000
11245  -42.473  -63.134  -12.933 0.0000000000
11246  -43.570  -63.168  -12.944 0.0000000000
11247  -44.618  -63.021  -12.898 0.0000000000
11248  -45.664  -62.866  -12.795 0.0000000000
11249  -46.791  -62.786  -12.690 0.0000000000
11250  -48.089  -62.764  -12.550 0.0000000000
11251  -49.144  -62.962  -12.669 0.0000000000
11252  -49.615  -63.479  -12.141 0.0000000000
11266  -42.187  -63.528  -13.784 0.0000000000
11267  -43.485  -63.789  -13.870 0.0000000000
11268  -44.638  -63.823  -13.810 0.0000000000
11269  -45.644  -63.576  -13.556 0.0000000000
11270  -46.609  -63.362  -13.440 0.0000000000
11271  -47.630  -63.244  -13.369 0.0000000000
11272  -48.545  -63.289  -13.236 0.0000000000
11287  -41.597  -63.585  -14.579 0.0000000000
11288  -43.207  -64.226  -14.711 0.0000000000
11289  -43.893  -64.306  -14.501 0.0000000000
11303  -43.068  -64.231  -15.411 0.0000000000
11763  -48.954  -62.641  -11.088 0.0000000000
11764  -49.138  -62.688  -11.439 0.0000000000
11775  -48.695  -62.620  -11.484 0.0000000000
11776  -49.011  -62.652  -12.022 0.0000000000
11787  -48.529  -62.618  -12.037 0.0000000000
11788  -48.736  -62.737  -12.374 0.0000000000
