#!ascii label  , from subject FREESURFER vox2ras=TkReg 
272
656  -19.672  -84.417  -20.410 0.0000000000
657  -20.256  -84.852  -19.688 0.0000000000
658  -21.511  -85.082  -19.691 0.0000000000
659  -22.670  -84.785  -19.541 0.0000000000
660  -23.645  -84.531  -19.149 0.0000000000
661  -24.062  -84.428  -19.009 0.0000000000
667  -19.578  -84.332  -21.069 0.0000000000
668  -20.175  -84.533  -20.820 0.0000000000
669  -21.257  -84.419  -20.820 0.0000000000
670  -22.134  -84.501  -20.314 0.0000000000
675  -19.590  -84.162  -21.343 0.0000000000
676  -19.902  -84.194  -21.397 0.0000000000
677  -20.563  -84.127  -21.370 0.0000000000
1017  -19.357  -84.057  -19.765 0.0000000000
1019  -22.786  -84.080  -20.326 0.0000000000
1020  -23.561  -83.637  -19.953 0.0000000000
1021  -24.247  -84.029  -19.216 0.0000000000
1033  -18.875  -84.029  -21.273 0.0000000000
1034  -19.035  -84.158  -20.747 0.0000000000
1035  -21.730  -83.736  -21.354 0.0000000000
1036  -22.379  -83.654  -20.989 0.0000000000
1037  -22.960  -83.507  -20.509 0.0000000000
1044  -18.864  -83.744  -21.461 0.0000000000
1045  -19.337  -83.918  -21.608 0.0000000000
1046  -20.317  -83.581  -21.988 0.0000000000
1047  -21.199  -83.561  -21.702 0.0000000000
1048  -21.930  -83.051  -21.615 0.0000000000
1055  -19.715  -83.376  -22.174 0.0000000000
1056  -20.103  -83.095  -22.346 0.0000000000
1431  -23.891  -82.272  -20.101 0.0000000000
1432  -24.612  -82.861  -19.331 0.0000000000
1443  -18.643  -83.619  -21.046 0.0000000000
1444  -18.798  -83.286  -20.155 0.0000000000
1445  -22.449  -82.568  -21.275 0.0000000000
1446  -23.062  -82.633  -20.675 0.0000000000
1453  -18.596  -83.124  -21.831 0.0000000000
1454  -19.205  -83.244  -22.176 0.0000000000
1455  -20.956  -83.123  -22.191 0.0000000000
1456  -21.441  -82.603  -22.153 0.0000000000
1457  -22.086  -82.123  -21.760 0.0000000000
1466  -18.884  -82.547  -22.387 0.0000000000
1467  -19.672  -82.624  -22.455 0.0000000000
1468  -20.669  -82.593  -22.463 0.0000000000
1469  -21.283  -82.177  -22.519 0.0000000000
1865  -23.894  -81.439  -20.043 0.0000000000
1866  -24.493  -81.797  -19.594 0.0000000000
1880  -18.268  -82.594  -20.645 0.0000000000
1882  -22.714  -81.542  -21.191 0.0000000000
1883  -23.386  -81.524  -20.558 0.0000000000
1893  -17.705  -82.344  -22.038 0.0000000000
1894  -21.628  -81.745  -22.213 0.0000000000
1895  -22.155  -81.422  -21.717 0.0000000000
1904  -18.013  -82.012  -22.849 0.0000000000
1905  -18.884  -81.640  -22.951 0.0000000000
1906  -20.134  -81.716  -22.724 0.0000000000
1907  -21.040  -81.786  -22.582 0.0000000000
1915  -17.157  -81.479  -24.015 0.0000000000
1916  -17.985  -81.467  -23.670 0.0000000000
1917  -18.396  -81.299  -23.503 0.0000000000
1923  -16.893  -81.091  -24.358 0.0000000000
2305  -24.663  -80.246  -18.393 0.0000000000
2322  -23.867  -80.528  -19.405 0.0000000000
2323  -24.707  -80.673  -18.854 0.0000000000
2345  -23.119  -80.380  -20.392 0.0000000000
2346  -23.529  -80.799  -20.311 0.0000000000
2347  -24.256  -81.084  -19.588 0.0000000000
2364  -22.192  -80.399  -21.178 0.0000000000
2365  -22.714  -80.521  -20.970 0.0000000000
2366  -23.224  -81.010  -20.898 0.0000000000
2372  -19.808  -80.018  -22.499 0.0000000000
2373  -20.395  -80.316  -22.182 0.0000000000
2374  -21.670  -80.689  -21.685 0.0000000000
2375  -22.426  -81.004  -21.503 0.0000000000
2381  -18.547  -80.625  -23.561 0.0000000000
2382  -19.504  -80.628  -23.000 0.0000000000
2383  -20.730  -81.087  -22.498 0.0000000000
2384  -21.307  -81.367  -22.305 0.0000000000
2388  -17.382  -81.037  -24.272 0.0000000000
2389  -18.193  -81.054  -23.864 0.0000000000
2390  -18.711  -81.048  -23.445 0.0000000000
2396  -16.694  -81.050  -24.474 0.0000000000
2759  -14.560  -79.094  -17.892 0.0000000000
2760  -15.075  -78.941  -18.109 0.0000000000
2764  -22.786  -79.181  -18.282 0.0000000000
2765  -23.677  -79.559  -18.029 0.0000000000
2766  -24.631  -79.836  -17.881 0.0000000000
2780  -14.811  -79.059  -18.707 0.0000000000
2781  -21.828  -79.102  -18.954 0.0000000000
2782  -22.348  -79.429  -19.060 0.0000000000
2783  -23.258  -79.897  -19.048 0.0000000000
2784  -24.126  -80.172  -18.568 0.0000000000
2802  -15.185  -78.714  -19.678 0.0000000000
2803  -20.138  -78.984  -19.931 0.0000000000
2804  -20.558  -79.110  -19.850 0.0000000000
2805  -21.534  -79.318  -19.579 0.0000000000
2806  -22.661  -79.953  -20.106 0.0000000000
2807  -23.324  -80.309  -19.920 0.0000000000
2821  -14.865  -79.010  -20.768 0.0000000000
2822  -15.653  -78.560  -20.625 0.0000000000
2823  -18.977  -79.094  -20.970 0.0000000000
2824  -19.988  -79.300  -20.444 0.0000000000
2825  -21.051  -79.597  -20.522 0.0000000000
2826  -22.025  -80.014  -20.783 0.0000000000
2827  -22.519  -80.128  -20.665 0.0000000000
2834  -15.702  -78.853  -21.726 0.0000000000
2835  -16.719  -78.837  -22.217 0.0000000000
2836  -17.716  -79.080  -22.291 0.0000000000
2837  -18.712  -79.340  -22.071 0.0000000000
2838  -19.715  -79.673  -21.754 0.0000000000
2839  -20.744  -79.867  -21.336 0.0000000000
2840  -21.428  -79.949  -21.155 0.0000000000
2847  -15.256  -79.282  -22.761 0.0000000000
2848  -16.077  -79.221  -23.055 0.0000000000
2849  -17.126  -79.381  -23.329 0.0000000000
2850  -18.393  -79.807  -23.342 0.0000000000
2851  -19.305  -79.792  -22.642 0.0000000000
2859  -16.300  -79.702  -24.169 0.0000000000
2860  -17.256  -80.253  -24.228 0.0000000000
2861  -17.996  -80.568  -23.978 0.0000000000
2866  -16.319  -80.525  -24.607 0.0000000000
2867  -16.797  -80.880  -24.505 0.0000000000
3232  -14.193  -77.965  -16.870 0.0000000000
3233  -14.946  -78.101  -16.755 0.0000000000
3234  -15.790  -78.117  -16.877 0.0000000000
3235  -16.314  -77.977  -17.126 0.0000000000
3236  -22.916  -78.276  -16.965 0.0000000000
3237  -23.751  -78.483  -16.756 0.0000000000
3255  -14.321  -78.593  -17.270 0.0000000000
3256  -15.214  -78.639  -17.498 0.0000000000
3257  -16.086  -78.247  -17.667 0.0000000000
3258  -20.551  -77.790  -18.134 0.0000000000
3259  -21.081  -77.991  -18.050 0.0000000000
3260  -22.128  -78.378  -17.703 0.0000000000
3261  -23.249  -78.814  -17.490 0.0000000000
3262  -24.157  -79.127  -17.309 0.0000000000
3273  -15.579  -78.560  -18.561 0.0000000000
3274  -16.613  -77.977  -18.676 0.0000000000
3275  -17.365  -77.658  -19.039 0.0000000000
3276  -19.825  -78.047  -18.885 0.0000000000
3277  -20.438  -78.145  -18.636 0.0000000000
3278  -21.399  -78.664  -18.741 0.0000000000
3279  -22.099  -78.936  -18.540 0.0000000000
3291  -16.103  -78.238  -19.799 0.0000000000
3292  -17.041  -77.915  -19.723 0.0000000000
3293  -17.991  -77.796  -19.567 0.0000000000
3294  -18.892  -78.096  -19.658 0.0000000000
3295  -19.890  -78.555  -19.524 0.0000000000
3296  -20.851  -78.737  -19.268 0.0000000000
3297  -21.258  -78.882  -19.197 0.0000000000
3311  -16.177  -78.386  -20.675 0.0000000000
3312  -16.747  -78.239  -20.576 0.0000000000
3313  -17.583  -78.229  -20.492 0.0000000000
3314  -18.450  -78.395  -20.366 0.0000000000
3315  -19.229  -78.659  -20.192 0.0000000000
3327  -15.990  -78.554  -21.073 0.0000000000
3328  -16.426  -78.546  -21.272 0.0000000000
3329  -17.214  -78.547  -21.373 0.0000000000
3330  -18.106  -78.724  -21.278 0.0000000000
3655  -16.349  -77.141  -16.010 0.0000000000
3656  -17.014  -77.014  -16.126 0.0000000000
3657  -17.416  -76.832  -16.293 0.0000000000
3658  -22.805  -77.177  -15.927 0.0000000000
3673  -14.688  -77.313  -16.553 0.0000000000
3674  -15.623  -77.441  -16.284 0.0000000000
3675  -16.483  -77.566  -16.620 0.0000000000
3676  -17.392  -77.078  -16.854 0.0000000000
3677  -17.893  -76.887  -17.353 0.0000000000
3678  -20.629  -76.912  -16.947 0.0000000000
3679  -21.274  -77.243  -16.878 0.0000000000
3680  -22.215  -77.717  -16.808 0.0000000000
3681  -23.280  -77.840  -16.329 0.0000000000
3702  -16.836  -77.683  -17.570 0.0000000000
3703  -17.617  -77.203  -17.804 0.0000000000
3704  -18.421  -76.958  -17.814 0.0000000000
3705  -19.375  -77.082  -17.858 0.0000000000
3706  -20.438  -77.368  -17.629 0.0000000000
3707  -21.517  -77.769  -17.391 0.0000000000
3708  -21.958  -77.952  -17.293 0.0000000000
3721  -17.283  -77.556  -18.376 0.0000000000
3722  -18.013  -77.390  -18.715 0.0000000000
3723  -18.895  -77.365  -18.526 0.0000000000
3724  -19.779  -77.636  -18.401 0.0000000000
3725  -20.287  -77.722  -18.202 0.0000000000
3735  -18.159  -77.583  -19.154 0.0000000000
3736  -18.527  -77.635  -19.133 0.0000000000
3737  -19.299  -77.837  -19.046 0.0000000000
4038  -15.960  -76.829  -15.843 0.0000000000
4039  -16.680  -76.477  -15.680 0.0000000000
4040  -17.686  -76.471  -15.894 0.0000000000
4041  -18.745  -76.099  -15.981 0.0000000000
4042  -19.730  -75.895  -16.059 0.0000000000
4043  -20.665  -76.030  -15.930 0.0000000000
4044  -21.564  -76.241  -15.742 0.0000000000
4045  -22.440  -76.457  -15.556 0.0000000000
4062  -14.422  -76.400  -16.772 0.0000000000
4063  -15.274  -76.516  -16.101 0.0000000000
4064  -15.977  -76.257  -15.697 0.0000000000
4065  -17.663  -76.734  -16.448 0.0000000000
4066  -18.244  -76.604  -16.821 0.0000000000
4067  -19.272  -76.353  -16.725 0.0000000000
4068  -20.197  -76.451  -16.676 0.0000000000
4069  -21.041  -76.629  -16.410 0.0000000000
4070  -21.905  -76.900  -16.236 0.0000000000
4087  -14.080  -76.082  -17.356 0.0000000000
4088  -19.004  -76.636  -17.362 0.0000000000
4089  -19.756  -76.742  -17.269 0.0000000000
4090  -20.247  -76.855  -17.143 0.0000000000
4514  -17.232  -75.067  -15.124 0.0000000000
4515  -17.942  -75.018  -14.892 0.0000000000
4516  -18.848  -74.906  -14.837 0.0000000000
4517  -19.807  -74.815  -14.835 0.0000000000
4518  -20.789  -74.826  -14.782 0.0000000000
4538  -15.789  -75.192  -15.982 0.0000000000
4539  -16.444  -75.478  -15.497 0.0000000000
4540  -17.369  -75.735  -15.312 0.0000000000
4541  -18.296  -75.664  -15.279 0.0000000000
4542  -19.269  -75.484  -15.346 0.0000000000
4543  -20.247  -75.412  -15.381 0.0000000000
4544  -21.207  -75.533  -15.273 0.0000000000
4545  -22.132  -75.757  -15.106 0.0000000000
4558  -14.465  -75.788  -17.074 0.0000000000
4559  -15.127  -75.383  -16.693 0.0000000000
4560  -15.649  -75.769  -15.870 0.0000000000
4574  -14.491  -75.422  -17.733 0.0000000000
4575  -15.007  -75.042  -17.474 0.0000000000
4589  -14.350  -75.235  -18.821 0.0000000000
4597  -14.324  -75.204  -19.492 0.0000000000
5037  -16.911  -74.674  -15.360 0.0000000000
5038  -17.615  -74.286  -15.065 0.0000000000
5039  -18.485  -74.147  -14.759 0.0000000000
5040  -19.398  -74.071  -14.595 0.0000000000
5041  -20.359  -74.048  -14.493 0.0000000000
5062  -15.723  -74.935  -16.305 0.0000000000
5063  -16.318  -74.471  -15.988 0.0000000000
5064  -17.127  -74.044  -15.540 0.0000000000
5077  -15.741  -74.664  -16.700 0.0000000000
5078  -16.204  -74.125  -16.972 0.0000000000
5092  -14.969  -74.938  -17.825 0.0000000000
5093  -15.522  -74.462  -17.722 0.0000000000
5094  -16.184  -73.988  -17.567 0.0000000000
5106  -14.907  -74.840  -18.414 0.0000000000
5107  -15.388  -74.390  -18.858 0.0000000000
5119  -14.881  -74.757  -19.595 0.0000000000
5120  -15.749  -74.139  -19.695 0.0000000000
5121  -16.211  -73.926  -19.858 0.0000000000
5139  -14.810  -74.897  -20.750 0.0000000000
5140  -15.494  -74.460  -20.583 0.0000000000
5141  -16.393  -74.050  -20.507 0.0000000000
5142  -17.317  -74.036  -20.850 0.0000000000
5143  -18.296  -74.215  -20.795 0.0000000000
5161  -15.241  -74.826  -21.470 0.0000000000
5162  -16.038  -74.405  -21.446 0.0000000000
5163  -16.936  -74.212  -21.558 0.0000000000
5592  -17.603  -73.718  -15.337 0.0000000000
5593  -18.225  -73.303  -15.088 0.0000000000
5594  -19.065  -73.285  -14.657 0.0000000000
5615  -16.922  -73.867  -15.924 0.0000000000
5616  -17.564  -73.307  -15.868 0.0000000000
5617  -18.216  -72.921  -15.552 0.0000000000
5629  -16.844  -73.749  -16.484 0.0000000000
5630  -17.436  -73.305  -16.811 0.0000000000
5646  -16.237  -73.853  -18.075 0.0000000000
5647  -16.863  -73.572  -17.568 0.0000000000
5666  -16.007  -73.909  -18.889 0.0000000000
5667  -16.794  -73.606  -18.690 0.0000000000
5668  -17.703  -73.449  -18.531 0.0000000000
5683  -16.132  -73.888  -19.532 0.0000000000
5684  -16.660  -73.784  -19.676 0.0000000000
5685  -17.527  -73.667  -19.416 0.0000000000
5699  -16.937  -73.872  -20.312 0.0000000000
5700  -17.461  -73.869  -20.177 0.0000000000
5701  -18.108  -73.914  -19.994 0.0000000000
