#!ascii label  , from subject FREESURFER vox2ras=TkReg 
194
85452  -23.633  32.887  -33.724 0.0000000000
85455  -23.746  32.938  -34.439 0.0000000000
85458  -23.808  33.155  -35.480 0.0000000000
85460  -23.893  33.658  -36.361 0.0000000000
85947  -25.066  34.448  -29.877 0.0000000000
85948  -26.287  34.745  -29.899 0.0000000000
85949  -27.599  34.710  -29.875 0.0000000000
85950  -28.924  34.446  -29.881 0.0000000000
85951  -30.139  34.240  -30.037 0.0000000000
85952  -31.024  34.368  -30.409 0.0000000000
85953  -31.490  34.485  -30.558 0.0000000000
85965  -25.398  34.362  -30.777 0.0000000000
85966  -26.687  34.551  -30.679 0.0000000000
85967  -27.970  34.372  -30.634 0.0000000000
85968  -29.234  34.140  -30.670 0.0000000000
85969  -30.403  33.959  -30.814 0.0000000000
85970  -31.409  34.222  -30.951 0.0000000000
85976  -24.516  34.116  -32.010 0.0000000000
85977  -25.845  34.477  -31.467 0.0000000000
85978  -27.003  34.453  -31.412 0.0000000000
85979  -28.183  34.411  -31.394 0.0000000000
85980  -29.459  34.349  -31.358 0.0000000000
85981  -30.640  34.391  -31.321 0.0000000000
85982  -31.286  34.596  -31.239 0.0000000000
85985  -24.573  33.680  -33.521 0.0000000000
85986  -25.669  34.302  -34.207 0.0000000000
85987  -26.278  34.752  -34.562 0.0000000000
85989  -24.683  33.617  -34.887 0.0000000000
85990  -25.564  34.467  -35.256 0.0000000000
85991  -26.313  34.846  -34.953 0.0000000000
85994  -24.575  33.764  -35.760 0.0000000000
85995  -24.715  34.444  -35.973 0.0000000000
86445  -25.468  35.857  -27.493 0.0000000000
86458  -24.879  35.384  -27.990 0.0000000000
86459  -25.775  35.710  -28.239 0.0000000000
86460  -26.567  35.850  -28.617 0.0000000000
86469  -24.835  35.098  -29.014 0.0000000000
86470  -25.894  35.303  -29.179 0.0000000000
86471  -27.205  35.480  -29.173 0.0000000000
86472  -28.537  35.243  -29.325 0.0000000000
86473  -29.846  35.083  -29.577 0.0000000000
86474  -30.913  34.876  -29.950 0.0000000000
86475  -31.493  34.758  -30.341 0.0000000000
86484  -31.804  34.733  -30.659 0.0000000000
86490  -25.415  34.440  -32.021 0.0000000000
86491  -26.109  34.492  -32.113 0.0000000000
86492  -27.035  34.654  -32.226 0.0000000000
86493  -28.091  34.988  -32.022 0.0000000000
86494  -29.763  34.933  -31.719 0.0000000000
86495  -30.981  34.980  -31.386 0.0000000000
86496  -31.799  34.952  -31.175 0.0000000000
86499  -25.309  34.246  -32.551 0.0000000000
86500  -25.945  34.370  -33.045 0.0000000000
86501  -26.736  34.838  -33.410 0.0000000000
86502  -27.259  35.416  -33.011 0.0000000000
86505  -26.165  35.099  -35.128 0.0000000000
86506  -26.595  35.249  -34.234 0.0000000000
86507  -26.961  35.635  -33.567 0.0000000000
86509  -25.460  35.169  -35.512 0.0000000000
86955  -25.377  36.428  -27.016 0.0000000000
86956  -26.273  36.475  -27.589 0.0000000000
86957  -26.965  36.901  -27.676 0.0000000000
86969  -26.528  36.156  -28.184 0.0000000000
86970  -27.556  36.545  -28.451 0.0000000000
86971  -28.745  36.816  -28.896 0.0000000000
86979  -28.184  35.828  -28.884 0.0000000000
86980  -29.291  36.197  -29.142 0.0000000000
86981  -30.720  35.955  -30.107 0.0000000000
86982  -31.505  35.267  -30.374 0.0000000000
86983  -31.801  35.001  -30.452 0.0000000000
86990  -30.955  36.282  -31.098 0.0000000000
86991  -31.689  35.819  -30.736 0.0000000000
86992  -32.006  35.257  -30.702 0.0000000000
86999  -28.521  35.810  -32.033 0.0000000000
87000  -30.329  35.651  -31.482 0.0000000000
87001  -31.460  35.587  -31.251 0.0000000000
87002  -32.140  35.584  -31.132 0.0000000000
87005  -26.984  36.276  -33.343 0.0000000000
87006  -27.305  35.871  -33.002 0.0000000000
87007  -23.735  36.460  -34.920 0.0000000000
87008  -24.893  36.504  -34.858 0.0000000000
87009  -25.851  35.901  -34.583 0.0000000000
87010  -26.650  35.855  -33.844 0.0000000000
87011  -26.996  35.887  -33.492 0.0000000000
87012  -24.543  35.386  -35.581 0.0000000000
87013  -25.258  35.766  -35.307 0.0000000000
87473  -25.700  37.298  -27.123 0.0000000000
87474  -26.512  37.420  -27.427 0.0000000000
87475  -27.343  37.387  -27.801 0.0000000000
87476  -27.829  37.595  -28.224 0.0000000000
87487  -27.791  37.194  -28.239 0.0000000000
87488  -28.455  37.276  -28.678 0.0000000000
87499  -29.472  37.218  -29.452 0.0000000000
87500  -30.131  36.893  -29.924 0.0000000000
87510  -29.600  37.626  -30.672 0.0000000000
87511  -30.250  36.967  -30.885 0.0000000000
87521  -26.267  38.642  -33.044 0.0000000000
87522  -26.628  38.039  -32.428 0.0000000000
87523  -28.223  37.120  -31.589 0.0000000000
87524  -29.746  36.365  -31.374 0.0000000000
87530  -26.265  38.197  -33.303 0.0000000000
87531  -26.785  37.185  -33.016 0.0000000000
87532  -27.501  36.398  -32.558 0.0000000000
87533  -23.536  37.816  -34.136 0.0000000000
87534  -24.369  37.756  -34.420 0.0000000000
87535  -25.555  37.727  -34.029 0.0000000000
87536  -26.329  36.537  -33.729 0.0000000000
87996  -27.579  37.977  -27.909 0.0000000000
88007  -28.228  38.120  -28.422 0.0000000000
88008  -29.211  38.185  -28.929 0.0000000000
88009  -29.926  38.131  -29.197 0.0000000000
88019  -29.307  37.521  -29.389 0.0000000000
88020  -30.059  37.451  -29.594 0.0000000000
88021  -30.687  37.767  -29.596 0.0000000000
88022  -31.236  37.826  -29.742 0.0000000000
88031  -27.764  38.667  -30.968 0.0000000000
88032  -29.029  38.003  -30.559 0.0000000000
88033  -29.813  37.435  -30.590 0.0000000000
88034  -30.674  37.496  -30.425 0.0000000000
88035  -31.287  37.578  -30.141 0.0000000000
88036  -33.060  37.615  -31.546 0.0000000000
88037  -33.444  37.538  -31.127 0.0000000000
88038  -33.707  37.794  -30.951 0.0000000000
88046  -26.192  39.016  -32.629 0.0000000000
88047  -27.036  38.524  -31.593 0.0000000000
88048  -28.306  37.893  -30.949 0.0000000000
88049  -33.191  37.835  -31.692 0.0000000000
88050  -33.568  37.686  -31.614 0.0000000000
88051  -33.802  37.749  -31.213 0.0000000000
88059  -25.702  39.076  -33.531 0.0000000000
88062  -24.006  38.816  -34.106 0.0000000000
88063  -24.648  38.834  -34.207 0.0000000000
88064  -25.088  39.139  -34.087 0.0000000000
88539  -30.159  38.705  -29.158 0.0000000000
88547  -30.929  38.444  -29.541 0.0000000000
88548  -31.896  38.036  -29.995 0.0000000000
88549  -32.750  38.340  -30.416 0.0000000000
88550  -33.134  38.429  -30.523 0.0000000000
88559  -25.869  40.547  -32.369 0.0000000000
88560  -26.638  39.739  -31.388 0.0000000000
88561  -27.906  39.314  -30.814 0.0000000000
88562  -29.182  38.750  -30.761 0.0000000000
88563  -30.249  38.239  -31.089 0.0000000000
88564  -31.626  37.781  -31.282 0.0000000000
88565  -32.727  37.564  -30.890 0.0000000000
88566  -33.384  38.050  -30.746 0.0000000000
88567  -33.896  38.011  -30.972 0.0000000000
88574  -25.514  40.179  -33.048 0.0000000000
88575  -26.168  39.585  -32.121 0.0000000000
88576  -32.403  38.435  -31.514 0.0000000000
88577  -32.835  38.083  -31.542 0.0000000000
88578  -33.530  38.109  -31.672 0.0000000000
88579  -33.921  37.929  -31.411 0.0000000000
88588  -24.694  40.052  -33.784 0.0000000000
88595  -24.278  39.586  -34.033 0.0000000000
88596  -24.666  39.488  -34.090 0.0000000000
89129  -30.413  39.383  -29.232 0.0000000000
89130  -31.183  39.562  -29.550 0.0000000000
89131  -32.376  39.239  -30.119 0.0000000000
89132  -32.956  38.782  -30.426 0.0000000000
89143  -26.835  40.709  -31.163 0.0000000000
89144  -28.156  40.250  -30.750 0.0000000000
89145  -29.444  39.829  -30.832 0.0000000000
89146  -30.676  39.595  -31.194 0.0000000000
89147  -33.428  39.173  -30.620 0.0000000000
89148  -33.483  38.543  -30.687 0.0000000000
89149  -33.668  38.263  -30.784 0.0000000000
89161  -31.994  39.225  -31.517 0.0000000000
89162  -32.990  39.044  -31.614 0.0000000000
89163  -33.560  38.683  -31.451 0.0000000000
89164  -33.961  38.483  -31.138 0.0000000000
89751  -31.765  40.342  -29.585 0.0000000000
89752  -32.668  40.514  -30.112 0.0000000000
89763  -27.235  41.666  -31.112 0.0000000000
89764  -28.540  41.288  -30.849 0.0000000000
89765  -29.701  40.951  -31.093 0.0000000000
89766  -30.399  40.626  -31.323 0.0000000000
89767  -33.770  39.769  -31.045 0.0000000000
89781  -30.169  41.209  -31.422 0.0000000000
89782  -31.069  40.641  -31.689 0.0000000000
89783  -32.761  40.295  -31.984 0.0000000000
90438  -27.758  42.589  -31.202 0.0000000000
90439  -29.021  42.233  -31.134 0.0000000000
90440  -29.726  41.647  -31.303 0.0000000000
90454  -29.329  42.765  -31.442 0.0000000000
90455  -30.117  42.075  -31.628 0.0000000000
90456  -31.437  41.687  -32.306 0.0000000000
91077  -28.002  43.085  -31.292 0.0000000000
91078  -28.326  42.818  -31.255 0.0000000000
91090  -28.584  43.330  -31.392 0.0000000000
91091  -29.664  43.331  -31.633 0.0000000000
91092  -30.721  43.009  -31.978 0.0000000000
105396  -23.608  35.006  -35.488 0.0000000000
105397  -23.975  34.512  -36.140 0.0000000000
