#!ascii label  , from subject FREESURFER vox2ras=TkReg 
402
619  -7.452  -84.585  -18.006 0.0000000000
646  -6.170  -84.526  -20.017 0.0000000000
662  -6.302  -84.325  -20.877 0.0000000000
969  -7.750  -82.816  -16.968 0.0000000000
970  -8.132  -83.300  -16.954 0.0000000000
982  -4.519  -83.227  -18.762 0.0000000000
983  -4.983  -83.361  -18.268 0.0000000000
984  -5.924  -83.523  -17.888 0.0000000000
985  -7.314  -83.663  -17.480 0.0000000000
986  -8.484  -83.940  -17.128 0.0000000000
987  -9.023  -83.768  -16.716 0.0000000000
994  -4.445  -83.423  -19.347 0.0000000000
995  -4.904  -83.733  -19.182 0.0000000000
996  -5.627  -84.046  -18.816 0.0000000000
997  -6.628  -84.454  -18.449 0.0000000000
1005  -4.162  -83.283  -19.785 0.0000000000
1006  -4.598  -83.671  -20.065 0.0000000000
1007  -5.451  -84.152  -20.173 0.0000000000
1008  -6.117  -84.502  -19.395 0.0000000000
1022  -4.154  -83.192  -20.622 0.0000000000
1023  -4.811  -83.536  -21.203 0.0000000000
1024  -5.626  -83.665  -21.700 0.0000000000
1382  -7.787  -82.064  -16.965 0.0000000000
1383  -8.575  -82.522  -16.695 0.0000000000
1384  -9.585  -82.564  -16.535 0.0000000000
1397  -3.828  -82.142  -18.267 0.0000000000
1398  -4.187  -82.508  -18.170 0.0000000000
1399  -5.036  -82.628  -17.518 0.0000000000
1400  -6.159  -82.653  -17.368 0.0000000000
1401  -7.061  -82.357  -17.180 0.0000000000
1402  -8.637  -83.373  -16.756 0.0000000000
1403  -9.098  -83.175  -16.594 0.0000000000
1411  -3.673  -82.091  -18.806 0.0000000000
1412  -4.096  -82.935  -19.085 0.0000000000
1421  -3.513  -81.999  -19.975 0.0000000000
1422  -3.804  -82.734  -19.846 0.0000000000
1423  -6.910  -82.186  -21.253 0.0000000000
1434  -3.546  -81.938  -20.490 0.0000000000
1435  -3.760  -82.370  -20.775 0.0000000000
1436  -4.388  -82.818  -21.616 0.0000000000
1437  -5.140  -82.966  -22.208 0.0000000000
1438  -6.122  -82.700  -22.437 0.0000000000
1790  -8.782  -80.830  -16.514 0.0000000000
1791  -9.130  -80.833  -16.425 0.0000000000
1804  -5.406  -81.065  -16.966 0.0000000000
1805  -6.031  -81.216  -17.095 0.0000000000
1806  -7.058  -81.432  -17.107 0.0000000000
1807  -8.351  -81.152  -16.684 0.0000000000
1808  -9.314  -81.620  -16.479 0.0000000000
1822  -3.678  -81.803  -17.990 0.0000000000
1823  -4.082  -81.499  -17.334 0.0000000000
1824  -5.359  -81.677  -17.129 0.0000000000
1825  -6.427  -81.878  -17.197 0.0000000000
1826  -6.869  -81.892  -17.191 0.0000000000
1836  -3.306  -81.189  -18.216 0.0000000000
1837  -3.518  -81.195  -17.708 0.0000000000
1851  -3.337  -81.175  -19.219 0.0000000000
1852  -5.336  -81.910  -21.763 0.0000000000
1853  -5.610  -81.875  -21.491 0.0000000000
1854  -6.380  -81.789  -20.925 0.0000000000
1855  -7.559  -81.540  -20.255 0.0000000000
1868  -3.385  -81.309  -20.637 0.0000000000
1869  -4.029  -82.006  -21.750 0.0000000000
1870  -5.034  -82.143  -22.060 0.0000000000
1871  -5.725  -82.305  -21.918 0.0000000000
1872  -6.207  -82.320  -21.673 0.0000000000
1884  -3.440  -81.084  -21.403 0.0000000000
1885  -3.696  -81.461  -21.635 0.0000000000
2268  -8.819  -80.482  -16.505 0.0000000000
2284  -5.618  -80.731  -16.930 0.0000000000
2285  -6.352  -80.614  -16.943 0.0000000000
2286  -7.326  -80.449  -16.872 0.0000000000
2287  -8.203  -80.157  -16.686 0.0000000000
2297  -3.939  -80.787  -17.193 0.0000000000
2298  -4.711  -80.595  -17.073 0.0000000000
2310  -3.059  -80.515  -18.507 0.0000000000
2311  -3.420  -80.257  -17.706 0.0000000000
2312  -4.323  -79.865  -17.546 0.0000000000
2330  -2.923  -80.077  -19.387 0.0000000000
2331  -2.906  -79.972  -18.497 0.0000000000
2332  -5.394  -81.607  -21.616 0.0000000000
2333  -5.974  -81.244  -20.839 0.0000000000
2334  -6.964  -80.733  -20.053 0.0000000000
2335  -8.207  -80.863  -19.592 0.0000000000
2336  -9.030  -80.945  -19.278 0.0000000000
2353  -2.895  -80.242  -20.325 0.0000000000
2354  -4.004  -81.576  -22.017 0.0000000000
2355  -4.761  -81.421  -22.059 0.0000000000
2356  -5.616  -80.938  -21.300 0.0000000000
2357  -6.251  -80.508  -20.639 0.0000000000
2367  -2.943  -80.433  -21.189 0.0000000000
2368  -3.711  -81.026  -22.025 0.0000000000
2369  -4.666  -80.776  -22.470 0.0000000000
2376  -2.958  -80.323  -22.095 0.0000000000
2377  -3.640  -80.522  -22.676 0.0000000000
2378  -4.267  -80.471  -22.886 0.0000000000
2737  -5.666  -80.198  -16.885 0.0000000000
2738  -6.463  -79.832  -16.848 0.0000000000
2739  -7.477  -79.607  -16.872 0.0000000000
2751  -5.399  -79.363  -17.436 0.0000000000
2752  -6.752  -78.996  -17.144 0.0000000000
2753  -7.784  -78.842  -17.128 0.0000000000
2772  -3.249  -79.248  -18.140 0.0000000000
2773  -4.037  -79.190  -18.073 0.0000000000
2774  -10.049  -80.310  -18.965 0.0000000000
2791  -2.840  -79.388  -19.402 0.0000000000
2792  -2.900  -79.177  -18.840 0.0000000000
2793  -3.344  -78.759  -18.622 0.0000000000
2794  -7.207  -80.119  -19.954 0.0000000000
2795  -7.794  -80.144  -19.842 0.0000000000
2796  -9.164  -80.111  -19.518 0.0000000000
2797  -10.267  -79.652  -19.167 0.0000000000
2813  -2.709  -79.132  -20.121 0.0000000000
2814  -2.616  -78.425  -19.396 0.0000000000
2815  -5.386  -80.752  -21.839 0.0000000000
2816  -5.950  -80.186  -21.237 0.0000000000
2817  -6.998  -79.663  -20.563 0.0000000000
2818  -8.314  -79.553  -20.280 0.0000000000
2819  -9.190  -79.358  -20.281 0.0000000000
2828  -2.578  -79.501  -21.540 0.0000000000
2829  -5.614  -80.309  -22.177 0.0000000000
2830  -6.357  -79.497  -21.758 0.0000000000
2831  -6.834  -79.282  -21.259 0.0000000000
2841  -2.856  -79.625  -22.689 0.0000000000
2842  -3.778  -80.119  -23.192 0.0000000000
2843  -4.860  -80.286  -23.071 0.0000000000
2844  -5.781  -79.936  -22.707 0.0000000000
2852  -2.904  -79.169  -23.173 0.0000000000
2853  -3.264  -79.479  -23.355 0.0000000000
2854  -4.065  -79.632  -23.725 0.0000000000
2855  -5.302  -79.712  -23.609 0.0000000000
2862  -4.564  -79.338  -24.189 0.0000000000
2863  -5.224  -79.282  -24.355 0.0000000000
3247  -5.601  -78.621  -17.823 0.0000000000
3248  -6.261  -78.399  -17.729 0.0000000000
3249  -7.298  -78.225  -17.564 0.0000000000
3270  -5.072  -78.606  -18.203 0.0000000000
3286  -2.821  -78.009  -18.970 0.0000000000
3287  -4.126  -78.158  -18.986 0.0000000000
3288  -9.950  -79.222  -19.929 0.0000000000
3289  -10.701  -78.815  -19.344 0.0000000000
3303  -2.601  -78.287  -20.501 0.0000000000
3304  -2.560  -77.840  -19.961 0.0000000000
3305  -3.277  -77.460  -19.829 0.0000000000
3306  -7.913  -79.136  -20.972 0.0000000000
3307  -8.765  -79.047  -20.962 0.0000000000
3308  -9.631  -78.845  -20.818 0.0000000000
3309  -10.503  -78.388  -20.420 0.0000000000
3310  -11.045  -78.117  -19.685 0.0000000000
3319  -2.565  -78.657  -21.026 0.0000000000
3320  -2.889  -77.876  -21.042 0.0000000000
3321  -2.823  -77.016  -20.547 0.0000000000
3322  -6.625  -79.095  -22.260 0.0000000000
3323  -7.189  -78.934  -21.703 0.0000000000
3324  -8.224  -78.768  -21.648 0.0000000000
3325  -9.114  -78.598  -21.841 0.0000000000
3326  -10.081  -78.396  -21.465 0.0000000000
3331  -2.595  -78.735  -21.938 0.0000000000
3332  -3.139  -78.103  -22.206 0.0000000000
3333  -6.256  -79.485  -22.860 0.0000000000
3334  -6.826  -78.945  -22.943 0.0000000000
3335  -8.047  -78.544  -22.941 0.0000000000
3336  -9.070  -78.368  -22.730 0.0000000000
3337  -2.807  -78.856  -22.782 0.0000000000
3338  -3.315  -78.643  -23.382 0.0000000000
3339  -3.899  -79.027  -24.195 0.0000000000
3340  -6.076  -79.325  -23.892 0.0000000000
3341  -6.907  -78.908  -24.174 0.0000000000
3342  -7.690  -78.524  -24.497 0.0000000000
3343  -3.912  -78.402  -23.973 0.0000000000
3344  -4.559  -78.727  -24.554 0.0000000000
3345  -5.742  -79.041  -25.124 0.0000000000
3346  -6.981  -78.800  -25.460 0.0000000000
3347  -7.553  -78.509  -25.221 0.0000000000
3348  -6.252  -78.579  -25.863 0.0000000000
3349  -6.677  -78.597  -26.166 0.0000000000
3694  -5.739  -78.250  -18.106 0.0000000000
3695  -6.199  -77.878  -18.219 0.0000000000
3696  -6.908  -77.654  -18.063 0.0000000000
3715  -5.579  -77.904  -18.720 0.0000000000
3716  -6.533  -77.400  -18.667 0.0000000000
3730  -5.165  -77.759  -19.528 0.0000000000
3731  -6.162  -77.289  -19.487 0.0000000000
3732  -6.882  -76.841  -19.076 0.0000000000
3742  -4.390  -77.591  -20.074 0.0000000000
3743  -5.439  -77.463  -20.356 0.0000000000
3744  -10.696  -77.943  -21.228 0.0000000000
3745  -11.403  -77.494  -20.541 0.0000000000
3746  -11.986  -77.087  -19.693 0.0000000000
3751  -3.104  -76.815  -21.673 0.0000000000
3752  -3.765  -77.121  -20.936 0.0000000000
3753  -4.731  -77.418  -20.787 0.0000000000
3754  -9.754  -78.239  -22.359 0.0000000000
3755  -10.433  -77.949  -22.006 0.0000000000
3756  -11.048  -77.551  -21.755 0.0000000000
3759  -3.424  -77.515  -22.592 0.0000000000
3760  -8.813  -78.323  -23.218 0.0000000000
3761  -9.398  -78.011  -23.309 0.0000000000
3762  -10.130  -77.813  -22.759 0.0000000000
3763  -10.639  -77.524  -22.446 0.0000000000
3764  -3.777  -77.607  -23.285 0.0000000000
3765  -8.555  -78.300  -23.916 0.0000000000
3766  -8.957  -77.879  -24.306 0.0000000000
3768  -4.236  -77.719  -24.075 0.0000000000
3769  -5.008  -77.811  -24.921 0.0000000000
3770  -5.702  -78.238  -25.728 0.0000000000
3771  -7.499  -78.545  -25.617 0.0000000000
3772  -8.135  -78.225  -25.221 0.0000000000
3773  -8.973  -77.500  -25.182 0.0000000000
3775  -5.527  -77.463  -25.683 0.0000000000
3776  -6.186  -77.994  -26.506 0.0000000000
3777  -7.343  -78.437  -26.403 0.0000000000
3778  -8.518  -77.937  -26.527 0.0000000000
3779  -9.126  -77.119  -26.076 0.0000000000
3780  -6.835  -77.769  -27.231 0.0000000000
3781  -7.674  -77.799  -27.461 0.0000000000
3782  -8.477  -77.539  -27.606 0.0000000000
4107  -6.886  -76.702  -19.708 0.0000000000
4111  -13.199  -76.053  -19.678 0.0000000000
4119  -6.431  -76.965  -20.545 0.0000000000
4120  -7.340  -76.388  -20.460 0.0000000000
4122  -11.993  -77.101  -21.031 0.0000000000
4123  -12.309  -76.800  -20.484 0.0000000000
4124  -12.895  -76.283  -20.226 0.0000000000
4133  -3.511  -76.297  -22.150 0.0000000000
4134  -3.876  -76.295  -21.822 0.0000000000
4135  -5.310  -77.032  -21.553 0.0000000000
4136  -6.881  -76.486  -21.748 0.0000000000
4137  -7.793  -75.961  -21.316 0.0000000000
4138  -11.730  -77.156  -21.657 0.0000000000
4139  -12.332  -76.748  -21.438 0.0000000000
4140  -12.883  -76.317  -21.033 0.0000000000
4145  -3.533  -76.625  -22.490 0.0000000000
4146  -3.704  -75.941  -22.526 0.0000000000
4147  -4.910  -76.133  -22.569 0.0000000000
4148  -6.039  -76.536  -22.353 0.0000000000
4149  -9.889  -77.595  -23.257 0.0000000000
4150  -10.323  -77.249  -23.106 0.0000000000
4151  -11.125  -76.981  -22.619 0.0000000000
4152  -12.069  -76.550  -22.458 0.0000000000
4153  -12.729  -76.286  -21.931 0.0000000000
4159  -3.894  -76.685  -23.277 0.0000000000
4160  -3.968  -75.910  -23.409 0.0000000000
4161  -9.632  -77.277  -23.955 0.0000000000
4162  -10.600  -76.528  -23.841 0.0000000000
4163  -11.448  -76.419  -23.194 0.0000000000
4164  -11.945  -76.296  -23.093 0.0000000000
4171  -4.371  -76.869  -24.121 0.0000000000
4172  -4.924  -76.260  -24.716 0.0000000000
4173  -9.705  -76.766  -25.072 0.0000000000
4174  -10.582  -76.371  -25.200 0.0000000000
4175  -13.227  -76.324  -24.687 0.0000000000
4176  -13.874  -76.443  -25.008 0.0000000000
4187  -6.030  -76.743  -25.998 0.0000000000
4188  -6.302  -77.010  -27.213 0.0000000000
4189  -9.169  -77.331  -27.162 0.0000000000
4190  -9.880  -76.668  -26.425 0.0000000000
4191  -10.894  -76.427  -26.279 0.0000000000
4192  -11.809  -76.421  -26.068 0.0000000000
4193  -12.904  -76.523  -25.637 0.0000000000
4194  -14.007  -76.746  -25.981 0.0000000000
4207  -6.968  -77.059  -27.836 0.0000000000
4208  -7.917  -76.981  -28.227 0.0000000000
4209  -9.012  -76.997  -28.216 0.0000000000
4210  -9.743  -76.930  -27.721 0.0000000000
4211  -10.492  -76.563  -27.436 0.0000000000
4212  -11.404  -76.451  -27.245 0.0000000000
4213  -12.360  -76.521  -26.966 0.0000000000
4214  -13.338  -76.685  -26.844 0.0000000000
4223  -9.166  -76.685  -28.228 0.0000000000
4224  -9.419  -76.565  -28.194 0.0000000000
4225  -10.072  -76.352  -28.290 0.0000000000
4226  -10.944  -76.135  -28.362 0.0000000000
4227  -11.943  -76.094  -28.214 0.0000000000
4228  -12.827  -76.334  -27.780 0.0000000000
4229  -13.689  -76.455  -27.766 0.0000000000
4236  -11.395  -75.624  -28.668 0.0000000000
4237  -11.756  -75.468  -28.695 0.0000000000
4596  -13.813  -75.619  -19.402 0.0000000000
4610  -13.532  -75.805  -20.496 0.0000000000
4611  -14.277  -75.261  -20.178 0.0000000000
4623  -7.649  -75.665  -22.382 0.0000000000
4626  -13.388  -75.874  -21.627 0.0000000000
4627  -14.292  -75.321  -21.359 0.0000000000
4628  -14.824  -75.097  -21.637 0.0000000000
4640  -3.973  -75.264  -22.495 0.0000000000
4641  -5.452  -75.394  -22.912 0.0000000000
4642  -6.484  -75.999  -22.872 0.0000000000
4643  -12.575  -76.200  -22.513 0.0000000000
4644  -13.075  -76.000  -22.500 0.0000000000
4645  -13.900  -75.683  -22.434 0.0000000000
4646  -14.966  -75.253  -22.412 0.0000000000
4656  -4.230  -75.042  -23.471 0.0000000000
4657  -11.279  -76.281  -23.729 0.0000000000
4658  -11.788  -76.228  -23.608 0.0000000000
4659  -12.497  -76.138  -23.194 0.0000000000
4660  -13.410  -75.966  -23.283 0.0000000000
4661  -14.314  -75.779  -23.399 0.0000000000
4672  -4.847  -74.783  -24.377 0.0000000000
4673  -11.378  -76.212  -24.391 0.0000000000
4674  -12.217  -76.162  -24.145 0.0000000000
4675  -12.958  -76.141  -24.022 0.0000000000
4676  -13.732  -76.112  -24.136 0.0000000000
4686  -5.701  -75.434  -25.424 0.0000000000
4687  -6.605  -75.872  -26.601 0.0000000000
4688  -7.130  -75.435  -26.809 0.0000000000
4689  -11.322  -76.292  -25.369 0.0000000000
4690  -12.042  -76.254  -25.035 0.0000000000
4691  -12.666  -76.284  -24.691 0.0000000000
4703  -6.738  -76.474  -27.443 0.0000000000
4704  -7.369  -75.925  -27.494 0.0000000000
4705  -8.593  -75.776  -28.029 0.0000000000
4706  -9.226  -75.189  -27.965 0.0000000000
4711  -9.106  -76.384  -28.258 0.0000000000
4712  -9.474  -75.787  -28.324 0.0000000000
4713  -10.331  -75.421  -28.690 0.0000000000
4714  -10.964  -75.438  -28.881 0.0000000000
4715  -12.544  -75.925  -28.362 0.0000000000
4716  -13.097  -75.823  -28.411 0.0000000000
4721  -10.840  -74.909  -29.047 0.0000000000
4722  -11.443  -75.034  -29.033 0.0000000000
4723  -12.313  -75.210  -28.811 0.0000000000
4724  -13.292  -74.932  -28.873 0.0000000000
5160  -14.789  -75.013  -21.307 0.0000000000
5177  -3.871  -74.360  -22.705 0.0000000000
5178  -4.735  -74.632  -22.331 0.0000000000
5179  -6.613  -74.871  -22.923 0.0000000000
5190  -4.155  -73.989  -23.614 0.0000000000
5204  -4.774  -73.946  -24.324 0.0000000000
5205  -11.710  -73.690  -25.740 0.0000000000
5206  -12.378  -73.711  -25.786 0.0000000000
5207  -12.796  -73.728  -25.936 0.0000000000
5223  -5.446  -74.313  -24.921 0.0000000000
5224  -6.305  -74.673  -25.713 0.0000000000
5225  -6.904  -74.927  -26.384 0.0000000000
5226  -9.360  -73.790  -26.416 0.0000000000
5227  -9.952  -73.845  -26.535 0.0000000000
5228  -10.931  -73.795  -26.392 0.0000000000
5229  -11.808  -73.670  -26.603 0.0000000000
5230  -12.492  -73.592  -26.532 0.0000000000
5239  -7.412  -74.888  -26.709 0.0000000000
5240  -8.070  -74.861  -27.164 0.0000000000
5241  -9.068  -74.358  -27.198 0.0000000000
5242  -10.250  -74.179  -27.448 0.0000000000
5243  -11.201  -73.875  -27.588 0.0000000000
5244  -12.200  -73.514  -27.640 0.0000000000
5245  -12.717  -73.480  -27.017 0.0000000000
5251  -9.811  -74.870  -28.112 0.0000000000
5252  -10.686  -74.448  -28.483 0.0000000000
5253  -11.526  -73.906  -28.551 0.0000000000
5254  -12.376  -73.640  -28.658 0.0000000000
5255  -13.011  -73.631  -28.774 0.0000000000
5260  -11.237  -74.464  -28.961 0.0000000000
5261  -11.882  -74.316  -29.017 0.0000000000
5262  -12.705  -74.169  -28.996 0.0000000000
5722  -3.843  -73.575  -22.882 0.0000000000
5723  -3.858  -73.802  -21.911 0.0000000000
5724  -5.360  -73.815  -22.012 0.0000000000
5736  -4.095  -73.350  -23.508 0.0000000000
5737  -10.885  -73.043  -24.311 0.0000000000
5738  -11.835  -73.133  -24.168 0.0000000000
5739  -12.854  -73.231  -24.060 0.0000000000
5753  -4.583  -73.436  -24.081 0.0000000000
5754  -9.439  -73.105  -25.371 0.0000000000
5755  -10.193  -73.114  -25.049 0.0000000000
5756  -11.177  -73.497  -25.148 0.0000000000
5757  -12.204  -73.581  -24.953 0.0000000000
5758  -13.193  -73.647  -25.184 0.0000000000
5773  -5.166  -73.630  -24.584 0.0000000000
5774  -5.986  -73.706  -25.005 0.0000000000
5775  -7.036  -73.944  -25.748 0.0000000000
5776  -7.875  -73.606  -25.850 0.0000000000
5777  -8.771  -73.570  -25.949 0.0000000000
5778  -9.693  -73.525  -25.835 0.0000000000
5779  -10.405  -73.576  -25.772 0.0000000000
5780  -13.076  -73.635  -26.360 0.0000000000
5781  -14.049  -73.612  -26.026 0.0000000000
5793  -7.758  -74.260  -26.456 0.0000000000
5794  -8.348  -74.098  -26.604 0.0000000000
5795  -8.700  -74.013  -26.634 0.0000000000
5796  -12.639  -73.383  -28.167 0.0000000000
5797  -13.171  -73.411  -27.510 0.0000000000
5807  -12.931  -73.390  -28.443 0.0000000000
5808  -13.668  -73.444  -28.431 0.0000000000
6294  -3.960  -73.168  -22.561 0.0000000000
6315  -4.023  -73.113  -23.181 0.0000000000
6316  -4.588  -72.662  -23.146 0.0000000000
6318  -8.616  -71.789  -24.253 0.0000000000
6319  -9.887  -72.472  -23.982 0.0000000000
6320  -11.303  -72.691  -23.477 0.0000000000
6321  -12.426  -72.761  -23.233 0.0000000000
6336  -4.585  -72.978  -23.802 0.0000000000
6337  -5.580  -72.311  -24.244 0.0000000000
6338  -6.589  -71.902  -24.898 0.0000000000
6339  -7.687  -71.638  -24.849 0.0000000000
6340  -8.856  -72.555  -25.122 0.0000000000
6341  -9.626  -72.775  -24.900 0.0000000000
6353  -5.301  -73.077  -24.525 0.0000000000
6354  -6.297  -72.827  -25.034 0.0000000000
6355  -7.239  -72.661  -25.413 0.0000000000
6356  -8.119  -72.778  -25.499 0.0000000000
6357  -8.528  -72.999  -25.491 0.0000000000
