#!ascii label  , from subject FREESURFER vox2ras=TkReg 
175
18287  -17.037  -50.103  -13.088 0.0000000000
18288  -17.536  -49.924  -13.169 0.0000000000
18310  -16.693  -50.235  -13.845 0.0000000000
18311  -17.425  -49.988  -13.744 0.0000000000
18336  -17.150  -50.064  -14.645 0.0000000000
18994  -17.041  -49.152  -11.782 0.0000000000
18995  -17.959  -49.128  -11.936 0.0000000000
19012  -16.566  -49.649  -12.461 0.0000000000
19013  -17.565  -49.672  -12.567 0.0000000000
19014  -18.558  -49.256  -12.640 0.0000000000
19015  -19.142  -48.956  -12.944 0.0000000000
19038  -18.031  -49.670  -13.360 0.0000000000
19039  -18.772  -49.020  -13.668 0.0000000000
19040  -19.275  -48.740  -13.271 0.0000000000
19064  -17.945  -49.445  -14.445 0.0000000000
19065  -18.535  -48.639  -14.674 0.0000000000
19750  -16.268  -48.148  -11.105 0.0000000000
19751  -17.546  -48.353  -11.426 0.0000000000
19752  -18.777  -48.502  -11.892 0.0000000000
19753  -19.431  -48.137  -12.001 0.0000000000
19770  -19.077  -48.835  -12.507 0.0000000000
19771  -19.619  -48.336  -12.742 0.0000000000
19772  -20.146  -47.767  -13.100 0.0000000000
19792  -18.966  -48.448  -14.323 0.0000000000
19793  -19.427  -48.392  -13.803 0.0000000000
19794  -20.005  -47.899  -13.673 0.0000000000
19818  -18.797  -48.156  -14.805 0.0000000000
19819  -19.225  -47.778  -14.711 0.0000000000
19820  -19.714  -47.862  -14.211 0.0000000000
20448  -15.529  -46.787  -8.307 0.0000000000
20469  -14.752  -46.164  -8.419 0.0000000000
20496  -14.851  -45.783  -9.168 0.0000000000
20515  -15.637  -46.817  -10.003 0.0000000000
20516  -16.936  -47.332  -10.636 0.0000000000
20517  -18.107  -47.466  -11.219 0.0000000000
20518  -19.188  -47.520  -11.682 0.0000000000
20519  -19.837  -47.232  -11.905 0.0000000000
20529  -19.759  -47.786  -12.106 0.0000000000
20530  -20.262  -47.347  -12.557 0.0000000000
20531  -20.867  -46.841  -13.001 0.0000000000
20553  -20.586  -47.307  -13.537 0.0000000000
20554  -21.133  -46.586  -13.650 0.0000000000
20576  -20.064  -47.104  -14.633 0.0000000000
20577  -20.817  -46.726  -14.240 0.0000000000
21179  -16.010  -46.448  -8.070 0.0000000000
21180  -16.693  -46.255  -8.216 0.0000000000
21194  -15.479  -45.482  -8.423 0.0000000000
21216  -15.695  -46.111  -9.359 0.0000000000
21217  -16.315  -45.959  -9.441 0.0000000000
21233  -16.392  -46.495  -9.976 0.0000000000
21234  -17.358  -46.253  -10.367 0.0000000000
21235  -18.599  -46.541  -11.271 0.0000000000
21236  -19.458  -46.647  -11.668 0.0000000000
21237  -20.059  -46.612  -11.966 0.0000000000
21248  -20.626  -46.404  -12.457 0.0000000000
21249  -21.323  -46.199  -13.032 0.0000000000
21916  -17.149  -45.427  -8.120 0.0000000000
21941  -16.407  -45.234  -9.479 0.0000000000
21954  -17.265  -45.110  -10.422 0.0000000000
21955  -18.093  -45.470  -11.070 0.0000000000
21956  -19.146  -45.686  -11.561 0.0000000000
21957  -19.689  -46.165  -11.756 0.0000000000
21966  -19.475  -45.401  -11.723 0.0000000000
21967  -19.970  -45.677  -11.922 0.0000000000
21968  -20.983  -45.511  -12.447 0.0000000000
22656  -17.273  -44.478  -8.433 0.0000000000
22657  -18.617  -44.198  -9.430 0.0000000000
22693  -16.257  -43.488  -10.168 0.0000000000
22694  -16.500  -44.084  -10.072 0.0000000000
22695  -17.517  -44.451  -11.138 0.0000000000
22696  -18.366  -44.723  -11.580 0.0000000000
22704  -19.258  -44.859  -11.770 0.0000000000
22705  -20.239  -44.678  -12.040 0.0000000000
23390  -16.291  -43.917  -7.779 0.0000000000
23391  -16.948  -43.464  -8.420 0.0000000000
23392  -18.008  -43.277  -9.197 0.0000000000
23393  -19.140  -43.249  -9.772 0.0000000000
23414  -15.367  -43.286  -9.478 0.0000000000
23415  -15.936  -43.096  -10.008 0.0000000000
23428  -16.472  -43.188  -10.642 0.0000000000
23429  -16.995  -43.511  -11.327 0.0000000000
23430  -17.682  -43.801  -11.861 0.0000000000
23431  -18.468  -44.144  -11.908 0.0000000000
23436  -18.112  -43.556  -12.143 0.0000000000
23437  -19.123  -43.771  -12.043 0.0000000000
23438  -20.538  -43.611  -12.117 0.0000000000
24131  -15.555  -43.459  -7.662 0.0000000000
24136  -16.188  -43.029  -8.050 0.0000000000
24137  -17.184  -42.550  -8.821 0.0000000000
24138  -18.152  -42.364  -9.497 0.0000000000
24139  -18.822  -42.505  -9.731 0.0000000000
24147  -14.801  -43.133  -9.155 0.0000000000
24148  -17.751  -42.025  -9.390 0.0000000000
24149  -18.170  -42.007  -9.587 0.0000000000
24150  -19.688  -42.378  -9.906 0.0000000000
24163  -15.340  -42.640  -9.556 0.0000000000
24164  -16.010  -42.499  -10.454 0.0000000000
24178  -16.436  -42.647  -11.520 0.0000000000
24179  -16.975  -43.049  -12.080 0.0000000000
24180  -17.528  -43.146  -12.209 0.0000000000
24185  -16.489  -42.382  -12.247 0.0000000000
24186  -17.045  -42.496  -12.482 0.0000000000
24187  -18.080  -42.765  -12.377 0.0000000000
24188  -19.446  -42.645  -12.118 0.0000000000
24920  -14.970  -43.973  -8.361 0.0000000000
24921  -14.880  -43.530  -7.616 0.0000000000
24926  -14.486  -43.144  -8.069 0.0000000000
24927  -15.265  -42.628  -7.860 0.0000000000
24928  -16.216  -42.215  -8.344 0.0000000000
24929  -18.405  -42.015  -9.662 0.0000000000
24930  -18.633  -42.035  -9.721 0.0000000000
24937  -14.509  -43.431  -8.681 0.0000000000
24938  -14.811  -42.238  -8.844 0.0000000000
24939  -15.719  -41.535  -8.507 0.0000000000
24940  -16.986  -41.579  -9.147 0.0000000000
24941  -18.241  -41.600  -9.729 0.0000000000
24942  -19.247  -41.618  -9.890 0.0000000000
24943  -20.283  -41.475  -9.976 0.0000000000
24953  -15.335  -41.701  -9.980 0.0000000000
24954  -16.068  -41.886  -10.999 0.0000000000
24967  -15.646  -41.059  -11.059 0.0000000000
24968  -15.922  -41.857  -11.932 0.0000000000
24976  -15.646  -40.778  -12.117 0.0000000000
24977  -16.316  -41.503  -12.622 0.0000000000
24978  -17.288  -41.642  -12.709 0.0000000000
24979  -18.474  -41.641  -12.411 0.0000000000
25712  -14.981  -41.300  -9.404 0.0000000000
25713  -15.297  -40.912  -9.112 0.0000000000
25714  -16.453  -40.556  -9.498 0.0000000000
25715  -17.746  -40.720  -9.925 0.0000000000
25716  -18.920  -40.690  -10.061 0.0000000000
25717  -19.954  -40.593  -9.961 0.0000000000
25718  -20.933  -40.508  -9.998 0.0000000000
25726  -15.166  -40.333  -10.043 0.0000000000
25727  -15.784  -39.986  -9.618 0.0000000000
25728  -16.353  -39.972  -9.813 0.0000000000
25740  -15.087  -39.898  -11.259 0.0000000000
25750  -15.208  -39.615  -12.382 0.0000000000
25751  -15.713  -40.344  -13.016 0.0000000000
26540  -16.722  -39.951  -9.983 0.0000000000
26541  -17.423  -39.860  -10.219 0.0000000000
26542  -18.536  -39.835  -10.265 0.0000000000
26543  -19.587  -39.702  -10.067 0.0000000000
26544  -20.591  -39.618  -9.964 0.0000000000
26545  -21.566  -39.531  -10.101 0.0000000000
26552  -14.614  -38.695  -10.650 0.0000000000
26553  -15.512  -39.127  -10.187 0.0000000000
26554  -16.674  -39.371  -10.280 0.0000000000
26555  -17.571  -39.184  -10.418 0.0000000000
26564  -13.946  -38.013  -10.988 0.0000000000
26565  -14.530  -38.729  -11.564 0.0000000000
27334  -18.153  -39.190  -10.382 0.0000000000
27335  -19.080  -38.795  -10.211 0.0000000000
27336  -20.200  -38.781  -10.047 0.0000000000
27346  -13.951  -37.737  -10.720 0.0000000000
27347  -14.334  -37.753  -10.610 0.0000000000
27348  -15.162  -38.036  -10.567 0.0000000000
27349  -16.404  -38.213  -10.523 0.0000000000
27350  -17.894  -38.324  -10.369 0.0000000000
27351  -19.033  -37.904  -10.282 0.0000000000
28134  -18.630  -37.231  -10.485 0.0000000000
104264  -15.711  -45.146  -9.108 0.0000000000
104265  -16.398  -45.583  -7.842 0.0000000000
104266  -16.002  -45.053  -9.283 0.0000000000
104267  -16.959  -44.942  -7.881 0.0000000000
104268  -15.213  -43.987  -9.123 0.0000000000
104269  -15.866  -44.738  -9.279 0.0000000000
104270  -15.926  -43.874  -9.611 0.0000000000
104271  -15.911  -43.613  -9.728 0.0000000000
104272  -16.408  -44.891  -7.727 0.0000000000
104273  -15.059  -45.171  -8.682 0.0000000000
104274  -15.018  -44.744  -8.676 0.0000000000
104275  -15.455  -44.247  -7.688 0.0000000000
104276  -14.654  -43.854  -8.705 0.0000000000
104277  -15.319  -44.902  -8.850 0.0000000000
