#!ascii label  , from subject FREESURFER vox2ras=TkReg 
185
12349  -23.376  -61.116  -14.819 0.0000000000
12367  -21.085  -61.046  -16.096 0.0000000000
12368  -21.903  -61.252  -15.812 0.0000000000
12369  -22.867  -61.521  -15.520 0.0000000000
12855  -23.003  -59.820  -13.992 0.0000000000
12869  -21.716  -59.922  -14.876 0.0000000000
12870  -22.360  -60.225  -14.705 0.0000000000
12871  -23.653  -60.558  -14.253 0.0000000000
12882  -18.356  -59.773  -16.252 0.0000000000
12883  -18.862  -59.996  -16.031 0.0000000000
12884  -20.056  -60.489  -15.925 0.0000000000
12885  -21.390  -60.249  -15.305 0.0000000000
12886  -22.132  -60.812  -15.331 0.0000000000
13367  -21.660  -58.978  -14.213 0.0000000000
13368  -22.178  -59.213  -14.075 0.0000000000
13383  -19.604  -58.772  -14.950 0.0000000000
13384  -20.171  -58.932  -14.787 0.0000000000
13385  -21.359  -59.327  -14.574 0.0000000000
13386  -21.976  -59.583  -14.466 0.0000000000
13393  -17.790  -58.750  -16.389 0.0000000000
13394  -18.277  -59.197  -15.988 0.0000000000
13395  -19.419  -59.293  -15.323 0.0000000000
13396  -20.588  -59.684  -15.137 0.0000000000
13397  -21.121  -59.754  -15.004 0.0000000000
13406  -18.067  -59.639  -16.391 0.0000000000
13877  -20.877  -58.042  -13.960 0.0000000000
13878  -21.408  -58.401  -13.944 0.0000000000
13891  -18.922  -57.762  -14.877 0.0000000000
13892  -19.504  -58.180  -14.686 0.0000000000
13893  -20.586  -58.222  -14.225 0.0000000000
13894  -21.127  -58.652  -14.256 0.0000000000
13900  -17.933  -58.239  -16.044 0.0000000000
13901  -18.692  -58.281  -15.273 0.0000000000
13902  -19.307  -58.643  -15.046 0.0000000000
13907  -17.599  -58.219  -16.856 0.0000000000
14416  -20.185  -57.042  -13.863 0.0000000000
14417  -20.662  -57.448  -13.782 0.0000000000
14427  -19.094  -57.361  -14.611 0.0000000000
14428  -19.849  -57.245  -14.134 0.0000000000
14429  -20.356  -57.652  -14.033 0.0000000000
14435  -18.107  -57.497  -15.737 0.0000000000
14436  -18.506  -57.157  -15.106 0.0000000000
14444  -17.772  -57.373  -16.550 0.0000000000
14454  -17.649  -57.391  -17.603 0.0000000000
14946  -20.122  -56.395  -13.761 0.0000000000
14947  -21.036  -56.467  -13.360 0.0000000000
14954  -18.891  -56.369  -14.530 0.0000000000
14955  -19.521  -56.377  -14.081 0.0000000000
14960  -17.930  -56.387  -15.958 0.0000000000
14961  -18.349  -56.338  -15.157 0.0000000000
14969  -17.685  -56.489  -17.250 0.0000000000
15468  -20.030  -55.503  -13.729 0.0000000000
15476  -18.782  -55.491  -14.554 0.0000000000
15477  -19.402  -55.461  -14.086 0.0000000000
15485  -17.789  -55.286  -16.044 0.0000000000
15486  -18.259  -55.423  -15.171 0.0000000000
15495  -17.640  -55.492  -16.948 0.0000000000
15504  -17.554  -55.648  -18.157 0.0000000000
16029  -20.141  -54.618  -13.753 0.0000000000
16039  -18.788  -54.706  -14.619 0.0000000000
16040  -19.464  -54.220  -14.254 0.0000000000
16047  -17.896  -54.593  -15.747 0.0000000000
16048  -18.306  -54.200  -15.230 0.0000000000
16056  -17.602  -54.516  -16.561 0.0000000000
16068  -17.440  -54.572  -17.694 0.0000000000
16586  -20.022  -53.753  -14.031 0.0000000000
16596  -18.896  -53.476  -14.813 0.0000000000
16597  -19.715  -53.295  -14.348 0.0000000000
16604  -17.880  -53.550  -15.953 0.0000000000
16605  -18.369  -53.476  -15.337 0.0000000000
16612  -17.432  -53.582  -17.135 0.0000000000
16619  -17.307  -53.545  -18.337 0.0000000000
16629  -17.235  -53.309  -19.258 0.0000000000
17121  -18.953  -52.689  -14.987 0.0000000000
17122  -19.462  -52.581  -14.687 0.0000000000
17137  -18.019  -52.748  -16.029 0.0000000000
17138  -18.459  -52.677  -15.474 0.0000000000
17146  -17.771  -52.710  -16.682 0.0000000000
17153  -17.539  -52.632  -17.785 0.0000000000
17163  -17.575  -52.559  -18.926 0.0000000000
17172  -17.322  -52.345  -19.628 0.0000000000
17697  -19.080  -52.005  -15.114 0.0000000000
17698  -19.907  -51.538  -14.835 0.0000000000
17717  -18.144  -52.082  -16.230 0.0000000000
17718  -18.697  -51.464  -15.823 0.0000000000
17719  -19.344  -51.202  -15.397 0.0000000000
17725  -17.980  -51.733  -17.247 0.0000000000
17726  -18.381  -51.325  -16.583 0.0000000000
17735  -17.862  -51.785  -18.381 0.0000000000
17744  -17.990  -51.536  -19.451 0.0000000000
17745  -18.261  -50.853  -19.956 0.0000000000
17752  -16.232  -51.571  -19.544 0.0000000000
17753  -17.091  -51.485  -19.820 0.0000000000
17754  -17.816  -51.068  -19.993 0.0000000000
17755  -18.173  -50.424  -20.126 0.0000000000
18337  -19.878  -50.744  -15.377 0.0000000000
18364  -18.696  -50.888  -16.447 0.0000000000
18365  -19.358  -50.371  -16.203 0.0000000000
18366  -20.313  -50.086  -15.688 0.0000000000
18375  -18.076  -51.232  -17.930 0.0000000000
18376  -18.573  -50.525  -17.461 0.0000000000
18377  -19.214  -49.937  -17.012 0.0000000000
18387  -16.140  -49.920  -18.567 0.0000000000
18388  -18.233  -51.024  -18.695 0.0000000000
18389  -18.670  -50.246  -19.025 0.0000000000
18396  -15.834  -50.678  -19.063 0.0000000000
18397  -16.629  -50.086  -19.394 0.0000000000
18398  -18.379  -50.809  -19.535 0.0000000000
18399  -18.496  -50.108  -19.934 0.0000000000
18405  -16.635  -50.850  -19.617 0.0000000000
18406  -17.341  -50.413  -19.861 0.0000000000
18407  -17.883  -50.091  -20.164 0.0000000000
18408  -18.190  -49.772  -20.210 0.0000000000
19090  -16.683  -49.616  -16.931 0.0000000000
19091  -17.343  -49.312  -15.817 0.0000000000
19092  -18.075  -48.744  -15.253 0.0000000000
19093  -20.153  -49.589  -16.259 0.0000000000
19103  -16.601  -49.335  -18.043 0.0000000000
19104  -17.224  -48.703  -17.374 0.0000000000
19105  -19.248  -49.650  -17.568 0.0000000000
19106  -19.818  -49.282  -17.036 0.0000000000
19107  -20.451  -48.993  -16.579 0.0000000000
19115  -16.744  -49.256  -19.124 0.0000000000
19116  -17.119  -48.438  -18.671 0.0000000000
19117  -19.096  -49.566  -18.466 0.0000000000
19118  -19.626  -48.993  -18.041 0.0000000000
19124  -17.228  -49.474  -19.833 0.0000000000
19125  -17.282  -48.485  -19.739 0.0000000000
19126  -19.048  -49.224  -19.701 0.0000000000
19127  -19.423  -48.736  -18.965 0.0000000000
19131  -17.620  -49.739  -20.078 0.0000000000
19132  -17.848  -49.015  -20.329 0.0000000000
19133  -18.533  -49.098  -20.267 0.0000000000
19839  -17.920  -48.352  -15.803 0.0000000000
19840  -18.449  -47.611  -15.521 0.0000000000
19841  -19.012  -47.283  -15.291 0.0000000000
19842  -20.765  -48.637  -16.421 0.0000000000
19854  -17.801  -47.599  -16.683 0.0000000000
19855  -18.141  -46.847  -16.368 0.0000000000
19856  -19.941  -48.573  -17.663 0.0000000000
19857  -20.425  -48.052  -17.105 0.0000000000
19858  -20.917  -47.561  -16.552 0.0000000000
19863  -17.548  -47.483  -18.062 0.0000000000
19864  -19.727  -47.907  -18.400 0.0000000000
19865  -20.004  -47.430  -17.787 0.0000000000
19872  -17.520  -47.391  -19.297 0.0000000000
19873  -18.949  -48.545  -20.309 0.0000000000
19874  -19.227  -47.901  -19.876 0.0000000000
19881  -17.852  -47.664  -20.234 0.0000000000
19882  -18.572  -47.923  -20.435 0.0000000000
19883  -18.996  -47.380  -20.433 0.0000000000
20575  -19.388  -47.079  -15.178 0.0000000000
20594  -18.463  -46.328  -16.307 0.0000000000
20595  -19.004  -46.557  -15.701 0.0000000000
20596  -19.598  -46.471  -15.416 0.0000000000
20610  -17.785  -46.577  -17.654 0.0000000000
20611  -18.013  -46.160  -17.056 0.0000000000
20612  -20.687  -46.864  -16.849 0.0000000000
20617  -17.780  -46.287  -18.592 0.0000000000
20618  -17.905  -45.882  -17.939 0.0000000000
20619  -19.704  -46.821  -18.163 0.0000000000
20620  -20.188  -46.845  -17.495 0.0000000000
20625  -18.211  -46.530  -19.711 0.0000000000
20626  -18.934  -46.321  -19.832 0.0000000000
20627  -19.346  -46.740  -19.254 0.0000000000
20635  -18.330  -47.192  -20.378 0.0000000000
20636  -18.732  -46.960  -20.382 0.0000000000
20637  -19.190  -46.958  -20.194 0.0000000000
21284  -20.608  -46.089  -14.871 0.0000000000
21300  -18.885  -45.741  -16.300 0.0000000000
21301  -19.480  -45.647  -15.929 0.0000000000
21302  -20.067  -45.985  -15.461 0.0000000000
21317  -18.460  -45.529  -16.827 0.0000000000
21318  -19.322  -45.220  -16.887 0.0000000000
21319  -20.152  -45.802  -17.091 0.0000000000
21327  -17.875  -45.597  -18.355 0.0000000000
21328  -18.338  -45.415  -17.934 0.0000000000
21329  -19.294  -45.879  -18.237 0.0000000000
21330  -19.813  -46.251  -17.752 0.0000000000
21338  -17.953  -45.505  -18.921 0.0000000000
21339  -18.670  -45.686  -19.119 0.0000000000
21340  -19.103  -46.007  -19.231 0.0000000000
22023  -19.949  -45.369  -15.790 0.0000000000
22041  -19.859  -45.083  -16.105 0.0000000000
22042  -20.309  -45.085  -16.460 0.0000000000
