#!ascii label  , from subject FREESURFER vox2ras=TkReg 
156
85932  -19.005  34.795  -29.027 0.0000000000
86441  -18.580  36.018  -28.117 0.0000000000
86442  -18.888  36.025  -28.096 0.0000000000
86451  -17.045  36.071  -29.219 0.0000000000
86452  -17.359  35.896  -29.078 0.0000000000
86453  -18.311  35.682  -28.573 0.0000000000
86454  -19.374  35.644  -28.450 0.0000000000
86455  -20.171  35.628  -28.729 0.0000000000
86456  -20.693  35.894  -29.010 0.0000000000
86465  -18.318  34.807  -29.520 0.0000000000
86950  -17.162  36.808  -27.969 0.0000000000
86951  -17.817  36.675  -27.739 0.0000000000
86952  -18.564  36.459  -27.886 0.0000000000
86953  -19.456  36.704  -28.235 0.0000000000
86954  -19.972  37.210  -28.352 0.0000000000
86962  -16.288  36.823  -29.490 0.0000000000
86963  -16.831  36.490  -28.924 0.0000000000
86964  -17.590  36.287  -28.358 0.0000000000
86965  -18.058  36.221  -28.063 0.0000000000
86966  -19.845  36.163  -28.462 0.0000000000
86967  -20.310  36.687  -28.657 0.0000000000
86968  -21.097  36.521  -29.191 0.0000000000
87454  -16.367  37.980  -27.055 0.0000000000
87455  -16.887  37.945  -26.826 0.0000000000
87456  -17.838  37.946  -26.684 0.0000000000
87457  -18.741  37.923  -26.825 0.0000000000
87458  -19.477  37.961  -27.049 0.0000000000
87466  -15.760  38.018  -28.264 0.0000000000
87467  -16.373  37.513  -27.826 0.0000000000
87468  -17.366  37.313  -27.317 0.0000000000
87469  -18.241  37.269  -27.302 0.0000000000
87470  -19.078  37.340  -27.512 0.0000000000
87471  -19.958  37.696  -27.773 0.0000000000
87472  -20.593  37.971  -28.089 0.0000000000
87482  -15.864  37.596  -29.186 0.0000000000
87483  -16.323  37.092  -28.814 0.0000000000
87484  -20.360  37.477  -28.348 0.0000000000
87485  -21.028  37.646  -28.677 0.0000000000
87486  -21.617  37.976  -29.175 0.0000000000
87495  -15.482  38.421  -30.820 0.0000000000
87496  -15.608  37.866  -30.458 0.0000000000
87497  -21.501  37.232  -29.379 0.0000000000
87498  -22.040  37.648  -29.855 0.0000000000
87961  -17.698  39.226  -25.978 0.0000000000
87962  -17.990  39.189  -25.961 0.0000000000
87974  -16.021  38.908  -27.043 0.0000000000
87975  -16.346  38.642  -26.771 0.0000000000
87976  -17.397  38.860  -26.162 0.0000000000
87977  -18.429  38.714  -26.265 0.0000000000
87978  -19.248  38.615  -26.594 0.0000000000
87979  -20.086  38.595  -27.003 0.0000000000
87980  -20.737  38.895  -27.345 0.0000000000
87989  -15.840  38.563  -27.530 0.0000000000
87990  -16.127  38.113  -27.209 0.0000000000
87991  -20.515  38.345  -27.625 0.0000000000
87992  -21.048  38.656  -28.025 0.0000000000
88002  -15.353  39.006  -29.304 0.0000000000
88003  -15.463  38.700  -28.805 0.0000000000
88004  -21.547  38.612  -28.717 0.0000000000
88005  -21.984  38.660  -29.340 0.0000000000
88015  -15.353  38.770  -29.966 0.0000000000
88016  -15.527  38.216  -29.592 0.0000000000
88017  -22.460  38.863  -30.299 0.0000000000
88028  -15.323  38.901  -31.158 0.0000000000
88487  -17.116  39.970  -25.994 0.0000000000
88488  -17.730  39.652  -25.886 0.0000000000
88489  -18.715  39.659  -26.003 0.0000000000
88490  -19.342  40.020  -26.037 0.0000000000
88502  -15.960  39.547  -26.949 0.0000000000
88503  -16.722  39.477  -26.261 0.0000000000
88504  -17.229  39.472  -26.027 0.0000000000
88505  -18.998  39.130  -26.321 0.0000000000
88506  -19.650  39.523  -26.383 0.0000000000
88507  -20.585  39.537  -26.866 0.0000000000
88508  -21.200  39.501  -27.459 0.0000000000
88519  -15.484  39.403  -27.935 0.0000000000
88520  -21.821  39.485  -28.222 0.0000000000
88521  -22.393  39.856  -28.326 0.0000000000
88531  -15.223  39.524  -29.162 0.0000000000
88532  -15.372  39.374  -28.550 0.0000000000
88533  -21.938  39.108  -28.859 0.0000000000
88534  -22.531  39.591  -29.168 0.0000000000
88544  -15.021  39.611  -30.359 0.0000000000
88545  -22.615  39.451  -29.908 0.0000000000
89056  -17.063  40.315  -26.033 0.0000000000
89057  -17.445  40.472  -25.932 0.0000000000
89058  -18.320  40.539  -25.799 0.0000000000
89059  -19.260  40.660  -25.817 0.0000000000
89060  -20.023  40.908  -25.922 0.0000000000
89075  -15.917  40.545  -26.873 0.0000000000
89076  -16.653  40.536  -26.276 0.0000000000
89077  -17.343  41.155  -26.088 0.0000000000
89078  -19.736  40.304  -26.089 0.0000000000
89079  -20.413  40.459  -26.398 0.0000000000
89080  -21.129  40.440  -27.041 0.0000000000
89081  -21.761  40.796  -27.368 0.0000000000
89095  -15.279  40.599  -28.123 0.0000000000
89096  -15.444  40.486  -27.698 0.0000000000
89097  -21.685  40.101  -27.509 0.0000000000
89098  -22.343  40.397  -27.802 0.0000000000
89099  -22.975  40.636  -28.080 0.0000000000
89112  -15.199  40.441  -28.532 0.0000000000
89113  -15.303  39.845  -28.353 0.0000000000
89114  -22.752  40.147  -28.373 0.0000000000
89126  -14.980  40.468  -29.546 0.0000000000
89678  -17.985  41.226  -25.925 0.0000000000
89679  -18.817  41.662  -25.841 0.0000000000
89680  -19.803  41.669  -25.849 0.0000000000
89681  -20.693  41.609  -26.247 0.0000000000
89682  -21.265  42.088  -26.468 0.0000000000
89695  -15.962  41.639  -26.949 0.0000000000
89696  -16.946  41.772  -26.370 0.0000000000
89697  -17.765  41.820  -26.179 0.0000000000
89698  -18.264  41.772  -26.033 0.0000000000
89699  -20.898  41.035  -26.675 0.0000000000
89700  -21.505  41.579  -26.918 0.0000000000
89701  -22.305  41.365  -27.449 0.0000000000
89717  -15.238  40.869  -28.181 0.0000000000
89718  -15.470  41.512  -27.944 0.0000000000
89719  -22.805  41.075  -27.748 0.0000000000
89733  -15.132  41.287  -28.781 0.0000000000
89734  -15.457  42.070  -28.484 0.0000000000
89748  -14.912  41.452  -29.854 0.0000000000
90355  -18.951  42.356  -26.003 0.0000000000
90356  -19.507  42.653  -26.010 0.0000000000
90357  -20.456  42.617  -25.961 0.0000000000
90358  -21.192  42.569  -26.161 0.0000000000
90371  -16.152  42.511  -27.174 0.0000000000
90372  -16.674  42.777  -26.871 0.0000000000
90373  -17.589  42.626  -26.491 0.0000000000
90374  -18.477  42.455  -26.202 0.0000000000
90375  -19.016  42.663  -26.150 0.0000000000
90376  -21.746  42.556  -26.544 0.0000000000
90391  -15.891  42.677  -27.831 0.0000000000
90392  -16.298  42.898  -27.340 0.0000000000
90406  -15.188  42.158  -29.177 0.0000000000
90407  -15.529  42.753  -28.764 0.0000000000
90423  -15.231  42.731  -29.284 0.0000000000
91004  -19.577  43.482  -26.071 0.0000000000
91005  -20.206  43.697  -25.817 0.0000000000
91006  -21.360  43.538  -25.792 0.0000000000
91007  -22.052  43.954  -25.804 0.0000000000
91019  -17.023  43.403  -27.162 0.0000000000
91020  -17.470  43.343  -26.902 0.0000000000
91021  -18.330  43.526  -26.717 0.0000000000
91022  -19.097  43.265  -26.347 0.0000000000
91023  -21.661  43.028  -26.166 0.0000000000
91035  -16.166  43.391  -28.057 0.0000000000
91036  -16.635  43.544  -27.722 0.0000000000
91037  -17.457  43.751  -27.422 0.0000000000
91038  -17.896  43.741  -27.139 0.0000000000
91615  -19.070  44.776  -26.220 0.0000000000
91616  -19.419  44.357  -26.092 0.0000000000
91631  -18.820  44.531  -26.585 0.0000000000
91632  -18.997  43.911  -26.558 0.0000000000
91646  -18.164  44.424  -27.371 0.0000000000
