#!ascii label  , from subject FREESURFER vox2ras=TkReg 
237
54  -4.692  -85.969  -4.164 0.0000000000
55  -4.848  -85.825  -4.043 0.0000000000
64  -3.961  -85.892  -4.686 0.0000000000
65  -4.444  -86.053  -4.538 0.0000000000
66  -5.185  -86.168  -4.359 0.0000000000
79  -3.849  -85.751  -4.936 0.0000000000
80  -4.174  -85.999  -5.360 0.0000000000
81  -5.074  -86.565  -5.236 0.0000000000
89  -4.882  -86.277  -6.216 0.0000000000
95  -4.850  -85.926  -6.857 0.0000000000
96  -5.389  -86.318  -7.289 0.0000000000
103  -6.045  -86.536  -8.363 0.0000000000
115  -6.109  -86.386  -9.210 0.0000000000
116  -6.764  -86.544  -9.175 0.0000000000
117  -7.880  -86.368  -9.618 0.0000000000
126  -6.138  -86.369  -9.986 0.0000000000
127  -7.052  -86.288  -10.566 0.0000000000
128  -8.040  -86.180  -10.749 0.0000000000
129  -8.485  -85.945  -11.110 0.0000000000
130  -12.713  -86.463  -10.820 0.0000000000
137  -6.862  -86.219  -11.793 0.0000000000
138  -7.729  -86.247  -11.648 0.0000000000
139  -8.355  -86.122  -11.512 0.0000000000
140  -10.851  -86.250  -11.920 0.0000000000
141  -11.567  -86.390  -11.764 0.0000000000
142  -12.396  -86.712  -11.673 0.0000000000
143  -13.298  -87.074  -11.790 0.0000000000
150  -6.734  -86.114  -12.678 0.0000000000
151  -7.588  -86.242  -12.742 0.0000000000
152  -8.651  -86.223  -12.401 0.0000000000
153  -9.457  -86.266  -12.556 0.0000000000
154  -10.265  -86.371  -12.555 0.0000000000
155  -11.392  -86.636  -12.486 0.0000000000
156  -12.431  -86.784  -12.748 0.0000000000
157  -13.577  -86.821  -12.565 0.0000000000
163  -7.746  -86.132  -13.567 0.0000000000
164  -8.466  -86.261  -13.405 0.0000000000
165  -9.540  -86.396  -13.249 0.0000000000
166  -10.693  -86.536  -13.248 0.0000000000
167  -11.544  -86.676  -13.142 0.0000000000
168  -11.890  -86.551  -13.292 0.0000000000
196  -3.984  -85.362  -4.124 0.0000000000
197  -4.412  -85.562  -4.033 0.0000000000
198  -4.995  -85.609  -3.931 0.0000000000
209  -3.844  -85.464  -4.539 0.0000000000
210  -4.049  -85.737  -4.316 0.0000000000
224  -3.829  -85.347  -5.313 0.0000000000
225  -4.028  -85.617  -5.717 0.0000000000
237  -4.001  -85.376  -5.921 0.0000000000
238  -4.380  -85.567  -6.349 0.0000000000
247  -4.866  -85.474  -7.569 0.0000000000
248  -5.203  -85.910  -7.667 0.0000000000
254  -4.989  -85.587  -8.686 0.0000000000
255  -5.394  -85.924  -8.138 0.0000000000
267  -4.745  -85.549  -9.661 0.0000000000
268  -5.528  -86.098  -9.259 0.0000000000
282  -4.548  -85.331  -10.790 0.0000000000
283  -5.398  -85.991  -10.646 0.0000000000
284  -6.258  -86.200  -11.000 0.0000000000
285  -8.240  -86.037  -10.192 0.0000000000
286  -8.698  -85.685  -10.548 0.0000000000
296  -4.332  -85.155  -11.787 0.0000000000
297  -5.037  -85.492  -11.763 0.0000000000
298  -5.977  -85.886  -12.026 0.0000000000
299  -8.991  -85.825  -11.563 0.0000000000
300  -9.779  -85.500  -11.528 0.0000000000
301  -10.564  -85.443  -11.426 0.0000000000
302  -11.282  -85.794  -11.432 0.0000000000
303  -11.942  -86.039  -11.094 0.0000000000
311  -4.664  -85.260  -12.373 0.0000000000
312  -5.207  -85.426  -13.058 0.0000000000
313  -6.270  -85.823  -13.248 0.0000000000
314  -7.073  -86.073  -13.422 0.0000000000
315  -9.171  -86.123  -12.184 0.0000000000
316  -9.633  -86.051  -12.080 0.0000000000
317  -10.201  -85.980  -11.913 0.0000000000
318  -13.103  -86.385  -13.129 0.0000000000
319  -13.939  -85.913  -13.011 0.0000000000
320  -14.864  -85.843  -12.461 0.0000000000
324  -5.896  -85.469  -14.015 0.0000000000
325  -6.776  -85.728  -13.992 0.0000000000
326  -7.462  -85.939  -13.951 0.0000000000
327  -8.171  -86.054  -14.067 0.0000000000
328  -9.087  -86.228  -14.038 0.0000000000
329  -10.076  -86.223  -14.082 0.0000000000
330  -11.279  -86.169  -13.680 0.0000000000
331  -12.337  -86.083  -13.433 0.0000000000
332  -13.121  -85.609  -13.348 0.0000000000
335  -5.698  -84.987  -14.558 0.0000000000
336  -6.501  -85.141  -14.441 0.0000000000
337  -7.581  -85.427  -14.350 0.0000000000
338  -8.703  -85.643  -14.393 0.0000000000
339  -9.509  -85.960  -14.382 0.0000000000
340  -9.825  -86.070  -14.321 0.0000000000
428  -3.810  -85.072  -4.149 0.0000000000
429  -3.996  -84.894  -3.784 0.0000000000
430  -4.492  -84.881  -3.688 0.0000000000
439  -3.667  -84.877  -4.540 0.0000000000
440  -3.784  -84.678  -4.016 0.0000000000
454  -3.684  -84.408  -5.348 0.0000000000
470  -3.948  -84.841  -6.437 0.0000000000
471  -4.331  -85.147  -6.985 0.0000000000
487  -3.853  -84.032  -7.605 0.0000000000
488  -4.175  -84.822  -7.671 0.0000000000
501  -3.800  -84.379  -8.722 0.0000000000
502  -4.356  -85.127  -8.708 0.0000000000
514  -3.315  -83.945  -9.751 0.0000000000
515  -3.879  -84.912  -9.889 0.0000000000
531  -3.491  -84.349  -10.653 0.0000000000
532  -3.886  -84.879  -11.111 0.0000000000
548  -3.383  -84.394  -11.800 0.0000000000
549  -3.875  -84.900  -11.884 0.0000000000
550  -9.401  -85.261  -10.855 0.0000000000
551  -10.080  -84.966  -10.920 0.0000000000
552  -10.664  -84.847  -10.847 0.0000000000
553  -11.167  -85.112  -10.993 0.0000000000
554  -11.560  -85.466  -11.040 0.0000000000
555  -15.278  -84.330  -12.230 0.0000000000
565  -3.204  -84.061  -13.098 0.0000000000
566  -4.114  -84.883  -12.901 0.0000000000
567  -4.686  -85.114  -13.647 0.0000000000
568  -13.489  -84.874  -13.218 0.0000000000
569  -14.407  -84.524  -12.670 0.0000000000
573  -3.651  -84.270  -14.099 0.0000000000
574  -4.414  -84.743  -14.205 0.0000000000
575  -5.109  -85.164  -14.203 0.0000000000
576  -8.803  -83.770  -14.285 0.0000000000
577  -9.460  -84.229  -14.342 0.0000000000
578  -10.480  -85.054  -14.157 0.0000000000
579  -11.758  -85.095  -13.652 0.0000000000
580  -12.630  -85.088  -13.466 0.0000000000
581  -13.075  -85.013  -13.386 0.0000000000
585  -3.460  -83.932  -14.739 0.0000000000
586  -4.034  -84.228  -14.941 0.0000000000
587  -5.027  -84.538  -14.932 0.0000000000
588  -6.044  -84.485  -14.737 0.0000000000
589  -7.095  -84.574  -14.593 0.0000000000
590  -8.368  -84.572  -14.509 0.0000000000
591  -9.421  -85.249  -14.455 0.0000000000
592  -9.883  -85.786  -14.368 0.0000000000
765  -4.058  -83.656  -2.658 0.0000000000
766  -4.255  -83.486  -2.444 0.0000000000
775  -3.795  -83.901  -3.466 0.0000000000
776  -4.042  -84.119  -3.334 0.0000000000
784  -3.707  -84.022  -4.246 0.0000000000
785  -3.855  -84.368  -3.673 0.0000000000
793  -3.592  -83.424  -5.379 0.0000000000
806  -3.761  -83.741  -6.454 0.0000000000
827  -3.531  -83.129  -7.572 0.0000000000
847  -3.312  -83.475  -8.666 0.0000000000
863  -2.459  -82.550  -10.607 0.0000000000
864  -2.683  -82.924  -9.860 0.0000000000
884  -2.503  -82.945  -11.146 0.0000000000
885  -2.914  -83.710  -10.863 0.0000000000
903  -2.308  -82.678  -12.297 0.0000000000
904  -2.689  -83.525  -12.237 0.0000000000
909  -15.062  -83.439  -12.278 0.0000000000
921  -2.347  -83.099  -13.329 0.0000000000
922  -2.713  -83.589  -13.248 0.0000000000
923  -5.704  -82.897  -13.212 0.0000000000
924  -6.484  -83.129  -13.008 0.0000000000
929  -12.552  -83.420  -13.374 0.0000000000
930  -13.277  -83.664  -13.228 0.0000000000
931  -14.162  -83.078  -12.637 0.0000000000
935  -2.260  -82.681  -14.331 0.0000000000
936  -2.865  -83.574  -14.245 0.0000000000
937  -6.133  -83.207  -14.232 0.0000000000
938  -6.993  -83.318  -13.945 0.0000000000
939  -7.826  -83.243  -13.764 0.0000000000
940  -8.565  -83.208  -13.788 0.0000000000
941  -9.268  -83.342  -13.887 0.0000000000
942  -10.214  -83.425  -13.851 0.0000000000
943  -11.370  -83.846  -13.657 0.0000000000
944  -12.400  -84.125  -13.495 0.0000000000
945  -12.996  -84.527  -13.404 0.0000000000
949  -2.765  -82.860  -15.060 0.0000000000
950  -3.584  -83.393  -15.136 0.0000000000
951  -4.559  -83.707  -15.182 0.0000000000
952  -5.505  -83.716  -14.950 0.0000000000
953  -6.562  -83.861  -14.627 0.0000000000
954  -7.534  -83.840  -14.454 0.0000000000
955  -8.237  -83.669  -14.295 0.0000000000
1134  -4.453  -82.255  -1.774 0.0000000000
1154  -4.112  -82.988  -2.115 0.0000000000
1173  -3.588  -83.436  -3.660 0.0000000000
1174  -3.775  -83.379  -2.985 0.0000000000
1194  -3.496  -82.966  -4.538 0.0000000000
1216  -3.569  -82.802  -5.455 0.0000000000
1236  -3.627  -82.709  -6.513 0.0000000000
1251  -3.446  -82.520  -7.587 0.0000000000
1265  -3.097  -82.527  -8.529 0.0000000000
1281  -2.636  -82.137  -9.456 0.0000000000
1342  -5.016  -82.383  -13.427 0.0000000000
1347  -12.368  -82.647  -13.143 0.0000000000
1348  -13.369  -82.492  -12.754 0.0000000000
1358  -4.510  -82.236  -14.647 0.0000000000
1359  -5.256  -82.851  -14.618 0.0000000000
1360  -10.954  -82.901  -13.498 0.0000000000
1361  -11.628  -82.975  -13.423 0.0000000000
1362  -12.078  -83.376  -13.441 0.0000000000
1367  -4.380  -82.942  -15.167 0.0000000000
1368  -4.923  -83.306  -15.127 0.0000000000
1479  -12.232  -81.025  8.265 0.0000000000
1480  -12.590  -80.964  8.461 0.0000000000
1481  -11.475  -81.051  7.670 0.0000000000
1482  -11.808  -81.163  7.819 0.0000000000
1483  -12.604  -81.262  7.963 0.0000000000
1484  -10.796  -81.008  6.949 0.0000000000
1485  -11.199  -81.122  7.241 0.0000000000
1486  -12.033  -81.492  7.063 0.0000000000
1488  -10.721  -81.076  6.486 0.0000000000
1561  -4.503  -81.907  -1.895 0.0000000000
1574  -4.200  -82.059  -2.209 0.0000000000
1575  -4.491  -81.652  -2.119 0.0000000000
1588  -3.515  -82.819  -3.616 0.0000000000
1589  -3.690  -82.191  -3.055 0.0000000000
1600  -3.513  -82.180  -4.315 0.0000000000
1601  -3.883  -81.555  -4.112 0.0000000000
1615  -3.621  -82.296  -5.567 0.0000000000
1616  -3.941  -81.689  -5.343 0.0000000000
1637  -3.690  -82.179  -6.551 0.0000000000
1638  -3.875  -81.824  -6.517 0.0000000000
1663  -3.464  -81.854  -7.637 0.0000000000
1664  -4.020  -81.405  -7.392 0.0000000000
1930  -11.938  -80.249  8.575 0.0000000000
1936  -11.456  -80.673  7.892 0.0000000000
1937  -11.927  -80.779  8.271 0.0000000000
1943  -11.017  -80.674  7.457 0.0000000000
2047  -4.156  -81.496  -2.640 0.0000000000
2048  -4.778  -81.119  -2.246 0.0000000000
2062  -3.973  -81.401  -3.303 0.0000000000
2063  -4.393  -81.001  -3.130 0.0000000000
2064  -5.118  -80.515  -3.046 0.0000000000
2077  -4.298  -81.178  -3.864 0.0000000000
2078  -4.930  -80.789  -4.023 0.0000000000
2090  -4.643  -81.132  -5.077 0.0000000000
2102  -4.487  -81.208  -6.601 0.0000000000
