#!ascii label  , from subject FREESURFER vox2ras=TkReg 
200
94726  -11.295  50.978  -18.740 0.0000000000
94734  -10.998  51.048  -19.509 0.0000000000
95186  -11.646  51.574  -18.396 0.0000000000
95187  -12.003  52.124  -18.169 0.0000000000
95191  -11.520  51.822  -19.183 0.0000000000
95192  -11.800  52.015  -18.675 0.0000000000
95197  -10.993  51.673  -19.998 0.0000000000
95202  -11.023  52.157  -20.280 0.0000000000
95643  -12.840  53.270  -16.321 0.0000000000
95647  -12.439  52.797  -16.963 0.0000000000
95648  -12.990  53.299  -17.141 0.0000000000
95652  -12.675  52.807  -17.930 0.0000000000
95653  -13.150  53.347  -17.715 0.0000000000
95657  -11.724  52.300  -19.327 0.0000000000
95658  -12.104  52.529  -18.963 0.0000000000
95662  -11.568  52.550  -19.823 0.0000000000
95663  -12.133  52.998  -19.556 0.0000000000
95667  -11.034  52.643  -20.556 0.0000000000
96114  -14.127  54.033  -14.942 0.0000000000
96117  -13.472  53.621  -15.636 0.0000000000
96118  -14.152  54.115  -15.898 0.0000000000
96121  -13.509  53.692  -16.527 0.0000000000
96122  -14.083  54.170  -16.805 0.0000000000
96125  -13.514  53.727  -17.375 0.0000000000
96126  -14.003  54.272  -17.640 0.0000000000
96130  -12.724  53.035  -18.650 0.0000000000
96131  -13.338  53.669  -18.389 0.0000000000
96132  -13.979  54.483  -18.285 0.0000000000
96136  -12.650  53.278  -19.237 0.0000000000
96137  -13.113  54.048  -19.454 0.0000000000
96141  -11.480  53.130  -20.366 0.0000000000
96142  -12.176  53.686  -20.117 0.0000000000
96143  -12.875  54.520  -20.008 0.0000000000
96147  -11.136  53.648  -20.899 0.0000000000
96148  -11.822  54.405  -20.725 0.0000000000
96586  -14.546  54.625  -14.266 0.0000000000
96593  -14.756  54.841  -15.212 0.0000000000
96594  -15.107  55.414  -15.314 0.0000000000
96597  -14.643  54.691  -16.259 0.0000000000
96598  -15.095  55.286  -15.869 0.0000000000
96602  -14.533  54.736  -17.084 0.0000000000
96603  -14.980  55.243  -16.652 0.0000000000
96607  -14.522  54.982  -17.825 0.0000000000
96608  -14.833  55.248  -17.261 0.0000000000
96612  -13.720  54.538  -18.934 0.0000000000
96613  -14.223  55.103  -18.537 0.0000000000
96617  -13.430  54.992  -19.593 0.0000000000
96618  -13.918  55.230  -19.077 0.0000000000
96622  -12.449  54.875  -20.498 0.0000000000
96623  -13.024  55.166  -20.146 0.0000000000
96626  -9.636  54.620  -21.628 0.0000000000
96627  -10.416  54.511  -21.420 0.0000000000
96628  -11.331  54.809  -21.105 0.0000000000
96629  -11.926  55.057  -20.881 0.0000000000
97026  -14.766  55.503  -13.776 0.0000000000
97027  -15.009  55.988  -14.112 0.0000000000
97030  -14.819  55.155  -14.484 0.0000000000
97031  -15.105  55.707  -14.693 0.0000000000
97035  -15.325  55.887  -15.491 0.0000000000
97039  -15.330  55.879  -16.276 0.0000000000
97043  -14.892  55.547  -17.601 0.0000000000
97044  -15.180  55.817  -17.104 0.0000000000
97051  -14.764  55.852  -18.140 0.0000000000
97052  -15.062  55.912  -17.613 0.0000000000
97058  -13.845  55.936  -19.364 0.0000000000
97059  -14.254  55.718  -18.792 0.0000000000
97062  -12.826  55.890  -20.439 0.0000000000
97063  -13.326  55.704  -19.919 0.0000000000
97066  -7.713  55.754  -21.696 0.0000000000
97067  -8.810  55.725  -21.631 0.0000000000
97068  -9.852  55.509  -21.587 0.0000000000
97069  -10.881  55.595  -21.406 0.0000000000
97070  -11.676  55.677  -21.113 0.0000000000
97071  -12.229  55.591  -20.792 0.0000000000
97077  -9.135  54.967  -21.666 0.0000000000
97459  -15.143  56.493  -14.242 0.0000000000
97468  -15.406  56.551  -14.981 0.0000000000
97477  -15.510  56.603  -15.819 0.0000000000
97488  -15.394  56.590  -16.664 0.0000000000
97498  -14.902  56.728  -18.104 0.0000000000
97499  -15.172  56.508  -17.506 0.0000000000
97507  -13.939  56.851  -19.266 0.0000000000
97508  -14.413  56.566  -18.703 0.0000000000
97515  -12.836  56.875  -20.451 0.0000000000
97516  -13.390  56.640  -19.879 0.0000000000
97519  -4.980  57.559  -21.827 0.0000000000
97520  -5.585  57.231  -21.704 0.0000000000
97521  -6.841  56.721  -21.606 0.0000000000
97522  -8.252  56.677  -21.564 0.0000000000
97523  -9.433  56.610  -21.603 0.0000000000
97524  -10.466  56.550  -21.543 0.0000000000
97525  -11.354  56.542  -21.324 0.0000000000
97526  -12.188  56.521  -20.908 0.0000000000
97529  -4.905  57.052  -22.180 0.0000000000
97530  -5.790  56.266  -21.907 0.0000000000
97531  -6.723  55.736  -21.831 0.0000000000
97914  -15.480  57.392  -15.281 0.0000000000
97925  -15.517  57.392  -16.177 0.0000000000
97936  -15.334  57.370  -17.018 0.0000000000
97946  -14.744  57.406  -18.249 0.0000000000
97947  -15.079  57.343  -17.714 0.0000000000
97957  -13.682  57.621  -19.411 0.0000000000
97958  -14.268  57.551  -18.810 0.0000000000
97969  -12.426  57.670  -20.642 0.0000000000
97970  -13.104  57.696  -20.031 0.0000000000
97978  -4.624  57.862  -21.932 0.0000000000
97979  -5.224  58.009  -21.653 0.0000000000
97980  -6.264  57.898  -21.519 0.0000000000
97981  -7.594  57.728  -21.503 0.0000000000
97982  -8.907  57.642  -21.546 0.0000000000
97983  -10.071  57.587  -21.546 0.0000000000
97984  -10.993  57.469  -21.407 0.0000000000
97985  -11.711  57.476  -21.128 0.0000000000
97987  -4.572  57.689  -22.444 0.0000000000
98360  -15.358  58.174  -16.531 0.0000000000
98367  -14.910  58.710  -17.557 0.0000000000
98368  -15.105  58.199  -17.391 0.0000000000
98374  -14.653  58.411  -18.114 0.0000000000
98375  -14.906  57.838  -17.871 0.0000000000
98383  -13.347  58.570  -19.437 0.0000000000
98384  -13.954  58.473  -18.888 0.0000000000
98395  -11.244  58.961  -21.094 0.0000000000
98396  -11.740  58.639  -20.868 0.0000000000
98397  -12.671  58.808  -20.020 0.0000000000
98408  -4.402  58.136  -22.112 0.0000000000
98409  -4.807  58.645  -21.854 0.0000000000
98410  -5.727  58.909  -21.423 0.0000000000
98411  -6.900  58.860  -21.413 0.0000000000
98412  -8.250  58.705  -21.423 0.0000000000
98413  -9.554  58.633  -21.427 0.0000000000
98414  -10.804  58.648  -21.280 0.0000000000
98415  -11.344  58.049  -21.222 0.0000000000
98418  -4.523  58.252  -22.467 0.0000000000
98419  -5.211  59.108  -22.546 0.0000000000
98424  -4.805  58.301  -22.975 0.0000000000
98756  -15.132  58.886  -16.842 0.0000000000
98764  -14.763  59.414  -17.377 0.0000000000
98765  -15.014  58.808  -17.304 0.0000000000
98770  -13.602  60.208  -18.635 0.0000000000
98771  -14.042  59.606  -18.429 0.0000000000
98777  -12.645  60.068  -19.584 0.0000000000
98778  -13.093  59.809  -19.278 0.0000000000
98779  -13.591  59.098  -18.986 0.0000000000
98787  -10.461  59.919  -20.893 0.0000000000
98788  -11.011  59.591  -20.869 0.0000000000
98789  -12.223  59.870  -20.019 0.0000000000
98790  -12.664  59.479  -19.763 0.0000000000
98805  -5.684  60.040  -21.710 0.0000000000
98806  -6.223  60.074  -21.013 0.0000000000
98807  -7.482  59.846  -21.105 0.0000000000
98808  -8.849  59.631  -21.202 0.0000000000
98809  -10.136  59.643  -21.110 0.0000000000
98810  -10.701  59.290  -21.149 0.0000000000
99165  -13.430  60.675  -18.669 0.0000000000
99173  -12.608  60.574  -19.487 0.0000000000
99174  -13.056  61.045  -18.986 0.0000000000
99181  -5.202  63.577  -20.447 0.0000000000
99182  -6.118  63.052  -20.177 0.0000000000
99183  -7.462  61.940  -20.346 0.0000000000
99184  -8.781  61.284  -20.537 0.0000000000
99185  -10.111  60.568  -20.649 0.0000000000
99186  -11.230  60.774  -20.241 0.0000000000
99187  -12.020  61.120  -19.752 0.0000000000
99201  -5.769  61.839  -20.964 0.0000000000
99202  -6.729  61.183  -20.563 0.0000000000
99203  -8.098  60.675  -20.768 0.0000000000
99204  -9.350  60.318  -20.899 0.0000000000
99205  -9.910  60.166  -20.915 0.0000000000
99568  -7.165  63.256  -20.275 0.0000000000
99569  -8.270  62.420  -20.327 0.0000000000
99570  -9.408  61.928  -20.347 0.0000000000
99571  -10.486  61.744  -20.232 0.0000000000
99572  -11.379  61.855  -19.882 0.0000000000
99976  -8.081  63.300  -20.303 0.0000000000
99977  -8.925  62.978  -20.313 0.0000000000
99978  -9.904  62.768  -20.260 0.0000000000
99979  -10.808  62.707  -19.988 0.0000000000
100342  -7.708  64.126  -20.450 0.0000000000
100343  -8.585  63.897  -20.396 0.0000000000
100344  -9.456  63.729  -20.303 0.0000000000
100345  -10.318  63.631  -20.044 0.0000000000
100683  -8.403  64.806  -20.497 0.0000000000
100684  -9.134  64.631  -20.382 0.0000000000
100685  -9.922  64.579  -20.133 0.0000000000
101020  -8.937  65.384  -20.436 0.0000000000
101021  -9.555  65.457  -20.241 0.0000000000
101328  -7.744  65.108  -20.572 0.0000000000
101329  -8.439  65.790  -20.488 0.0000000000
101330  -9.184  66.217  -20.393 0.0000000000
101601  -5.316  65.076  -20.590 0.0000000000
101602  -6.547  64.663  -20.535 0.0000000000
101603  -7.744  66.235  -20.550 0.0000000000
101604  -8.694  66.923  -20.523 0.0000000000
101910  -5.704  66.742  -20.598 0.0000000000
101911  -6.984  67.117  -20.593 0.0000000000
101912  -8.121  67.735  -20.586 0.0000000000
105541  -5.576  63.436  -20.217 0.0000000000
105542  -6.517  63.592  -20.308 0.0000000000
105548  -6.033  63.774  -20.306 0.0000000000
105550  -5.712  63.832  -20.361 0.0000000000
