#!ascii label  , from subject FREESURFER vox2ras=TkReg 
1846
80452  -6.156  23.946  -24.654 0.0000000000
81001  -4.761  25.149  -22.242 0.0000000000
81005  -4.894  24.995  -22.596 0.0000000000
81010  -5.153  24.808  -23.306 0.0000000000
81018  -6.286  24.657  -24.872 0.0000000000
81492  -3.595  25.582  -21.205 0.0000000000
81493  -4.121  25.485  -21.674 0.0000000000
81494  -4.606  25.391  -22.098 0.0000000000
81497  -4.845  25.405  -22.459 0.0000000000
81500  -5.004  25.425  -23.025 0.0000000000
81502  -5.281  25.475  -23.815 0.0000000000
81505  -5.809  25.526  -24.623 0.0000000000
81506  -6.556  25.541  -25.234 0.0000000000
81507  -7.408  25.457  -25.592 0.0000000000
81952  -2.943  26.658  -19.848 0.0000000000
81953  -3.138  27.222  -20.174 0.0000000000
81956  -3.243  26.190  -20.703 0.0000000000
81957  -3.302  26.947  -20.664 0.0000000000
81959  -3.414  25.932  -21.091 0.0000000000
81960  -3.777  26.431  -21.632 0.0000000000
81961  -4.430  25.845  -22.149 0.0000000000
81962  -4.721  25.624  -22.304 0.0000000000
81964  -4.110  26.993  -22.763 0.0000000000
81965  -4.429  26.306  -22.664 0.0000000000
81966  -4.764  25.788  -22.641 0.0000000000
81969  -4.260  27.304  -23.503 0.0000000000
81970  -4.569  26.726  -23.452 0.0000000000
81971  -4.892  26.049  -23.328 0.0000000000
81973  -4.340  27.507  -23.865 0.0000000000
81974  -4.611  27.237  -23.990 0.0000000000
81975  -5.216  26.573  -24.277 0.0000000000
81978  -6.043  26.477  -25.118 0.0000000000
81979  -6.925  26.569  -25.679 0.0000000000
81980  -7.901  26.183  -25.873 0.0000000000
81987  -7.119  27.186  -25.943 0.0000000000
81988  -7.630  26.985  -25.993 0.0000000000
81989  -8.489  26.773  -26.092 0.0000000000
81990  -9.502  26.368  -26.272 0.0000000000
82455  -3.079  27.643  -19.792 0.0000000000
82457  -3.319  27.694  -20.428 0.0000000000
82460  -3.566  27.556  -21.223 0.0000000000
82464  -3.818  27.557  -22.162 0.0000000000
82469  -4.015  27.714  -23.027 0.0000000000
82473  -4.208  27.825  -23.653 0.0000000000
82474  -4.507  27.826  -24.074 0.0000000000
82475  -4.992  27.671  -24.475 0.0000000000
82479  -5.668  27.518  -25.077 0.0000000000
82480  -6.261  27.187  -25.517 0.0000000000
82484  -6.146  27.816  -25.572 0.0000000000
82485  -6.707  27.573  -25.836 0.0000000000
82486  -7.347  27.639  -26.033 0.0000000000
82487  -8.107  27.579  -26.111 0.0000000000
82488  -9.047  27.516  -26.198 0.0000000000
82489  -10.135  27.466  -26.386 0.0000000000
82967  -3.056  28.386  -19.261 0.0000000000
82968  -3.347  28.447  -19.979 0.0000000000
82971  -3.577  28.389  -20.785 0.0000000000
82974  -3.767  28.340  -21.664 0.0000000000
82978  -3.934  28.339  -22.545 0.0000000000
82981  -4.110  28.354  -23.287 0.0000000000
82984  -4.376  28.399  -23.830 0.0000000000
82985  -4.791  28.481  -24.287 0.0000000000
82986  -5.339  28.500  -24.824 0.0000000000
82989  -5.886  28.441  -25.366 0.0000000000
82990  -7.935  28.923  -25.905 0.0000000000
82991  -8.725  29.020  -25.923 0.0000000000
82992  -9.215  29.141  -25.937 0.0000000000
82996  -6.407  28.347  -25.734 0.0000000000
82997  -6.997  28.265  -25.945 0.0000000000
82998  -7.680  28.253  -26.043 0.0000000000
82999  -8.500  28.309  -26.081 0.0000000000
83000  -9.521  28.564  -26.125 0.0000000000
83473  -3.143  29.680  -18.583 0.0000000000
83476  -3.031  28.992  -18.790 0.0000000000
83477  -3.413  29.402  -19.373 0.0000000000
83478  -3.795  29.838  -19.905 0.0000000000
83481  -3.673  29.177  -20.289 0.0000000000
83482  -4.024  29.866  -20.600 0.0000000000
83485  -3.874  29.116  -21.151 0.0000000000
83486  -4.239  29.837  -21.516 0.0000000000
83491  -4.032  29.065  -22.050 0.0000000000
83492  -4.387  29.721  -22.442 0.0000000000
83495  -4.174  28.991  -22.882 0.0000000000
83496  -4.525  29.523  -23.279 0.0000000000
83497  -4.800  29.709  -23.748 0.0000000000
83501  -4.315  28.878  -23.478 0.0000000000
83502  -4.623  29.081  -23.870 0.0000000000
83503  -5.096  29.455  -24.346 0.0000000000
83506  -5.754  29.450  -25.097 0.0000000000
83507  -6.448  29.690  -25.461 0.0000000000
83508  -7.289  29.559  -25.647 0.0000000000
83509  -8.202  29.607  -25.666 0.0000000000
83510  -9.004  29.589  -25.739 0.0000000000
83513  -6.209  28.986  -25.539 0.0000000000
83514  -6.739  28.950  -25.757 0.0000000000
83515  -7.301  28.795  -25.906 0.0000000000
83516  -9.612  29.386  -25.905 0.0000000000
83967  -3.076  31.507  -17.828 0.0000000000
83968  -3.254  31.412  -18.008 0.0000000000
83970  -3.361  31.706  -18.065 0.0000000000
83971  -3.684  31.788  -18.383 0.0000000000
83972  -4.141  32.048  -18.878 0.0000000000
83975  -3.716  30.112  -19.470 0.0000000000
83976  -4.287  32.094  -19.182 0.0000000000
83979  -4.429  30.600  -20.932 0.0000000000
83983  -4.701  30.654  -21.929 0.0000000000
83984  -5.084  32.279  -22.750 0.0000000000
83988  -4.734  30.215  -22.926 0.0000000000
83989  -4.899  32.105  -23.599 0.0000000000
83992  -4.771  29.985  -23.426 0.0000000000
83993  -4.663  31.885  -24.558 0.0000000000
83996  -4.870  31.750  -25.416 0.0000000000
83997  -6.973  31.962  -24.788 0.0000000000
83998  -7.647  32.149  -24.326 0.0000000000
83999  -8.941  32.188  -24.181 0.0000000000
84006  -5.529  31.730  -25.786 0.0000000000
84007  -6.291  31.809  -25.568 0.0000000000
84008  -7.739  30.339  -25.370 0.0000000000
84009  -8.631  30.261  -25.413 0.0000000000
84010  -9.699  30.139  -25.585 0.0000000000
84429  -3.432  32.144  -18.129 0.0000000000
84430  -3.997  32.288  -18.720 0.0000000000
84433  -4.389  32.369  -19.317 0.0000000000
84436  -4.822  32.517  -20.181 0.0000000000
84437  -5.161  32.721  -20.847 0.0000000000
84441  -4.733  31.103  -21.219 0.0000000000
84442  -5.212  32.566  -21.694 0.0000000000
84445  -5.087  32.411  -22.981 0.0000000000
84448  -4.478  32.445  -24.451 0.0000000000
84449  -4.740  32.201  -24.046 0.0000000000
84452  -4.470  32.304  -25.287 0.0000000000
84453  -4.597  31.975  -24.999 0.0000000000
84454  -6.561  32.147  -25.240 0.0000000000
84455  -7.395  32.308  -24.440 0.0000000000
84456  -8.330  32.539  -24.129 0.0000000000
84457  -9.496  32.757  -24.013 0.0000000000
84463  -4.703  32.323  -25.911 0.0000000000
84464  -5.121  32.033  -25.889 0.0000000000
84465  -5.895  31.896  -25.813 0.0000000000
84470  -4.862  32.355  -26.171 0.0000000000
84471  -4.979  32.137  -26.135 0.0000000000
84896  -4.308  32.929  -19.211 0.0000000000
84897  -4.730  33.199  -19.754 0.0000000000
84900  -4.680  32.754  -19.752 0.0000000000
84901  -5.074  33.047  -20.342 0.0000000000
84904  -5.376  33.058  -21.245 0.0000000000
84907  -5.332  32.952  -22.286 0.0000000000
84911  -4.477  32.974  -24.146 0.0000000000
84912  -4.881  32.837  -23.478 0.0000000000
84915  -4.232  32.854  -24.764 0.0000000000
84916  -6.580  32.670  -25.252 0.0000000000
84917  -7.024  32.709  -24.675 0.0000000000
84918  -7.923  32.901  -24.360 0.0000000000
84919  -8.961  33.060  -24.141 0.0000000000
84925  -4.311  32.831  -25.532 0.0000000000
84926  -5.405  32.256  -26.167 0.0000000000
84927  -5.961  32.413  -26.063 0.0000000000
84934  -4.632  32.735  -26.182 0.0000000000
84935  -5.163  32.539  -26.344 0.0000000000
84936  -5.629  32.883  -26.379 0.0000000000
85369  -5.052  33.755  -20.011 0.0000000000
85372  -5.464  33.720  -20.738 0.0000000000
85375  -5.770  33.705  -21.701 0.0000000000
85376  -5.883  34.121  -22.320 0.0000000000
85379  -5.451  33.536  -22.746 0.0000000000
85380  -5.662  34.208  -22.976 0.0000000000
85383  -4.323  33.268  -24.402 0.0000000000
85384  -4.875  33.733  -23.835 0.0000000000
85385  -5.512  34.464  -23.476 0.0000000000
85387  -3.634  34.024  -25.346 0.0000000000
85388  -3.889  33.681  -24.952 0.0000000000
85389  -4.503  34.294  -24.444 0.0000000000
85390  -6.786  33.039  -24.888 0.0000000000
85391  -7.363  33.447  -24.734 0.0000000000
85392  -8.421  33.671  -24.386 0.0000000000
85393  -9.465  33.776  -24.075 0.0000000000
85399  -3.606  34.081  -25.882 0.0000000000
85400  -4.118  33.383  -26.101 0.0000000000
85401  -6.630  33.311  -25.426 0.0000000000
85402  -7.179  34.023  -25.211 0.0000000000
85408  -4.058  33.991  -27.087 0.0000000000
85409  -4.689  33.375  -26.859 0.0000000000
85410  -5.414  33.440  -26.767 0.0000000000
85411  -6.104  33.347  -26.263 0.0000000000
85417  -4.171  34.133  -27.847 0.0000000000
85418  -4.492  34.004  -27.710 0.0000000000
85419  -5.008  33.733  -27.540 0.0000000000
85872  -5.209  34.525  -20.406 0.0000000000
85876  -5.613  34.550  -21.090 0.0000000000
85879  -5.890  34.669  -21.806 0.0000000000
85880  -5.990  34.795  -22.482 0.0000000000
85884  -5.930  34.847  -23.123 0.0000000000
85887  -5.286  34.768  -24.071 0.0000000000
85888  -5.728  34.857  -23.541 0.0000000000
85890  -3.619  34.357  -25.306 0.0000000000
85891  -4.013  34.738  -24.849 0.0000000000
85892  -4.646  34.771  -24.529 0.0000000000
85893  -7.873  34.513  -24.803 0.0000000000
85894  -8.930  34.547  -24.293 0.0000000000
85900  -3.345  34.867  -25.735 0.0000000000
85901  -3.591  34.843  -25.236 0.0000000000
85902  -6.719  34.349  -25.840 0.0000000000
85903  -7.291  34.541  -25.293 0.0000000000
85909  -3.614  34.685  -26.777 0.0000000000
85910  -5.506  34.356  -27.301 0.0000000000
85911  -6.007  34.093  -26.579 0.0000000000
85918  -3.879  34.498  -28.109 0.0000000000
85919  -4.311  34.271  -28.361 0.0000000000
85920  -4.808  34.348  -28.165 0.0000000000
85926  -3.848  34.667  -28.875 0.0000000000
85927  -4.174  34.423  -28.960 0.0000000000
85928  -4.478  34.435  -28.713 0.0000000000
86402  -5.315  35.362  -20.741 0.0000000000
86404  -5.696  35.487  -21.369 0.0000000000
86405  -6.042  35.545  -22.057 0.0000000000
86408  -6.191  35.546  -22.782 0.0000000000
86410  -5.718  35.552  -24.250 0.0000000000
86411  -6.035  35.426  -23.580 0.0000000000
86413  -4.159  35.174  -24.959 0.0000000000
86414  -4.844  35.408  -24.802 0.0000000000
86415  -8.007  35.250  -24.937 0.0000000000
86416  -8.565  35.315  -24.633 0.0000000000
86417  -9.452  35.408  -24.348 0.0000000000
86421  -3.312  35.437  -25.736 0.0000000000
86422  -3.815  35.452  -25.282 0.0000000000
86423  -4.558  36.098  -25.252 0.0000000000
86424  -6.835  35.155  -25.947 0.0000000000
86425  -7.422  35.268  -25.391 0.0000000000
86430  -3.334  35.429  -26.364 0.0000000000
86431  -5.776  35.010  -27.304 0.0000000000
86432  -6.288  35.095  -26.628 0.0000000000
86437  -3.553  35.350  -27.493 0.0000000000
86438  -5.360  35.045  -27.888 0.0000000000
86446  -3.738  35.238  -28.610 0.0000000000
86447  -4.003  35.129  -29.195 0.0000000000
86448  -4.672  35.172  -28.794 0.0000000000
86906  -5.072  35.902  -20.516 0.0000000000
86908  -5.154  37.013  -20.512 0.0000000000
86909  -5.445  36.445  -20.859 0.0000000000
86911  -5.992  36.435  -21.649 0.0000000000
86912  -6.298  36.420  -22.396 0.0000000000
86915  -6.406  36.361  -23.210 0.0000000000
86917  -5.703  36.057  -24.582 0.0000000000
86918  -6.221  36.321  -24.064 0.0000000000
86920  -5.355  36.473  -25.065 0.0000000000
86921  -5.936  36.668  -24.598 0.0000000000
86922  -8.205  35.864  -25.068 0.0000000000
86923  -9.023  36.231  -24.735 0.0000000000
86928  -3.351  36.016  -25.861 0.0000000000
86929  -4.036  36.525  -25.611 0.0000000000
86930  -4.780  36.735  -25.417 0.0000000000
86931  -6.948  35.860  -26.021 0.0000000000
86932  -7.732  36.450  -25.640 0.0000000000
86933  -8.491  36.602  -25.269 0.0000000000
86938  -3.485  36.319  -26.800 0.0000000000
86939  -3.575  36.718  -26.053 0.0000000000
86940  -5.849  35.675  -27.258 0.0000000000
86941  -6.463  36.342  -26.656 0.0000000000
86942  -7.175  36.666  -26.238 0.0000000000
86946  -3.683  36.260  -28.091 0.0000000000
86947  -5.434  36.100  -28.008 0.0000000000
86948  -6.021  36.473  -27.254 0.0000000000
86958  -3.764  36.204  -29.227 0.0000000000
86959  -4.278  36.025  -29.305 0.0000000000
86960  -4.897  36.209  -28.863 0.0000000000
86972  -3.774  36.683  -29.723 0.0000000000
86973  -3.980  36.406  -29.695 0.0000000000
87421  -5.420  37.546  -20.807 0.0000000000
87423  -5.907  37.401  -21.349 0.0000000000
87424  -6.331  37.362  -22.016 0.0000000000
87427  -6.504  37.321  -22.826 0.0000000000
87429  -6.470  37.247  -23.714 0.0000000000
87431  -5.803  37.381  -24.898 0.0000000000
87432  -6.220  37.147  -24.353 0.0000000000
87433  -9.012  36.971  -25.215 0.0000000000
87434  -9.699  36.904  -24.975 0.0000000000
87438  -4.634  37.422  -25.650 0.0000000000
87439  -5.234  37.220  -25.328 0.0000000000
87440  -7.659  37.159  -26.165 0.0000000000
87441  -8.485  37.411  -25.876 0.0000000000
87442  -9.427  37.514  -25.575 0.0000000000
87448  -3.766  37.296  -26.495 0.0000000000
87449  -4.016  37.230  -25.946 0.0000000000
87450  -6.402  36.897  -27.028 0.0000000000
87451  -7.023  37.423  -26.797 0.0000000000
87452  -7.853  37.727  -26.375 0.0000000000
87461  -3.648  37.279  -27.437 0.0000000000
87462  -5.374  37.066  -28.372 0.0000000000
87463  -6.098  37.248  -27.534 0.0000000000
87464  -6.705  37.836  -27.387 0.0000000000
87477  -2.569  38.049  -28.979 0.0000000000
87478  -3.225  37.448  -28.733 0.0000000000
87479  -4.222  36.575  -29.683 0.0000000000
87480  -4.714  37.073  -29.319 0.0000000000
87489  -1.956  38.094  -30.244 0.0000000000
87490  -2.394  37.804  -29.844 0.0000000000
87491  -3.259  37.097  -30.003 0.0000000000
87492  -4.004  37.146  -30.125 0.0000000000
87493  -4.559  37.579  -29.776 0.0000000000
87501  -1.891  37.834  -30.753 0.0000000000
87502  -2.429  37.455  -30.944 0.0000000000
87503  -3.181  37.455  -31.083 0.0000000000
87504  -3.735  37.685  -30.664 0.0000000000
87512  -1.749  37.657  -31.626 0.0000000000
87513  -2.323  37.490  -32.018 0.0000000000
87514  -2.865  37.605  -31.777 0.0000000000
87525  -1.740  37.832  -32.356 0.0000000000
87526  -1.924  37.905  -32.619 0.0000000000
87939  -5.189  38.491  -20.723 0.0000000000
87941  -5.767  38.348  -21.202 0.0000000000
87942  -6.209  38.320  -21.720 0.0000000000
87945  -6.474  38.344  -22.438 0.0000000000
87947  -6.544  38.243  -23.354 0.0000000000
87949  -5.857  37.891  -24.951 0.0000000000
87950  -6.264  38.148  -24.514 0.0000000000
87953  -4.759  37.919  -25.707 0.0000000000
87954  -5.388  38.138  -25.444 0.0000000000
87955  -6.113  38.922  -25.215 0.0000000000
87956  -8.673  37.879  -26.187 0.0000000000
87957  -9.053  37.984  -26.128 0.0000000000
87965  -3.719  38.011  -26.821 0.0000000000
87966  -4.334  38.160  -26.110 0.0000000000
87967  -5.041  38.897  -26.149 0.0000000000
87968  -7.680  38.189  -26.760 0.0000000000
87969  -8.445  38.275  -26.459 0.0000000000
87970  -9.256  38.678  -26.460 0.0000000000
87984  -3.372  38.347  -27.557 0.0000000000
87985  -5.874  37.658  -28.084 0.0000000000
87986  -6.413  38.168  -27.896 0.0000000000
87987  -7.202  38.439  -27.354 0.0000000000
87997  -2.346  38.563  -29.147 0.0000000000
87998  -2.777  38.766  -28.358 0.0000000000
87999  -5.654  38.058  -28.638 0.0000000000
88000  -6.329  38.811  -28.375 0.0000000000
88010  -1.765  38.301  -30.530 0.0000000000
88011  -2.021  38.747  -29.878 0.0000000000
88012  -4.503  37.959  -30.012 0.0000000000
88013  -5.058  38.281  -29.525 0.0000000000
88023  -1.456  38.345  -31.227 0.0000000000
88024  -1.662  38.770  -30.554 0.0000000000
88025  -3.749  38.235  -30.993 0.0000000000
88026  -4.192  38.137  -30.462 0.0000000000
88039  -1.323  38.189  -32.245 0.0000000000
88040  -2.746  37.894  -32.183 0.0000000000
88041  -3.340  38.140  -31.743 0.0000000000
88052  -1.565  38.364  -33.244 0.0000000000
88053  -2.332  38.269  -32.968 0.0000000000
88054  -3.064  38.453  -32.485 0.0000000000
88060  -1.291  38.441  -34.722 0.0000000000
88061  -2.033  38.400  -34.221 0.0000000000
88065  -1.358  38.699  -35.659 0.0000000000
88066  -1.934  38.403  -35.386 0.0000000000
88067  -1.532  38.912  -35.883 0.0000000000
88068  -1.725  38.781  -35.859 0.0000000000
88455  -5.704  39.446  -21.148 0.0000000000
88456  -6.060  39.984  -21.411 0.0000000000
88458  -6.054  38.920  -21.500 0.0000000000
88459  -6.461  39.606  -21.925 0.0000000000
88460  -6.749  40.368  -22.337 0.0000000000
88463  -6.683  39.251  -22.937 0.0000000000
88464  -6.899  40.164  -22.744 0.0000000000
88470  -6.559  39.171  -23.857 0.0000000000
88471  -6.853  40.049  -23.526 0.0000000000
88476  -6.441  39.311  -24.675 0.0000000000
88477  -6.701  39.991  -24.341 0.0000000000
88482  -5.718  39.411  -25.972 0.0000000000
88483  -6.384  39.715  -25.336 0.0000000000
88484  -6.624  39.901  -24.869 0.0000000000
88493  -3.678  38.892  -26.735 0.0000000000
88494  -4.421  39.458  -26.520 0.0000000000
88495  -5.138  39.470  -26.359 0.0000000000
88496  -7.910  38.908  -26.997 0.0000000000
88497  -8.627  39.321  -26.911 0.0000000000
88498  -9.480  39.376  -26.715 0.0000000000
88512  -3.117  39.618  -27.348 0.0000000000
88513  -3.699  39.619  -26.754 0.0000000000
88514  -6.949  38.985  -28.005 0.0000000000
88515  -7.564  39.501  -27.622 0.0000000000
88516  -8.075  39.491  -27.200 0.0000000000
88525  -2.230  39.636  -28.795 0.0000000000
88526  -2.654  39.693  -28.080 0.0000000000
88527  -5.909  39.252  -28.985 0.0000000000
88528  -6.673  39.509  -28.415 0.0000000000
88529  -7.137  39.589  -28.078 0.0000000000
88540  -1.943  39.681  -29.654 0.0000000000
88541  -4.741  38.729  -30.119 0.0000000000
88542  -5.319  39.317  -29.767 0.0000000000
88551  -1.499  39.328  -30.962 0.0000000000
88552  -1.783  39.331  -30.261 0.0000000000
88553  -3.869  38.836  -31.379 0.0000000000
88554  -4.429  39.235  -30.775 0.0000000000
88555  -4.943  39.378  -30.229 0.0000000000
88568  -1.019  38.985  -31.944 0.0000000000
88569  -3.660  39.288  -32.049 0.0000000000
88570  -4.076  39.364  -31.383 0.0000000000
88580  -1.054  38.754  -32.911 0.0000000000
88581  -2.433  38.729  -33.823 0.0000000000
88582  -2.999  39.177  -33.311 0.0000000000
88589  -1.015  38.990  -33.959 0.0000000000
88590  -2.429  39.130  -34.610 0.0000000000
88591  -2.739  39.726  -33.922 0.0000000000
88597  -0.893  39.132  -35.153 0.0000000000
88598  -2.077  39.048  -35.695 0.0000000000
88599  -1.422  39.116  -35.740 0.0000000000
88600  -1.715  39.086  -35.892 0.0000000000
89020  -6.123  40.641  -21.495 0.0000000000
89021  -6.597  40.828  -22.052 0.0000000000
89026  -6.909  40.958  -22.655 0.0000000000
89034  -7.069  40.927  -23.329 0.0000000000
89043  -7.018  40.853  -24.145 0.0000000000
89053  -5.744  39.940  -26.221 0.0000000000
89054  -6.127  40.271  -25.978 0.0000000000
89055  -6.741  40.655  -25.106 0.0000000000
89068  -4.498  40.024  -26.634 0.0000000000
89069  -5.201  40.213  -26.525 0.0000000000
89070  -5.895  40.985  -26.278 0.0000000000
89071  -8.619  39.777  -27.112 0.0000000000
89072  -8.972  39.906  -26.991 0.0000000000
89086  -3.030  40.473  -27.279 0.0000000000
89087  -3.876  40.402  -26.820 0.0000000000
89088  -4.635  41.107  -26.844 0.0000000000
89089  -7.746  39.963  -27.816 0.0000000000
89090  -8.310  40.049  -27.521 0.0000000000
89091  -9.238  40.395  -27.461 0.0000000000
89103  -2.029  40.490  -28.519 0.0000000000
89104  -2.412  40.539  -27.875 0.0000000000
89105  -6.045  39.793  -29.061 0.0000000000
89106  -6.405  39.965  -28.887 0.0000000000
89107  -7.419  40.235  -28.403 0.0000000000
89108  -8.302  40.686  -28.262 0.0000000000
89121  -1.884  40.439  -29.146 0.0000000000
89122  -5.937  40.016  -29.445 0.0000000000
89123  -6.751  40.510  -29.424 0.0000000000
89124  -7.461  40.933  -29.412 0.0000000000
89133  -1.586  39.844  -30.933 0.0000000000
89134  -1.799  40.210  -30.352 0.0000000000
89135  -4.736  40.089  -30.873 0.0000000000
89136  -5.303  40.135  -30.345 0.0000000000
89150  -1.435  40.052  -31.498 0.0000000000
89151  -1.768  40.743  -31.036 0.0000000000
89152  -3.973  40.282  -32.097 0.0000000000
89153  -4.300  40.067  -31.430 0.0000000000
89165  -1.085  39.765  -32.956 0.0000000000
89166  -3.636  40.095  -32.730 0.0000000000
89173  -1.190  39.951  -34.287 0.0000000000
89174  -2.582  40.419  -34.305 0.0000000000
89175  -3.189  40.302  -33.549 0.0000000000
89178  -1.579  39.881  -35.274 0.0000000000
89179  -2.153  39.823  -35.216 0.0000000000
89180  -1.596  39.293  -35.776 0.0000000000
89181  -1.834  39.388  -35.736 0.0000000000
89642  -6.835  41.770  -22.374 0.0000000000
89649  -7.154  41.825  -23.117 0.0000000000
89658  -7.307  41.837  -23.908 0.0000000000
89667  -7.174  41.753  -24.752 0.0000000000
89676  -6.447  41.207  -25.866 0.0000000000
89677  -6.877  41.723  -25.494 0.0000000000
89692  -5.416  41.357  -26.687 0.0000000000
89693  -6.235  41.872  -26.448 0.0000000000
89694  -6.634  41.780  -25.948 0.0000000000
89710  -3.005  41.210  -27.360 0.0000000000
89711  -3.880  41.624  -27.200 0.0000000000
89712  -4.863  41.899  -27.200 0.0000000000
89713  -5.624  42.044  -26.982 0.0000000000
89714  -8.840  40.657  -27.958 0.0000000000
89725  -1.841  41.137  -28.482 0.0000000000
89726  -2.285  41.765  -27.877 0.0000000000
89727  -8.112  41.084  -28.969 0.0000000000
89728  -8.911  41.229  -28.543 0.0000000000
89742  -1.863  41.229  -29.424 0.0000000000
89743  -6.144  40.712  -29.978 0.0000000000
89744  -6.832  41.465  -30.005 0.0000000000
89745  -7.701  41.829  -29.522 0.0000000000
89754  -2.003  41.283  -30.430 0.0000000000
89755  -4.904  40.866  -31.047 0.0000000000
89756  -5.758  41.511  -30.517 0.0000000000
89757  -6.393  42.328  -30.348 0.0000000000
89771  -1.650  40.783  -31.552 0.0000000000
89772  -1.985  41.389  -31.421 0.0000000000
89773  -3.983  40.637  -32.454 0.0000000000
89774  -4.403  41.219  -32.083 0.0000000000
89787  -1.574  40.917  -32.296 0.0000000000
89788  -2.022  41.738  -32.202 0.0000000000
89789  -3.868  40.929  -33.032 0.0000000000
89790  -4.262  41.958  -33.189 0.0000000000
89796  -1.511  40.960  -33.482 0.0000000000
89797  -2.650  41.128  -34.296 0.0000000000
89798  -3.222  41.559  -34.036 0.0000000000
89799  -3.901  42.539  -33.798 0.0000000000
89802  -1.717  41.247  -34.410 0.0000000000
89803  -2.270  41.439  -34.680 0.0000000000
89804  -2.773  42.548  -34.777 0.0000000000
90316  -6.767  42.690  -22.032 0.0000000000
90323  -7.246  42.662  -22.758 0.0000000000
90333  -7.602  42.853  -23.619 0.0000000000
90334  -7.824  43.410  -23.925 0.0000000000
90343  -7.624  42.894  -24.527 0.0000000000
90344  -7.786  43.229  -24.124 0.0000000000
90354  -7.297  42.611  -25.369 0.0000000000
90369  -6.580  42.874  -26.628 0.0000000000
90370  -6.862  42.346  -26.015 0.0000000000
90387  -3.095  42.242  -27.616 0.0000000000
90388  -4.102  42.794  -27.677 0.0000000000
90389  -5.356  42.680  -27.401 0.0000000000
90390  -6.063  42.522  -27.041 0.0000000000
90398  -2.082  42.051  -28.763 0.0000000000
90399  -2.684  42.896  -28.273 0.0000000000
90400  -3.241  42.878  -27.887 0.0000000000
90401  -8.504  41.980  -29.079 0.0000000000
90413  -2.347  41.997  -29.748 0.0000000000
90414  -2.566  42.822  -29.220 0.0000000000
90415  -7.096  42.827  -29.977 0.0000000000
90416  -8.025  42.875  -29.380 0.0000000000
90417  -8.967  42.870  -29.224 0.0000000000
90429  -2.490  42.009  -30.773 0.0000000000
90430  -2.840  42.690  -30.213 0.0000000000
90431  -5.118  42.080  -31.351 0.0000000000
90432  -5.846  42.978  -30.901 0.0000000000
90433  -6.469  42.964  -30.376 0.0000000000
90444  -2.432  42.185  -31.707 0.0000000000
90445  -2.809  42.719  -31.177 0.0000000000
90446  -4.853  42.898  -32.404 0.0000000000
90447  -5.310  42.964  -31.607 0.0000000000
90460  -1.808  41.703  -32.901 0.0000000000
90461  -2.189  42.550  -32.603 0.0000000000
90462  -2.592  42.882  -31.907 0.0000000000
90463  -4.440  42.984  -33.385 0.0000000000
90470  -1.808  42.408  -33.717 0.0000000000
90471  -2.168  43.300  -33.239 0.0000000000
90472  -3.411  42.872  -34.452 0.0000000000
90473  -4.071  43.437  -34.077 0.0000000000
90474  -1.852  42.999  -34.860 0.0000000000
90475  -2.308  43.285  -35.425 0.0000000000
90476  -2.968  43.480  -35.267 0.0000000000
90477  -1.761  43.938  -35.754 0.0000000000
90478  -2.072  44.137  -36.273 0.0000000000
90969  -7.154  43.608  -22.441 0.0000000000
90970  -7.578  43.967  -22.923 0.0000000000
90980  -7.557  43.354  -23.042 0.0000000000
90981  -7.792  43.800  -23.538 0.0000000000
90991  -7.767  43.472  -24.733 0.0000000000
90992  -7.892  43.827  -24.379 0.0000000000
91002  -7.689  43.725  -25.256 0.0000000000
91003  -7.921  44.468  -24.950 0.0000000000
91017  -6.675  43.918  -26.724 0.0000000000
91018  -7.173  43.332  -26.086 0.0000000000
91032  -4.083  43.979  -27.916 0.0000000000
91033  -5.070  43.680  -27.614 0.0000000000
91034  -6.034  43.363  -27.217 0.0000000000
91045  -3.092  43.802  -28.462 0.0000000000
91046  -3.351  43.509  -28.031 0.0000000000
91055  -2.770  43.640  -28.912 0.0000000000
91056  -7.132  43.615  -30.085 0.0000000000
91057  -7.625  43.919  -29.775 0.0000000000
91058  -8.583  43.808  -29.379 0.0000000000
91069  -3.092  43.442  -29.756 0.0000000000
91070  -6.046  44.282  -31.125 0.0000000000
91071  -6.681  43.772  -30.451 0.0000000000
91072  -7.169  44.004  -30.152 0.0000000000
91081  -3.170  43.352  -30.785 0.0000000000
91082  -4.947  43.894  -32.504 0.0000000000
91083  -5.298  44.021  -31.834 0.0000000000
91095  -2.587  43.624  -32.398 0.0000000000
91096  -2.885  43.322  -31.577 0.0000000000
91097  -4.547  44.361  -33.348 0.0000000000
91098  -4.934  44.461  -32.510 0.0000000000
91104  -1.974  44.061  -34.012 0.0000000000
91105  -2.343  43.902  -33.184 0.0000000000
91106  -3.553  43.815  -34.828 0.0000000000
91107  -3.938  44.430  -34.509 0.0000000000
91108  -1.602  44.546  -35.239 0.0000000000
91109  -2.573  44.161  -35.926 0.0000000000
91110  -3.155  44.521  -35.634 0.0000000000
91111  -3.587  44.437  -35.057 0.0000000000
91112  -1.831  45.008  -36.007 0.0000000000
91113  -2.417  44.982  -36.324 0.0000000000
91114  -2.753  44.688  -36.087 0.0000000000
91569  -6.797  44.489  -22.026 0.0000000000
91582  -7.329  44.544  -22.554 0.0000000000
91583  -7.775  44.612  -23.074 0.0000000000
91592  -7.985  44.690  -23.757 0.0000000000
91603  -8.013  44.918  -24.457 0.0000000000
91613  -7.774  44.740  -25.466 0.0000000000
91614  -7.950  45.218  -25.066 0.0000000000
91629  -6.730  44.695  -26.821 0.0000000000
91630  -7.369  44.645  -26.248 0.0000000000
91641  -4.036  44.675  -28.030 0.0000000000
91642  -4.720  44.679  -27.796 0.0000000000
91643  -5.948  44.631  -27.333 0.0000000000
91653  -3.251  44.121  -28.514 0.0000000000
91654  -3.485  44.454  -28.372 0.0000000000
91663  -3.122  44.173  -28.723 0.0000000000
91664  -3.297  44.749  -29.037 0.0000000000
91665  -7.707  44.771  -29.783 0.0000000000
91666  -8.260  44.751  -29.496 0.0000000000
91667  -9.161  44.716  -29.206 0.0000000000
91679  -3.209  44.150  -29.376 0.0000000000
91680  -3.563  44.702  -29.815 0.0000000000
91681  -6.041  45.029  -31.062 0.0000000000
91682  -6.471  44.888  -30.726 0.0000000000
91683  -7.200  44.788  -30.193 0.0000000000
91695  -3.457  44.156  -30.399 0.0000000000
91696  -3.644  44.774  -30.477 0.0000000000
91697  -5.596  45.191  -31.456 0.0000000000
91708  -2.921  44.271  -32.204 0.0000000000
91709  -3.173  44.033  -31.521 0.0000000000
91710  -4.235  46.186  -33.779 0.0000000000
91711  -4.950  45.737  -32.504 0.0000000000
91719  -2.360  45.044  -33.796 0.0000000000
91720  -2.725  44.664  -32.885 0.0000000000
91721  -3.926  45.659  -34.463 0.0000000000
91722  -2.091  45.596  -34.543 0.0000000000
91723  -2.780  45.908  -33.373 0.0000000000
91724  -3.115  45.517  -35.815 0.0000000000
91725  -3.522  45.189  -35.258 0.0000000000
91726  -1.813  45.754  -35.410 0.0000000000
91727  -2.565  46.807  -35.557 0.0000000000
91728  -2.839  45.279  -36.071 0.0000000000
92123  -7.052  45.307  -22.148 0.0000000000
92135  -7.537  45.314  -22.612 0.0000000000
92136  -7.943  45.458  -23.169 0.0000000000
92149  -8.118  45.619  -23.898 0.0000000000
92160  -8.069  45.763  -24.612 0.0000000000
92175  -7.748  45.714  -25.676 0.0000000000
92176  -7.968  45.795  -25.099 0.0000000000
92192  -6.718  45.624  -26.905 0.0000000000
92193  -7.371  45.610  -26.337 0.0000000000
92203  -4.059  45.527  -28.104 0.0000000000
92204  -5.164  45.572  -27.683 0.0000000000
92205  -5.941  45.598  -27.378 0.0000000000
92216  -3.551  45.461  -28.756 0.0000000000
92225  -3.620  45.324  -29.552 0.0000000000
92226  -7.804  45.680  -29.743 0.0000000000
92227  -8.763  45.667  -29.268 0.0000000000
92242  -3.728  45.150  -30.294 0.0000000000
92243  -6.112  45.862  -31.030 0.0000000000
92244  -6.785  45.732  -30.523 0.0000000000
92245  -7.261  45.693  -30.178 0.0000000000
92258  -3.624  44.833  -31.138 0.0000000000
92259  -3.722  45.023  -30.710 0.0000000000
92260  -5.556  46.383  -31.656 0.0000000000
92268  -3.292  44.723  -31.957 0.0000000000
92269  -5.237  47.586  -32.270 0.0000000000
92278  -2.497  47.138  -34.014 0.0000000000
92279  -3.218  45.891  -35.645 0.0000000000
92280  -2.011  46.853  -34.979 0.0000000000
92608  -7.612  46.761  -22.024 0.0000000000
92617  -7.300  45.791  -22.223 0.0000000000
92618  -7.668  46.185  -22.482 0.0000000000
92627  -8.123  46.404  -23.260 0.0000000000
92641  -8.247  46.558  -24.097 0.0000000000
92661  -7.763  46.769  -25.645 0.0000000000
92662  -8.055  46.535  -24.977 0.0000000000
92680  -6.610  46.778  -26.813 0.0000000000
92681  -7.330  46.509  -26.316 0.0000000000
92698  -3.873  46.388  -28.051 0.0000000000
92699  -4.474  46.426  -27.821 0.0000000000
92700  -5.682  46.598  -27.380 0.0000000000
92717  -3.296  46.926  -28.682 0.0000000000
92718  -3.497  46.540  -28.468 0.0000000000
92731  -3.388  46.867  -29.146 0.0000000000
92732  -3.624  46.108  -29.369 0.0000000000
92733  -7.837  46.614  -29.783 0.0000000000
92734  -8.410  46.612  -29.473 0.0000000000
92748  -3.685  46.671  -30.266 0.0000000000
92749  -3.782  45.749  -30.348 0.0000000000
92750  -6.196  46.412  -31.027 0.0000000000
92751  -6.460  46.639  -30.804 0.0000000000
92752  -7.254  46.649  -30.210 0.0000000000
92764  -3.536  45.864  -31.731 0.0000000000
92765  -3.738  45.330  -30.871 0.0000000000
92766  -6.027  46.809  -31.247 0.0000000000
92767  -6.302  47.382  -31.076 0.0000000000
92779  -5.662  47.273  -31.689 0.0000000000
93127  -8.444  47.752  -20.967 0.0000000000
93134  -7.873  47.216  -21.446 0.0000000000
93135  -8.615  47.853  -21.686 0.0000000000
93140  -8.121  47.170  -22.453 0.0000000000
93141  -8.886  47.953  -22.606 0.0000000000
93146  -8.519  47.425  -23.413 0.0000000000
93147  -8.992  48.153  -23.276 0.0000000000
93162  -8.372  47.639  -24.366 0.0000000000
93180  -7.557  47.558  -25.929 0.0000000000
93181  -7.948  47.581  -25.212 0.0000000000
93199  -6.255  47.660  -27.088 0.0000000000
93200  -6.994  47.579  -26.536 0.0000000000
93216  -3.654  47.097  -27.930 0.0000000000
93217  -4.553  47.450  -27.699 0.0000000000
93218  -5.457  47.789  -27.489 0.0000000000
93231  -3.196  47.439  -28.654 0.0000000000
93232  -3.294  47.141  -28.201 0.0000000000
93244  -3.396  47.651  -29.766 0.0000000000
93245  -7.903  47.576  -29.788 0.0000000000
93246  -8.827  47.577  -29.300 0.0000000000
93259  -3.337  47.641  -31.268 0.0000000000
93260  -6.752  47.765  -30.701 0.0000000000
93261  -7.326  47.631  -30.261 0.0000000000
93272  -5.955  47.892  -31.471 0.0000000000
93273  -6.348  47.919  -31.134 0.0000000000
93284  -5.578  47.829  -31.845 0.0000000000
93680  -8.545  47.877  -20.512 0.0000000000
93681  -9.006  48.393  -20.706 0.0000000000
93689  -9.278  48.647  -21.882 0.0000000000
93694  -9.347  48.738  -22.870 0.0000000000
93704  -8.773  48.121  -23.788 0.0000000000
93705  -9.117  48.701  -23.604 0.0000000000
93721  -8.771  48.726  -24.199 0.0000000000
93722  -9.117  49.108  -23.868 0.0000000000
93735  -7.740  48.480  -25.522 0.0000000000
93736  -8.220  48.547  -24.860 0.0000000000
93745  -6.651  48.570  -26.779 0.0000000000
93746  -7.281  48.483  -26.182 0.0000000000
93753  -1.920  49.425  -27.773 0.0000000000
93754  -2.318  49.166  -27.805 0.0000000000
93755  -3.410  48.410  -27.797 0.0000000000
93756  -4.746  48.581  -27.664 0.0000000000
93757  -5.849  48.758  -27.392 0.0000000000
93762  -1.924  49.270  -28.021 0.0000000000
93763  -2.676  48.454  -28.264 0.0000000000
93764  -3.188  47.662  -28.113 0.0000000000
93771  -2.378  49.200  -28.690 0.0000000000
93772  -2.901  48.417  -29.170 0.0000000000
93773  -7.914  48.504  -29.846 0.0000000000
93774  -8.441  48.496  -29.590 0.0000000000
93785  -2.615  49.112  -29.562 0.0000000000
93786  -2.972  48.653  -30.351 0.0000000000
93787  -6.840  48.681  -30.798 0.0000000000
93788  -7.384  48.609  -30.325 0.0000000000
93797  -2.519  49.284  -31.835 0.0000000000
93798  -2.757  48.915  -31.469 0.0000000000
93799  -5.942  48.714  -31.600 0.0000000000
93800  -6.387  48.726  -31.228 0.0000000000
93808  -2.428  49.220  -32.432 0.0000000000
93809  -5.247  48.816  -32.392 0.0000000000
93810  -5.524  48.665  -32.008 0.0000000000
93816  -4.990  48.637  -32.693 0.0000000000
94245  -10.261  49.818  -19.549 0.0000000000
94250  -9.684  49.208  -20.068 0.0000000000
94251  -10.202  49.941  -20.451 0.0000000000
94257  -9.664  49.372  -21.122 0.0000000000
94258  -10.160  50.207  -21.320 0.0000000000
94262  -9.796  49.779  -22.284 0.0000000000
94263  -10.136  50.570  -21.875 0.0000000000
94276  -9.383  49.515  -23.423 0.0000000000
94291  -8.542  49.491  -24.679 0.0000000000
94292  -9.051  49.587  -24.135 0.0000000000
94304  -7.478  49.365  -25.811 0.0000000000
94305  -8.010  49.406  -25.260 0.0000000000
94313  -5.625  49.964  -27.136 0.0000000000
94314  -6.218  49.619  -26.916 0.0000000000
94315  -6.944  49.412  -26.375 0.0000000000
94323  -1.232  50.542  -27.656 0.0000000000
94324  -1.729  49.891  -27.577 0.0000000000
94325  -2.720  49.635  -27.412 0.0000000000
94326  -3.921  49.512  -27.487 0.0000000000
94327  -5.112  49.613  -27.476 0.0000000000
94328  -5.766  49.493  -27.281 0.0000000000
94335  -1.156  50.704  -27.892 0.0000000000
94336  -1.598  50.095  -28.258 0.0000000000
94340  -2.412  49.828  -29.172 0.0000000000
94341  -7.974  49.374  -29.883 0.0000000000
94342  -8.795  49.441  -29.684 0.0000000000
94351  -2.611  49.611  -30.398 0.0000000000
94352  -2.768  49.126  -30.835 0.0000000000
94353  -6.800  49.700  -30.837 0.0000000000
94354  -7.395  49.773  -30.320 0.0000000000
94364  -2.442  49.762  -31.576 0.0000000000
94365  -2.668  49.350  -31.083 0.0000000000
94366  -5.929  49.658  -31.670 0.0000000000
94367  -6.363  49.650  -31.287 0.0000000000
94376  -2.302  50.125  -32.701 0.0000000000
94377  -5.230  49.653  -32.554 0.0000000000
94378  -5.554  49.627  -32.090 0.0000000000
94384  -2.076  50.521  -33.437 0.0000000000
94385  -4.768  49.491  -33.248 0.0000000000
94390  -1.861  51.891  -34.224 0.0000000000
94391  -1.869  50.424  -33.996 0.0000000000
94392  -4.463  47.984  -33.546 0.0000000000
94725  -10.798  50.374  -19.111 0.0000000000
94726  -11.295  50.978  -18.740 0.0000000000
94733  -10.590  50.492  -19.897 0.0000000000
94734  -10.998  51.048  -19.509 0.0000000000
94739  -10.522  50.792  -20.638 0.0000000000
94740  -10.722  51.065  -20.079 0.0000000000
94746  -10.373  50.970  -21.403 0.0000000000
94750  -9.991  50.990  -22.374 0.0000000000
94751  -10.232  51.021  -21.879 0.0000000000
94764  -9.617  50.573  -23.176 0.0000000000
94776  -8.852  50.546  -24.552 0.0000000000
94777  -9.333  50.292  -23.892 0.0000000000
94785  -7.625  50.410  -25.570 0.0000000000
94786  -8.275  50.225  -25.063 0.0000000000
94794  -3.828  50.995  -26.855 0.0000000000
94795  -4.683  50.956  -26.843 0.0000000000
94796  -5.649  50.682  -26.730 0.0000000000
94797  -6.547  50.394  -26.392 0.0000000000
94798  -7.139  50.075  -26.020 0.0000000000
94807  -1.216  50.846  -27.183 0.0000000000
94808  -2.153  50.581  -27.115 0.0000000000
94809  -3.287  50.402  -27.081 0.0000000000
94810  -4.326  50.355  -27.187 0.0000000000
94811  -5.126  50.372  -27.154 0.0000000000
94820  -0.997  51.046  -27.574 0.0000000000
94821  -1.351  51.041  -28.208 0.0000000000
94822  -1.908  51.113  -28.566 0.0000000000
94830  -2.077  50.578  -28.727 0.0000000000
94831  -2.533  50.978  -28.958 0.0000000000
94832  -7.726  50.465  -30.113 0.0000000000
94833  -8.360  50.340  -29.890 0.0000000000
94841  -2.668  50.417  -29.641 0.0000000000
94842  -3.136  50.995  -29.808 0.0000000000
94843  -6.539  50.911  -30.784 0.0000000000
94844  -7.055  50.750  -30.423 0.0000000000
94854  -2.974  50.805  -30.809 0.0000000000
94855  -3.478  51.306  -30.401 0.0000000000
94856  -5.795  50.840  -31.582 0.0000000000
94857  -6.233  50.566  -31.233 0.0000000000
94868  -2.707  50.929  -32.024 0.0000000000
94869  -5.083  50.944  -32.621 0.0000000000
94870  -5.463  50.591  -32.048 0.0000000000
94876  -2.192  51.907  -33.509 0.0000000000
94877  -2.274  51.383  -33.114 0.0000000000
94878  -4.885  50.554  -33.077 0.0000000000
94883  -2.009  51.750  -33.736 0.0000000000
94884  -1.906  51.175  -33.772 0.0000000000
95186  -11.646  51.574  -18.396 0.0000000000
95187  -12.003  52.124  -18.169 0.0000000000
95191  -11.520  51.822  -19.183 0.0000000000
95192  -11.800  52.015  -18.675 0.0000000000
95196  -10.703  51.308  -20.379 0.0000000000
95197  -10.993  51.673  -19.998 0.0000000000
95201  -10.645  51.723  -20.776 0.0000000000
95202  -11.023  52.157  -20.280 0.0000000000
95206  -9.864  51.852  -22.349 0.0000000000
95207  -10.224  51.652  -21.716 0.0000000000
95219  -9.553  51.625  -23.017 0.0000000000
95232  -8.688  51.619  -24.527 0.0000000000
95233  -9.292  51.348  -23.944 0.0000000000
95241  -6.306  52.173  -25.550 0.0000000000
95242  -7.072  51.637  -25.539 0.0000000000
95243  -8.092  51.346  -25.081 0.0000000000
95251  -3.671  51.303  -26.948 0.0000000000
95252  -4.154  51.520  -26.916 0.0000000000
95253  -5.064  51.578  -26.448 0.0000000000
95254  -6.001  51.527  -25.976 0.0000000000
95255  -6.920  50.829  -25.935 0.0000000000
95263  -1.070  51.187  -26.922 0.0000000000
95264  -1.560  51.389  -27.136 0.0000000000
95265  -3.083  51.340  -27.054 0.0000000000
95266  -3.756  51.682  -27.123 0.0000000000
95274  -0.946  51.336  -27.170 0.0000000000
95275  -1.281  51.610  -27.611 0.0000000000
95276  -2.084  51.655  -28.350 0.0000000000
95277  -3.099  51.925  -28.554 0.0000000000
95285  -3.143  51.413  -29.066 0.0000000000
95286  -3.802  52.006  -29.231 0.0000000000
95287  -8.045  50.953  -30.059 0.0000000000
95288  -8.497  51.378  -30.061 0.0000000000
95296  -3.788  51.507  -29.909 0.0000000000
95297  -4.376  52.105  -29.945 0.0000000000
95298  -6.544  52.059  -30.622 0.0000000000
95299  -7.581  51.614  -30.245 0.0000000000
95300  -8.062  52.035  -30.219 0.0000000000
95307  -3.241  51.464  -31.553 0.0000000000
95308  -3.903  52.125  -30.886 0.0000000000
95309  -5.854  51.716  -31.277 0.0000000000
95310  -6.224  51.498  -30.979 0.0000000000
95321  -3.161  52.269  -32.256 0.0000000000
95322  -3.796  53.938  -31.486 0.0000000000
95323  -5.230  51.777  -32.176 0.0000000000
95324  -5.537  51.686  -31.664 0.0000000000
95331  -2.136  52.091  -33.664 0.0000000000
95332  -2.435  52.595  -33.408 0.0000000000
95333  -4.186  50.808  -34.151 0.0000000000
95334  -4.601  52.124  -33.144 0.0000000000
95340  -2.044  52.247  -33.841 0.0000000000
95341  -2.159  52.997  -33.965 0.0000000000
95342  -4.590  50.531  -33.579 0.0000000000
95643  -12.840  53.270  -16.321 0.0000000000
95647  -12.439  52.797  -16.963 0.0000000000
95648  -12.990  53.299  -17.141 0.0000000000
95652  -12.675  52.807  -17.930 0.0000000000
95653  -13.150  53.347  -17.715 0.0000000000
95657  -11.724  52.300  -19.327 0.0000000000
95658  -12.104  52.529  -18.963 0.0000000000
95662  -11.568  52.550  -19.823 0.0000000000
95663  -12.133  52.998  -19.556 0.0000000000
95666  -10.489  52.606  -21.201 0.0000000000
95667  -11.034  52.643  -20.556 0.0000000000
95670  -9.457  52.523  -22.620 0.0000000000
95671  -9.956  52.544  -21.910 0.0000000000
95680  -8.295  52.996  -23.785 0.0000000000
95681  -8.892  52.498  -23.551 0.0000000000
95695  -7.156  52.990  -24.703 0.0000000000
95696  -7.914  52.672  -24.476 0.0000000000
95697  -8.809  52.075  -24.199 0.0000000000
95708  -5.073  52.828  -25.985 0.0000000000
95709  -5.545  52.643  -25.702 0.0000000000
95710  -6.732  52.798  -25.119 0.0000000000
95711  -7.510  52.142  -25.109 0.0000000000
95722  -4.143  51.901  -27.057 0.0000000000
95723  -4.803  52.417  -26.556 0.0000000000
95724  -5.219  52.068  -25.993 0.0000000000
95734  -1.599  51.821  -27.421 0.0000000000
95735  -2.272  51.839  -27.453 0.0000000000
95736  -3.645  52.030  -27.408 0.0000000000
95737  -4.720  52.686  -27.619 0.0000000000
95745  -1.831  51.980  -27.707 0.0000000000
95746  -2.674  52.163  -27.947 0.0000000000
95747  -3.905  52.352  -28.363 0.0000000000
95748  -4.956  52.910  -28.654 0.0000000000
95759  -4.559  52.536  -29.297 0.0000000000
95772  -7.712  52.744  -30.317 0.0000000000
95797  -2.932  52.286  -34.537 0.0000000000
95805  -1.622  53.927  -34.186 0.0000000000
95806  -2.408  53.089  -33.821 0.0000000000
96114  -14.127  54.033  -14.942 0.0000000000
96117  -13.472  53.621  -15.636 0.0000000000
96118  -14.152  54.115  -15.898 0.0000000000
96121  -13.509  53.692  -16.527 0.0000000000
96122  -14.083  54.170  -16.805 0.0000000000
96125  -13.514  53.727  -17.375 0.0000000000
96126  -14.003  54.272  -17.640 0.0000000000
96130  -12.724  53.035  -18.650 0.0000000000
96131  -13.338  53.669  -18.389 0.0000000000
96132  -13.979  54.483  -18.285 0.0000000000
96136  -12.650  53.278  -19.237 0.0000000000
96137  -13.113  54.048  -19.454 0.0000000000
96141  -11.480  53.130  -20.366 0.0000000000
96142  -12.176  53.686  -20.117 0.0000000000
96143  -12.875  54.520  -20.008 0.0000000000
96146  -10.197  53.427  -21.501 0.0000000000
96147  -11.136  53.648  -20.899 0.0000000000
96148  -11.822  54.405  -20.725 0.0000000000
96152  -8.060  53.591  -22.991 0.0000000000
96153  -8.773  53.342  -22.715 0.0000000000
96154  -9.534  53.319  -22.073 0.0000000000
96160  -7.025  53.653  -23.891 0.0000000000
96161  -7.708  53.470  -23.629 0.0000000000
96162  -8.379  53.191  -23.336 0.0000000000
96173  -6.216  53.930  -24.900 0.0000000000
96174  -6.799  53.465  -24.498 0.0000000000
96175  -7.402  53.356  -24.151 0.0000000000
96189  -5.255  53.246  -26.063 0.0000000000
96190  -5.927  53.740  -25.454 0.0000000000
96191  -6.388  53.489  -24.980 0.0000000000
96207  -5.267  53.336  -26.956 0.0000000000
96208  -5.931  53.925  -26.482 0.0000000000
96225  -5.496  53.386  -28.030 0.0000000000
96226  -5.925  53.973  -27.460 0.0000000000
96237  -5.355  53.921  -29.177 0.0000000000
96238  -5.819  54.126  -28.254 0.0000000000
96259  -7.631  53.710  -30.414 0.0000000000
96586  -14.546  54.625  -14.266 0.0000000000
96593  -14.756  54.841  -15.212 0.0000000000
96594  -15.107  55.414  -15.314 0.0000000000
96597  -14.643  54.691  -16.259 0.0000000000
96598  -15.095  55.286  -15.869 0.0000000000
96602  -14.533  54.736  -17.084 0.0000000000
96603  -14.980  55.243  -16.652 0.0000000000
96607  -14.522  54.982  -17.825 0.0000000000
96608  -14.833  55.248  -17.261 0.0000000000
96612  -13.720  54.538  -18.934 0.0000000000
96613  -14.223  55.103  -18.537 0.0000000000
96617  -13.430  54.992  -19.593 0.0000000000
96618  -13.918  55.230  -19.077 0.0000000000
96622  -12.449  54.875  -20.498 0.0000000000
96623  -13.024  55.166  -20.146 0.0000000000
96626  -9.636  54.620  -21.628 0.0000000000
96627  -10.416  54.511  -21.420 0.0000000000
96628  -11.331  54.809  -21.105 0.0000000000
96629  -11.926  55.057  -20.881 0.0000000000
96632  -6.226  54.725  -22.971 0.0000000000
96633  -6.934  54.442  -22.595 0.0000000000
96634  -7.979  54.177  -22.435 0.0000000000
96635  -9.021  54.171  -21.991 0.0000000000
96636  -9.746  53.992  -21.678 0.0000000000
96638  -6.001  54.608  -23.629 0.0000000000
96639  -6.755  54.002  -23.299 0.0000000000
96640  -7.455  53.866  -22.931 0.0000000000
96643  -6.102  54.399  -24.420 0.0000000000
96644  -6.464  53.970  -23.921 0.0000000000
96650  -6.355  54.667  -25.234 0.0000000000
96651  -6.758  55.173  -25.500 0.0000000000
96660  -6.697  54.752  -26.124 0.0000000000
96661  -6.787  55.012  -25.709 0.0000000000
96678  -6.518  54.647  -27.133 0.0000000000
96698  -5.835  54.898  -28.602 0.0000000000
96699  -6.183  54.600  -27.897 0.0000000000
96710  -5.219  54.872  -29.586 0.0000000000
96711  -5.519  54.799  -29.163 0.0000000000
96721  -4.175  54.468  -31.050 0.0000000000
96722  -6.799  53.448  -30.554 0.0000000000
96723  -7.295  54.342  -30.488 0.0000000000
97026  -14.766  55.503  -13.776 0.0000000000
97027  -15.009  55.988  -14.112 0.0000000000
97030  -14.819  55.155  -14.484 0.0000000000
97031  -15.105  55.707  -14.693 0.0000000000
97035  -15.325  55.887  -15.491 0.0000000000
97039  -15.330  55.879  -16.276 0.0000000000
97043  -14.892  55.547  -17.601 0.0000000000
97044  -15.180  55.817  -17.104 0.0000000000
97051  -14.764  55.852  -18.140 0.0000000000
97052  -15.062  55.912  -17.613 0.0000000000
97058  -13.845  55.936  -19.364 0.0000000000
97059  -14.254  55.718  -18.792 0.0000000000
97062  -12.826  55.890  -20.439 0.0000000000
97063  -13.326  55.704  -19.919 0.0000000000
97066  -7.713  55.754  -21.696 0.0000000000
97067  -8.810  55.725  -21.631 0.0000000000
97068  -9.852  55.509  -21.587 0.0000000000
97069  -10.881  55.595  -21.406 0.0000000000
97070  -11.676  55.677  -21.113 0.0000000000
97071  -12.229  55.591  -20.792 0.0000000000
97073  -5.108  56.012  -22.541 0.0000000000
97074  -6.120  55.259  -22.311 0.0000000000
97075  -7.261  54.955  -21.986 0.0000000000
97076  -8.319  54.915  -21.827 0.0000000000
97077  -9.135  54.967  -21.666 0.0000000000
97079  -4.788  55.890  -23.011 0.0000000000
97080  -5.429  55.399  -23.133 0.0000000000
97083  -4.759  55.801  -23.394 0.0000000000
97084  -5.252  55.256  -24.068 0.0000000000
97085  -5.912  55.652  -24.459 0.0000000000
97088  -6.005  55.056  -24.654 0.0000000000
97089  -6.649  55.516  -25.039 0.0000000000
97092  -7.050  55.268  -26.284 0.0000000000
97093  -7.157  55.541  -25.896 0.0000000000
97110  -7.062  55.581  -26.772 0.0000000000
97111  -7.319  56.067  -26.350 0.0000000000
97132  -5.873  55.847  -28.577 0.0000000000
97133  -6.418  55.544  -27.868 0.0000000000
97141  -4.872  55.577  -29.807 0.0000000000
97142  -5.457  55.583  -29.195 0.0000000000
97153  -3.923  54.948  -31.132 0.0000000000
97154  -4.606  54.575  -30.498 0.0000000000
97155  -6.155  54.948  -31.055 0.0000000000
97156  -6.605  54.679  -30.714 0.0000000000
97157  -7.490  55.271  -30.433 0.0000000000
97170  -3.414  54.934  -31.594 0.0000000000
97171  -5.293  54.654  -32.045 0.0000000000
97172  -5.638  53.491  -31.442 0.0000000000
97173  -6.284  53.900  -30.835 0.0000000000
97459  -15.143  56.493  -14.242 0.0000000000
97468  -15.406  56.551  -14.981 0.0000000000
97477  -15.510  56.603  -15.819 0.0000000000
97488  -15.394  56.590  -16.664 0.0000000000
97498  -14.902  56.728  -18.104 0.0000000000
97499  -15.172  56.508  -17.506 0.0000000000
97507  -13.939  56.851  -19.266 0.0000000000
97508  -14.413  56.566  -18.703 0.0000000000
97515  -12.836  56.875  -20.451 0.0000000000
97516  -13.390  56.640  -19.879 0.0000000000
97519  -4.980  57.559  -21.827 0.0000000000
97520  -5.585  57.231  -21.704 0.0000000000
97521  -6.841  56.721  -21.606 0.0000000000
97522  -8.252  56.677  -21.564 0.0000000000
97523  -9.433  56.610  -21.603 0.0000000000
97524  -10.466  56.550  -21.543 0.0000000000
97525  -11.354  56.542  -21.324 0.0000000000
97526  -12.188  56.521  -20.908 0.0000000000
97529  -4.905  57.052  -22.180 0.0000000000
97530  -5.790  56.266  -21.907 0.0000000000
97531  -6.723  55.736  -21.831 0.0000000000
97534  -4.540  56.590  -23.016 0.0000000000
97535  -4.692  56.849  -23.668 0.0000000000
97536  -5.471  56.965  -24.015 0.0000000000
97539  -4.559  56.060  -23.794 0.0000000000
97540  -5.238  56.192  -24.181 0.0000000000
97541  -6.434  56.476  -24.447 0.0000000000
97544  -7.331  56.390  -25.213 0.0000000000
97552  -7.495  56.581  -25.998 0.0000000000
97570  -6.755  56.615  -27.445 0.0000000000
97571  -7.301  56.670  -26.692 0.0000000000
97588  -5.449  56.478  -28.865 0.0000000000
97589  -5.989  56.794  -28.275 0.0000000000
97598  -3.522  56.599  -30.655 0.0000000000
97599  -4.129  56.287  -30.382 0.0000000000
97600  -4.788  56.625  -29.419 0.0000000000
97610  -2.306  56.515  -31.560 0.0000000000
97611  -3.130  56.241  -31.238 0.0000000000
97612  -4.033  55.533  -30.850 0.0000000000
97613  -6.413  55.713  -30.781 0.0000000000
97614  -7.003  56.070  -30.511 0.0000000000
97615  -7.815  56.389  -30.510 0.0000000000
97626  -1.338  55.888  -32.808 0.0000000000
97627  -1.885  56.175  -32.093 0.0000000000
97628  -2.673  55.309  -31.974 0.0000000000
97629  -5.415  55.223  -31.742 0.0000000000
97630  -5.859  55.752  -31.141 0.0000000000
97638  -1.759  55.334  -32.821 0.0000000000
97639  -4.444  54.598  -32.897 0.0000000000
97640  -4.835  55.364  -32.343 0.0000000000
97914  -15.480  57.392  -15.281 0.0000000000
97925  -15.517  57.392  -16.177 0.0000000000
97936  -15.334  57.370  -17.018 0.0000000000
97946  -14.744  57.406  -18.249 0.0000000000
97947  -15.079  57.343  -17.714 0.0000000000
97957  -13.682  57.621  -19.411 0.0000000000
97958  -14.268  57.551  -18.810 0.0000000000
97969  -12.426  57.670  -20.642 0.0000000000
97970  -13.104  57.696  -20.031 0.0000000000
97978  -4.624  57.862  -21.932 0.0000000000
97979  -5.224  58.009  -21.653 0.0000000000
97980  -6.264  57.898  -21.519 0.0000000000
97981  -7.594  57.728  -21.503 0.0000000000
97982  -8.907  57.642  -21.546 0.0000000000
97983  -10.071  57.587  -21.546 0.0000000000
97984  -10.993  57.469  -21.407 0.0000000000
97985  -11.711  57.476  -21.128 0.0000000000
97987  -4.572  57.689  -22.444 0.0000000000
97990  -4.485  57.602  -23.014 0.0000000000
97991  -5.121  57.679  -23.486 0.0000000000
97992  -6.502  57.670  -23.876 0.0000000000
97993  -7.666  58.084  -24.205 0.0000000000
97996  -7.444  57.278  -24.652 0.0000000000
97997  -8.194  58.040  -24.914 0.0000000000
98000  -7.768  57.351  -25.479 0.0000000000
98001  -8.273  58.213  -25.712 0.0000000000
98012  -7.726  57.608  -26.316 0.0000000000
98013  -8.110  58.460  -26.296 0.0000000000
98029  -6.358  57.525  -27.781 0.0000000000
98030  -7.077  57.731  -27.199 0.0000000000
98045  -4.240  57.897  -29.177 0.0000000000
98046  -4.979  57.557  -28.846 0.0000000000
98047  -5.675  57.998  -28.269 0.0000000000
98054  -3.228  57.205  -30.407 0.0000000000
98055  -3.896  57.462  -29.632 0.0000000000
98056  -4.486  57.387  -29.239 0.0000000000
98063  -1.970  57.026  -31.421 0.0000000000
98064  -2.484  57.336  -30.834 0.0000000000
98065  -6.515  56.931  -30.680 0.0000000000
98066  -7.359  57.257  -30.566 0.0000000000
98077  -1.056  56.500  -32.764 0.0000000000
98078  -1.321  57.034  -32.063 0.0000000000
98079  -5.192  56.552  -31.596 0.0000000000
98080  -5.841  57.114  -30.990 0.0000000000
98086  -3.029  54.756  -34.369 0.0000000000
98087  -3.901  55.381  -33.241 0.0000000000
98088  -4.508  56.429  -32.337 0.0000000000
98095  -3.459  54.097  -34.073 0.0000000000
98360  -15.358  58.174  -16.531 0.0000000000
98367  -14.910  58.710  -17.557 0.0000000000
98368  -15.105  58.199  -17.391 0.0000000000
98374  -14.653  58.411  -18.114 0.0000000000
98375  -14.906  57.838  -17.871 0.0000000000
98383  -13.347  58.570  -19.437 0.0000000000
98384  -13.954  58.473  -18.888 0.0000000000
98395  -11.244  58.961  -21.094 0.0000000000
98396  -11.740  58.639  -20.868 0.0000000000
98397  -12.671  58.808  -20.020 0.0000000000
98408  -4.402  58.136  -22.112 0.0000000000
98409  -4.807  58.645  -21.854 0.0000000000
98410  -5.727  58.909  -21.423 0.0000000000
98411  -6.900  58.860  -21.413 0.0000000000
98412  -8.250  58.705  -21.423 0.0000000000
98413  -9.554  58.633  -21.427 0.0000000000
98414  -10.804  58.648  -21.280 0.0000000000
98415  -11.344  58.049  -21.222 0.0000000000
98418  -4.523  58.252  -22.467 0.0000000000
98419  -5.211  59.108  -22.546 0.0000000000
98420  -6.192  59.336  -22.871 0.0000000000
98424  -4.805  58.301  -22.975 0.0000000000
98425  -5.760  58.531  -23.192 0.0000000000
98426  -7.303  58.929  -23.469 0.0000000000
98427  -8.296  58.808  -24.357 0.0000000000
98431  -8.685  59.017  -25.174 0.0000000000
98432  -8.836  59.614  -25.278 0.0000000000
98435  -8.522  59.111  -26.025 0.0000000000
98436  -8.727  59.539  -25.590 0.0000000000
98447  -7.634  58.463  -26.795 0.0000000000
98448  -8.046  59.106  -26.628 0.0000000000
98459  -6.284  58.581  -27.846 0.0000000000
98460  -7.067  58.863  -27.370 0.0000000000
98461  -7.583  59.176  -27.063 0.0000000000
98476  -4.228  58.588  -29.000 0.0000000000
98477  -4.897  58.717  -28.646 0.0000000000
98478  -5.527  58.903  -28.336 0.0000000000
98489  -2.116  58.648  -30.330 0.0000000000
98490  -2.886  58.399  -29.913 0.0000000000
98491  -3.616  58.511  -29.365 0.0000000000
98499  -1.222  58.355  -31.789 0.0000000000
98500  -1.712  58.157  -30.960 0.0000000000
98501  -2.467  57.961  -30.423 0.0000000000
98502  -6.241  58.158  -30.671 0.0000000000
98503  -7.015  58.220  -30.486 0.0000000000
98504  -7.792  58.329  -30.679 0.0000000000
98512  -0.909  57.724  -32.508 0.0000000000
98513  -1.353  57.674  -31.691 0.0000000000
98514  -3.924  57.892  -32.522 0.0000000000
98515  -4.649  57.697  -31.865 0.0000000000
98516  -5.503  57.969  -31.163 0.0000000000
98522  -0.895  56.725  -33.501 0.0000000000
98523  -1.934  55.261  -34.337 0.0000000000
98524  -3.100  56.762  -33.363 0.0000000000
98525  -3.995  56.883  -32.666 0.0000000000
98529  -1.217  55.412  -33.313 0.0000000000
98530  -1.611  55.405  -33.004 0.0000000000
98756  -15.132  58.886  -16.842 0.0000000000
98764  -14.763  59.414  -17.377 0.0000000000
98765  -15.014  58.808  -17.304 0.0000000000
98770  -13.602  60.208  -18.635 0.0000000000
98771  -14.042  59.606  -18.429 0.0000000000
98777  -12.645  60.068  -19.584 0.0000000000
98778  -13.093  59.809  -19.278 0.0000000000
98779  -13.591  59.098  -18.986 0.0000000000
98787  -10.461  59.919  -20.893 0.0000000000
98788  -11.011  59.591  -20.869 0.0000000000
98789  -12.223  59.870  -20.019 0.0000000000
98790  -12.664  59.479  -19.763 0.0000000000
98805  -5.684  60.040  -21.710 0.0000000000
98806  -6.223  60.074  -21.013 0.0000000000
98807  -7.482  59.846  -21.105 0.0000000000
98808  -8.849  59.631  -21.202 0.0000000000
98809  -10.136  59.643  -21.110 0.0000000000
98810  -10.701  59.290  -21.149 0.0000000000
98822  -6.050  60.215  -22.462 0.0000000000
98823  -6.997  59.925  -22.900 0.0000000000
98829  -7.775  59.916  -23.314 0.0000000000
98830  -8.520  59.784  -24.002 0.0000000000
98831  -8.963  60.291  -24.418 0.0000000000
98834  -8.666  59.359  -24.616 0.0000000000
98835  -8.985  59.916  -24.874 0.0000000000
98837  -8.649  59.999  -26.034 0.0000000000
98838  -8.867  60.084  -25.498 0.0000000000
98847  -8.264  59.845  -26.529 0.0000000000
98862  -6.428  59.610  -27.786 0.0000000000
98863  -7.146  59.797  -27.454 0.0000000000
98864  -7.765  59.825  -27.003 0.0000000000
98878  -3.125  59.809  -28.979 0.0000000000
98879  -3.948  59.605  -28.779 0.0000000000
98880  -4.868  59.672  -28.474 0.0000000000
98881  -5.706  59.600  -28.178 0.0000000000
98891  -1.999  59.379  -29.982 0.0000000000
98892  -2.780  59.428  -29.412 0.0000000000
98893  -3.565  59.210  -29.128 0.0000000000
98900  -1.324  59.125  -31.558 0.0000000000
98901  -1.647  59.270  -30.748 0.0000000000
98902  -5.245  59.624  -31.081 0.0000000000
98903  -5.872  59.249  -30.680 0.0000000000
98904  -6.770  59.266  -30.442 0.0000000000
98905  -7.558  59.261  -30.573 0.0000000000
98913  -0.989  58.956  -32.413 0.0000000000
98914  -3.351  58.732  -32.709 0.0000000000
98915  -4.446  59.084  -31.791 0.0000000000
98916  -5.182  58.773  -31.329 0.0000000000
98923  -0.801  58.600  -33.225 0.0000000000
98924  -1.268  58.167  -33.865 0.0000000000
98925  -2.275  58.202  -33.585 0.0000000000
99165  -13.430  60.675  -18.669 0.0000000000
99173  -12.608  60.574  -19.487 0.0000000000
99174  -13.056  61.045  -18.986 0.0000000000
99181  -5.202  63.577  -20.447 0.0000000000
99182  -6.118  63.052  -20.177 0.0000000000
99183  -7.462  61.940  -20.346 0.0000000000
99184  -8.781  61.284  -20.537 0.0000000000
99185  -10.111  60.568  -20.649 0.0000000000
99186  -11.230  60.774  -20.241 0.0000000000
99187  -12.020  61.120  -19.752 0.0000000000
99200  -5.071  63.200  -21.461 0.0000000000
99201  -5.769  61.839  -20.964 0.0000000000
99202  -6.729  61.183  -20.563 0.0000000000
99203  -8.098  60.675  -20.768 0.0000000000
99204  -9.350  60.318  -20.899 0.0000000000
99205  -9.910  60.166  -20.915 0.0000000000
99219  -5.530  62.736  -21.742 0.0000000000
99220  -5.821  61.777  -21.988 0.0000000000
99221  -7.089  61.029  -22.757 0.0000000000
99222  -7.901  61.280  -23.020 0.0000000000
99230  -7.526  60.386  -23.085 0.0000000000
99231  -8.219  60.765  -23.355 0.0000000000
99232  -9.016  60.757  -24.050 0.0000000000
99238  -9.126  60.809  -24.712 0.0000000000
99242  -8.666  60.820  -25.881 0.0000000000
99243  -8.986  60.798  -25.305 0.0000000000
99248  -7.626  61.072  -26.841 0.0000000000
99249  -8.214  60.789  -26.467 0.0000000000
99266  -5.466  60.880  -27.803 0.0000000000
99267  -6.284  60.654  -27.627 0.0000000000
99268  -7.223  60.743  -27.244 0.0000000000
99269  -7.864  60.434  -26.829 0.0000000000
99285  -2.198  60.934  -29.278 0.0000000000
99286  -2.936  60.617  -28.768 0.0000000000
99287  -3.954  60.606  -28.426 0.0000000000
99288  -4.977  60.573  -28.139 0.0000000000
99289  -5.808  60.263  -27.951 0.0000000000
99303  -1.895  60.469  -29.829 0.0000000000
99304  -2.524  60.239  -29.154 0.0000000000
99310  -1.383  59.996  -31.499 0.0000000000
99311  -1.613  60.232  -30.734 0.0000000000
99312  -4.818  60.387  -31.110 0.0000000000
99313  -5.745  60.433  -30.586 0.0000000000
99314  -6.638  60.359  -30.414 0.0000000000
99315  -7.415  60.233  -30.572 0.0000000000
99321  -1.107  59.833  -32.268 0.0000000000
99322  -2.686  59.960  -32.787 0.0000000000
99323  -3.756  60.143  -31.890 0.0000000000
99328  -0.776  59.774  -32.936 0.0000000000
99329  -0.947  59.744  -33.426 0.0000000000
99330  -1.682  59.818  -33.411 0.0000000000
99563  -12.511  61.596  -19.244 0.0000000000
99568  -7.165  63.256  -20.275 0.0000000000
99569  -8.270  62.420  -20.327 0.0000000000
99570  -9.408  61.928  -20.347 0.0000000000
99571  -10.486  61.744  -20.232 0.0000000000
99572  -11.379  61.855  -19.882 0.0000000000
99573  -12.015  62.104  -19.479 0.0000000000
99592  -5.485  63.087  -21.682 0.0000000000
99593  -6.080  62.910  -21.914 0.0000000000
99594  -6.907  62.217  -22.423 0.0000000000
99595  -7.784  61.803  -22.840 0.0000000000
99602  -8.370  61.675  -23.236 0.0000000000
99603  -8.933  61.620  -23.749 0.0000000000
99613  -9.177  61.618  -24.460 0.0000000000
99622  -8.703  61.674  -25.656 0.0000000000
99623  -9.096  61.641  -25.106 0.0000000000
99628  -7.650  61.745  -26.623 0.0000000000
99629  -8.256  61.706  -26.216 0.0000000000
99643  -4.498  61.936  -27.608 0.0000000000
99644  -5.360  61.637  -27.517 0.0000000000
99645  -6.298  61.631  -27.281 0.0000000000
99646  -7.041  61.722  -26.994 0.0000000000
99667  -2.289  61.684  -29.141 0.0000000000
99668  -2.987  61.584  -28.425 0.0000000000
99669  -3.976  61.584  -27.968 0.0000000000
99670  -4.851  61.317  -27.789 0.0000000000
99688  -2.002  61.660  -30.132 0.0000000000
99698  -1.484  60.742  -31.638 0.0000000000
99699  -1.685  61.370  -31.177 0.0000000000
99700  -3.265  61.913  -31.787 0.0000000000
99701  -4.228  61.455  -31.188 0.0000000000
99702  -5.463  61.447  -30.580 0.0000000000
99703  -6.509  61.437  -30.499 0.0000000000
99712  -1.226  60.522  -32.340 0.0000000000
99713  -1.464  61.311  -32.402 0.0000000000
99714  -2.236  61.403  -32.731 0.0000000000
99715  -3.227  61.057  -32.138 0.0000000000
99720  -0.894  60.271  -32.709 0.0000000000
99721  -0.832  60.582  -32.989 0.0000000000
99722  -1.262  60.790  -33.269 0.0000000000
99969  -11.879  63.207  -19.247 0.0000000000
99970  -12.393  62.774  -18.919 0.0000000000
99976  -8.081  63.300  -20.303 0.0000000000
99977  -8.925  62.978  -20.313 0.0000000000
99978  -9.904  62.768  -20.260 0.0000000000
99979  -10.808  62.707  -19.988 0.0000000000
99980  -11.640  62.780  -19.522 0.0000000000
99981  -12.030  62.544  -19.339 0.0000000000
100004  -8.009  62.697  -22.705 0.0000000000
100005  -8.584  63.223  -22.977 0.0000000000
100017  -8.293  62.160  -23.034 0.0000000000
100018  -8.790  62.621  -23.416 0.0000000000
100028  -9.213  62.529  -24.217 0.0000000000
100035  -8.823  62.569  -25.452 0.0000000000
100036  -9.190  62.515  -24.892 0.0000000000
100042  -7.696  62.639  -26.427 0.0000000000
100043  -8.331  62.626  -26.001 0.0000000000
100049  -4.686  62.619  -27.559 0.0000000000
100050  -5.550  62.544  -27.359 0.0000000000
100051  -6.340  62.563  -27.109 0.0000000000
100052  -7.036  62.614  -26.800 0.0000000000
100072  -2.506  62.610  -29.041 0.0000000000
100073  -3.024  62.585  -28.197 0.0000000000
100074  -3.832  62.635  -27.752 0.0000000000
100094  -2.327  62.638  -30.105 0.0000000000
100105  -1.947  62.696  -31.334 0.0000000000
100106  -2.792  62.748  -31.763 0.0000000000
100107  -4.044  62.636  -30.995 0.0000000000
100108  -5.252  62.511  -30.595 0.0000000000
100109  -6.306  62.411  -30.648 0.0000000000
100116  -1.606  62.016  -31.899 0.0000000000
100117  -1.805  62.239  -32.243 0.0000000000
100336  -11.942  63.712  -19.046 0.0000000000
100342  -7.708  64.126  -20.450 0.0000000000
100343  -8.585  63.897  -20.396 0.0000000000
100344  -9.456  63.729  -20.303 0.0000000000
100345  -10.318  63.631  -20.044 0.0000000000
100346  -11.039  63.536  -19.705 0.0000000000
100347  -11.520  63.608  -19.382 0.0000000000
100365  -8.227  63.959  -22.525 0.0000000000
100375  -9.052  63.747  -23.273 0.0000000000
100383  -9.379  63.544  -24.025 0.0000000000
100385  -9.064  63.435  -25.287 0.0000000000
100386  -9.299  63.416  -24.722 0.0000000000
100389  -7.879  63.624  -26.328 0.0000000000
100390  -8.553  63.594  -25.828 0.0000000000
100395  -4.975  63.446  -27.657 0.0000000000
100396  -5.764  63.418  -27.408 0.0000000000
100397  -6.472  63.492  -27.099 0.0000000000
100398  -7.152  63.565  -26.706 0.0000000000
100417  -2.658  63.588  -28.939 0.0000000000
100418  -3.231  63.577  -28.223 0.0000000000
100419  -4.072  63.552  -27.847 0.0000000000
100442  -2.518  63.605  -29.959 0.0000000000
100455  -2.452  63.663  -30.856 0.0000000000
100456  -2.804  63.743  -31.231 0.0000000000
100457  -3.844  63.696  -30.791 0.0000000000
100458  -5.142  63.553  -30.650 0.0000000000
100678  -11.177  65.041  -19.359 0.0000000000
100679  -11.489  64.482  -19.213 0.0000000000
100680  -12.008  64.462  -18.738 0.0000000000
100683  -8.403  64.806  -20.497 0.0000000000
100684  -9.134  64.631  -20.382 0.0000000000
100685  -9.922  64.579  -20.133 0.0000000000
100686  -10.774  64.542  -19.661 0.0000000000
100687  -11.194  64.029  -19.499 0.0000000000
100706  -7.776  64.906  -22.296 0.0000000000
100707  -8.411  65.011  -22.614 0.0000000000
100718  -9.018  64.744  -23.061 0.0000000000
100726  -9.451  64.605  -23.811 0.0000000000
100729  -9.271  63.988  -25.120 0.0000000000
100730  -9.454  64.557  -24.753 0.0000000000
100736  -8.247  64.725  -26.341 0.0000000000
100737  -9.015  64.597  -25.605 0.0000000000
100738  -9.335  65.137  -25.272 0.0000000000
100749  -5.305  64.103  -27.709 0.0000000000
100750  -5.950  64.389  -27.479 0.0000000000
100751  -6.675  64.421  -27.120 0.0000000000
100752  -7.423  64.592  -26.754 0.0000000000
100772  -2.758  64.593  -28.815 0.0000000000
100773  -3.497  64.552  -28.305 0.0000000000
100774  -4.506  64.501  -27.995 0.0000000000
100775  -5.260  64.821  -27.779 0.0000000000
100794  -2.466  64.635  -29.846 0.0000000000
100806  -2.367  64.612  -30.791 0.0000000000
100807  -2.696  64.612  -31.268 0.0000000000
100808  -3.655  64.729  -31.022 0.0000000000
100809  -5.285  64.769  -30.914 0.0000000000
101020  -8.937  65.384  -20.436 0.0000000000
101021  -9.555  65.457  -20.241 0.0000000000
101022  -10.257  65.506  -19.889 0.0000000000
101028  -7.030  65.375  -22.213 0.0000000000
101041  -6.997  66.121  -22.356 0.0000000000
101042  -7.860  65.806  -22.506 0.0000000000
101043  -8.692  65.686  -22.992 0.0000000000
101052  -9.239  65.574  -23.567 0.0000000000
101054  -9.472  65.589  -24.287 0.0000000000
101060  -9.437  65.690  -25.003 0.0000000000
101068  -8.241  65.356  -26.505 0.0000000000
101069  -8.562  65.689  -26.286 0.0000000000
101070  -9.129  65.718  -25.590 0.0000000000
101082  -6.312  64.971  -27.396 0.0000000000
101083  -6.839  65.536  -27.349 0.0000000000
101084  -7.906  65.655  -26.832 0.0000000000
101085  -8.261  66.181  -26.666 0.0000000000
101100  -2.834  65.590  -28.571 0.0000000000
101101  -3.723  65.561  -28.287 0.0000000000
101102  -4.732  65.580  -28.054 0.0000000000
101103  -5.823  65.556  -27.707 0.0000000000
101104  -6.350  66.060  -27.653 0.0000000000
101121  -2.348  65.648  -29.479 0.0000000000
101134  -1.880  65.779  -30.902 0.0000000000
101135  -2.327  65.426  -31.465 0.0000000000
101136  -3.257  65.615  -31.452 0.0000000000
101137  -4.533  65.705  -31.174 0.0000000000
101144  -1.902  66.019  -31.946 0.0000000000
101145  -2.658  66.038  -31.793 0.0000000000
101146  -3.113  66.036  -31.651 0.0000000000
101147  -5.701  65.773  -31.494 0.0000000000
101328  -7.744  65.108  -20.572 0.0000000000
101329  -8.439  65.790  -20.488 0.0000000000
101330  -9.184  66.217  -20.393 0.0000000000
101331  -9.894  66.382  -20.114 0.0000000000
101343  -6.028  65.906  -22.199 0.0000000000
101344  -6.584  66.717  -22.443 0.0000000000
101345  -7.383  66.782  -22.561 0.0000000000
101346  -8.310  66.726  -22.915 0.0000000000
101347  -8.904  66.303  -23.373 0.0000000000
101353  -8.784  66.987  -23.455 0.0000000000
101354  -9.251  66.590  -23.912 0.0000000000
101359  -9.391  66.561  -24.664 0.0000000000
101367  -9.299  66.580  -25.331 0.0000000000
101375  -8.504  66.700  -26.494 0.0000000000
101376  -8.977  66.604  -25.971 0.0000000000
101389  -6.691  66.577  -27.672 0.0000000000
101390  -7.397  66.573  -27.339 0.0000000000
101391  -8.032  66.690  -26.927 0.0000000000
101404  -2.294  66.587  -28.882 0.0000000000
101405  -2.972  66.576  -28.353 0.0000000000
101406  -3.994  66.560  -28.253 0.0000000000
101407  -5.133  66.541  -28.185 0.0000000000
101408  -6.044  66.569  -27.958 0.0000000000
101421  -2.048  66.660  -29.971 0.0000000000
101435  -1.646  66.852  -30.965 0.0000000000
101436  -3.973  66.005  -31.356 0.0000000000
101437  -4.400  66.228  -31.322 0.0000000000
101444  -1.636  66.760  -31.768 0.0000000000
101445  -2.424  66.747  -32.077 0.0000000000
101446  -3.639  66.513  -31.497 0.0000000000
101447  -5.279  66.640  -31.540 0.0000000000
101600  -4.693  65.118  -21.020 0.0000000000
101601  -5.316  65.076  -20.590 0.0000000000
101602  -6.547  64.663  -20.535 0.0000000000
101603  -7.744  66.235  -20.550 0.0000000000
101604  -8.694  66.923  -20.523 0.0000000000
101605  -9.515  67.249  -20.278 0.0000000000
101610  -4.910  65.947  -21.646 0.0000000000
101611  -5.084  66.892  -22.135 0.0000000000
101622  -5.831  67.223  -22.407 0.0000000000
101623  -6.719  67.566  -22.528 0.0000000000
101624  -7.633  67.707  -22.762 0.0000000000
101625  -8.390  67.730  -23.235 0.0000000000
101632  -8.960  67.627  -23.765 0.0000000000
101633  -9.287  67.493  -24.379 0.0000000000
101639  -9.408  67.444  -25.038 0.0000000000
101648  -9.237  67.442  -25.678 0.0000000000
101655  -8.308  67.540  -26.758 0.0000000000
101656  -8.851  67.497  -26.256 0.0000000000
101669  -6.422  67.207  -27.995 0.0000000000
101670  -7.034  67.510  -27.721 0.0000000000
101671  -7.736  67.518  -27.261 0.0000000000
101683  -2.033  67.479  -29.229 0.0000000000
101684  -2.407  67.512  -28.570 0.0000000000
101685  -3.270  67.567  -28.423 0.0000000000
101686  -4.458  67.553  -28.474 0.0000000000
101687  -5.698  67.546  -28.318 0.0000000000
101688  -6.469  67.862  -28.102 0.0000000000
101699  -1.969  67.538  -30.297 0.0000000000
101714  -1.848  67.544  -31.288 0.0000000000
101719  -2.221  67.600  -31.798 0.0000000000
101720  -3.297  67.588  -31.511 0.0000000000
101721  -4.772  67.582  -31.555 0.0000000000
101909  -4.653  66.852  -20.697 0.0000000000
101910  -5.704  66.742  -20.598 0.0000000000
101911  -6.984  67.117  -20.593 0.0000000000
101912  -8.121  67.735  -20.586 0.0000000000
101913  -9.038  68.134  -20.373 0.0000000000
101919  -4.129  67.148  -21.106 0.0000000000
101920  -4.394  67.615  -21.661 0.0000000000
101932  -5.002  68.014  -22.167 0.0000000000
101933  -5.912  68.338  -22.420 0.0000000000
101934  -6.901  68.589  -22.632 0.0000000000
101935  -7.779  68.747  -23.138 0.0000000000
101946  -8.538  68.527  -23.631 0.0000000000
101947  -9.030  68.394  -24.146 0.0000000000
101960  -9.286  68.331  -24.765 0.0000000000
101970  -9.312  68.231  -25.384 0.0000000000
101977  -8.631  68.402  -26.464 0.0000000000
101978  -9.115  68.277  -25.935 0.0000000000
101991  -7.457  68.379  -27.542 0.0000000000
101992  -8.037  68.432  -27.035 0.0000000000
102004  -2.077  68.156  -28.816 0.0000000000
102005  -2.656  68.577  -28.627 0.0000000000
102006  -3.757  68.630  -28.616 0.0000000000
102007  -4.996  68.598  -28.526 0.0000000000
102008  -6.085  68.596  -28.242 0.0000000000
102009  -6.857  68.467  -27.894 0.0000000000
102019  -2.148  68.300  -29.572 0.0000000000
102020  -2.207  68.749  -28.999 0.0000000000
102033  -2.368  68.388  -30.670 0.0000000000
102034  -2.781  69.036  -30.922 0.0000000000
102037  -2.267  68.006  -31.359 0.0000000000
102038  -2.998  68.566  -31.304 0.0000000000
102039  -4.326  68.584  -31.493 0.0000000000
102236  -3.316  69.912  -20.525 0.0000000000
102237  -3.869  68.899  -20.683 0.0000000000
102238  -5.017  68.429  -20.542 0.0000000000
102239  -6.325  68.484  -20.534 0.0000000000
102240  -7.571  68.777  -20.512 0.0000000000
102241  -8.515  69.004  -20.297 0.0000000000
102244  -3.284  69.730  -20.687 0.0000000000
102245  -3.595  68.944  -21.158 0.0000000000
102246  -4.255  68.972  -21.762 0.0000000000
102255  -5.055  69.180  -22.247 0.0000000000
102256  -6.058  69.459  -22.491 0.0000000000
102257  -7.098  69.637  -22.864 0.0000000000
102258  -7.664  69.477  -23.217 0.0000000000
102271  -7.598  69.960  -23.262 0.0000000000
102272  -8.182  69.564  -23.564 0.0000000000
102273  -8.699  69.094  -23.968 0.0000000000
102289  -8.676  69.742  -24.017 0.0000000000
102290  -8.923  69.239  -24.505 0.0000000000
102302  -8.908  69.565  -25.408 0.0000000000
102303  -9.110  69.108  -25.213 0.0000000000
102313  -8.860  69.281  -25.906 0.0000000000
102314  -9.124  68.725  -25.610 0.0000000000
102326  -7.225  70.034  -27.551 0.0000000000
102327  -7.628  69.405  -27.354 0.0000000000
102328  -8.318  69.337  -26.708 0.0000000000
102339  -3.172  69.842  -28.498 0.0000000000
102340  -4.316  69.674  -28.452 0.0000000000
102341  -5.519  69.582  -28.322 0.0000000000
102342  -6.699  69.519  -27.904 0.0000000000
102343  -7.197  68.943  -27.701 0.0000000000
102351  -2.349  68.978  -29.532 0.0000000000
102352  -2.572  69.573  -29.131 0.0000000000
102357  -2.385  68.777  -30.001 0.0000000000
102358  -2.665  69.461  -30.336 0.0000000000
102362  -2.999  69.707  -31.287 0.0000000000
102363  -3.822  69.662  -31.509 0.0000000000
102572  -8.547  70.663  -19.838 0.0000000000
102575  -3.091  70.441  -20.608 0.0000000000
102576  -3.441  70.216  -20.457 0.0000000000
102577  -4.424  69.895  -20.345 0.0000000000
102578  -5.753  69.824  -20.408 0.0000000000
102579  -7.055  69.937  -20.403 0.0000000000
102580  -8.245  70.171  -20.159 0.0000000000
102581  -8.744  69.769  -19.994 0.0000000000
102584  -2.934  70.306  -20.936 0.0000000000
102585  -3.533  70.251  -21.518 0.0000000000
102586  -4.335  69.912  -22.003 0.0000000000
102597  -4.073  70.727  -22.005 0.0000000000
102598  -5.048  70.414  -22.358 0.0000000000
102599  -6.260  70.537  -22.639 0.0000000000
102600  -7.206  70.617  -23.046 0.0000000000
102611  -7.909  70.517  -23.432 0.0000000000
102612  -8.437  70.442  -23.791 0.0000000000
102624  -8.752  70.326  -24.448 0.0000000000
102625  -8.940  69.722  -24.932 0.0000000000
102636  -8.756  70.239  -25.334 0.0000000000
102637  -8.932  69.667  -25.186 0.0000000000
102647  -7.878  71.077  -26.653 0.0000000000
102648  -8.314  70.465  -26.357 0.0000000000
102658  -6.768  70.608  -27.676 0.0000000000
102659  -7.582  70.590  -27.109 0.0000000000
102660  -8.034  69.965  -26.921 0.0000000000
102671  -3.129  70.926  -28.429 0.0000000000
102672  -3.751  70.734  -28.248 0.0000000000
102673  -4.860  70.560  -28.219 0.0000000000
102674  -5.916  70.505  -28.105 0.0000000000
102682  -2.796  70.680  -28.829 0.0000000000
102688  -2.905  70.595  -29.905 0.0000000000
102693  -2.900  70.636  -31.093 0.0000000000
102694  -3.328  70.630  -31.752 0.0000000000
102868  -8.362  71.200  -19.750 0.0000000000
102869  -8.645  71.664  -19.196 0.0000000000
102872  -2.848  71.388  -20.767 0.0000000000
102873  -3.155  71.314  -20.520 0.0000000000
102874  -3.997  71.176  -20.444 0.0000000000
102875  -5.259  71.079  -20.400 0.0000000000
102876  -6.562  71.086  -20.342 0.0000000000
102877  -7.648  71.102  -20.156 0.0000000000
102881  -2.859  71.404  -21.220 0.0000000000
102882  -3.454  71.471  -21.743 0.0000000000
102891  -4.321  71.502  -22.222 0.0000000000
102892  -5.430  71.505  -22.529 0.0000000000
102893  -6.584  71.521  -22.809 0.0000000000
102894  -7.702  71.519  -23.287 0.0000000000
102895  -8.160  72.008  -23.492 0.0000000000
102905  -8.200  70.990  -23.579 0.0000000000
102906  -8.497  71.461  -23.873 0.0000000000
102915  -8.658  71.392  -24.794 0.0000000000
102922  -8.426  71.445  -25.643 0.0000000000
102931  -7.505  71.605  -26.812 0.0000000000
102932  -8.017  71.628  -26.323 0.0000000000
102938  -5.179  71.702  -27.897 0.0000000000
102939  -5.962  71.485  -27.781 0.0000000000
102940  -6.916  71.496  -27.352 0.0000000000
102947  -2.880  71.469  -28.510 0.0000000000
102948  -3.195  71.610  -28.052 0.0000000000
102949  -4.319  71.648  -27.960 0.0000000000
102950  -5.278  71.178  -28.013 0.0000000000
102953  -2.912  71.581  -29.359 0.0000000000
102959  -3.010  71.608  -30.684 0.0000000000
102964  -3.106  71.529  -31.568 0.0000000000
103083  -7.705  72.760  -19.304 0.0000000000
103084  -8.187  72.305  -19.275 0.0000000000
103088  -2.836  72.377  -20.607 0.0000000000
103089  -3.600  72.374  -20.440 0.0000000000
103090  -4.792  72.268  -20.395 0.0000000000
103091  -6.068  72.174  -20.264 0.0000000000
103092  -7.297  72.212  -19.826 0.0000000000
103093  -7.925  71.727  -19.781 0.0000000000
103097  -2.597  72.364  -20.961 0.0000000000
103098  -2.901  72.500  -21.441 0.0000000000
103099  -3.693  72.926  -21.654 0.0000000000
103105  -3.691  72.228  -21.934 0.0000000000
103106  -4.647  72.512  -22.199 0.0000000000
103107  -5.850  72.445  -22.502 0.0000000000
103108  -6.986  72.478  -22.744 0.0000000000
103109  -7.870  72.528  -23.158 0.0000000000
103116  -8.355  72.505  -23.672 0.0000000000
103122  -8.526  72.393  -24.364 0.0000000000
103125  -8.477  72.390  -25.168 0.0000000000
103133  -7.595  72.634  -26.565 0.0000000000
103134  -8.213  72.497  -25.921 0.0000000000
103141  -5.055  72.511  -27.802 0.0000000000
103142  -6.321  72.418  -27.482 0.0000000000
103143  -7.081  72.256  -27.078 0.0000000000
103151  -2.953  72.525  -28.565 0.0000000000
103152  -3.427  72.462  -27.875 0.0000000000
103153  -4.118  72.447  -27.825 0.0000000000
103156  -3.208  72.527  -30.036 0.0000000000
103164  -3.299  72.511  -31.213 0.0000000000
103169  -3.372  71.890  -31.533 0.0000000000
103237  -8.219  73.796  -18.358 0.0000000000
103245  -6.309  73.974  -19.576 0.0000000000
103246  -7.234  73.343  -19.254 0.0000000000
103247  -7.913  73.156  -18.847 0.0000000000
103248  -8.420  73.029  -18.597 0.0000000000
103251  -2.597  73.054  -20.811 0.0000000000
103252  -3.362  73.519  -20.518 0.0000000000
103253  -4.390  73.431  -20.308 0.0000000000
103254  -5.599  73.214  -20.132 0.0000000000
103255  -6.566  73.000  -19.853 0.0000000000
103260  -2.471  72.979  -21.109 0.0000000000
103261  -3.011  73.676  -21.121 0.0000000000
103262  -4.670  73.663  -21.605 0.0000000000
103263  -5.559  74.105  -21.660 0.0000000000
103266  -5.319  73.045  -22.174 0.0000000000
103267  -6.178  73.517  -22.159 0.0000000000
103268  -7.472  73.392  -22.660 0.0000000000
103269  -8.171  73.301  -23.251 0.0000000000
103272  -8.478  73.290  -23.965 0.0000000000
103274  -8.438  73.261  -24.765 0.0000000000
103276  -8.289  73.281  -25.506 0.0000000000
103282  -6.560  74.040  -27.016 0.0000000000
103283  -7.266  73.795  -26.585 0.0000000000
103284  -7.923  73.498  -26.097 0.0000000000
103291  -4.682  73.558  -27.789 0.0000000000
103292  -5.764  73.629  -27.547 0.0000000000
103293  -6.857  73.140  -27.125 0.0000000000
103301  -3.375  73.665  -28.487 0.0000000000
103302  -3.156  73.415  -27.993 0.0000000000
103303  -3.911  73.174  -27.766 0.0000000000
103306  -3.376  73.445  -29.518 0.0000000000
103316  -3.431  73.380  -30.541 0.0000000000
103317  -3.721  73.554  -30.769 0.0000000000
103345  -5.834  75.330  -18.015 0.0000000000
103346  -6.302  75.111  -17.931 0.0000000000
103355  -4.988  75.382  -19.254 0.0000000000
103356  -5.659  75.169  -18.832 0.0000000000
103357  -6.797  74.338  -18.650 0.0000000000
103358  -7.562  73.841  -18.572 0.0000000000
103363  -3.769  74.064  -20.295 0.0000000000
103364  -4.309  74.683  -19.920 0.0000000000
103365  -5.266  74.201  -19.901 0.0000000000
103370  -3.619  74.101  -20.490 0.0000000000
103371  -3.914  74.812  -20.814 0.0000000000
103372  -5.191  74.868  -21.330 0.0000000000
103373  -6.251  75.124  -21.482 0.0000000000
103376  -6.129  74.422  -21.704 0.0000000000
103377  -7.160  74.613  -22.120 0.0000000000
103378  -7.910  74.046  -22.835 0.0000000000
103381  -7.798  74.889  -22.985 0.0000000000
103382  -8.209  74.096  -23.518 0.0000000000
103384  -7.838  74.942  -23.889 0.0000000000
103385  -8.271  74.117  -24.361 0.0000000000
103388  -7.679  74.926  -24.829 0.0000000000
103389  -8.109  74.049  -25.199 0.0000000000
103392  -6.708  74.669  -26.560 0.0000000000
103393  -7.411  74.721  -25.886 0.0000000000
103394  -7.997  73.893  -25.696 0.0000000000
103397  -2.961  74.994  -27.892 0.0000000000
103398  -3.230  74.940  -27.791 0.0000000000
103399  -4.440  74.624  -27.615 0.0000000000
103400  -5.820  74.937  -27.010 0.0000000000
103405  -3.120  74.609  -28.107 0.0000000000
103406  -3.545  74.109  -27.983 0.0000000000
103407  -4.130  73.857  -27.884 0.0000000000
103413  -3.580  74.525  -29.194 0.0000000000
103423  -3.639  73.961  -30.142 0.0000000000
103424  -3.721  73.825  -30.489 0.0000000000
103450  -4.886  75.922  -18.644 0.0000000000
103451  -5.359  75.628  -18.292 0.0000000000
103459  -4.226  75.770  -19.884 0.0000000000
103460  -5.814  76.171  -20.794 0.0000000000
103461  -6.148  76.258  -20.833 0.0000000000
103467  -4.687  75.712  -20.725 0.0000000000
103468  -5.657  75.879  -20.988 0.0000000000
103469  -6.824  75.941  -21.375 0.0000000000
103473  -7.531  75.915  -22.359 0.0000000000
103476  -7.606  75.972  -23.377 0.0000000000
103479  -7.389  75.957  -24.308 0.0000000000
103482  -6.437  76.268  -25.686 0.0000000000
103483  -6.846  75.972  -25.312 0.0000000000
103485  -5.420  76.308  -26.484 0.0000000000
103486  -6.191  75.935  -26.255 0.0000000000
103487  -6.864  75.509  -25.837 0.0000000000
103490  -3.045  75.434  -27.869 0.0000000000
103491  -3.522  75.779  -27.429 0.0000000000
103492  -4.892  75.992  -26.834 0.0000000000
103493  -5.682  75.606  -26.728 0.0000000000
103496  -3.309  75.650  -28.553 0.0000000000
103521  -4.399  76.742  -19.053 0.0000000000
103522  -4.924  76.975  -19.490 0.0000000000
103530  -4.739  76.315  -20.075 0.0000000000
103531  -5.575  76.404  -20.402 0.0000000000
103536  -5.170  76.099  -20.634 0.0000000000
103537  -5.439  76.124  -20.727 0.0000000000
103544  -7.216  77.170  -23.867 0.0000000000
103547  -6.335  77.823  -24.794 0.0000000000
103548  -6.788  76.978  -24.554 0.0000000000
103551  -5.419  77.934  -25.693 0.0000000000
103552  -6.145  76.998  -25.430 0.0000000000
103553  -6.521  76.893  -25.001 0.0000000000
103557  -5.088  77.061  -26.334 0.0000000000
103558  -5.702  76.929  -25.886 0.0000000000
103563  -3.805  76.948  -27.218 0.0000000000
103564  -4.404  76.960  -26.754 0.0000000000
103612  -6.652  78.318  -24.287 0.0000000000
105474  -2.433  48.368  -33.274 0.0000000000
105475  -3.981  46.335  -34.318 0.0000000000
105476  -2.952  47.195  -32.700 0.0000000000
105477  -2.055  48.923  -34.649 0.0000000000
105478  -3.427  46.137  -35.237 0.0000000000
105479  -5.240  48.401  -32.327 0.0000000000
105480  -2.760  48.255  -32.245 0.0000000000
105481  -2.041  47.782  -34.892 0.0000000000
105482  -2.338  49.630  -32.866 0.0000000000
105483  -2.386  47.977  -34.714 0.0000000000
105484  -2.223  49.600  -33.397 0.0000000000
105485  -3.209  48.968  -35.253 0.0000000000
105486  -3.735  47.272  -34.624 0.0000000000
105487  -2.517  49.000  -35.194 0.0000000000
105488  -4.417  49.627  -33.902 0.0000000000
105489  -3.908  49.313  -34.504 0.0000000000
105490  -4.107  48.177  -34.334 0.0000000000
105491  -4.434  53.353  -30.825 0.0000000000
105492  -4.973  53.087  -29.338 0.0000000000
105493  -2.325  53.779  -34.300 0.0000000000
105494  -3.121  54.600  -31.941 0.0000000000
105495  -2.824  54.902  -32.047 0.0000000000
105496  -4.807  53.017  -30.085 0.0000000000
105497  -6.018  52.203  -31.030 0.0000000000
105498  -7.133  52.479  -30.415 0.0000000000
105499  -3.498  54.482  -31.684 0.0000000000
105500  -2.889  53.892  -32.642 0.0000000000
105501  -2.708  54.796  -32.326 0.0000000000
105502  -4.491  53.367  -33.075 0.0000000000
105503  -4.834  53.487  -32.600 0.0000000000
105504  -2.298  55.182  -32.472 0.0000000000
105505  -1.952  54.234  -33.500 0.0000000000
105506  -2.292  54.718  -32.801 0.0000000000
105507  -4.989  54.310  -32.427 0.0000000000
105508  -2.141  55.555  -32.365 0.0000000000
105509  -2.607  54.168  -34.723 0.0000000000
105510  -2.576  53.896  -34.599 0.0000000000
105511  -4.546  53.947  -32.914 0.0000000000
105512  -1.511  54.716  -34.022 0.0000000000
105513  -4.057  53.740  -33.523 0.0000000000
105514  -1.635  54.707  -33.498 0.0000000000
105515  -1.312  54.614  -33.824 0.0000000000
105540  -5.557  63.632  -21.684 0.0000000000
105541  -5.576  63.436  -20.217 0.0000000000
105542  -6.517  63.592  -20.308 0.0000000000
105543  -6.450  63.224  -21.964 0.0000000000
105544  -6.320  63.656  -21.866 0.0000000000
105545  -7.019  63.247  -22.141 0.0000000000
105546  -6.988  64.413  -22.043 0.0000000000
105547  -6.387  65.125  -22.071 0.0000000000
105548  -6.033  63.774  -20.306 0.0000000000
105549  -5.864  64.765  -21.884 0.0000000000
105550  -5.712  63.832  -20.361 0.0000000000
105551  -5.026  64.468  -21.585 0.0000000000
105552  -6.063  65.240  -22.077 0.0000000000
