#!ascii label  , from subject FREESURFER vox2ras=TkReg 
152
82967  -3.056  28.386  -19.261 0.0000000000
82968  -3.347  28.447  -19.979 0.0000000000
83473  -3.143  29.680  -18.583 0.0000000000
83476  -3.031  28.992  -18.790 0.0000000000
83477  -3.413  29.402  -19.373 0.0000000000
83478  -3.795  29.838  -19.905 0.0000000000
83481  -3.673  29.177  -20.289 0.0000000000
83482  -4.024  29.866  -20.600 0.0000000000
83967  -3.076  31.507  -17.828 0.0000000000
83968  -3.254  31.412  -18.008 0.0000000000
83970  -3.361  31.706  -18.065 0.0000000000
83971  -3.684  31.788  -18.383 0.0000000000
83972  -4.141  32.048  -18.878 0.0000000000
83975  -3.716  30.112  -19.470 0.0000000000
83976  -4.287  32.094  -19.182 0.0000000000
83979  -4.429  30.600  -20.932 0.0000000000
84429  -3.432  32.144  -18.129 0.0000000000
84430  -3.997  32.288  -18.720 0.0000000000
84433  -4.389  32.369  -19.317 0.0000000000
84436  -4.822  32.517  -20.181 0.0000000000
84437  -5.161  32.721  -20.847 0.0000000000
84896  -4.308  32.929  -19.211 0.0000000000
84897  -4.730  33.199  -19.754 0.0000000000
84900  -4.680  32.754  -19.752 0.0000000000
84901  -5.074  33.047  -20.342 0.0000000000
84904  -5.376  33.058  -21.245 0.0000000000
85369  -5.052  33.755  -20.011 0.0000000000
85372  -5.464  33.720  -20.738 0.0000000000
85375  -5.770  33.705  -21.701 0.0000000000
85376  -5.883  34.121  -22.320 0.0000000000
85872  -5.209  34.525  -20.406 0.0000000000
85876  -5.613  34.550  -21.090 0.0000000000
85879  -5.890  34.669  -21.806 0.0000000000
86402  -5.315  35.362  -20.741 0.0000000000
86404  -5.696  35.487  -21.369 0.0000000000
86405  -6.042  35.545  -22.057 0.0000000000
86906  -5.072  35.902  -20.516 0.0000000000
86908  -5.154  37.013  -20.512 0.0000000000
86909  -5.445  36.445  -20.859 0.0000000000
86911  -5.992  36.435  -21.649 0.0000000000
86912  -6.298  36.420  -22.396 0.0000000000
87421  -5.420  37.546  -20.807 0.0000000000
87423  -5.907  37.401  -21.349 0.0000000000
87424  -6.331  37.362  -22.016 0.0000000000
87427  -6.504  37.321  -22.826 0.0000000000
87939  -5.189  38.491  -20.723 0.0000000000
87941  -5.767  38.348  -21.202 0.0000000000
87942  -6.209  38.320  -21.720 0.0000000000
87945  -6.474  38.344  -22.438 0.0000000000
87947  -6.544  38.243  -23.354 0.0000000000
88455  -5.704  39.446  -21.148 0.0000000000
88456  -6.060  39.984  -21.411 0.0000000000
88458  -6.054  38.920  -21.500 0.0000000000
88459  -6.461  39.606  -21.925 0.0000000000
88460  -6.749  40.368  -22.337 0.0000000000
88463  -6.683  39.251  -22.937 0.0000000000
88464  -6.899  40.164  -22.744 0.0000000000
88470  -6.559  39.171  -23.857 0.0000000000
88471  -6.853  40.049  -23.526 0.0000000000
88476  -6.441  39.311  -24.675 0.0000000000
88477  -6.701  39.991  -24.341 0.0000000000
88483  -6.384  39.715  -25.336 0.0000000000
88484  -6.624  39.901  -24.869 0.0000000000
89020  -6.123  40.641  -21.495 0.0000000000
89021  -6.597  40.828  -22.052 0.0000000000
89026  -6.909  40.958  -22.655 0.0000000000
89034  -7.069  40.927  -23.329 0.0000000000
89043  -7.018  40.853  -24.145 0.0000000000
89054  -6.127  40.271  -25.978 0.0000000000
89055  -6.741  40.655  -25.106 0.0000000000
89070  -5.895  40.985  -26.278 0.0000000000
89642  -6.835  41.770  -22.374 0.0000000000
89649  -7.154  41.825  -23.117 0.0000000000
89658  -7.307  41.837  -23.908 0.0000000000
89667  -7.174  41.753  -24.752 0.0000000000
89676  -6.447  41.207  -25.866 0.0000000000
89677  -6.877  41.723  -25.494 0.0000000000
89692  -5.416  41.357  -26.687 0.0000000000
89693  -6.235  41.872  -26.448 0.0000000000
89694  -6.634  41.780  -25.948 0.0000000000
89711  -3.880  41.624  -27.200 0.0000000000
89712  -4.863  41.899  -27.200 0.0000000000
89713  -5.624  42.044  -26.982 0.0000000000
90316  -6.767  42.690  -22.032 0.0000000000
90323  -7.246  42.662  -22.758 0.0000000000
90333  -7.602  42.853  -23.619 0.0000000000
90334  -7.824  43.410  -23.925 0.0000000000
90343  -7.624  42.894  -24.527 0.0000000000
90344  -7.786  43.229  -24.124 0.0000000000
90354  -7.297  42.611  -25.369 0.0000000000
90369  -6.580  42.874  -26.628 0.0000000000
90370  -6.862  42.346  -26.015 0.0000000000
90387  -3.095  42.242  -27.616 0.0000000000
90388  -4.102  42.794  -27.677 0.0000000000
90389  -5.356  42.680  -27.401 0.0000000000
90390  -6.063  42.522  -27.041 0.0000000000
90400  -3.241  42.878  -27.887 0.0000000000
90969  -7.154  43.608  -22.441 0.0000000000
90970  -7.578  43.967  -22.923 0.0000000000
90980  -7.557  43.354  -23.042 0.0000000000
90981  -7.792  43.800  -23.538 0.0000000000
90991  -7.767  43.472  -24.733 0.0000000000
90992  -7.892  43.827  -24.379 0.0000000000
91002  -7.689  43.725  -25.256 0.0000000000
91003  -7.921  44.468  -24.950 0.0000000000
91017  -6.675  43.918  -26.724 0.0000000000
91018  -7.173  43.332  -26.086 0.0000000000
91032  -4.083  43.979  -27.916 0.0000000000
91033  -5.070  43.680  -27.614 0.0000000000
91034  -6.034  43.363  -27.217 0.0000000000
91045  -3.092  43.802  -28.462 0.0000000000
91046  -3.351  43.509  -28.031 0.0000000000
91582  -7.329  44.544  -22.554 0.0000000000
91583  -7.775  44.612  -23.074 0.0000000000
91592  -7.985  44.690  -23.757 0.0000000000
91603  -8.013  44.918  -24.457 0.0000000000
91613  -7.774  44.740  -25.466 0.0000000000
91614  -7.950  45.218  -25.066 0.0000000000
91629  -6.730  44.695  -26.821 0.0000000000
91630  -7.369  44.645  -26.248 0.0000000000
91641  -4.036  44.675  -28.030 0.0000000000
91642  -4.720  44.679  -27.796 0.0000000000
91643  -5.948  44.631  -27.333 0.0000000000
91653  -3.251  44.121  -28.514 0.0000000000
91654  -3.485  44.454  -28.372 0.0000000000
92135  -7.537  45.314  -22.612 0.0000000000
92136  -7.943  45.458  -23.169 0.0000000000
92149  -8.118  45.619  -23.898 0.0000000000
92160  -8.069  45.763  -24.612 0.0000000000
92175  -7.748  45.714  -25.676 0.0000000000
92176  -7.968  45.795  -25.099 0.0000000000
92192  -6.718  45.624  -26.905 0.0000000000
92193  -7.371  45.610  -26.337 0.0000000000
92203  -4.059  45.527  -28.104 0.0000000000
92204  -5.164  45.572  -27.683 0.0000000000
92205  -5.941  45.598  -27.378 0.0000000000
92216  -3.551  45.461  -28.756 0.0000000000
92627  -8.123  46.404  -23.260 0.0000000000
92641  -8.247  46.558  -24.097 0.0000000000
92661  -7.763  46.769  -25.645 0.0000000000
92662  -8.055  46.535  -24.977 0.0000000000
92680  -6.610  46.778  -26.813 0.0000000000
92681  -7.330  46.509  -26.316 0.0000000000
92698  -3.873  46.388  -28.051 0.0000000000
92699  -4.474  46.426  -27.821 0.0000000000
92700  -5.682  46.598  -27.380 0.0000000000
92718  -3.497  46.540  -28.468 0.0000000000
93199  -6.255  47.660  -27.088 0.0000000000
93200  -6.994  47.579  -26.536 0.0000000000
93216  -3.654  47.097  -27.930 0.0000000000
93217  -4.553  47.450  -27.699 0.0000000000
93218  -5.457  47.789  -27.489 0.0000000000
