#!ascii label  , from subject FREESURFER vox2ras=TkReg 
179
44639  -22.651  -18.091  -23.750 0.0000000000
45570  -16.254  -16.267  -19.651 0.0000000000
45571  -16.679  -16.767  -20.241 0.0000000000
45585  -16.604  -15.937  -20.388 0.0000000000
45586  -17.132  -16.733  -20.844 0.0000000000
45587  -18.083  -17.017  -21.179 0.0000000000
45588  -19.109  -17.094  -21.277 0.0000000000
45589  -20.108  -17.102  -21.414 0.0000000000
45590  -20.883  -17.178  -21.670 0.0000000000
45609  -16.887  -15.864  -20.956 0.0000000000
45610  -17.500  -16.187  -21.321 0.0000000000
45611  -18.381  -16.408  -21.633 0.0000000000
45612  -19.371  -16.545  -21.852 0.0000000000
45613  -20.374  -16.679  -22.115 0.0000000000
45614  -21.315  -17.228  -22.327 0.0000000000
45615  -21.883  -17.701  -22.891 0.0000000000
45634  -20.733  -16.663  -22.729 0.0000000000
45635  -21.323  -16.978  -23.200 0.0000000000
45636  -22.042  -17.647  -23.565 0.0000000000
45653  -21.603  -17.045  -23.857 0.0000000000
45654  -22.248  -17.466  -24.279 0.0000000000
45655  -23.090  -17.351  -24.551 0.0000000000
46460  -16.084  -15.183  -19.421 0.0000000000
46471  -16.197  -15.143  -20.120 0.0000000000
46487  -16.519  -15.150  -20.763 0.0000000000
46512  -16.990  -15.364  -21.358 0.0000000000
46513  -17.775  -15.626  -21.705 0.0000000000
46514  -18.610  -15.726  -22.155 0.0000000000
46515  -19.699  -16.157  -22.479 0.0000000000
46516  -20.284  -16.394  -22.669 0.0000000000
46544  -18.611  -15.256  -22.501 0.0000000000
46545  -19.201  -15.556  -22.766 0.0000000000
46546  -20.354  -16.053  -23.296 0.0000000000
46547  -21.207  -16.562  -23.658 0.0000000000
46564  -20.516  -15.732  -24.005 0.0000000000
46565  -21.288  -16.355  -24.311 0.0000000000
46566  -22.226  -16.899  -24.980 0.0000000000
46567  -23.102  -16.799  -24.983 0.0000000000
46568  -23.466  -16.663  -24.860 0.0000000000
46584  -21.059  -15.816  -24.817 0.0000000000
46585  -21.565  -16.092  -25.132 0.0000000000
46586  -22.507  -16.268  -25.333 0.0000000000
46587  -23.620  -16.281  -25.017 0.0000000000
47312  -16.267  -14.516  -20.164 0.0000000000
47324  -16.534  -14.369  -20.551 0.0000000000
47325  -16.654  -14.124  -20.280 0.0000000000
47349  -16.708  -14.583  -21.145 0.0000000000
47350  -17.403  -14.820  -21.711 0.0000000000
47351  -17.937  -15.251  -21.947 0.0000000000
47378  -17.682  -14.682  -21.895 0.0000000000
47379  -18.035  -14.860  -22.180 0.0000000000
47380  -18.602  -14.876  -22.847 0.0000000000
47381  -19.357  -15.254  -23.240 0.0000000000
47403  -18.960  -14.691  -23.319 0.0000000000
47404  -19.735  -15.047  -23.861 0.0000000000
47405  -20.586  -15.508  -24.488 0.0000000000
47418  -20.068  -14.833  -24.549 0.0000000000
47419  -20.793  -15.178  -25.139 0.0000000000
47420  -21.799  -15.501  -25.539 0.0000000000
47421  -22.820  -15.532  -25.570 0.0000000000
47422  -23.886  -15.425  -25.422 0.0000000000
47423  -24.727  -15.285  -25.410 0.0000000000
47440  -21.261  -14.763  -25.563 0.0000000000
47441  -22.022  -14.745  -25.809 0.0000000000
47442  -23.049  -14.711  -25.867 0.0000000000
47443  -24.080  -14.694  -25.767 0.0000000000
47444  -25.172  -14.783  -25.637 0.0000000000
48100  -16.680  -13.965  -20.839 0.0000000000
48101  -16.963  -13.698  -20.712 0.0000000000
48119  -16.624  -14.176  -20.961 0.0000000000
48120  -17.064  -14.024  -21.396 0.0000000000
48121  -17.743  -13.222  -21.516 0.0000000000
48144  -17.650  -14.410  -21.848 0.0000000000
48145  -17.979  -13.913  -22.427 0.0000000000
48146  -18.529  -14.350  -23.051 0.0000000000
48175  -18.177  -13.251  -22.960 0.0000000000
48176  -18.680  -13.908  -23.512 0.0000000000
48177  -19.480  -14.273  -24.182 0.0000000000
48192  -19.022  -13.633  -24.155 0.0000000000
48193  -19.833  -13.966  -24.775 0.0000000000
48194  -20.629  -14.323  -25.381 0.0000000000
48206  -20.247  -13.617  -25.365 0.0000000000
48207  -21.058  -13.924  -25.819 0.0000000000
48208  -22.137  -13.884  -26.193 0.0000000000
48209  -23.277  -13.893  -26.300 0.0000000000
48210  -24.328  -14.092  -26.054 0.0000000000
48211  -25.235  -14.018  -25.946 0.0000000000
48212  -26.200  -13.964  -26.174 0.0000000000
48229  -22.486  -13.457  -26.567 0.0000000000
48230  -22.855  -13.377  -26.702 0.0000000000
48231  -26.610  -13.435  -26.377 0.0000000000
48891  -18.195  -11.983  -21.695 0.0000000000
48907  -18.015  -12.553  -22.481 0.0000000000
48938  -18.271  -12.790  -23.407 0.0000000000
48939  -18.616  -13.256  -23.857 0.0000000000
48963  -18.292  -12.227  -23.571 0.0000000000
48964  -18.773  -12.717  -24.243 0.0000000000
48965  -19.595  -13.077  -25.047 0.0000000000
48978  -19.099  -12.343  -25.038 0.0000000000
48979  -20.058  -12.749  -25.702 0.0000000000
48980  -21.135  -13.165  -26.288 0.0000000000
48981  -21.861  -13.204  -26.577 0.0000000000
48982  -23.836  -13.669  -26.379 0.0000000000
48983  -24.362  -13.512  -26.354 0.0000000000
48984  -25.156  -13.288  -26.211 0.0000000000
48985  -25.841  -13.160  -26.269 0.0000000000
48998  -20.498  -12.452  -26.390 0.0000000000
48999  -21.227  -12.614  -26.775 0.0000000000
49000  -22.256  -12.868  -26.990 0.0000000000
49001  -23.388  -13.212  -26.860 0.0000000000
49002  -24.306  -12.949  -26.876 0.0000000000
49003  -25.152  -12.670  -26.648 0.0000000000
49004  -26.099  -12.607  -26.441 0.0000000000
49015  -22.746  -12.584  -27.426 0.0000000000
49016  -23.463  -12.535  -27.506 0.0000000000
49017  -24.384  -12.371  -27.505 0.0000000000
49018  -25.414  -12.220  -27.174 0.0000000000
49026  -24.845  -12.105  -27.910 0.0000000000
49727  -18.198  -10.935  -22.065 0.0000000000
49741  -17.971  -11.377  -22.455 0.0000000000
49766  -18.098  -11.858  -23.097 0.0000000000
49790  -18.341  -11.681  -23.673 0.0000000000
49791  -18.667  -11.567  -24.381 0.0000000000
49808  -19.072  -11.488  -25.388 0.0000000000
49809  -19.795  -11.953  -26.174 0.0000000000
49825  -19.344  -11.232  -26.302 0.0000000000
49826  -20.227  -11.792  -26.983 0.0000000000
49827  -21.316  -12.195  -27.377 0.0000000000
49828  -22.067  -12.302  -27.608 0.0000000000
49844  -20.725  -11.559  -27.648 0.0000000000
49845  -21.471  -11.766  -28.011 0.0000000000
49846  -22.561  -11.900  -28.020 0.0000000000
49847  -23.488  -11.898  -27.993 0.0000000000
49848  -24.170  -11.865  -28.079 0.0000000000
49859  -22.951  -11.564  -28.526 0.0000000000
49860  -23.635  -11.423  -28.539 0.0000000000
50731  -18.213  -10.708  -22.238 0.0000000000
50732  -18.446  -10.717  -22.144 0.0000000000
50745  -18.297  -10.708  -22.486 0.0000000000
50746  -18.888  -10.511  -22.381 0.0000000000
50765  -18.217  -10.939  -23.223 0.0000000000
50766  -18.661  -10.082  -23.265 0.0000000000
50782  -18.461  -11.074  -23.795 0.0000000000
50783  -18.659  -10.465  -24.299 0.0000000000
50802  -18.891  -10.366  -25.719 0.0000000000
50816  -19.491  -10.529  -27.010 0.0000000000
50817  -20.192  -11.167  -27.494 0.0000000000
50832  -19.679  -10.029  -27.595 0.0000000000
50833  -20.550  -10.649  -28.130 0.0000000000
50834  -21.857  -11.334  -28.624 0.0000000000
50835  -22.512  -11.472  -28.641 0.0000000000
50848  -20.983  -10.082  -28.728 0.0000000000
50849  -21.577  -10.517  -28.918 0.0000000000
51857  -18.798  -9.846  -23.690 0.0000000000
51858  -19.142  -9.675  -23.563 0.0000000000
51874  -19.103  -9.564  -24.152 0.0000000000
51875  -19.868  -9.038  -23.777 0.0000000000
51887  -19.264  -9.664  -25.194 0.0000000000
51902  -19.021  -9.492  -26.239 0.0000000000
51919  -19.276  -9.444  -27.172 0.0000000000
51920  -19.746  -9.449  -27.902 0.0000000000
51933  -20.420  -9.495  -28.590 0.0000000000
52933  -19.391  -9.123  -25.034 0.0000000000
52934  -19.659  -8.538  -24.628 0.0000000000
52935  -20.390  -8.169  -24.254 0.0000000000
52950  -19.377  -9.101  -25.435 0.0000000000
52951  -20.119  -7.727  -24.748 0.0000000000
52961  -19.309  -8.904  -25.835 0.0000000000
52977  -19.205  -8.562  -26.671 0.0000000000
52978  -19.383  -8.741  -27.459 0.0000000000
52996  -19.341  -8.087  -27.349 0.0000000000
54089  -19.431  -8.872  -25.359 0.0000000000
54090  -19.464  -8.604  -25.209 0.0000000000
54104  -19.393  -8.576  -25.538 0.0000000000
54105  -19.646  -7.856  -25.327 0.0000000000
54106  -20.342  -7.179  -25.315 0.0000000000
54119  -19.308  -7.990  -26.004 0.0000000000
54120  -19.848  -6.931  -26.220 0.0000000000
54133  -19.498  -7.594  -26.799 0.0000000000
