#!ascii label  , from subject FREESURFER vox2ras=TkReg 
171
70564  -37.515  10.975  11.138 0.0000000000
71377  -35.843  12.148  11.202 0.0000000000
71378  -36.556  11.640  10.855 0.0000000000
71379  -37.803  11.413  10.488 0.0000000000
71391  -36.868  12.164  10.255 0.0000000000
71392  -37.416  11.981  10.080 0.0000000000
71393  -38.351  11.885  9.887 0.0000000000
72159  -35.891  12.658  10.885 0.0000000000
72160  -36.475  12.538  10.382 0.0000000000
72172  -37.102  12.554  9.957 0.0000000000
72173  -37.986  12.507  9.680 0.0000000000
72174  -38.940  12.533  9.631 0.0000000000
72175  -39.803  12.502  9.672 0.0000000000
72970  -35.603  13.596  10.791 0.0000000000
72971  -36.132  13.024  10.555 0.0000000000
72985  -35.916  13.824  10.408 0.0000000000
72986  -36.472  13.204  10.177 0.0000000000
72987  -37.473  12.986  9.697 0.0000000000
72988  -38.659  13.226  9.498 0.0000000000
72989  -39.604  13.232  9.494 0.0000000000
72990  -40.382  13.033  9.518 0.0000000000
72999  -39.307  13.988  9.288 0.0000000000
73000  -39.597  13.990  9.292 0.0000000000
73001  -40.296  13.829  9.276 0.0000000000
73002  -41.148  13.268  9.302 0.0000000000
73003  -41.985  13.629  8.987 0.0000000000
73745  -35.118  14.179  10.782 0.0000000000
73761  -35.156  14.431  10.309 0.0000000000
73762  -36.176  13.756  10.194 0.0000000000
73763  -36.932  13.243  9.824 0.0000000000
73764  -37.699  13.155  9.608 0.0000000000
73773  -34.312  15.300  9.038 0.0000000000
73774  -35.903  14.541  8.639 0.0000000000
73775  -36.867  14.396  8.465 0.0000000000
73776  -38.044  14.233  8.423 0.0000000000
73777  -39.698  14.488  8.933 0.0000000000
73778  -40.089  14.557  8.792 0.0000000000
73779  -40.992  14.340  8.825 0.0000000000
73780  -42.040  14.334  8.613 0.0000000000
73781  -43.106  14.385  8.565 0.0000000000
73790  -35.509  14.896  8.049 0.0000000000
73791  -36.262  14.849  7.745 0.0000000000
73792  -37.273  14.758  7.674 0.0000000000
73793  -38.029  14.728  7.701 0.0000000000
73794  -39.808  15.171  8.380 0.0000000000
73795  -40.242  15.199  8.239 0.0000000000
73796  -41.140  14.917  8.247 0.0000000000
73797  -42.083  14.777  8.313 0.0000000000
73798  -42.763  14.728  8.365 0.0000000000
73803  -36.291  15.353  6.024 0.0000000000
73804  -36.919  15.371  6.045 0.0000000000
73811  -37.930  15.349  5.027 0.0000000000
73812  -38.212  15.416  5.142 0.0000000000
73818  -38.123  15.365  4.933 0.0000000000
73819  -38.388  15.412  4.859 0.0000000000
74546  -33.849  15.505  8.196 0.0000000000
74547  -34.273  15.500  7.736 0.0000000000
74548  -38.557  14.627  7.882 0.0000000000
74549  -39.054  14.718  7.708 0.0000000000
74550  -43.761  14.652  8.597 0.0000000000
74562  -34.037  15.530  7.055 0.0000000000
74563  -34.715  15.418  6.569 0.0000000000
74564  -35.638  15.353  6.082 0.0000000000
74565  -37.568  15.435  6.207 0.0000000000
74566  -38.222  15.620  6.485 0.0000000000
74567  -39.249  15.879  7.424 0.0000000000
74568  -40.231  15.669  7.752 0.0000000000
74569  -41.365  15.074  8.061 0.0000000000
74570  -42.077  14.935  8.143 0.0000000000
74571  -43.804  15.576  7.215 0.0000000000
74580  -33.592  15.705  6.381 0.0000000000
74581  -34.352  15.537  6.086 0.0000000000
74582  -35.236  15.395  5.815 0.0000000000
74583  -36.299  15.361  5.767 0.0000000000
74584  -37.464  15.445  5.930 0.0000000000
74585  -38.419  15.733  6.223 0.0000000000
74586  -39.116  15.961  6.434 0.0000000000
74587  -40.613  15.279  6.278 0.0000000000
74588  -41.638  15.456  6.254 0.0000000000
74589  -42.804  15.796  6.191 0.0000000000
74590  -43.585  15.942  6.562 0.0000000000
74599  -33.831  15.900  5.453 0.0000000000
74600  -34.738  15.663  5.233 0.0000000000
74601  -35.713  15.477  5.068 0.0000000000
74602  -36.802  15.322  5.114 0.0000000000
74603  -37.883  15.378  5.263 0.0000000000
74604  -38.569  15.556  5.377 0.0000000000
74605  -39.088  15.571  5.094 0.0000000000
74606  -40.802  15.542  5.426 0.0000000000
74607  -41.751  15.756  5.380 0.0000000000
74608  -42.476  15.996  5.230 0.0000000000
74615  -34.293  16.017  4.752 0.0000000000
74616  -35.051  15.856  4.207 0.0000000000
74617  -36.207  15.524  4.214 0.0000000000
74618  -37.259  15.378  4.311 0.0000000000
74619  -38.122  15.402  4.403 0.0000000000
74620  -38.793  15.541  4.393 0.0000000000
74621  -39.383  15.755  3.973 0.0000000000
74622  -41.082  15.790  4.561 0.0000000000
74623  -41.941  16.025  4.435 0.0000000000
74624  -42.491  16.118  4.716 0.0000000000
74629  -35.119  16.157  3.560 0.0000000000
74630  -35.745  16.011  3.291 0.0000000000
74631  -36.803  15.632  3.388 0.0000000000
74632  -37.756  15.513  3.499 0.0000000000
74633  -38.574  15.573  3.533 0.0000000000
74634  -39.314  15.807  3.380 0.0000000000
74635  -40.233  16.236  2.921 0.0000000000
74636  -41.337  15.967  3.992 0.0000000000
74641  -35.889  16.287  2.712 0.0000000000
74642  -36.493  16.097  2.481 0.0000000000
74643  -37.453  15.720  2.651 0.0000000000
74644  -38.328  15.636  2.744 0.0000000000
74645  -39.085  15.732  2.773 0.0000000000
74646  -39.756  16.049  2.592 0.0000000000
74649  -36.753  16.341  1.898 0.0000000000
74650  -37.274  16.031  1.924 0.0000000000
74651  -38.109  15.741  1.959 0.0000000000
74652  -38.972  15.715  2.108 0.0000000000
74653  -39.446  15.870  2.302 0.0000000000
75337  -43.116  16.137  5.529 0.0000000000
75347  -33.255  16.217  5.365 0.0000000000
75358  -33.544  16.549  4.617 0.0000000000
75359  -34.360  16.237  4.281 0.0000000000
75360  -42.217  16.218  3.857 0.0000000000
75369  -33.839  16.974  3.902 0.0000000000
75370  -34.602  16.611  3.585 0.0000000000
75371  -35.197  16.339  3.265 0.0000000000
75372  -40.872  16.615  2.546 0.0000000000
75373  -41.387  16.743  2.470 0.0000000000
75382  -34.898  16.857  3.069 0.0000000000
75383  -35.410  16.728  2.742 0.0000000000
75384  -35.995  16.464  2.419 0.0000000000
75385  -40.505  16.465  2.335 0.0000000000
75386  -41.265  16.821  2.208 0.0000000000
75394  -35.684  17.207  2.181 0.0000000000
75395  -36.260  16.896  1.848 0.0000000000
75396  -37.063  16.508  1.425 0.0000000000
75397  -37.872  16.220  1.312 0.0000000000
75398  -38.812  16.113  1.409 0.0000000000
75399  -39.848  16.206  1.769 0.0000000000
75400  -40.878  16.771  1.736 0.0000000000
75408  -36.483  17.351  1.279 0.0000000000
75409  -36.838  17.117  1.066 0.0000000000
75410  -37.562  16.822  0.786 0.0000000000
75411  -38.479  16.632  0.727 0.0000000000
75412  -39.482  16.617  0.843 0.0000000000
75413  -40.476  16.800  1.018 0.0000000000
76120  -32.944  17.060  4.554 0.0000000000
76127  -33.265  17.496  4.066 0.0000000000
76128  -34.063  17.406  3.459 0.0000000000
76136  -34.722  17.311  2.925 0.0000000000
76137  -35.272  17.581  2.325 0.0000000000
76145  -35.773  17.676  1.794 0.0000000000
76146  -36.222  17.699  1.334 0.0000000000
76156  -36.604  17.733  0.876 0.0000000000
76157  -37.225  17.624  0.403 0.0000000000
76158  -38.079  17.277  0.215 0.0000000000
76159  -39.027  17.213  0.200 0.0000000000
76160  -40.020  17.293  0.329 0.0000000000
76170  -37.769  17.896  -0.096 0.0000000000
76171  -38.512  17.887  -0.245 0.0000000000
76172  -39.486  17.930  -0.272 0.0000000000
76895  -35.949  18.422  1.330 0.0000000000
76896  -36.336  18.212  0.958 0.0000000000
76906  -36.242  18.709  0.886 0.0000000000
76907  -36.666  18.522  0.368 0.0000000000
76908  -37.291  18.276  -0.071 0.0000000000
76917  -37.135  18.881  -0.286 0.0000000000
76918  -37.874  18.617  -0.502 0.0000000000
76919  -38.871  18.634  -0.675 0.0000000000
