#!ascii label  , from subject FREESURFER vox2ras=TkReg 
189
26071  -20.071  -39.369  27.867 0.0000000000
26887  -19.873  -38.984  27.345 0.0000000000
26888  -20.511  -38.634  27.651 0.0000000000
26889  -21.085  -38.247  28.013 0.0000000000
26897  -18.287  -38.826  26.456 0.0000000000
26898  -19.306  -38.820  26.751 0.0000000000
26899  -20.050  -38.488  26.890 0.0000000000
26905  -16.533  -38.181  26.021 0.0000000000
26906  -17.788  -38.329  25.879 0.0000000000
26907  -18.913  -38.377  25.895 0.0000000000
26908  -19.805  -38.049  26.214 0.0000000000
26914  -14.962  -38.350  25.430 0.0000000000
26915  -15.024  -37.652  25.935 0.0000000000
27676  -20.937  -37.849  27.429 0.0000000000
27677  -21.384  -37.424  27.931 0.0000000000
27683  -20.521  -37.774  26.719 0.0000000000
27684  -21.080  -37.154  26.902 0.0000000000
27689  -12.483  -36.672  25.522 0.0000000000
27690  -12.964  -37.037  26.170 0.0000000000
27691  -13.582  -36.862  26.314 0.0000000000
27692  -15.928  -37.703  25.616 0.0000000000
27693  -17.205  -37.816  25.367 0.0000000000
27694  -18.422  -37.875  25.268 0.0000000000
27695  -19.473  -37.697  25.404 0.0000000000
27696  -20.420  -37.159  25.692 0.0000000000
27697  -20.797  -37.129  26.312 0.0000000000
27703  -12.584  -36.636  24.734 0.0000000000
27704  -12.977  -37.145  25.055 0.0000000000
27705  -14.051  -37.591  25.762 0.0000000000
27706  -15.199  -37.062  25.561 0.0000000000
27707  -16.537  -37.222  24.946 0.0000000000
27708  -17.880  -37.390  24.686 0.0000000000
27709  -19.045  -37.373  24.698 0.0000000000
27710  -19.871  -37.072  24.960 0.0000000000
27717  -12.656  -36.539  24.434 0.0000000000
27718  -12.943  -36.848  23.776 0.0000000000
27719  -14.060  -37.469  24.129 0.0000000000
27727  -13.379  -36.713  22.396 0.0000000000
27728  -14.097  -37.373  22.743 0.0000000000
27739  -13.583  -36.603  21.951 0.0000000000
27740  -14.263  -36.899  21.633 0.0000000000
27751  -14.986  -36.843  20.485 0.0000000000
28454  -21.638  -36.479  28.341 0.0000000000
28462  -21.509  -36.262  27.159 0.0000000000
28468  -12.604  -36.291  25.522 0.0000000000
28469  -12.849  -36.306  26.051 0.0000000000
28470  -13.288  -36.556  26.348 0.0000000000
28471  -20.812  -36.564  25.402 0.0000000000
28472  -21.150  -36.485  25.949 0.0000000000
28478  -12.581  -36.381  25.001 0.0000000000
28479  -12.998  -35.848  25.241 0.0000000000
28480  -14.014  -36.234  25.805 0.0000000000
28481  -15.782  -36.269  24.645 0.0000000000
28482  -17.324  -36.848  24.169 0.0000000000
28483  -18.613  -36.967  24.056 0.0000000000
28484  -19.653  -36.748  24.321 0.0000000000
28485  -20.567  -36.366  24.755 0.0000000000
28486  -21.024  -36.290  25.230 0.0000000000
28493  -12.561  -36.421  24.642 0.0000000000
28494  -12.850  -36.183  24.245 0.0000000000
28495  -16.245  -35.847  23.568 0.0000000000
28496  -17.059  -36.358  23.591 0.0000000000
28497  -18.183  -36.607  23.505 0.0000000000
28498  -19.397  -36.311  23.571 0.0000000000
28499  -20.104  -36.269  24.094 0.0000000000
28508  -13.060  -36.167  22.934 0.0000000000
28509  -16.450  -35.770  22.947 0.0000000000
28510  -17.017  -36.114  22.870 0.0000000000
28511  -17.993  -36.311  22.939 0.0000000000
28512  -18.694  -36.335  23.137 0.0000000000
28522  -13.455  -36.223  21.919 0.0000000000
28523  -14.126  -36.171  21.078 0.0000000000
29228  -21.700  -35.495  27.860 0.0000000000
29239  -21.704  -35.295  27.061 0.0000000000
29250  -21.608  -35.475  26.201 0.0000000000
29260  -13.312  -35.560  24.991 0.0000000000
29261  -13.733  -35.535  25.002 0.0000000000
29262  -14.648  -35.661  24.817 0.0000000000
29263  -20.889  -35.890  24.476 0.0000000000
29264  -21.304  -35.643  24.924 0.0000000000
29273  -13.421  -35.623  24.524 0.0000000000
29274  -14.425  -35.517  23.993 0.0000000000
29275  -15.361  -35.661  24.067 0.0000000000
29276  -19.827  -35.817  23.207 0.0000000000
29277  -20.630  -35.622  23.801 0.0000000000
29278  -21.287  -35.134  24.190 0.0000000000
29289  -13.616  -35.625  23.276 0.0000000000
29290  -14.674  -35.390  22.872 0.0000000000
29291  -15.767  -35.472  22.979 0.0000000000
29292  -16.866  -35.720  22.335 0.0000000000
29293  -17.929  -35.945  22.278 0.0000000000
29294  -19.095  -35.911  22.710 0.0000000000
29295  -20.063  -35.442  22.759 0.0000000000
29305  -13.443  -35.783  22.465 0.0000000000
29306  -14.235  -35.511  21.917 0.0000000000
29307  -15.460  -35.183  22.051 0.0000000000
29308  -16.613  -35.160  21.712 0.0000000000
29309  -17.716  -35.386  21.699 0.0000000000
29310  -18.887  -35.399  21.936 0.0000000000
29311  -19.594  -35.374  22.264 0.0000000000
29322  -14.558  -35.452  20.552 0.0000000000
29323  -15.352  -35.020  21.218 0.0000000000
29324  -16.037  -34.926  21.489 0.0000000000
30010  -21.727  -34.725  27.477 0.0000000000
30015  -21.716  -34.538  26.663 0.0000000000
30022  -21.679  -34.535  25.589 0.0000000000
30033  -21.579  -34.507  24.531 0.0000000000
30043  -20.945  -35.128  23.440 0.0000000000
30044  -21.316  -34.699  23.561 0.0000000000
30058  -20.760  -35.031  22.976 0.0000000000
30059  -21.206  -34.492  22.609 0.0000000000
30075  -16.908  -34.855  21.279 0.0000000000
30076  -17.419  -34.907  21.215 0.0000000000
30077  -18.599  -34.963  21.226 0.0000000000
30078  -20.221  -34.778  21.712 0.0000000000
30079  -21.189  -34.304  21.985 0.0000000000
30093  -14.745  -35.001  20.186 0.0000000000
30094  -15.293  -34.879  20.356 0.0000000000
30095  -16.599  -34.717  20.851 0.0000000000
30096  -18.017  -34.567  20.618 0.0000000000
30097  -19.271  -34.503  20.624 0.0000000000
30098  -20.205  -34.266  20.616 0.0000000000
30114  -16.085  -34.617  19.661 0.0000000000
30115  -17.478  -34.464  19.815 0.0000000000
30116  -18.685  -34.334  19.833 0.0000000000
30117  -19.816  -34.133  19.808 0.0000000000
30118  -20.339  -33.995  20.142 0.0000000000
30132  -15.552  -34.464  18.520 0.0000000000
30133  -17.068  -34.475  18.766 0.0000000000
30134  -18.257  -34.333  19.000 0.0000000000
30135  -19.173  -34.182  19.048 0.0000000000
30151  -16.650  -34.321  17.659 0.0000000000
30152  -18.183  -34.305  17.960 0.0000000000
30153  -18.774  -34.218  18.512 0.0000000000
30173  -17.571  -34.163  16.937 0.0000000000
30819  -21.579  -33.770  27.462 0.0000000000
30825  -21.645  -33.536  26.188 0.0000000000
30830  -21.766  -33.519  25.053 0.0000000000
30835  -21.810  -33.517  23.868 0.0000000000
30836  -21.925  -32.975  23.369 0.0000000000
30840  -21.654  -34.002  23.093 0.0000000000
30841  -21.839  -33.341  22.986 0.0000000000
30854  -21.569  -33.859  22.385 0.0000000000
30855  -21.815  -33.174  22.217 0.0000000000
30869  -20.659  -34.203  21.031 0.0000000000
30870  -21.297  -33.778  21.385 0.0000000000
30871  -21.750  -32.948  21.589 0.0000000000
30881  -20.724  -33.880  20.526 0.0000000000
30882  -21.158  -33.343  20.401 0.0000000000
30892  -20.134  -33.941  19.523 0.0000000000
30893  -20.485  -33.678  19.704 0.0000000000
30894  -21.108  -33.046  19.552 0.0000000000
30904  -19.955  -33.899  19.106 0.0000000000
30905  -20.545  -33.331  18.621 0.0000000000
30906  -21.089  -32.804  18.951 0.0000000000
30917  -18.747  -34.067  17.738 0.0000000000
30918  -19.329  -33.916  18.058 0.0000000000
30919  -20.175  -33.354  17.565 0.0000000000
30929  -18.606  -33.944  17.259 0.0000000000
30930  -19.375  -33.524  16.898 0.0000000000
30931  -20.152  -33.080  16.689 0.0000000000
31695  -21.621  -32.517  25.535 0.0000000000
31704  -21.834  -32.578  24.521 0.0000000000
31705  -21.927  -32.519  23.678 0.0000000000
31713  -21.986  -32.558  22.854 0.0000000000
31724  -21.959  -32.539  22.053 0.0000000000
31733  -21.554  -32.990  20.995 0.0000000000
31734  -21.913  -32.296  21.276 0.0000000000
31743  -21.528  -32.626  20.338 0.0000000000
31744  -21.917  -31.842  20.383 0.0000000000
31752  -21.469  -32.274  19.416 0.0000000000
31753  -21.920  -31.528  19.635 0.0000000000
31760  -20.686  -33.061  17.925 0.0000000000
31761  -21.176  -32.528  18.229 0.0000000000
31767  -20.699  -32.847  17.329 0.0000000000
32474  -21.575  -31.602  24.770 0.0000000000
32475  -21.845  -31.898  24.059 0.0000000000
32482  -21.767  -31.222  23.940 0.0000000000
32483  -21.981  -31.652  23.261 0.0000000000
32490  -22.085  -31.759  22.255 0.0000000000
32498  -22.151  -31.352  21.298 0.0000000000
32507  -22.193  -30.922  20.327 0.0000000000
32516  -21.765  -31.670  18.759 0.0000000000
33280  -21.887  -30.550  23.115 0.0000000000
33281  -22.067  -31.172  22.730 0.0000000000
33289  -21.985  -30.216  22.391 0.0000000000
33290  -22.118  -30.793  22.170 0.0000000000
33299  -22.184  -30.503  21.287 0.0000000000
34106  -22.071  -30.126  21.906 0.0000000000
