#!ascii label  , from subject FREESURFER vox2ras=TkReg 
208
84805  -29.465  32.199  -6.989 0.0000000000
84806  -30.493  32.365  -7.136 0.0000000000
84807  -31.228  32.083  -7.089 0.0000000000
84816  -30.850  32.963  -7.424 0.0000000000
84817  -31.552  32.687  -7.404 0.0000000000
84818  -32.487  32.959  -7.576 0.0000000000
85281  -28.196  33.255  -7.279 0.0000000000
85282  -29.055  33.038  -7.107 0.0000000000
85283  -29.740  32.862  -7.168 0.0000000000
85295  -27.884  33.846  -7.405 0.0000000000
85296  -29.511  33.405  -7.214 0.0000000000
85297  -30.236  33.383  -7.321 0.0000000000
85298  -31.144  33.562  -7.575 0.0000000000
85299  -32.047  33.536  -7.876 0.0000000000
85790  -28.829  33.672  -7.222 0.0000000000
85791  -29.186  33.574  -7.204 0.0000000000
85798  -27.629  34.439  -7.494 0.0000000000
85799  -28.375  34.294  -7.323 0.0000000000
85800  -29.412  34.179  -7.261 0.0000000000
85801  -30.521  34.397  -7.496 0.0000000000
85802  -31.613  34.494  -7.943 0.0000000000
85803  -32.191  34.076  -8.133 0.0000000000
85812  -31.995  35.012  -8.210 0.0000000000
86332  -27.262  35.303  -7.593 0.0000000000
86333  -27.967  35.306  -7.388 0.0000000000
86334  -28.851  35.286  -7.318 0.0000000000
86335  -29.849  35.319  -7.436 0.0000000000
86336  -30.809  35.384  -7.776 0.0000000000
86344  -31.569  35.491  -8.129 0.0000000000
86345  -32.204  35.511  -8.424 0.0000000000
86843  -26.950  36.020  -7.707 0.0000000000
86844  -27.537  36.159  -7.540 0.0000000000
86845  -28.339  36.235  -7.431 0.0000000000
86846  -29.270  36.245  -7.469 0.0000000000
86847  -30.233  36.278  -7.703 0.0000000000
86848  -31.071  36.253  -8.014 0.0000000000
86856  -26.553  36.386  -8.241 0.0000000000
86857  -31.725  36.273  -8.329 0.0000000000
86858  -32.452  36.325  -8.627 0.0000000000
87355  -27.115  36.779  -7.824 0.0000000000
87356  -27.828  37.167  -7.714 0.0000000000
87357  -28.740  37.078  -7.600 0.0000000000
87358  -29.678  37.103  -7.707 0.0000000000
87359  -30.730  37.215  -8.052 0.0000000000
87360  -31.331  36.768  -8.186 0.0000000000
87368  -26.061  37.411  -8.957 0.0000000000
87369  -26.846  37.405  -8.258 0.0000000000
87370  -27.339  37.359  -7.986 0.0000000000
87371  -31.150  37.766  -8.356 0.0000000000
87372  -31.766  37.248  -8.439 0.0000000000
87373  -32.783  37.173  -8.805 0.0000000000
87374  -33.747  37.211  -9.074 0.0000000000
87382  -34.112  37.756  -9.239 0.0000000000
87875  -27.904  37.658  -7.917 0.0000000000
87876  -28.300  37.713  -7.886 0.0000000000
87877  -29.146  37.784  -7.894 0.0000000000
87878  -29.949  37.789  -8.022 0.0000000000
87886  -26.177  38.521  -9.180 0.0000000000
87887  -26.697  38.305  -8.676 0.0000000000
87888  -27.656  38.057  -8.197 0.0000000000
87889  -28.681  38.398  -8.193 0.0000000000
87890  -29.604  38.405  -8.309 0.0000000000
87891  -30.582  38.249  -8.429 0.0000000000
87892  -31.499  38.238  -8.631 0.0000000000
87893  -32.383  38.061  -8.775 0.0000000000
87894  -33.078  37.824  -8.953 0.0000000000
87895  -37.027  38.591  -9.000 0.0000000000
87902  -32.879  38.360  -9.046 0.0000000000
87903  -33.569  38.227  -9.186 0.0000000000
87904  -34.393  38.253  -9.390 0.0000000000
87905  -35.304  38.204  -9.427 0.0000000000
87906  -36.351  38.246  -9.206 0.0000000000
88392  -26.556  39.041  -9.064 0.0000000000
88393  -27.271  39.212  -8.770 0.0000000000
88394  -28.275  39.134  -8.540 0.0000000000
88395  -29.230  39.086  -8.618 0.0000000000
88396  -30.093  38.968  -8.819 0.0000000000
88397  -31.034  39.098  -9.067 0.0000000000
88398  -32.019  38.764  -9.033 0.0000000000
88399  -32.525  38.567  -9.049 0.0000000000
88400  -37.361  39.080  -8.974 0.0000000000
88401  -38.106  39.317  -8.829 0.0000000000
88409  -26.079  39.402  -9.565 0.0000000000
88410  -26.739  39.673  -9.225 0.0000000000
88411  -31.257  39.654  -9.462 0.0000000000
88412  -31.851  39.448  -9.420 0.0000000000
88413  -32.835  39.038  -9.334 0.0000000000
88414  -33.881  38.986  -9.543 0.0000000000
88415  -34.768  38.987  -9.628 0.0000000000
88416  -35.700  39.098  -9.562 0.0000000000
88417  -36.716  39.314  -9.372 0.0000000000
88418  -37.447  39.659  -9.236 0.0000000000
88936  -27.286  40.012  -9.207 0.0000000000
88937  -28.035  39.902  -9.016 0.0000000000
88938  -28.960  39.779  -8.984 0.0000000000
88939  -29.821  39.579  -9.109 0.0000000000
88940  -30.388  39.404  -9.149 0.0000000000
88941  -37.922  40.098  -9.233 0.0000000000
88942  -38.727  40.147  -9.041 0.0000000000
88943  -39.868  40.495  -8.962 0.0000000000
88949  -25.916  40.066  -10.185 0.0000000000
88950  -26.786  40.464  -9.855 0.0000000000
88951  -27.845  40.453  -9.623 0.0000000000
88952  -28.760  40.351  -9.537 0.0000000000
88953  -29.678  40.216  -9.509 0.0000000000
88954  -30.645  39.927  -9.499 0.0000000000
88955  -31.534  40.091  -9.800 0.0000000000
88956  -32.449  39.909  -9.856 0.0000000000
88957  -33.453  39.741  -9.891 0.0000000000
88958  -34.283  39.567  -9.886 0.0000000000
88959  -35.079  39.709  -10.032 0.0000000000
88960  -36.083  39.920  -10.014 0.0000000000
88961  -37.222  40.431  -9.907 0.0000000000
88962  -38.280  40.678  -9.606 0.0000000000
88963  -39.045  40.831  -9.471 0.0000000000
88967  -26.225  40.549  -10.560 0.0000000000
88968  -31.473  40.556  -10.107 0.0000000000
88969  -32.009  40.563  -10.253 0.0000000000
88970  -33.012  40.516  -10.397 0.0000000000
88971  -34.242  40.301  -10.442 0.0000000000
88972  -35.424  40.372  -10.604 0.0000000000
88973  -36.399  40.504  -10.658 0.0000000000
88974  -36.983  40.729  -10.699 0.0000000000
89522  -40.198  41.218  -9.377 0.0000000000
89523  -40.910  41.068  -9.195 0.0000000000
89533  -27.204  40.957  -10.381 0.0000000000
89534  -27.726  40.899  -10.226 0.0000000000
89535  -28.589  40.838  -10.126 0.0000000000
89536  -29.500  40.813  -10.007 0.0000000000
89537  -30.407  40.676  -9.943 0.0000000000
89538  -31.068  40.484  -9.945 0.0000000000
89539  -38.036  41.050  -10.240 0.0000000000
89540  -38.754  41.238  -10.117 0.0000000000
89541  -39.597  41.510  -9.883 0.0000000000
89542  -40.529  41.538  -9.813 0.0000000000
89543  -41.573  41.349  -10.055 0.0000000000
89554  -27.585  41.222  -10.801 0.0000000000
89555  -28.391  41.209  -10.747 0.0000000000
89556  -29.287  41.184  -10.659 0.0000000000
89557  -30.231  41.188  -10.520 0.0000000000
89558  -31.263  41.019  -10.421 0.0000000000
89559  -32.295  41.295  -10.826 0.0000000000
89560  -33.578  41.319  -11.041 0.0000000000
89561  -34.852  40.924  -11.161 0.0000000000
89562  -35.886  40.759  -11.363 0.0000000000
89563  -36.794  40.808  -11.319 0.0000000000
89564  -37.560  41.010  -10.917 0.0000000000
89565  -38.442  41.259  -10.863 0.0000000000
89566  -39.119  41.479  -10.733 0.0000000000
89567  -41.788  41.457  -10.693 0.0000000000
89568  -42.412  41.267  -10.593 0.0000000000
89579  -28.988  41.372  -11.389 0.0000000000
89580  -29.930  41.446  -11.267 0.0000000000
89581  -30.914  41.453  -11.101 0.0000000000
89582  -31.592  41.432  -10.961 0.0000000000
89583  -33.828  41.870  -11.463 0.0000000000
89584  -34.492  41.612  -11.548 0.0000000000
89585  -35.401  41.297  -11.828 0.0000000000
89586  -36.423  41.144  -12.184 0.0000000000
89587  -37.373  41.114  -11.801 0.0000000000
89588  -38.127  41.288  -11.528 0.0000000000
89589  -38.818  41.382  -11.448 0.0000000000
89596  -36.729  41.441  -12.618 0.0000000000
89597  -37.235  41.326  -12.449 0.0000000000
89598  -38.011  41.358  -12.154 0.0000000000
89599  -38.507  41.380  -11.881 0.0000000000
90163  -39.706  41.753  -10.326 0.0000000000
90164  -40.035  41.833  -10.286 0.0000000000
90165  -40.714  41.700  -10.368 0.0000000000
90171  -32.256  41.623  -11.172 0.0000000000
90172  -32.623  41.685  -11.199 0.0000000000
90173  -39.638  41.731  -10.583 0.0000000000
90174  -40.174  41.877  -10.802 0.0000000000
90175  -41.113  41.708  -10.889 0.0000000000
90189  -29.511  41.568  -12.088 0.0000000000
90190  -30.545  41.642  -11.947 0.0000000000
90191  -31.836  41.753  -11.573 0.0000000000
90192  -33.046  42.111  -11.661 0.0000000000
90193  -34.027  42.213  -11.912 0.0000000000
90194  -34.923  41.929  -12.111 0.0000000000
90195  -35.690  41.665  -12.310 0.0000000000
90196  -39.489  41.614  -11.235 0.0000000000
90197  -40.186  41.872  -11.502 0.0000000000
90213  -31.028  41.927  -12.745 0.0000000000
90214  -32.149  42.257  -12.626 0.0000000000
90215  -33.241  42.536  -12.590 0.0000000000
90216  -34.310  42.558  -12.599 0.0000000000
90217  -35.312  42.274  -12.524 0.0000000000
90218  -36.224  41.896  -12.735 0.0000000000
90219  -36.989  41.566  -12.968 0.0000000000
90220  -37.836  41.537  -12.815 0.0000000000
90221  -39.023  41.583  -12.271 0.0000000000
90238  -33.480  42.777  -13.333 0.0000000000
90239  -34.199  42.887  -13.229 0.0000000000
90240  -36.703  42.111  -13.166 0.0000000000
90241  -37.374  42.000  -13.371 0.0000000000
90242  -38.377  41.914  -13.382 0.0000000000
90839  -34.829  42.774  -12.881 0.0000000000
90840  -35.561  42.732  -12.888 0.0000000000
90841  -36.229  42.544  -13.111 0.0000000000
90850  -33.721  43.072  -13.894 0.0000000000
90851  -34.697  43.266  -13.484 0.0000000000
90852  -35.778  43.241  -13.447 0.0000000000
90853  -36.739  42.793  -13.603 0.0000000000
90854  -37.730  42.583  -13.954 0.0000000000
90868  -35.077  43.803  -14.241 0.0000000000
90869  -36.152  43.603  -14.236 0.0000000000
90870  -37.149  43.374  -14.369 0.0000000000
