#!ascii label  , from subject FREESURFER vox2ras=TkReg 
194
83902  -40.318  30.302  -7.991 0.0000000000
83903  -40.933  30.080  -8.337 0.0000000000
83910  -40.777  30.689  -8.489 0.0000000000
83911  -41.482  30.496  -8.766 0.0000000000
83912  -42.477  30.529  -9.298 0.0000000000
83919  -43.085  30.803  -9.648 0.0000000000
84375  -39.858  31.399  -7.947 0.0000000000
84376  -40.404  30.993  -8.369 0.0000000000
84382  -40.263  32.206  -8.449 0.0000000000
84383  -40.901  31.631  -8.638 0.0000000000
84384  -41.977  31.548  -9.120 0.0000000000
84385  -43.034  31.585  -9.518 0.0000000000
84394  -43.383  31.102  -9.715 0.0000000000
84808  -44.245  33.031  -7.273 0.0000000000
84819  -33.473  33.108  -7.830 0.0000000000
84820  -34.517  32.839  -7.725 0.0000000000
84821  -35.494  32.659  -7.669 0.0000000000
84822  -36.484  32.538  -7.610 0.0000000000
84823  -37.511  32.443  -7.550 0.0000000000
84824  -38.538  32.217  -7.546 0.0000000000
84825  -39.219  31.931  -7.616 0.0000000000
84826  -42.915  32.848  -8.298 0.0000000000
84827  -43.840  32.746  -8.166 0.0000000000
84836  -33.779  33.552  -8.281 0.0000000000
84837  -34.324  33.432  -8.241 0.0000000000
84838  -35.202  33.285  -8.196 0.0000000000
84839  -36.143  33.154  -8.180 0.0000000000
84840  -37.125  33.062  -8.232 0.0000000000
84841  -38.218  33.009  -8.358 0.0000000000
84842  -39.467  32.623  -8.365 0.0000000000
84843  -40.678  33.013  -9.000 0.0000000000
84844  -41.643  32.582  -8.917 0.0000000000
84845  -42.521  32.348  -8.931 0.0000000000
84846  -43.431  32.376  -8.919 0.0000000000
84856  -38.268  33.528  -8.905 0.0000000000
84857  -38.919  33.482  -8.958 0.0000000000
84858  -39.811  33.451  -9.144 0.0000000000
85271  -43.801  34.076  -5.726 0.0000000000
85272  -44.582  33.861  -5.452 0.0000000000
85284  -42.660  33.973  -6.836 0.0000000000
85285  -43.497  33.681  -6.501 0.0000000000
85286  -44.866  33.291  -6.386 0.0000000000
85300  -32.772  33.416  -7.990 0.0000000000
85301  -41.880  34.019  -8.248 0.0000000000
85302  -42.397  33.670  -7.754 0.0000000000
85303  -43.329  33.145  -7.556 0.0000000000
85311  -32.565  33.841  -8.175 0.0000000000
85312  -33.241  33.798  -8.352 0.0000000000
85313  -34.059  33.921  -8.603 0.0000000000
85314  -34.945  33.872  -8.665 0.0000000000
85315  -35.809  33.700  -8.571 0.0000000000
85316  -36.721  33.613  -8.658 0.0000000000
85317  -37.652  33.552  -8.810 0.0000000000
85318  -40.934  33.602  -9.290 0.0000000000
85319  -41.517  33.794  -8.950 0.0000000000
85320  -42.214  33.068  -8.625 0.0000000000
85327  -35.549  34.139  -8.760 0.0000000000
85328  -36.282  34.161  -8.808 0.0000000000
85329  -37.259  34.107  -9.006 0.0000000000
85330  -38.293  33.979  -9.278 0.0000000000
85331  -39.350  33.990  -9.528 0.0000000000
85332  -40.464  33.931  -9.495 0.0000000000
85333  -40.858  34.333  -9.185 0.0000000000
85780  -44.402  34.976  -4.741 0.0000000000
85786  -43.311  34.908  -5.803 0.0000000000
85787  -43.884  34.679  -5.308 0.0000000000
85788  -44.525  34.421  -4.911 0.0000000000
85792  -42.032  34.807  -6.790 0.0000000000
85793  -42.748  34.554  -6.320 0.0000000000
85794  -43.416  34.340  -5.890 0.0000000000
85804  -40.921  35.037  -8.159 0.0000000000
85805  -41.608  34.564  -7.771 0.0000000000
85806  -42.268  34.295  -7.063 0.0000000000
85813  -32.540  34.569  -8.362 0.0000000000
85814  -33.534  34.596  -8.682 0.0000000000
85815  -34.580  34.657  -8.857 0.0000000000
85816  -35.158  34.321  -8.813 0.0000000000
85817  -40.547  34.981  -8.674 0.0000000000
85818  -41.048  34.557  -8.673 0.0000000000
85824  -34.989  35.117  -8.950 0.0000000000
85825  -35.576  34.766  -8.881 0.0000000000
85826  -36.720  34.792  -8.912 0.0000000000
85827  -37.784  34.744  -9.170 0.0000000000
85828  -38.796  34.670  -9.488 0.0000000000
85829  -39.690  34.582  -9.520 0.0000000000
85830  -40.291  34.688  -9.205 0.0000000000
85831  -40.701  34.628  -8.980 0.0000000000
86319  -44.006  35.681  -4.984 0.0000000000
86325  -43.034  35.584  -6.071 0.0000000000
86326  -43.512  35.434  -5.515 0.0000000000
86328  -41.755  35.609  -6.945 0.0000000000
86329  -42.366  35.349  -6.450 0.0000000000
86337  -40.466  35.574  -8.191 0.0000000000
86338  -41.037  35.580  -7.613 0.0000000000
86346  -32.963  35.436  -8.716 0.0000000000
86347  -33.835  35.447  -8.882 0.0000000000
86348  -38.459  36.055  -8.849 0.0000000000
86349  -38.974  35.898  -8.818 0.0000000000
86350  -39.855  35.460  -8.749 0.0000000000
86354  -34.581  35.559  -8.932 0.0000000000
86355  -35.257  35.625  -8.943 0.0000000000
86356  -36.129  35.604  -8.955 0.0000000000
86357  -37.179  35.600  -8.974 0.0000000000
86358  -38.283  35.590  -9.090 0.0000000000
86359  -39.259  35.217  -9.307 0.0000000000
86360  -39.813  35.012  -9.329 0.0000000000
86833  -43.949  36.351  -5.078 0.0000000000
86834  -44.427  36.436  -4.707 0.0000000000
86837  -43.074  36.270  -6.125 0.0000000000
86838  -43.485  36.337  -5.577 0.0000000000
86840  -42.023  36.299  -7.006 0.0000000000
86841  -42.533  36.288  -6.551 0.0000000000
86849  -40.064  36.775  -8.009 0.0000000000
86850  -40.477  36.438  -7.883 0.0000000000
86851  -41.506  36.472  -7.387 0.0000000000
86859  -33.299  36.304  -8.897 0.0000000000
86860  -34.086  36.271  -8.996 0.0000000000
86861  -37.979  36.849  -8.662 0.0000000000
86862  -38.440  36.600  -8.609 0.0000000000
86863  -39.592  36.570  -8.238 0.0000000000
86864  -40.081  36.007  -8.243 0.0000000000
86867  -34.756  36.335  -9.037 0.0000000000
86868  -35.545  36.444  -9.107 0.0000000000
86869  -36.518  36.471  -9.063 0.0000000000
86870  -37.616  36.573  -8.861 0.0000000000
86871  -38.184  36.187  -8.858 0.0000000000
87341  -43.990  36.949  -5.170 0.0000000000
87342  -44.548  37.544  -4.555 0.0000000000
87345  -43.109  36.888  -6.186 0.0000000000
87346  -43.595  37.470  -5.847 0.0000000000
87347  -44.038  37.553  -5.326 0.0000000000
87350  -42.246  36.849  -7.111 0.0000000000
87351  -42.786  37.406  -6.735 0.0000000000
87352  -43.205  37.508  -6.319 0.0000000000
87361  -40.178  37.331  -7.956 0.0000000000
87362  -41.112  37.268  -7.781 0.0000000000
87363  -41.965  37.318  -7.484 0.0000000000
87364  -42.400  37.413  -7.161 0.0000000000
87375  -34.331  36.783  -9.108 0.0000000000
87376  -37.163  37.873  -8.865 0.0000000000
87377  -37.940  37.411  -8.609 0.0000000000
87378  -38.953  37.411  -8.286 0.0000000000
87379  -39.596  37.377  -8.097 0.0000000000
87383  -34.753  37.292  -9.257 0.0000000000
87384  -35.879  37.324  -9.267 0.0000000000
87385  -36.810  37.292  -9.069 0.0000000000
87386  -37.366  37.280  -8.854 0.0000000000
87864  -44.446  38.545  -4.765 0.0000000000
87867  -43.734  37.943  -6.090 0.0000000000
87868  -44.066  38.226  -5.743 0.0000000000
87871  -42.921  37.902  -6.841 0.0000000000
87872  -43.451  38.134  -6.616 0.0000000000
87873  -43.987  38.529  -6.464 0.0000000000
87879  -40.243  37.889  -8.040 0.0000000000
87880  -40.807  38.120  -8.028 0.0000000000
87881  -41.692  37.978  -7.767 0.0000000000
87882  -42.604  38.044  -7.251 0.0000000000
87883  -43.257  38.494  -7.267 0.0000000000
87896  -37.671  38.438  -8.744 0.0000000000
87897  -38.590  38.348  -8.499 0.0000000000
87898  -39.802  38.211  -8.186 0.0000000000
87899  -40.569  38.700  -8.205 0.0000000000
88380  -44.414  39.195  -5.328 0.0000000000
88382  -43.990  38.626  -6.825 0.0000000000
88383  -44.297  39.109  -6.525 0.0000000000
88385  -41.500  38.477  -7.947 0.0000000000
88386  -42.139  38.628  -7.831 0.0000000000
88387  -43.050  38.727  -7.735 0.0000000000
88388  -43.931  38.859  -7.487 0.0000000000
88389  -44.363  39.518  -7.315 0.0000000000
88402  -39.219  39.304  -8.630 0.0000000000
88403  -40.317  39.340  -8.446 0.0000000000
88404  -41.414  39.126  -8.157 0.0000000000
88405  -42.659  39.203  -8.207 0.0000000000
88406  -43.545  39.161  -8.143 0.0000000000
88407  -44.006  39.238  -8.082 0.0000000000
88919  -44.552  40.010  -5.801 0.0000000000
88927  -44.623  40.240  -6.764 0.0000000000
88928  -44.896  40.550  -6.050 0.0000000000
88932  -44.238  39.719  -7.950 0.0000000000
88933  -44.431  39.994  -7.459 0.0000000000
88944  -41.137  40.193  -8.634 0.0000000000
88945  -42.307  39.886  -8.645 0.0000000000
88946  -43.340  39.653  -8.612 0.0000000000
88947  -43.896  39.578  -8.315 0.0000000000
89507  -44.881  40.725  -6.883 0.0000000000
89508  -45.528  41.171  -6.231 0.0000000000
89514  -44.298  40.151  -8.138 0.0000000000
89515  -44.645  40.683  -7.559 0.0000000000
89524  -42.012  40.691  -9.199 0.0000000000
89525  -43.108  40.216  -9.232 0.0000000000
89526  -44.224  40.231  -8.687 0.0000000000
89544  -42.742  40.823  -9.920 0.0000000000
89545  -43.838  40.695  -9.712 0.0000000000
