#!ascii label  , from subject FREESURFER vox2ras=TkReg 
331
18808  -23.966  -48.807  2.353 0.0000000000
18809  -24.243  -48.337  2.039 0.0000000000
18819  -24.029  -49.440  1.539 0.0000000000
18820  -24.361  -48.652  1.508 0.0000000000
18834  -24.411  -49.036  0.643 0.0000000000
19558  -23.795  -48.370  3.056 0.0000000000
19559  -24.183  -47.843  2.584 0.0000000000
19567  -24.460  -47.951  1.693 0.0000000000
19579  -24.739  -48.084  0.717 0.0000000000
19580  -24.978  -47.644  0.250 0.0000000000
19591  -24.598  -48.469  -0.350 0.0000000000
19592  -24.909  -47.907  -0.053 0.0000000000
20317  -24.106  -47.130  3.410 0.0000000000
20326  -24.415  -46.934  2.711 0.0000000000
20333  -24.608  -47.183  1.994 0.0000000000
20334  -24.888  -47.005  1.455 0.0000000000
20342  -24.755  -47.510  1.324 0.0000000000
20343  -25.061  -47.208  0.725 0.0000000000
20351  -24.853  -47.869  -0.464 0.0000000000
20352  -25.129  -47.291  -0.340 0.0000000000
20360  -24.795  -47.764  -1.065 0.0000000000
20361  -25.118  -46.981  -1.415 0.0000000000
20372  -24.530  -47.303  -2.305 0.0000000000
20373  -25.005  -46.713  -2.013 0.0000000000
21073  -24.410  -46.220  3.196 0.0000000000
21080  -24.828  -46.214  2.330 0.0000000000
21081  -25.173  -45.892  1.959 0.0000000000
21089  -24.868  -46.701  1.803 0.0000000000
21090  -25.176  -46.318  1.384 0.0000000000
21093  -25.338  -46.353  0.230 0.0000000000
21095  -25.377  -46.284  -0.841 0.0000000000
21100  -25.228  -46.172  -1.763 0.0000000000
21109  -24.311  -46.155  -3.130 0.0000000000
21110  -24.839  -46.201  -2.466 0.0000000000
21817  -24.374  -45.362  3.801 0.0000000000
21825  -24.808  -45.352  2.931 0.0000000000
21826  -25.108  -44.993  2.620 0.0000000000
21833  -24.901  -45.689  2.540 0.0000000000
21834  -25.094  -45.479  2.338 0.0000000000
21840  -25.347  -45.445  1.670 0.0000000000
21843  -25.464  -45.485  0.752 0.0000000000
21846  -25.493  -45.398  -0.330 0.0000000000
21849  -25.416  -45.326  -1.397 0.0000000000
21853  -24.527  -45.296  -3.165 0.0000000000
21854  -25.048  -45.314  -2.333 0.0000000000
21866  -23.884  -45.059  -4.198 0.0000000000
21883  -23.355  -44.124  -5.271 0.0000000000
22557  -24.694  -44.403  3.630 0.0000000000
22558  -25.140  -44.454  2.966 0.0000000000
22567  -25.379  -44.723  2.225 0.0000000000
22574  -25.573  -44.735  1.268 0.0000000000
22580  -25.600  -44.605  0.204 0.0000000000
22586  -25.565  -44.289  -0.995 0.0000000000
22592  -25.247  -44.383  -2.089 0.0000000000
22598  -24.373  -44.577  -3.894 0.0000000000
22599  -24.746  -44.373  -3.148 0.0000000000
22611  -24.006  -43.991  -4.759 0.0000000000
22612  -24.533  -44.042  -4.135 0.0000000000
22625  -23.902  -43.715  -5.389 0.0000000000
23289  -24.351  -43.423  4.055 0.0000000000
23295  -25.002  -43.381  3.435 0.0000000000
23296  -25.411  -43.857  2.689 0.0000000000
23304  -25.630  -44.141  1.865 0.0000000000
23312  -25.718  -44.042  0.758 0.0000000000
23313  -25.909  -42.769  0.827 0.0000000000
23320  -25.676  -43.697  -0.355 0.0000000000
23321  -25.740  -43.197  -0.306 0.0000000000
23327  -25.512  -43.160  -1.153 0.0000000000
23328  -25.591  -42.882  -0.766 0.0000000000
23334  -25.353  -43.405  -1.895 0.0000000000
23341  -25.126  -43.539  -2.854 0.0000000000
23352  -24.370  -43.563  -4.690 0.0000000000
23353  -24.872  -43.526  -4.002 0.0000000000
23361  -24.019  -43.356  -5.103 0.0000000000
23362  -24.450  -43.123  -4.910 0.0000000000
23373  -24.214  -43.332  -5.329 0.0000000000
23374  -24.841  -43.084  -5.348 0.0000000000
23375  -25.745  -43.045  -5.489 0.0000000000
23376  -26.592  -42.794  -5.351 0.0000000000
24030  -23.878  -42.476  4.315 0.0000000000
24031  -24.488  -42.420  3.754 0.0000000000
24040  -24.965  -42.295  3.384 0.0000000000
24041  -25.328  -42.895  3.062 0.0000000000
24049  -25.556  -43.672  2.355 0.0000000000
24050  -25.860  -42.051  1.731 0.0000000000
24057  -25.680  -43.924  1.691 0.0000000000
24058  -25.880  -42.404  1.277 0.0000000000
24066  -25.954  -42.289  0.553 0.0000000000
24074  -25.417  -42.221  -1.241 0.0000000000
24075  -25.450  -42.147  -0.871 0.0000000000
24083  -25.434  -42.486  -1.810 0.0000000000
24092  -25.494  -42.590  -2.692 0.0000000000
24093  -25.852  -42.132  -3.131 0.0000000000
24105  -25.289  -42.984  -3.538 0.0000000000
24106  -25.694  -42.423  -3.672 0.0000000000
24114  -25.219  -42.826  -4.504 0.0000000000
24115  -25.913  -42.207  -4.499 0.0000000000
24116  -27.116  -42.738  -5.287 0.0000000000
24117  -27.655  -42.669  -5.113 0.0000000000
24121  -25.551  -42.610  -5.105 0.0000000000
24122  -26.284  -42.237  -5.158 0.0000000000
24123  -27.061  -42.163  -5.381 0.0000000000
24124  -27.698  -41.989  -5.337 0.0000000000
24804  -22.799  -41.212  4.815 0.0000000000
24805  -23.019  -41.817  5.083 0.0000000000
24816  -23.155  -40.903  4.610 0.0000000000
24817  -23.435  -41.458  4.513 0.0000000000
24818  -24.148  -41.505  3.943 0.0000000000
24826  -24.710  -41.440  3.481 0.0000000000
24827  -25.157  -41.378  3.131 0.0000000000
24835  -25.533  -41.677  2.398 0.0000000000
24836  -25.786  -41.687  1.948 0.0000000000
24845  -25.900  -41.617  1.438 0.0000000000
24852  -25.217  -40.544  -0.828 0.0000000000
24853  -25.939  -41.529  0.716 0.0000000000
24860  -25.260  -41.167  -1.175 0.0000000000
24861  -25.241  -41.296  -0.945 0.0000000000
24869  -25.620  -41.485  -1.860 0.0000000000
24870  -26.059  -41.172  -2.359 0.0000000000
24881  -25.592  -42.078  -2.215 0.0000000000
24882  -25.925  -41.730  -2.650 0.0000000000
24893  -26.203  -41.724  -3.615 0.0000000000
24901  -26.512  -41.547  -4.554 0.0000000000
24902  -26.927  -41.157  -4.876 0.0000000000
24903  -28.149  -42.244  -5.191 0.0000000000
24904  -28.567  -42.122  -5.166 0.0000000000
24911  -26.804  -41.642  -5.125 0.0000000000
24912  -27.346  -41.350  -5.259 0.0000000000
24913  -28.118  -41.508  -5.335 0.0000000000
24914  -28.837  -41.506  -5.217 0.0000000000
24915  -29.276  -41.252  -5.275 0.0000000000
25582  -22.169  -40.677  4.912 0.0000000000
25595  -22.958  -40.404  4.661 0.0000000000
25596  -23.466  -40.496  4.364 0.0000000000
25597  -23.963  -40.602  4.033 0.0000000000
25606  -24.485  -40.582  3.568 0.0000000000
25607  -24.940  -40.435  3.090 0.0000000000
25613  -25.253  -39.892  2.306 0.0000000000
25614  -25.681  -41.266  2.096 0.0000000000
25622  -25.430  -39.345  1.011 0.0000000000
25623  -25.767  -41.089  1.693 0.0000000000
25631  -25.303  -39.629  -0.190 0.0000000000
25632  -25.862  -41.006  1.108 0.0000000000
25640  -25.177  -40.047  -0.947 0.0000000000
25648  -25.639  -40.393  -1.525 0.0000000000
25649  -26.170  -40.632  -2.113 0.0000000000
25658  -26.616  -40.829  -2.940 0.0000000000
25659  -27.177  -40.272  -3.310 0.0000000000
25668  -26.668  -41.125  -3.869 0.0000000000
25669  -27.062  -40.598  -3.833 0.0000000000
25679  -26.889  -40.975  -4.387 0.0000000000
25680  -27.334  -40.593  -4.662 0.0000000000
25681  -27.704  -40.275  -4.958 0.0000000000
25689  -27.697  -40.793  -5.242 0.0000000000
25690  -28.224  -40.543  -5.296 0.0000000000
25691  -28.936  -40.615  -5.259 0.0000000000
25692  -29.315  -40.585  -5.319 0.0000000000
26402  -22.665  -39.556  4.706 0.0000000000
26403  -23.469  -39.528  4.198 0.0000000000
26404  -23.811  -40.035  4.054 0.0000000000
26416  -23.786  -39.071  3.717 0.0000000000
26417  -24.239  -39.501  3.487 0.0000000000
26418  -24.688  -39.970  3.214 0.0000000000
26425  -24.491  -38.968  2.789 0.0000000000
26426  -24.815  -39.380  2.555 0.0000000000
26433  -25.157  -39.067  1.459 0.0000000000
26441  -25.234  -38.988  0.381 0.0000000000
26450  -25.302  -39.157  -0.513 0.0000000000
26459  -25.669  -39.384  -1.202 0.0000000000
26460  -26.540  -39.630  -1.850 0.0000000000
26461  -27.264  -39.221  -2.184 0.0000000000
26471  -26.662  -40.230  -2.367 0.0000000000
26472  -27.286  -39.808  -2.713 0.0000000000
26481  -27.618  -39.858  -3.862 0.0000000000
26482  -27.835  -39.433  -4.114 0.0000000000
26494  -27.648  -40.080  -4.557 0.0000000000
26495  -27.879  -39.664  -4.646 0.0000000000
26509  -28.473  -39.830  -5.170 0.0000000000
26510  -28.977  -39.984  -5.241 0.0000000000
27172  -23.039  -38.671  4.357 0.0000000000
27186  -23.482  -38.541  3.771 0.0000000000
27187  -23.907  -38.710  3.398 0.0000000000
27199  -23.710  -38.127  3.215 0.0000000000
27200  -24.186  -38.350  2.752 0.0000000000
27201  -24.577  -38.639  2.318 0.0000000000
27211  -24.439  -37.942  1.816 0.0000000000
27212  -24.812  -38.549  1.677 0.0000000000
27219  -24.676  -37.974  1.169 0.0000000000
27220  -24.938  -38.317  0.726 0.0000000000
27229  -25.146  -38.346  -0.195 0.0000000000
27237  -25.616  -38.447  -0.857 0.0000000000
27238  -26.335  -38.585  -1.343 0.0000000000
27239  -27.151  -38.624  -1.845 0.0000000000
27247  -27.837  -38.773  -2.588 0.0000000000
27248  -28.160  -38.342  -3.044 0.0000000000
27256  -27.795  -39.345  -3.192 0.0000000000
27257  -28.037  -38.894  -3.729 0.0000000000
27267  -28.300  -39.011  -4.701 0.0000000000
27268  -28.447  -38.833  -4.809 0.0000000000
27283  -28.656  -39.503  -5.114 0.0000000000
27284  -28.812  -39.350  -5.154 0.0000000000
27950  -23.150  -38.130  3.989 0.0000000000
27966  -23.234  -37.597  3.473 0.0000000000
27976  -23.663  -37.492  2.675 0.0000000000
27977  -24.056  -37.605  2.172 0.0000000000
27989  -23.784  -37.107  2.041 0.0000000000
27990  -24.072  -37.229  1.591 0.0000000000
27999  -24.406  -37.367  1.035 0.0000000000
28000  -24.679  -37.689  0.661 0.0000000000
28007  -24.587  -37.202  0.481 0.0000000000
28008  -24.846  -37.511  0.035 0.0000000000
28016  -25.423  -37.547  -0.624 0.0000000000
28017  -26.093  -37.618  -1.134 0.0000000000
28018  -26.874  -37.728  -1.543 0.0000000000
28026  -27.628  -37.755  -2.068 0.0000000000
28027  -28.084  -37.968  -2.650 0.0000000000
28036  -27.911  -37.357  -2.580 0.0000000000
28037  -28.175  -37.751  -3.206 0.0000000000
28048  -28.189  -38.097  -3.943 0.0000000000
28049  -28.280  -38.348  -4.351 0.0000000000
28062  -29.270  -37.206  -5.275 0.0000000000
28736  -22.868  -36.601  3.116 0.0000000000
28737  -23.304  -37.061  2.888 0.0000000000
28752  -23.031  -36.240  2.436 0.0000000000
28753  -23.360  -36.620  2.269 0.0000000000
28767  -23.734  -36.620  1.564 0.0000000000
28768  -24.068  -36.699  1.056 0.0000000000
28779  -24.372  -36.763  0.640 0.0000000000
28786  -24.668  -36.637  0.158 0.0000000000
28787  -25.186  -36.657  -0.440 0.0000000000
28796  -25.786  -36.701  -1.031 0.0000000000
28797  -26.543  -36.756  -1.488 0.0000000000
28798  -27.144  -37.094  -1.825 0.0000000000
28807  -26.911  -36.515  -2.027 0.0000000000
28808  -27.515  -36.906  -2.244 0.0000000000
28818  -27.239  -36.330  -2.385 0.0000000000
28819  -27.790  -36.708  -2.830 0.0000000000
28820  -28.056  -37.340  -3.470 0.0000000000
28830  -27.911  -36.860  -3.306 0.0000000000
28831  -28.144  -37.601  -3.784 0.0000000000
28832  -28.801  -36.400  -4.842 0.0000000000
28844  -29.098  -36.272  -5.309 0.0000000000
29529  -22.739  -35.666  2.291 0.0000000000
29530  -23.120  -36.080  2.091 0.0000000000
29542  -22.878  -35.279  1.619 0.0000000000
29543  -23.361  -35.765  1.422 0.0000000000
29544  -23.819  -36.249  1.131 0.0000000000
29555  -23.681  -35.296  0.769 0.0000000000
29556  -24.163  -35.872  0.570 0.0000000000
29570  -24.899  -35.785  -0.235 0.0000000000
29571  -25.536  -35.792  -0.867 0.0000000000
29584  -26.099  -35.906  -1.407 0.0000000000
29585  -26.518  -35.965  -1.847 0.0000000000
29597  -26.787  -35.986  -2.254 0.0000000000
29607  -26.965  -35.814  -2.639 0.0000000000
29608  -27.496  -36.073  -2.922 0.0000000000
29615  -26.756  -35.396  -2.862 0.0000000000
29616  -27.623  -35.463  -4.066 0.0000000000
29617  -28.279  -35.544  -4.560 0.0000000000
29618  -28.727  -35.615  -5.043 0.0000000000
30348  -21.818  -33.993  1.641 0.0000000000
30349  -22.450  -34.537  1.505 0.0000000000
30350  -22.992  -35.086  1.330 0.0000000000
30359  -22.902  -34.131  0.782 0.0000000000
30360  -23.286  -34.726  0.821 0.0000000000
30361  -24.003  -34.759  0.398 0.0000000000
30372  -24.583  -34.885  -0.124 0.0000000000
30373  -25.193  -34.936  -0.697 0.0000000000
30385  -25.770  -34.957  -1.557 0.0000000000
30386  -26.196  -35.515  -1.768 0.0000000000
30396  -25.887  -34.550  -2.395 0.0000000000
30397  -26.366  -35.366  -2.193 0.0000000000
30404  -25.890  -34.403  -2.866 0.0000000000
30405  -26.361  -35.017  -2.691 0.0000000000
30406  -28.021  -34.403  -4.474 0.0000000000
30407  -28.088  -34.360  -4.514 0.0000000000
30411  -25.883  -34.320  -3.083 0.0000000000
30412  -26.258  -34.729  -2.901 0.0000000000
30413  -27.771  -34.650  -4.422 0.0000000000
30414  -28.259  -34.769  -4.812 0.0000000000
30415  -28.675  -35.226  -5.172 0.0000000000
30421  -28.569  -35.043  -5.260 0.0000000000
31182  -21.950  -33.738  1.186 0.0000000000
31196  -21.560  -33.269  0.716 0.0000000000
31197  -22.504  -33.424  0.486 0.0000000000
31198  -23.373  -33.840  0.390 0.0000000000
31199  -23.755  -34.230  0.349 0.0000000000
31208  -22.763  -32.924  -0.125 0.0000000000
31209  -23.264  -33.166  -0.118 0.0000000000
31210  -24.203  -33.713  -0.372 0.0000000000
31211  -24.786  -34.389  -0.580 0.0000000000
31223  -24.666  -33.253  -1.608 0.0000000000
31224  -25.084  -34.120  -1.113 0.0000000000
31230  -24.834  -33.176  -2.462 0.0000000000
31231  -25.401  -33.880  -1.998 0.0000000000
31235  -25.057  -33.313  -2.809 0.0000000000
31236  -25.460  -33.847  -2.698 0.0000000000
31237  -27.841  -34.247  -4.479 0.0000000000
31238  -28.000  -34.253  -4.446 0.0000000000
31242  -25.074  -32.719  -3.911 0.0000000000
31243  -25.582  -33.953  -2.956 0.0000000000
31244  -26.472  -33.507  -4.377 0.0000000000
31245  -27.359  -33.934  -4.714 0.0000000000
31246  -27.936  -34.254  -4.605 0.0000000000
31252  -27.898  -34.268  -4.997 0.0000000000
31966  -21.031  -32.863  0.154 0.0000000000
31967  -21.752  -32.903  0.131 0.0000000000
31979  -21.344  -32.544  -0.459 0.0000000000
31980  -22.222  -32.657  -0.389 0.0000000000
31981  -22.927  -32.624  -0.622 0.0000000000
31982  -23.539  -32.810  -0.740 0.0000000000
31997  -21.665  -32.235  -1.141 0.0000000000
31998  -22.445  -32.286  -1.202 0.0000000000
31999  -23.118  -32.302  -1.401 0.0000000000
32000  -23.895  -32.646  -1.411 0.0000000000
32006  -22.815  -32.068  -2.532 0.0000000000
32007  -23.161  -32.148  -2.251 0.0000000000
32008  -24.030  -32.580  -2.332 0.0000000000
32010  -22.766  -32.118  -2.795 0.0000000000
32011  -23.153  -32.331  -3.081 0.0000000000
32012  -24.034  -32.688  -2.914 0.0000000000
32014  -23.087  -32.374  -3.581 0.0000000000
32015  -24.522  -32.289  -3.839 0.0000000000
32790  -22.012  -31.965  -1.865 0.0000000000
32791  -22.661  -32.045  -1.820 0.0000000000
32792  -22.974  -32.047  -1.891 0.0000000000
32801  -21.592  -31.755  -2.724 0.0000000000
32802  -22.511  -31.994  -2.466 0.0000000000
32803  -22.842  -31.999  -2.116 0.0000000000
32809  -22.195  -32.036  -3.455 0.0000000000
32810  -22.721  -32.319  -3.720 0.0000000000
