#!ascii label  , from subject FREESURFER vox2ras=TkReg 
154
92214  -40.129  47.784  -28.282 0.0000000000
92215  -40.732  47.396  -28.275 0.0000000000
92715  -38.180  47.394  -27.931 0.0000000000
92716  -39.276  47.866  -28.194 0.0000000000
92730  -37.158  47.422  -28.825 0.0000000000
93230  -37.738  47.655  -28.496 0.0000000000
93241  -36.954  47.413  -29.694 0.0000000000
93242  -37.646  47.925  -29.282 0.0000000000
93243  -37.962  48.016  -28.801 0.0000000000
93258  -37.456  47.943  -30.308 0.0000000000
93770  -37.904  48.253  -29.388 0.0000000000
93783  -37.923  48.479  -29.866 0.0000000000
93784  -38.657  49.013  -29.802 0.0000000000
93796  -37.667  48.683  -30.928 0.0000000000
94349  -38.125  49.159  -30.548 0.0000000000
94350  -38.586  49.383  -30.468 0.0000000000
94361  -37.799  49.430  -31.396 0.0000000000
94362  -38.322  49.775  -31.219 0.0000000000
94363  -39.255  49.527  -30.524 0.0000000000
94373  -37.494  49.938  -31.902 0.0000000000
94374  -37.926  49.885  -31.707 0.0000000000
94375  -40.628  48.560  -30.017 0.0000000000
94818  -39.605  50.722  -27.751 0.0000000000
94819  -40.173  50.339  -27.833 0.0000000000
94828  -40.069  50.772  -28.174 0.0000000000
94829  -40.903  50.161  -28.333 0.0000000000
94840  -41.292  50.637  -28.782 0.0000000000
94849  -37.000  51.215  -31.348 0.0000000000
94850  -38.337  50.107  -31.646 0.0000000000
94851  -38.702  50.145  -31.511 0.0000000000
94852  -39.408  50.203  -31.267 0.0000000000
94853  -40.114  49.841  -30.776 0.0000000000
94862  -37.412  50.756  -31.992 0.0000000000
94863  -38.079  50.337  -32.252 0.0000000000
94864  -39.016  50.638  -32.391 0.0000000000
94865  -40.040  50.606  -31.491 0.0000000000
94866  -41.054  50.053  -31.095 0.0000000000
94867  -41.978  49.545  -31.293 0.0000000000
94874  -38.357  50.816  -33.001 0.0000000000
94875  -38.682  50.957  -33.242 0.0000000000
95273  -39.220  51.256  -27.653 0.0000000000
95282  -39.099  51.823  -27.831 0.0000000000
95283  -39.706  51.537  -28.062 0.0000000000
95284  -40.399  51.343  -28.475 0.0000000000
95294  -41.009  51.263  -28.761 0.0000000000
95295  -41.539  51.232  -29.013 0.0000000000
95304  -36.868  51.890  -30.667 0.0000000000
95305  -37.276  51.816  -31.587 0.0000000000
95306  -41.660  49.206  -29.270 0.0000000000
95315  -37.663  51.540  -32.524 0.0000000000
95316  -37.938  51.055  -33.065 0.0000000000
95317  -39.858  51.126  -32.373 0.0000000000
95318  -40.879  50.948  -31.918 0.0000000000
95319  -41.944  50.193  -31.973 0.0000000000
95320  -42.573  49.659  -31.903 0.0000000000
95328  -37.893  51.688  -33.252 0.0000000000
95329  -38.294  51.453  -33.652 0.0000000000
95330  -39.223  51.388  -33.511 0.0000000000
95338  -38.703  51.883  -34.370 0.0000000000
95339  -39.258  52.024  -34.505 0.0000000000
95756  -39.482  52.509  -27.990 0.0000000000
95757  -40.339  52.430  -28.350 0.0000000000
95758  -41.002  52.644  -28.700 0.0000000000
95766  -36.443  52.913  -30.090 0.0000000000
95767  -40.815  51.990  -28.662 0.0000000000
95768  -41.457  52.166  -28.946 0.0000000000
95769  -42.280  51.601  -29.278 0.0000000000
95770  -42.850  50.356  -29.464 0.0000000000
95771  -42.265  49.273  -28.977 0.0000000000
95777  -37.283  52.820  -30.893 0.0000000000
95778  -37.718  52.744  -31.884 0.0000000000
95779  -43.111  49.522  -29.709 0.0000000000
95780  -42.681  49.072  -29.160 0.0000000000
95784  -38.106  52.700  -33.024 0.0000000000
95785  -38.313  53.375  -33.574 0.0000000000
95786  -40.333  51.696  -32.813 0.0000000000
95787  -41.619  51.467  -32.403 0.0000000000
95788  -42.763  50.490  -32.160 0.0000000000
95789  -42.954  49.540  -30.971 0.0000000000
95790  -43.871  49.893  -30.448 0.0000000000
95793  -37.980  52.060  -33.634 0.0000000000
95794  -38.414  52.735  -34.137 0.0000000000
95795  -39.904  52.117  -33.945 0.0000000000
95796  -40.764  52.331  -33.298 0.0000000000
95802  -38.948  52.721  -34.991 0.0000000000
95803  -39.649  52.746  -34.816 0.0000000000
95804  -40.294  52.773  -34.243 0.0000000000
96246  -39.969  53.380  -28.172 0.0000000000
96247  -41.004  53.519  -28.581 0.0000000000
96248  -41.469  52.932  -28.785 0.0000000000
96254  -36.127  53.884  -30.201 0.0000000000
96255  -41.591  54.089  -28.836 0.0000000000
96256  -42.215  53.187  -29.057 0.0000000000
96257  -43.675  52.047  -29.716 0.0000000000
96258  -43.655  50.637  -29.693 0.0000000000
96264  -36.777  53.856  -30.715 0.0000000000
96265  -37.520  53.895  -31.410 0.0000000000
96266  -43.368  52.374  -31.333 0.0000000000
96267  -44.083  51.555  -30.704 0.0000000000
96268  -44.181  50.637  -30.087 0.0000000000
96272  -38.051  53.939  -32.257 0.0000000000
96273  -38.263  54.092  -33.155 0.0000000000
96274  -41.591  52.339  -32.991 0.0000000000
96275  -42.443  52.061  -32.324 0.0000000000
96276  -43.617  51.022  -31.557 0.0000000000
96277  -44.391  50.335  -30.953 0.0000000000
96280  -38.459  54.148  -34.053 0.0000000000
96281  -40.953  53.170  -33.679 0.0000000000
96282  -41.755  52.669  -33.004 0.0000000000
96287  -38.857  54.153  -35.224 0.0000000000
96288  -39.460  53.559  -35.480 0.0000000000
96289  -40.140  53.563  -35.081 0.0000000000
96292  -38.993  54.832  -36.030 0.0000000000
96293  -39.433  54.405  -35.892 0.0000000000
96294  -39.825  53.971  -35.823 0.0000000000
96718  -41.766  54.624  -29.509 0.0000000000
96719  -43.031  53.739  -29.945 0.0000000000
96720  -43.691  53.162  -30.236 0.0000000000
96732  -41.976  54.603  -30.881 0.0000000000
96733  -43.031  53.579  -30.977 0.0000000000
96734  -43.750  52.623  -30.532 0.0000000000
96738  -37.595  55.037  -32.053 0.0000000000
96739  -37.947  55.113  -32.760 0.0000000000
96740  -41.620  54.351  -32.083 0.0000000000
96741  -42.205  53.250  -32.061 0.0000000000
96745  -38.290  55.196  -33.556 0.0000000000
96746  -41.070  54.069  -33.302 0.0000000000
96747  -41.750  53.063  -32.900 0.0000000000
96752  -38.581  55.271  -34.595 0.0000000000
96753  -40.485  54.271  -34.684 0.0000000000
96754  -38.840  55.444  -35.639 0.0000000000
96755  -39.487  55.212  -36.059 0.0000000000
96756  -40.067  54.565  -35.725 0.0000000000
97169  -40.740  55.348  -30.844 0.0000000000
97179  -38.468  55.926  -32.592 0.0000000000
97180  -39.624  55.653  -32.338 0.0000000000
97181  -40.743  55.199  -32.182 0.0000000000
97185  -38.910  55.823  -33.647 0.0000000000
97186  -39.846  55.762  -33.558 0.0000000000
97187  -40.606  55.121  -33.418 0.0000000000
97191  -39.208  55.960  -34.720 0.0000000000
97192  -40.026  55.747  -34.650 0.0000000000
97193  -40.440  55.021  -34.549 0.0000000000
97196  -39.531  55.746  -35.482 0.0000000000
97197  -40.056  55.357  -35.465 0.0000000000
97198  -40.290  54.890  -35.228 0.0000000000
105462  -38.408  48.053  -28.504 0.0000000000
105466  -38.207  48.375  -29.172 0.0000000000
105468  -39.167  48.591  -29.107 0.0000000000
105469  -41.271  49.486  -28.058 0.0000000000
105470  -39.479  48.935  -29.807 0.0000000000
105471  -41.645  49.351  -28.574 0.0000000000
105472  -41.401  50.135  -28.661 0.0000000000
105473  -41.853  50.361  -29.047 0.0000000000
