#!ascii label  , from subject FREESURFER vox2ras=TkReg 
171
90176  -41.947  41.527  -11.177 0.0000000000
90177  -42.915  41.491  -11.167 0.0000000000
90198  -41.187  41.852  -11.691 0.0000000000
90199  -42.210  41.750  -11.870 0.0000000000
90200  -43.371  41.971  -11.816 0.0000000000
90222  -40.249  42.121  -12.306 0.0000000000
90223  -41.354  42.202  -12.427 0.0000000000
90224  -42.483  42.227  -12.576 0.0000000000
90225  -43.809  42.438  -12.708 0.0000000000
90243  -39.435  42.248  -13.157 0.0000000000
90244  -40.484  42.575  -13.063 0.0000000000
90245  -41.559  42.627  -13.176 0.0000000000
90246  -42.658  42.649  -13.341 0.0000000000
90247  -43.606  42.706  -13.559 0.0000000000
90842  -44.514  42.704  -13.359 0.0000000000
90855  -38.779  42.612  -14.015 0.0000000000
90856  -39.743  42.950  -13.777 0.0000000000
90857  -40.737  43.135  -13.727 0.0000000000
90858  -41.765  43.101  -13.865 0.0000000000
90859  -42.844  42.979  -14.085 0.0000000000
90860  -44.171  42.939  -14.217 0.0000000000
90861  -45.015  43.541  -14.430 0.0000000000
90871  -38.134  43.342  -14.456 0.0000000000
90872  -39.091  43.535  -14.325 0.0000000000
90873  -40.053  43.639  -14.360 0.0000000000
90874  -41.003  43.570  -14.378 0.0000000000
90875  -41.965  43.409  -14.595 0.0000000000
90876  -43.048  43.255  -14.840 0.0000000000
90877  -44.084  43.319  -15.105 0.0000000000
90878  -44.710  43.780  -15.320 0.0000000000
90888  -40.488  43.835  -14.839 0.0000000000
90889  -41.187  43.739  -15.171 0.0000000000
90890  -42.164  43.525  -15.374 0.0000000000
90891  -43.149  43.351  -15.673 0.0000000000
90892  -44.054  43.379  -15.961 0.0000000000
90893  -44.681  43.719  -16.185 0.0000000000
90904  -41.576  43.726  -15.814 0.0000000000
90905  -42.320  43.524  -16.256 0.0000000000
90906  -43.304  43.232  -16.542 0.0000000000
90907  -44.157  43.118  -16.828 0.0000000000
90908  -44.752  43.552  -16.971 0.0000000000
90920  -42.687  43.243  -16.975 0.0000000000
90921  -43.383  42.910  -17.444 0.0000000000
90922  -44.262  42.989  -17.678 0.0000000000
90923  -44.626  43.660  -17.489 0.0000000000
90935  -43.600  42.803  -18.100 0.0000000000
90936  -43.929  43.147  -18.341 0.0000000000
91462  -45.167  44.319  -14.584 0.0000000000
91468  -37.583  43.927  -15.087 0.0000000000
91469  -38.568  44.056  -14.966 0.0000000000
91470  -39.515  44.049  -14.896 0.0000000000
91471  -40.057  43.950  -14.874 0.0000000000
91472  -45.055  44.431  -15.517 0.0000000000
91479  -38.125  44.299  -15.909 0.0000000000
91480  -39.208  44.095  -15.811 0.0000000000
91481  -40.321  43.917  -15.573 0.0000000000
91482  -41.074  43.867  -15.768 0.0000000000
91483  -45.128  44.373  -16.348 0.0000000000
91494  -38.882  44.444  -16.795 0.0000000000
91495  -40.067  44.159  -16.683 0.0000000000
91496  -41.361  43.887  -16.545 0.0000000000
91497  -42.177  43.540  -16.883 0.0000000000
91498  -45.111  44.329  -17.083 0.0000000000
91510  -38.616  44.684  -17.794 0.0000000000
91511  -39.759  44.414  -17.690 0.0000000000
91512  -41.005  44.145  -17.689 0.0000000000
91513  -42.303  43.337  -17.674 0.0000000000
91514  -43.098  42.835  -18.029 0.0000000000
91515  -44.363  43.628  -18.070 0.0000000000
91516  -44.689  44.426  -17.710 0.0000000000
91530  -38.340  44.693  -18.735 0.0000000000
91531  -39.419  44.508  -18.623 0.0000000000
91532  -40.593  44.241  -18.654 0.0000000000
91533  -41.530  43.686  -18.811 0.0000000000
91534  -43.028  43.178  -18.741 0.0000000000
91535  -44.007  44.223  -18.810 0.0000000000
91536  -44.391  44.365  -18.226 0.0000000000
91548  -38.951  44.493  -19.508 0.0000000000
91549  -40.210  44.209  -19.443 0.0000000000
91550  -41.093  43.632  -19.701 0.0000000000
91551  -42.164  43.285  -19.793 0.0000000000
91552  -43.403  44.068  -19.995 0.0000000000
91563  -39.418  44.272  -20.376 0.0000000000
91564  -40.418  43.866  -20.462 0.0000000000
91565  -41.405  43.422  -20.625 0.0000000000
91577  -39.731  43.935  -21.211 0.0000000000
92065  -45.050  45.246  -14.841 0.0000000000
92068  -45.336  45.407  -15.746 0.0000000000
92069  -45.606  46.046  -16.200 0.0000000000
92074  -45.494  45.221  -16.565 0.0000000000
92075  -45.744  46.197  -16.734 0.0000000000
92080  -45.287  45.515  -17.351 0.0000000000
92081  -45.774  46.565  -17.301 0.0000000000
92090  -40.861  44.069  -18.897 0.0000000000
92091  -41.011  43.966  -18.915 0.0000000000
92092  -44.390  45.365  -19.069 0.0000000000
92093  -44.745  45.573  -18.404 0.0000000000
92105  -40.719  44.137  -19.044 0.0000000000
92106  -40.918  43.938  -19.132 0.0000000000
92107  -44.293  45.350  -19.727 0.0000000000
92108  -45.006  46.397  -19.390 0.0000000000
92579  -44.810  46.337  -15.108 0.0000000000
92581  -45.450  46.684  -15.720 0.0000000000
92582  -46.010  46.957  -16.268 0.0000000000
92584  -46.334  47.073  -16.953 0.0000000000
92587  -45.500  46.732  -17.987 0.0000000000
92588  -46.189  47.374  -17.791 0.0000000000
92591  -45.813  47.485  -19.064 0.0000000000
92592  -46.062  47.500  -18.434 0.0000000000
92596  -46.196  47.645  -19.764 0.0000000000
93081  -44.796  47.718  -15.287 0.0000000000
93082  -46.137  48.002  -15.717 0.0000000000
93083  -46.976  48.699  -16.165 0.0000000000
93089  -46.776  47.835  -16.458 0.0000000000
93090  -47.385  48.725  -16.889 0.0000000000
93097  -42.499  48.286  -17.564 0.0000000000
93098  -43.449  48.497  -18.090 0.0000000000
93099  -46.928  47.971  -17.465 0.0000000000
93100  -47.395  48.922  -17.968 0.0000000000
93108  -41.623  47.803  -18.380 0.0000000000
93109  -42.778  48.099  -18.637 0.0000000000
93110  -44.155  48.471  -18.928 0.0000000000
93111  -45.546  48.856  -19.672 0.0000000000
93112  -46.607  48.457  -18.758 0.0000000000
93113  -47.394  49.256  -18.774 0.0000000000
93121  -41.977  47.953  -19.322 0.0000000000
93122  -43.155  48.097  -19.566 0.0000000000
93123  -44.526  48.328  -19.818 0.0000000000
93124  -45.591  48.169  -20.005 0.0000000000
93624  -44.039  48.963  -15.313 0.0000000000
93625  -45.370  49.058  -15.621 0.0000000000
93626  -46.599  49.347  -15.881 0.0000000000
93627  -47.482  49.579  -16.428 0.0000000000
93640  -43.069  49.386  -16.707 0.0000000000
93641  -43.973  49.950  -16.962 0.0000000000
93642  -47.796  49.632  -17.427 0.0000000000
93654  -43.380  48.787  -17.522 0.0000000000
93655  -44.424  49.483  -17.972 0.0000000000
93656  -45.471  50.003  -18.343 0.0000000000
93657  -47.805  49.652  -18.448 0.0000000000
93667  -44.968  49.180  -19.057 0.0000000000
93668  -45.869  49.638  -19.068 0.0000000000
93669  -47.164  49.575  -19.366 0.0000000000
93670  -47.681  49.646  -19.044 0.0000000000
94195  -43.350  50.298  -15.190 0.0000000000
94196  -44.589  49.977  -15.849 0.0000000000
94197  -45.926  50.162  -16.030 0.0000000000
94198  -47.060  50.331  -16.161 0.0000000000
94216  -43.868  50.456  -16.275 0.0000000000
94217  -45.141  50.534  -16.563 0.0000000000
94218  -46.502  50.902  -16.982 0.0000000000
94219  -47.895  50.681  -17.117 0.0000000000
94220  -48.250  50.837  -17.924 0.0000000000
94229  -44.542  50.300  -17.060 0.0000000000
94230  -45.481  50.502  -17.670 0.0000000000
94231  -46.539  51.035  -18.236 0.0000000000
94232  -48.133  50.316  -18.071 0.0000000000
94233  -48.305  50.795  -18.471 0.0000000000
94240  -46.056  50.363  -18.511 0.0000000000
94241  -46.862  50.574  -19.147 0.0000000000
94242  -47.967  50.341  -19.176 0.0000000000
94243  -48.303  50.996  -18.962 0.0000000000
94714  -47.417  51.448  -17.891 0.0000000000
94715  -48.169  51.226  -17.970 0.0000000000
94716  -48.338  51.029  -18.186 0.0000000000
94722  -47.333  51.320  -18.875 0.0000000000
94723  -48.013  51.610  -18.626 0.0000000000
94724  -48.300  51.193  -18.532 0.0000000000
94730  -47.501  50.962  -19.368 0.0000000000
94731  -48.001  51.277  -19.330 0.0000000000
94732  -48.268  51.341  -18.938 0.0000000000
