#!ascii label  , from subject FREESURFER vox2ras=TkReg 
177
76882  -33.118  18.505  3.829 0.0000000000
76883  -33.776  18.278  3.360 0.0000000000
76884  -34.283  17.941  3.018 0.0000000000
76888  -34.252  18.536  2.962 0.0000000000
76889  -34.754  18.321  2.542 0.0000000000
76890  -35.427  18.423  1.921 0.0000000000
77680  -32.937  19.439  3.928 0.0000000000
77681  -33.746  19.391  3.388 0.0000000000
77682  -34.275  19.915  3.113 0.0000000000
77688  -34.041  18.875  3.120 0.0000000000
77689  -34.480  19.348  2.810 0.0000000000
77690  -35.176  19.285  2.189 0.0000000000
77694  -35.794  19.339  1.464 0.0000000000
77695  -36.110  19.801  1.164 0.0000000000
77701  -36.043  18.973  1.088 0.0000000000
77702  -36.287  19.440  0.737 0.0000000000
77711  -36.754  19.521  -0.119 0.0000000000
78450  -33.429  20.338  3.706 0.0000000000
78451  -34.161  20.446  3.360 0.0000000000
78452  -34.836  20.441  2.932 0.0000000000
78453  -35.454  20.576  2.602 0.0000000000
78457  -35.089  20.009  2.486 0.0000000000
78458  -35.704  20.275  2.047 0.0000000000
78459  -36.194  20.629  1.608 0.0000000000
78462  -35.997  20.090  1.443 0.0000000000
78463  -36.330  20.364  0.993 0.0000000000
78470  -36.598  20.333  0.210 0.0000000000
78477  -37.032  20.435  -0.512 0.0000000000
79119  -34.869  21.279  3.439 0.0000000000
79120  -35.844  21.223  3.030 0.0000000000
79121  -36.593  21.604  2.887 0.0000000000
79125  -35.855  20.830  2.499 0.0000000000
79126  -36.395  21.211  2.227 0.0000000000
79130  -36.562  21.169  1.272 0.0000000000
79135  -36.667  21.068  0.525 0.0000000000
79139  -36.923  21.169  -0.132 0.0000000000
79140  -37.345  21.387  -0.845 0.0000000000
79728  -36.997  21.902  1.555 0.0000000000
79729  -37.470  22.654  1.695 0.0000000000
79733  -36.917  21.753  0.677 0.0000000000
79734  -37.267  22.558  0.775 0.0000000000
79736  -36.925  21.551  0.201 0.0000000000
79737  -37.231  22.211  -0.239 0.0000000000
80301  -37.772  23.405  0.990 0.0000000000
80302  -38.070  23.580  1.491 0.0000000000
80304  -37.464  23.300  0.044 0.0000000000
80306  -37.727  23.397  -1.033 0.0000000000
80307  -38.051  23.965  -1.469 0.0000000000
80861  -39.623  24.421  1.998 0.0000000000
80862  -40.433  24.822  2.204 0.0000000000
80866  -38.007  23.809  0.765 0.0000000000
80867  -38.485  24.065  1.066 0.0000000000
80868  -39.380  24.681  0.940 0.0000000000
80872  -37.847  23.904  0.368 0.0000000000
80873  -38.193  24.463  -0.114 0.0000000000
80875  -37.758  23.958  -0.392 0.0000000000
80876  -38.086  24.379  -1.035 0.0000000000
81343  -40.907  25.099  2.906 0.0000000000
81344  -41.564  25.337  3.435 0.0000000000
81348  -40.151  24.922  1.332 0.0000000000
81349  -40.972  25.347  1.970 0.0000000000
81350  -41.318  25.401  2.704 0.0000000000
81354  -38.923  24.847  0.152 0.0000000000
81355  -39.740  25.157  0.404 0.0000000000
81356  -40.562  25.398  0.850 0.0000000000
81360  -38.662  24.984  -0.747 0.0000000000
81361  -39.389  25.318  -0.478 0.0000000000
81362  -40.165  25.555  -0.158 0.0000000000
81364  -38.576  24.900  -1.439 0.0000000000
81365  -39.220  25.438  -1.423 0.0000000000
81366  -39.818  25.608  -0.906 0.0000000000
81368  -38.747  25.022  -2.068 0.0000000000
81799  -42.533  26.090  4.936 0.0000000000
81804  -42.314  25.773  4.688 0.0000000000
81805  -42.711  25.986  4.539 0.0000000000
81807  -42.312  25.607  3.929 0.0000000000
81808  -42.842  26.011  3.859 0.0000000000
81810  -41.344  25.612  1.984 0.0000000000
81811  -41.835  25.704  2.583 0.0000000000
81812  -42.757  26.263  2.632 0.0000000000
81814  -41.253  25.685  1.483 0.0000000000
81815  -41.801  26.130  1.356 0.0000000000
81816  -42.544  26.492  1.077 0.0000000000
81820  -40.990  25.834  0.386 0.0000000000
81821  -41.599  26.286  0.003 0.0000000000
81822  -42.353  26.650  -0.310 0.0000000000
81826  -39.845  25.709  -1.319 0.0000000000
81827  -40.503  25.985  -0.941 0.0000000000
81828  -41.447  26.522  -1.343 0.0000000000
81829  -42.296  26.793  -1.281 0.0000000000
81831  -39.830  25.844  -1.825 0.0000000000
81832  -40.478  26.241  -2.105 0.0000000000
81833  -41.131  26.589  -2.503 0.0000000000
82272  -42.526  26.387  5.134 0.0000000000
82273  -42.725  26.240  4.868 0.0000000000
82288  -42.606  26.930  5.138 0.0000000000
82289  -42.881  26.398  4.715 0.0000000000
82290  -44.408  27.416  5.014 0.0000000000
82291  -45.203  27.394  5.046 0.0000000000
82292  -45.698  27.509  4.868 0.0000000000
82300  -42.117  27.511  4.351 0.0000000000
82301  -43.503  26.727  4.354 0.0000000000
82302  -44.286  26.977  4.292 0.0000000000
82303  -44.957  27.089  4.417 0.0000000000
82304  -45.558  27.318  4.412 0.0000000000
82307  -43.464  26.690  2.253 0.0000000000
82308  -44.185  26.891  3.074 0.0000000000
82309  -44.928  27.172  3.280 0.0000000000
82310  -45.347  27.197  3.882 0.0000000000
82313  -43.223  26.861  0.605 0.0000000000
82314  -44.116  27.218  1.505 0.0000000000
82315  -44.526  27.217  2.420 0.0000000000
82320  -43.027  26.934  -0.710 0.0000000000
82321  -43.780  27.308  0.031 0.0000000000
82326  -41.906  26.854  -2.098 0.0000000000
82327  -42.761  27.038  -1.797 0.0000000000
82328  -43.630  27.338  -1.232 0.0000000000
82331  -41.595  26.903  -2.829 0.0000000000
82332  -42.278  27.169  -2.725 0.0000000000
82333  -43.357  27.453  -2.529 0.0000000000
82337  -42.544  27.420  -3.552 0.0000000000
82338  -43.534  27.694  -3.645 0.0000000000
82790  -44.167  27.820  5.118 0.0000000000
82791  -44.685  28.058  5.281 0.0000000000
82792  -45.833  27.927  5.098 0.0000000000
82793  -46.455  28.089  4.650 0.0000000000
82805  -42.551  27.991  3.666 0.0000000000
82806  -43.709  28.125  4.444 0.0000000000
82807  -44.608  28.710  4.424 0.0000000000
82808  -46.128  27.654  4.509 0.0000000000
82809  -46.776  28.082  4.053 0.0000000000
82823  -45.276  27.382  2.800 0.0000000000
82824  -45.914  27.533  3.280 0.0000000000
82825  -47.259  28.388  2.776 0.0000000000
82826  -48.246  28.764  2.050 0.0000000000
82833  -44.496  27.449  1.311 0.0000000000
82834  -44.986  27.564  1.908 0.0000000000
82835  -46.271  27.968  1.640 0.0000000000
82836  -47.485  28.393  1.289 0.0000000000
82837  -48.462  28.784  1.094 0.0000000000
82839  -44.494  27.524  0.733 0.0000000000
82840  -45.321  27.825  0.487 0.0000000000
82841  -46.430  28.158  0.217 0.0000000000
82842  -47.504  28.605  -0.040 0.0000000000
82843  -48.376  28.954  0.223 0.0000000000
82845  -44.453  27.695  -0.453 0.0000000000
82846  -45.349  28.099  -0.795 0.0000000000
82847  -46.339  28.461  -1.035 0.0000000000
82848  -47.035  28.829  -1.259 0.0000000000
82850  -44.391  27.825  -1.697 0.0000000000
82851  -45.340  28.365  -2.140 0.0000000000
82852  -46.358  28.621  -2.101 0.0000000000
82853  -46.932  28.923  -2.100 0.0000000000
82855  -44.334  27.990  -2.880 0.0000000000
82856  -45.057  28.584  -3.380 0.0000000000
82857  -45.529  28.751  -3.876 0.0000000000
82866  -44.386  28.021  -3.787 0.0000000000
83301  -45.493  28.703  4.723 0.0000000000
83302  -46.382  28.545  4.620 0.0000000000
83303  -46.722  28.399  4.405 0.0000000000
83317  -46.182  29.281  4.176 0.0000000000
83318  -47.186  29.004  4.001 0.0000000000
83332  -48.200  29.253  2.948 0.0000000000
83333  -48.997  29.300  2.056 0.0000000000
83346  -48.892  29.425  0.954 0.0000000000
83355  -47.755  29.066  -0.652 0.0000000000
83356  -48.318  29.510  -0.058 0.0000000000
83358  -47.341  29.185  -1.596 0.0000000000
83361  -45.759  28.832  -2.949 0.0000000000
83362  -46.470  29.074  -2.795 0.0000000000
83366  -45.567  28.865  -3.483 0.0000000000
83816  -46.679  29.790  3.721 0.0000000000
83831  -47.623  30.258  3.445 0.0000000000
83832  -48.723  30.098  2.810 0.0000000000
83845  -48.141  30.987  2.550 0.0000000000
83846  -49.020  30.457  1.783 0.0000000000
83858  -48.667  30.144  0.625 0.0000000000
