#!ascii label  , from subject FREESURFER vox2ras=TkReg 
159
49117  -35.353  -11.417  43.480 0.0000000000
49118  -35.967  -11.372  43.779 0.0000000000
49119  -36.726  -11.343  43.894 0.0000000000
49120  -36.973  -11.467  43.885 0.0000000000
49123  -35.322  -11.502  42.742 0.0000000000
49124  -35.960  -11.653  43.084 0.0000000000
49125  -36.704  -11.612  43.296 0.0000000000
49126  -37.402  -11.366  43.520 0.0000000000
49127  -38.116  -11.164  43.369 0.0000000000
49131  -35.442  -11.443  42.128 0.0000000000
49132  -35.943  -11.552  42.275 0.0000000000
49133  -36.636  -11.636  42.450 0.0000000000
49134  -37.543  -11.573  42.345 0.0000000000
49135  -38.368  -11.289  42.590 0.0000000000
49139  -38.104  -11.466  41.668 0.0000000000
49140  -38.241  -11.447  41.963 0.0000000000
49971  -37.126  -11.307  43.840 0.0000000000
49976  -33.714  -10.966  42.886 0.0000000000
49977  -34.614  -11.290  43.279 0.0000000000
49986  -32.780  -10.389  41.173 0.0000000000
49987  -33.630  -10.799  41.517 0.0000000000
49988  -34.781  -11.257  41.909 0.0000000000
49989  -35.806  -11.353  41.526 0.0000000000
49990  -36.615  -11.481  41.642 0.0000000000
49991  -37.111  -11.573  41.887 0.0000000000
49996  -32.754  -10.197  40.475 0.0000000000
49997  -33.388  -10.382  40.127 0.0000000000
49998  -34.500  -10.765  40.421 0.0000000000
49999  -35.572  -11.010  40.575 0.0000000000
50000  -36.592  -11.198  40.674 0.0000000000
50001  -37.656  -11.389  41.115 0.0000000000
50002  -38.904  -11.247  41.253 0.0000000000
50009  -33.599  -10.164  39.277 0.0000000000
50010  -34.333  -10.304  39.026 0.0000000000
50011  -35.380  -10.666  39.373 0.0000000000
50012  -36.416  -10.862  39.573 0.0000000000
50013  -37.522  -10.967  39.754 0.0000000000
50014  -38.734  -10.998  39.877 0.0000000000
50024  -34.649  -10.211  38.231 0.0000000000
50025  -35.267  -10.414  38.191 0.0000000000
50026  -36.196  -10.680  38.515 0.0000000000
50027  -37.246  -10.761  38.642 0.0000000000
50028  -38.418  -10.787  38.713 0.0000000000
50037  -35.572  -10.398  37.602 0.0000000000
50038  -36.028  -10.547  37.711 0.0000000000
50039  -36.887  -10.697  37.725 0.0000000000
50040  -38.005  -10.842  37.667 0.0000000000
50048  -36.469  -10.536  37.062 0.0000000000
50049  -37.407  -10.743  36.840 0.0000000000
50058  -36.760  -10.518  36.238 0.0000000000
50059  -37.763  -10.732  35.840 0.0000000000
50069  -36.963  -10.453  35.309 0.0000000000
50070  -37.912  -10.525  34.831 0.0000000000
50080  -37.095  -10.377  34.361 0.0000000000
50081  -37.949  -10.373  33.869 0.0000000000
50089  -37.227  -10.360  33.437 0.0000000000
51002  -32.192  -9.910  40.623 0.0000000000
51003  -32.679  -10.037  39.990 0.0000000000
51015  -31.539  -9.543  40.183 0.0000000000
51016  -32.113  -9.616  39.546 0.0000000000
51017  -33.019  -9.901  39.236 0.0000000000
51018  -33.677  -9.971  38.747 0.0000000000
51028  -32.461  -9.401  38.659 0.0000000000
51029  -33.253  -9.556  38.355 0.0000000000
51030  -34.181  -9.834  37.868 0.0000000000
51031  -34.813  -10.192  37.882 0.0000000000
51043  -34.488  -9.718  36.656 0.0000000000
51044  -35.171  -10.179  37.285 0.0000000000
51045  -35.831  -10.401  37.255 0.0000000000
51057  -34.691  -9.661  35.673 0.0000000000
51058  -35.312  -9.993  36.225 0.0000000000
51059  -35.932  -10.323  36.636 0.0000000000
51071  -34.845  -9.714  34.803 0.0000000000
51072  -35.458  -9.951  35.288 0.0000000000
51073  -36.092  -10.267  35.756 0.0000000000
51084  -34.216  -9.570  33.698 0.0000000000
51085  -34.893  -9.858  33.990 0.0000000000
51086  -35.563  -10.020  34.389 0.0000000000
51087  -36.240  -10.222  34.837 0.0000000000
51098  -34.132  -9.537  32.858 0.0000000000
51099  -34.904  -9.920  33.143 0.0000000000
51100  -35.662  -10.141  33.494 0.0000000000
51101  -36.376  -10.243  33.911 0.0000000000
52095  -30.941  -9.293  40.287 0.0000000000
52106  -30.367  -8.868  39.814 0.0000000000
52107  -31.175  -9.157  39.380 0.0000000000
52108  -31.769  -9.209  38.818 0.0000000000
52114  -29.734  -8.455  39.325 0.0000000000
52115  -30.333  -8.612  38.706 0.0000000000
52116  -31.177  -8.860  38.394 0.0000000000
52117  -31.925  -8.948  38.120 0.0000000000
52118  -32.687  -9.085  37.878 0.0000000000
52119  -33.342  -9.348  37.617 0.0000000000
52130  -30.564  -8.574  37.790 0.0000000000
52131  -31.284  -8.696  37.552 0.0000000000
52132  -32.035  -8.835  37.268 0.0000000000
52133  -32.820  -9.061  37.028 0.0000000000
52134  -33.619  -9.409  36.876 0.0000000000
52146  -30.691  -8.514  37.086 0.0000000000
52147  -31.281  -8.590  36.620 0.0000000000
52148  -32.121  -8.846  36.354 0.0000000000
52149  -32.949  -9.148  36.101 0.0000000000
52150  -33.860  -9.387  35.931 0.0000000000
52164  -31.524  -8.607  35.853 0.0000000000
52165  -32.090  -8.825  35.227 0.0000000000
52166  -33.204  -9.217  35.139 0.0000000000
52167  -34.098  -9.467  35.055 0.0000000000
52180  -32.694  -8.844  34.154 0.0000000000
52181  -33.654  -9.321  34.324 0.0000000000
52182  -34.333  -9.582  34.382 0.0000000000
52195  -32.743  -8.630  33.094 0.0000000000
52196  -33.478  -9.136  33.459 0.0000000000
52210  -32.748  -8.581  32.223 0.0000000000
52211  -33.415  -9.040  32.568 0.0000000000
53190  -28.984  -8.108  39.494 0.0000000000
53203  -28.334  -7.854  38.627 0.0000000000
53204  -29.295  -8.219  38.417 0.0000000000
53205  -29.889  -8.411  37.874 0.0000000000
53217  -28.484  -7.940  37.657 0.0000000000
53218  -29.269  -8.180  37.370 0.0000000000
53219  -30.022  -8.363  37.153 0.0000000000
53233  -28.578  -7.815  36.677 0.0000000000
53234  -29.453  -8.064  36.514 0.0000000000
53235  -30.349  -8.264  36.328 0.0000000000
53236  -30.958  -8.370  35.884 0.0000000000
53249  -28.962  -7.749  35.982 0.0000000000
53250  -29.646  -7.811  35.619 0.0000000000
53251  -30.460  -8.048  35.444 0.0000000000
53252  -31.170  -8.383  35.185 0.0000000000
53253  -31.522  -8.513  34.778 0.0000000000
53264  -30.022  -7.702  34.923 0.0000000000
53265  -30.584  -7.974  34.717 0.0000000000
53266  -31.125  -8.249  34.444 0.0000000000
53267  -31.764  -8.485  34.305 0.0000000000
53283  -30.141  -7.741  34.353 0.0000000000
53284  -30.565  -7.918  33.978 0.0000000000
53285  -31.203  -8.193  33.754 0.0000000000
53286  -31.939  -8.378  33.482 0.0000000000
53305  -30.702  -8.016  33.406 0.0000000000
53306  -31.161  -8.134  32.941 0.0000000000
53307  -31.988  -8.345  32.603 0.0000000000
53328  -30.521  -7.669  31.553 0.0000000000
53329  -31.249  -8.117  31.973 0.0000000000
53330  -32.112  -8.390  31.890 0.0000000000
53352  -31.134  -7.913  30.933 0.0000000000
54429  -28.372  -7.565  35.881 0.0000000000
54444  -28.819  -7.516  35.203 0.0000000000
54445  -29.471  -7.571  34.913 0.0000000000
54462  -28.287  -7.389  34.362 0.0000000000
54463  -29.151  -7.511  34.359 0.0000000000
54464  -29.715  -7.618  34.450 0.0000000000
54481  -28.843  -7.454  33.532 0.0000000000
54482  -29.816  -7.667  33.723 0.0000000000
54483  -30.344  -7.863  33.493 0.0000000000
54496  -29.465  -7.545  32.781 0.0000000000
54497  -30.339  -7.853  32.889 0.0000000000
54498  -30.800  -8.028  32.495 0.0000000000
54518  -30.007  -7.585  32.120 0.0000000000
54519  -30.557  -7.876  32.198 0.0000000000
