#!ascii label  , from subject FREESURFER vox2ras=TkReg 
169
50082  -38.667  -10.046  33.438 0.0000000000
50090  -38.074  -10.300  32.914 0.0000000000
50091  -38.738  -9.921  32.743 0.0000000000
51088  -39.412  -9.760  33.806 0.0000000000
51102  -39.276  -9.602  33.013 0.0000000000
51103  -40.079  -9.202  33.316 0.0000000000
51104  -40.597  -9.294  33.813 0.0000000000
51115  -38.604  -10.011  32.185 0.0000000000
51116  -39.246  -9.646  32.287 0.0000000000
51117  -39.711  -9.273  32.530 0.0000000000
51130  -39.292  -9.731  31.631 0.0000000000
51131  -39.804  -9.302  31.864 0.0000000000
51144  -39.481  -9.743  30.915 0.0000000000
51145  -39.866  -9.369  31.281 0.0000000000
52183  -40.841  -8.523  33.784 0.0000000000
52197  -40.351  -8.638  33.194 0.0000000000
52198  -40.843  -9.053  33.691 0.0000000000
52212  -40.107  -8.829  32.343 0.0000000000
52225  -40.127  -8.891  31.453 0.0000000000
52238  -39.936  -9.031  30.296 0.0000000000
52239  -40.128  -9.130  30.892 0.0000000000
53268  -37.055  -6.727  33.806 0.0000000000
53269  -37.750  -6.771  33.962 0.0000000000
53270  -39.107  -6.954  34.343 0.0000000000
53271  -40.409  -7.810  34.168 0.0000000000
53287  -37.329  -6.805  33.244 0.0000000000
53288  -38.429  -7.099  33.194 0.0000000000
53289  -39.590  -7.528  33.220 0.0000000000
53290  -40.325  -8.087  33.169 0.0000000000
53308  -37.773  -6.990  32.169 0.0000000000
53309  -39.059  -7.441  32.239 0.0000000000
53310  -39.934  -7.863  32.351 0.0000000000
53311  -40.177  -8.335  32.545 0.0000000000
53331  -36.574  -6.624  30.706 0.0000000000
53332  -37.649  -6.944  30.970 0.0000000000
53333  -38.760  -7.396  31.221 0.0000000000
53334  -39.711  -7.823  31.452 0.0000000000
53335  -40.126  -8.333  31.791 0.0000000000
53353  -33.838  -7.091  29.525 0.0000000000
53354  -34.433  -7.016  29.698 0.0000000000
53355  -35.336  -6.861  29.761 0.0000000000
53356  -36.333  -6.825  29.847 0.0000000000
53357  -37.454  -6.979  29.960 0.0000000000
53358  -38.620  -7.407  30.182 0.0000000000
53359  -39.606  -7.930  30.524 0.0000000000
53360  -40.141  -8.454  30.973 0.0000000000
53378  -33.708  -7.163  29.048 0.0000000000
53379  -34.252  -7.270  29.054 0.0000000000
53380  -35.084  -7.283  29.097 0.0000000000
53381  -36.038  -7.166  29.116 0.0000000000
53382  -37.078  -7.166  29.137 0.0000000000
53383  -38.378  -7.629  29.094 0.0000000000
53384  -39.379  -8.362  29.684 0.0000000000
53404  -33.654  -7.143  28.797 0.0000000000
53405  -33.942  -7.221  28.408 0.0000000000
53406  -34.804  -7.465  28.390 0.0000000000
53407  -35.780  -7.540  28.352 0.0000000000
53408  -36.717  -7.494  28.519 0.0000000000
53409  -37.576  -7.612  28.541 0.0000000000
53420  -33.869  -7.062  27.460 0.0000000000
53421  -34.656  -7.507  27.543 0.0000000000
53422  -35.311  -7.657  27.817 0.0000000000
53436  -33.813  -6.872  26.538 0.0000000000
53437  -34.439  -7.403  26.732 0.0000000000
53450  -33.695  -6.774  25.697 0.0000000000
54446  -36.310  -6.020  34.656 0.0000000000
54447  -37.012  -6.067  35.116 0.0000000000
54465  -35.949  -6.137  34.018 0.0000000000
54466  -36.852  -6.475  34.325 0.0000000000
54467  -37.905  -6.493  34.794 0.0000000000
54468  -38.768  -6.627  35.178 0.0000000000
54484  -35.856  -6.150  33.140 0.0000000000
54485  -36.548  -6.522  33.564 0.0000000000
54499  -35.107  -5.863  31.924 0.0000000000
54500  -35.880  -6.175  32.252 0.0000000000
54501  -36.650  -6.533  32.686 0.0000000000
54520  -34.128  -5.896  30.706 0.0000000000
54521  -34.852  -6.120  31.094 0.0000000000
54522  -35.763  -6.267  31.356 0.0000000000
54523  -36.716  -6.520  31.681 0.0000000000
54545  -33.525  -6.880  29.364 0.0000000000
54546  -33.708  -6.468  29.919 0.0000000000
54547  -34.626  -6.516  30.325 0.0000000000
54548  -35.569  -6.499  30.503 0.0000000000
54564  -33.442  -6.937  28.906 0.0000000000
54565  -33.465  -6.515  29.159 0.0000000000
54579  -33.566  -7.028  28.609 0.0000000000
54580  -33.491  -6.571  28.367 0.0000000000
54593  -33.443  -6.274  27.277 0.0000000000
54606  -33.021  -5.761  25.972 0.0000000000
54607  -33.195  -6.058  26.246 0.0000000000
54619  -32.985  -5.823  25.642 0.0000000000
54620  -33.252  -6.302  25.392 0.0000000000
55525  -36.396  -5.623  35.041 0.0000000000
55526  -36.857  -5.433  35.901 0.0000000000
55534  -35.844  -5.516  34.482 0.0000000000
55543  -35.016  -5.004  32.948 0.0000000000
55544  -35.369  -5.325  33.445 0.0000000000
55554  -34.890  -5.229  32.437 0.0000000000
55555  -35.389  -5.733  32.659 0.0000000000
55567  -33.932  -5.309  30.945 0.0000000000
55568  -34.411  -5.427  31.482 0.0000000000
55586  -33.743  -5.463  30.219 0.0000000000
55599  -33.486  -5.710  29.152 0.0000000000
55611  -33.287  -5.557  27.991 0.0000000000
55623  -32.947  -5.049  26.703 0.0000000000
55624  -33.160  -5.509  27.038 0.0000000000
55634  -32.886  -5.387  26.027 0.0000000000
55635  -33.048  -5.507  26.513 0.0000000000
55644  -32.745  -5.397  25.204 0.0000000000
56571  -36.131  -5.138  35.027 0.0000000000
56572  -36.322  -4.455  35.172 0.0000000000
56577  -35.657  -4.631  34.306 0.0000000000
56578  -35.970  -4.190  34.566 0.0000000000
56583  -35.091  -4.788  33.154 0.0000000000
56584  -35.277  -4.584  33.531 0.0000000000
56590  -34.882  -4.667  32.663 0.0000000000
56596  -34.042  -5.012  31.304 0.0000000000
56597  -34.449  -4.597  31.737 0.0000000000
56608  -33.905  -4.707  30.758 0.0000000000
56609  -34.240  -4.044  30.980 0.0000000000
56619  -33.716  -4.729  29.666 0.0000000000
56628  -33.451  -4.691  28.579 0.0000000000
56636  -32.954  -4.602  26.787 0.0000000000
56637  -33.120  -4.604  27.409 0.0000000000
56646  -32.845  -4.649  26.289 0.0000000000
56653  -32.711  -4.725  25.540 0.0000000000
57569  -36.795  -3.741  35.581 0.0000000000
57575  -35.777  -4.051  34.249 0.0000000000
57576  -36.283  -3.641  34.471 0.0000000000
57578  -35.079  -4.373  33.096 0.0000000000
57579  -35.513  -3.835  33.478 0.0000000000
57580  -36.269  -3.178  33.565 0.0000000000
57585  -34.903  -4.060  32.514 0.0000000000
57586  -35.387  -3.443  32.275 0.0000000000
57589  -34.835  -3.727  31.494 0.0000000000
57590  -35.458  -3.274  31.454 0.0000000000
57595  -34.072  -3.994  30.102 0.0000000000
57596  -34.668  -3.596  30.484 0.0000000000
57597  -35.315  -3.321  30.749 0.0000000000
57602  -33.840  -3.882  29.069 0.0000000000
57603  -34.604  -3.314  29.446 0.0000000000
57604  -35.197  -3.234  30.011 0.0000000000
57611  -33.492  -3.780  28.052 0.0000000000
57612  -34.260  -3.131  28.343 0.0000000000
57619  -32.997  -4.128  26.676 0.0000000000
57620  -33.361  -3.697  27.155 0.0000000000
57621  -33.890  -3.235  27.430 0.0000000000
57629  -32.890  -4.041  25.899 0.0000000000
57630  -33.481  -3.449  26.310 0.0000000000
57631  -33.711  -3.318  26.887 0.0000000000
57640  -32.790  -4.123  25.050 0.0000000000
57641  -33.238  -3.536  25.405 0.0000000000
58553  -37.090  -3.021  34.950 0.0000000000
58563  -36.906  -2.793  33.974 0.0000000000
58567  -36.012  -3.005  32.745 0.0000000000
58568  -36.848  -2.699  32.996 0.0000000000
58575  -35.918  -2.854  31.783 0.0000000000
58576  -36.663  -2.558  32.062 0.0000000000
58581  -35.947  -2.976  30.907 0.0000000000
58582  -36.604  -2.638  31.137 0.0000000000
58588  -35.912  -3.162  30.083 0.0000000000
58596  -34.966  -2.841  28.707 0.0000000000
58597  -35.597  -2.933  29.230 0.0000000000
58605  -34.952  -2.709  28.066 0.0000000000
58613  -34.625  -2.818  27.425 0.0000000000
58621  -33.949  -3.028  26.077 0.0000000000
58622  -34.170  -2.984  26.627 0.0000000000
58629  -33.737  -3.118  25.688 0.0000000000
