#!ascii label  , from subject FREESURFER vox2ras=TkReg 
187
56490  -37.710  -4.562  45.016 0.0000000000
56501  -36.857  -3.916  42.878 0.0000000000
56502  -37.289  -4.535  43.498 0.0000000000
57481  -37.374  -3.500  45.244 0.0000000000
57482  -37.868  -3.526  45.840 0.0000000000
57492  -36.536  -3.215  43.285 0.0000000000
57493  -36.963  -3.410  44.277 0.0000000000
57502  -35.712  -3.010  41.670 0.0000000000
57503  -36.143  -3.235  42.203 0.0000000000
58452  -35.842  -1.476  46.072 0.0000000000
58453  -36.300  -1.623  46.092 0.0000000000
58454  -37.159  -1.813  46.106 0.0000000000
58461  -35.788  -1.643  45.574 0.0000000000
58462  -36.807  -2.675  45.501 0.0000000000
58463  -38.329  -2.167  45.510 0.0000000000
58474  -35.255  -1.747  43.072 0.0000000000
58475  -35.934  -2.346  44.035 0.0000000000
58476  -36.578  -2.822  44.641 0.0000000000
58477  -38.754  -1.319  45.043 0.0000000000
58478  -39.674  -1.610  44.440 0.0000000000
58488  -35.336  -2.374  41.923 0.0000000000
58489  -35.697  -2.440  42.743 0.0000000000
58501  -34.926  -2.506  40.722 0.0000000000
59377  -34.814  -0.398  45.941 0.0000000000
59378  -35.582  -0.958  46.268 0.0000000000
59379  -36.803  -0.858  46.372 0.0000000000
59380  -37.523  -1.426  45.960 0.0000000000
59384  -34.550  -0.355  45.289 0.0000000000
59385  -35.102  -0.955  45.643 0.0000000000
59386  -37.185  -0.235  46.020 0.0000000000
59387  -37.902  -0.760  45.526 0.0000000000
59392  -34.636  -0.712  44.172 0.0000000000
59393  -35.148  -1.217  44.946 0.0000000000
59394  -39.009  -0.687  44.447 0.0000000000
59395  -40.232  -0.875  43.585 0.0000000000
59401  -34.194  -0.912  41.972 0.0000000000
59402  -34.486  -0.933  42.816 0.0000000000
59407  -34.286  -1.562  40.876 0.0000000000
59408  -34.652  -1.679  41.609 0.0000000000
60311  -34.956  0.093  46.369 0.0000000000
60312  -35.799  -0.022  46.555 0.0000000000
60313  -36.578  0.252  46.238 0.0000000000
60316  -34.448  0.362  45.832 0.0000000000
60317  -37.305  0.378  45.591 0.0000000000
60318  -38.250  0.347  44.747 0.0000000000
60321  -33.896  0.888  45.096 0.0000000000
60322  -34.206  1.934  44.855 0.0000000000
60323  -39.406  0.274  43.823 0.0000000000
60330  -33.460  0.415  42.512 0.0000000000
60331  -33.879  0.303  43.065 0.0000000000
60332  -33.975  0.784  44.024 0.0000000000
60333  -33.975  1.615  44.449 0.0000000000
60342  -33.335  -0.074  41.229 0.0000000000
60343  -33.796  -0.512  41.659 0.0000000000
60354  -33.727  -0.995  40.492 0.0000000000
61318  -34.923  0.464  46.313 0.0000000000
61319  -35.191  0.532  46.336 0.0000000000
61320  -35.796  0.680  46.270 0.0000000000
61325  -34.783  0.660  46.167 0.0000000000
61326  -35.193  1.081  46.008 0.0000000000
61327  -36.280  1.178  45.680 0.0000000000
61328  -37.372  1.160  44.974 0.0000000000
61333  -34.460  1.115  45.812 0.0000000000
61334  -35.008  1.662  45.249 0.0000000000
61335  -36.507  1.758  44.526 0.0000000000
61336  -38.216  1.406  43.906 0.0000000000
61344  -33.206  0.988  43.104 0.0000000000
61345  -33.545  1.338  43.765 0.0000000000
61346  -34.385  1.975  44.309 0.0000000000
61347  -35.124  2.150  44.055 0.0000000000
61348  -37.117  2.087  42.895 0.0000000000
61349  -38.667  1.959  42.658 0.0000000000
61357  -32.991  0.681  42.215 0.0000000000
61358  -35.396  2.485  43.087 0.0000000000
61359  -36.138  2.246  42.050 0.0000000000
61360  -37.110  1.859  41.138 0.0000000000
61367  -35.379  2.062  40.378 0.0000000000
61368  -35.577  2.072  41.039 0.0000000000
61369  -36.332  1.541  40.307 0.0000000000
61370  -37.130  1.436  39.658 0.0000000000
61377  -35.423  1.922  39.710 0.0000000000
61378  -35.806  1.472  39.318 0.0000000000
61379  -36.368  1.188  38.824 0.0000000000
61380  -37.054  1.302  38.319 0.0000000000
61390  -35.333  1.552  38.427 0.0000000000
61391  -35.684  0.928  38.033 0.0000000000
61392  -36.361  0.834  37.576 0.0000000000
61393  -37.088  1.102  37.147 0.0000000000
61404  -34.948  1.106  37.266 0.0000000000
61405  -35.602  0.692  36.770 0.0000000000
61406  -36.465  0.697  36.404 0.0000000000
61407  -37.276  0.999  36.088 0.0000000000
61416  -34.093  1.138  35.320 0.0000000000
61417  -34.650  1.104  35.808 0.0000000000
61418  -35.768  0.759  35.556 0.0000000000
61419  -36.694  0.868  35.318 0.0000000000
61437  -33.893  0.910  34.624 0.0000000000
61438  -35.159  0.748  34.597 0.0000000000
62338  -31.493  2.182  41.996 0.0000000000
62339  -32.158  1.998  42.744 0.0000000000
62340  -33.231  1.843  43.355 0.0000000000
62341  -34.649  2.819  44.032 0.0000000000
62342  -35.128  2.672  43.744 0.0000000000
62343  -38.116  2.208  41.647 0.0000000000
62354  -32.411  1.091  42.057 0.0000000000
62355  -35.126  2.776  42.386 0.0000000000
62356  -35.299  2.657  42.689 0.0000000000
62357  -38.010  2.025  40.353 0.0000000000
62368  -35.082  2.432  40.638 0.0000000000
62369  -35.374  2.522  41.654 0.0000000000
62370  -37.935  1.766  39.029 0.0000000000
62380  -34.611  2.805  38.138 0.0000000000
62381  -35.106  2.289  38.913 0.0000000000
62382  -37.715  1.706  37.800 0.0000000000
62393  -34.186  2.469  37.173 0.0000000000
62394  -34.750  1.923  37.732 0.0000000000
62405  -33.934  2.192  36.296 0.0000000000
62406  -34.383  1.656  36.716 0.0000000000
62419  -33.015  2.197  35.032 0.0000000000
62420  -33.763  1.606  35.506 0.0000000000
62421  -34.182  1.611  36.063 0.0000000000
62442  -33.310  1.489  34.865 0.0000000000
63240  -32.530  3.903  43.891 0.0000000000
63241  -33.479  3.804  44.291 0.0000000000
63242  -34.091  3.962  44.275 0.0000000000
63247  -31.784  3.148  42.827 0.0000000000
63248  -32.889  2.941  43.720 0.0000000000
63249  -34.509  3.403  43.770 0.0000000000
63250  -34.855  2.986  43.101 0.0000000000
63255  -34.451  3.661  41.788 0.0000000000
63256  -34.883  3.094  42.081 0.0000000000
63265  -34.250  3.690  40.807 0.0000000000
63266  -34.509  3.263  40.622 0.0000000000
63277  -34.467  3.697  38.552 0.0000000000
63278  -34.722  3.025  39.354 0.0000000000
63291  -34.133  3.431  37.517 0.0000000000
63304  -33.743  3.079  36.653 0.0000000000
63319  -32.894  3.204  35.099 0.0000000000
63320  -33.446  2.853  35.773 0.0000000000
64114  -32.594  4.595  43.792 0.0000000000
64115  -33.066  4.459  44.268 0.0000000000
64116  -33.699  4.302  44.226 0.0000000000
64120  -32.075  4.340  43.007 0.0000000000
64121  -34.064  4.204  43.817 0.0000000000
64124  -31.459  3.999  41.695 0.0000000000
64125  -34.158  4.267  42.622 0.0000000000
64131  -33.992  4.273  40.682 0.0000000000
64132  -34.262  3.731  40.373 0.0000000000
64140  -34.214  4.484  39.093 0.0000000000
64141  -34.357  3.748  39.699 0.0000000000
64154  -34.169  4.426  37.909 0.0000000000
64169  -33.225  4.792  36.718 0.0000000000
64170  -33.588  4.068  36.917 0.0000000000
64185  -33.093  4.093  35.808 0.0000000000
64186  -33.478  3.539  36.260 0.0000000000
64969  -32.934  4.887  43.834 0.0000000000
64970  -33.396  4.659  43.897 0.0000000000
64971  -33.748  4.462  43.924 0.0000000000
64973  -32.609  4.956  43.090 0.0000000000
64974  -33.195  5.054  43.159 0.0000000000
64975  -33.733  4.670  43.329 0.0000000000
64977  -32.185  4.930  41.712 0.0000000000
64978  -32.902  5.253  42.082 0.0000000000
64979  -33.553  4.961  41.859 0.0000000000
64982  -31.357  4.775  40.284 0.0000000000
64983  -33.639  4.981  40.636 0.0000000000
64991  -33.854  5.043  39.666 0.0000000000
64999  -33.475  5.541  37.818 0.0000000000
65000  -33.880  5.213  38.451 0.0000000000
65010  -33.125  5.436  37.133 0.0000000000
65011  -33.665  5.023  37.446 0.0000000000
65021  -32.690  5.121  36.197 0.0000000000
65812  -32.732  5.334  41.063 0.0000000000
65813  -33.183  5.287  41.054 0.0000000000
65814  -33.420  5.121  40.925 0.0000000000
65818  -32.333  5.367  40.205 0.0000000000
65819  -33.043  5.504  40.134 0.0000000000
65820  -33.454  5.276  40.236 0.0000000000
65828  -31.866  5.465  38.871 0.0000000000
65829  -32.871  5.601  39.086 0.0000000000
65830  -33.463  5.426  39.266 0.0000000000
65838  -31.767  5.818  37.488 0.0000000000
65839  -32.815  5.824  37.901 0.0000000000
65840  -33.371  5.578  38.430 0.0000000000
65849  -31.684  5.959  36.379 0.0000000000
65850  -32.420  5.668  36.826 0.0000000000
65858  -32.159  5.596  36.045 0.0000000000
