#!ascii label  , from subject FREESURFER vox2ras=TkReg 
191
73113  -47.579  13.666  -9.091 0.0000000000
73114  -47.766  13.748  -9.488 0.0000000000
73122  -47.625  13.196  -9.764 0.0000000000
73123  -47.912  13.723  -9.955 0.0000000000
73130  -47.643  13.043  -10.552 0.0000000000
73131  -47.963  13.614  -10.800 0.0000000000
73138  -47.623  12.985  -11.267 0.0000000000
73139  -47.920  13.342  -11.822 0.0000000000
73140  -48.455  13.254  -12.668 0.0000000000
73146  -49.324  13.239  -13.336 0.0000000000
73147  -50.312  12.906  -13.461 0.0000000000
73148  -51.250  13.501  -13.636 0.0000000000
73151  -49.960  13.489  -13.982 0.0000000000
73152  -50.652  13.567  -14.191 0.0000000000
73153  -51.261  13.864  -14.222 0.0000000000
73903  -46.737  14.438  -7.994 0.0000000000
73910  -47.353  14.484  -8.577 0.0000000000
73911  -47.848  14.422  -9.278 0.0000000000
73916  -48.205  14.492  -10.075 0.0000000000
73922  -48.418  14.342  -11.056 0.0000000000
73929  -48.592  14.068  -12.044 0.0000000000
73930  -49.026  13.992  -12.805 0.0000000000
73937  -49.603  14.148  -13.666 0.0000000000
73938  -50.280  14.448  -13.948 0.0000000000
73945  -50.210  13.920  -14.263 0.0000000000
73946  -50.947  14.417  -14.319 0.0000000000
73947  -51.403  14.309  -14.119 0.0000000000
74730  -45.585  15.311  -7.229 0.0000000000
74731  -46.285  15.309  -7.696 0.0000000000
74732  -46.878  15.384  -8.258 0.0000000000
74739  -47.485  15.438  -8.805 0.0000000000
74740  -48.042  15.486  -9.426 0.0000000000
74745  -48.514  15.534  -10.236 0.0000000000
74751  -48.911  15.401  -11.378 0.0000000000
74752  -49.244  16.047  -11.695 0.0000000000
74757  -48.966  14.600  -12.206 0.0000000000
74758  -49.385  15.226  -12.475 0.0000000000
74762  -49.959  15.226  -13.366 0.0000000000
74763  -50.583  15.385  -13.945 0.0000000000
74769  -51.345  15.659  -14.487 0.0000000000
74770  -51.928  15.117  -14.115 0.0000000000
74775  -51.760  16.119  -14.876 0.0000000000
74776  -52.215  15.851  -14.795 0.0000000000
75487  -44.942  16.081  -7.310 0.0000000000
75488  -45.854  16.252  -7.627 0.0000000000
75489  -46.496  16.066  -7.969 0.0000000000
75495  -46.352  16.743  -8.010 0.0000000000
75496  -46.993  16.579  -8.501 0.0000000000
75497  -47.616  16.282  -9.050 0.0000000000
75503  -47.468  17.127  -9.058 0.0000000000
75504  -48.050  16.785  -9.587 0.0000000000
75510  -48.673  16.817  -10.384 0.0000000000
75511  -49.106  16.878  -11.134 0.0000000000
75516  -49.514  16.763  -11.911 0.0000000000
75517  -49.867  16.982  -12.466 0.0000000000
75522  -49.774  16.106  -12.684 0.0000000000
75523  -50.169  16.479  -13.258 0.0000000000
75529  -50.655  16.534  -14.225 0.0000000000
75531  -53.877  16.864  -14.849 0.0000000000
75535  -51.342  16.528  -14.891 0.0000000000
75536  -52.131  16.494  -15.298 0.0000000000
75537  -53.184  16.246  -15.223 0.0000000000
75538  -53.584  17.056  -15.292 0.0000000000
75543  -52.757  16.769  -15.536 0.0000000000
75544  -53.171  16.820  -15.542 0.0000000000
75545  -53.337  16.997  -15.480 0.0000000000
76250  -44.407  16.748  -7.792 0.0000000000
76251  -45.252  16.902  -8.005 0.0000000000
76252  -45.910  17.072  -7.899 0.0000000000
76258  -45.716  17.548  -8.152 0.0000000000
76259  -46.366  17.593  -8.382 0.0000000000
76260  -47.061  17.865  -8.893 0.0000000000
76267  -47.456  17.988  -9.518 0.0000000000
76268  -47.971  18.051  -10.076 0.0000000000
76276  -48.553  18.129  -10.668 0.0000000000
76277  -49.108  18.135  -11.338 0.0000000000
76283  -49.500  18.079  -12.157 0.0000000000
76284  -49.971  17.551  -12.733 0.0000000000
76289  -49.777  18.400  -12.729 0.0000000000
76290  -50.381  17.823  -13.387 0.0000000000
76296  -51.125  17.636  -14.411 0.0000000000
76297  -51.740  17.911  -14.866 0.0000000000
76299  -54.099  17.995  -14.741 0.0000000000
76303  -51.605  17.159  -15.168 0.0000000000
76304  -52.322  17.516  -15.370 0.0000000000
76305  -52.959  17.851  -15.496 0.0000000000
76306  -53.534  17.903  -15.268 0.0000000000
76310  -52.893  17.174  -15.609 0.0000000000
76311  -53.209  17.258  -15.513 0.0000000000
76312  -53.413  17.229  -15.405 0.0000000000
77016  -46.835  19.289  -7.167 0.0000000000
77017  -47.365  19.075  -6.988 0.0000000000
77030  -42.749  18.321  -8.332 0.0000000000
77031  -43.736  17.392  -8.137 0.0000000000
77032  -44.844  17.472  -8.314 0.0000000000
77033  -45.346  17.593  -8.214 0.0000000000
77034  -46.851  19.528  -7.710 0.0000000000
77035  -47.137  19.465  -7.772 0.0000000000
77036  -47.726  19.435  -7.879 0.0000000000
77048  -43.303  18.609  -9.413 0.0000000000
77049  -43.894  18.014  -9.220 0.0000000000
77050  -44.759  18.063  -8.847 0.0000000000
77051  -45.765  18.382  -8.533 0.0000000000
77052  -46.691  18.673  -8.888 0.0000000000
77053  -47.097  18.835  -9.392 0.0000000000
77054  -47.747  19.643  -8.485 0.0000000000
77055  -48.199  19.525  -8.349 0.0000000000
77065  -43.668  18.814  -9.897 0.0000000000
77066  -44.234  18.711  -9.735 0.0000000000
77067  -44.844  18.767  -9.312 0.0000000000
77068  -45.383  18.879  -8.944 0.0000000000
77069  -47.433  19.001  -9.898 0.0000000000
77070  -47.878  19.196  -10.430 0.0000000000
77078  -48.446  19.367  -11.063 0.0000000000
77079  -49.053  19.362  -11.740 0.0000000000
77085  -49.344  19.238  -12.503 0.0000000000
77092  -49.824  19.165  -13.120 0.0000000000
77093  -50.639  19.046  -13.873 0.0000000000
77100  -51.373  18.840  -14.631 0.0000000000
77101  -51.926  18.710  -15.191 0.0000000000
77102  -55.068  19.315  -14.266 0.0000000000
77107  -52.543  18.603  -15.372 0.0000000000
77108  -53.221  18.996  -15.467 0.0000000000
77109  -54.278  19.334  -15.238 0.0000000000
77801  -46.327  19.396  -6.689 0.0000000000
77816  -45.930  19.758  -7.273 0.0000000000
77817  -46.538  19.587  -7.582 0.0000000000
77831  -45.694  20.251  -7.964 0.0000000000
77832  -46.339  19.902  -8.261 0.0000000000
77833  -46.770  19.651  -8.341 0.0000000000
77834  -47.148  19.628  -8.512 0.0000000000
77835  -47.461  19.655  -8.637 0.0000000000
77847  -42.376  18.871  -9.123 0.0000000000
77848  -46.053  20.172  -8.988 0.0000000000
77849  -46.090  19.433  -8.989 0.0000000000
77850  -46.626  19.333  -8.966 0.0000000000
77851  -47.072  19.504  -9.115 0.0000000000
77852  -47.695  19.740  -9.012 0.0000000000
77853  -48.595  19.669  -8.980 0.0000000000
77863  -44.195  19.043  -10.233 0.0000000000
77864  -45.250  19.600  -9.757 0.0000000000
77865  -45.445  19.275  -9.275 0.0000000000
77866  -47.340  19.505  -9.512 0.0000000000
77867  -47.853  19.843  -9.785 0.0000000000
77868  -49.054  20.040  -9.796 0.0000000000
77876  -44.852  19.650  -10.422 0.0000000000
77877  -45.213  19.911  -10.236 0.0000000000
77878  -48.250  20.066  -10.502 0.0000000000
77879  -49.407  20.516  -11.022 0.0000000000
77889  -49.489  20.361  -12.272 0.0000000000
77890  -49.697  21.050  -12.800 0.0000000000
77900  -49.588  19.846  -12.797 0.0000000000
77901  -50.026  20.444  -13.406 0.0000000000
77902  -55.149  20.710  -13.515 0.0000000000
77910  -50.986  20.179  -14.776 0.0000000000
77911  -51.521  19.451  -15.148 0.0000000000
77912  -54.840  20.551  -14.846 0.0000000000
77920  -51.531  20.690  -15.156 0.0000000000
77921  -52.181  20.004  -15.594 0.0000000000
77922  -53.654  20.312  -15.604 0.0000000000
77923  -54.361  20.449  -15.402 0.0000000000
78565  -45.416  20.609  -8.603 0.0000000000
78571  -45.687  20.646  -9.575 0.0000000000
78582  -45.509  20.147  -10.505 0.0000000000
78584  -49.844  20.848  -11.579 0.0000000000
78585  -50.689  20.942  -11.325 0.0000000000
78600  -49.625  20.744  -11.752 0.0000000000
78601  -50.122  21.168  -12.181 0.0000000000
78602  -51.671  21.314  -11.815 0.0000000000
78612  -50.163  21.655  -13.253 0.0000000000
78613  -50.989  21.683  -12.757 0.0000000000
78614  -52.502  21.691  -12.591 0.0000000000
78615  -54.282  21.727  -12.850 0.0000000000
78621  -50.871  21.464  -14.362 0.0000000000
78622  -51.695  21.679  -14.602 0.0000000000
78623  -54.585  21.699  -14.392 0.0000000000
78630  -51.296  20.978  -14.842 0.0000000000
78631  -51.963  21.354  -15.094 0.0000000000
78632  -53.162  21.345  -15.616 0.0000000000
78633  -54.221  21.413  -15.500 0.0000000000
79229  -50.741  21.831  -13.291 0.0000000000
79230  -51.529  21.869  -13.369 0.0000000000
79231  -52.862  22.011  -13.648 0.0000000000
79232  -53.876  22.342  -14.144 0.0000000000
79239  -50.880  21.833  -13.686 0.0000000000
79240  -51.823  21.908  -14.172 0.0000000000
79241  -52.997  22.269  -14.615 0.0000000000
79242  -53.923  22.435  -15.159 0.0000000000
79249  -52.303  21.916  -14.788 0.0000000000
79250  -53.013  22.090  -15.316 0.0000000000
79251  -53.656  22.077  -15.728 0.0000000000
