#!ascii label  , from subject FREESURFER vox2ras=TkReg 
176
89509  -46.869  42.453  -6.116 0.0000000000
89516  -46.045  41.527  -7.257 0.0000000000
89517  -47.160  42.457  -7.038 0.0000000000
89527  -45.249  41.276  -8.417 0.0000000000
89528  -46.475  41.799  -8.095 0.0000000000
89529  -47.312  42.402  -7.820 0.0000000000
89546  -44.817  41.077  -9.398 0.0000000000
89547  -46.025  41.564  -9.328 0.0000000000
89548  -47.018  41.969  -8.637 0.0000000000
89569  -43.431  41.156  -10.434 0.0000000000
89570  -44.533  41.270  -10.152 0.0000000000
89571  -45.277  41.385  -9.878 0.0000000000
90101  -42.623  42.933  -4.549 0.0000000000
90102  -43.543  43.480  -4.645 0.0000000000
90114  -41.869  43.004  -5.473 0.0000000000
90115  -42.924  43.270  -5.361 0.0000000000
90116  -43.673  43.695  -5.317 0.0000000000
90135  -41.032  43.110  -6.179 0.0000000000
90136  -41.767  43.291  -6.275 0.0000000000
90137  -47.616  43.609  -6.059 0.0000000000
90151  -47.994  43.329  -7.068 0.0000000000
90152  -48.149  43.519  -7.732 0.0000000000
90157  -47.753  42.648  -8.270 0.0000000000
90158  -48.195  43.058  -8.739 0.0000000000
90166  -46.400  41.644  -9.848 0.0000000000
90167  -47.292  41.918  -9.581 0.0000000000
90168  -48.073  42.683  -10.005 0.0000000000
90178  -44.126  41.647  -10.949 0.0000000000
90179  -45.828  41.651  -10.523 0.0000000000
90180  -47.414  42.037  -10.952 0.0000000000
90181  -48.043  42.761  -11.021 0.0000000000
90201  -44.780  42.137  -11.721 0.0000000000
90202  -46.275  42.279  -11.772 0.0000000000
90203  -47.436  42.640  -11.919 0.0000000000
90204  -47.921  43.087  -11.559 0.0000000000
90226  -45.269  42.561  -12.634 0.0000000000
90227  -46.439  42.765  -12.599 0.0000000000
90228  -47.069  43.062  -12.449 0.0000000000
90739  -44.487  43.777  -4.033 0.0000000000
90748  -44.505  43.901  -4.941 0.0000000000
90749  -45.680  44.248  -4.523 0.0000000000
90756  -42.497  43.386  -6.079 0.0000000000
90757  -43.368  43.695  -5.945 0.0000000000
90758  -44.329  44.081  -5.701 0.0000000000
90759  -45.571  44.319  -5.391 0.0000000000
90760  -46.756  44.887  -5.099 0.0000000000
90761  -47.288  44.453  -5.156 0.0000000000
90770  -40.457  43.433  -6.869 0.0000000000
90771  -41.370  43.491  -6.870 0.0000000000
90772  -42.210  43.576  -6.746 0.0000000000
90773  -43.002  43.784  -6.576 0.0000000000
90774  -43.964  44.281  -6.525 0.0000000000
90775  -45.257  44.514  -6.138 0.0000000000
90776  -46.528  45.080  -5.830 0.0000000000
90777  -47.965  44.945  -6.149 0.0000000000
90778  -48.334  45.481  -6.891 0.0000000000
90793  -39.969  43.800  -7.451 0.0000000000
90794  -40.927  43.938  -7.645 0.0000000000
90795  -41.955  43.868  -7.408 0.0000000000
90796  -42.789  43.996  -7.145 0.0000000000
90797  -43.313  44.142  -6.892 0.0000000000
90798  -48.299  44.071  -7.071 0.0000000000
90799  -48.288  44.477  -7.642 0.0000000000
90813  -39.660  44.183  -7.963 0.0000000000
90814  -40.258  44.077  -7.872 0.0000000000
90815  -48.109  43.696  -9.130 0.0000000000
90823  -48.058  43.248  -10.203 0.0000000000
90829  -47.902  43.395  -10.830 0.0000000000
90834  -47.487  43.289  -12.004 0.0000000000
90835  -47.596  43.576  -11.370 0.0000000000
90843  -45.503  43.060  -13.471 0.0000000000
90844  -46.403  43.371  -12.823 0.0000000000
90845  -46.901  43.572  -12.322 0.0000000000
91379  -44.276  44.592  -6.978 0.0000000000
91380  -44.989  44.682  -6.794 0.0000000000
91381  -46.021  45.203  -6.471 0.0000000000
91382  -47.064  45.885  -6.470 0.0000000000
91383  -48.037  46.172  -6.629 0.0000000000
91391  -41.211  44.234  -8.230 0.0000000000
91392  -41.804  44.248  -8.056 0.0000000000
91393  -42.690  44.360  -7.810 0.0000000000
91394  -43.660  44.554  -7.331 0.0000000000
91395  -44.662  44.849  -7.291 0.0000000000
91396  -45.709  45.235  -7.186 0.0000000000
91397  -46.399  45.631  -6.748 0.0000000000
91398  -48.218  45.745  -7.515 0.0000000000
91414  -39.405  44.509  -8.633 0.0000000000
91415  -40.535  44.334  -8.509 0.0000000000
91416  -41.610  44.454  -8.731 0.0000000000
91417  -42.513  44.614  -8.576 0.0000000000
91418  -43.482  45.031  -8.288 0.0000000000
91419  -44.404  45.092  -7.810 0.0000000000
91420  -45.069  45.107  -7.593 0.0000000000
91421  -47.999  44.938  -8.533 0.0000000000
91434  -39.037  44.930  -9.251 0.0000000000
91435  -40.027  44.821  -9.308 0.0000000000
91436  -41.256  44.953  -9.504 0.0000000000
91437  -42.292  44.852  -9.281 0.0000000000
91438  -43.052  45.169  -9.094 0.0000000000
91439  -47.263  44.893  -10.072 0.0000000000
91440  -47.724  44.134  -9.763 0.0000000000
91444  -41.728  45.308  -10.036 0.0000000000
91445  -42.304  45.226  -9.839 0.0000000000
91446  -42.779  45.281  -9.541 0.0000000000
91447  -47.013  44.491  -10.879 0.0000000000
91448  -47.497  44.045  -10.693 0.0000000000
91452  -46.308  44.439  -11.883 0.0000000000
91453  -47.035  44.016  -11.674 0.0000000000
91454  -47.329  44.017  -11.180 0.0000000000
91457  -45.803  44.140  -13.456 0.0000000000
91458  -46.389  43.981  -12.564 0.0000000000
91459  -46.714  44.004  -12.166 0.0000000000
91968  -47.090  46.265  -6.707 0.0000000000
91969  -47.329  46.311  -6.748 0.0000000000
91976  -46.032  45.513  -7.442 0.0000000000
91977  -46.658  45.979  -7.116 0.0000000000
91978  -47.538  46.272  -7.344 0.0000000000
91984  -43.783  45.311  -8.520 0.0000000000
91985  -44.223  45.349  -8.431 0.0000000000
91986  -45.524  45.406  -8.041 0.0000000000
91987  -46.733  45.999  -8.195 0.0000000000
91988  -47.628  45.880  -8.340 0.0000000000
92004  -39.552  45.324  -9.820 0.0000000000
92005  -40.415  45.311  -9.838 0.0000000000
92006  -43.727  45.434  -8.874 0.0000000000
92007  -44.564  45.648  -9.088 0.0000000000
92008  -45.733  45.737  -9.182 0.0000000000
92009  -46.783  45.661  -9.350 0.0000000000
92010  -47.526  45.188  -9.157 0.0000000000
92024  -40.093  45.638  -10.424 0.0000000000
92025  -41.150  45.534  -10.336 0.0000000000
92026  -42.202  45.534  -10.457 0.0000000000
92027  -43.358  45.886  -9.897 0.0000000000
92028  -44.783  46.148  -9.953 0.0000000000
92029  -45.716  45.930  -10.264 0.0000000000
92030  -46.496  45.279  -10.507 0.0000000000
92043  -40.664  45.957  -11.083 0.0000000000
92044  -41.705  45.858  -11.158 0.0000000000
92045  -42.691  46.142  -11.034 0.0000000000
92046  -43.393  46.598  -10.909 0.0000000000
92047  -45.158  45.871  -11.807 0.0000000000
92048  -45.606  45.535  -11.378 0.0000000000
92049  -46.481  44.758  -11.245 0.0000000000
92058  -45.219  45.431  -12.482 0.0000000000
92059  -45.799  44.617  -12.349 0.0000000000
92062  -45.066  45.190  -13.775 0.0000000000
92532  -44.187  46.613  -10.677 0.0000000000
92533  -45.016  46.341  -10.736 0.0000000000
92534  -45.381  46.078  -10.851 0.0000000000
92546  -41.193  46.429  -11.727 0.0000000000
92547  -42.140  46.499  -11.690 0.0000000000
92548  -42.845  47.090  -11.550 0.0000000000
92549  -43.719  47.090  -11.340 0.0000000000
92550  -44.718  46.526  -11.663 0.0000000000
92551  -45.194  46.210  -11.129 0.0000000000
92565  -41.745  46.906  -12.246 0.0000000000
92566  -42.344  47.034  -11.970 0.0000000000
92567  -44.615  46.310  -12.999 0.0000000000
92577  -44.539  46.187  -14.151 0.0000000000
93043  -42.850  47.441  -11.884 0.0000000000
93044  -43.191  47.472  -11.851 0.0000000000
93045  -43.869  47.363  -11.896 0.0000000000
93057  -42.455  47.652  -12.332 0.0000000000
93058  -43.365  47.800  -12.419 0.0000000000
93059  -44.149  47.295  -12.540 0.0000000000
93073  -42.224  48.476  -12.997 0.0000000000
93074  -43.647  47.833  -13.062 0.0000000000
93075  -44.260  47.227  -13.490 0.0000000000
93077  -43.657  47.928  -13.926 0.0000000000
93078  -44.379  47.273  -14.424 0.0000000000
93080  -43.935  48.148  -14.699 0.0000000000
93581  -42.833  48.282  -12.847 0.0000000000
93582  -43.256  48.114  -12.870 0.0000000000
93602  -42.458  48.791  -13.547 0.0000000000
93603  -43.118  48.332  -13.407 0.0000000000
93617  -42.980  48.983  -14.449 0.0000000000
