#!ascii label  , from subject FREESURFER vox2ras=TkReg 
133
44882  -16.786  -16.525  37.946 0.0000000000
44883  -17.321  -16.591  37.359 0.0000000000
44902  -17.859  -16.594  36.767 0.0000000000
44903  -18.515  -16.615  36.313 0.0000000000
44925  -19.185  -16.522  35.918 0.0000000000
44926  -19.940  -16.396  35.609 0.0000000000
44948  -22.270  -15.657  34.737 0.0000000000
45864  -16.851  -15.666  38.281 0.0000000000
45865  -17.249  -15.684  37.692 0.0000000000
45880  -17.694  -15.673  37.104 0.0000000000
45881  -18.297  -15.667  36.553 0.0000000000
45882  -18.836  -15.250  36.179 0.0000000000
45898  -18.820  -15.925  36.097 0.0000000000
45899  -19.441  -15.548  35.744 0.0000000000
45900  -20.384  -15.492  35.305 0.0000000000
45901  -21.138  -15.723  35.088 0.0000000000
45915  -21.007  -15.106  34.980 0.0000000000
45916  -21.733  -15.249  34.726 0.0000000000
45917  -22.754  -15.083  34.251 0.0000000000
45934  -23.280  -14.462  33.654 0.0000000000
45935  -23.728  -15.016  33.693 0.0000000000
46748  -17.152  -14.886  38.549 0.0000000000
46749  -17.612  -14.171  38.874 0.0000000000
46760  -17.214  -15.166  38.004 0.0000000000
46761  -17.811  -14.502  37.669 0.0000000000
46762  -18.414  -14.032  37.219 0.0000000000
46771  -18.014  -15.070  36.942 0.0000000000
46772  -18.539  -14.531  36.702 0.0000000000
46773  -19.253  -14.568  36.008 0.0000000000
46785  -19.930  -14.610  35.510 0.0000000000
46786  -20.609  -14.531  35.097 0.0000000000
46797  -21.257  -14.443  34.748 0.0000000000
46798  -22.045  -14.281  34.367 0.0000000000
46799  -22.762  -14.082  33.840 0.0000000000
46812  -23.273  -13.888  33.400 0.0000000000
46813  -23.903  -14.144  33.061 0.0000000000
46814  -24.587  -14.771  33.312 0.0000000000
46829  -24.322  -13.773  32.606 0.0000000000
46830  -24.717  -14.107  32.689 0.0000000000
47565  -18.162  -13.735  38.428 0.0000000000
47566  -18.561  -13.048  38.817 0.0000000000
47576  -18.226  -13.852  37.913 0.0000000000
47577  -18.772  -13.353  37.688 0.0000000000
47578  -19.318  -13.014  37.176 0.0000000000
47587  -18.721  -13.816  36.974 0.0000000000
47588  -19.413  -13.492  36.517 0.0000000000
47589  -20.111  -12.983  36.139 0.0000000000
47600  -19.692  -14.021  35.788 0.0000000000
47601  -20.446  -13.483  35.452 0.0000000000
47602  -21.133  -12.936  35.061 0.0000000000
47613  -20.872  -13.973  34.891 0.0000000000
47614  -21.458  -13.423  34.653 0.0000000000
47615  -22.393  -13.350  33.994 0.0000000000
47627  -22.984  -13.352  33.425 0.0000000000
47628  -23.491  -13.372  32.965 0.0000000000
47641  -24.014  -13.382  32.511 0.0000000000
47642  -24.672  -13.390  32.177 0.0000000000
47656  -25.332  -13.154  31.752 0.0000000000
48326  -18.655  -12.390  39.216 0.0000000000
48332  -19.206  -12.330  38.462 0.0000000000
48333  -19.626  -12.054  38.154 0.0000000000
48338  -19.205  -12.709  37.922 0.0000000000
48339  -19.613  -12.435  37.606 0.0000000000
48340  -20.180  -12.046  37.240 0.0000000000
48345  -19.573  -12.829  36.972 0.0000000000
48346  -20.091  -12.485  36.711 0.0000000000
48351  -20.551  -12.483  35.989 0.0000000000
48352  -21.066  -12.414  35.403 0.0000000000
48358  -21.560  -12.397  34.791 0.0000000000
48359  -22.168  -12.485  34.167 0.0000000000
48364  -22.846  -12.485  33.292 0.0000000000
48365  -23.231  -12.924  33.021 0.0000000000
48374  -23.140  -12.020  32.761 0.0000000000
48375  -23.661  -12.467  32.399 0.0000000000
48376  -24.248  -12.931  32.112 0.0000000000
48387  -24.111  -11.969  31.775 0.0000000000
48388  -24.741  -12.370  31.493 0.0000000000
48389  -25.778  -12.638  31.281 0.0000000000
48400  -25.164  -11.804  30.949 0.0000000000
48401  -25.589  -11.994  30.838 0.0000000000
49143  -18.505  -12.036  39.572 0.0000000000
49144  -19.020  -11.501  39.333 0.0000000000
49145  -19.573  -11.068  38.993 0.0000000000
49151  -19.359  -11.794  38.773 0.0000000000
49152  -19.787  -11.515  38.489 0.0000000000
49153  -20.332  -11.247  38.107 0.0000000000
49158  -19.832  -11.909  37.999 0.0000000000
49159  -20.258  -11.627  37.707 0.0000000000
49164  -20.689  -11.619  36.911 0.0000000000
49165  -21.174  -11.169  36.600 0.0000000000
49170  -20.634  -12.051  36.413 0.0000000000
49171  -21.132  -11.618  36.047 0.0000000000
49177  -21.593  -11.590  35.199 0.0000000000
49178  -22.083  -11.574  34.462 0.0000000000
49183  -22.553  -11.642  33.720 0.0000000000
49189  -22.970  -11.562  33.085 0.0000000000
49190  -23.383  -11.503  32.520 0.0000000000
49196  -23.822  -11.489  31.948 0.0000000000
49197  -24.359  -11.446  31.462 0.0000000000
49203  -24.906  -11.387  30.985 0.0000000000
50007  -18.865  -10.386  39.934 0.0000000000
50008  -19.481  -10.548  39.339 0.0000000000
50022  -20.000  -10.667  38.839 0.0000000000
50023  -20.423  -10.815  38.344 0.0000000000
50035  -20.734  -10.967  37.808 0.0000000000
50036  -21.067  -10.526  37.729 0.0000000000
50046  -20.747  -11.248  37.409 0.0000000000
50047  -21.198  -10.751  37.167 0.0000000000
50056  -21.567  -10.684  36.264 0.0000000000
50067  -21.662  -10.976  35.628 0.0000000000
50985  -19.793  -9.639  41.990 0.0000000000
50986  -20.474  -9.360  41.622 0.0000000000
50998  -19.667  -9.500  41.044 0.0000000000
50999  -20.352  -9.224  40.672 0.0000000000
51011  -18.980  -9.744  40.567 0.0000000000
51012  -19.579  -9.646  39.958 0.0000000000
51013  -20.548  -9.352  39.681 0.0000000000
51014  -21.111  -9.275  39.160 0.0000000000
51025  -20.019  -10.010  39.244 0.0000000000
51026  -20.698  -9.981  38.699 0.0000000000
51027  -21.325  -9.415  38.602 0.0000000000
51041  -20.880  -10.451  38.088 0.0000000000
51042  -21.376  -9.895  37.849 0.0000000000
51055  -21.876  -9.742  36.672 0.0000000000
52078  -21.210  -9.165  42.124 0.0000000000
52090  -21.070  -9.041  41.253 0.0000000000
52091  -21.605  -8.660  40.845 0.0000000000
52102  -20.978  -8.968  40.468 0.0000000000
52103  -21.404  -8.823  39.891 0.0000000000
52112  -21.649  -8.887  39.087 0.0000000000
52113  -22.226  -8.433  38.921 0.0000000000
52128  -21.779  -8.989  38.304 0.0000000000
52144  -21.931  -9.098  37.505 0.0000000000
