#!ascii label  , from subject FREESURFER vox2ras=TkReg 
190
59815  -42.348  -1.658  2.010 0.0000000000
59816  -43.215  -1.417  2.434 0.0000000000
59817  -43.523  -1.295  1.628 0.0000000000
59833  -41.948  -1.323  1.028 0.0000000000
59834  -42.887  -1.308  1.065 0.0000000000
59835  -43.395  -1.215  1.121 0.0000000000
59836  -50.848  -1.338  1.823 0.0000000000
59837  -51.492  -1.455  1.356 0.0000000000
59838  -52.385  -1.440  1.112 0.0000000000
59843  -42.431  -1.137  0.568 0.0000000000
59844  -42.709  -1.159  0.398 0.0000000000
59845  -51.804  -1.432  0.442 0.0000000000
59846  -52.522  -1.491  0.229 0.0000000000
59847  -53.144  -1.441  -0.057 0.0000000000
59852  -51.916  -1.360  -0.283 0.0000000000
59853  -52.517  -1.368  -0.709 0.0000000000
59854  -53.494  -1.353  -0.865 0.0000000000
59855  -54.147  -1.196  -1.449 0.0000000000
59860  -52.846  -1.235  -1.470 0.0000000000
59861  -53.581  -1.212  -2.043 0.0000000000
59862  -54.498  -1.219  -2.372 0.0000000000
59869  -54.056  -1.189  -3.004 0.0000000000
59870  -54.722  -1.271  -3.392 0.0000000000
60799  -44.013  -0.994  2.545 0.0000000000
60800  -44.856  -0.643  2.312 0.0000000000
60801  -45.861  -0.468  2.270 0.0000000000
60802  -46.936  -0.416  2.297 0.0000000000
60803  -48.011  -0.415  2.274 0.0000000000
60804  -49.063  -0.459  2.173 0.0000000000
60805  -50.139  -0.898  2.078 0.0000000000
60816  -43.280  -1.189  0.797 0.0000000000
60817  -43.815  -0.963  1.130 0.0000000000
60818  -44.867  -0.638  1.066 0.0000000000
60819  -45.942  -0.556  1.111 0.0000000000
60820  -47.031  -0.487  1.144 0.0000000000
60821  -48.135  -0.354  1.125 0.0000000000
60822  -49.284  -0.332  1.065 0.0000000000
60823  -50.466  -0.713  0.961 0.0000000000
60824  -51.112  -1.078  0.462 0.0000000000
60825  -52.896  -0.927  1.604 0.0000000000
60826  -53.359  -0.635  0.945 0.0000000000
60832  -42.998  -1.194  0.116 0.0000000000
60833  -43.816  -0.975  -0.249 0.0000000000
60834  -44.886  -0.697  -0.141 0.0000000000
60835  -45.973  -0.618  -0.077 0.0000000000
60836  -47.105  -0.656  -0.054 0.0000000000
60837  -48.258  -0.520  -0.093 0.0000000000
60838  -49.404  -0.441  -0.161 0.0000000000
60839  -50.406  -0.605  -0.242 0.0000000000
60840  -51.227  -1.011  -0.301 0.0000000000
60841  -53.093  -1.275  0.702 0.0000000000
60842  -53.766  -0.860  0.119 0.0000000000
60843  -54.370  -0.504  -0.461 0.0000000000
60847  -44.103  -0.842  -1.031 0.0000000000
60848  -44.925  -0.821  -1.242 0.0000000000
60849  -46.064  -0.741  -1.166 0.0000000000
60850  -47.203  -0.567  -1.256 0.0000000000
60851  -48.408  -0.585  -1.396 0.0000000000
60852  -49.520  -0.499  -1.354 0.0000000000
60853  -50.479  -0.496  -1.162 0.0000000000
60854  -51.470  -0.855  -1.073 0.0000000000
60855  -52.146  -0.979  -1.471 0.0000000000
60856  -54.176  -1.047  -0.750 0.0000000000
60857  -54.860  -0.719  -1.440 0.0000000000
60861  -45.351  -0.460  -1.805 0.0000000000
60862  -46.176  -0.366  -2.070 0.0000000000
60863  -47.390  -0.186  -2.586 0.0000000000
60864  -48.723  -0.440  -2.679 0.0000000000
60865  -49.653  -0.316  -2.238 0.0000000000
60866  -50.444  -0.121  -1.761 0.0000000000
60867  -51.438  -0.278  -1.676 0.0000000000
60868  -52.566  -0.564  -2.128 0.0000000000
60869  -53.495  -0.976  -2.909 0.0000000000
60870  -55.516  -1.091  -2.942 0.0000000000
60871  -56.323  -1.044  -3.985 0.0000000000
60877  -48.255  -0.064  -3.134 0.0000000000
60878  -48.580  -0.208  -3.205 0.0000000000
60879  -53.324  -0.507  -2.953 0.0000000000
60880  -54.050  -0.983  -4.035 0.0000000000
60881  -55.437  -1.216  -4.320 0.0000000000
60882  -56.263  -0.932  -4.860 0.0000000000
60885  -54.409  -0.535  -4.860 0.0000000000
60886  -55.039  -0.774  -5.065 0.0000000000
60887  -55.767  -0.953  -5.149 0.0000000000
61896  -53.660  0.184  0.753 0.0000000000
61903  -42.911  -0.318  -0.501 0.0000000000
61904  -43.441  -0.044  -0.979 0.0000000000
61905  -54.168  0.227  0.071 0.0000000000
61906  -54.761  0.250  -0.608 0.0000000000
61913  -44.081  -0.104  -1.416 0.0000000000
61914  -44.681  0.033  -1.813 0.0000000000
61915  -55.398  0.278  -1.341 0.0000000000
61916  -55.954  0.355  -2.105 0.0000000000
61923  -45.357  0.246  -2.212 0.0000000000
61924  -46.206  0.463  -2.565 0.0000000000
61925  -46.914  0.770  -3.040 0.0000000000
61926  -49.215  -0.274  -3.019 0.0000000000
61927  -49.510  0.215  -2.891 0.0000000000
61928  -50.331  0.415  -1.945 0.0000000000
61929  -51.473  0.344  -1.875 0.0000000000
61930  -52.148  0.084  -2.088 0.0000000000
61931  -55.655  -0.359  -2.132 0.0000000000
61932  -56.375  -0.228  -3.115 0.0000000000
61939  -47.763  0.530  -3.360 0.0000000000
61940  -48.717  0.124  -3.448 0.0000000000
61941  -49.100  0.411  -3.475 0.0000000000
61942  -51.942  0.544  -2.057 0.0000000000
61943  -52.584  0.205  -2.484 0.0000000000
61944  -53.450  0.103  -3.321 0.0000000000
61945  -56.898  -0.212  -4.505 0.0000000000
61946  -57.176  0.433  -5.330 0.0000000000
61950  -54.110  -0.028  -4.370 0.0000000000
61951  -54.672  0.002  -5.227 0.0000000000
61952  -56.058  -0.046  -5.483 0.0000000000
61953  -56.729  0.751  -5.589 0.0000000000
62801  -43.906  0.899  -0.832 0.0000000000
62802  -44.842  1.423  -0.646 0.0000000000
62803  -45.454  1.717  -0.997 0.0000000000
62812  -44.252  0.723  -1.519 0.0000000000
62813  -44.758  1.190  -1.994 0.0000000000
62814  -45.825  1.731  -1.836 0.0000000000
62815  -46.624  1.878  -2.211 0.0000000000
62821  -45.536  1.019  -2.449 0.0000000000
62822  -46.306  1.311  -2.673 0.0000000000
62823  -47.358  1.622  -3.144 0.0000000000
62824  -48.494  1.531  -3.285 0.0000000000
62825  -49.462  1.094  -2.793 0.0000000000
62826  -50.482  1.188  -1.875 0.0000000000
62827  -51.420  1.292  -1.909 0.0000000000
62828  -51.924  1.613  -2.098 0.0000000000
62829  -56.556  0.978  -2.633 0.0000000000
62830  -57.261  1.195  -3.462 0.0000000000
62833  -48.219  0.967  -3.736 0.0000000000
62834  -48.919  0.800  -3.600 0.0000000000
62835  -49.252  0.613  -3.365 0.0000000000
62836  -52.076  0.951  -2.224 0.0000000000
62837  -52.639  1.195  -2.640 0.0000000000
62838  -53.642  1.053  -3.496 0.0000000000
62839  -54.316  1.364  -3.874 0.0000000000
62840  -57.068  0.465  -3.647 0.0000000000
62841  -57.648  0.924  -4.428 0.0000000000
62844  -54.329  0.632  -4.486 0.0000000000
62845  -55.048  1.059  -4.839 0.0000000000
62846  -56.177  1.213  -5.190 0.0000000000
62847  -57.096  1.337  -5.151 0.0000000000
63667  -45.816  2.679  0.275 0.0000000000
63675  -45.491  2.139  -0.244 0.0000000000
63676  -46.163  2.406  -0.514 0.0000000000
63677  -46.933  2.571  -0.679 0.0000000000
63686  -46.564  2.185  -1.363 0.0000000000
63687  -47.448  2.255  -1.518 0.0000000000
63688  -48.374  2.360  -1.432 0.0000000000
63689  -49.042  2.536  -1.320 0.0000000000
63696  -48.074  1.964  -2.479 0.0000000000
63697  -48.824  1.881  -2.197 0.0000000000
63698  -49.731  2.098  -1.646 0.0000000000
63699  -50.694  2.165  -1.574 0.0000000000
63700  -51.448  2.318  -1.751 0.0000000000
63701  -52.153  2.307  -2.129 0.0000000000
63706  -52.957  2.196  -2.609 0.0000000000
63707  -53.857  2.156  -2.992 0.0000000000
63708  -54.800  2.118  -3.538 0.0000000000
63709  -55.555  2.350  -3.616 0.0000000000
63710  -57.532  1.898  -3.689 0.0000000000
63715  -55.602  1.723  -4.287 0.0000000000
63716  -56.378  2.063  -4.281 0.0000000000
63717  -57.393  2.097  -4.395 0.0000000000
64485  -46.321  3.271  0.411 0.0000000000
64492  -46.866  3.016  0.023 0.0000000000
64493  -47.527  3.206  -0.308 0.0000000000
64494  -48.129  3.655  -0.389 0.0000000000
64500  -48.070  2.897  -0.774 0.0000000000
64501  -48.726  3.316  -0.703 0.0000000000
64502  -49.589  3.266  -0.954 0.0000000000
64503  -50.236  3.582  -1.041 0.0000000000
64510  -50.232  2.860  -1.221 0.0000000000
64511  -50.877  3.232  -1.331 0.0000000000
64512  -51.686  3.226  -1.710 0.0000000000
64513  -52.431  3.193  -2.090 0.0000000000
64519  -53.248  3.189  -2.389 0.0000000000
64520  -54.165  3.197  -2.711 0.0000000000
64521  -55.105  3.229  -3.140 0.0000000000
64522  -55.886  2.809  -3.489 0.0000000000
64532  -55.743  3.497  -3.472 0.0000000000
64533  -56.657  3.008  -3.611 0.0000000000
65317  -46.919  4.136  0.287 0.0000000000
65318  -47.777  4.322  -0.090 0.0000000000
65319  -48.451  4.387  -0.359 0.0000000000
65326  -49.171  4.337  -0.665 0.0000000000
65327  -49.904  4.233  -0.913 0.0000000000
