#!ascii label  , from subject FREESURFER vox2ras=TkReg 
158
26385  -21.928  -39.474  5.132 0.0000000000
27148  -18.435  -38.736  4.531 0.0000000000
27150  -20.636  -38.936  5.392 0.0000000000
27151  -21.393  -38.614  5.366 0.0000000000
27152  -21.971  -38.376  5.184 0.0000000000
27171  -22.465  -38.578  4.823 0.0000000000
27906  -19.170  -37.046  5.755 0.0000000000
27907  -19.958  -36.876  5.844 0.0000000000
27908  -20.372  -36.628  5.737 0.0000000000
27926  -16.861  -37.639  5.100 0.0000000000
27927  -17.845  -37.809  5.192 0.0000000000
27928  -18.905  -37.946  5.261 0.0000000000
27929  -19.882  -37.921  5.555 0.0000000000
27930  -20.810  -37.399  5.632 0.0000000000
27931  -21.671  -37.600  5.256 0.0000000000
27932  -22.200  -37.687  4.842 0.0000000000
27949  -22.750  -37.782  4.252 0.0000000000
27965  -22.756  -37.188  3.769 0.0000000000
28677  -17.886  -36.243  5.738 0.0000000000
28678  -18.600  -36.325  5.830 0.0000000000
28679  -19.353  -36.264  5.881 0.0000000000
28680  -20.024  -36.117  5.840 0.0000000000
28689  -12.866  -36.953  4.785 0.0000000000
28690  -13.522  -36.588  4.918 0.0000000000
28691  -14.487  -36.596  5.156 0.0000000000
28692  -15.427  -36.610  5.234 0.0000000000
28693  -16.427  -36.661  5.362 0.0000000000
28694  -17.397  -36.845  5.522 0.0000000000
28695  -18.291  -37.028  5.622 0.0000000000
28696  -20.677  -36.223  5.600 0.0000000000
28697  -21.534  -36.514  5.079 0.0000000000
28698  -21.920  -37.131  4.906 0.0000000000
28712  -10.395  -37.283  3.208 0.0000000000
28713  -11.172  -36.680  3.843 0.0000000000
28714  -12.247  -36.634  4.545 0.0000000000
28715  -12.940  -36.488  4.748 0.0000000000
28716  -21.779  -36.224  4.452 0.0000000000
28717  -22.221  -36.764  4.252 0.0000000000
28734  -10.235  -36.988  2.443 0.0000000000
28735  -10.720  -36.704  3.163 0.0000000000
28751  -9.598  -36.973  1.729 0.0000000000
28766  -9.531  -36.603  1.327 0.0000000000
29463  -17.739  -35.889  5.734 0.0000000000
29464  -18.076  -35.811  5.784 0.0000000000
29465  -18.799  -35.692  5.832 0.0000000000
29466  -19.482  -35.656  5.799 0.0000000000
29472  -13.529  -36.037  4.840 0.0000000000
29473  -13.992  -35.751  4.880 0.0000000000
29474  -14.905  -35.811  5.166 0.0000000000
29475  -15.888  -35.716  5.326 0.0000000000
29476  -17.233  -35.702  5.620 0.0000000000
29477  -18.154  -35.192  5.684 0.0000000000
29478  -19.042  -35.091  5.657 0.0000000000
29479  -20.077  -35.260  5.529 0.0000000000
29480  -20.976  -35.620  5.177 0.0000000000
29488  -11.495  -36.055  3.706 0.0000000000
29489  -11.939  -35.744  4.034 0.0000000000
29490  -13.065  -35.838  4.624 0.0000000000
29491  -13.652  -35.325  4.556 0.0000000000
29492  -20.682  -34.882  4.803 0.0000000000
29493  -21.515  -35.514  4.289 0.0000000000
29494  -21.888  -36.084  4.116 0.0000000000
29510  -10.664  -36.281  2.235 0.0000000000
29511  -11.381  -35.861  3.115 0.0000000000
29512  -11.908  -35.525  3.582 0.0000000000
29513  -21.782  -35.328  3.635 0.0000000000
29514  -22.138  -35.769  3.480 0.0000000000
29527  -10.181  -36.438  1.558 0.0000000000
29528  -11.113  -35.672  1.889 0.0000000000
29540  -9.835  -36.128  0.716 0.0000000000
29541  -10.795  -35.662  0.828 0.0000000000
30282  -14.575  -35.310  4.926 0.0000000000
30283  -15.178  -35.059  5.044 0.0000000000
30284  -16.251  -34.650  5.182 0.0000000000
30285  -17.384  -34.658  5.404 0.0000000000
30286  -18.306  -34.480  5.310 0.0000000000
30287  -19.257  -34.562  5.243 0.0000000000
30288  -19.944  -34.533  4.976 0.0000000000
30298  -12.661  -35.380  4.150 0.0000000000
30299  -13.265  -35.063  4.215 0.0000000000
30300  -14.285  -34.754  4.448 0.0000000000
30301  -15.315  -34.455  4.677 0.0000000000
30302  -15.853  -34.171  4.727 0.0000000000
30303  -18.674  -34.155  4.894 0.0000000000
30304  -19.283  -34.160  4.607 0.0000000000
30305  -20.128  -34.215  4.195 0.0000000000
30306  -21.006  -34.589  4.066 0.0000000000
30322  -11.938  -35.239  3.058 0.0000000000
30323  -12.436  -35.120  3.479 0.0000000000
30324  -13.687  -34.479  3.571 0.0000000000
30325  -14.134  -34.400  3.942 0.0000000000
30326  -20.643  -34.093  3.170 0.0000000000
30327  -21.549  -34.797  3.413 0.0000000000
30328  -21.890  -35.229  3.320 0.0000000000
30337  -12.094  -34.970  2.451 0.0000000000
30338  -13.210  -34.416  2.777 0.0000000000
30339  -13.579  -34.330  3.093 0.0000000000
30340  -20.851  -33.860  2.499 0.0000000000
30341  -21.483  -34.171  2.340 0.0000000000
30342  -22.062  -35.016  2.737 0.0000000000
30345  -11.889  -35.022  1.098 0.0000000000
30346  -13.183  -34.402  1.517 0.0000000000
30347  -13.977  -34.242  1.234 0.0000000000
30355  -12.894  -35.037  0.160 0.0000000000
30356  -14.237  -34.668  0.387 0.0000000000
30357  -15.356  -34.713  0.094 0.0000000000
31101  -16.883  -34.246  5.091 0.0000000000
31102  -17.426  -34.083  4.986 0.0000000000
31103  -18.052  -33.985  4.810 0.0000000000
31112  -14.867  -34.278  4.313 0.0000000000
31113  -15.412  -33.968  4.319 0.0000000000
31114  -16.436  -33.854  4.582 0.0000000000
31115  -17.409  -33.689  4.371 0.0000000000
31116  -18.359  -33.781  4.233 0.0000000000
31117  -19.202  -33.825  3.836 0.0000000000
31118  -19.812  -33.887  3.441 0.0000000000
31135  -14.016  -34.247  3.399 0.0000000000
31136  -14.495  -34.112  3.720 0.0000000000
31137  -15.638  -33.528  3.608 0.0000000000
31138  -16.676  -33.417  3.797 0.0000000000
31139  -17.455  -33.448  3.546 0.0000000000
31140  -18.337  -33.550  3.279 0.0000000000
31141  -19.165  -33.664  3.009 0.0000000000
31142  -19.847  -33.740  2.851 0.0000000000
31155  -13.543  -34.258  2.683 0.0000000000
31156  -13.859  -34.147  2.920 0.0000000000
31157  -14.740  -33.703  2.766 0.0000000000
31158  -15.715  -33.445  2.553 0.0000000000
31159  -16.440  -33.435  2.284 0.0000000000
31160  -17.349  -33.381  2.589 0.0000000000
31161  -18.451  -33.457  2.340 0.0000000000
31162  -19.338  -33.515  2.246 0.0000000000
31163  -20.244  -33.640  2.281 0.0000000000
31164  -20.901  -33.673  2.056 0.0000000000
31172  -13.550  -34.189  2.367 0.0000000000
31173  -14.053  -33.946  1.948 0.0000000000
31174  -14.975  -33.770  1.780 0.0000000000
31175  -15.880  -33.766  1.537 0.0000000000
31176  -16.817  -33.645  1.447 0.0000000000
31177  -17.784  -33.498  1.463 0.0000000000
31178  -18.717  -33.410  1.445 0.0000000000
31179  -19.611  -33.374  1.495 0.0000000000
31180  -20.453  -33.432  1.488 0.0000000000
31181  -21.292  -33.614  1.476 0.0000000000
31188  -14.484  -34.163  1.221 0.0000000000
31189  -15.204  -34.250  0.867 0.0000000000
31190  -16.175  -34.202  0.454 0.0000000000
31191  -17.249  -33.778  0.615 0.0000000000
31192  -18.120  -33.479  0.487 0.0000000000
31193  -19.037  -33.274  0.705 0.0000000000
31194  -19.901  -33.200  0.775 0.0000000000
31195  -20.745  -33.183  0.801 0.0000000000
31926  -16.293  -33.314  3.155 0.0000000000
31927  -16.872  -33.341  3.254 0.0000000000
31928  -17.177  -33.359  3.119 0.0000000000
31942  -16.271  -33.352  2.729 0.0000000000
31943  -16.691  -33.333  2.847 0.0000000000
31944  -16.998  -33.319  2.956 0.0000000000
