#!ascii label  , from subject FREESURFER vox2ras=TkReg 
332
10558  -22.506  -64.739  -6.649 0.0000000000
10559  -23.115  -64.244  -6.566 0.0000000000
10571  -22.822  -64.906  -6.984 0.0000000000
10612  -21.146  -64.536  -11.042 0.0000000000
11170  -20.729  -63.407  -5.258 0.0000000000
11177  -21.038  -63.677  -5.824 0.0000000000
11178  -22.040  -63.951  -6.077 0.0000000000
11182  -22.874  -63.819  -6.224 0.0000000000
11183  -23.226  -63.697  -6.320 0.0000000000
11186  -24.805  -63.108  -7.573 0.0000000000
11200  -21.074  -63.590  -9.878 0.0000000000
11210  -21.157  -63.336  -10.304 0.0000000000
11211  -24.417  -63.852  -10.455 0.0000000000
11227  -21.270  -63.351  -10.950 0.0000000000
11719  -19.401  -62.369  -3.647 0.0000000000
11727  -19.327  -61.977  -4.245 0.0000000000
11728  -20.147  -62.721  -4.606 0.0000000000
11729  -20.987  -63.147  -5.681 0.0000000000
11730  -21.353  -63.233  -5.990 0.0000000000
11735  -21.710  -63.406  -5.950 0.0000000000
11736  -22.021  -63.426  -6.046 0.0000000000
11739  -22.795  -63.232  -6.047 0.0000000000
11740  -24.437  -63.196  -6.836 0.0000000000
11743  -24.329  -63.296  -7.103 0.0000000000
11744  -24.765  -62.858  -7.287 0.0000000000
11745  -25.146  -62.647  -7.427 0.0000000000
11749  -20.099  -62.531  -9.767 0.0000000000
11750  -20.676  -62.473  -9.420 0.0000000000
11751  -21.134  -62.860  -9.615 0.0000000000
11752  -24.614  -63.904  -9.887 0.0000000000
11755  -20.044  -62.342  -10.163 0.0000000000
11756  -20.554  -62.156  -9.942 0.0000000000
11757  -21.161  -62.389  -9.972 0.0000000000
11758  -23.443  -63.650  -11.361 0.0000000000
11759  -24.634  -63.393  -10.394 0.0000000000
11767  -19.970  -62.263  -10.805 0.0000000000
11768  -20.284  -62.083  -10.286 0.0000000000
11769  -21.510  -62.696  -11.041 0.0000000000
11770  -22.088  -62.904  -11.597 0.0000000000
11771  -22.592  -63.881  -11.685 0.0000000000
11781  -13.404  -62.467  -12.417 0.0000000000
11782  -13.960  -62.275  -12.814 0.0000000000
11783  -19.604  -62.376  -11.917 0.0000000000
11793  -13.733  -62.831  -12.912 0.0000000000
11794  -14.437  -62.442  -13.289 0.0000000000
11795  -15.241  -62.455  -13.770 0.0000000000
11796  -15.904  -62.383  -14.054 0.0000000000
11797  -17.707  -62.159  -13.867 0.0000000000
11798  -18.369  -62.722  -13.693 0.0000000000
11799  -19.188  -62.610  -12.890 0.0000000000
11805  -16.376  -62.751  -14.347 0.0000000000
11806  -17.368  -62.735  -14.224 0.0000000000
11807  -17.993  -63.265  -14.107 0.0000000000
12266  -19.207  -61.313  -2.835 0.0000000000
12271  -18.983  -60.634  -4.015 0.0000000000
12272  -19.479  -61.933  -4.730 0.0000000000
12273  -20.427  -62.464  -5.191 0.0000000000
12274  -20.919  -62.893  -5.777 0.0000000000
12278  -19.043  -61.408  -4.950 0.0000000000
12279  -19.886  -61.809  -5.258 0.0000000000
12280  -20.686  -62.482  -5.568 0.0000000000
12281  -21.362  -62.942  -5.922 0.0000000000
12284  -22.021  -63.567  -6.550 0.0000000000
12287  -22.161  -63.268  -7.137 0.0000000000
12288  -24.625  -63.111  -7.533 0.0000000000
12289  -25.428  -62.304  -7.408 0.0000000000
12292  -24.972  -63.001  -7.973 0.0000000000
12293  -25.123  -62.799  -7.869 0.0000000000
12295  -25.014  -63.095  -8.545 0.0000000000
12296  -25.066  -63.197  -9.057 0.0000000000
12298  -20.810  -61.854  -9.880 0.0000000000
12299  -21.044  -61.802  -9.883 0.0000000000
12300  -23.341  -62.576  -11.419 0.0000000000
12301  -23.994  -62.669  -11.098 0.0000000000
12307  -19.815  -61.321  -11.545 0.0000000000
12308  -20.619  -61.629  -10.391 0.0000000000
12309  -20.902  -61.904  -10.180 0.0000000000
12310  -21.886  -62.089  -11.118 0.0000000000
12311  -22.619  -62.360  -11.506 0.0000000000
12319  -13.944  -61.717  -12.524 0.0000000000
12320  -14.497  -61.215  -12.589 0.0000000000
12321  -18.403  -61.281  -13.005 0.0000000000
12322  -19.117  -61.501  -12.557 0.0000000000
12328  -14.312  -61.996  -12.925 0.0000000000
12329  -14.904  -61.709  -13.038 0.0000000000
12330  -15.965  -61.885  -13.602 0.0000000000
12331  -16.987  -61.723  -13.754 0.0000000000
12332  -17.916  -61.617  -13.472 0.0000000000
12333  -18.689  -61.923  -13.210 0.0000000000
12347  -16.220  -62.254  -14.055 0.0000000000
12348  -16.600  -62.197  -14.078 0.0000000000
12801  -19.440  -60.216  -2.751 0.0000000000
12802  -20.000  -59.801  -2.506 0.0000000000
12808  -20.640  -62.109  -5.841 0.0000000000
12809  -21.334  -62.780  -6.213 0.0000000000
12811  -21.094  -62.019  -6.685 0.0000000000
12816  -23.939  -62.928  -8.357 0.0000000000
12818  -24.540  -63.206  -9.588 0.0000000000
12819  -24.728  -62.795  -10.112 0.0000000000
12821  -20.684  -60.307  -10.681 0.0000000000
12822  -21.162  -60.652  -10.421 0.0000000000
12823  -21.927  -61.172  -10.691 0.0000000000
12824  -22.799  -61.471  -11.180 0.0000000000
12825  -23.457  -61.776  -11.068 0.0000000000
12831  -13.465  -60.106  -11.824 0.0000000000
12832  -19.571  -60.370  -11.616 0.0000000000
12833  -20.266  -60.549  -11.062 0.0000000000
12834  -20.893  -61.022  -10.443 0.0000000000
12835  -21.562  -61.366  -10.632 0.0000000000
12836  -22.245  -61.629  -11.094 0.0000000000
12841  -13.354  -61.360  -12.215 0.0000000000
12842  -13.997  -60.705  -12.194 0.0000000000
12843  -15.172  -60.828  -12.585 0.0000000000
12844  -16.229  -60.475  -12.638 0.0000000000
12845  -17.208  -60.374  -12.651 0.0000000000
12846  -18.245  -60.566  -12.569 0.0000000000
12847  -19.112  -60.566  -12.123 0.0000000000
12851  -15.576  -61.397  -13.052 0.0000000000
12852  -16.182  -61.214  -13.090 0.0000000000
12853  -17.066  -61.027  -13.105 0.0000000000
12854  -17.794  -60.937  -12.992 0.0000000000
13306  -20.531  -59.533  -2.254 0.0000000000
13307  -21.156  -58.918  -2.467 0.0000000000
13308  -21.549  -58.497  -2.888 0.0000000000
13313  -19.346  -59.841  -3.161 0.0000000000
13314  -20.156  -59.435  -2.882 0.0000000000
13315  -21.102  -58.845  -3.280 0.0000000000
13316  -21.647  -58.477  -3.291 0.0000000000
13319  -19.603  -59.339  -3.361 0.0000000000
13320  -20.334  -59.053  -3.272 0.0000000000
13325  -18.106  -59.814  -6.391 0.0000000000
13330  -24.279  -62.855  -10.217 0.0000000000
13332  -19.950  -59.197  -10.795 0.0000000000
13333  -20.619  -59.649  -10.420 0.0000000000
13334  -21.621  -60.189  -10.295 0.0000000000
13335  -22.210  -61.322  -10.642 0.0000000000
13336  -22.054  -61.801  -10.332 0.0000000000
13337  -24.219  -62.629  -10.448 0.0000000000
13344  -13.999  -59.628  -11.671 0.0000000000
13345  -14.678  -59.148  -11.726 0.0000000000
13346  -17.854  -59.292  -11.866 0.0000000000
13347  -18.520  -59.282  -11.649 0.0000000000
13348  -19.493  -59.507  -11.326 0.0000000000
13349  -20.248  -59.794  -10.923 0.0000000000
13353  -14.587  -60.205  -12.173 0.0000000000
13354  -15.287  -59.718  -12.152 0.0000000000
13355  -16.430  -59.751  -12.321 0.0000000000
13356  -17.417  -59.705  -12.182 0.0000000000
13357  -18.372  -59.877  -12.053 0.0000000000
13358  -19.038  -59.904  -11.808 0.0000000000
13803  -21.700  -58.122  -2.360 0.0000000000
13804  -21.910  -58.023  -2.984 0.0000000000
13805  -22.078  -57.908  -3.183 0.0000000000
13809  -21.218  -58.742  -3.657 0.0000000000
13810  -21.785  -58.468  -3.937 0.0000000000
13811  -22.379  -57.851  -3.928 0.0000000000
13814  -20.592  -58.860  -3.687 0.0000000000
13816  -17.601  -58.779  -5.492 0.0000000000
13818  -17.235  -58.939  -6.164 0.0000000000
13820  -17.633  -59.053  -7.124 0.0000000000
13821  -18.857  -59.469  -7.069 0.0000000000
13822  -23.379  -55.762  -8.573 0.0000000000
13826  -17.995  -58.558  -7.834 0.0000000000
13827  -18.486  -58.870  -7.730 0.0000000000
13829  -19.817  -58.549  -9.287 0.0000000000
13830  -23.161  -55.248  -8.787 0.0000000000
13837  -14.364  -57.758  -11.118 0.0000000000
13838  -15.087  -57.676  -11.286 0.0000000000
13839  -19.048  -58.266  -10.634 0.0000000000
13840  -19.764  -58.598  -10.169 0.0000000000
13841  -20.644  -59.257  -9.603 0.0000000000
13842  -21.007  -60.597  -9.360 0.0000000000
13850  -14.083  -58.633  -11.303 0.0000000000
13851  -15.448  -58.482  -11.684 0.0000000000
13852  -16.749  -58.407  -11.720 0.0000000000
13853  -17.727  -58.603  -11.527 0.0000000000
13854  -18.666  -58.568  -11.174 0.0000000000
13855  -19.429  -58.744  -10.904 0.0000000000
13859  -15.906  -59.236  -12.136 0.0000000000
13860  -16.534  -59.074  -12.052 0.0000000000
13861  -17.253  -59.018  -11.868 0.0000000000
14308  -21.964  -56.852  -2.327 0.0000000000
14313  -21.928  -57.474  -2.453 0.0000000000
14314  -22.201  -57.074  -2.772 0.0000000000
14315  -22.506  -56.847  -3.344 0.0000000000
14322  -17.665  -58.253  -5.527 0.0000000000
14323  -18.192  -58.258  -5.237 0.0000000000
14325  -16.838  -56.826  -6.222 0.0000000000
14326  -17.393  -57.624  -5.862 0.0000000000
14327  -19.645  -57.429  -5.973 0.0000000000
14329  -16.611  -57.010  -6.707 0.0000000000
14330  -16.938  -58.085  -6.887 0.0000000000
14331  -20.152  -56.922  -7.117 0.0000000000
14342  -16.784  -57.311  -7.527 0.0000000000
14343  -17.650  -57.824  -8.156 0.0000000000
14344  -18.608  -58.358  -8.301 0.0000000000
14345  -19.766  -59.056  -8.360 0.0000000000
14346  -21.106  -56.723  -8.151 0.0000000000
14347  -23.814  -55.294  -9.409 0.0000000000
14358  -14.134  -56.209  -10.337 0.0000000000
14359  -14.843  -56.271  -10.509 0.0000000000
14360  -18.144  -57.382  -9.393 0.0000000000
14361  -18.658  -57.838  -8.987 0.0000000000
14362  -19.267  -58.270  -8.854 0.0000000000
14363  -23.031  -55.810  -9.103 0.0000000000
14364  -23.588  -54.803  -8.719 0.0000000000
14374  -13.601  -56.898  -10.576 0.0000000000
14375  -14.925  -56.917  -10.865 0.0000000000
14376  -15.629  -57.483  -11.282 0.0000000000
14377  -17.534  -57.392  -10.803 0.0000000000
14378  -18.047  -57.428  -10.318 0.0000000000
14379  -18.821  -57.820  -9.975 0.0000000000
14380  -19.282  -58.130  -9.465 0.0000000000
14385  -16.346  -57.672  -11.400 0.0000000000
14386  -17.162  -57.767  -11.261 0.0000000000
14387  -17.943  -57.919  -11.017 0.0000000000
14388  -18.492  -57.971  -10.660 0.0000000000
14827  -22.139  -56.124  -2.573 0.0000000000
14831  -22.546  -55.936  -3.369 0.0000000000
14840  -16.610  -56.370  -6.448 0.0000000000
14841  -17.013  -56.345  -6.166 0.0000000000
14842  -18.078  -56.401  -6.362 0.0000000000
14843  -19.118  -56.610  -6.683 0.0000000000
14850  -16.310  -56.188  -6.863 0.0000000000
14851  -18.580  -56.027  -6.866 0.0000000000
14852  -19.297  -56.217  -7.381 0.0000000000
14853  -20.154  -56.451  -7.823 0.0000000000
14869  -16.434  -56.425  -7.737 0.0000000000
14870  -17.046  -56.894  -8.345 0.0000000000
14871  -19.737  -56.009  -7.951 0.0000000000
14872  -20.524  -56.110  -8.505 0.0000000000
14873  -21.860  -55.991  -9.075 0.0000000000
14874  -23.546  -54.833  -9.800 0.0000000000
14875  -23.817  -54.907  -9.553 0.0000000000
14890  -14.821  -55.621  -10.163 0.0000000000
14891  -15.894  -55.693  -10.078 0.0000000000
14892  -16.757  -56.151  -9.311 0.0000000000
14893  -17.531  -56.937  -9.213 0.0000000000
14894  -20.996  -55.735  -9.145 0.0000000000
14895  -23.012  -54.921  -9.707 0.0000000000
14896  -23.300  -55.302  -9.535 0.0000000000
14907  -15.401  -56.254  -10.525 0.0000000000
14908  -16.298  -56.734  -10.782 0.0000000000
14909  -17.370  -56.856  -10.246 0.0000000000
14910  -17.873  -57.009  -9.827 0.0000000000
14918  -16.732  -57.310  -11.150 0.0000000000
14919  -17.058  -57.154  -10.924 0.0000000000
15378  -16.557  -55.509  -6.619 0.0000000000
15379  -17.249  -55.526  -6.432 0.0000000000
15380  -17.981  -55.451  -6.770 0.0000000000
15389  -16.125  -55.535  -7.394 0.0000000000
15390  -18.616  -55.506  -7.299 0.0000000000
15391  -19.168  -55.584  -7.786 0.0000000000
15408  -15.150  -54.256  -9.171 0.0000000000
15409  -16.179  -55.658  -8.389 0.0000000000
15410  -19.725  -55.617  -8.306 0.0000000000
15411  -20.275  -55.637  -8.815 0.0000000000
15412  -23.659  -54.512  -9.792 0.0000000000
15427  -15.326  -54.827  -9.517 0.0000000000
15428  -16.011  -55.206  -9.179 0.0000000000
15429  -19.799  -55.232  -8.747 0.0000000000
15430  -20.530  -55.193  -9.295 0.0000000000
15431  -21.850  -55.236  -9.614 0.0000000000
15432  -22.556  -54.614  -9.840 0.0000000000
15433  -22.968  -54.207  -9.971 0.0000000000
15933  -16.507  -54.938  -6.719 0.0000000000
15934  -16.790  -54.894  -6.622 0.0000000000
15935  -17.425  -54.899  -6.697 0.0000000000
15946  -15.586  -53.533  -7.582 0.0000000000
15947  -16.255  -54.421  -7.154 0.0000000000
15948  -17.110  -54.306  -6.923 0.0000000000
15949  -18.159  -54.608  -7.338 0.0000000000
15950  -18.758  -55.150  -7.625 0.0000000000
15970  -15.566  -54.282  -8.570 0.0000000000
15971  -15.864  -54.978  -8.267 0.0000000000
15972  -18.751  -54.168  -8.321 0.0000000000
15973  -19.123  -54.973  -8.145 0.0000000000
15988  -15.739  -54.756  -9.131 0.0000000000
15989  -15.839  -54.775  -8.875 0.0000000000
15990  -19.032  -53.923  -8.932 0.0000000000
15991  -19.606  -54.484  -9.133 0.0000000000
15992  -20.903  -54.333  -9.844 0.0000000000
15993  -22.026  -54.373  -9.933 0.0000000000
16507  -16.736  -53.419  -7.184 0.0000000000
16508  -17.446  -53.847  -7.314 0.0000000000
16530  -18.002  -53.716  -7.851 0.0000000000
103958  -23.017  -66.024  -10.017 0.0000000000
103960  -23.079  -65.375  -11.040 0.0000000000
103964  -24.156  -64.395  -8.270 0.0000000000
103965  -22.292  -65.406  -11.216 0.0000000000
103966  -21.693  -63.556  -11.545 0.0000000000
103999  -17.828  -60.120  -6.008 0.0000000000
104000  -17.968  -60.269  -5.809 0.0000000000
104001  -18.889  -60.612  -5.722 0.0000000000
104002  -18.630  -59.968  -6.415 0.0000000000
104003  -18.353  -60.283  -4.646 0.0000000000
104004  -18.514  -60.050  -4.479 0.0000000000
104005  -17.661  -59.806  -5.703 0.0000000000
104006  -17.591  -59.594  -6.249 0.0000000000
104007  -19.944  -58.455  -4.507 0.0000000000
104008  -20.506  -58.015  -5.459 0.0000000000
104009  -20.702  -57.840  -5.785 0.0000000000
104010  -20.207  -60.346  -7.374 0.0000000000
104011  -21.021  -61.498  -8.559 0.0000000000
104012  -18.685  -59.772  -4.318 0.0000000000
104013  -19.358  -58.291  -4.834 0.0000000000
104014  -18.245  -59.437  -4.761 0.0000000000
104015  -19.278  -58.957  -3.952 0.0000000000
104016  -20.625  -58.151  -5.214 0.0000000000
104017  -20.488  -57.425  -6.536 0.0000000000
104019  -22.514  -56.646  -6.607 0.0000000000
104020  -20.406  -57.292  -6.697 0.0000000000
104021  -22.125  -55.651  -9.443 0.0000000000
104022  -19.171  -59.983  -6.559 0.0000000000
104023  -22.562  -55.570  -9.510 0.0000000000
104024  -23.390  -55.066  -8.903 0.0000000000
104025  -22.517  -56.636  -7.091 0.0000000000
104026  -22.349  -56.090  -8.461 0.0000000000
104027  -20.159  -57.889  -5.398 0.0000000000
104028  -20.169  -57.683  -5.820 0.0000000000
104029  -20.148  -57.798  -5.629 0.0000000000
104030  -20.769  -58.538  -4.514 0.0000000000
104031  -21.202  -57.969  -5.595 0.0000000000
104032  -21.381  -57.272  -7.138 0.0000000000
104034  -23.213  -55.340  -4.058 0.0000000000
104036  -22.515  -57.650  -3.967 0.0000000000
104037  -22.014  -57.605  -5.683 0.0000000000
104038  -22.607  -55.705  -3.899 0.0000000000
104039  -22.535  -56.890  -4.426 0.0000000000
104040  -22.835  -55.716  -3.431 0.0000000000
104041  -22.574  -55.532  -3.694 0.0000000000
104043  -22.535  -55.061  -3.669 0.0000000000
