#!ascii label  , from subject FREESURFER vox2ras=TkReg 
307
3933  -11.958  -76.124  -7.119 0.0000000000
3946  -12.051  -75.977  -7.772 0.0000000000
4430  -11.956  -75.416  -6.020 0.0000000000
4431  -12.527  -75.056  -6.183 0.0000000000
4438  -12.006  -75.867  -6.606 0.0000000000
4439  -12.579  -75.422  -6.852 0.0000000000
4440  -13.076  -75.037  -7.086 0.0000000000
4448  -12.478  -75.593  -7.779 0.0000000000
4449  -12.895  -75.243  -7.615 0.0000000000
4462  -12.492  -75.444  -8.353 0.0000000000
4947  -11.749  -74.481  -5.428 0.0000000000
4948  -12.683  -74.459  -5.811 0.0000000000
4949  -13.228  -74.115  -5.944 0.0000000000
4957  -12.807  -74.877  -6.299 0.0000000000
4958  -13.296  -74.502  -6.591 0.0000000000
4959  -13.794  -74.085  -6.991 0.0000000000
4968  -13.276  -74.863  -7.400 0.0000000000
4969  -13.620  -74.442  -7.523 0.0000000000
4978  -13.150  -74.998  -8.246 0.0000000000
4979  -13.711  -74.368  -8.436 0.0000000000
4991  -13.014  -74.900  -9.194 0.0000000000
4992  -13.681  -74.321  -9.443 0.0000000000
5001  -13.763  -74.231  -10.496 0.0000000000
5009  -13.978  -74.018  -11.515 0.0000000000
5021  -14.185  -73.765  -12.221 0.0000000000
5478  -12.333  -73.533  -5.320 0.0000000000
5479  -13.282  -73.469  -5.640 0.0000000000
5480  -13.806  -73.000  -5.861 0.0000000000
5488  -13.464  -73.921  -6.086 0.0000000000
5489  -13.884  -73.544  -6.428 0.0000000000
5499  -14.169  -73.798  -7.538 0.0000000000
5500  -14.771  -73.254  -7.900 0.0000000000
5513  -14.371  -73.787  -8.621 0.0000000000
5514  -15.079  -73.172  -8.757 0.0000000000
5531  -14.546  -73.732  -9.657 0.0000000000
5532  -15.285  -73.109  -9.817 0.0000000000
5545  -14.774  -73.567  -10.783 0.0000000000
5546  -15.465  -72.955  -10.685 0.0000000000
5557  -14.734  -73.541  -11.811 0.0000000000
5558  -15.290  -73.121  -11.451 0.0000000000
5570  -14.115  -73.683  -12.801 0.0000000000
5571  -14.692  -73.433  -12.569 0.0000000000
5572  -15.217  -73.112  -12.306 0.0000000000
5576  -13.648  -73.837  -13.425 0.0000000000
5577  -14.673  -73.272  -13.399 0.0000000000
5578  -15.085  -73.138  -12.879 0.0000000000
5591  -14.024  -73.419  -14.300 0.0000000000
5613  -13.483  -73.257  -15.412 0.0000000000
5614  -14.241  -72.934  -14.842 0.0000000000
5628  -13.340  -72.934  -16.633 0.0000000000
5644  -13.024  -73.018  -17.572 0.0000000000
5645  -13.458  -72.611  -17.344 0.0000000000
5665  -12.754  -73.044  -18.395 0.0000000000
6049  -11.935  -72.622  -5.370 0.0000000000
6050  -12.828  -72.547  -5.279 0.0000000000
6051  -13.654  -72.461  -5.546 0.0000000000
6061  -14.330  -72.530  -6.100 0.0000000000
6062  -14.932  -72.225  -6.700 0.0000000000
6072  -14.643  -72.997  -7.004 0.0000000000
6073  -15.355  -72.430  -7.667 0.0000000000
6074  -15.887  -71.905  -8.094 0.0000000000
6087  -15.742  -72.452  -8.948 0.0000000000
6088  -16.253  -71.695  -8.717 0.0000000000
6107  -15.800  -72.558  -10.057 0.0000000000
6108  -16.176  -72.006  -9.612 0.0000000000
6120  -15.807  -72.534  -10.751 0.0000000000
6121  -16.132  -72.119  -10.497 0.0000000000
6131  -15.646  -72.715  -11.214 0.0000000000
6132  -15.969  -72.292  -11.268 0.0000000000
6144  -15.667  -72.668  -11.919 0.0000000000
6145  -16.124  -72.077  -12.095 0.0000000000
6156  -15.050  -72.902  -13.624 0.0000000000
6157  -15.574  -72.554  -13.214 0.0000000000
6158  -16.234  -71.886  -12.775 0.0000000000
6170  -14.824  -72.801  -14.198 0.0000000000
6171  -15.396  -72.091  -14.426 0.0000000000
6189  -13.930  -72.571  -16.198 0.0000000000
6190  -14.686  -72.263  -15.438 0.0000000000
6191  -15.363  -71.635  -15.087 0.0000000000
6205  -13.828  -72.370  -16.968 0.0000000000
6206  -14.390  -71.966  -16.595 0.0000000000
6228  -13.390  -72.513  -17.841 0.0000000000
6229  -13.692  -72.090  -17.767 0.0000000000
6230  -14.092  -71.817  -17.299 0.0000000000
6245  -12.563  -72.624  -19.135 0.0000000000
6246  -13.183  -72.118  -18.601 0.0000000000
6247  -13.599  -71.658  -18.247 0.0000000000
6621  -12.336  -71.600  -5.759 0.0000000000
6622  -13.322  -71.653  -5.470 0.0000000000
6623  -14.225  -71.583  -5.673 0.0000000000
6624  -14.879  -71.206  -5.978 0.0000000000
6640  -14.771  -71.777  -6.177 0.0000000000
6641  -15.423  -71.356  -6.749 0.0000000000
6642  -15.899  -70.570  -6.959 0.0000000000
6657  -15.728  -71.711  -7.532 0.0000000000
6658  -16.150  -71.092  -7.725 0.0000000000
6675  -16.749  -70.969  -8.711 0.0000000000
6676  -17.092  -70.678  -9.161 0.0000000000
6695  -16.544  -71.503  -9.338 0.0000000000
6696  -16.887  -71.080  -9.581 0.0000000000
6707  -16.540  -71.596  -10.108 0.0000000000
6708  -16.922  -71.055  -10.456 0.0000000000
6715  -16.444  -71.614  -11.150 0.0000000000
6716  -16.907  -70.918  -11.364 0.0000000000
6723  -16.585  -71.231  -12.281 0.0000000000
6724  -16.949  -70.733  -11.931 0.0000000000
6733  -15.843  -71.867  -13.941 0.0000000000
6734  -16.281  -71.445  -13.468 0.0000000000
6744  -15.934  -71.213  -14.527 0.0000000000
6745  -16.319  -70.972  -14.052 0.0000000000
6758  -15.232  -71.471  -15.630 0.0000000000
6759  -15.599  -71.064  -15.376 0.0000000000
6770  -15.027  -71.188  -16.332 0.0000000000
6771  -15.377  -71.049  -15.842 0.0000000000
6790  -13.964  -71.301  -17.917 0.0000000000
6791  -14.469  -71.238  -17.194 0.0000000000
6800  -11.880  -71.497  -19.466 0.0000000000
6801  -12.769  -70.977  -18.989 0.0000000000
6802  -13.477  -71.112  -18.574 0.0000000000
7186  -13.069  -71.011  -5.933 0.0000000000
7187  -13.754  -70.852  -5.778 0.0000000000
7188  -14.504  -70.612  -5.944 0.0000000000
7189  -15.108  -70.636  -6.123 0.0000000000
7204  -12.542  -70.633  -6.667 0.0000000000
7205  -13.372  -70.295  -6.402 0.0000000000
7206  -14.006  -70.161  -6.238 0.0000000000
7207  -15.515  -70.359  -6.500 0.0000000000
7208  -15.954  -69.974  -6.701 0.0000000000
7223  -16.465  -70.047  -7.218 0.0000000000
7224  -17.021  -69.759  -7.742 0.0000000000
7240  -16.774  -70.419  -7.969 0.0000000000
7241  -17.336  -70.081  -8.653 0.0000000000
7256  -17.347  -70.496  -9.756 0.0000000000
7265  -17.336  -70.493  -10.750 0.0000000000
7274  -17.298  -70.379  -11.611 0.0000000000
7279  -16.744  -70.857  -13.061 0.0000000000
7280  -17.127  -70.427  -12.509 0.0000000000
7287  -16.596  -70.708  -13.703 0.0000000000
7288  -16.994  -70.366  -13.305 0.0000000000
7298  -16.115  -70.737  -14.698 0.0000000000
7299  -16.382  -70.463  -14.417 0.0000000000
7305  -15.985  -70.493  -15.078 0.0000000000
7306  -16.296  -69.855  -14.899 0.0000000000
7309  -15.070  -70.370  -16.490 0.0000000000
7310  -15.461  -70.366  -15.920 0.0000000000
7320  -11.972  -69.893  -18.286 0.0000000000
7321  -12.308  -69.895  -18.303 0.0000000000
7322  -14.258  -70.619  -17.707 0.0000000000
7323  -14.681  -70.342  -17.069 0.0000000000
7333  -10.404  -70.690  -18.821 0.0000000000
7334  -11.812  -70.275  -18.546 0.0000000000
7335  -12.968  -70.236  -18.509 0.0000000000
7336  -13.738  -70.469  -18.226 0.0000000000
7708  -14.839  -70.246  -6.138 0.0000000000
7709  -15.121  -70.064  -6.256 0.0000000000
7722  -13.092  -69.740  -7.190 0.0000000000
7723  -13.786  -69.417  -6.968 0.0000000000
7724  -14.612  -69.676  -6.448 0.0000000000
7725  -15.427  -69.514  -6.570 0.0000000000
7726  -16.150  -69.277  -6.805 0.0000000000
7741  -16.837  -68.994  -7.227 0.0000000000
7742  -17.518  -69.126  -7.903 0.0000000000
7758  -17.936  -69.115  -8.754 0.0000000000
7759  -18.249  -68.792  -9.008 0.0000000000
7774  -17.807  -69.729  -9.507 0.0000000000
7775  -18.254  -69.049  -9.456 0.0000000000
7786  -17.709  -70.051  -10.255 0.0000000000
7787  -18.149  -69.481  -10.253 0.0000000000
7795  -17.804  -69.939  -11.028 0.0000000000
7796  -18.349  -69.260  -11.172 0.0000000000
7802  -17.772  -69.679  -12.073 0.0000000000
7803  -18.355  -68.967  -12.046 0.0000000000
7810  -16.888  -70.146  -13.854 0.0000000000
7811  -17.356  -69.552  -13.303 0.0000000000
7821  -16.802  -69.501  -14.340 0.0000000000
7822  -17.259  -68.855  -13.998 0.0000000000
7827  -15.890  -69.665  -15.448 0.0000000000
7828  -16.310  -69.117  -15.023 0.0000000000
7834  -10.641  -68.973  -17.189 0.0000000000
7835  -11.396  -69.124  -17.447 0.0000000000
7836  -14.870  -69.605  -16.513 0.0000000000
7837  -15.386  -69.451  -15.903 0.0000000000
7849  -9.962  -69.557  -17.551 0.0000000000
7850  -10.981  -69.506  -17.725 0.0000000000
7851  -11.878  -69.563  -17.943 0.0000000000
7852  -12.923  -69.616  -18.050 0.0000000000
7853  -13.947  -69.773  -17.706 0.0000000000
7854  -14.439  -69.690  -17.092 0.0000000000
7868  -10.641  -69.987  -18.160 0.0000000000
7869  -11.331  -69.809  -18.119 0.0000000000
7870  -13.090  -69.916  -18.323 0.0000000000
7871  -13.360  -69.956  -18.249 0.0000000000
8260  -17.285  -68.171  -7.594 0.0000000000
8280  -17.891  -68.356  -8.185 0.0000000000
8281  -18.202  -68.505  -8.717 0.0000000000
8298  -18.476  -68.385  -9.180 0.0000000000
8313  -18.724  -68.600  -10.161 0.0000000000
8325  -18.885  -68.429  -11.404 0.0000000000
8332  -17.923  -68.942  -12.704 0.0000000000
8333  -18.559  -68.162  -12.638 0.0000000000
8339  -17.720  -68.352  -13.458 0.0000000000
8340  -18.168  -67.857  -13.256 0.0000000000
8350  -16.767  -68.430  -14.547 0.0000000000
8351  -17.310  -68.355  -14.065 0.0000000000
8358  -14.901  -68.244  -15.901 0.0000000000
8359  -15.688  -68.700  -15.535 0.0000000000
8360  -16.248  -68.548  -15.079 0.0000000000
8371  -11.631  -68.478  -17.012 0.0000000000
8372  -12.773  -68.379  -16.904 0.0000000000
8373  -13.672  -68.500  -16.666 0.0000000000
8374  -14.450  -68.730  -16.370 0.0000000000
8375  -15.034  -68.948  -16.029 0.0000000000
8393  -11.826  -69.045  -17.458 0.0000000000
8394  -12.392  -69.004  -17.462 0.0000000000
8395  -13.323  -69.016  -17.345 0.0000000000
8396  -14.128  -69.182  -16.966 0.0000000000
8810  -17.673  -67.387  -7.958 0.0000000000
8811  -18.275  -67.748  -8.578 0.0000000000
8824  -18.808  -67.366  -9.371 0.0000000000
8825  -19.128  -66.678  -9.958 0.0000000000
8840  -19.223  -67.589  -10.520 0.0000000000
8841  -19.410  -66.616  -10.738 0.0000000000
8857  -19.353  -67.422  -11.727 0.0000000000
8858  -19.524  -66.382  -11.556 0.0000000000
8871  -18.994  -67.245  -12.733 0.0000000000
8872  -19.417  -66.817  -12.270 0.0000000000
8880  -17.979  -67.377  -13.637 0.0000000000
8881  -18.466  -67.477  -13.181 0.0000000000
8891  -16.753  -67.384  -14.616 0.0000000000
8892  -17.372  -67.774  -14.123 0.0000000000
8899  -13.770  -67.245  -15.796 0.0000000000
8900  -14.645  -67.432  -15.708 0.0000000000
8901  -15.465  -67.692  -15.495 0.0000000000
8902  -16.169  -67.962  -15.081 0.0000000000
8919  -11.324  -67.517  -16.548 0.0000000000
8920  -12.307  -67.687  -16.473 0.0000000000
8921  -13.248  -67.820  -16.286 0.0000000000
8922  -14.109  -67.992  -16.117 0.0000000000
9364  -18.133  -66.443  -8.449 0.0000000000
9372  -18.638  -66.006  -9.363 0.0000000000
9373  -18.967  -65.832  -10.146 0.0000000000
9382  -19.212  -65.731  -10.829 0.0000000000
9396  -19.382  -65.509  -11.552 0.0000000000
9414  -19.157  -66.646  -12.792 0.0000000000
9415  -19.403  -66.110  -12.362 0.0000000000
9430  -18.040  -66.819  -13.777 0.0000000000
9431  -18.566  -66.575  -13.370 0.0000000000
9432  -19.101  -66.296  -12.925 0.0000000000
9442  -16.676  -66.386  -14.697 0.0000000000
9443  -17.550  -66.742  -14.173 0.0000000000
9444  -18.045  -66.535  -13.824 0.0000000000
9453  -12.426  -66.172  -15.717 0.0000000000
9454  -13.415  -66.425  -15.507 0.0000000000
9455  -14.351  -66.611  -15.442 0.0000000000
9456  -15.250  -66.787  -15.409 0.0000000000
9457  -16.047  -67.048  -15.089 0.0000000000
9477  -11.905  -66.867  -16.171 0.0000000000
9478  -12.852  -67.067  -15.934 0.0000000000
9975  -17.878  -65.286  -8.946 0.0000000000
9990  -18.422  -64.780  -9.791 0.0000000000
9991  -18.871  -65.264  -10.376 0.0000000000
9998  -18.723  -64.307  -10.149 0.0000000000
9999  -19.014  -64.766  -10.745 0.0000000000
10007  -19.334  -64.792  -11.654 0.0000000000
10016  -19.351  -65.248  -12.316 0.0000000000
10025  -18.572  -65.439  -13.490 0.0000000000
10026  -19.061  -65.768  -12.947 0.0000000000
10032  -12.644  -64.866  -14.862 0.0000000000
10033  -13.597  -64.903  -14.870 0.0000000000
10034  -14.612  -64.988  -14.938 0.0000000000
10035  -15.582  -65.156  -14.968 0.0000000000
10036  -16.478  -65.389  -14.770 0.0000000000
10037  -17.331  -65.663  -14.416 0.0000000000
10038  -18.032  -65.974  -13.929 0.0000000000
10047  -13.008  -65.550  -15.245 0.0000000000
10048  -14.003  -65.766  -15.128 0.0000000000
10049  -14.965  -65.894  -15.219 0.0000000000
10050  -15.858  -66.104  -15.066 0.0000000000
10595  -18.437  -63.701  -9.505 0.0000000000
10596  -19.151  -63.345  -9.799 0.0000000000
10610  -18.563  -64.072  -9.919 0.0000000000
10611  -19.057  -63.790  -10.301 0.0000000000
10622  -19.275  -64.042  -11.397 0.0000000000
10627  -19.318  -64.365  -12.299 0.0000000000
10637  -13.494  -63.679  -13.935 0.0000000000
10638  -14.056  -63.580  -14.135 0.0000000000
10639  -18.605  -64.557  -13.516 0.0000000000
10640  -19.040  -64.869  -12.979 0.0000000000
10652  -13.011  -64.279  -14.383 0.0000000000
10653  -14.176  -64.020  -14.513 0.0000000000
10654  -15.249  -64.200  -14.762 0.0000000000
10655  -16.211  -64.400  -14.792 0.0000000000
10656  -17.116  -64.621  -14.573 0.0000000000
10657  -17.997  -64.849  -14.079 0.0000000000
11209  -19.568  -62.850  -10.164 0.0000000000
11226  -19.552  -63.139  -11.143 0.0000000000
11242  -19.425  -63.397  -12.179 0.0000000000
11259  -14.129  -63.173  -13.724 0.0000000000
11260  -14.698  -62.803  -13.804 0.0000000000
11261  -18.329  -63.833  -13.862 0.0000000000
11262  -19.006  -63.773  -13.132 0.0000000000
11275  -14.349  -63.505  -14.197 0.0000000000
11276  -14.937  -63.275  -14.282 0.0000000000
11277  -15.892  -63.482  -14.610 0.0000000000
11278  -16.805  -63.614  -14.584 0.0000000000
11279  -17.656  -63.814  -14.333 0.0000000000
11804  -15.682  -62.834  -14.272 0.0000000000
