#!ascii label  , from subject FREESURFER vox2ras=TkReg 
181
30947  -19.587  -33.052  15.841 0.0000000000
30948  -20.201  -32.783  16.138 0.0000000000
31768  -21.233  -32.279  17.116 0.0000000000
31774  -20.640  -32.576  16.505 0.0000000000
31775  -21.139  -32.028  16.235 0.0000000000
31784  -19.818  -32.743  15.361 0.0000000000
31785  -20.372  -32.374  15.549 0.0000000000
31786  -21.116  -31.696  15.598 0.0000000000
31809  -19.376  -32.698  14.761 0.0000000000
31810  -20.276  -31.960  14.716 0.0000000000
31837  -19.310  -32.048  13.825 0.0000000000
32517  -22.146  -30.922  19.251 0.0000000000
32525  -21.740  -31.731  17.724 0.0000000000
32526  -22.143  -31.002  18.244 0.0000000000
32532  -21.676  -31.617  16.760 0.0000000000
32533  -22.128  -31.034  17.239 0.0000000000
32541  -21.571  -31.415  15.986 0.0000000000
32542  -21.988  -31.003  16.325 0.0000000000
32551  -20.868  -31.563  14.985 0.0000000000
32552  -21.540  -31.039  15.286 0.0000000000
32553  -21.816  -30.990  15.781 0.0000000000
32570  -20.016  -31.777  14.042 0.0000000000
32571  -20.636  -31.336  14.302 0.0000000000
32572  -21.175  -30.936  14.511 0.0000000000
32599  -18.811  -31.656  13.309 0.0000000000
32600  -19.677  -31.388  13.370 0.0000000000
32601  -20.505  -30.886  13.562 0.0000000000
32602  -20.913  -30.870  14.023 0.0000000000
32619  -19.243  -30.957  12.779 0.0000000000
32620  -20.000  -30.781  12.903 0.0000000000
33307  -22.201  -30.139  20.609 0.0000000000
33316  -22.244  -30.170  19.752 0.0000000000
33327  -22.246  -30.212  18.738 0.0000000000
33339  -22.252  -30.255  17.719 0.0000000000
33349  -22.244  -30.307  16.697 0.0000000000
33362  -21.748  -30.632  15.222 0.0000000000
33363  -22.019  -30.404  15.593 0.0000000000
33380  -21.661  -30.419  14.802 0.0000000000
33381  -21.961  -29.889  14.960 0.0000000000
33402  -20.830  -30.352  13.341 0.0000000000
33403  -21.240  -30.248  13.776 0.0000000000
33417  -19.720  -30.116  12.330 0.0000000000
33418  -20.541  -30.172  12.876 0.0000000000
33419  -20.953  -30.044  13.211 0.0000000000
34105  -21.677  -29.531  22.231 0.0000000000
34117  -21.696  -29.171  21.110 0.0000000000
34118  -22.017  -29.781  21.270 0.0000000000
34125  -21.705  -29.007  20.585 0.0000000000
34126  -21.978  -29.418  20.311 0.0000000000
34135  -22.161  -29.470  19.227 0.0000000000
34145  -22.216  -29.477  18.211 0.0000000000
34157  -22.253  -29.489  17.180 0.0000000000
34169  -22.298  -29.544  16.164 0.0000000000
34186  -22.155  -29.519  15.341 0.0000000000
34203  -21.759  -29.666  14.365 0.0000000000
34204  -22.002  -29.355  14.782 0.0000000000
34219  -21.548  -29.304  13.705 0.0000000000
34237  -20.284  -29.394  12.252 0.0000000000
34238  -21.071  -29.328  12.958 0.0000000000
34924  -21.034  -28.880  22.157 0.0000000000
34943  -20.594  -28.509  21.585 0.0000000000
34944  -21.260  -28.816  21.492 0.0000000000
34960  -20.924  -28.462  21.061 0.0000000000
34961  -21.353  -28.644  20.646 0.0000000000
34962  -21.695  -28.876  20.224 0.0000000000
34970  -21.478  -28.507  19.940 0.0000000000
34971  -21.860  -28.870  19.610 0.0000000000
34982  -21.595  -28.283  19.215 0.0000000000
34983  -22.029  -28.772  18.716 0.0000000000
34995  -21.660  -28.060  18.305 0.0000000000
34996  -22.071  -28.700  17.713 0.0000000000
35012  -21.634  -27.923  17.296 0.0000000000
35013  -22.101  -28.624  16.583 0.0000000000
35030  -22.215  -28.868  15.629 0.0000000000
35042  -21.878  -28.696  14.305 0.0000000000
35043  -22.161  -28.980  14.995 0.0000000000
35051  -21.471  -28.508  13.334 0.0000000000
35066  -20.727  -28.313  12.243 0.0000000000
35067  -21.176  -28.440  12.784 0.0000000000
35741  -20.131  -28.157  21.017 0.0000000000
35742  -20.596  -28.323  21.038 0.0000000000
35756  -19.799  -27.819  20.250 0.0000000000
35757  -20.705  -28.174  20.453 0.0000000000
35758  -21.178  -28.335  20.202 0.0000000000
35770  -18.342  -27.844  19.041 0.0000000000
35771  -19.438  -27.662  19.307 0.0000000000
35772  -20.409  -27.761  19.565 0.0000000000
35773  -21.107  -28.082  19.733 0.0000000000
35782  -17.890  -27.503  18.066 0.0000000000
35783  -19.096  -27.558  18.334 0.0000000000
35784  -20.157  -27.535  18.606 0.0000000000
35785  -21.046  -27.753  18.911 0.0000000000
35795  -18.220  -27.114  17.508 0.0000000000
35796  -18.824  -27.255  17.569 0.0000000000
35797  -19.879  -27.306  17.568 0.0000000000
35798  -20.898  -27.587  17.914 0.0000000000
35808  -19.969  -27.045  16.877 0.0000000000
35809  -20.800  -27.248  16.772 0.0000000000
35810  -21.685  -27.793  16.434 0.0000000000
35817  -21.405  -27.332  15.771 0.0000000000
35818  -21.941  -28.109  15.702 0.0000000000
35823  -21.728  -27.646  14.788 0.0000000000
35824  -22.063  -28.449  15.061 0.0000000000
35831  -21.595  -27.682  13.718 0.0000000000
35841  -21.230  -27.602  12.774 0.0000000000
36573  -17.049  -27.139  17.873 0.0000000000
36583  -16.610  -26.581  17.700 0.0000000000
36584  -17.622  -26.714  17.375 0.0000000000
36585  -18.505  -26.807  17.145 0.0000000000
36586  -19.306  -26.957  16.959 0.0000000000
36592  -18.150  -26.335  16.902 0.0000000000
36593  -18.831  -26.350  16.624 0.0000000000
36594  -19.863  -26.512  16.298 0.0000000000
36595  -20.735  -26.766  15.887 0.0000000000
36599  -20.361  -26.162  15.512 0.0000000000
36600  -21.013  -26.684  15.003 0.0000000000
36606  -21.356  -26.829  14.067 0.0000000000
36611  -21.342  -26.912  13.253 0.0000000000
36615  -21.188  -26.885  12.773 0.0000000000
37395  -15.755  -25.934  17.795 0.0000000000
37396  -16.868  -25.878  17.196 0.0000000000
37397  -17.629  -26.051  16.913 0.0000000000
37400  -17.392  -25.508  16.778 0.0000000000
37401  -18.120  -25.657  16.541 0.0000000000
37402  -19.046  -25.638  16.073 0.0000000000
37403  -19.759  -25.792  15.729 0.0000000000
37406  -19.463  -25.228  15.595 0.0000000000
37407  -20.068  -25.336  15.202 0.0000000000
37408  -20.560  -25.908  14.871 0.0000000000
37413  -20.502  -25.241  14.498 0.0000000000
37414  -20.899  -26.017  14.251 0.0000000000
37417  -20.798  -25.242  13.721 0.0000000000
37418  -21.096  -26.152  13.476 0.0000000000
37422  -21.117  -26.415  12.891 0.0000000000
38158  -16.166  -25.030  17.218 0.0000000000
38159  -16.903  -25.156  16.870 0.0000000000
38169  -16.643  -24.595  16.784 0.0000000000
38170  -17.409  -24.712  16.496 0.0000000000
38171  -18.347  -24.888  16.119 0.0000000000
38172  -18.974  -24.889  15.738 0.0000000000
38179  -17.879  -24.250  16.061 0.0000000000
38180  -18.555  -24.204  15.693 0.0000000000
38181  -19.470  -24.430  15.255 0.0000000000
38182  -20.095  -24.673  14.778 0.0000000000
38187  -19.875  -24.103  14.712 0.0000000000
38188  -20.371  -24.316  14.159 0.0000000000
38192  -20.610  -24.313  13.178 0.0000000000
38880  -15.586  -24.258  17.189 0.0000000000
38881  -16.219  -24.390  16.910 0.0000000000
38896  -16.457  -23.694  16.472 0.0000000000
38897  -17.369  -24.012  16.214 0.0000000000
38909  -16.873  -22.980  15.894 0.0000000000
38910  -17.661  -23.451  15.759 0.0000000000
38911  -18.897  -23.356  15.124 0.0000000000
38912  -19.533  -23.793  14.902 0.0000000000
38922  -19.179  -22.855  14.594 0.0000000000
38923  -19.726  -23.377  14.405 0.0000000000
38924  -20.239  -23.525  13.639 0.0000000000
39679  -15.431  -22.891  16.382 0.0000000000
39694  -16.131  -22.466  15.797 0.0000000000
39695  -17.200  -22.408  15.439 0.0000000000
39696  -18.051  -22.714  15.236 0.0000000000
39709  -17.809  -22.136  14.988 0.0000000000
39710  -18.569  -22.368  14.635 0.0000000000
39711  -19.334  -22.465  14.077 0.0000000000
39712  -19.844  -22.909  13.768 0.0000000000
39719  -19.611  -22.400  13.443 0.0000000000
40490  -15.495  -21.484  15.444 0.0000000000
40491  -16.539  -21.509  15.188 0.0000000000
40492  -17.317  -21.719  15.016 0.0000000000
40503  -17.106  -21.138  14.711 0.0000000000
40504  -17.890  -21.540  14.497 0.0000000000
40505  -18.698  -21.638  13.821 0.0000000000
40506  -19.258  -22.059  13.631 0.0000000000
41318  -15.960  -20.530  14.869 0.0000000000
41319  -16.579  -20.913  14.814 0.0000000000
41331  -16.255  -20.037  14.395 0.0000000000
41332  -16.754  -20.473  14.431 0.0000000000
41333  -17.558  -20.769  14.134 0.0000000000
41334  -18.090  -21.156  13.999 0.0000000000
42212  -17.157  -20.229  13.937 0.0000000000
