#!ascii label  , from subject FREESURFER vox2ras=TkReg 
143
33162  -19.505  -29.712  30.991 0.0000000000
33163  -20.196  -29.887  30.663 0.0000000000
33164  -21.394  -30.303  30.518 0.0000000000
33186  -20.706  -29.776  30.012 0.0000000000
33187  -21.529  -29.931  29.602 0.0000000000
33188  -22.361  -30.092  29.767 0.0000000000
33205  -21.856  -29.897  29.194 0.0000000000
33206  -22.052  -29.994  29.371 0.0000000000
33938  -17.181  -29.149  31.696 0.0000000000
33939  -18.381  -29.062  31.098 0.0000000000
33940  -19.095  -29.446  31.008 0.0000000000
33953  -18.566  -28.644  30.456 0.0000000000
33954  -19.345  -29.053  30.348 0.0000000000
33955  -20.118  -29.478  30.195 0.0000000000
33975  -19.607  -28.706  29.662 0.0000000000
33976  -20.276  -29.137  29.631 0.0000000000
33977  -20.930  -29.597  29.463 0.0000000000
33978  -22.737  -29.885  29.459 0.0000000000
33997  -20.834  -29.295  29.180 0.0000000000
33998  -21.441  -29.564  28.953 0.0000000000
33999  -22.426  -29.757  29.023 0.0000000000
34000  -23.200  -29.221  28.728 0.0000000000
34020  -21.940  -29.348  28.453 0.0000000000
34021  -22.585  -29.124  28.257 0.0000000000
34022  -23.173  -28.741  28.131 0.0000000000
34744  -17.375  -28.531  31.097 0.0000000000
34759  -16.739  -27.897  30.805 0.0000000000
34760  -17.847  -28.043  30.369 0.0000000000
34761  -18.582  -28.313  30.015 0.0000000000
34778  -18.179  -27.622  29.606 0.0000000000
34779  -18.967  -28.113  29.344 0.0000000000
34780  -19.853  -28.495  29.189 0.0000000000
34796  -19.580  -27.962  28.367 0.0000000000
34797  -20.713  -28.797  28.657 0.0000000000
34798  -21.462  -29.158  28.451 0.0000000000
34799  -23.657  -28.530  28.533 0.0000000000
34816  -19.682  -27.619  27.726 0.0000000000
34817  -20.434  -28.020  27.521 0.0000000000
34818  -21.720  -28.751  27.820 0.0000000000
34819  -22.779  -28.597  27.626 0.0000000000
34820  -23.432  -28.099  27.623 0.0000000000
34821  -23.782  -27.957  28.093 0.0000000000
34837  -20.773  -27.740  26.914 0.0000000000
34838  -21.405  -28.058  26.989 0.0000000000
34839  -22.400  -28.234  27.053 0.0000000000
34840  -23.026  -28.200  27.187 0.0000000000
35594  -16.926  -27.191  30.119 0.0000000000
35595  -17.578  -27.267  29.691 0.0000000000
35610  -17.033  -26.693  29.365 0.0000000000
35611  -17.713  -26.990  29.136 0.0000000000
35612  -18.263  -27.316  29.042 0.0000000000
35627  -16.335  -26.296  28.761 0.0000000000
35628  -17.291  -26.452  28.691 0.0000000000
35629  -17.942  -26.846  28.491 0.0000000000
35630  -18.633  -27.355  28.496 0.0000000000
35644  -18.355  -26.880  28.006 0.0000000000
35645  -19.094  -27.120  27.700 0.0000000000
35646  -19.754  -27.362  27.350 0.0000000000
35647  -23.594  -27.711  27.269 0.0000000000
35648  -24.024  -27.389  27.587 0.0000000000
35662  -19.500  -26.909  27.110 0.0000000000
35663  -20.206  -27.227  26.763 0.0000000000
35664  -21.039  -27.597  26.423 0.0000000000
35665  -21.998  -27.818  26.317 0.0000000000
35666  -23.275  -27.625  26.633 0.0000000000
35667  -24.007  -26.876  26.694 0.0000000000
35684  -20.608  -27.125  26.070 0.0000000000
35685  -21.360  -27.281  25.742 0.0000000000
35686  -22.437  -27.270  25.671 0.0000000000
35687  -23.225  -26.929  25.699 0.0000000000
36395  -15.653  -26.235  27.985 0.0000000000
36396  -16.851  -26.027  28.126 0.0000000000
36397  -17.672  -26.410  28.038 0.0000000000
36398  -18.044  -26.642  27.989 0.0000000000
36413  -16.305  -26.257  27.291 0.0000000000
36414  -17.570  -26.135  27.400 0.0000000000
36415  -18.452  -26.490  27.429 0.0000000000
36416  -19.121  -26.656  27.210 0.0000000000
36417  -24.457  -26.356  27.089 0.0000000000
36428  -15.329  -26.722  25.844 0.0000000000
36429  -17.350  -26.274  26.467 0.0000000000
36430  -18.491  -26.010  26.586 0.0000000000
36431  -19.463  -26.464  26.570 0.0000000000
36432  -20.176  -26.778  26.218 0.0000000000
36433  -23.781  -26.698  26.020 0.0000000000
36434  -24.278  -26.222  26.220 0.0000000000
36444  -16.202  -26.738  24.637 0.0000000000
36445  -17.240  -26.442  25.322 0.0000000000
36446  -18.369  -25.912  25.618 0.0000000000
36447  -19.375  -25.897  25.650 0.0000000000
36448  -20.464  -26.573  25.486 0.0000000000
36449  -21.793  -26.806  25.024 0.0000000000
36450  -22.823  -26.647  25.079 0.0000000000
36451  -23.616  -26.230  25.245 0.0000000000
36452  -24.051  -26.204  25.698 0.0000000000
36462  -16.517  -26.616  24.037 0.0000000000
36463  -17.183  -26.428  24.303 0.0000000000
36464  -18.109  -25.961  24.602 0.0000000000
36465  -19.089  -25.703  24.720 0.0000000000
36466  -20.112  -25.953  24.631 0.0000000000
36467  -21.232  -26.327  24.434 0.0000000000
36468  -22.504  -26.188  24.357 0.0000000000
36469  -23.145  -26.199  24.749 0.0000000000
36480  -15.640  -26.654  23.715 0.0000000000
36481  -16.737  -26.458  23.498 0.0000000000
36482  -17.698  -26.107  23.645 0.0000000000
36483  -18.638  -25.820  23.788 0.0000000000
36484  -19.639  -25.864  23.765 0.0000000000
36485  -20.801  -26.073  23.593 0.0000000000
36486  -21.808  -26.097  23.773 0.0000000000
36499  -15.878  -26.250  22.762 0.0000000000
36500  -17.040  -26.122  22.758 0.0000000000
36501  -18.049  -25.888  22.902 0.0000000000
36502  -19.022  -25.865  22.921 0.0000000000
36503  -20.084  -26.001  22.736 0.0000000000
36504  -21.012  -26.048  22.735 0.0000000000
36521  -16.187  -25.636  22.121 0.0000000000
36522  -17.332  -25.671  22.127 0.0000000000
36523  -18.338  -25.784  22.126 0.0000000000
36524  -19.287  -25.935  22.038 0.0000000000
36525  -20.062  -26.013  21.869 0.0000000000
37234  -24.620  -25.483  26.547 0.0000000000
37246  -23.824  -25.814  25.017 0.0000000000
37247  -24.228  -25.522  25.406 0.0000000000
37257  -22.896  -25.827  24.120 0.0000000000
37258  -23.461  -25.622  24.442 0.0000000000
37259  -24.128  -24.914  24.618 0.0000000000
37272  -21.763  -25.942  23.037 0.0000000000
37273  -22.660  -25.652  23.578 0.0000000000
37274  -23.339  -25.031  23.465 0.0000000000
37287  -20.788  -26.008  22.059 0.0000000000
37288  -21.607  -25.829  22.214 0.0000000000
37289  -22.479  -25.381  22.438 0.0000000000
37290  -22.930  -25.185  22.999 0.0000000000
38002  -24.649  -24.522  26.041 0.0000000000
38012  -24.484  -24.376  25.074 0.0000000000
38024  -23.895  -24.742  23.957 0.0000000000
38025  -24.288  -24.234  24.235 0.0000000000
38037  -23.793  -24.304  23.302 0.0000000000
38038  -24.097  -24.234  23.731 0.0000000000
38761  -24.647  -23.512  25.580 0.0000000000
38768  -24.559  -23.474  24.573 0.0000000000
104417  -15.125  -26.711  23.944 0.0000000000
