#!ascii label  , from subject FREESURFER vox2ras=TkReg 
178
59707  -61.711  -1.040  12.213 0.0000000000
59708  -62.233  -0.721  12.208 0.0000000000
59721  -62.513  -0.993  11.746 0.0000000000
59730  -62.288  -1.096  11.122 0.0000000000
60649  -53.797  0.048  12.600 0.0000000000
60650  -54.886  -0.174  12.855 0.0000000000
60651  -55.799  -0.538  12.250 0.0000000000
60668  -60.705  -0.425  12.059 0.0000000000
60669  -61.736  -0.266  12.157 0.0000000000
60670  -62.426  -0.190  11.975 0.0000000000
60671  -62.494  0.052  12.031 0.0000000000
60687  -62.659  -0.299  11.399 0.0000000000
60688  -62.648  0.019  11.678 0.0000000000
60705  -61.511  -0.149  8.797 0.0000000000
60706  -61.951  -0.368  9.513 0.0000000000
60707  -62.445  -0.581  10.658 0.0000000000
61777  -54.058  0.574  12.184 0.0000000000
61778  -54.487  0.790  12.527 0.0000000000
61779  -55.584  0.626  12.551 0.0000000000
61780  -56.092  1.256  12.683 0.0000000000
61784  -53.741  0.431  11.769 0.0000000000
61785  -54.044  0.997  11.858 0.0000000000
61786  -56.295  -0.124  11.998 0.0000000000
61787  -56.810  0.694  11.910 0.0000000000
61788  -58.203  0.746  11.665 0.0000000000
61789  -59.523  0.807  11.717 0.0000000000
61790  -60.858  0.715  11.879 0.0000000000
61791  -61.837  0.629  11.945 0.0000000000
61792  -62.340  0.556  11.749 0.0000000000
61793  -62.556  0.420  11.563 0.0000000000
61803  -53.293  0.425  11.020 0.0000000000
61804  -53.743  0.948  11.279 0.0000000000
61805  -62.631  0.160  10.727 0.0000000000
61806  -62.690  0.237  11.301 0.0000000000
61827  -60.208  0.870  8.734 0.0000000000
61828  -61.117  0.478  8.902 0.0000000000
61829  -61.817  0.347  9.165 0.0000000000
61830  -62.324  0.213  9.857 0.0000000000
61840  -60.508  0.283  8.568 0.0000000000
62682  -54.905  1.350  12.688 0.0000000000
62683  -55.559  1.726  12.945 0.0000000000
62684  -56.631  1.944  13.057 0.0000000000
62685  -57.264  2.550  13.580 0.0000000000
62689  -54.444  1.607  11.956 0.0000000000
62690  -54.890  1.951  12.540 0.0000000000
62691  -57.354  1.505  12.128 0.0000000000
62692  -58.110  2.201  12.659 0.0000000000
62693  -59.708  2.063  12.095 0.0000000000
62694  -61.076  1.819  11.930 0.0000000000
62695  -62.043  1.469  11.749 0.0000000000
62696  -62.496  1.112  11.297 0.0000000000
62697  -62.605  0.602  11.301 0.0000000000
62705  -53.534  1.487  10.603 0.0000000000
62706  -54.005  1.442  11.276 0.0000000000
62707  -62.448  1.002  10.400 0.0000000000
62708  -62.639  0.746  10.781 0.0000000000
62729  -53.014  1.527  10.229 0.0000000000
62731  -58.572  1.994  9.293 0.0000000000
62732  -59.719  1.777  9.244 0.0000000000
62733  -60.830  1.572  9.135 0.0000000000
62734  -61.647  1.246  9.265 0.0000000000
62735  -62.097  0.915  9.585 0.0000000000
63558  -55.753  2.544  13.670 0.0000000000
63559  -56.718  2.796  14.130 0.0000000000
63560  -57.940  3.085  13.935 0.0000000000
63561  -58.971  3.824  13.651 0.0000000000
63562  -59.564  4.244  13.319 0.0000000000
63567  -54.761  2.411  11.850 0.0000000000
63568  -55.277  2.525  12.705 0.0000000000
63569  -58.240  2.787  13.357 0.0000000000
63570  -58.812  2.919  13.147 0.0000000000
63571  -59.996  3.396  12.489 0.0000000000
63572  -61.528  2.669  11.536 0.0000000000
63573  -62.244  1.887  11.442 0.0000000000
63581  -53.715  2.121  10.293 0.0000000000
63582  -54.183  2.207  10.836 0.0000000000
63583  -59.073  3.930  10.345 0.0000000000
63584  -60.122  3.665  10.381 0.0000000000
63585  -61.006  3.331  10.326 0.0000000000
63586  -61.693  2.858  10.615 0.0000000000
63587  -62.356  2.042  10.886 0.0000000000
63609  -53.183  2.375  9.797 0.0000000000
63610  -53.864  2.451  10.146 0.0000000000
63611  -57.385  3.485  9.300 0.0000000000
63612  -58.214  3.080  9.766 0.0000000000
63613  -59.307  2.807  9.824 0.0000000000
63614  -60.443  2.615  9.699 0.0000000000
63615  -61.398  2.334  9.682 0.0000000000
63616  -62.074  1.815  9.952 0.0000000000
63623  -52.481  2.738  9.383 0.0000000000
64386  -56.064  3.411  14.139 0.0000000000
64387  -57.114  3.917  14.334 0.0000000000
64388  -58.335  4.278  14.378 0.0000000000
64389  -59.326  4.784  13.818 0.0000000000
64390  -60.058  4.770  12.951 0.0000000000
64394  -55.165  3.067  11.987 0.0000000000
64395  -55.796  3.506  12.859 0.0000000000
64396  -56.417  4.023  13.621 0.0000000000
64397  -60.762  4.240  11.724 0.0000000000
64398  -61.303  3.380  11.208 0.0000000000
64405  -54.753  3.097  11.061 0.0000000000
64406  -55.357  3.835  11.466 0.0000000000
64407  -59.202  5.063  10.288 0.0000000000
64408  -60.069  4.928  10.490 0.0000000000
64409  -60.696  4.485  10.878 0.0000000000
64410  -61.137  3.682  10.950 0.0000000000
64427  -53.491  3.550  9.353 0.0000000000
64428  -54.231  3.211  9.948 0.0000000000
64429  -54.944  3.880  10.476 0.0000000000
64430  -57.528  4.439  9.240 0.0000000000
64431  -58.200  4.407  9.859 0.0000000000
64444  -52.610  3.486  9.163 0.0000000000
65197  -57.837  4.625  14.116 0.0000000000
65198  -58.660  5.387  13.811 0.0000000000
65199  -60.027  6.015  13.470 0.0000000000
65200  -60.467  5.552  12.380 0.0000000000
65204  -56.387  4.232  12.911 0.0000000000
65205  -57.390  4.862  13.020 0.0000000000
65206  -58.532  6.069  12.867 0.0000000000
65207  -60.521  6.679  12.185 0.0000000000
65208  -60.671  5.588  11.426 0.0000000000
65218  -56.124  4.681  11.981 0.0000000000
65219  -56.900  5.617  11.732 0.0000000000
65220  -58.785  5.678  10.047 0.0000000000
65221  -60.015  6.445  10.660 0.0000000000
65222  -60.537  5.473  10.804 0.0000000000
65232  -54.031  4.113  9.254 0.0000000000
65233  -54.746  4.571  9.647 0.0000000000
65234  -55.521  4.877  10.588 0.0000000000
65235  -57.460  4.972  8.931 0.0000000000
65236  -57.944  5.541  9.514 0.0000000000
65248  -52.125  4.475  8.740 0.0000000000
65249  -53.347  4.566  8.668 0.0000000000
65250  -54.248  4.826  8.925 0.0000000000
65251  -57.325  5.268  8.427 0.0000000000
65252  -57.569  5.780  9.035 0.0000000000
65263  -51.571  5.145  8.252 0.0000000000
65264  -52.509  5.114  8.117 0.0000000000
66044  -59.182  6.570  13.329 0.0000000000
66045  -59.817  7.205  12.912 0.0000000000
66051  -57.899  6.472  11.840 0.0000000000
66052  -58.903  7.314  12.422 0.0000000000
66053  -59.669  7.758  11.802 0.0000000000
66065  -56.253  5.617  11.039 0.0000000000
66066  -56.851  6.620  10.993 0.0000000000
66067  -58.575  6.942  10.016 0.0000000000
66068  -59.259  7.895  10.663 0.0000000000
66078  -55.326  5.375  9.736 0.0000000000
66079  -55.988  6.311  10.057 0.0000000000
66080  -56.681  6.991  10.396 0.0000000000
66081  -57.770  6.624  9.421 0.0000000000
66086  -54.087  5.208  8.423 0.0000000000
66087  -54.987  5.849  8.837 0.0000000000
66088  -55.740  6.596  9.376 0.0000000000
66089  -57.250  6.405  8.306 0.0000000000
66090  -57.488  6.521  8.891 0.0000000000
66099  -52.067  5.696  7.480 0.0000000000
66100  -53.643  5.851  7.561 0.0000000000
66101  -54.648  6.378  8.015 0.0000000000
66113  -52.550  6.364  6.713 0.0000000000
66114  -53.184  6.592  6.746 0.0000000000
66858  -57.596  7.349  11.149 0.0000000000
66859  -58.335  7.751  11.612 0.0000000000
66860  -58.917  8.116  11.949 0.0000000000
66871  -57.140  7.364  10.631 0.0000000000
66872  -57.982  7.842  10.633 0.0000000000
66873  -58.835  8.239  11.357 0.0000000000
66878  -56.068  6.945  9.612 0.0000000000
66879  -56.728  7.450  9.951 0.0000000000
66880  -57.660  7.425  9.710 0.0000000000
66885  -55.110  6.651  8.294 0.0000000000
66886  -55.846  7.146  8.957 0.0000000000
66887  -57.119  7.623  9.064 0.0000000000
66888  -57.588  7.165  9.234 0.0000000000
66892  -53.693  6.773  6.908 0.0000000000
66893  -54.802  7.302  7.527 0.0000000000
66894  -56.165  7.998  8.648 0.0000000000
66895  -57.026  7.662  8.295 0.0000000000
