#!ascii label  , from subject FREESURFER vox2ras=TkReg 
172
101377  -14.820  67.231  -26.898 0.0000000000
101378  -15.285  66.751  -26.809 0.0000000000
101379  -16.333  66.734  -26.472 0.0000000000
101380  -17.382  66.788  -26.584 0.0000000000
101381  -18.377  66.826  -27.126 0.0000000000
101382  -19.048  67.066  -27.622 0.0000000000
101383  -20.749  66.882  -26.934 0.0000000000
101395  -18.952  66.408  -27.615 0.0000000000
101396  -19.592  66.740  -27.842 0.0000000000
101397  -20.264  66.921  -27.638 0.0000000000
101657  -15.155  67.939  -26.599 0.0000000000
101658  -15.907  67.909  -26.414 0.0000000000
101659  -16.815  67.912  -26.476 0.0000000000
101660  -17.812  67.918  -26.798 0.0000000000
101661  -18.877  67.962  -27.355 0.0000000000
101662  -19.358  67.411  -27.652 0.0000000000
101663  -20.986  67.859  -26.450 0.0000000000
101672  -13.401  67.984  -28.008 0.0000000000
101673  -13.963  67.703  -27.584 0.0000000000
101674  -14.542  67.794  -26.970 0.0000000000
101675  -19.277  68.518  -27.589 0.0000000000
101676  -19.716  67.945  -27.597 0.0000000000
101677  -20.405  67.934  -27.225 0.0000000000
101937  -17.019  68.731  -22.949 0.0000000000
101948  -16.902  69.301  -24.035 0.0000000000
101949  -17.713  69.236  -23.841 0.0000000000
101961  -16.831  69.596  -24.333 0.0000000000
101962  -17.077  69.593  -24.364 0.0000000000
101979  -14.192  69.235  -26.831 0.0000000000
101980  -14.787  68.986  -26.529 0.0000000000
101981  -15.576  69.135  -26.368 0.0000000000
101982  -16.279  69.184  -26.416 0.0000000000
101983  -17.117  69.131  -26.684 0.0000000000
101984  -18.053  69.047  -27.124 0.0000000000
101985  -20.600  69.014  -26.754 0.0000000000
101993  -13.013  68.642  -28.283 0.0000000000
101994  -13.639  68.782  -27.439 0.0000000000
101995  -14.225  68.479  -27.046 0.0000000000
101996  -18.835  69.107  -27.569 0.0000000000
101997  -19.487  69.121  -27.618 0.0000000000
101998  -20.113  69.054  -27.463 0.0000000000
102261  -16.207  69.237  -23.079 0.0000000000
102275  -15.667  69.816  -23.664 0.0000000000
102276  -16.346  69.418  -23.815 0.0000000000
102277  -17.849  69.625  -24.272 0.0000000000
102278  -18.435  69.658  -24.101 0.0000000000
102291  -15.958  70.000  -24.355 0.0000000000
102292  -16.507  69.970  -24.623 0.0000000000
102293  -17.385  70.223  -24.816 0.0000000000
102294  -18.786  70.500  -24.532 0.0000000000
102295  -19.476  70.921  -24.164 0.0000000000
102304  -15.736  70.843  -25.818 0.0000000000
102305  -16.135  70.721  -25.512 0.0000000000
102306  -16.425  71.053  -25.647 0.0000000000
102307  -20.852  70.309  -25.996 0.0000000000
102315  -13.840  69.930  -26.949 0.0000000000
102316  -14.610  70.103  -26.471 0.0000000000
102317  -15.469  70.382  -26.219 0.0000000000
102318  -15.970  70.366  -26.251 0.0000000000
102319  -16.553  70.570  -26.375 0.0000000000
102320  -17.403  70.255  -26.876 0.0000000000
102321  -20.295  70.232  -27.068 0.0000000000
102329  -12.644  69.499  -28.730 0.0000000000
102330  -13.138  69.690  -27.728 0.0000000000
102331  -18.239  70.095  -27.312 0.0000000000
102332  -19.002  70.095  -27.558 0.0000000000
102333  -19.679  70.155  -27.469 0.0000000000
102344  -12.522  69.264  -29.713 0.0000000000
102616  -15.100  70.364  -23.879 0.0000000000
102617  -20.020  71.593  -23.949 0.0000000000
102618  -20.494  71.679  -23.229 0.0000000000
102628  -14.669  70.839  -24.478 0.0000000000
102629  -15.443  70.541  -24.600 0.0000000000
102630  -15.939  70.445  -24.864 0.0000000000
102631  -17.087  71.082  -25.502 0.0000000000
102632  -17.951  71.202  -25.251 0.0000000000
102633  -19.318  71.682  -24.803 0.0000000000
102638  -14.130  71.311  -25.199 0.0000000000
102639  -14.951  71.106  -25.379 0.0000000000
102640  -15.648  70.826  -25.472 0.0000000000
102641  -16.055  70.573  -25.149 0.0000000000
102642  -16.826  71.883  -25.736 0.0000000000
102643  -18.315  72.246  -25.397 0.0000000000
102644  -19.250  72.431  -25.209 0.0000000000
102645  -20.902  71.939  -25.830 0.0000000000
102649  -14.194  71.014  -26.281 0.0000000000
102650  -15.129  70.841  -26.020 0.0000000000
102651  -15.564  70.912  -25.987 0.0000000000
102652  -17.007  71.551  -26.669 0.0000000000
102653  -17.699  71.185  -27.100 0.0000000000
102654  -20.514  71.605  -26.759 0.0000000000
102661  -12.756  70.646  -28.130 0.0000000000
102662  -13.401  70.776  -27.197 0.0000000000
102663  -18.396  71.084  -27.363 0.0000000000
102664  -19.117  71.218  -27.578 0.0000000000
102665  -19.901  71.386  -27.458 0.0000000000
102675  -11.866  71.018  -29.470 0.0000000000
102676  -12.207  70.455  -29.233 0.0000000000
102686  -11.433  70.472  -29.884 0.0000000000
102687  -12.152  69.720  -30.048 0.0000000000
102910  -20.253  72.388  -24.413 0.0000000000
102919  -20.003  72.773  -24.950 0.0000000000
102920  -20.772  73.184  -24.489 0.0000000000
102923  -11.749  72.132  -25.363 0.0000000000
102924  -12.451  71.820  -25.502 0.0000000000
102925  -13.311  71.439  -24.902 0.0000000000
102926  -16.873  72.863  -26.539 0.0000000000
102927  -17.628  73.195  -25.789 0.0000000000
102928  -19.178  73.201  -25.505 0.0000000000
102929  -20.709  73.365  -25.350 0.0000000000
102933  -12.842  71.881  -26.422 0.0000000000
102934  -13.457  71.597  -25.843 0.0000000000
102935  -17.314  72.398  -27.301 0.0000000000
102936  -17.870  71.728  -27.362 0.0000000000
102937  -20.524  72.954  -26.363 0.0000000000
102941  -12.804  71.690  -27.384 0.0000000000
102942  -13.354  71.397  -26.618 0.0000000000
102943  -17.588  72.672  -27.548 0.0000000000
102944  -18.156  72.279  -27.585 0.0000000000
102945  -19.228  72.425  -27.724 0.0000000000
102946  -20.075  72.767  -27.308 0.0000000000
102951  -12.015  71.452  -29.118 0.0000000000
102952  -12.342  71.728  -28.482 0.0000000000
102957  -10.724  71.457  -29.578 0.0000000000
102958  -11.567  71.636  -29.347 0.0000000000
103127  -11.639  72.476  -26.169 0.0000000000
103128  -12.331  72.129  -26.256 0.0000000000
103129  -17.278  74.175  -26.495 0.0000000000
103130  -18.459  74.214  -25.907 0.0000000000
103131  -19.713  74.158  -25.730 0.0000000000
103132  -20.273  74.018  -26.052 0.0000000000
103136  -11.764  72.895  -27.189 0.0000000000
103137  -12.365  72.391  -26.869 0.0000000000
103138  -16.893  73.588  -27.241 0.0000000000
103139  -19.492  74.202  -27.142 0.0000000000
103140  -20.087  73.723  -26.783 0.0000000000
103145  -12.145  73.757  -27.483 0.0000000000
103146  -12.263  72.795  -27.886 0.0000000000
103147  -17.493  73.241  -27.608 0.0000000000
103148  -18.390  73.381  -27.793 0.0000000000
103149  -19.338  73.498  -27.615 0.0000000000
103150  -19.814  73.562  -27.272 0.0000000000
103154  -12.015  72.405  -28.980 0.0000000000
103155  -12.201  72.576  -28.538 0.0000000000
103161  -10.332  72.394  -29.385 0.0000000000
103162  -11.198  72.354  -29.344 0.0000000000
103163  -11.640  72.362  -29.192 0.0000000000
103278  -17.327  74.903  -26.797 0.0000000000
103279  -18.079  74.921  -26.477 0.0000000000
103280  -19.199  74.760  -26.122 0.0000000000
103281  -19.861  74.524  -25.983 0.0000000000
103287  -17.064  74.483  -27.232 0.0000000000
103288  -17.770  75.131  -27.288 0.0000000000
103289  -18.928  75.093  -26.881 0.0000000000
103290  -19.711  74.483  -26.416 0.0000000000
103297  -12.455  73.970  -28.231 0.0000000000
103298  -17.153  73.944  -27.499 0.0000000000
103299  -17.636  74.166  -27.597 0.0000000000
103300  -18.599  74.371  -27.541 0.0000000000
103304  -12.078  73.049  -29.050 0.0000000000
103305  -12.238  73.297  -28.763 0.0000000000
103312  -10.162  73.427  -29.285 0.0000000000
103313  -11.080  73.208  -29.329 0.0000000000
103314  -11.754  73.022  -29.200 0.0000000000
103315  -12.116  73.352  -29.145 0.0000000000
103403  -12.245  74.749  -28.607 0.0000000000
103404  -12.364  74.100  -28.870 0.0000000000
103411  -11.946  74.339  -29.193 0.0000000000
103412  -12.164  73.768  -29.181 0.0000000000
103420  -11.115  74.110  -29.342 0.0000000000
103421  -11.729  73.714  -29.310 0.0000000000
103422  -11.966  73.518  -29.262 0.0000000000
