#!ascii label  , from subject FREESURFER vox2ras=TkReg 
175
97727  -13.957  58.385  6.785 0.0000000000
97728  -14.317  57.773  6.534 0.0000000000
97730  -14.736  57.476  5.494 0.0000000000
97738  -14.855  57.937  4.503 0.0000000000
97746  -14.987  58.288  3.971 0.0000000000
98172  -13.794  58.682  6.051 0.0000000000
98173  -14.281  58.061  5.812 0.0000000000
98175  -13.795  59.101  4.987 0.0000000000
98176  -14.276  58.326  5.169 0.0000000000
98182  -13.998  59.477  4.421 0.0000000000
98183  -14.425  58.862  4.255 0.0000000000
98189  -15.092  58.776  3.568 0.0000000000
98190  -15.762  58.692  3.067 0.0000000000
98193  -22.046  59.171  2.770 0.0000000000
98203  -21.653  58.893  1.758 0.0000000000
98204  -22.134  58.478  2.429 0.0000000000
98212  -21.733  58.972  0.818 0.0000000000
98587  -13.462  59.672  6.548 0.0000000000
98589  -13.503  59.747  5.559 0.0000000000
98591  -13.672  59.946  4.726 0.0000000000
98598  -14.048  60.076  4.072 0.0000000000
98599  -14.242  59.521  4.085 0.0000000000
98602  -22.240  60.057  4.187 0.0000000000
98607  -14.355  60.362  3.706 0.0000000000
98608  -14.612  59.760  3.610 0.0000000000
98609  -15.389  59.598  3.085 0.0000000000
98611  -21.878  60.035  3.172 0.0000000000
98612  -22.495  59.283  3.744 0.0000000000
98614  -16.175  59.595  2.722 0.0000000000
98615  -17.018  59.567  2.545 0.0000000000
98619  -21.465  59.883  2.128 0.0000000000
98624  -21.539  59.784  1.107 0.0000000000
98627  -21.942  59.719  0.384 0.0000000000
98987  -13.521  60.693  5.114 0.0000000000
98988  -19.978  61.246  6.568 0.0000000000
98989  -20.697  60.971  5.912 0.0000000000
98990  -21.454  60.819  5.286 0.0000000000
98992  -13.791  60.796  4.374 0.0000000000
98993  -19.283  60.633  6.305 0.0000000000
98994  -21.814  60.887  4.511 0.0000000000
98998  -14.188  60.888  3.804 0.0000000000
98999  -14.703  60.810  3.349 0.0000000000
99000  -15.120  60.332  3.101 0.0000000000
99001  -18.545  61.091  4.175 0.0000000000
99002  -18.826  60.464  4.860 0.0000000000
99003  -21.599  60.862  3.585 0.0000000000
99005  -15.282  61.007  2.938 0.0000000000
99006  -15.817  60.594  2.717 0.0000000000
99007  -16.723  60.590  2.546 0.0000000000
99008  -17.605  60.633  2.684 0.0000000000
99009  -18.430  60.597  3.400 0.0000000000
99011  -20.780  61.525  2.124 0.0000000000
99012  -21.175  60.943  2.494 0.0000000000
99017  -20.922  61.347  1.731 0.0000000000
99018  -21.221  60.800  1.301 0.0000000000
99022  -21.767  60.673  0.313 0.0000000000
99388  -20.063  62.058  6.384 0.0000000000
99389  -20.789  62.032  6.216 0.0000000000
99390  -21.625  61.939  5.637 0.0000000000
99392  -13.604  61.611  4.634 0.0000000000
99393  -19.464  61.565  5.865 0.0000000000
99394  -21.888  61.926  4.806 0.0000000000
99399  -13.992  61.684  3.978 0.0000000000
99400  -14.541  61.720  3.473 0.0000000000
99401  -18.483  61.360  3.783 0.0000000000
99402  -18.976  61.721  4.421 0.0000000000
99403  -20.729  62.455  3.291 0.0000000000
99404  -21.277  61.924  3.841 0.0000000000
99407  -15.134  61.724  3.014 0.0000000000
99408  -15.769  61.645  2.656 0.0000000000
99409  -16.479  61.532  2.435 0.0000000000
99410  -17.367  61.661  2.376 0.0000000000
99411  -18.436  61.752  2.997 0.0000000000
99412  -19.053  62.216  3.667 0.0000000000
99413  -20.652  61.924  2.661 0.0000000000
99414  -21.149  61.399  3.165 0.0000000000
99418  -18.110  62.077  2.120 0.0000000000
99419  -18.471  62.175  2.314 0.0000000000
99420  -20.588  61.997  1.591 0.0000000000
99421  -20.958  61.589  1.147 0.0000000000
99425  -20.870  62.183  0.831 0.0000000000
99426  -21.313  61.719  0.329 0.0000000000
99781  -21.119  63.742  6.803 0.0000000000
99782  -21.631  63.611  6.767 0.0000000000
99783  -22.378  63.726  6.500 0.0000000000
99787  -19.911  62.289  6.110 0.0000000000
99788  -20.579  63.098  6.411 0.0000000000
99789  -21.863  62.971  6.176 0.0000000000
99790  -22.731  63.675  5.853 0.0000000000
99794  -19.826  62.400  5.436 0.0000000000
99795  -20.456  63.283  5.172 0.0000000000
99796  -22.457  63.074  5.147 0.0000000000
99797  -22.659  63.851  5.340 0.0000000000
99802  -13.716  62.537  4.114 0.0000000000
99803  -14.268  62.605  3.524 0.0000000000
99804  -19.694  62.551  4.272 0.0000000000
99805  -20.785  62.969  3.949 0.0000000000
99806  -21.846  62.895  4.444 0.0000000000
99809  -14.907  62.624  2.989 0.0000000000
99810  -15.580  62.542  2.561 0.0000000000
99811  -16.315  62.484  2.166 0.0000000000
99812  -16.930  62.199  2.049 0.0000000000
99813  -18.746  62.252  2.474 0.0000000000
99814  -19.410  62.473  2.947 0.0000000000
99815  -20.208  62.563  2.747 0.0000000000
99820  -16.873  62.729  1.624 0.0000000000
99821  -17.622  62.549  1.525 0.0000000000
99822  -18.739  62.532  1.728 0.0000000000
99823  -19.670  62.739  1.914 0.0000000000
99824  -20.197  62.758  1.737 0.0000000000
99829  -18.296  62.896  1.054 0.0000000000
99830  -18.664  62.917  1.150 0.0000000000
99831  -20.576  62.869  0.945 0.0000000000
99832  -21.108  62.799  0.211 0.0000000000
100168  -20.958  64.133  6.617 0.0000000000
100169  -21.554  63.937  6.922 0.0000000000
100170  -22.140  64.261  6.784 0.0000000000
100174  -20.709  64.217  5.890 0.0000000000
100175  -22.718  64.410  6.279 0.0000000000
100180  -21.298  64.134  5.007 0.0000000000
100181  -22.442  64.197  4.840 0.0000000000
100182  -22.761  64.416  5.579 0.0000000000
100189  -21.873  63.639  4.333 0.0000000000
100190  -22.262  63.487  4.616 0.0000000000
100193  -14.579  63.565  2.998 0.0000000000
100194  -15.367  63.583  2.376 0.0000000000
100195  -15.941  63.184  2.079 0.0000000000
100200  -15.921  63.848  1.792 0.0000000000
100201  -16.495  63.491  1.468 0.0000000000
100202  -17.121  63.162  1.150 0.0000000000
100203  -18.899  62.965  1.206 0.0000000000
100204  -19.354  63.115  1.291 0.0000000000
100205  -19.893  63.339  1.443 0.0000000000
100209  -16.965  63.733  0.766 0.0000000000
100210  -17.715  63.485  0.521 0.0000000000
100211  -18.816  63.348  0.716 0.0000000000
100212  -19.781  63.958  0.893 0.0000000000
100213  -20.374  63.727  0.981 0.0000000000
100214  -21.072  63.732  0.557 0.0000000000
100217  -18.425  63.910  -0.077 0.0000000000
100218  -19.246  64.098  0.178 0.0000000000
100219  -19.683  64.446  0.544 0.0000000000
100518  -21.004  64.769  6.286 0.0000000000
100519  -21.234  64.422  7.118 0.0000000000
100520  -21.988  64.464  6.930 0.0000000000
100524  -21.039  65.074  5.792 0.0000000000
100525  -21.461  65.263  6.319 0.0000000000
100526  -22.238  65.182  6.624 0.0000000000
100531  -21.725  65.225  5.316 0.0000000000
100532  -22.674  65.210  5.441 0.0000000000
100533  -22.880  65.198  6.020 0.0000000000
100550  -16.183  64.306  1.393 0.0000000000
100555  -16.533  64.552  0.715 0.0000000000
100556  -17.041  64.167  0.145 0.0000000000
100557  -19.988  64.881  0.754 0.0000000000
100558  -20.530  64.728  0.936 0.0000000000
100562  -16.702  64.899  -0.276 0.0000000000
100563  -17.599  64.620  -0.549 0.0000000000
100564  -18.739  64.710  -0.386 0.0000000000
100565  -19.504  64.866  0.167 0.0000000000
100571  -16.983  65.194  -0.791 0.0000000000
100572  -17.301  65.234  -0.862 0.0000000000
100873  -21.330  65.232  6.112 0.0000000000
100874  -21.939  65.600  6.126 0.0000000000
100875  -22.504  65.606  6.160 0.0000000000
100881  -21.259  65.036  6.133 0.0000000000
100882  -22.148  65.131  6.470 0.0000000000
100883  -22.502  65.290  6.213 0.0000000000
100902  -19.897  65.617  0.365 0.0000000000
100910  -17.587  65.460  -0.874 0.0000000000
100911  -18.263  65.665  -0.751 0.0000000000
100912  -19.196  65.629  -0.291 0.0000000000
100918  -17.690  66.121  -0.905 0.0000000000
101215  -18.885  66.631  -0.574 0.0000000000
101222  -18.103  66.820  -0.857 0.0000000000
