#!ascii label  , from subject FREESURFER vox2ras=TkReg 
162
99490  -19.422  61.537  -9.708 0.0000000000
99881  -20.730  62.382  -7.267 0.0000000000
99886  -19.753  62.458  -8.605 0.0000000000
99887  -20.289  62.367  -7.867 0.0000000000
99893  -19.436  62.488  -9.541 0.0000000000
99899  -19.014  63.129  -11.300 0.0000000000
99900  -19.238  62.550  -10.656 0.0000000000
99907  -18.931  62.666  -11.707 0.0000000000
99908  -19.205  62.046  -11.108 0.0000000000
100259  -20.360  63.969  -8.002 0.0000000000
100260  -20.672  63.447  -7.412 0.0000000000
100265  -20.046  63.449  -8.297 0.0000000000
100266  -20.447  62.912  -7.707 0.0000000000
100272  -19.536  63.445  -9.307 0.0000000000
100278  -19.036  63.630  -11.055 0.0000000000
100279  -19.287  63.473  -10.231 0.0000000000
100286  -18.765  63.697  -11.785 0.0000000000
100293  -18.623  63.647  -12.641 0.0000000000
100603  -20.529  64.459  -7.739 0.0000000000
100604  -20.933  64.385  -7.053 0.0000000000
100607  -20.050  64.527  -8.366 0.0000000000
100614  -19.626  64.466  -9.164 0.0000000000
100620  -19.114  64.407  -10.774 0.0000000000
100621  -19.358  64.368  -10.026 0.0000000000
100629  -18.802  64.574  -11.598 0.0000000000
100637  -18.624  64.624  -12.556 0.0000000000
100645  -18.658  64.609  -13.562 0.0000000000
100942  -20.812  65.103  -7.488 0.0000000000
100943  -21.220  65.442  -6.849 0.0000000000
100946  -20.365  65.327  -8.123 0.0000000000
100947  -20.847  65.949  -7.675 0.0000000000
100954  -19.817  65.490  -8.949 0.0000000000
100960  -19.227  64.945  -10.532 0.0000000000
100961  -19.445  65.536  -10.106 0.0000000000
100968  -19.117  65.515  -11.237 0.0000000000
100969  -19.394  66.233  -10.915 0.0000000000
100978  -18.866  65.585  -12.377 0.0000000000
100986  -18.858  65.605  -13.443 0.0000000000
100993  -18.871  65.554  -14.441 0.0000000000
101245  -21.067  66.532  -6.319 0.0000000000
101251  -21.238  66.651  -7.217 0.0000000000
101257  -20.247  66.487  -8.504 0.0000000000
101258  -20.744  66.838  -7.844 0.0000000000
101264  -19.752  66.620  -9.544 0.0000000000
101271  -19.568  66.772  -10.469 0.0000000000
101279  -19.330  66.459  -11.510 0.0000000000
101280  -19.519  67.017  -11.233 0.0000000000
101287  -19.194  66.446  -12.188 0.0000000000
101288  -19.450  67.205  -11.980 0.0000000000
101293  -19.218  66.689  -13.301 0.0000000000
101294  -19.422  67.290  -12.749 0.0000000000
101299  -19.160  66.537  -14.291 0.0000000000
101539  -20.270  68.273  -5.053 0.0000000000
101544  -20.479  68.465  -5.396 0.0000000000
101545  -20.784  67.784  -5.756 0.0000000000
101549  -21.301  67.710  -6.769 0.0000000000
101551  -20.933  67.719  -7.646 0.0000000000
101556  -20.139  67.768  -9.170 0.0000000000
101557  -20.500  67.500  -8.356 0.0000000000
101560  -19.806  67.739  -10.130 0.0000000000
101563  -19.736  67.625  -10.891 0.0000000000
101566  -19.768  67.957  -11.639 0.0000000000
101569  -19.799  68.111  -12.592 0.0000000000
101572  -19.458  67.390  -14.191 0.0000000000
101573  -19.820  67.959  -13.627 0.0000000000
101580  -19.791  68.167  -14.492 0.0000000000
101834  -19.610  68.953  -4.628 0.0000000000
101843  -18.760  69.171  -5.315 0.0000000000
101844  -20.041  69.060  -5.173 0.0000000000
101845  -20.801  68.945  -5.687 0.0000000000
101852  -17.977  69.264  -5.841 0.0000000000
101853  -18.483  69.423  -5.736 0.0000000000
101854  -21.454  68.982  -6.385 0.0000000000
101855  -21.968  69.484  -6.870 0.0000000000
101857  -21.489  68.952  -7.351 0.0000000000
101858  -21.918  69.525  -7.155 0.0000000000
101863  -20.347  68.442  -9.245 0.0000000000
101864  -20.714  68.749  -8.718 0.0000000000
101867  -20.260  68.885  -9.810 0.0000000000
101868  -20.599  69.437  -9.482 0.0000000000
101871  -20.003  68.787  -10.993 0.0000000000
101874  -20.250  69.076  -12.182 0.0000000000
101878  -20.517  69.089  -13.318 0.0000000000
101881  -20.427  69.056  -14.340 0.0000000000
102153  -18.782  69.516  -5.685 0.0000000000
102154  -19.476  69.699  -5.612 0.0000000000
102155  -20.548  69.672  -5.513 0.0000000000
102164  -18.559  69.956  -6.090 0.0000000000
102165  -19.486  70.397  -6.045 0.0000000000
102166  -21.504  69.981  -5.789 0.0000000000
102167  -22.212  70.069  -6.481 0.0000000000
102171  -21.819  69.645  -7.418 0.0000000000
102172  -22.261  70.109  -7.284 0.0000000000
102178  -21.623  70.023  -8.171 0.0000000000
102179  -22.204  70.521  -7.911 0.0000000000
102182  -20.474  70.075  -9.940 0.0000000000
102183  -20.986  70.091  -9.288 0.0000000000
102188  -19.044  70.595  -10.871 0.0000000000
102189  -20.124  70.150  -10.712 0.0000000000
102194  -19.697  70.715  -11.380 0.0000000000
102195  -20.272  70.050  -11.681 0.0000000000
102200  -19.250  71.268  -12.010 0.0000000000
102201  -20.282  71.119  -12.129 0.0000000000
102202  -20.967  70.464  -12.930 0.0000000000
102203  -21.746  70.940  -13.839 0.0000000000
102207  -21.096  70.149  -14.021 0.0000000000
102466  -20.312  70.332  -5.690 0.0000000000
102467  -20.961  70.233  -5.555 0.0000000000
102476  -17.972  70.774  -6.732 0.0000000000
102477  -19.031  71.167  -6.576 0.0000000000
102478  -20.071  71.072  -6.197 0.0000000000
102479  -21.168  71.026  -5.771 0.0000000000
102480  -22.484  71.213  -6.154 0.0000000000
102481  -22.869  71.774  -6.560 0.0000000000
102491  -18.333  71.811  -6.933 0.0000000000
102492  -22.922  70.847  -6.815 0.0000000000
102493  -23.015  71.593  -6.683 0.0000000000
102497  -22.150  70.834  -8.408 0.0000000000
102498  -22.682  71.113  -7.819 0.0000000000
102499  -23.096  71.491  -7.157 0.0000000000
102505  -19.864  71.336  -9.819 0.0000000000
102506  -20.870  71.121  -9.880 0.0000000000
102507  -21.712  71.082  -9.139 0.0000000000
102508  -22.278  71.424  -8.682 0.0000000000
102515  -19.394  70.788  -10.349 0.0000000000
102516  -20.168  70.695  -10.218 0.0000000000
102531  -19.838  72.039  -12.630 0.0000000000
102532  -20.860  71.761  -12.957 0.0000000000
102533  -21.628  71.593  -13.517 0.0000000000
102761  -19.777  71.844  -6.677 0.0000000000
102762  -20.606  71.841  -6.520 0.0000000000
102763  -21.567  72.156  -6.599 0.0000000000
102764  -22.589  72.182  -6.761 0.0000000000
102765  -23.013  71.937  -6.694 0.0000000000
102778  -19.093  72.562  -6.927 0.0000000000
102779  -20.170  72.560  -6.944 0.0000000000
102780  -20.853  72.434  -6.825 0.0000000000
102781  -22.627  72.370  -7.215 0.0000000000
102782  -23.010  72.083  -7.130 0.0000000000
102788  -19.764  72.849  -8.577 0.0000000000
102789  -20.410  72.842  -8.667 0.0000000000
102790  -22.550  71.988  -8.486 0.0000000000
102791  -22.863  71.807  -7.660 0.0000000000
102799  -19.300  72.076  -9.148 0.0000000000
102800  -20.572  72.291  -9.285 0.0000000000
102801  -21.613  71.978  -9.483 0.0000000000
102802  -22.151  71.831  -9.140 0.0000000000
103006  -21.512  72.636  -6.948 0.0000000000
103007  -21.824  72.631  -6.966 0.0000000000
103019  -18.686  73.496  -7.372 0.0000000000
103020  -19.743  73.175  -7.472 0.0000000000
103021  -21.077  72.882  -7.283 0.0000000000
103022  -22.132  72.743  -7.478 0.0000000000
103023  -22.556  72.435  -7.596 0.0000000000
103029  -19.285  73.643  -8.011 0.0000000000
103030  -20.371  73.238  -8.132 0.0000000000
103031  -21.435  73.058  -8.217 0.0000000000
103032  -22.267  72.667  -8.351 0.0000000000
103033  -22.680  72.238  -7.857 0.0000000000
103039  -20.898  72.890  -8.688 0.0000000000
103040  -21.565  72.646  -8.968 0.0000000000
103041  -22.140  72.333  -9.067 0.0000000000
