#!ascii label  , from subject FREESURFER vox2ras=TkReg 
56
95963  -27.498  54.042  3.074 0.0000000000
95964  -27.913  54.018  3.091 0.0000000000
95974  -26.826  53.795  2.219 0.0000000000
95975  -27.416  53.752  2.505 0.0000000000
95976  -28.517  53.813  2.550 0.0000000000
95990  -26.983  53.547  1.612 0.0000000000
95991  -27.902  53.428  1.637 0.0000000000
95999  -27.402  53.659  0.969 0.0000000000
96000  -28.259  53.784  0.924 0.0000000000
96434  -27.493  54.352  3.749 0.0000000000
96446  -25.329  54.844  4.135 0.0000000000
96447  -25.849  54.566  3.692 0.0000000000
96448  -26.652  54.168  3.019 0.0000000000
96449  -27.246  54.081  3.066 0.0000000000
96464  -25.348  54.971  3.311 0.0000000000
96465  -25.802  54.486  2.615 0.0000000000
96466  -26.371  54.044  1.920 0.0000000000
96475  -25.164  54.832  2.269 0.0000000000
96476  -25.647  54.556  1.490 0.0000000000
96477  -26.581  54.245  0.926 0.0000000000
96478  -27.553  54.493  0.597 0.0000000000
96886  -24.349  55.833  3.535 0.0000000000
96887  -24.875  55.338  4.051 0.0000000000
96897  -23.891  55.704  2.265 0.0000000000
96898  -24.697  55.291  2.792 0.0000000000
96904  -23.588  55.978  1.059 0.0000000000
96905  -24.573  55.185  1.171 0.0000000000
96906  -25.780  55.140  0.466 0.0000000000
96907  -26.835  55.329  0.238 0.0000000000
96919  -23.550  56.413  0.438 0.0000000000
96920  -24.069  56.084  0.154 0.0000000000
96921  -25.102  55.909  -0.259 0.0000000000
96922  -26.269  56.165  -0.289 0.0000000000
97301  -23.123  57.021  2.770 0.0000000000
97302  -23.723  56.372  3.113 0.0000000000
97310  -22.669  57.095  1.703 0.0000000000
97311  -23.215  56.403  1.930 0.0000000000
97314  -22.496  57.305  0.953 0.0000000000
97315  -23.014  56.834  0.719 0.0000000000
97327  -23.659  56.865  -0.096 0.0000000000
97328  -24.672  57.000  -0.471 0.0000000000
97329  -25.880  57.181  -0.681 0.0000000000
97760  -21.996  58.169  1.828 0.0000000000
97761  -22.522  57.776  2.451 0.0000000000
97769  -21.833  58.259  1.046 0.0000000000
97770  -22.230  57.681  1.355 0.0000000000
97773  -21.964  58.480  0.518 0.0000000000
97774  -22.518  57.942  0.156 0.0000000000
97775  -23.205  57.343  -0.041 0.0000000000
97786  -23.456  58.751  -0.387 0.0000000000
97787  -24.067  58.041  -0.384 0.0000000000
97788  -25.587  58.207  -0.355 0.0000000000
98215  -22.150  58.959  0.184 0.0000000000
98216  -22.859  59.131  -0.300 0.0000000000
98225  -24.352  59.270  -0.425 0.0000000000
98226  -25.300  59.085  -0.304 0.0000000000
