#!ascii label  , from subject FREESURFER vox2ras=TkReg 
187
92526  -5.783  46.713  -10.443 0.0000000000
92527  -6.030  46.979  -9.729 0.0000000000
92535  -5.401  46.788  -11.623 0.0000000000
92552  -5.203  47.004  -12.738 0.0000000000
93021  -6.460  47.413  -9.340 0.0000000000
93022  -6.939  47.501  -9.045 0.0000000000
93023  -8.057  47.907  -9.301 0.0000000000
93024  -9.397  48.039  -9.462 0.0000000000
93028  -5.918  47.269  -10.421 0.0000000000
93029  -6.231  47.518  -9.985 0.0000000000
93030  -7.331  48.238  -10.298 0.0000000000
93031  -8.616  48.308  -10.122 0.0000000000
93032  -9.256  48.404  -10.069 0.0000000000
93036  -5.843  47.432  -10.916 0.0000000000
93037  -6.301  48.210  -11.138 0.0000000000
93038  -7.021  48.541  -11.226 0.0000000000
93046  -5.655  47.836  -12.062 0.0000000000
93047  -6.137  48.462  -12.107 0.0000000000
93060  -5.570  47.949  -13.322 0.0000000000
93076  -5.548  48.063  -14.412 0.0000000000
93554  -9.620  48.563  -9.984 0.0000000000
93555  -10.200  48.697  -9.636 0.0000000000
93559  -7.633  48.633  -11.184 0.0000000000
93560  -8.304  48.640  -10.889 0.0000000000
93561  -9.283  48.914  -10.658 0.0000000000
93562  -9.819  48.917  -10.122 0.0000000000
93565  -6.688  48.669  -11.914 0.0000000000
93566  -7.363  48.848  -11.808 0.0000000000
93567  -8.152  49.094  -11.730 0.0000000000
93568  -8.709  49.016  -11.286 0.0000000000
93572  -5.894  48.624  -12.944 0.0000000000
93573  -6.338  48.979  -12.652 0.0000000000
93574  -6.958  49.402  -12.527 0.0000000000
93575  -7.622  49.262  -12.132 0.0000000000
93583  -5.454  49.269  -14.063 0.0000000000
93584  -5.888  49.489  -13.330 0.0000000000
93585  -6.354  49.515  -12.982 0.0000000000
93604  -5.280  49.137  -15.040 0.0000000000
94128  -10.657  49.578  -9.553 0.0000000000
94131  -9.584  49.922  -10.959 0.0000000000
94132  -10.090  49.561  -10.265 0.0000000000
94134  -8.306  49.567  -11.906 0.0000000000
94135  -8.798  49.813  -11.644 0.0000000000
94138  -7.009  50.076  -12.801 0.0000000000
94139  -7.833  49.918  -12.336 0.0000000000
94140  -8.317  50.600  -12.137 0.0000000000
94143  -4.936  50.133  -14.344 0.0000000000
94144  -5.268  50.230  -13.951 0.0000000000
94145  -6.215  50.279  -13.379 0.0000000000
94154  -4.755  50.031  -14.781 0.0000000000
94155  -6.252  51.058  -15.294 0.0000000000
94156  -6.876  50.941  -15.363 0.0000000000
94157  -7.822  50.713  -15.483 0.0000000000
94175  -4.841  49.979  -15.488 0.0000000000
94176  -5.298  50.119  -15.876 0.0000000000
94177  -6.033  50.617  -15.578 0.0000000000
94178  -7.365  50.231  -15.722 0.0000000000
94179  -8.562  50.193  -15.726 0.0000000000
94180  -9.529  50.225  -16.076 0.0000000000
94203  -10.062  50.016  -16.786 0.0000000000
94668  -10.514  50.500  -9.968 0.0000000000
94669  -11.028  50.383  -9.322 0.0000000000
94671  -9.266  50.884  -11.232 0.0000000000
94672  -9.915  50.702  -10.612 0.0000000000
94674  -8.704  51.033  -11.772 0.0000000000
94676  -7.022  50.751  -13.130 0.0000000000
94677  -7.740  51.192  -12.714 0.0000000000
94678  -8.272  51.342  -12.189 0.0000000000
94681  -4.740  50.675  -14.583 0.0000000000
94682  -5.360  51.099  -14.314 0.0000000000
94683  -6.220  51.596  -14.008 0.0000000000
94684  -6.979  51.662  -13.412 0.0000000000
94686  -4.611  50.653  -15.236 0.0000000000
94687  -4.937  51.254  -15.111 0.0000000000
94688  -6.102  51.632  -15.178 0.0000000000
94689  -7.845  51.451  -15.354 0.0000000000
94690  -8.378  50.839  -15.499 0.0000000000
94697  -4.826  50.500  -15.558 0.0000000000
94698  -5.018  50.848  -15.565 0.0000000000
94699  -5.405  51.149  -15.381 0.0000000000
94700  -8.595  51.687  -15.382 0.0000000000
94701  -9.139  51.094  -15.566 0.0000000000
94702  -10.215  50.785  -16.254 0.0000000000
94709  -10.848  50.778  -17.167 0.0000000000
94710  -11.345  51.309  -17.364 0.0000000000
95137  -11.008  51.802  -8.832 0.0000000000
95142  -9.777  52.269  -9.875 0.0000000000
95143  -10.717  51.441  -9.580 0.0000000000
95144  -11.275  51.041  -9.030 0.0000000000
95147  -9.288  51.993  -10.663 0.0000000000
95148  -10.141  51.401  -10.203 0.0000000000
95151  -8.286  52.833  -11.742 0.0000000000
95152  -8.729  51.984  -11.380 0.0000000000
95155  -7.902  52.298  -12.386 0.0000000000
95156  -8.433  51.858  -11.900 0.0000000000
95159  -6.445  52.755  -13.699 0.0000000000
95160  -7.321  52.163  -13.096 0.0000000000
95162  -6.202  52.777  -14.732 0.0000000000
95163  -7.566  52.649  -15.173 0.0000000000
95164  -8.502  53.020  -15.146 0.0000000000
95167  -8.265  52.011  -15.305 0.0000000000
95168  -9.012  52.274  -15.294 0.0000000000
95169  -10.448  51.804  -15.790 0.0000000000
95170  -11.185  52.171  -15.962 0.0000000000
95174  -10.772  51.268  -16.469 0.0000000000
95175  -11.424  51.860  -16.676 0.0000000000
95176  -11.993  52.418  -16.810 0.0000000000
95596  -10.286  52.276  -9.198 0.0000000000
95599  -8.859  53.343  -10.258 0.0000000000
95600  -11.276  53.695  -11.002 0.0000000000
95601  -11.572  53.672  -10.866 0.0000000000
95603  -8.145  53.449  -11.583 0.0000000000
95604  -8.412  53.479  -11.134 0.0000000000
95605  -11.583  53.639  -11.158 0.0000000000
95606  -11.859  53.605  -11.020 0.0000000000
95608  -6.962  54.613  -12.559 0.0000000000
95609  -7.704  53.883  -12.055 0.0000000000
95610  -7.974  54.387  -11.208 0.0000000000
95611  -10.058  54.158  -13.274 0.0000000000
95612  -10.621  53.827  -13.175 0.0000000000
95613  -11.375  53.424  -13.157 0.0000000000
95615  -5.869  54.640  -13.783 0.0000000000
95616  -6.460  54.192  -13.350 0.0000000000
95617  -7.197  53.057  -12.951 0.0000000000
95618  -10.151  54.158  -13.792 0.0000000000
95619  -10.876  53.648  -13.877 0.0000000000
95620  -11.801  53.082  -13.721 0.0000000000
95621  -12.493  52.939  -13.989 0.0000000000
95623  -5.688  54.422  -14.023 0.0000000000
95624  -5.855  53.871  -14.433 0.0000000000
95625  -6.754  53.843  -15.059 0.0000000000
95626  -8.212  53.851  -14.951 0.0000000000
95627  -9.771  53.863  -14.525 0.0000000000
95628  -10.997  53.155  -14.573 0.0000000000
95629  -11.905  52.903  -14.610 0.0000000000
95630  -12.670  53.050  -14.637 0.0000000000
95633  -9.168  53.205  -15.054 0.0000000000
95634  -10.150  52.858  -15.175 0.0000000000
95635  -11.212  52.620  -15.387 0.0000000000
95636  -12.047  52.838  -15.374 0.0000000000
95637  -12.741  53.202  -15.468 0.0000000000
95641  -11.586  52.471  -15.952 0.0000000000
95642  -12.125  52.725  -16.227 0.0000000000
96072  -8.567  54.417  -10.534 0.0000000000
96073  -9.406  54.604  -10.547 0.0000000000
96074  -10.848  53.903  -10.597 0.0000000000
96075  -12.064  53.593  -10.591 0.0000000000
96076  -13.119  53.694  -10.856 0.0000000000
96080  -8.630  54.594  -11.018 0.0000000000
96081  -9.623  54.302  -11.253 0.0000000000
96082  -10.919  53.724  -11.454 0.0000000000
96083  -12.057  53.541  -11.490 0.0000000000
96084  -13.096  53.726  -11.920 0.0000000000
96085  -13.565  53.941  -12.360 0.0000000000
96088  -6.692  54.995  -12.916 0.0000000000
96089  -7.308  55.166  -12.340 0.0000000000
96090  -8.415  54.957  -11.832 0.0000000000
96091  -9.841  54.193  -12.497 0.0000000000
96092  -11.195  53.581  -12.389 0.0000000000
96093  -12.223  53.349  -12.670 0.0000000000
96094  -13.128  53.517  -12.833 0.0000000000
96095  -13.768  53.933  -13.045 0.0000000000
96098  -5.667  54.833  -14.073 0.0000000000
96099  -6.108  55.136  -13.588 0.0000000000
96100  -7.814  55.399  -12.679 0.0000000000
96101  -8.550  55.104  -13.128 0.0000000000
96102  -9.499  54.556  -13.521 0.0000000000
96103  -12.615  53.162  -13.372 0.0000000000
96104  -13.235  53.305  -13.766 0.0000000000
96105  -14.049  53.865  -13.975 0.0000000000
96108  -5.678  54.728  -14.503 0.0000000000
96109  -6.070  54.709  -15.026 0.0000000000
96110  -7.184  54.877  -14.849 0.0000000000
96111  -8.539  54.991  -14.182 0.0000000000
96112  -9.556  54.462  -14.060 0.0000000000
96113  -13.414  53.475  -14.722 0.0000000000
96573  -13.632  54.069  -11.942 0.0000000000
96577  -6.878  55.582  -13.069 0.0000000000
96578  -7.387  55.539  -12.837 0.0000000000
96582  -5.779  55.306  -14.361 0.0000000000
96583  -6.468  56.037  -13.936 0.0000000000
96584  -7.610  55.727  -13.440 0.0000000000
96585  -8.158  55.485  -13.714 0.0000000000
96589  -5.770  55.113  -14.815 0.0000000000
96590  -6.343  55.459  -14.758 0.0000000000
96591  -7.419  55.767  -14.360 0.0000000000
96592  -8.006  55.696  -13.954 0.0000000000
