#!ascii label  , from subject FREESURFER vox2ras=TkReg 
146
88825  -7.312  41.108  -0.501 0.0000000000
88826  -8.315  40.933  -0.449 0.0000000000
88836  -6.909  41.121  -1.339 0.0000000000
88837  -9.900  41.488  -0.654 0.0000000000
88854  -6.721  41.021  -2.312 0.0000000000
89419  -6.433  42.924  0.298 0.0000000000
89420  -6.614  42.407  0.314 0.0000000000
89421  -7.629  41.952  0.097 0.0000000000
89422  -8.597  41.784  -0.381 0.0000000000
89430  -6.089  42.902  0.308 0.0000000000
89431  -6.078  42.241  -0.402 0.0000000000
89432  -9.405  41.873  -0.581 0.0000000000
89433  -10.144  41.996  -0.693 0.0000000000
89445  -6.358  42.280  -1.599 0.0000000000
89456  -6.684  41.904  -2.972 0.0000000000
90045  -6.421  43.207  0.137 0.0000000000
90046  -7.053  42.868  0.161 0.0000000000
90047  -8.022  42.743  -0.311 0.0000000000
90048  -8.821  42.303  -0.504 0.0000000000
90056  -5.902  43.336  -0.118 0.0000000000
90057  -5.595  43.316  -0.887 0.0000000000
90058  -8.403  43.239  -0.671 0.0000000000
90059  -9.280  42.758  -0.790 0.0000000000
90060  -10.558  42.782  -0.905 0.0000000000
90061  -11.469  42.980  -0.798 0.0000000000
90062  -12.154  43.172  -0.615 0.0000000000
90072  -6.179  43.553  -2.151 0.0000000000
90073  -6.490  44.377  -2.493 0.0000000000
90084  -6.807  43.084  -3.462 0.0000000000
90085  -6.608  44.050  -2.993 0.0000000000
90095  -6.814  43.455  -4.230 0.0000000000
90700  -6.322  43.476  -0.112 0.0000000000
90701  -6.736  43.379  -0.129 0.0000000000
90702  -7.263  43.199  -0.138 0.0000000000
90709  -6.132  43.557  -0.172 0.0000000000
90710  -6.304  43.725  -0.545 0.0000000000
90711  -7.539  43.635  -0.685 0.0000000000
90712  -8.864  43.581  -1.145 0.0000000000
90713  -10.059  43.465  -1.307 0.0000000000
90714  -11.071  43.613  -1.167 0.0000000000
90715  -11.960  44.018  -0.975 0.0000000000
90722  -5.913  44.042  -1.246 0.0000000000
90723  -6.892  44.282  -1.730 0.0000000000
90724  -8.313  44.038  -1.706 0.0000000000
90725  -9.663  43.992  -1.981 0.0000000000
90726  -10.752  44.171  -1.596 0.0000000000
90727  -11.397  44.232  -1.334 0.0000000000
90734  -7.132  43.875  -3.687 0.0000000000
90735  -7.384  44.449  -3.175 0.0000000000
90736  -8.231  44.337  -2.539 0.0000000000
90737  -8.960  44.090  -2.321 0.0000000000
90745  -7.329  43.993  -4.579 0.0000000000
90746  -7.540  44.173  -3.890 0.0000000000
91335  -12.256  44.520  -1.242 0.0000000000
91343  -9.960  44.297  -2.353 0.0000000000
91344  -10.467  44.518  -2.220 0.0000000000
91345  -11.793  44.916  -1.829 0.0000000000
91352  -8.092  44.598  -3.758 0.0000000000
91353  -8.567  44.568  -3.426 0.0000000000
91354  -9.675  44.433  -2.846 0.0000000000
91355  -10.957  44.999  -2.886 0.0000000000
91356  -11.604  45.286  -2.720 0.0000000000
91361  -7.740  44.352  -4.916 0.0000000000
91362  -7.932  44.510  -4.310 0.0000000000
91363  -8.635  44.800  -4.160 0.0000000000
91364  -9.564  44.924  -3.964 0.0000000000
91365  -10.361  45.002  -3.536 0.0000000000
91369  -8.052  44.688  -5.278 0.0000000000
91370  -8.579  44.807  -4.874 0.0000000000
91371  -9.189  45.001  -4.679 0.0000000000
91376  -7.739  44.802  -5.867 0.0000000000
91942  -12.602  45.455  -2.265 0.0000000000
91946  -11.484  45.372  -3.137 0.0000000000
91947  -12.219  45.711  -3.080 0.0000000000
91948  -13.050  46.355  -3.208 0.0000000000
91950  -10.319  45.185  -4.101 0.0000000000
91951  -11.114  45.467  -3.908 0.0000000000
91952  -11.942  46.245  -4.307 0.0000000000
91954  -8.512  44.899  -5.417 0.0000000000
91955  -9.033  45.091  -5.394 0.0000000000
91956  -10.107  45.311  -4.984 0.0000000000
91957  -11.244  46.087  -5.173 0.0000000000
91958  -11.937  46.602  -5.113 0.0000000000
91962  -8.291  45.138  -6.068 0.0000000000
91963  -9.415  45.562  -6.256 0.0000000000
91964  -10.475  46.045  -5.985 0.0000000000
91965  -11.160  46.499  -6.003 0.0000000000
91972  -8.450  45.706  -7.047 0.0000000000
91973  -9.285  45.966  -7.168 0.0000000000
92487  -12.660  46.570  -3.870 0.0000000000
92488  -13.285  47.054  -3.616 0.0000000000
92492  -12.488  46.950  -4.720 0.0000000000
92493  -12.911  47.155  -4.235 0.0000000000
92496  -11.678  46.728  -5.733 0.0000000000
92497  -12.186  47.089  -5.549 0.0000000000
92500  -10.038  46.264  -6.838 0.0000000000
92501  -10.782  46.673  -6.585 0.0000000000
92502  -11.468  47.097  -6.441 0.0000000000
92503  -11.900  47.103  -6.035 0.0000000000
92507  -8.708  46.351  -7.696 0.0000000000
92508  -9.657  46.494  -7.574 0.0000000000
92509  -10.516  46.975  -7.397 0.0000000000
92510  -11.025  47.107  -6.906 0.0000000000
92516  -9.251  46.860  -8.163 0.0000000000
92517  -9.997  46.876  -7.940 0.0000000000
92999  -12.840  47.408  -4.624 0.0000000000
93000  -13.219  47.810  -4.302 0.0000000000
93004  -12.724  47.723  -5.217 0.0000000000
93005  -13.072  48.201  -4.852 0.0000000000
93008  -11.639  47.453  -6.669 0.0000000000
93009  -12.090  47.623  -6.318 0.0000000000
93011  -10.788  47.323  -7.712 0.0000000000
93012  -11.370  47.588  -7.303 0.0000000000
93013  -11.994  48.056  -6.914 0.0000000000
93017  -8.744  47.379  -8.745 0.0000000000
93018  -10.377  47.489  -8.432 0.0000000000
93019  -11.227  47.864  -8.135 0.0000000000
93025  -10.194  48.058  -9.203 0.0000000000
93533  -13.287  48.690  -4.522 0.0000000000
93537  -12.623  48.253  -5.893 0.0000000000
93538  -12.976  48.634  -5.300 0.0000000000
93542  -12.380  48.568  -6.563 0.0000000000
93543  -12.751  48.837  -5.958 0.0000000000
93545  -11.583  48.212  -7.943 0.0000000000
93546  -12.008  48.531  -7.415 0.0000000000
93549  -10.605  48.296  -9.043 0.0000000000
93550  -11.237  48.502  -8.619 0.0000000000
93551  -11.796  48.773  -8.101 0.0000000000
93556  -10.787  48.913  -9.170 0.0000000000
94113  -13.129  49.451  -4.863 0.0000000000
94117  -12.646  49.401  -6.297 0.0000000000
94118  -12.900  49.394  -5.620 0.0000000000
94121  -12.332  49.401  -7.041 0.0000000000
94124  -11.676  49.405  -8.441 0.0000000000
94125  -12.076  49.390  -7.818 0.0000000000
94129  -11.182  49.503  -8.989 0.0000000000
94645  -12.872  50.088  -5.274 0.0000000000
94655  -12.476  50.271  -6.554 0.0000000000
94656  -12.793  49.965  -5.929 0.0000000000
94660  -11.819  50.616  -8.096 0.0000000000
94661  -12.131  50.287  -7.489 0.0000000000
94664  -11.545  50.299  -8.673 0.0000000000
94665  -11.923  50.004  -8.147 0.0000000000
95132  -11.696  51.280  -7.621 0.0000000000
95133  -12.102  50.969  -6.950 0.0000000000
95138  -11.524  51.178  -8.433 0.0000000000
