#!ascii label  , from subject FREESURFER vox2ras=TkReg 
213
9753  -20.168  -65.198  5.593 0.0000000000
10350  -19.132  -64.833  6.603 0.0000000000
10351  -19.579  -64.608  5.886 0.0000000000
10363  -20.205  -64.429  5.015 0.0000000000
10364  -20.841  -64.699  4.729 0.0000000000
10377  -20.317  -63.853  4.633 0.0000000000
10378  -20.894  -64.099  4.272 0.0000000000
10393  -21.203  -63.665  3.828 0.0000000000
10394  -21.647  -63.994  3.738 0.0000000000
10991  -19.015  -63.849  8.145 0.0000000000
10992  -19.489  -63.206  8.577 0.0000000000
10996  -18.945  -64.164  7.441 0.0000000000
10997  -19.240  -63.391  7.604 0.0000000000
11007  -18.961  -64.411  6.951 0.0000000000
11008  -19.216  -63.799  6.586 0.0000000000
11021  -19.639  -63.695  5.568 0.0000000000
11030  -20.022  -63.505  4.967 0.0000000000
11031  -20.409  -63.324  4.439 0.0000000000
11045  -20.880  -63.272  3.885 0.0000000000
11046  -21.479  -63.299  3.456 0.0000000000
11047  -21.987  -63.749  3.307 0.0000000000
11059  -21.880  -63.298  3.091 0.0000000000
11060  -22.376  -63.594  2.789 0.0000000000
11073  -22.856  -63.549  1.999 0.0000000000
11089  -23.977  -63.342  0.833 0.0000000000
11571  -19.986  -62.952  9.126 0.0000000000
11579  -20.200  -62.605  8.629 0.0000000000
11580  -21.049  -62.259  8.850 0.0000000000
11581  -21.538  -61.950  8.996 0.0000000000
11585  -19.699  -62.725  7.912 0.0000000000
11590  -19.506  -62.752  7.023 0.0000000000
11603  -19.740  -62.747  5.934 0.0000000000
11604  -20.146  -62.268  5.571 0.0000000000
11615  -19.858  -63.130  5.362 0.0000000000
11616  -20.222  -62.619  5.038 0.0000000000
11629  -20.671  -62.579  4.205 0.0000000000
11630  -21.157  -62.562  3.597 0.0000000000
11640  -21.757  -62.560  2.886 0.0000000000
11641  -22.428  -62.700  2.180 0.0000000000
11648  -23.004  -62.740  1.562 0.0000000000
11649  -23.578  -62.708  1.018 0.0000000000
11661  -24.212  -62.750  0.596 0.0000000000
11662  -24.971  -62.830  0.261 0.0000000000
11663  -25.695  -62.889  -0.066 0.0000000000
11678  -26.318  -62.841  -0.326 0.0000000000
11679  -26.928  -62.587  -0.502 0.0000000000
12122  -21.900  -61.634  9.306 0.0000000000
12123  -22.301  -61.005  9.785 0.0000000000
12130  -20.081  -62.374  8.065 0.0000000000
12131  -20.551  -62.057  8.136 0.0000000000
12132  -21.534  -61.509  8.246 0.0000000000
12133  -22.311  -61.022  8.788 0.0000000000
12138  -20.000  -62.202  7.538 0.0000000000
12139  -20.628  -61.639  7.342 0.0000000000
12140  -21.336  -61.115  7.050 0.0000000000
12145  -20.010  -62.036  6.666 0.0000000000
12146  -20.694  -61.340  6.281 0.0000000000
12147  -21.272  -60.934  6.438 0.0000000000
12156  -20.145  -61.982  5.945 0.0000000000
12157  -20.477  -61.719  5.389 0.0000000000
12166  -20.770  -61.774  4.588 0.0000000000
12167  -21.185  -61.415  4.019 0.0000000000
12174  -20.983  -61.987  3.930 0.0000000000
12175  -21.386  -61.698  3.386 0.0000000000
12182  -21.752  -61.568  2.823 0.0000000000
12183  -22.216  -61.770  2.324 0.0000000000
12193  -22.705  -62.031  1.799 0.0000000000
12194  -23.253  -61.930  1.328 0.0000000000
12210  -23.854  -61.993  0.826 0.0000000000
12211  -24.502  -62.050  0.507 0.0000000000
12212  -25.420  -61.982  0.193 0.0000000000
12213  -26.219  -61.490  0.259 0.0000000000
12214  -27.043  -61.256  0.357 0.0000000000
12232  -25.929  -62.445  -0.076 0.0000000000
12233  -26.292  -62.162  -0.139 0.0000000000
12234  -26.990  -61.861  -0.215 0.0000000000
12653  -22.417  -60.110  10.178 0.0000000000
12662  -22.674  -60.247  9.137 0.0000000000
12672  -22.210  -60.982  8.153 0.0000000000
12673  -22.662  -60.362  8.064 0.0000000000
12682  -22.070  -60.813  7.502 0.0000000000
12683  -22.639  -60.245  6.994 0.0000000000
12689  -21.259  -60.793  5.981 0.0000000000
12690  -21.860  -60.530  6.434 0.0000000000
12691  -22.494  -60.035  6.214 0.0000000000
12696  -20.938  -60.989  5.420 0.0000000000
12697  -21.690  -60.293  5.332 0.0000000000
12698  -22.184  -60.109  5.835 0.0000000000
12705  -20.778  -61.293  4.982 0.0000000000
12706  -21.189  -60.896  4.581 0.0000000000
12714  -21.617  -60.789  3.592 0.0000000000
12715  -21.994  -60.337  3.265 0.0000000000
12722  -21.661  -61.174  3.096 0.0000000000
12723  -22.073  -60.777  2.702 0.0000000000
12724  -26.416  -60.087  2.034 0.0000000000
12739  -22.772  -61.153  1.752 0.0000000000
12740  -23.729  -61.143  1.158 0.0000000000
12741  -24.506  -60.597  1.077 0.0000000000
12742  -25.317  -60.354  1.197 0.0000000000
12743  -26.127  -60.327  1.529 0.0000000000
12744  -26.905  -60.534  1.769 0.0000000000
12762  -24.154  -61.603  0.773 0.0000000000
12763  -24.595  -61.358  0.687 0.0000000000
12764  -25.364  -61.038  0.643 0.0000000000
12765  -26.180  -60.833  0.800 0.0000000000
12766  -26.984  -60.776  1.048 0.0000000000
13164  -22.368  -59.003  10.518 0.0000000000
13172  -22.798  -59.315  9.503 0.0000000000
13182  -23.181  -59.420  8.444 0.0000000000
13183  -23.625  -59.009  7.709 0.0000000000
13195  -23.277  -59.600  7.322 0.0000000000
13196  -23.791  -58.963  7.063 0.0000000000
13205  -23.044  -59.691  6.391 0.0000000000
13206  -23.635  -59.184  6.440 0.0000000000
13214  -22.037  -59.787  4.810 0.0000000000
13215  -22.663  -59.505  5.336 0.0000000000
13216  -23.333  -59.348  5.914 0.0000000000
13223  -21.746  -60.055  4.193 0.0000000000
13224  -22.272  -59.510  4.344 0.0000000000
13232  -21.927  -60.193  3.569 0.0000000000
13233  -22.482  -59.727  3.275 0.0000000000
13234  -23.158  -59.283  3.065 0.0000000000
13242  -22.857  -60.220  2.099 0.0000000000
13243  -23.554  -59.461  2.377 0.0000000000
13244  -24.545  -59.307  2.189 0.0000000000
13245  -25.344  -59.287  2.314 0.0000000000
13246  -26.244  -59.452  2.411 0.0000000000
13262  -23.226  -60.635  1.596 0.0000000000
13263  -23.668  -60.223  1.548 0.0000000000
13264  -24.457  -59.825  1.574 0.0000000000
13265  -25.287  -59.744  1.745 0.0000000000
13266  -25.890  -59.762  1.994 0.0000000000
13655  -22.558  -57.800  10.970 0.0000000000
13665  -22.777  -58.154  9.762 0.0000000000
13666  -23.240  -57.980  8.979 0.0000000000
13676  -23.191  -58.694  9.008 0.0000000000
13677  -23.539  -58.360  8.244 0.0000000000
13689  -23.894  -58.365  7.341 0.0000000000
13701  -24.244  -58.369  6.395 0.0000000000
13702  -24.646  -57.783  5.907 0.0000000000
13714  -23.258  -58.944  4.789 0.0000000000
13715  -23.801  -58.793  5.407 0.0000000000
13716  -24.658  -58.059  5.431 0.0000000000
13724  -22.878  -58.985  4.086 0.0000000000
13725  -23.783  -58.628  4.264 0.0000000000
13726  -24.706  -58.169  4.483 0.0000000000
13727  -25.391  -57.785  4.337 0.0000000000
13736  -23.018  -59.184  3.411 0.0000000000
13737  -23.665  -58.904  3.244 0.0000000000
13738  -24.629  -58.501  3.529 0.0000000000
13739  -25.687  -58.088  3.658 0.0000000000
13740  -26.679  -58.223  3.337 0.0000000000
13749  -24.068  -59.072  2.617 0.0000000000
13750  -24.608  -58.903  2.771 0.0000000000
13751  -25.474  -58.754  2.876 0.0000000000
13752  -26.390  -58.744  2.911 0.0000000000
14162  -22.691  -57.109  11.689 0.0000000000
14173  -22.841  -56.913  11.104 0.0000000000
14182  -22.906  -56.991  10.328 0.0000000000
14183  -23.118  -57.184  9.368 0.0000000000
14194  -23.437  -57.325  8.501 0.0000000000
14203  -23.813  -57.446  7.610 0.0000000000
14204  -24.184  -57.110  6.970 0.0000000000
14215  -24.185  -57.773  6.956 0.0000000000
14216  -24.545  -57.349  6.336 0.0000000000
14230  -25.135  -57.212  5.435 0.0000000000
14231  -25.742  -56.800  5.132 0.0000000000
14244  -25.175  -57.696  4.823 0.0000000000
14245  -26.060  -57.282  4.464 0.0000000000
14246  -27.304  -57.115  4.276 0.0000000000
14256  -26.345  -57.785  3.757 0.0000000000
14257  -26.983  -57.686  3.714 0.0000000000
14698  -22.954  -56.351  11.601 0.0000000000
14713  -23.151  -56.294  10.891 0.0000000000
14714  -23.312  -56.020  10.511 0.0000000000
14723  -23.172  -56.401  10.412 0.0000000000
14724  -23.278  -56.240  9.905 0.0000000000
14735  -23.437  -56.346  8.883 0.0000000000
14744  -23.687  -56.515  8.025 0.0000000000
14745  -24.036  -56.511  7.368 0.0000000000
14754  -24.526  -56.375  6.682 0.0000000000
14755  -25.055  -55.993  6.233 0.0000000000
14766  -24.959  -56.619  6.041 0.0000000000
14767  -25.633  -56.131  5.617 0.0000000000
14768  -26.353  -56.026  5.240 0.0000000000
14779  -26.146  -56.540  5.061 0.0000000000
14780  -26.844  -56.377  4.797 0.0000000000
15221  -23.296  -55.473  11.370 0.0000000000
15236  -23.351  -55.788  10.827 0.0000000000
15237  -23.553  -55.320  10.491 0.0000000000
15247  -23.674  -55.389  9.395 0.0000000000
15259  -23.908  -55.460  8.260 0.0000000000
15260  -24.366  -54.966  7.740 0.0000000000
15272  -23.926  -56.007  7.716 0.0000000000
15273  -24.311  -55.593  7.340 0.0000000000
15284  -24.853  -55.449  6.670 0.0000000000
15285  -25.398  -55.401  6.241 0.0000000000
15296  -25.835  -55.293  5.934 0.0000000000
15297  -26.350  -55.437  5.635 0.0000000000
15307  -26.846  -55.725  5.255 0.0000000000
15810  -24.067  -54.701  8.984 0.0000000000
15811  -24.509  -54.397  8.292 0.0000000000
15819  -24.969  -54.528  7.227 0.0000000000
15820  -25.605  -54.086  7.024 0.0000000000
15833  -25.227  -54.968  6.607 0.0000000000
15834  -25.855  -54.579  6.449 0.0000000000
15835  -26.789  -54.456  6.427 0.0000000000
15850  -26.120  -55.027  5.967 0.0000000000
15851  -26.557  -54.894  6.034 0.0000000000
16373  -25.113  -53.786  8.037 0.0000000000
16374  -25.759  -53.524  7.616 0.0000000000
16382  -26.000  -53.821  6.990 0.0000000000
16383  -26.569  -53.907  6.886 0.0000000000
