#!ascii label  , from subject FREESURFER vox2ras=TkReg 
179
91784  -13.473  45.875  17.213 0.0000000000
91792  -12.402  45.703  16.060 0.0000000000
91802  -11.288  45.715  14.988 0.0000000000
91813  -11.199  45.658  14.145 0.0000000000
91822  -11.421  45.252  13.194 0.0000000000
91823  -11.574  45.143  13.880 0.0000000000
91830  -11.503  45.318  12.115 0.0000000000
92330  -14.433  46.470  18.760 0.0000000000
92336  -13.362  46.502  17.358 0.0000000000
92337  -13.946  46.496  17.811 0.0000000000
92346  -11.027  46.641  16.232 0.0000000000
92347  -11.591  46.419  16.331 0.0000000000
92348  -12.711  46.342  16.925 0.0000000000
92354  -10.106  46.858  15.450 0.0000000000
92355  -10.661  46.558  15.691 0.0000000000
92356  -11.623  45.888  15.666 0.0000000000
92361  -10.001  46.795  15.076 0.0000000000
92362  -10.565  46.298  14.667 0.0000000000
92368  -10.151  46.836  14.394 0.0000000000
92369  -10.781  46.447  13.744 0.0000000000
92373  -11.304  46.333  12.709 0.0000000000
92378  -11.752  46.292  11.889 0.0000000000
92379  -12.089  46.428  11.284 0.0000000000
92384  -12.445  46.595  10.615 0.0000000000
92831  -14.480  47.446  20.222 0.0000000000
92834  -14.365  47.356  19.308 0.0000000000
92837  -13.530  47.644  18.165 0.0000000000
92838  -14.038  47.393  18.503 0.0000000000
92844  -12.323  47.383  17.389 0.0000000000
92845  -13.129  47.238  17.578 0.0000000000
92846  -13.736  47.224  17.976 0.0000000000
92853  -10.366  47.736  16.382 0.0000000000
92854  -10.996  47.060  16.608 0.0000000000
92855  -11.943  46.909  17.006 0.0000000000
92856  -12.536  46.964  17.229 0.0000000000
92859  -9.971  47.355  15.581 0.0000000000
92860  -10.378  47.107  16.113 0.0000000000
92862  -9.881  47.465  14.696 0.0000000000
92867  -10.262  47.405  13.898 0.0000000000
92868  -10.927  47.328  13.114 0.0000000000
92873  -11.632  47.360  12.179 0.0000000000
92874  -11.963  47.938  11.799 0.0000000000
92879  -11.943  46.884  11.689 0.0000000000
92880  -12.232  47.436  11.347 0.0000000000
93339  -14.352  48.460  20.769 0.0000000000
93341  -13.629  48.877  19.370 0.0000000000
93342  -14.071  48.402  19.664 0.0000000000
93348  -12.738  48.851  18.510 0.0000000000
93349  -13.434  48.432  18.700 0.0000000000
93350  -14.057  47.911  19.034 0.0000000000
93357  -11.380  48.617  17.790 0.0000000000
93358  -12.272  48.275  17.920 0.0000000000
93359  -13.123  47.905  18.080 0.0000000000
93362  -10.217  48.420  16.739 0.0000000000
93363  -10.987  48.166  17.246 0.0000000000
93364  -11.693  47.540  17.244 0.0000000000
93366  -9.846  48.380  16.022 0.0000000000
93369  -9.804  48.360  15.133 0.0000000000
93374  -10.186  48.333  14.306 0.0000000000
93375  -10.751  48.302  13.499 0.0000000000
93382  -11.353  48.253  12.768 0.0000000000
93383  -11.834  48.389  12.197 0.0000000000
93389  -12.338  48.514  11.609 0.0000000000
93396  -12.618  48.181  10.999 0.0000000000
93861  -13.563  49.836  19.936 0.0000000000
93862  -13.887  49.522  20.301 0.0000000000
93868  -12.663  49.835  19.106 0.0000000000
93869  -13.231  49.599  19.391 0.0000000000
93870  -13.688  49.078  19.708 0.0000000000
93877  -10.116  49.329  18.456 0.0000000000
93878  -10.848  49.407  18.626 0.0000000000
93879  -12.175  49.496  18.738 0.0000000000
93880  -12.948  49.137  18.778 0.0000000000
93883  -9.514  49.718  17.286 0.0000000000
93884  -9.885  49.352  17.801 0.0000000000
93885  -10.725  49.010  17.882 0.0000000000
93886  -11.493  49.002  18.152 0.0000000000
93888  -9.253  49.807  16.475 0.0000000000
93889  -9.741  49.116  16.742 0.0000000000
93890  -10.310  48.810  17.278 0.0000000000
93893  -9.038  49.944  15.917 0.0000000000
93894  -9.448  49.418  15.635 0.0000000000
93897  -9.978  49.346  14.673 0.0000000000
93901  -10.629  49.311  13.873 0.0000000000
93902  -11.472  49.290  13.092 0.0000000000
93903  -11.884  49.820  12.766 0.0000000000
93909  -11.724  48.826  12.613 0.0000000000
93910  -12.137  49.379  12.310 0.0000000000
93916  -12.686  49.427  11.499 0.0000000000
94421  -12.668  50.836  20.065 0.0000000000
94422  -13.411  50.332  20.175 0.0000000000
94423  -13.797  50.248  20.623 0.0000000000
94427  -11.401  50.494  19.478 0.0000000000
94428  -12.413  50.267  19.360 0.0000000000
94429  -13.019  50.330  19.674 0.0000000000
94432  -9.379  50.286  18.840 0.0000000000
94433  -9.858  49.788  19.080 0.0000000000
94434  -11.027  49.902  19.168 0.0000000000
94435  -11.777  50.089  19.123 0.0000000000
94437  -9.410  49.978  18.209 0.0000000000
94438  -9.708  49.561  18.454 0.0000000000
94441  -9.343  50.315  17.139 0.0000000000
94444  -9.139  50.518  16.102 0.0000000000
94445  -9.143  50.192  15.528 0.0000000000
94447  -9.111  50.772  15.337 0.0000000000
94448  -9.453  50.361  14.825 0.0000000000
94453  -10.274  50.312  14.140 0.0000000000
94454  -11.147  50.318  13.487 0.0000000000
94455  -11.694  50.130  13.016 0.0000000000
94461  -11.600  50.707  12.983 0.0000000000
94462  -12.028  50.431  12.545 0.0000000000
94469  -12.522  50.335  11.792 0.0000000000
94920  -10.669  51.876  20.641 0.0000000000
94925  -10.180  51.917  20.096 0.0000000000
94926  -10.847  51.210  19.946 0.0000000000
94927  -11.895  50.976  19.864 0.0000000000
94930  -9.377  50.491  18.569 0.0000000000
94931  -9.788  51.086  19.065 0.0000000000
94932  -10.480  50.435  19.468 0.0000000000
94935  -9.412  50.745  17.959 0.0000000000
94936  -9.839  51.604  17.686 0.0000000000
94939  -9.467  51.212  16.745 0.0000000000
94940  -9.848  51.983  16.751 0.0000000000
94943  -9.239  51.398  15.651 0.0000000000
94948  -9.309  51.412  14.788 0.0000000000
94949  -9.821  51.235  14.168 0.0000000000
94955  -10.569  51.245  13.630 0.0000000000
94956  -11.250  51.121  13.198 0.0000000000
94962  -10.911  51.689  13.009 0.0000000000
94963  -11.568  51.393  12.534 0.0000000000
94964  -12.176  51.040  12.098 0.0000000000
94973  -11.908  51.534  11.916 0.0000000000
94974  -12.360  51.223  11.460 0.0000000000
95393  -10.267  52.344  18.336 0.0000000000
95396  -10.250  52.479  17.180 0.0000000000
95398  -9.498  52.090  16.009 0.0000000000
95399  -9.938  52.682  16.285 0.0000000000
95401  -9.356  52.371  15.050 0.0000000000
95402  -9.597  52.787  15.618 0.0000000000
95406  -9.694  52.320  13.969 0.0000000000
95407  -10.038  51.726  13.754 0.0000000000
95412  -9.984  52.823  12.942 0.0000000000
95413  -10.281  52.059  13.271 0.0000000000
95418  -10.106  52.941  12.416 0.0000000000
95419  -10.721  52.405  12.275 0.0000000000
95420  -11.503  51.854  12.035 0.0000000000
95429  -10.834  52.750  11.165 0.0000000000
95430  -11.705  51.985  11.382 0.0000000000
95431  -12.268  51.560  11.031 0.0000000000
95437  -11.474  52.380  10.480 0.0000000000
95869  -10.579  53.256  17.574 0.0000000000
95873  -10.492  53.265  16.563 0.0000000000
95874  -11.017  53.905  16.855 0.0000000000
95877  -9.653  53.171  15.079 0.0000000000
95878  -10.161  53.368  15.626 0.0000000000
95879  -10.923  53.827  15.887 0.0000000000
95884  -9.667  53.201  14.384 0.0000000000
95885  -10.260  53.778  14.692 0.0000000000
95886  -10.646  53.809  15.266 0.0000000000
95890  -9.813  53.620  13.454 0.0000000000
95891  -9.962  53.780  14.090 0.0000000000
95895  -9.980  53.567  12.322 0.0000000000
95896  -10.158  53.004  12.163 0.0000000000
95903  -10.205  53.163  11.685 0.0000000000
96358  -11.415  54.532  16.194 0.0000000000
96361  -10.657  54.174  14.465 0.0000000000
96362  -11.173  54.340  14.934 0.0000000000
96364  -10.044  54.180  13.357 0.0000000000
96365  -10.525  54.437  13.816 0.0000000000
96366  -11.241  54.847  14.299 0.0000000000
96368  -10.057  54.440  12.762 0.0000000000
96369  -10.427  54.949  13.014 0.0000000000
96805  -11.585  55.366  15.660 0.0000000000
96808  -11.496  55.406  14.719 0.0000000000
96810  -10.792  55.484  13.182 0.0000000000
96811  -11.215  55.466  13.934 0.0000000000
97225  -11.516  56.296  15.294 0.0000000000
97228  -11.377  56.347  14.411 0.0000000000
97231  -11.061  56.503  13.491 0.0000000000
