#!ascii label  , from subject FREESURFER vox2ras=TkReg 
93
40645  -40.329  -21.294  -3.506 0.0000000000
40652  -40.932  -21.031  -3.972 0.0000000000
40653  -41.586  -21.155  -4.185 0.0000000000
41473  -38.819  -20.650  -3.578 0.0000000000
41474  -39.719  -20.657  -3.726 0.0000000000
41475  -40.462  -20.537  -4.040 0.0000000000
41481  -41.197  -20.427  -4.360 0.0000000000
41482  -42.008  -20.489  -4.618 0.0000000000
42376  -37.348  -19.899  -3.970 0.0000000000
42377  -38.354  -19.988  -4.061 0.0000000000
42378  -39.282  -19.999  -4.034 0.0000000000
42379  -40.001  -20.032  -4.082 0.0000000000
42388  -36.297  -18.914  -4.105 0.0000000000
42389  -37.028  -19.095  -4.299 0.0000000000
42390  -37.959  -19.221  -4.447 0.0000000000
42391  -38.923  -19.296  -4.445 0.0000000000
42392  -39.791  -19.427  -4.440 0.0000000000
42393  -40.631  -19.702  -4.498 0.0000000000
42394  -41.584  -19.629  -4.857 0.0000000000
42395  -42.335  -19.856  -4.964 0.0000000000
42405  -42.231  -19.241  -5.185 0.0000000000
43316  -35.188  -18.243  -3.640 0.0000000000
43325  -35.878  -18.139  -4.194 0.0000000000
43326  -36.744  -18.270  -4.476 0.0000000000
43327  -37.596  -18.413  -4.633 0.0000000000
43328  -38.592  -18.397  -4.771 0.0000000000
43329  -39.512  -18.686  -4.790 0.0000000000
43330  -40.305  -18.890  -4.882 0.0000000000
43331  -41.001  -19.047  -5.011 0.0000000000
43343  -39.334  -17.991  -5.049 0.0000000000
43344  -40.045  -18.112  -5.136 0.0000000000
43345  -40.823  -18.280  -5.259 0.0000000000
43346  -41.696  -18.601  -5.313 0.0000000000
43347  -42.616  -18.611  -5.427 0.0000000000
44323  -34.866  -17.274  -3.641 0.0000000000
44324  -35.376  -17.572  -4.040 0.0000000000
44331  -35.333  -16.931  -4.157 0.0000000000
44332  -35.802  -17.158  -4.419 0.0000000000
44333  -36.530  -17.315  -4.701 0.0000000000
44334  -37.309  -17.653  -4.827 0.0000000000
44335  -38.020  -17.800  -4.916 0.0000000000
44347  -37.183  -16.978  -5.081 0.0000000000
44348  -37.863  -17.137  -5.175 0.0000000000
44349  -38.747  -17.403  -5.179 0.0000000000
44350  -39.707  -17.345  -5.331 0.0000000000
44351  -40.518  -17.453  -5.443 0.0000000000
44352  -41.354  -17.511  -5.612 0.0000000000
44353  -42.265  -17.806  -5.671 0.0000000000
44354  -43.120  -17.899  -5.726 0.0000000000
44372  -41.990  -17.079  -6.010 0.0000000000
44373  -42.771  -17.159  -6.110 0.0000000000
45395  -34.496  -16.221  -3.347 0.0000000000
45403  -35.060  -16.287  -4.046 0.0000000000
45404  -35.686  -16.284  -4.532 0.0000000000
45405  -36.185  -16.626  -4.740 0.0000000000
45416  -36.209  -16.030  -4.920 0.0000000000
45417  -36.760  -16.341  -5.119 0.0000000000
45418  -37.578  -16.384  -5.370 0.0000000000
45419  -38.396  -16.535  -5.464 0.0000000000
45420  -39.253  -16.614  -5.541 0.0000000000
45421  -40.233  -16.527  -5.755 0.0000000000
45422  -40.862  -16.961  -5.665 0.0000000000
45436  -40.601  -15.976  -6.129 0.0000000000
45437  -41.265  -16.416  -6.077 0.0000000000
45438  -42.332  -16.358  -6.364 0.0000000000
46336  -34.875  -15.434  -3.883 0.0000000000
46337  -35.407  -15.463  -4.400 0.0000000000
46344  -35.955  -15.434  -4.865 0.0000000000
46345  -36.551  -15.454  -5.220 0.0000000000
46346  -37.277  -15.549  -5.490 0.0000000000
46347  -38.072  -15.728  -5.663 0.0000000000
46348  -38.832  -15.899  -5.737 0.0000000000
46349  -39.510  -15.978  -5.866 0.0000000000
46357  -38.522  -15.244  -5.915 0.0000000000
46358  -39.171  -15.309  -6.095 0.0000000000
46359  -40.023  -15.508  -6.229 0.0000000000
46360  -40.881  -15.411  -6.398 0.0000000000
46361  -41.882  -15.375  -6.539 0.0000000000
47187  -35.762  -14.652  -4.682 0.0000000000
47188  -36.310  -14.693  -5.120 0.0000000000
47189  -36.977  -14.665  -5.474 0.0000000000
47190  -37.873  -14.713  -5.777 0.0000000000
47200  -38.727  -14.513  -6.090 0.0000000000
47201  -39.526  -14.556  -6.316 0.0000000000
47202  -40.357  -14.563  -6.467 0.0000000000
47203  -41.238  -14.480  -6.560 0.0000000000
47974  -36.150  -14.055  -4.869 0.0000000000
47975  -36.669  -13.904  -5.208 0.0000000000
47976  -37.418  -13.704  -5.519 0.0000000000
47977  -38.310  -13.583  -5.832 0.0000000000
47988  -39.150  -13.648  -6.126 0.0000000000
47989  -39.903  -13.719  -6.322 0.0000000000
47990  -40.708  -13.636  -6.416 0.0000000000
