#!ascii label  , from subject FREESURFER vox2ras=TkReg 
180
72795  -10.629  13.865  32.197 0.0000000000
72796  -10.878  13.746  32.318 0.0000000000
72797  -11.938  13.277  32.741 0.0000000000
72799  -10.597  13.697  32.019 0.0000000000
72800  -11.017  13.306  32.032 0.0000000000
72801  -11.950  12.790  31.838 0.0000000000
72803  -10.720  13.635  31.629 0.0000000000
72804  -11.206  13.313  31.164 0.0000000000
72805  -12.266  12.851  30.855 0.0000000000
72808  -11.589  13.471  30.402 0.0000000000
72809  -12.429  13.496  29.914 0.0000000000
72810  -13.629  13.211  29.656 0.0000000000
72813  -12.980  13.872  29.227 0.0000000000
72814  -13.765  13.748  28.713 0.0000000000
72815  -14.707  13.274  28.459 0.0000000000
72817  -14.174  13.827  27.971 0.0000000000
72818  -14.842  13.441  27.407 0.0000000000
73572  -10.656  14.131  32.210 0.0000000000
73573  -11.252  14.234  32.587 0.0000000000
73574  -12.055  14.410  32.900 0.0000000000
73578  -10.563  14.073  31.704 0.0000000000
73581  -10.769  13.927  30.929 0.0000000000
73582  -11.089  13.723  30.426 0.0000000000
73585  -10.959  14.035  30.181 0.0000000000
73586  -11.448  14.011  29.731 0.0000000000
73587  -12.258  14.117  29.284 0.0000000000
73590  -11.962  14.585  29.195 0.0000000000
73591  -12.723  14.513  28.562 0.0000000000
73592  -13.538  14.280  28.026 0.0000000000
73595  -13.025  14.819  27.651 0.0000000000
73596  -13.801  14.245  27.256 0.0000000000
73597  -14.312  13.921  26.648 0.0000000000
73600  -13.069  14.860  26.906 0.0000000000
73601  -13.549  14.515  26.272 0.0000000000
73602  -14.340  13.986  25.881 0.0000000000
73607  -13.709  14.655  25.350 0.0000000000
74334  -10.691  14.596  31.852 0.0000000000
74335  -11.037  14.840  32.228 0.0000000000
74336  -11.853  15.216  32.579 0.0000000000
74341  -10.833  14.593  31.219 0.0000000000
74342  -11.095  15.258  31.599 0.0000000000
74343  -11.490  15.460  32.072 0.0000000000
74347  -11.036  14.484  30.409 0.0000000000
74348  -11.195  15.254  30.691 0.0000000000
74354  -11.229  14.312  30.008 0.0000000000
74355  -11.509  14.977  29.750 0.0000000000
74362  -12.081  15.298  28.867 0.0000000000
74363  -12.504  15.447  28.090 0.0000000000
74370  -12.554  15.483  27.252 0.0000000000
74377  -12.642  15.354  26.237 0.0000000000
74378  -13.180  14.876  25.782 0.0000000000
74384  -12.665  15.836  25.435 0.0000000000
74385  -13.082  15.221  25.443 0.0000000000
75125  -12.744  16.065  32.789 0.0000000000
75126  -13.111  16.529  32.512 0.0000000000
75129  -11.604  15.678  31.718 0.0000000000
75130  -12.291  16.007  31.970 0.0000000000
75131  -13.473  16.473  31.749 0.0000000000
75134  -11.672  15.866  31.178 0.0000000000
75135  -12.630  16.399  30.870 0.0000000000
75136  -13.636  16.676  30.902 0.0000000000
75141  -11.682  16.002  30.207 0.0000000000
75142  -12.447  16.456  29.781 0.0000000000
75148  -11.926  15.864  29.399 0.0000000000
75149  -12.449  16.273  28.772 0.0000000000
75155  -12.653  16.290  27.840 0.0000000000
75161  -12.340  16.370  27.032 0.0000000000
75168  -12.077  16.420  26.152 0.0000000000
75896  -12.952  18.053  33.167 0.0000000000
75898  -12.790  17.149  33.051 0.0000000000
75899  -13.490  17.522  32.393 0.0000000000
75901  -14.235  17.205  31.416 0.0000000000
75902  -14.624  17.588  30.834 0.0000000000
75904  -13.216  16.721  30.245 0.0000000000
75905  -14.028  17.124  30.301 0.0000000000
75906  -14.772  17.667  30.055 0.0000000000
75910  -13.222  16.880  29.461 0.0000000000
75911  -14.023  17.445  29.296 0.0000000000
75912  -14.822  17.870  29.140 0.0000000000
75917  -13.261  16.993  28.521 0.0000000000
75918  -14.135  17.782  28.316 0.0000000000
75919  -14.840  18.104  28.625 0.0000000000
75925  -13.175  17.096  27.625 0.0000000000
75926  -13.709  17.795  27.424 0.0000000000
75931  -12.858  17.401  26.797 0.0000000000
75932  -13.544  17.965  27.017 0.0000000000
75937  -12.125  17.324  26.013 0.0000000000
76638  -13.819  18.865  33.248 0.0000000000
76639  -14.880  19.125  33.083 0.0000000000
76644  -14.397  18.153  31.940 0.0000000000
76645  -15.273  18.839  32.326 0.0000000000
76646  -16.058  19.081  32.034 0.0000000000
76651  -14.615  17.825  31.314 0.0000000000
76652  -15.185  18.228  31.029 0.0000000000
76653  -16.006  18.907  31.414 0.0000000000
76658  -15.427  18.256  29.794 0.0000000000
76659  -16.013  18.878  30.369 0.0000000000
76665  -15.365  18.342  28.876 0.0000000000
76666  -15.935  18.944  29.309 0.0000000000
76671  -14.336  18.218  27.705 0.0000000000
76672  -14.927  18.442  28.168 0.0000000000
76673  -15.626  18.963  28.401 0.0000000000
76679  -14.074  18.265  27.171 0.0000000000
76680  -14.746  18.703  27.429 0.0000000000
76681  -15.287  18.953  27.804 0.0000000000
76687  -12.641  17.919  26.337 0.0000000000
76688  -13.542  18.300  26.652 0.0000000000
76689  -14.327  18.641  26.915 0.0000000000
76695  -12.941  18.406  26.196 0.0000000000
77413  -15.015  19.466  33.692 0.0000000000
77414  -15.976  19.681  33.345 0.0000000000
77421  -15.457  19.301  33.007 0.0000000000
77422  -16.120  19.472  32.504 0.0000000000
77429  -16.407  19.579  31.669 0.0000000000
77430  -16.678  19.984  31.205 0.0000000000
77438  -16.442  19.537  30.852 0.0000000000
77439  -16.808  20.165  30.607 0.0000000000
77446  -16.477  19.849  29.799 0.0000000000
77447  -16.902  20.369  30.080 0.0000000000
77453  -16.200  19.642  28.681 0.0000000000
77460  -15.213  19.100  27.407 0.0000000000
77461  -15.819  19.527  27.591 0.0000000000
77469  -14.174  18.764  26.599 0.0000000000
77470  -14.927  19.167  26.778 0.0000000000
77471  -15.824  19.980  26.575 0.0000000000
77478  -13.745  19.019  26.107 0.0000000000
77479  -15.115  19.890  25.798 0.0000000000
77480  -15.872  20.331  26.021 0.0000000000
78189  -16.515  20.235  32.805 0.0000000000
78197  -16.609  20.133  32.013 0.0000000000
78198  -16.973  20.800  32.213 0.0000000000
78206  -16.655  20.082  31.552 0.0000000000
78207  -17.006  20.554  31.301 0.0000000000
78216  -17.161  20.735  30.383 0.0000000000
78225  -16.627  20.314  28.924 0.0000000000
78226  -17.049  20.726  29.525 0.0000000000
78234  -16.537  20.284  28.065 0.0000000000
78235  -16.953  20.930  28.521 0.0000000000
78242  -16.450  20.382  27.132 0.0000000000
78243  -16.856  20.993  27.572 0.0000000000
78250  -16.413  20.713  26.313 0.0000000000
78251  -16.774  20.987  26.849 0.0000000000
78258  -15.195  20.478  25.236 0.0000000000
78259  -15.924  20.785  25.519 0.0000000000
78871  -17.293  21.421  31.561 0.0000000000
78879  -17.313  21.259  30.794 0.0000000000
78887  -17.372  21.445  29.999 0.0000000000
78893  -17.259  21.575  29.036 0.0000000000
78899  -17.121  21.681  28.037 0.0000000000
78906  -16.742  21.243  26.485 0.0000000000
78907  -16.952  21.727  26.920 0.0000000000
78915  -16.662  21.562  25.977 0.0000000000
78916  -16.862  22.222  26.325 0.0000000000
78935  -16.116  21.847  24.889 0.0000000000
79491  -17.432  22.232  31.853 0.0000000000
79503  -17.403  22.111  30.725 0.0000000000
79515  -17.366  22.278  29.589 0.0000000000
79524  -17.293  22.358  28.595 0.0000000000
79528  -17.152  22.469  27.631 0.0000000000
79533  -16.837  22.929  26.367 0.0000000000
79534  -16.920  22.707  26.685 0.0000000000
79542  -16.741  22.654  25.885 0.0000000000
79543  -16.843  22.516  26.284 0.0000000000
79560  -16.269  23.071  24.782 0.0000000000
80060  -17.390  23.011  31.206 0.0000000000
80068  -17.280  23.023  30.128 0.0000000000
80078  -17.250  23.061  29.089 0.0000000000
80085  -17.255  23.017  28.222 0.0000000000
80091  -16.845  23.781  27.190 0.0000000000
80092  -17.017  23.299  27.402 0.0000000000
80098  -16.782  23.446  26.567 0.0000000000
80099  -16.914  23.147  26.883 0.0000000000
80109  -16.485  23.681  25.518 0.0000000000
80585  -17.058  23.799  30.635 0.0000000000
80588  -16.473  24.488  29.051 0.0000000000
80589  -16.928  23.782  29.575 0.0000000000
80594  -16.628  24.551  28.078 0.0000000000
80595  -16.989  23.772  28.440 0.0000000000
80601  -16.640  24.388  27.131 0.0000000000
80602  -16.888  23.981  27.648 0.0000000000
