#!ascii label  , from subject FREESURFER vox2ras=TkReg 
104
39873  -41.349  -22.248  -6.967 0.0000000000
39890  -41.991  -22.294  -7.262 0.0000000000
39891  -42.717  -22.378  -7.638 0.0000000000
39892  -43.399  -22.455  -8.138 0.0000000000
39904  -43.985  -22.398  -8.783 0.0000000000
39905  -44.657  -22.422  -9.378 0.0000000000
39915  -45.030  -22.002  -9.800 0.0000000000
40678  -40.218  -21.564  -6.652 0.0000000000
40679  -40.933  -21.777  -6.860 0.0000000000
40694  -40.843  -21.185  -6.920 0.0000000000
40695  -41.494  -21.440  -7.234 0.0000000000
40696  -42.348  -21.452  -7.727 0.0000000000
40697  -43.000  -21.770  -8.014 0.0000000000
40710  -42.852  -21.158  -8.243 0.0000000000
40711  -43.485  -21.487  -8.594 0.0000000000
40712  -44.173  -21.584  -9.176 0.0000000000
40726  -44.747  -21.508  -9.578 0.0000000000
40727  -45.487  -21.401  -10.002 0.0000000000
41508  -38.716  -20.728  -6.723 0.0000000000
41509  -39.657  -20.818  -6.653 0.0000000000
41510  -40.373  -20.674  -6.834 0.0000000000
41522  -41.095  -20.529  -7.237 0.0000000000
41523  -41.836  -20.612  -7.704 0.0000000000
41524  -42.416  -20.578  -8.170 0.0000000000
41531  -43.036  -20.499  -8.653 0.0000000000
41532  -43.911  -20.511  -9.217 0.0000000000
41533  -44.420  -21.026  -9.386 0.0000000000
41542  -44.347  -19.932  -9.503 0.0000000000
41543  -44.890  -20.447  -9.663 0.0000000000
41544  -46.023  -20.331  -10.181 0.0000000000
42421  -38.898  -20.014  -6.901 0.0000000000
42422  -39.463  -20.166  -6.832 0.0000000000
42423  -39.964  -20.327  -6.807 0.0000000000
42433  -38.281  -19.820  -7.277 0.0000000000
42434  -39.250  -19.573  -7.207 0.0000000000
42435  -40.301  -19.796  -7.189 0.0000000000
42436  -41.502  -19.622  -7.837 0.0000000000
42437  -42.060  -20.101  -8.049 0.0000000000
42445  -41.903  -19.070  -8.333 0.0000000000
42446  -42.403  -19.623  -8.489 0.0000000000
42447  -43.222  -19.602  -9.062 0.0000000000
42453  -43.935  -19.425  -9.482 0.0000000000
42454  -44.679  -19.377  -9.729 0.0000000000
42455  -45.570  -19.436  -9.950 0.0000000000
42456  -46.409  -19.424  -10.195 0.0000000000
43373  -38.792  -18.963  -7.707 0.0000000000
43374  -39.787  -18.940  -7.657 0.0000000000
43375  -40.688  -18.993  -7.787 0.0000000000
43383  -39.302  -18.188  -8.034 0.0000000000
43384  -40.330  -18.262  -8.132 0.0000000000
43385  -41.368  -18.512  -8.326 0.0000000000
43386  -42.240  -18.573  -8.727 0.0000000000
43387  -42.793  -18.943  -8.963 0.0000000000
43394  -42.732  -18.332  -9.107 0.0000000000
43395  -43.366  -18.571  -9.350 0.0000000000
43396  -44.271  -18.521  -9.704 0.0000000000
43397  -45.214  -18.507  -9.874 0.0000000000
43398  -46.340  -18.504  -9.964 0.0000000000
44414  -39.870  -17.400  -8.348 0.0000000000
44415  -40.880  -17.562  -8.593 0.0000000000
44416  -41.866  -17.603  -8.971 0.0000000000
44417  -42.419  -18.017  -9.060 0.0000000000
44437  -42.228  -17.055  -9.364 0.0000000000
44438  -42.806  -17.557  -9.400 0.0000000000
44439  -43.823  -17.610  -9.660 0.0000000000
44440  -44.788  -17.605  -9.732 0.0000000000
44441  -45.838  -17.587  -9.710 0.0000000000
44442  -47.005  -17.487  -9.744 0.0000000000
45455  -39.330  -16.580  -8.487 0.0000000000
45456  -40.507  -16.546  -8.821 0.0000000000
45457  -41.236  -17.056  -8.939 0.0000000000
45463  -40.957  -15.996  -9.208 0.0000000000
45464  -41.614  -16.502  -9.346 0.0000000000
45465  -42.550  -16.567  -9.742 0.0000000000
45466  -43.423  -16.686  -9.867 0.0000000000
45467  -44.370  -16.687  -9.786 0.0000000000
45468  -45.365  -16.686  -9.555 0.0000000000
45469  -46.483  -16.670  -9.370 0.0000000000
45470  -47.727  -16.567  -9.508 0.0000000000
46381  -39.648  -15.899  -8.742 0.0000000000
46390  -40.328  -15.456  -9.148 0.0000000000
46391  -41.296  -15.468  -9.524 0.0000000000
46392  -42.174  -15.639  -10.007 0.0000000000
46393  -43.036  -15.880  -10.229 0.0000000000
46394  -43.991  -15.750  -10.186 0.0000000000
46395  -44.962  -15.774  -9.770 0.0000000000
46396  -45.969  -15.749  -9.301 0.0000000000
46397  -47.173  -15.762  -9.108 0.0000000000
46403  -42.732  -15.237  -10.345 0.0000000000
46404  -43.389  -15.118  -10.463 0.0000000000
46405  -44.071  -14.921  -10.478 0.0000000000
47232  -41.748  -14.595  -9.974 0.0000000000
47233  -42.342  -14.993  -10.240 0.0000000000
47234  -44.647  -14.961  -10.103 0.0000000000
47235  -45.537  -14.772  -9.655 0.0000000000
47236  -46.654  -14.831  -9.181 0.0000000000
47245  -42.723  -14.418  -10.365 0.0000000000
47246  -43.738  -14.306  -10.575 0.0000000000
47247  -44.514  -14.287  -10.523 0.0000000000
47248  -45.063  -14.333  -10.199 0.0000000000
48022  -45.515  -13.991  -9.962 0.0000000000
48023  -46.263  -13.882  -9.457 0.0000000000
48033  -43.294  -13.531  -10.568 0.0000000000
48034  -44.329  -13.428  -10.845 0.0000000000
