#!ascii label  , from subject FREESURFER vox2ras=TkReg 
137
93328  -14.230  48.664  24.025 0.0000000000
93333  -14.521  48.511  22.982 0.0000000000
93337  -14.539  48.468  21.848 0.0000000000
93842  -13.728  50.288  26.275 0.0000000000
93843  -16.353  49.838  25.989 0.0000000000
93844  -16.997  49.622  25.335 0.0000000000
93846  -13.887  49.767  24.900 0.0000000000
93849  -14.320  49.575  23.644 0.0000000000
93853  -14.485  49.459  22.489 0.0000000000
93857  -14.394  49.430  21.394 0.0000000000
94397  -14.236  51.038  27.249 0.0000000000
94398  -15.253  50.871  27.207 0.0000000000
94399  -16.116  50.766  26.495 0.0000000000
94400  -13.979  50.963  25.821 0.0000000000
94401  -16.904  50.650  25.360 0.0000000000
94402  -17.387  50.093  24.995 0.0000000000
94403  -13.973  50.715  24.362 0.0000000000
94404  -17.245  51.032  24.725 0.0000000000
94405  -17.841  50.543  24.295 0.0000000000
94407  -14.149  50.463  23.103 0.0000000000
94408  -18.441  51.114  23.568 0.0000000000
94412  -14.195  50.304  22.025 0.0000000000
94416  -13.511  50.776  21.004 0.0000000000
94417  -14.063  50.248  21.123 0.0000000000
94889  -14.017  52.406  28.974 0.0000000000
94890  -14.629  52.205  28.630 0.0000000000
94891  -15.430  52.008  28.310 0.0000000000
94892  -13.923  52.035  28.238 0.0000000000
94893  -14.926  51.538  28.024 0.0000000000
94894  -16.002  51.599  27.509 0.0000000000
94895  -13.817  52.024  26.799 0.0000000000
94896  -16.534  51.676  26.210 0.0000000000
94897  -13.500  52.899  24.592 0.0000000000
94898  -13.759  52.173  25.059 0.0000000000
94899  -16.851  51.704  24.915 0.0000000000
94900  -17.354  51.310  24.288 0.0000000000
94901  -13.397  52.656  24.024 0.0000000000
94902  -13.701  51.572  23.666 0.0000000000
94903  -17.079  51.827  24.018 0.0000000000
94904  -17.861  51.642  23.460 0.0000000000
94905  -19.002  51.735  23.174 0.0000000000
94907  -13.142  52.382  23.028 0.0000000000
94908  -13.683  51.236  22.518 0.0000000000
94909  -18.694  52.524  22.827 0.0000000000
94913  -12.176  52.253  21.643 0.0000000000
94914  -12.880  51.813  21.785 0.0000000000
94915  -13.709  50.869  21.671 0.0000000000
94921  -11.874  51.697  20.860 0.0000000000
94922  -12.977  51.168  20.713 0.0000000000
95346  -13.503  53.848  28.836 0.0000000000
95347  -13.599  53.669  28.976 0.0000000000
95348  -13.906  53.403  29.170 0.0000000000
95349  -13.357  53.772  28.674 0.0000000000
95350  -13.471  53.023  28.870 0.0000000000
95351  -14.427  52.914  29.048 0.0000000000
95352  -15.196  52.499  28.621 0.0000000000
95353  -13.050  53.709  28.036 0.0000000000
95354  -13.313  52.911  27.671 0.0000000000
95355  -15.311  53.038  28.617 0.0000000000
95356  -15.981  52.547  28.086 0.0000000000
95357  -13.121  53.764  27.036 0.0000000000
95358  -13.425  53.238  26.185 0.0000000000
95359  -16.419  52.474  27.044 0.0000000000
95360  -13.231  53.425  24.347 0.0000000000
95361  -13.397  53.466  25.055 0.0000000000
95362  -16.138  53.569  25.334 0.0000000000
95363  -16.393  52.982  25.667 0.0000000000
95364  -12.952  53.592  23.625 0.0000000000
95365  -16.105  53.504  24.891 0.0000000000
95366  -16.517  52.707  24.162 0.0000000000
95367  -17.122  52.184  23.435 0.0000000000
95371  -11.824  53.377  22.370 0.0000000000
95372  -12.312  53.361  22.672 0.0000000000
95373  -16.822  52.672  23.184 0.0000000000
95374  -17.763  52.683  22.711 0.0000000000
95381  -11.511  52.866  21.945 0.0000000000
95382  -12.245  52.579  22.030 0.0000000000
95389  -10.892  52.247  21.211 0.0000000000
95810  -13.583  54.054  28.701 0.0000000000
95811  -14.033  53.912  29.009 0.0000000000
95812  -14.237  53.474  29.069 0.0000000000
95813  -13.306  54.276  28.015 0.0000000000
95814  -14.287  54.034  28.729 0.0000000000
95815  -14.674  53.665  28.653 0.0000000000
95816  -13.233  54.415  26.991 0.0000000000
95817  -15.603  53.522  27.771 0.0000000000
95818  -16.195  52.946  27.482 0.0000000000
95819  -12.990  54.441  25.848 0.0000000000
95820  -13.220  53.818  25.575 0.0000000000
95821  -15.635  54.034  26.625 0.0000000000
95822  -16.139  53.262  26.794 0.0000000000
95823  -12.876  54.503  24.591 0.0000000000
95824  -13.072  54.078  25.247 0.0000000000
95825  -15.775  54.131  25.468 0.0000000000
95826  -16.053  53.633  26.122 0.0000000000
95827  -13.000  54.913  23.371 0.0000000000
95828  -14.157  55.061  23.276 0.0000000000
95829  -15.361  53.964  23.909 0.0000000000
95830  -16.295  53.062  23.387 0.0000000000
95835  -11.012  53.858  22.268 0.0000000000
95836  -11.646  53.861  22.508 0.0000000000
95837  -12.465  54.790  22.782 0.0000000000
95838  -13.822  54.942  22.247 0.0000000000
95839  -15.077  54.012  22.339 0.0000000000
95840  -16.623  53.198  22.405 0.0000000000
95846  -10.709  53.370  22.032 0.0000000000
95847  -11.232  53.482  22.202 0.0000000000
95848  -14.175  54.859  21.513 0.0000000000
95849  -14.986  54.373  21.147 0.0000000000
95850  -16.353  53.706  21.189 0.0000000000
96295  -13.948  54.239  28.637 0.0000000000
96296  -14.084  54.177  28.730 0.0000000000
96297  -13.774  54.487  28.018 0.0000000000
96298  -14.368  54.294  28.232 0.0000000000
96299  -14.981  54.039  28.075 0.0000000000
96300  -13.559  54.849  26.945 0.0000000000
96301  -14.199  54.871  27.128 0.0000000000
96302  -14.989  54.374  27.372 0.0000000000
96303  -13.054  55.528  25.841 0.0000000000
96304  -13.770  55.768  25.853 0.0000000000
96305  -14.936  54.995  26.280 0.0000000000
96306  -12.642  55.584  25.156 0.0000000000
96307  -13.786  56.252  24.754 0.0000000000
96308  -14.758  55.411  25.045 0.0000000000
96309  -12.742  55.815  24.349 0.0000000000
96310  -13.479  56.017  23.928 0.0000000000
96311  -14.311  55.571  24.139 0.0000000000
96316  -11.167  54.408  22.339 0.0000000000
96317  -11.968  54.855  22.414 0.0000000000
96318  -12.947  55.220  22.127 0.0000000000
96319  -13.697  55.121  21.660 0.0000000000
96757  -12.843  55.999  25.514 0.0000000000
96758  -13.057  56.090  25.494 0.0000000000
96759  -12.865  56.098  25.273 0.0000000000
96760  -13.153  56.268  25.137 0.0000000000
96761  -12.801  56.192  24.920 0.0000000000
96762  -13.131  56.304  24.618 0.0000000000
