#!ascii label  , from subject FREESURFER vox2ras=TkReg 
243
31642  -46.810  -32.322  29.707 0.0000000000
31673  -45.738  -32.356  27.117 0.0000000000
31686  -45.695  -32.354  26.080 0.0000000000
31698  -45.718  -32.262  25.483 0.0000000000
32405  -46.746  -31.253  30.072 0.0000000000
32423  -45.902  -31.075  28.350 0.0000000000
32424  -46.189  -31.410  28.822 0.0000000000
32440  -45.667  -31.370  27.860 0.0000000000
32441  -45.993  -32.259  27.987 0.0000000000
32456  -44.799  -31.084  26.386 0.0000000000
32457  -45.111  -31.373  26.698 0.0000000000
32468  -44.694  -31.253  25.993 0.0000000000
32469  -45.183  -31.876  25.591 0.0000000000
32470  -45.646  -32.163  25.064 0.0000000000
32477  -44.625  -31.439  25.125 0.0000000000
32478  -45.168  -31.849  24.696 0.0000000000
32479  -45.853  -32.165  24.348 0.0000000000
32486  -44.635  -31.476  24.240 0.0000000000
32487  -45.252  -31.784  23.803 0.0000000000
32488  -46.002  -32.147  23.338 0.0000000000
32493  -44.707  -31.407  23.438 0.0000000000
32494  -45.263  -31.625  22.711 0.0000000000
32495  -46.212  -32.200  22.238 0.0000000000
32502  -45.516  -31.667  21.539 0.0000000000
33174  -46.819  -30.218  30.442 0.0000000000
33195  -46.385  -30.426  29.545 0.0000000000
33214  -45.831  -30.372  28.486 0.0000000000
33215  -46.129  -30.529  28.984 0.0000000000
33232  -44.959  -29.789  27.363 0.0000000000
33233  -45.315  -30.432  27.594 0.0000000000
33251  -44.645  -30.521  26.528 0.0000000000
33252  -44.969  -30.549  27.046 0.0000000000
33266  -43.804  -30.271  25.130 0.0000000000
33267  -44.314  -30.774  25.569 0.0000000000
33276  -43.691  -30.566  24.135 0.0000000000
33277  -44.173  -30.974  24.648 0.0000000000
33285  -43.738  -30.647  23.246 0.0000000000
33286  -44.182  -31.051  23.729 0.0000000000
33293  -43.753  -30.640  22.669 0.0000000000
33294  -44.313  -31.017  22.670 0.0000000000
33295  -44.851  -31.288  21.901 0.0000000000
33302  -43.730  -30.600  22.060 0.0000000000
33303  -44.297  -30.914  21.561 0.0000000000
33304  -44.914  -31.224  21.008 0.0000000000
33311  -43.692  -30.531  21.102 0.0000000000
33312  -44.305  -30.851  20.595 0.0000000000
33320  -43.718  -30.436  20.096 0.0000000000
33965  -46.863  -29.360  30.645 0.0000000000
33986  -45.980  -29.018  29.538 0.0000000000
33987  -46.394  -29.338  29.784 0.0000000000
34006  -45.865  -29.224  29.121 0.0000000000
34007  -46.087  -29.935  29.190 0.0000000000
34008  -47.374  -29.043  29.693 0.0000000000
34028  -44.902  -29.113  27.744 0.0000000000
34029  -45.365  -29.194  28.220 0.0000000000
34030  -46.859  -28.795  28.285 0.0000000000
34031  -47.189  -29.033  28.558 0.0000000000
34032  -48.232  -29.691  27.979 0.0000000000
34047  -43.965  -28.962  26.811 0.0000000000
34048  -44.433  -29.170  27.107 0.0000000000
34049  -46.914  -28.882  27.944 0.0000000000
34050  -47.483  -29.282  27.363 0.0000000000
34068  -42.893  -29.045  25.445 0.0000000000
34069  -43.471  -29.258  25.933 0.0000000000
34070  -44.110  -30.009  26.060 0.0000000000
34071  -47.819  -29.340  26.545 0.0000000000
34072  -48.459  -29.141  26.177 0.0000000000
34087  -42.639  -29.174  24.772 0.0000000000
34088  -43.246  -29.873  24.487 0.0000000000
34100  -42.660  -29.652  23.442 0.0000000000
34101  -43.295  -30.234  23.593 0.0000000000
34113  -42.528  -29.752  22.219 0.0000000000
34114  -43.243  -30.273  22.694 0.0000000000
34123  -43.107  -30.185  21.646 0.0000000000
34769  -46.649  -29.019  30.271 0.0000000000
34770  -46.859  -28.922  30.478 0.0000000000
34789  -46.102  -28.806  29.446 0.0000000000
34790  -46.612  -28.859  29.867 0.0000000000
34791  -47.069  -28.787  30.232 0.0000000000
34807  -45.878  -28.591  28.838 0.0000000000
34808  -46.396  -28.650  29.179 0.0000000000
34809  -46.861  -28.757  29.438 0.0000000000
34828  -43.545  -28.044  27.437 0.0000000000
34829  -44.167  -27.993  27.672 0.0000000000
34830  -45.061  -28.537  27.898 0.0000000000
34831  -45.790  -28.380  28.056 0.0000000000
34832  -46.513  -28.634  28.392 0.0000000000
34833  -46.710  -28.688  28.903 0.0000000000
34848  -43.074  -28.379  26.643 0.0000000000
34849  -44.079  -28.422  27.179 0.0000000000
34850  -44.938  -28.103  27.775 0.0000000000
34851  -45.654  -28.235  27.050 0.0000000000
34852  -46.641  -28.779  27.181 0.0000000000
34853  -47.343  -29.145  26.700 0.0000000000
34867  -42.677  -28.671  25.643 0.0000000000
34868  -43.318  -28.687  26.363 0.0000000000
34869  -45.901  -28.158  25.759 0.0000000000
34870  -46.461  -28.520  25.972 0.0000000000
34871  -47.485  -28.935  25.881 0.0000000000
34872  -48.533  -28.592  25.435 0.0000000000
34891  -45.957  -28.085  25.145 0.0000000000
34892  -46.303  -28.247  25.113 0.0000000000
34893  -46.986  -28.415  24.988 0.0000000000
34894  -47.914  -28.274  24.746 0.0000000000
34895  -48.704  -28.018  24.830 0.0000000000
34912  -46.045  -27.974  24.696 0.0000000000
34913  -46.532  -28.021  24.363 0.0000000000
34914  -47.277  -28.001  24.165 0.0000000000
34915  -47.900  -27.781  24.009 0.0000000000
35658  -44.840  -27.334  27.907 0.0000000000
35677  -44.618  -27.898  27.812 0.0000000000
35678  -45.022  -27.517  27.397 0.0000000000
35679  -45.297  -27.810  26.976 0.0000000000
35694  -45.276  -27.291  26.093 0.0000000000
35695  -45.520  -27.897  26.216 0.0000000000
35707  -45.080  -26.953  24.564 0.0000000000
35708  -45.641  -27.758  25.165 0.0000000000
35709  -48.436  -27.644  24.265 0.0000000000
35718  -44.990  -27.002  23.333 0.0000000000
35719  -45.813  -27.585  23.862 0.0000000000
35720  -46.788  -27.672  23.566 0.0000000000
35721  -47.539  -27.532  23.534 0.0000000000
35722  -48.241  -27.138  23.559 0.0000000000
35723  -48.693  -27.153  24.034 0.0000000000
35731  -45.010  -26.892  22.717 0.0000000000
35732  -45.515  -27.104  22.803 0.0000000000
35733  -46.357  -27.257  22.835 0.0000000000
35734  -47.225  -27.195  22.937 0.0000000000
35735  -47.742  -27.136  23.163 0.0000000000
36439  -45.153  -26.516  26.707 0.0000000000
36457  -44.433  -25.611  25.288 0.0000000000
36458  -44.977  -26.339  25.527 0.0000000000
36474  -44.046  -25.442  24.632 0.0000000000
36475  -44.504  -26.007  24.545 0.0000000000
36491  -43.366  -25.345  23.715 0.0000000000
36492  -43.760  -25.564  23.891 0.0000000000
36493  -44.431  -26.352  23.627 0.0000000000
36494  -48.405  -26.427  23.331 0.0000000000
36509  -43.295  -25.504  23.369 0.0000000000
36510  -43.793  -25.997  23.026 0.0000000000
36511  -44.499  -26.538  22.652 0.0000000000
36512  -45.145  -26.709  22.220 0.0000000000
36513  -45.920  -26.768  22.096 0.0000000000
36514  -46.890  -26.570  22.186 0.0000000000
36515  -47.866  -26.468  22.797 0.0000000000
36531  -43.202  -25.808  22.663 0.0000000000
36532  -43.737  -26.150  22.069 0.0000000000
36533  -44.576  -26.417  21.737 0.0000000000
36534  -45.357  -26.401  21.474 0.0000000000
36535  -46.211  -26.118  21.391 0.0000000000
36536  -46.954  -25.841  21.617 0.0000000000
36546  -44.011  -26.217  21.244 0.0000000000
36547  -44.725  -26.244  20.930 0.0000000000
36548  -45.469  -25.941  20.665 0.0000000000
36549  -46.125  -25.556  20.767 0.0000000000
36558  -44.128  -26.102  20.549 0.0000000000
36559  -44.699  -25.976  20.158 0.0000000000
36560  -45.269  -25.624  19.946 0.0000000000
37254  -44.869  -25.785  26.088 0.0000000000
37281  -42.104  -25.003  23.756 0.0000000000
37282  -43.038  -25.109  23.942 0.0000000000
37283  -43.540  -25.159  24.511 0.0000000000
37297  -41.719  -25.175  22.612 0.0000000000
37298  -42.646  -25.435  23.048 0.0000000000
37299  -47.483  -25.784  22.089 0.0000000000
37300  -48.008  -25.396  22.490 0.0000000000
37317  -41.050  -24.815  20.924 0.0000000000
37318  -41.873  -25.140  21.330 0.0000000000
37319  -42.791  -25.726  21.812 0.0000000000
37320  -43.489  -26.032  21.480 0.0000000000
37321  -46.660  -25.390  21.147 0.0000000000
37322  -47.308  -24.997  21.579 0.0000000000
37323  -47.698  -25.184  22.071 0.0000000000
37343  -41.066  -24.820  19.897 0.0000000000
37344  -41.871  -25.031  20.260 0.0000000000
37345  -42.709  -25.489  20.574 0.0000000000
37346  -43.466  -25.924  20.876 0.0000000000
37347  -45.793  -25.314  20.214 0.0000000000
37348  -46.437  -24.777  20.526 0.0000000000
37349  -46.888  -24.855  21.061 0.0000000000
37366  -41.066  -24.876  19.037 0.0000000000
37367  -41.775  -24.968  19.326 0.0000000000
37368  -42.635  -25.201  19.566 0.0000000000
37369  -43.726  -25.675  19.803 0.0000000000
37370  -44.732  -25.480  19.519 0.0000000000
37371  -45.441  -24.917  19.513 0.0000000000
37372  -45.962  -24.798  19.981 0.0000000000
37384  -41.603  -24.826  18.597 0.0000000000
37385  -42.379  -24.891  18.724 0.0000000000
37386  -43.298  -24.981  18.906 0.0000000000
37387  -44.242  -25.040  19.031 0.0000000000
37388  -44.854  -25.000  19.166 0.0000000000
38077  -41.071  -24.944  21.869 0.0000000000
38078  -47.617  -24.095  21.558 0.0000000000
38079  -47.956  -24.496  22.142 0.0000000000
38108  -46.738  -23.874  20.373 0.0000000000
38109  -47.157  -24.185  20.963 0.0000000000
38137  -45.497  -24.180  19.288 0.0000000000
38138  -46.114  -24.029  19.757 0.0000000000
38150  -42.010  -24.679  17.998 0.0000000000
38151  -42.888  -24.526  18.138 0.0000000000
38152  -43.878  -24.367  18.338 0.0000000000
38153  -44.899  -24.311  18.814 0.0000000000
38164  -42.395  -24.158  17.365 0.0000000000
38165  -43.330  -23.963  17.633 0.0000000000
38166  -43.981  -23.754  17.805 0.0000000000
38801  -47.524  -23.413  21.293 0.0000000000
38820  -46.647  -23.190  20.100 0.0000000000
38821  -47.152  -23.056  20.700 0.0000000000
38848  -45.551  -23.356  19.095 0.0000000000
38849  -46.254  -22.816  19.632 0.0000000000
38873  -44.453  -23.764  18.206 0.0000000000
38874  -44.952  -23.393  18.452 0.0000000000
38886  -42.986  -23.517  17.093 0.0000000000
38887  -43.762  -23.166  17.298 0.0000000000
38888  -44.372  -23.274  17.769 0.0000000000
38889  -44.645  -23.350  18.106 0.0000000000
38905  -43.288  -23.018  16.965 0.0000000000
39612  -46.660  -22.131  20.325 0.0000000000
39623  -45.839  -22.110  19.230 0.0000000000
39624  -46.252  -22.059  19.716 0.0000000000
39649  -45.272  -22.532  18.588 0.0000000000
39666  -43.919  -22.664  17.213 0.0000000000
39667  -44.374  -22.463  17.475 0.0000000000
39668  -44.802  -22.882  18.037 0.0000000000
39685  -43.574  -22.276  16.983 0.0000000000
39686  -44.247  -21.766  17.311 0.0000000000
40415  -45.813  -21.521  19.237 0.0000000000
40416  -46.190  -21.296  19.692 0.0000000000
40440  -45.033  -21.020  18.350 0.0000000000
40441  -45.440  -21.278  18.706 0.0000000000
40442  -45.934  -20.531  19.128 0.0000000000
40464  -44.716  -21.279  17.917 0.0000000000
40465  -44.976  -22.103  18.090 0.0000000000
40485  -44.024  -20.977  17.303 0.0000000000
41246  -44.972  -20.573  18.347 0.0000000000
41247  -45.434  -20.114  18.512 0.0000000000
41275  -44.425  -20.131  17.945 0.0000000000
41276  -44.906  -19.965  18.360 0.0000000000
41305  -43.971  -20.213  17.564 0.0000000000
42127  -45.347  -19.760  18.294 0.0000000000
42128  -45.611  -19.805  18.240 0.0000000000
42148  -45.109  -19.516  17.951 0.0000000000
