#!ascii label  , from subject FREESURFER vox2ras=TkReg 
128
83572  -15.607  31.271  34.283 0.0000000000
83573  -16.641  31.433  34.302 0.0000000000
84050  -17.548  31.344  34.492 0.0000000000
84056  -14.922  31.944  34.229 0.0000000000
84057  -16.182  31.964  34.124 0.0000000000
84058  -17.362  31.924  34.315 0.0000000000
84059  -18.417  31.871  34.480 0.0000000000
84505  -13.994  32.806  34.337 0.0000000000
84506  -15.516  32.740  34.096 0.0000000000
84507  -16.923  32.618  34.244 0.0000000000
84508  -18.198  32.402  34.553 0.0000000000
84509  -19.055  32.346  34.098 0.0000000000
84962  -19.459  33.642  36.909 0.0000000000
84963  -19.718  33.498  37.010 0.0000000000
84964  -20.248  33.430  37.038 0.0000000000
84965  -18.610  33.794  36.208 0.0000000000
84966  -19.086  33.610  36.530 0.0000000000
84967  -19.936  33.008  36.443 0.0000000000
84968  -20.413  33.579  36.522 0.0000000000
84972  -18.466  33.662  35.796 0.0000000000
84973  -19.032  32.990  35.695 0.0000000000
84974  -19.816  33.080  35.345 0.0000000000
84978  -13.365  33.840  34.421 0.0000000000
84979  -14.733  33.696  34.098 0.0000000000
84980  -16.215  33.511  34.168 0.0000000000
84981  -17.820  33.349  34.763 0.0000000000
84982  -19.134  32.844  34.549 0.0000000000
84983  -19.643  33.547  34.524 0.0000000000
84986  -18.823  33.183  33.343 0.0000000000
85461  -19.485  34.012  36.994 0.0000000000
85462  -20.016  33.950  37.214 0.0000000000
85463  -20.393  34.085  36.830 0.0000000000
85464  -18.310  34.260  36.076 0.0000000000
85465  -18.889  34.394  36.630 0.0000000000
85466  -20.358  33.551  35.767 0.0000000000
85467  -20.680  34.339  36.026 0.0000000000
85468  -17.657  34.132  35.328 0.0000000000
85469  -20.109  33.789  34.902 0.0000000000
85470  -20.489  34.349  35.076 0.0000000000
85472  -12.700  34.687  34.400 0.0000000000
85473  -13.879  34.696  34.217 0.0000000000
85474  -15.396  34.526  34.079 0.0000000000
85475  -16.698  34.240  34.404 0.0000000000
85476  -17.280  34.043  34.828 0.0000000000
85477  -19.288  34.001  33.559 0.0000000000
85478  -19.880  34.256  34.137 0.0000000000
85479  -20.253  34.357  34.516 0.0000000000
85482  -18.901  34.095  32.578 0.0000000000
85485  -18.879  34.202  31.506 0.0000000000
85488  -19.436  35.005  29.950 0.0000000000
85996  -19.790  34.403  37.090 0.0000000000
85997  -20.131  34.782  37.045 0.0000000000
85998  -20.638  34.919  36.547 0.0000000000
85999  -18.267  35.236  36.187 0.0000000000
86000  -19.380  35.004  36.799 0.0000000000
86001  -19.881  35.224  36.877 0.0000000000
86002  -20.928  35.226  35.841 0.0000000000
86003  -16.657  35.730  34.906 0.0000000000
86004  -17.305  35.225  35.304 0.0000000000
86005  -20.993  35.091  35.095 0.0000000000
86007  -12.397  35.062  33.898 0.0000000000
86008  -12.969  35.671  34.260 0.0000000000
86009  -14.502  35.474  34.170 0.0000000000
86010  -16.202  35.367  34.371 0.0000000000
86011  -17.110  34.633  34.734 0.0000000000
86012  -19.368  34.483  33.235 0.0000000000
86013  -19.686  34.655  33.370 0.0000000000
86014  -20.580  34.995  33.947 0.0000000000
86017  -13.086  35.989  33.448 0.0000000000
86018  -19.283  34.665  32.902 0.0000000000
86019  -19.968  35.314  32.672 0.0000000000
86020  -20.699  35.507  33.152 0.0000000000
86023  -19.057  34.971  32.072 0.0000000000
86024  -19.612  35.556  31.557 0.0000000000
86027  -19.070  35.038  31.151 0.0000000000
86028  -19.687  35.485  30.530 0.0000000000
86029  -20.326  35.690  29.966 0.0000000000
86510  -20.105  35.304  36.830 0.0000000000
86511  -20.315  35.341  36.699 0.0000000000
86512  -14.911  37.210  35.385 0.0000000000
86513  -15.732  36.958  35.469 0.0000000000
86514  -17.182  36.365  35.470 0.0000000000
86515  -18.621  36.140  36.116 0.0000000000
86516  -19.852  35.863  36.530 0.0000000000
86517  -20.707  35.797  36.113 0.0000000000
86518  -14.747  36.755  34.907 0.0000000000
86519  -16.095  36.219  34.958 0.0000000000
86520  -16.850  35.925  35.157 0.0000000000
86521  -21.283  35.991  35.201 0.0000000000
86522  -21.442  36.477  34.825 0.0000000000
86524  -13.740  36.279  34.348 0.0000000000
86525  -15.078  36.090  34.422 0.0000000000
86526  -21.394  35.760  34.354 0.0000000000
86527  -21.621  36.343  34.544 0.0000000000
86530  -20.805  35.776  32.667 0.0000000000
86531  -21.387  35.862  33.379 0.0000000000
86532  -21.968  36.319  33.985 0.0000000000
86535  -20.444  35.886  31.866 0.0000000000
86536  -21.467  36.206  32.325 0.0000000000
86537  -22.218  36.495  33.118 0.0000000000
86540  -20.127  35.825  31.170 0.0000000000
86541  -20.973  36.045  30.887 0.0000000000
86542  -22.637  36.762  31.766 0.0000000000
86548  -22.154  36.366  30.032 0.0000000000
87017  -16.360  37.486  35.669 0.0000000000
87018  -17.778  37.404  35.402 0.0000000000
87019  -19.260  36.895  35.646 0.0000000000
87020  -20.383  36.619  35.750 0.0000000000
87021  -20.907  36.331  35.521 0.0000000000
87025  -18.020  38.092  35.028 0.0000000000
87026  -18.802  37.915  34.759 0.0000000000
87027  -20.115  37.465  35.037 0.0000000000
87028  -21.157  36.853  35.022 0.0000000000
87029  -21.543  36.658  34.683 0.0000000000
87033  -19.051  38.320  34.127 0.0000000000
87034  -19.738  38.122  34.267 0.0000000000
87035  -21.047  37.787  34.220 0.0000000000
87036  -21.713  36.871  34.423 0.0000000000
87039  -21.789  37.905  33.356 0.0000000000
87040  -22.087  37.114  33.791 0.0000000000
87044  -22.619  37.324  33.031 0.0000000000
87550  -18.045  38.379  34.528 0.0000000000
87555  -18.464  38.565  33.865 0.0000000000
87556  -19.228  38.474  33.615 0.0000000000
87557  -20.051  38.352  33.659 0.0000000000
87562  -18.642  38.757  32.991 0.0000000000
87563  -19.522  38.608  32.954 0.0000000000
87564  -20.616  38.382  33.173 0.0000000000
