#!ascii label  , from subject FREESURFER vox2ras=TkReg 
256
93343  -18.906  49.120  19.132 0.0000000000
93344  -19.570  48.882  19.277 0.0000000000
93351  -18.105  49.213  18.024 0.0000000000
93352  -18.804  48.693  18.297 0.0000000000
93360  -17.972  48.857  17.463 0.0000000000
93361  -18.484  48.353  17.483 0.0000000000
93365  -17.602  48.651  16.593 0.0000000000
93367  -16.970  49.258  15.375 0.0000000000
93370  -16.939  49.108  14.894 0.0000000000
93863  -19.416  50.227  20.144 0.0000000000
93871  -18.475  49.870  19.111 0.0000000000
93872  -19.104  49.874  19.659 0.0000000000
93881  -18.139  49.675  18.554 0.0000000000
93882  -18.589  49.402  18.986 0.0000000000
93887  -17.715  49.667  17.755 0.0000000000
93891  -17.191  49.715  16.466 0.0000000000
93892  -17.452  49.488  16.936 0.0000000000
93895  -17.002  49.599  15.865 0.0000000000
93896  -17.260  49.216  16.293 0.0000000000
93898  -16.874  49.759  15.154 0.0000000000
93904  -16.982  49.722  14.461 0.0000000000
94424  -19.385  50.749  20.463 0.0000000000
94430  -18.420  50.631  19.144 0.0000000000
94431  -18.800  50.714  19.817 0.0000000000
94436  -17.782  50.524  18.205 0.0000000000
94439  -17.219  50.610  16.912 0.0000000000
94440  -17.366  50.340  17.228 0.0000000000
94442  -17.104  50.326  16.480 0.0000000000
94443  -17.254  49.965  16.776 0.0000000000
94446  -16.930  50.395  15.631 0.0000000000
94449  -17.061  50.547  14.792 0.0000000000
94450  -17.412  50.927  14.166 0.0000000000
94456  -17.203  50.281  14.092 0.0000000000
94457  -17.522  50.584  13.371 0.0000000000
94910  -19.792  52.818  22.853 0.0000000000
94916  -20.101  52.691  21.966 0.0000000000
94923  -19.536  51.865  21.208 0.0000000000
94928  -18.431  51.276  19.252 0.0000000000
94929  -18.709  51.740  19.881 0.0000000000
94933  -18.194  51.515  18.770 0.0000000000
94934  -18.411  52.516  19.170 0.0000000000
94937  -17.278  50.820  17.136 0.0000000000
94938  -17.564  51.372  17.537 0.0000000000
94941  -17.163  50.983  16.823 0.0000000000
94942  -17.346  51.710  16.614 0.0000000000
94944  -17.035  51.061  16.123 0.0000000000
94945  -17.302  51.789  15.740 0.0000000000
94950  -17.098  51.083  15.406 0.0000000000
94951  -17.455  51.600  14.788 0.0000000000
94957  -17.677  51.643  13.799 0.0000000000
94965  -17.816  51.559  12.809 0.0000000000
94975  -18.130  51.508  11.747 0.0000000000
95368  -20.072  55.124  23.146 0.0000000000
95369  -20.060  55.939  22.630 0.0000000000
95370  -20.742  55.469  22.310 0.0000000000
95375  -19.000  53.967  22.897 0.0000000000
95376  -19.616  55.315  22.511 0.0000000000
95377  -20.662  55.054  22.194 0.0000000000
95383  -20.046  54.038  21.853 0.0000000000
95384  -20.372  54.944  21.706 0.0000000000
95385  -20.624  55.370  21.797 0.0000000000
95390  -19.166  53.211  21.026 0.0000000000
95392  -18.561  53.225  19.892 0.0000000000
95394  -18.123  52.647  18.221 0.0000000000
95395  -18.404  53.361  19.024 0.0000000000
95397  -17.746  52.485  17.159 0.0000000000
95400  -17.631  52.559  16.234 0.0000000000
95403  -17.699  52.620  15.309 0.0000000000
95408  -17.712  52.636  14.324 0.0000000000
95414  -17.689  52.560  13.322 0.0000000000
95421  -17.725  52.476  12.347 0.0000000000
95432  -17.813  52.479  11.398 0.0000000000
95439  -17.777  52.488  10.462 0.0000000000
95831  -19.556  55.324  23.112 0.0000000000
95832  -19.968  55.257  23.304 0.0000000000
95833  -20.550  55.519  22.949 0.0000000000
95841  -18.367  53.722  22.086 0.0000000000
95842  -19.104  55.023  22.568 0.0000000000
95843  -19.533  54.969  23.159 0.0000000000
95851  -17.768  53.761  21.275 0.0000000000
95852  -18.880  54.653  21.309 0.0000000000
95853  -19.948  54.862  21.301 0.0000000000
95858  -17.503  54.113  20.405 0.0000000000
95859  -18.430  53.961  20.586 0.0000000000
95863  -17.414  54.498  19.678 0.0000000000
95864  -18.237  54.210  19.488 0.0000000000
95867  -18.100  53.299  17.529 0.0000000000
95868  -18.345  53.944  18.257 0.0000000000
95871  -17.986  53.307  16.719 0.0000000000
95872  -18.248  54.077  17.198 0.0000000000
95875  -17.999  53.365  15.862 0.0000000000
95876  -18.245  54.027  16.314 0.0000000000
95880  -18.000  53.776  14.963 0.0000000000
95881  -18.176  53.951  15.707 0.0000000000
95887  -17.666  53.577  13.817 0.0000000000
95892  -17.469  53.436  12.858 0.0000000000
95897  -16.730  53.958  11.489 0.0000000000
95898  -17.327  53.297  11.931 0.0000000000
95904  -16.600  53.786  10.560 0.0000000000
95905  -17.285  53.216  10.991 0.0000000000
95911  -16.578  53.655  9.636 0.0000000000
95912  -17.156  53.125  10.079 0.0000000000
96312  -19.778  55.517  23.159 0.0000000000
96313  -20.115  55.776  23.031 0.0000000000
96314  -20.600  55.953  22.381 0.0000000000
96320  -19.538  55.777  22.631 0.0000000000
96321  -20.010  56.243  22.546 0.0000000000
96329  -19.059  55.583  21.926 0.0000000000
96330  -19.588  55.419  21.441 0.0000000000
96331  -20.311  55.394  21.316 0.0000000000
96343  -17.816  54.770  19.130 0.0000000000
96349  -17.580  55.148  18.469 0.0000000000
96350  -18.089  54.744  18.521 0.0000000000
96354  -17.960  55.291  17.930 0.0000000000
96355  -18.273  54.967  17.594 0.0000000000
96357  -18.438  54.866  16.692 0.0000000000
96359  -18.089  54.845  14.960 0.0000000000
96360  -18.318  54.661  15.750 0.0000000000
96363  -17.792  54.629  14.150 0.0000000000
96367  -17.390  54.406  13.281 0.0000000000
96370  -16.495  54.730  11.812 0.0000000000
96371  -16.952  54.306  12.424 0.0000000000
96373  -15.649  55.186  10.830 0.0000000000
96374  -16.083  54.695  11.030 0.0000000000
96377  -15.696  54.970  10.276 0.0000000000
96378  -16.114  54.345  10.010 0.0000000000
96381  -15.726  54.839  9.455 0.0000000000
96763  -19.314  56.074  22.012 0.0000000000
96764  -19.594  56.320  22.098 0.0000000000
96765  -20.257  56.532  21.990 0.0000000000
96771  -19.263  56.084  21.571 0.0000000000
96772  -19.947  55.857  21.735 0.0000000000
96773  -20.650  55.910  21.626 0.0000000000
96798  -17.667  55.835  17.670 0.0000000000
96799  -18.175  55.964  17.430 0.0000000000
96804  -18.467  55.899  16.999 0.0000000000
96806  -18.282  55.621  15.460 0.0000000000
96807  -18.525  55.712  16.278 0.0000000000
96809  -17.871  55.630  14.589 0.0000000000
96812  -17.067  56.116  13.002 0.0000000000
96813  -17.378  55.561  13.474 0.0000000000
96816  -16.010  56.134  12.057 0.0000000000
96817  -16.590  55.593  12.401 0.0000000000
96818  -17.036  54.946  12.934 0.0000000000
96821  -15.112  56.185  11.189 0.0000000000
96822  -15.627  55.729  11.426 0.0000000000
96823  -16.178  55.168  11.678 0.0000000000
96826  -14.997  55.984  10.771 0.0000000000
96827  -15.349  55.471  10.544 0.0000000000
96829  -14.996  55.780  10.141 0.0000000000
96830  -15.337  55.367  9.805 0.0000000000
96833  -14.942  55.852  9.466 0.0000000000
97217  -17.427  56.780  17.431 0.0000000000
97218  -18.461  56.798  17.829 0.0000000000
97223  -17.292  57.628  17.315 0.0000000000
97224  -19.023  56.795  17.503 0.0000000000
97226  -18.611  56.459  15.970 0.0000000000
97227  -19.098  56.849  16.734 0.0000000000
97229  -18.174  56.595  15.266 0.0000000000
97232  -17.152  56.494  13.495 0.0000000000
97233  -17.580  56.676  14.299 0.0000000000
97235  -16.226  56.540  12.387 0.0000000000
97236  -16.693  56.727  12.967 0.0000000000
97239  -15.217  56.516  11.467 0.0000000000
97240  -15.660  56.728  11.980 0.0000000000
97244  -14.820  56.626  11.024 0.0000000000
97246  -14.648  56.446  10.132 0.0000000000
97669  -18.286  57.870  17.900 0.0000000000
97670  -19.459  57.844  17.995 0.0000000000
97671  -19.774  58.407  17.705 0.0000000000
97677  -17.554  58.409  17.416 0.0000000000
97678  -19.680  57.636  17.373 0.0000000000
97679  -19.883  58.230  17.552 0.0000000000
97681  -19.062  57.553  15.928 0.0000000000
97682  -19.756  57.916  16.776 0.0000000000
97683  -20.052  58.048  17.108 0.0000000000
97685  -17.591  58.018  14.546 0.0000000000
97686  -18.150  57.698  15.024 0.0000000000
97689  -16.414  57.819  13.396 0.0000000000
97690  -17.020  57.484  13.834 0.0000000000
97691  -17.566  57.451  14.415 0.0000000000
97693  -15.372  57.759  12.378 0.0000000000
97694  -15.995  57.452  12.729 0.0000000000
97695  -16.530  57.362  13.210 0.0000000000
97698  -15.022  57.395  11.713 0.0000000000
97699  -15.507  57.331  12.190 0.0000000000
97703  -14.106  57.893  10.115 0.0000000000
97704  -14.454  57.444  10.703 0.0000000000
97708  -14.319  57.223  9.672 0.0000000000
98119  -18.902  58.613  18.043 0.0000000000
98120  -19.533  58.965  17.690 0.0000000000
98121  -19.884  58.649  17.471 0.0000000000
98127  -17.126  59.244  17.105 0.0000000000
98128  -18.311  59.157  17.506 0.0000000000
98129  -19.185  59.328  17.492 0.0000000000
98130  -20.007  58.598  17.255 0.0000000000
98133  -19.069  58.750  15.579 0.0000000000
98134  -19.680  58.680  16.355 0.0000000000
98135  -20.029  58.638  16.916 0.0000000000
98138  -16.531  58.946  14.166 0.0000000000
98139  -17.232  58.704  14.432 0.0000000000
98140  -18.187  58.810  14.941 0.0000000000
98143  -15.195  58.720  13.240 0.0000000000
98144  -15.930  58.519  13.527 0.0000000000
98145  -16.603  58.283  13.851 0.0000000000
98147  -14.872  58.418  12.501 0.0000000000
98148  -15.452  58.166  12.866 0.0000000000
98151  -14.047  58.862  10.955 0.0000000000
98152  -14.436  58.401  11.483 0.0000000000
98155  -14.184  58.260  10.677 0.0000000000
98545  -19.887  59.035  17.303 0.0000000000
98546  -20.160  58.838  17.141 0.0000000000
98551  -17.665  60.319  17.126 0.0000000000
98552  -18.720  60.178  17.096 0.0000000000
98553  -19.673  59.718  16.956 0.0000000000
98554  -20.014  59.047  17.087 0.0000000000
98556  -18.820  59.766  15.517 0.0000000000
98557  -19.669  59.674  16.114 0.0000000000
98558  -19.917  59.214  16.700 0.0000000000
98560  -15.378  59.968  14.090 0.0000000000
98561  -16.125  59.661  14.264 0.0000000000
98562  -17.058  59.705  14.547 0.0000000000
98563  -17.913  59.744  14.972 0.0000000000
98565  -14.064  59.881  12.850 0.0000000000
98566  -14.692  59.503  13.368 0.0000000000
98567  -15.401  59.242  13.730 0.0000000000
98570  -13.778  59.845  12.082 0.0000000000
98571  -14.260  59.171  12.332 0.0000000000
98576  -14.013  59.185  11.567 0.0000000000
98945  -16.930  61.390  17.111 0.0000000000
98946  -18.005  61.216  16.835 0.0000000000
98947  -18.821  60.746  16.374 0.0000000000
98948  -19.476  60.249  16.329 0.0000000000
98951  -16.949  61.292  15.255 0.0000000000
98952  -17.619  61.108  15.395 0.0000000000
98953  -18.390  60.726  15.619 0.0000000000
98954  -19.221  60.405  15.929 0.0000000000
98956  -14.979  60.763  14.124 0.0000000000
98957  -16.073  60.861  14.649 0.0000000000
98958  -16.921  60.565  14.795 0.0000000000
98959  -17.604  60.431  15.030 0.0000000000
98963  -14.251  60.389  13.438 0.0000000000
99345  -16.105  62.300  17.091 0.0000000000
99346  -17.028  62.111  16.487 0.0000000000
99347  -18.079  61.540  16.227 0.0000000000
99348  -18.451  61.275  16.001 0.0000000000
99351  -16.501  61.931  15.519 0.0000000000
99352  -17.504  61.739  15.791 0.0000000000
99353  -18.099  61.422  15.804 0.0000000000
99356  -14.949  61.896  14.516 0.0000000000
99357  -15.631  61.597  14.826 0.0000000000
99361  -14.246  61.302  13.746 0.0000000000
99747  -16.163  63.016  16.707 0.0000000000
99750  -16.288  62.897  16.054 0.0000000000
99755  -15.665  62.459  15.320 0.0000000000
105516  -20.772  55.648  21.972 0.0000000000
