#!ascii label  , from subject FREESURFER vox2ras=TkReg 
212
94996  -7.654  51.640  7.425 0.0000000000
94997  -7.960  51.652  7.549 0.0000000000
95005  -7.576  51.603  7.090 0.0000000000
95006  -8.744  51.656  7.173 0.0000000000
95007  -10.021  51.761  7.106 0.0000000000
95008  -11.168  51.840  7.280 0.0000000000
95015  -7.494  51.759  6.507 0.0000000000
95016  -8.373  51.706  6.078 0.0000000000
95017  -9.788  51.667  6.225 0.0000000000
95018  -11.044  51.580  6.388 0.0000000000
95026  -8.760  51.786  5.320 0.0000000000
95027  -9.641  51.706  5.112 0.0000000000
95028  -10.959  51.511  5.407 0.0000000000
95036  -10.113  51.604  3.966 0.0000000000
95037  -11.038  51.510  4.353 0.0000000000
95044  -10.294  51.598  2.991 0.0000000000
95045  -11.159  51.507  3.296 0.0000000000
95055  -10.372  51.679  2.472 0.0000000000
95436  -10.601  52.856  10.280 0.0000000000
95443  -9.319  52.704  8.881 0.0000000000
95444  -10.143  52.746  9.452 0.0000000000
95445  -11.228  52.535  9.669 0.0000000000
95452  -7.640  51.831  7.619 0.0000000000
95453  -8.752  51.921  8.198 0.0000000000
95454  -10.081  52.413  8.543 0.0000000000
95455  -11.087  52.500  8.890 0.0000000000
95461  -7.052  51.899  7.292 0.0000000000
95462  -9.347  51.789  7.626 0.0000000000
95463  -10.069  51.981  7.841 0.0000000000
95464  -11.155  52.253  8.088 0.0000000000
95471  -6.997  51.965  6.728 0.0000000000
95472  -7.612  52.170  6.080 0.0000000000
95478  -7.973  52.425  4.404 0.0000000000
95479  -8.285  52.153  5.082 0.0000000000
95480  -8.922  51.811  5.001 0.0000000000
95487  -7.653  52.316  3.784 0.0000000000
95488  -8.371  51.952  4.085 0.0000000000
95489  -9.079  51.750  4.470 0.0000000000
95495  -6.252  52.578  2.469 0.0000000000
95496  -7.001  52.159  2.960 0.0000000000
95497  -8.267  51.843  3.171 0.0000000000
95498  -9.279  51.670  3.527 0.0000000000
95507  -6.168  52.857  1.876 0.0000000000
95508  -6.982  52.493  1.999 0.0000000000
95509  -8.172  52.226  2.236 0.0000000000
95510  -9.562  51.795  2.451 0.0000000000
95511  -10.386  51.734  2.207 0.0000000000
95521  -6.313  53.244  1.693 0.0000000000
95522  -6.868  53.089  1.573 0.0000000000
95523  -8.186  52.923  1.329 0.0000000000
95902  -9.661  53.865  11.319 0.0000000000
95909  -9.214  53.746  10.501 0.0000000000
95910  -10.053  53.302  10.839 0.0000000000
95916  -9.018  53.345  9.598 0.0000000000
95917  -9.775  53.176  10.148 0.0000000000
95923  -7.993  52.364  8.022 0.0000000000
95924  -8.695  53.074  8.544 0.0000000000
95929  -7.388  52.329  7.471 0.0000000000
95930  -8.193  53.086  7.770 0.0000000000
95935  -6.954  52.276  7.114 0.0000000000
95936  -7.676  52.868  6.698 0.0000000000
95940  -7.900  52.726  4.797 0.0000000000
95941  -7.855  52.998  5.381 0.0000000000
95948  -7.613  52.941  4.319 0.0000000000
95949  -7.833  53.122  4.766 0.0000000000
95955  -6.235  52.973  3.117 0.0000000000
95956  -7.010  52.946  3.669 0.0000000000
95967  -5.881  53.155  2.468 0.0000000000
95981  -6.034  53.496  1.914 0.0000000000
95982  -6.618  53.698  1.617 0.0000000000
95983  -7.602  53.727  1.320 0.0000000000
95997  -8.632  53.687  0.866 0.0000000000
96372  -9.657  54.482  11.776 0.0000000000
96375  -8.283  55.188  10.556 0.0000000000
96376  -8.813  54.658  10.878 0.0000000000
96379  -7.993  54.959  10.299 0.0000000000
96380  -8.360  54.205  10.097 0.0000000000
96383  -7.847  54.792  9.743 0.0000000000
96384  -8.297  54.226  9.162 0.0000000000
96390  -8.788  54.059  8.220 0.0000000000
96396  -9.235  53.970  7.140 0.0000000000
96397  -9.471  54.769  6.392 0.0000000000
96403  -9.025  54.077  5.777 0.0000000000
96404  -9.569  54.946  5.932 0.0000000000
96412  -7.460  53.444  3.906 0.0000000000
96413  -8.183  53.854  4.458 0.0000000000
96424  -6.101  53.528  2.906 0.0000000000
96425  -6.969  54.139  3.360 0.0000000000
96426  -8.076  54.704  3.855 0.0000000000
96439  -6.156  53.895  2.502 0.0000000000
96440  -6.798  54.711  2.429 0.0000000000
96455  -6.376  54.142  1.954 0.0000000000
96456  -7.285  54.562  1.779 0.0000000000
96457  -8.496  54.560  1.324 0.0000000000
96814  -9.860  54.941  12.073 0.0000000000
96815  -10.303  55.464  12.304 0.0000000000
96819  -9.480  55.447  11.429 0.0000000000
96820  -10.055  55.976  11.619 0.0000000000
96824  -7.995  55.644  10.317 0.0000000000
96825  -8.625  55.561  10.734 0.0000000000
96828  -7.578  55.489  9.837 0.0000000000
96831  -7.789  55.300  9.183 0.0000000000
96832  -8.442  55.151  8.534 0.0000000000
96838  -9.068  55.153  7.696 0.0000000000
96843  -9.450  55.312  6.869 0.0000000000
96844  -9.651  55.511  6.195 0.0000000000
96850  -9.086  54.623  4.944 0.0000000000
96851  -9.641  55.447  5.353 0.0000000000
96860  -8.957  55.247  4.306 0.0000000000
96861  -9.655  56.136  4.603 0.0000000000
96871  -7.215  55.470  2.909 0.0000000000
96872  -8.010  55.658  3.488 0.0000000000
96879  -7.725  55.749  2.242 0.0000000000
96888  -8.112  55.160  1.773 0.0000000000
97230  -10.735  56.240  12.695 0.0000000000
97234  -10.416  56.507  11.918 0.0000000000
97237  -9.055  56.011  10.856 0.0000000000
97238  -9.616  56.619  11.037 0.0000000000
97241  -7.674  56.193  9.951 0.0000000000
97242  -8.435  56.517  10.396 0.0000000000
97243  -8.968  57.310  10.515 0.0000000000
97245  -7.540  56.189  9.294 0.0000000000
97249  -8.025  56.070  8.680 0.0000000000
97250  -8.786  56.124  8.115 0.0000000000
97256  -9.488  56.355  7.183 0.0000000000
97257  -10.021  57.085  6.788 0.0000000000
97264  -9.601  55.959  6.560 0.0000000000
97265  -10.025  56.497  6.100 0.0000000000
97271  -10.143  56.619  5.069 0.0000000000
97279  -9.121  56.521  3.902 0.0000000000
97280  -9.860  56.848  4.448 0.0000000000
97286  -7.654  56.608  2.900 0.0000000000
97287  -8.231  56.815  3.381 0.0000000000
97295  -8.088  56.890  2.438 0.0000000000
97692  -10.143  57.561  11.599 0.0000000000
97696  -8.900  58.219  10.398 0.0000000000
97697  -9.416  57.849  10.790 0.0000000000
97700  -7.879  56.945  9.606 0.0000000000
97701  -8.473  57.787  10.032 0.0000000000
97702  -8.918  57.798  10.422 0.0000000000
97705  -8.042  56.898  8.791 0.0000000000
97706  -8.426  57.769  9.104 0.0000000000
97711  -8.490  56.623  8.460 0.0000000000
97712  -9.351  57.358  8.144 0.0000000000
97713  -10.108  58.082  7.669 0.0000000000
97719  -9.833  57.129  7.335 0.0000000000
97720  -10.260  57.742  7.159 0.0000000000
97726  -10.391  57.611  6.227 0.0000000000
97729  -10.387  57.457  5.409 0.0000000000
97736  -9.591  57.511  4.109 0.0000000000
97737  -10.186  57.492  4.685 0.0000000000
97744  -7.940  57.635  3.151 0.0000000000
97745  -8.770  57.556  3.556 0.0000000000
97753  -7.922  57.595  2.647 0.0000000000
98149  -9.024  58.790  10.716 0.0000000000
98153  -8.699  58.825  10.119 0.0000000000
98156  -8.713  58.721  9.471 0.0000000000
98160  -9.219  58.597  8.701 0.0000000000
98161  -10.025  58.606  8.006 0.0000000000
98166  -10.485  58.644  7.252 0.0000000000
98171  -10.607  58.515  6.406 0.0000000000
98174  -10.571  58.352  5.552 0.0000000000
98180  -9.947  58.381  4.377 0.0000000000
98181  -10.424  58.152  4.919 0.0000000000
98187  -8.431  58.591  3.404 0.0000000000
98188  -9.260  58.248  3.852 0.0000000000
98195  -7.815  58.533  2.709 0.0000000000
98196  -8.024  58.083  2.445 0.0000000000
98205  -7.697  58.969  2.298 0.0000000000
98581  -8.545  59.779  9.731 0.0000000000
98583  -9.116  59.580  8.992 0.0000000000
98584  -9.863  59.520  8.337 0.0000000000
98586  -10.453  59.506  7.521 0.0000000000
98588  -10.695  59.434  6.605 0.0000000000
98590  -10.696  59.264  5.708 0.0000000000
98596  -9.980  58.987  4.386 0.0000000000
98597  -10.409  59.052  4.803 0.0000000000
98604  -8.551  59.550  3.529 0.0000000000
98605  -9.436  59.166  4.020 0.0000000000
98606  -10.027  59.308  4.383 0.0000000000
98613  -7.767  59.439  3.193 0.0000000000
98620  -7.478  59.467  2.589 0.0000000000
98978  -8.985  60.436  9.149 0.0000000000
98979  -9.571  60.386  8.524 0.0000000000
98982  -10.194  60.403  7.790 0.0000000000
98984  -10.616  60.368  6.890 0.0000000000
98986  -10.776  60.230  5.919 0.0000000000
98991  -10.613  59.926  5.146 0.0000000000
98995  -8.167  60.371  3.391 0.0000000000
98996  -9.242  60.237  3.754 0.0000000000
98997  -10.145  59.986  4.396 0.0000000000
99004  -7.270  60.354  3.031 0.0000000000
99377  -9.297  61.036  8.675 0.0000000000
99380  -9.800  61.209  8.052 0.0000000000
99383  -10.365  61.277  7.241 0.0000000000
99386  -10.618  61.244  6.258 0.0000000000
99391  -10.561  61.036  5.096 0.0000000000
99396  -7.715  61.557  3.272 0.0000000000
99397  -8.977  61.269  3.602 0.0000000000
99398  -9.913  61.130  4.112 0.0000000000
99776  -10.189  62.107  7.718 0.0000000000
99778  -10.494  62.209  6.763 0.0000000000
99784  -10.471  62.237  5.735 0.0000000000
99791  -9.538  62.991  4.339 0.0000000000
99792  -10.057  62.344  4.562 0.0000000000
99800  -8.910  62.497  3.796 0.0000000000
99801  -9.545  61.824  3.959 0.0000000000
100164  -10.588  63.067  7.363 0.0000000000
100166  -10.624  63.206  6.364 0.0000000000
100171  -10.410  63.324  5.396 0.0000000000
100176  -9.148  63.614  4.216 0.0000000000
100177  -9.929  63.530  4.666 0.0000000000
