#!ascii label  , from subject FREESURFER vox2ras=TkReg 
180
46205  -54.208  -15.568  9.401 0.0000000000
46217  -52.985  -14.977  8.731 0.0000000000
46218  -53.968  -15.026  8.854 0.0000000000
46219  -54.986  -14.934  8.954 0.0000000000
46220  -56.118  -14.734  9.116 0.0000000000
47061  -51.695  -13.888  8.002 0.0000000000
47062  -52.765  -14.330  8.088 0.0000000000
47063  -53.730  -14.450  8.313 0.0000000000
47064  -54.632  -14.416  8.497 0.0000000000
47065  -55.654  -14.045  8.511 0.0000000000
47066  -56.925  -13.864  8.737 0.0000000000
47067  -58.351  -13.712  8.795 0.0000000000
47068  -59.550  -13.438  8.441 0.0000000000
47082  -52.145  -13.271  7.716 0.0000000000
47083  -52.663  -13.536  7.724 0.0000000000
47084  -53.540  -13.766  7.824 0.0000000000
47085  -54.422  -13.896  8.072 0.0000000000
47086  -54.994  -13.952  8.304 0.0000000000
47849  -50.267  -13.217  8.713 0.0000000000
47850  -50.956  -13.099  8.231 0.0000000000
47851  -55.806  -13.488  8.300 0.0000000000
47852  -56.413  -13.212  8.381 0.0000000000
47853  -57.604  -12.868  8.465 0.0000000000
47854  -58.620  -12.635  8.334 0.0000000000
47867  -51.716  -12.771  7.765 0.0000000000
47868  -52.512  -12.793  7.574 0.0000000000
47869  -53.334  -12.943  7.558 0.0000000000
47870  -54.288  -13.117  7.686 0.0000000000
47871  -55.279  -13.373  8.067 0.0000000000
47872  -55.874  -13.214  8.213 0.0000000000
47873  -58.950  -12.506  7.853 0.0000000000
48583  -49.292  -12.512  9.302 0.0000000000
48593  -49.922  -12.544  8.936 0.0000000000
48594  -50.452  -12.459  8.548 0.0000000000
48595  -51.026  -12.210  8.105 0.0000000000
48596  -56.898  -12.235  8.261 0.0000000000
48597  -57.934  -11.853  8.167 0.0000000000
48598  -58.632  -12.105  8.131 0.0000000000
48609  -51.553  -11.940  7.718 0.0000000000
48610  -52.193  -12.040  7.494 0.0000000000
48611  -53.020  -12.114  7.373 0.0000000000
48612  -53.981  -12.220  7.328 0.0000000000
48613  -55.140  -12.288  7.585 0.0000000000
48614  -55.982  -12.687  8.075 0.0000000000
48615  -57.815  -11.549  7.467 0.0000000000
48616  -58.467  -11.924  7.855 0.0000000000
48628  -57.660  -11.713  6.627 0.0000000000
48629  -58.291  -12.147  7.257 0.0000000000
49402  -48.927  -11.707  9.555 0.0000000000
49403  -49.783  -11.674  9.217 0.0000000000
49404  -50.146  -11.221  9.128 0.0000000000
49416  -50.132  -12.062  8.803 0.0000000000
49417  -50.464  -11.561  8.662 0.0000000000
49418  -51.154  -11.370  8.069 0.0000000000
49419  -56.971  -11.371  7.942 0.0000000000
49420  -57.356  -11.286  7.708 0.0000000000
49429  -51.819  -11.267  7.651 0.0000000000
49430  -52.613  -11.276  7.444 0.0000000000
49431  -53.508  -11.305  7.304 0.0000000000
49432  -54.519  -11.326  7.351 0.0000000000
49433  -55.452  -11.278  7.581 0.0000000000
49434  -56.166  -11.739  7.882 0.0000000000
49435  -57.330  -10.999  7.357 0.0000000000
49446  -57.369  -10.945  6.833 0.0000000000
49460  -57.121  -11.117  5.928 0.0000000000
49473  -57.145  -11.328  4.953 0.0000000000
50348  -48.637  -10.374  10.108 0.0000000000
50352  -48.457  -11.002  9.868 0.0000000000
50353  -49.286  -10.860  9.778 0.0000000000
50354  -49.978  -10.866  9.527 0.0000000000
50367  -50.375  -10.798  9.132 0.0000000000
50368  -50.814  -10.732  8.619 0.0000000000
50369  -56.757  -11.056  7.754 0.0000000000
50370  -56.971  -11.032  7.715 0.0000000000
50377  -51.378  -10.537  8.047 0.0000000000
50378  -52.132  -10.468  7.615 0.0000000000
50379  -52.972  -10.438  7.411 0.0000000000
50380  -53.916  -10.410  7.318 0.0000000000
50381  -54.976  -10.415  7.427 0.0000000000
50382  -56.263  -10.681  7.616 0.0000000000
50383  -56.950  -10.764  7.487 0.0000000000
50391  -56.498  -10.135  7.227 0.0000000000
50392  -57.011  -10.418  7.070 0.0000000000
50408  -56.526  -9.854  6.783 0.0000000000
50409  -56.776  -10.200  6.262 0.0000000000
50418  -56.982  -10.306  5.304 0.0000000000
50419  -57.443  -10.392  4.524 0.0000000000
50432  -58.067  -10.392  3.797 0.0000000000
51399  -49.284  -9.940  10.280 0.0000000000
51400  -49.923  -9.724  10.451 0.0000000000
51403  -49.770  -10.483  9.922 0.0000000000
51404  -50.347  -10.132  9.831 0.0000000000
51405  -50.743  -9.644  9.614 0.0000000000
51419  -50.627  -10.366  9.112 0.0000000000
51420  -50.996  -9.836  8.892 0.0000000000
51426  -51.693  -9.701  7.986 0.0000000000
51427  -52.402  -9.645  7.604 0.0000000000
51428  -53.229  -9.528  7.387 0.0000000000
51429  -54.205  -9.475  7.318 0.0000000000
51430  -55.272  -9.432  7.216 0.0000000000
51431  -56.044  -9.852  7.306 0.0000000000
51433  -55.357  -8.871  6.904 0.0000000000
51434  -55.903  -9.290  6.833 0.0000000000
51449  -56.305  -9.246  6.256 0.0000000000
51450  -56.659  -9.328  5.554 0.0000000000
51459  -57.108  -9.395  4.801 0.0000000000
51460  -57.720  -9.414  4.151 0.0000000000
52509  -50.610  -9.566  9.960 0.0000000000
52510  -51.037  -9.006  9.706 0.0000000000
52524  -51.655  -8.756  8.465 0.0000000000
52525  -52.069  -8.223  8.165 0.0000000000
52527  -51.989  -9.153  7.844 0.0000000000
52528  -52.444  -8.649  7.698 0.0000000000
52529  -53.432  -8.617  7.354 0.0000000000
52530  -54.270  -8.552  7.187 0.0000000000
52531  -54.869  -8.401  6.941 0.0000000000
52533  -55.348  -8.332  6.670 0.0000000000
52534  -55.852  -8.363  6.320 0.0000000000
52547  -56.347  -8.368  5.793 0.0000000000
52548  -56.825  -8.405  5.115 0.0000000000
52564  -57.403  -8.466  4.468 0.0000000000
52565  -58.102  -8.444  3.907 0.0000000000
53691  -51.544  -7.925  9.176 0.0000000000
53705  -51.926  -7.838  8.512 0.0000000000
53706  -52.357  -7.768  8.077 0.0000000000
53708  -52.908  -7.801  7.634 0.0000000000
53709  -53.589  -7.798  7.375 0.0000000000
53710  -54.222  -7.655  7.145 0.0000000000
53711  -54.828  -7.530  6.853 0.0000000000
53713  -55.428  -7.454  6.532 0.0000000000
53714  -56.034  -7.422  6.107 0.0000000000
53727  -56.600  -7.455  5.532 0.0000000000
53728  -57.234  -7.413  4.870 0.0000000000
53729  -57.937  -6.953  4.504 0.0000000000
53749  -57.819  -7.714  4.288 0.0000000000
54810  -51.749  -7.177  9.479 0.0000000000
54814  -51.932  -7.203  8.781 0.0000000000
54815  -52.137  -6.470  9.115 0.0000000000
54829  -52.220  -7.394  8.400 0.0000000000
54830  -52.704  -6.882  8.165 0.0000000000
54831  -53.284  -6.459  7.893 0.0000000000
54833  -53.182  -7.333  7.662 0.0000000000
54834  -53.569  -6.977  7.588 0.0000000000
54835  -54.278  -6.784  7.234 0.0000000000
54836  -54.906  -6.622  6.834 0.0000000000
54838  -55.573  -6.498  6.419 0.0000000000
54839  -56.294  -6.413  5.891 0.0000000000
54840  -56.819  -5.966  5.502 0.0000000000
54852  -56.876  -6.698  5.367 0.0000000000
54853  -57.538  -6.225  5.070 0.0000000000
54854  -58.670  -6.148  4.591 0.0000000000
55821  -52.770  -5.934  8.710 0.0000000000
55822  -53.216  -6.010  8.188 0.0000000000
55824  -53.720  -6.091  7.657 0.0000000000
55825  -54.355  -5.924  7.226 0.0000000000
55826  -54.981  -5.613  6.749 0.0000000000
55828  -55.729  -5.487  6.303 0.0000000000
55829  -56.368  -5.333  5.852 0.0000000000
55830  -57.179  -5.146  5.477 0.0000000000
55841  -58.158  -5.166  5.078 0.0000000000
56791  -53.139  -5.310  8.875 0.0000000000
56792  -53.742  -4.701  8.982 0.0000000000
56806  -53.191  -5.602  8.485 0.0000000000
56807  -53.622  -5.216  8.096 0.0000000000
56808  -54.531  -4.193  8.210 0.0000000000
56809  -55.163  -3.763  7.766 0.0000000000
56811  -53.986  -5.533  7.571 0.0000000000
56812  -54.381  -5.060  7.371 0.0000000000
56813  -55.398  -4.303  6.902 0.0000000000
56814  -56.130  -3.855  6.676 0.0000000000
56818  -55.973  -4.824  6.261 0.0000000000
56819  -56.569  -4.269  6.175 0.0000000000
56820  -57.974  -4.068  5.706 0.0000000000
56821  -58.695  -3.628  5.996 0.0000000000
56836  -58.597  -4.541  5.243 0.0000000000
56837  -59.124  -4.006  5.553 0.0000000000
57800  -55.670  -3.457  7.669 0.0000000000
57801  -56.179  -3.443  7.180 0.0000000000
57808  -56.630  -3.595  6.712 0.0000000000
57809  -57.430  -3.447  6.564 0.0000000000
