#!ascii label  , from subject FREESURFER vox2ras=TkReg 
203
17222  -21.584  -50.728  37.948 0.0000000000
17820  -20.105  -50.393  38.943 0.0000000000
17821  -21.039  -50.659  39.323 0.0000000000
17822  -21.931  -49.916  39.929 0.0000000000
17825  -22.106  -50.596  38.616 0.0000000000
17826  -22.933  -50.191  39.705 0.0000000000
18467  -19.901  -49.995  39.142 0.0000000000
18468  -20.548  -49.773  39.503 0.0000000000
18469  -19.462  -50.063  38.838 0.0000000000
18470  -19.864  -49.735  39.099 0.0000000000
18471  -22.842  -49.128  38.489 0.0000000000
19195  -19.662  -49.678  38.939 0.0000000000
19196  -19.450  -49.547  38.586 0.0000000000
19197  -19.737  -48.688  38.221 0.0000000000
19946  -20.427  -47.929  38.453 0.0000000000
19947  -20.207  -47.730  37.602 0.0000000000
20693  -20.656  -47.449  38.295 0.0000000000
20694  -20.873  -47.447  38.503 0.0000000000
20695  -20.730  -46.970  37.934 0.0000000000
20696  -20.489  -46.738  36.924 0.0000000000
21390  -26.069  -45.566  42.849 0.0000000000
21391  -20.834  -46.142  37.145 0.0000000000
21392  -21.349  -45.982  37.596 0.0000000000
21394  -21.027  -45.463  37.008 0.0000000000
22116  -27.171  -44.383  44.132 0.0000000000
22117  -27.872  -44.253  44.621 0.0000000000
22118  -28.446  -43.892  45.021 0.0000000000
22119  -25.578  -44.784  43.165 0.0000000000
22120  -26.410  -44.732  43.632 0.0000000000
22121  -27.202  -45.083  43.348 0.0000000000
22122  -28.353  -44.269  44.352 0.0000000000
22123  -24.773  -43.660  42.232 0.0000000000
22124  -27.300  -45.654  41.926 0.0000000000
22125  -28.165  -44.681  43.012 0.0000000000
22126  -26.684  -44.900  40.498 0.0000000000
22127  -24.234  -43.478  41.371 0.0000000000
22128  -27.261  -43.967  40.431 0.0000000000
22129  -26.618  -44.053  39.768 0.0000000000
22130  -23.569  -44.604  39.504 0.0000000000
22131  -25.941  -44.452  39.323 0.0000000000
22132  -22.075  -45.542  37.936 0.0000000000
22133  -24.305  -45.809  38.510 0.0000000000
22134  -20.896  -44.729  36.689 0.0000000000
22135  -21.543  -44.970  37.337 0.0000000000
22825  -28.781  -43.198  45.980 0.0000000000
22826  -28.995  -43.121  46.118 0.0000000000
22827  -29.591  -42.860  46.112 0.0000000000
22828  -27.584  -43.886  44.726 0.0000000000
22829  -28.460  -43.411  45.439 0.0000000000
22830  -29.054  -43.500  45.372 0.0000000000
22831  -29.935  -42.821  45.356 0.0000000000
22832  -25.957  -44.166  43.695 0.0000000000
22833  -26.771  -43.885  44.239 0.0000000000
22834  -29.213  -43.440  44.079 0.0000000000
22835  -29.980  -42.558  44.516 0.0000000000
22836  -24.862  -43.357  42.680 0.0000000000
22837  -25.381  -43.768  43.254 0.0000000000
22838  -27.777  -44.675  41.764 0.0000000000
22839  -28.541  -43.592  42.336 0.0000000000
22840  -24.271  -42.691  41.750 0.0000000000
22841  -24.490  -43.255  41.868 0.0000000000
22842  -27.762  -43.692  41.061 0.0000000000
22843  -28.352  -43.154  41.560 0.0000000000
22844  -24.058  -42.917  41.368 0.0000000000
22845  -24.249  -43.159  41.518 0.0000000000
22846  -26.994  -43.680  39.973 0.0000000000
22847  -27.432  -43.428  40.360 0.0000000000
22848  -22.989  -42.689  40.199 0.0000000000
22849  -23.429  -42.937  40.643 0.0000000000
22851  -26.618  -43.452  39.536 0.0000000000
22852  -22.211  -43.010  38.842 0.0000000000
22853  -22.812  -43.295  39.572 0.0000000000
22854  -23.652  -43.795  40.353 0.0000000000
22857  -21.257  -43.278  37.535 0.0000000000
22858  -22.196  -43.941  38.076 0.0000000000
22859  -22.910  -43.913  38.985 0.0000000000
22865  -21.304  -44.305  37.228 0.0000000000
23573  -28.766  -42.962  46.101 0.0000000000
23574  -29.190  -42.314  46.381 0.0000000000
23575  -30.214  -42.080  46.282 0.0000000000
23576  -27.649  -43.369  44.909 0.0000000000
23577  -28.431  -42.539  45.556 0.0000000000
23578  -28.929  -41.885  46.287 0.0000000000
23579  -30.361  -41.916  45.054 0.0000000000
23580  -26.053  -43.470  43.759 0.0000000000
23581  -26.996  -42.978  44.296 0.0000000000
23582  -27.847  -42.375  44.626 0.0000000000
23583  -29.671  -42.620  43.950 0.0000000000
23584  -30.085  -41.971  43.833 0.0000000000
23585  -24.681  -42.833  42.583 0.0000000000
23586  -25.402  -42.618  43.276 0.0000000000
23587  -26.933  -42.288  43.785 0.0000000000
23588  -27.732  -42.034  44.141 0.0000000000
23589  -29.323  -42.612  43.139 0.0000000000
23590  -29.600  -41.824  42.780 0.0000000000
23591  -24.147  -42.486  41.636 0.0000000000
23592  -24.500  -42.332  42.146 0.0000000000
23593  -24.852  -42.043  42.826 0.0000000000
23594  -28.221  -42.952  41.160 0.0000000000
23595  -28.902  -42.312  41.695 0.0000000000
23596  -29.487  -41.634  42.302 0.0000000000
23597  -23.830  -42.248  41.335 0.0000000000
23598  -24.153  -41.979  41.782 0.0000000000
23599  -27.286  -43.108  40.019 0.0000000000
23600  -27.820  -42.593  40.411 0.0000000000
23601  -28.473  -42.087  40.766 0.0000000000
23602  -22.755  -42.336  39.943 0.0000000000
23603  -23.226  -42.261  40.526 0.0000000000
23606  -27.375  -42.197  39.708 0.0000000000
23608  -21.602  -42.480  38.452 0.0000000000
23609  -22.261  -42.408  39.311 0.0000000000
23614  -21.463  -43.031  37.853 0.0000000000
24331  -29.091  -41.665  46.504 0.0000000000
24332  -29.468  -41.560  46.435 0.0000000000
24333  -28.433  -42.044  45.268 0.0000000000
24334  -28.851  -41.457  45.878 0.0000000000
24335  -29.792  -41.291  45.599 0.0000000000
24336  -28.385  -41.764  44.710 0.0000000000
24337  -29.072  -40.940  44.734 0.0000000000
24338  -29.792  -41.345  44.356 0.0000000000
24339  -25.194  -41.965  43.014 0.0000000000
24340  -26.050  -41.833  43.159 0.0000000000
24341  -27.828  -41.430  43.447 0.0000000000
24342  -29.369  -40.676  43.444 0.0000000000
24343  -29.816  -41.309  43.198 0.0000000000
24344  -24.448  -41.881  41.940 0.0000000000
24345  -25.152  -41.658  42.252 0.0000000000
24346  -26.637  -41.330  42.577 0.0000000000
24347  -27.438  -41.096  42.732 0.0000000000
24348  -29.503  -41.173  42.191 0.0000000000
24349  -29.649  -41.417  42.608 0.0000000000
24352  -23.614  -41.720  40.742 0.0000000000
24353  -24.354  -41.606  41.432 0.0000000000
24354  -24.947  -41.351  41.608 0.0000000000
24355  -28.181  -41.908  40.399 0.0000000000
24356  -28.765  -41.469  40.732 0.0000000000
24360  -22.599  -41.673  39.659 0.0000000000
24361  -23.145  -41.717  40.133 0.0000000000
24364  -28.414  -41.208  39.928 0.0000000000
24370  -21.211  -41.468  38.726 0.0000000000
24371  -21.942  -41.623  39.230 0.0000000000
25118  -27.797  -40.923  42.803 0.0000000000
25119  -28.340  -40.697  42.876 0.0000000000
25120  -25.296  -41.241  41.667 0.0000000000
25121  -26.051  -41.033  41.788 0.0000000000
25122  -27.504  -40.723  42.214 0.0000000000
25123  -28.861  -40.316  42.377 0.0000000000
25127  -23.544  -41.409  40.242 0.0000000000
25128  -24.077  -41.160  40.536 0.0000000000
25129  -25.199  -40.906  41.053 0.0000000000
25130  -26.687  -40.378  41.050 0.0000000000
25138  -22.500  -41.166  39.417 0.0000000000
25139  -23.329  -40.851  39.668 0.0000000000
25140  -24.657  -40.483  40.006 0.0000000000
25152  -22.265  -40.564  39.039 0.0000000000
25153  -23.053  -40.205  39.203 0.0000000000
25937  -23.430  -40.085  39.253 0.0000000000
25938  -24.091  -39.920  39.338 0.0000000000
25953  -22.058  -39.593  38.461 0.0000000000
25954  -23.306  -39.472  38.702 0.0000000000
104152  -22.302  -48.908  40.328 0.0000000000
104153  -22.812  -48.411  40.175 0.0000000000
104154  -22.223  -48.532  40.056 0.0000000000
104155  -21.465  -48.890  39.887 0.0000000000
104156  -23.463  -48.068  39.372 0.0000000000
104157  -22.996  -49.289  40.136 0.0000000000
104158  -23.103  -50.093  39.114 0.0000000000
104159  -22.455  -48.409  40.092 0.0000000000
104160  -20.668  -49.200  39.588 0.0000000000
104161  -23.291  -47.623  39.575 0.0000000000
104162  -23.302  -49.499  39.450 0.0000000000
104163  -20.142  -49.104  39.101 0.0000000000
104164  -20.787  -48.900  39.513 0.0000000000
104166  -23.636  -46.784  39.303 0.0000000000
104167  -21.105  -48.155  39.129 0.0000000000
104168  -23.290  -47.389  37.972 0.0000000000
104169  -21.702  -46.842  38.480 0.0000000000
104170  -22.623  -47.754  39.481 0.0000000000
104172  -25.745  -45.778  40.107 0.0000000000
104173  -23.105  -45.995  38.770 0.0000000000
104174  -23.525  -47.054  39.265 0.0000000000
104175  -23.391  -46.819  39.243 0.0000000000
104176  -25.795  -46.399  41.005 0.0000000000
104177  -25.101  -45.793  40.638 0.0000000000
104178  -24.579  -44.653  41.161 0.0000000000
104179  -24.697  -43.950  41.929 0.0000000000
104180  -23.780  -46.430  39.245 0.0000000000
104181  -24.348  -45.828  39.555 0.0000000000
104182  -25.475  -45.874  41.476 0.0000000000
104183  -26.303  -46.218  42.037 0.0000000000
104184  -26.374  -45.832  40.463 0.0000000000
104185  -26.320  -45.642  40.322 0.0000000000
104186  -25.477  -45.299  42.208 0.0000000000
104187  -25.052  -44.224  42.402 0.0000000000
104188  -25.081  -45.604  41.091 0.0000000000
104189  -26.388  -44.398  39.709 0.0000000000
104190  -25.508  -45.155  39.254 0.0000000000
104191  -24.417  -45.335  40.183 0.0000000000
104192  -23.982  -43.526  40.953 0.0000000000
104193  -25.789  -45.960  42.178 0.0000000000
104194  -26.579  -46.257  40.874 0.0000000000
104195  -26.300  -44.745  39.804 0.0000000000
104196  -26.083  -45.092  39.762 0.0000000000
