#!ascii label  , from subject FREESURFER vox2ras=TkReg 
217
46240  -39.321  -14.701  5.893 0.0000000000
46241  -39.798  -14.700  5.789 0.0000000000
46253  -37.756  -15.371  5.564 0.0000000000
46254  -38.759  -15.453  5.533 0.0000000000
46255  -39.846  -15.338  5.407 0.0000000000
46256  -40.921  -15.656  4.898 0.0000000000
46257  -41.871  -15.491  3.930 0.0000000000
46258  -42.936  -14.920  3.996 0.0000000000
46259  -43.403  -14.693  4.095 0.0000000000
46281  -42.847  -15.306  2.971 0.0000000000
46282  -43.863  -15.092  3.487 0.0000000000
46283  -44.964  -15.985  3.798 0.0000000000
46284  -45.883  -15.625  4.428 0.0000000000
46305  -44.444  -15.978  3.001 0.0000000000
47096  -38.395  -13.716  5.961 0.0000000000
47097  -39.132  -13.922  6.185 0.0000000000
47098  -40.050  -14.169  6.116 0.0000000000
47099  -40.926  -13.922  6.031 0.0000000000
47100  -41.571  -14.097  5.629 0.0000000000
47101  -42.053  -14.264  5.285 0.0000000000
47111  -36.268  -14.356  5.629 0.0000000000
47112  -37.486  -14.264  5.730 0.0000000000
47113  -38.456  -14.575  5.874 0.0000000000
47114  -40.075  -14.693  5.727 0.0000000000
47115  -40.701  -14.665  5.577 0.0000000000
47116  -41.678  -14.921  5.194 0.0000000000
47117  -42.524  -14.616  4.897 0.0000000000
47118  -43.147  -14.397  4.552 0.0000000000
47124  -43.707  -14.410  4.307 0.0000000000
47125  -44.413  -14.664  4.191 0.0000000000
47126  -45.280  -14.687  4.390 0.0000000000
47127  -46.188  -14.474  4.587 0.0000000000
47878  -38.449  -13.236  5.903 0.0000000000
47879  -38.939  -13.035  6.040 0.0000000000
47880  -39.807  -13.200  6.327 0.0000000000
47881  -40.721  -13.284  6.370 0.0000000000
47882  -41.622  -13.360  6.159 0.0000000000
47883  -42.579  -13.594  5.520 0.0000000000
47884  -43.304  -13.212  5.448 0.0000000000
47891  -35.773  -13.431  5.773 0.0000000000
47892  -36.905  -13.318  5.779 0.0000000000
47893  -37.983  -13.185  5.821 0.0000000000
47894  -38.490  -12.970  5.892 0.0000000000
47895  -42.890  -14.031  4.948 0.0000000000
47896  -43.438  -13.710  4.930 0.0000000000
47897  -44.195  -13.330  4.938 0.0000000000
47898  -44.812  -13.067  4.836 0.0000000000
47905  -44.066  -13.917  4.483 0.0000000000
47906  -44.717  -13.825  4.521 0.0000000000
47907  -45.571  -13.469  4.628 0.0000000000
47908  -46.598  -13.406  4.583 0.0000000000
48618  -34.918  -11.946  5.968 0.0000000000
48619  -35.638  -11.889  6.061 0.0000000000
48620  -36.096  -11.699  6.079 0.0000000000
48621  -39.071  -12.481  6.011 0.0000000000
48622  -39.616  -12.286  6.115 0.0000000000
48623  -40.497  -12.421  6.344 0.0000000000
48624  -41.415  -12.486  6.400 0.0000000000
48625  -42.419  -12.581  6.251 0.0000000000
48626  -43.439  -12.575  5.880 0.0000000000
48627  -43.992  -12.172  6.008 0.0000000000
48634  -35.292  -12.620  5.882 0.0000000000
48635  -36.385  -12.268  5.945 0.0000000000
48636  -37.582  -12.351  5.851 0.0000000000
48637  -38.604  -12.406  5.900 0.0000000000
48638  -39.152  -12.180  5.978 0.0000000000
48639  -43.761  -13.055  5.369 0.0000000000
48640  -44.369  -12.481  5.485 0.0000000000
48641  -45.257  -12.407  4.891 0.0000000000
48646  -46.141  -12.443  4.565 0.0000000000
48647  -47.074  -12.429  4.410 0.0000000000
49438  -35.270  -11.395  6.096 0.0000000000
49439  -35.858  -11.289  6.129 0.0000000000
49440  -39.873  -11.702  5.975 0.0000000000
49441  -40.327  -11.735  6.114 0.0000000000
49442  -41.127  -11.540  6.191 0.0000000000
49443  -42.061  -11.696  6.323 0.0000000000
49444  -43.167  -11.604  6.198 0.0000000000
49445  -43.739  -11.988  6.182 0.0000000000
49451  -36.479  -11.288  6.002 0.0000000000
49452  -37.305  -11.411  5.817 0.0000000000
49453  -38.309  -11.475  5.738 0.0000000000
49454  -39.347  -11.554  5.819 0.0000000000
49455  -40.216  -11.255  5.848 0.0000000000
49456  -40.682  -11.298  5.977 0.0000000000
49457  -43.622  -11.048  5.843 0.0000000000
49458  -44.110  -11.525  5.844 0.0000000000
49459  -44.908  -11.548  5.253 0.0000000000
49464  -45.731  -11.475  4.729 0.0000000000
49465  -46.637  -11.491  4.446 0.0000000000
50386  -34.965  -10.956  6.040 0.0000000000
50387  -35.497  -10.906  6.086 0.0000000000
50388  -41.297  -11.095  5.982 0.0000000000
50389  -41.693  -11.054  6.040 0.0000000000
50390  -42.454  -11.024  6.075 0.0000000000
50397  -35.267  -10.406  5.837 0.0000000000
50398  -36.100  -10.514  5.916 0.0000000000
50399  -37.046  -10.500  5.742 0.0000000000
50400  -37.995  -10.531  5.580 0.0000000000
50401  -38.996  -10.558  5.534 0.0000000000
50402  -39.997  -10.556  5.574 0.0000000000
50403  -41.063  -10.725  5.724 0.0000000000
50404  -42.125  -10.423  5.662 0.0000000000
50405  -43.119  -10.552  5.650 0.0000000000
50406  -43.974  -10.569  5.391 0.0000000000
50407  -44.540  -10.897  5.295 0.0000000000
50413  -44.466  -10.324  5.023 0.0000000000
50414  -45.147  -10.531  4.847 0.0000000000
50415  -46.211  -10.438  4.426 0.0000000000
51439  -35.757  -9.617  5.595 0.0000000000
51440  -36.696  -9.604  5.614 0.0000000000
51441  -37.661  -9.585  5.581 0.0000000000
51442  -38.644  -9.574  5.542 0.0000000000
51443  -39.645  -9.577  5.512 0.0000000000
51444  -40.663  -9.608  5.472 0.0000000000
51445  -41.686  -9.594  5.415 0.0000000000
51446  -42.681  -9.591  5.259 0.0000000000
51447  -43.711  -9.644  4.989 0.0000000000
51448  -44.156  -10.037  4.981 0.0000000000
51455  -44.089  -9.322  4.757 0.0000000000
51456  -44.510  -9.587  4.705 0.0000000000
51457  -45.525  -9.531  4.329 0.0000000000
52539  -36.255  -8.702  5.391 0.0000000000
52540  -37.252  -8.659  5.469 0.0000000000
52541  -38.250  -8.612  5.561 0.0000000000
52542  -39.254  -8.584  5.653 0.0000000000
52543  -40.266  -8.581  5.662 0.0000000000
52544  -41.277  -8.584  5.516 0.0000000000
52545  -42.271  -8.593  5.278 0.0000000000
52546  -43.196  -8.682  4.956 0.0000000000
52554  -44.054  -8.767  4.631 0.0000000000
52555  -44.945  -8.614  4.209 0.0000000000
53719  -36.755  -7.766  5.266 0.0000000000
53720  -37.780  -7.672  5.381 0.0000000000
53721  -38.808  -7.602  5.550 0.0000000000
53722  -39.826  -7.566  5.663 0.0000000000
53723  -40.844  -7.557  5.667 0.0000000000
53724  -41.861  -7.556  5.505 0.0000000000
53725  -42.920  -7.560  5.156 0.0000000000
53726  -43.746  -7.207  4.908 0.0000000000
53736  -43.625  -7.952  4.720 0.0000000000
53737  -44.405  -7.607  4.420 0.0000000000
54843  -37.186  -6.735  5.096 0.0000000000
54844  -38.296  -6.645  5.401 0.0000000000
54845  -39.341  -6.566  5.548 0.0000000000
54846  -40.368  -6.543  5.586 0.0000000000
54847  -41.377  -6.524  5.569 0.0000000000
54848  -42.399  -6.505  5.508 0.0000000000
54849  -43.404  -6.454  5.328 0.0000000000
54850  -44.362  -6.451  4.880 0.0000000000
54851  -45.094  -6.138  4.557 0.0000000000
54860  -37.152  -5.976  4.536 0.0000000000
54861  -45.007  -6.847  4.398 0.0000000000
55832  -37.843  -5.838  5.048 0.0000000000
55833  -38.814  -5.566  5.392 0.0000000000
55834  -39.883  -5.560  5.593 0.0000000000
55835  -40.894  -5.543  5.634 0.0000000000
55836  -41.876  -5.482  5.629 0.0000000000
55837  -42.895  -5.446  5.566 0.0000000000
55838  -43.922  -5.453  5.324 0.0000000000
55839  -44.815  -5.413  4.884 0.0000000000
55847  -37.569  -5.224  4.183 0.0000000000
55848  -38.273  -5.162  4.877 0.0000000000
56816  -41.667  -4.000  5.866 0.0000000000
56817  -41.963  -3.886  5.881 0.0000000000
56824  -38.748  -4.801  5.067 0.0000000000
56825  -39.453  -4.625  5.264 0.0000000000
56826  -40.465  -4.652  5.581 0.0000000000
56827  -41.396  -4.603  5.752 0.0000000000
56828  -42.307  -4.350  5.773 0.0000000000
56829  -43.444  -4.452  5.496 0.0000000000
56830  -44.454  -4.476  5.223 0.0000000000
56844  -37.823  -4.718  3.682 0.0000000000
56845  -38.463  -4.507  4.268 0.0000000000
56846  -38.979  -4.463  4.845 0.0000000000
56866  -38.055  -4.322  3.032 0.0000000000
57806  -41.507  -3.846  5.709 0.0000000000
57807  -41.744  -3.778  5.741 0.0000000000
57817  -39.584  -4.214  5.022 0.0000000000
57818  -40.041  -4.057  5.098 0.0000000000
57819  -41.201  -3.677  5.461 0.0000000000
57820  -42.141  -3.505  5.645 0.0000000000
57821  -43.085  -3.525  5.597 0.0000000000
57822  -44.067  -3.551  5.457 0.0000000000
57836  -38.844  -4.168  4.142 0.0000000000
57837  -39.320  -4.061  4.459 0.0000000000
57838  -40.307  -3.305  4.297 0.0000000000
57839  -41.186  -2.833  4.584 0.0000000000
57858  -38.789  -3.996  3.547 0.0000000000
57859  -39.523  -3.397  3.112 0.0000000000
57860  -40.238  -2.880  3.199 0.0000000000
58810  -41.920  -2.749  5.085 0.0000000000
58811  -42.801  -2.757  5.330 0.0000000000
58812  -43.752  -2.645  5.401 0.0000000000
58813  -44.674  -2.773  5.425 0.0000000000
58828  -40.867  -2.584  3.636 0.0000000000
58829  -41.809  -2.177  3.951 0.0000000000
58830  -42.656  -2.173  4.661 0.0000000000
58831  -43.310  -2.207  5.003 0.0000000000
58852  -39.990  -2.791  2.233 0.0000000000
58853  -40.621  -2.491  2.584 0.0000000000
58854  -41.254  -2.206  2.842 0.0000000000
59756  -43.851  -1.957  5.007 0.0000000000
59757  -44.481  -2.063  5.176 0.0000000000
59770  -42.247  -1.834  3.479 0.0000000000
59771  -42.635  -1.707  3.901 0.0000000000
59772  -43.477  -1.593  4.384 0.0000000000
59773  -44.259  -1.575  4.656 0.0000000000
59792  -41.924  -1.862  2.875 0.0000000000
59793  -42.589  -1.604  3.059 0.0000000000
59794  -43.195  -1.371  3.515 0.0000000000
60751  -43.742  -1.347  4.172 0.0000000000
60752  -43.997  -1.256  4.191 0.0000000000
60753  -44.635  -1.167  4.173 0.0000000000
60774  -43.695  -1.216  3.887 0.0000000000
60775  -44.132  -0.994  3.607 0.0000000000
60798  -43.642  -1.120  3.222 0.0000000000
