#!ascii label  , from subject FREESURFER vox2ras=TkReg 
327
50584  -59.859  -10.847  -8.824 0.0000000000
50585  -60.130  -10.683  -8.825 0.0000000000
50592  -58.974  -10.995  -9.905 0.0000000000
50593  -59.528  -11.039  -9.389 0.0000000000
50594  -60.201  -10.848  -9.346 0.0000000000
50595  -60.435  -10.629  -9.585 0.0000000000
50602  -58.862  -11.039  -10.691 0.0000000000
50603  -59.370  -11.175  -10.494 0.0000000000
50604  -60.005  -11.221  -10.258 0.0000000000
50605  -60.467  -10.805  -10.094 0.0000000000
50619  -58.580  -10.964  -11.194 0.0000000000
50620  -59.046  -11.190  -11.304 0.0000000000
50621  -59.702  -11.296  -11.224 0.0000000000
50622  -60.449  -11.090  -11.075 0.0000000000
50640  -58.627  -10.957  -11.714 0.0000000000
50641  -59.190  -11.065  -11.851 0.0000000000
50642  -60.041  -11.140  -11.863 0.0000000000
50643  -60.610  -10.906  -11.705 0.0000000000
51616  -57.193  -9.872  -7.436 0.0000000000
51617  -57.421  -9.599  -7.441 0.0000000000
51638  -57.314  -10.806  -7.926 0.0000000000
51639  -58.007  -10.160  -7.721 0.0000000000
51640  -59.070  -10.219  -8.058 0.0000000000
51641  -59.874  -10.368  -8.510 0.0000000000
51642  -60.452  -10.349  -9.001 0.0000000000
51643  -60.669  -9.977  -9.267 0.0000000000
51660  -57.789  -10.526  -8.979 0.0000000000
51661  -58.734  -10.789  -8.832 0.0000000000
51662  -59.427  -10.745  -8.606 0.0000000000
51663  -60.433  -10.534  -9.351 0.0000000000
51664  -60.703  -10.251  -9.700 0.0000000000
51680  -57.398  -10.437  -10.470 0.0000000000
51681  -58.356  -10.723  -10.240 0.0000000000
51682  -60.844  -10.471  -10.661 0.0000000000
51694  -55.938  -10.400  -12.024 0.0000000000
51695  -57.082  -10.545  -11.747 0.0000000000
51696  -58.044  -10.724  -11.405 0.0000000000
51697  -60.798  -10.657  -11.320 0.0000000000
51715  -54.611  -10.463  -12.849 0.0000000000
51716  -55.574  -10.426  -12.811 0.0000000000
51717  -56.723  -10.181  -12.584 0.0000000000
51718  -58.227  -10.511  -12.156 0.0000000000
51719  -59.489  -10.549  -12.151 0.0000000000
51720  -60.361  -10.503  -12.000 0.0000000000
51721  -60.748  -10.432  -11.639 0.0000000000
51737  -55.315  -10.130  -13.285 0.0000000000
51738  -56.050  -10.062  -13.137 0.0000000000
52705  -52.062  -7.889  -6.810 0.0000000000
52706  -53.202  -8.011  -6.712 0.0000000000
52707  -54.340  -8.379  -6.793 0.0000000000
52708  -55.615  -9.034  -6.876 0.0000000000
52709  -56.566  -9.231  -7.198 0.0000000000
52710  -57.044  -9.141  -7.313 0.0000000000
52727  -57.578  -9.132  -7.500 0.0000000000
52728  -58.470  -8.994  -7.909 0.0000000000
52729  -59.551  -9.464  -8.386 0.0000000000
52730  -60.324  -9.720  -8.800 0.0000000000
52731  -60.591  -9.864  -9.064 0.0000000000
52750  -58.572  -8.181  -8.390 0.0000000000
52751  -59.209  -8.478  -8.664 0.0000000000
52752  -60.115  -8.757  -9.097 0.0000000000
52753  -60.754  -9.308  -9.557 0.0000000000
52770  -61.083  -9.592  -10.448 0.0000000000
52778  -61.011  -10.016  -11.205 0.0000000000
52788  -56.730  -9.414  -13.040 0.0000000000
52789  -57.759  -9.544  -12.665 0.0000000000
52790  -58.948  -9.622  -12.326 0.0000000000
52791  -60.014  -9.627  -12.060 0.0000000000
52792  -60.696  -9.708  -11.651 0.0000000000
52805  -55.191  -9.299  -13.445 0.0000000000
52806  -55.945  -9.397  -13.356 0.0000000000
53855  -51.689  -7.331  -7.518 0.0000000000
53856  -52.785  -7.360  -7.352 0.0000000000
53857  -53.924  -7.587  -7.293 0.0000000000
53858  -55.073  -7.972  -7.201 0.0000000000
53859  -56.075  -8.467  -7.279 0.0000000000
53860  -56.629  -8.762  -7.300 0.0000000000
53872  -51.411  -6.792  -8.292 0.0000000000
53873  -52.373  -6.822  -8.023 0.0000000000
53874  -53.568  -6.852  -8.170 0.0000000000
53875  -54.689  -7.303  -7.951 0.0000000000
53876  -55.760  -7.685  -7.801 0.0000000000
53877  -56.878  -8.297  -7.619 0.0000000000
53878  -57.678  -8.518  -7.730 0.0000000000
53891  -50.966  -6.684  -8.616 0.0000000000
53892  -53.988  -6.515  -8.739 0.0000000000
53893  -54.510  -6.748  -8.683 0.0000000000
53894  -55.432  -7.008  -8.599 0.0000000000
53895  -56.502  -7.280  -8.429 0.0000000000
53896  -57.782  -7.738  -8.359 0.0000000000
53897  -58.763  -7.641  -9.029 0.0000000000
53898  -59.728  -7.725  -9.515 0.0000000000
53899  -60.767  -7.689  -10.063 0.0000000000
53900  -61.220  -6.894  -10.502 0.0000000000
53916  -61.189  -8.410  -10.496 0.0000000000
53917  -61.370  -7.256  -10.692 0.0000000000
53932  -61.162  -8.881  -11.174 0.0000000000
53933  -61.424  -7.765  -11.121 0.0000000000
53944  -55.907  -7.813  -13.307 0.0000000000
53945  -56.524  -8.305  -13.227 0.0000000000
53946  -57.512  -8.381  -12.868 0.0000000000
53947  -58.575  -8.409  -12.507 0.0000000000
53948  -59.684  -8.423  -12.160 0.0000000000
53949  -60.655  -8.461  -11.695 0.0000000000
53950  -61.183  -8.095  -11.393 0.0000000000
53964  -55.180  -8.129  -13.480 0.0000000000
53965  -55.764  -8.612  -13.406 0.0000000000
54967  -51.636  -6.515  -8.626 0.0000000000
54968  -52.045  -6.476  -8.580 0.0000000000
54969  -52.822  -6.448  -8.531 0.0000000000
54978  -50.603  -6.406  -9.580 0.0000000000
54979  -51.485  -6.340  -9.070 0.0000000000
54980  -52.602  -6.123  -9.111 0.0000000000
54981  -53.559  -6.228  -8.990 0.0000000000
54982  -54.349  -6.323  -9.177 0.0000000000
54983  -55.150  -6.381  -9.344 0.0000000000
54984  -56.096  -6.521  -9.224 0.0000000000
54985  -57.126  -6.653  -9.185 0.0000000000
54986  -58.179  -6.828  -9.427 0.0000000000
54987  -59.223  -6.835  -9.823 0.0000000000
54988  -60.291  -6.680  -10.083 0.0000000000
54989  -61.060  -6.465  -10.397 0.0000000000
55002  -51.346  -5.941  -10.314 0.0000000000
55003  -52.380  -5.844  -9.958 0.0000000000
55004  -53.360  -5.821  -9.822 0.0000000000
55005  -54.221  -5.964  -9.703 0.0000000000
55006  -54.721  -6.111  -9.599 0.0000000000
55007  -61.449  -6.238  -10.795 0.0000000000
55024  -61.471  -6.639  -11.287 0.0000000000
55043  -55.630  -6.971  -13.281 0.0000000000
55044  -56.388  -7.111  -13.082 0.0000000000
55045  -57.307  -7.192  -12.997 0.0000000000
55046  -58.349  -7.202  -12.833 0.0000000000
55047  -59.436  -7.177  -12.531 0.0000000000
55048  -60.509  -7.185  -12.174 0.0000000000
55049  -61.174  -7.321  -11.621 0.0000000000
55060  -54.954  -7.174  -13.530 0.0000000000
55950  -55.806  -6.036  -9.777 0.0000000000
55951  -56.594  -5.875  -10.000 0.0000000000
55952  -57.632  -6.039  -9.978 0.0000000000
55953  -58.701  -6.012  -10.081 0.0000000000
55954  -59.787  -5.852  -10.150 0.0000000000
55955  -60.849  -5.518  -10.415 0.0000000000
55956  -61.271  -5.851  -10.606 0.0000000000
55965  -52.251  -5.515  -10.722 0.0000000000
55966  -53.187  -5.294  -10.772 0.0000000000
55967  -54.176  -5.420  -10.429 0.0000000000
55968  -55.183  -5.726  -10.116 0.0000000000
55969  -55.983  -5.721  -10.187 0.0000000000
55970  -61.208  -4.828  -10.739 0.0000000000
55971  -61.409  -5.202  -10.914 0.0000000000
55983  -52.116  -5.195  -11.256 0.0000000000
55984  -52.679  -5.186  -11.110 0.0000000000
55985  -61.512  -5.443  -11.440 0.0000000000
56006  -55.680  -6.410  -13.332 0.0000000000
56007  -56.059  -6.321  -13.180 0.0000000000
56008  -56.951  -6.179  -12.966 0.0000000000
56009  -58.100  -6.032  -13.070 0.0000000000
56010  -59.181  -6.135  -12.963 0.0000000000
56011  -60.282  -5.916  -12.638 0.0000000000
56012  -61.281  -5.867  -12.097 0.0000000000
56022  -55.318  -6.005  -13.507 0.0000000000
56023  -56.444  -5.439  -13.277 0.0000000000
56024  -57.487  -5.212  -13.095 0.0000000000
56025  -58.384  -5.047  -13.054 0.0000000000
56026  -60.994  -5.158  -12.629 0.0000000000
56027  -61.403  -4.780  -12.452 0.0000000000
56947  -56.689  -5.494  -10.414 0.0000000000
56948  -57.154  -5.417  -10.429 0.0000000000
56949  -58.160  -5.292  -10.445 0.0000000000
56950  -59.240  -5.141  -10.367 0.0000000000
56951  -60.168  -5.020  -10.360 0.0000000000
56958  -53.429  -4.899  -11.191 0.0000000000
56959  -53.978  -4.757  -11.148 0.0000000000
56960  -55.044  -4.833  -10.886 0.0000000000
56961  -56.322  -5.081  -10.663 0.0000000000
56962  -57.549  -4.643  -10.795 0.0000000000
56963  -58.696  -4.425  -10.723 0.0000000000
56964  -59.836  -4.303  -10.633 0.0000000000
56965  -60.866  -4.372  -10.663 0.0000000000
56966  -61.474  -4.250  -11.042 0.0000000000
56977  -53.054  -4.572  -11.566 0.0000000000
56978  -54.032  -4.075  -11.591 0.0000000000
56979  -61.686  -4.363  -11.510 0.0000000000
57000  -53.024  -3.795  -12.235 0.0000000000
57001  -58.962  -5.362  -13.102 0.0000000000
57002  -59.816  -5.212  -13.123 0.0000000000
57003  -60.578  -4.994  -12.954 0.0000000000
57004  -61.743  -4.528  -12.094 0.0000000000
57017  -54.744  -4.673  -13.925 0.0000000000
57018  -55.872  -4.608  -13.637 0.0000000000
57019  -56.992  -4.461  -13.450 0.0000000000
57020  -58.100  -4.362  -13.315 0.0000000000
57021  -59.264  -4.485  -13.280 0.0000000000
57022  -60.435  -4.403  -13.259 0.0000000000
57023  -61.203  -4.429  -12.909 0.0000000000
57024  -61.628  -4.203  -12.571 0.0000000000
57942  -54.772  -4.095  -11.414 0.0000000000
57943  -55.740  -3.819  -11.334 0.0000000000
57944  -56.906  -3.893  -11.139 0.0000000000
57945  -58.081  -3.662  -11.062 0.0000000000
57946  -59.319  -3.471  -10.968 0.0000000000
57947  -60.533  -3.377  -10.875 0.0000000000
57948  -61.427  -3.395  -11.035 0.0000000000
57949  -61.850  -3.474  -11.489 0.0000000000
57958  -53.715  -3.497  -12.083 0.0000000000
57959  -54.575  -3.454  -11.739 0.0000000000
57960  -55.144  -3.510  -11.565 0.0000000000
57961  -62.077  -3.604  -12.008 0.0000000000
57980  -53.242  -3.343  -12.415 0.0000000000
57981  -61.889  -3.695  -12.503 0.0000000000
57995  -54.699  -3.847  -14.410 0.0000000000
57996  -55.346  -3.586  -14.160 0.0000000000
57997  -56.449  -3.666  -13.823 0.0000000000
57998  -57.632  -3.624  -13.752 0.0000000000
57999  -58.881  -3.568  -13.619 0.0000000000
58000  -60.186  -3.575  -13.473 0.0000000000
58001  -61.194  -3.698  -13.190 0.0000000000
58002  -61.642  -3.853  -12.862 0.0000000000
58019  -54.889  -3.449  -14.584 0.0000000000
58922  -55.847  -3.213  -11.506 0.0000000000
58923  -56.346  -3.137  -11.434 0.0000000000
58924  -57.411  -2.933  -11.323 0.0000000000
58925  -58.655  -2.512  -11.266 0.0000000000
58926  -60.047  -2.469  -11.162 0.0000000000
58927  -61.251  -2.350  -11.150 0.0000000000
58928  -61.825  -2.774  -11.425 0.0000000000
58936  -53.850  -3.042  -12.284 0.0000000000
58937  -54.290  -2.912  -12.125 0.0000000000
58938  -55.464  -2.674  -11.759 0.0000000000
58939  -56.747  -2.266  -11.595 0.0000000000
58940  -57.811  -2.047  -11.434 0.0000000000
58941  -58.395  -1.930  -11.374 0.0000000000
58942  -61.760  -2.058  -11.748 0.0000000000
58943  -62.151  -2.786  -11.895 0.0000000000
58957  -53.515  -2.707  -12.685 0.0000000000
58958  -54.630  -2.139  -12.386 0.0000000000
58959  -55.221  -1.923  -12.191 0.0000000000
58960  -61.760  -2.102  -12.401 0.0000000000
58961  -62.109  -2.995  -12.557 0.0000000000
58971  -55.443  -3.111  -14.405 0.0000000000
58972  -55.935  -3.038  -14.257 0.0000000000
58973  -57.028  -2.960  -14.167 0.0000000000
58974  -58.329  -2.752  -14.105 0.0000000000
58975  -59.714  -2.679  -13.784 0.0000000000
58976  -61.184  -2.604  -13.176 0.0000000000
58977  -61.774  -3.356  -12.921 0.0000000000
58983  -55.246  -2.909  -14.816 0.0000000000
58984  -56.408  -2.496  -14.651 0.0000000000
58985  -57.484  -2.268  -14.561 0.0000000000
58986  -58.382  -2.010  -14.483 0.0000000000
58997  -55.444  -2.218  -15.454 0.0000000000
59902  -58.739  -1.836  -11.362 0.0000000000
59903  -59.513  -1.586  -11.357 0.0000000000
59904  -60.693  -1.523  -11.295 0.0000000000
59910  -55.539  -1.786  -12.126 0.0000000000
59911  -56.224  -1.446  -12.048 0.0000000000
59912  -57.346  -1.337  -11.781 0.0000000000
59913  -58.491  -1.255  -11.573 0.0000000000
59914  -59.492  -0.727  -11.600 0.0000000000
59915  -61.343  -1.312  -11.595 0.0000000000
59926  -54.051  -1.538  -13.160 0.0000000000
59927  -55.305  -1.098  -12.661 0.0000000000
59928  -56.296  -0.485  -12.501 0.0000000000
59929  -61.522  -1.096  -12.238 0.0000000000
59938  -54.511  -0.496  -13.604 0.0000000000
59939  -55.382  -0.073  -13.354 0.0000000000
59940  -59.153  -2.052  -14.181 0.0000000000
59941  -60.217  -1.495  -13.837 0.0000000000
59942  -61.310  -1.029  -13.136 0.0000000000
59945  -56.018  -2.161  -15.149 0.0000000000
59946  -56.918  -1.783  -15.110 0.0000000000
59947  -57.939  -1.612  -14.919 0.0000000000
59948  -59.036  -1.259  -14.552 0.0000000000
59949  -59.990  -0.616  -14.345 0.0000000000
59955  -55.123  -1.931  -15.952 0.0000000000
59956  -56.223  -1.426  -15.740 0.0000000000
59957  -57.030  -1.290  -15.496 0.0000000000
59967  -55.455  -1.292  -16.233 0.0000000000
59968  -55.945  -0.962  -16.262 0.0000000000
60913  -60.420  -0.785  -11.497 0.0000000000
60914  -61.037  -0.900  -11.480 0.0000000000
60920  -57.054  -0.485  -12.226 0.0000000000
60921  -57.946  -0.466  -12.026 0.0000000000
60922  -58.963  -0.045  -12.038 0.0000000000
60923  -60.119  -0.007  -11.853 0.0000000000
60924  -61.216  -0.195  -11.923 0.0000000000
60929  -56.071  0.057  -12.981 0.0000000000
60930  -56.992  0.547  -12.836 0.0000000000
60931  -57.766  0.289  -12.428 0.0000000000
60932  -58.319  0.144  -12.246 0.0000000000
60933  -61.500  0.013  -12.891 0.0000000000
60941  -56.044  0.716  -13.589 0.0000000000
60942  -56.608  0.759  -13.264 0.0000000000
60943  -60.801  -0.393  -13.938 0.0000000000
60944  -61.277  0.170  -13.703 0.0000000000
60950  -57.527  -1.256  -15.319 0.0000000000
60951  -58.315  -0.862  -15.224 0.0000000000
60952  -59.367  -0.227  -15.051 0.0000000000
60953  -60.472  0.096  -14.584 0.0000000000
60954  -61.026  0.217  -14.191 0.0000000000
60960  -57.536  -0.632  -15.749 0.0000000000
60961  -58.585  -0.096  -15.695 0.0000000000
61982  -59.106  0.513  -12.250 0.0000000000
61983  -59.679  0.722  -12.259 0.0000000000
61984  -60.692  0.760  -12.303 0.0000000000
61987  -57.375  1.127  -13.187 0.0000000000
61988  -57.816  1.120  -13.003 0.0000000000
61989  -58.783  0.906  -12.496 0.0000000000
61990  -59.754  1.505  -12.584 0.0000000000
61991  -61.337  0.897  -12.824 0.0000000000
61995  -55.892  1.251  -14.312 0.0000000000
61996  -57.395  1.830  -13.749 0.0000000000
61997  -58.089  1.732  -13.307 0.0000000000
61998  -61.549  0.953  -13.732 0.0000000000
62002  -60.055  0.665  -15.407 0.0000000000
62003  -61.211  0.704  -14.614 0.0000000000
62880  -60.347  1.358  -12.524 0.0000000000
62881  -60.929  1.487  -12.774 0.0000000000
62884  -58.548  1.649  -13.064 0.0000000000
62885  -59.447  2.195  -13.069 0.0000000000
62886  -60.452  2.098  -12.965 0.0000000000
62887  -61.248  1.959  -13.648 0.0000000000
62890  -58.748  2.392  -13.513 0.0000000000
62892  -61.489  1.633  -14.762 0.0000000000
62895  -60.991  1.232  -15.422 0.0000000000
105000  -56.701  -0.492  -16.193 0.0000000000
