#!ascii label  , from subject FREESURFER vox2ras=TkReg 
112
44374  -43.659  -17.210  -6.097 0.0000000000
44375  -44.562  -17.295  -5.986 0.0000000000
45423  -46.926  -16.050  -6.642 0.0000000000
45424  -47.725  -16.103  -6.594 0.0000000000
45425  -48.239  -16.066  -6.526 0.0000000000
45439  -43.273  -16.393  -6.467 0.0000000000
45440  -44.240  -16.424  -6.433 0.0000000000
45441  -45.273  -16.534  -6.344 0.0000000000
45442  -46.291  -16.716  -6.339 0.0000000000
45443  -47.238  -16.816  -6.484 0.0000000000
45444  -48.314  -16.596  -6.618 0.0000000000
46350  -46.795  -15.524  -6.713 0.0000000000
46351  -47.314  -15.462  -6.678 0.0000000000
46352  -48.143  -15.461  -6.532 0.0000000000
46362  -42.841  -15.578  -6.643 0.0000000000
46363  -43.777  -15.462  -6.739 0.0000000000
46364  -44.839  -15.516  -6.707 0.0000000000
46365  -46.092  -15.524  -6.746 0.0000000000
46366  -48.623  -15.978  -6.439 0.0000000000
46372  -42.576  -14.902  -6.656 0.0000000000
46373  -43.202  -14.877  -6.730 0.0000000000
46374  -43.725  -14.685  -6.758 0.0000000000
47191  -46.816  -15.050  -6.787 0.0000000000
47192  -47.394  -14.541  -6.668 0.0000000000
47193  -48.398  -14.508  -6.444 0.0000000000
47204  -42.109  -14.330  -6.621 0.0000000000
47205  -44.309  -14.620  -6.783 0.0000000000
47206  -45.272  -14.408  -6.786 0.0000000000
47207  -46.428  -14.189  -6.754 0.0000000000
47208  -47.035  -13.709  -6.607 0.0000000000
47213  -42.847  -14.278  -6.637 0.0000000000
47214  -43.433  -14.281  -6.653 0.0000000000
47215  -43.907  -14.129  -6.651 0.0000000000
47978  -47.148  -13.066  -6.441 0.0000000000
47979  -47.506  -13.435  -6.497 0.0000000000
47980  -48.640  -13.563  -6.310 0.0000000000
47991  -41.599  -13.493  -6.458 0.0000000000
47992  -42.581  -13.414  -6.435 0.0000000000
47993  -43.433  -13.205  -6.299 0.0000000000
47994  -44.325  -13.492  -6.464 0.0000000000
47995  -45.578  -13.178  -6.431 0.0000000000
47996  -46.741  -13.056  -6.426 0.0000000000
47997  -47.093  -13.388  -6.515 0.0000000000
48002  -43.196  -13.800  -6.555 0.0000000000
48003  -43.710  -13.804  -6.548 0.0000000000
48004  -43.971  -13.825  -6.563 0.0000000000
48741  -47.209  -12.762  -6.402 0.0000000000
48742  -47.825  -12.495  -6.370 0.0000000000
48743  -48.868  -12.688  -6.219 0.0000000000
48755  -42.010  -12.616  -5.883 0.0000000000
48756  -42.941  -12.619  -5.604 0.0000000000
48757  -43.877  -12.434  -5.565 0.0000000000
48758  -44.849  -12.204  -5.772 0.0000000000
48759  -45.855  -12.025  -6.069 0.0000000000
48760  -46.858  -11.930  -6.241 0.0000000000
48761  -47.513  -11.569  -6.243 0.0000000000
49576  -48.196  -11.834  -6.319 0.0000000000
49577  -48.977  -11.719  -6.276 0.0000000000
49589  -43.340  -12.033  -4.604 0.0000000000
49590  -44.348  -11.578  -4.626 0.0000000000
49591  -45.387  -11.342  -5.110 0.0000000000
49592  -46.162  -11.147  -5.709 0.0000000000
49593  -46.962  -10.951  -5.985 0.0000000000
49594  -47.887  -10.913  -6.172 0.0000000000
49595  -48.618  -10.720  -6.269 0.0000000000
50555  -44.713  -10.544  -5.010 0.0000000000
50556  -45.544  -10.387  -5.754 0.0000000000
50557  -46.386  -10.422  -6.018 0.0000000000
50558  -47.159  -9.938  -6.009 0.0000000000
50559  -48.113  -9.975  -6.058 0.0000000000
50560  -48.966  -10.085  -6.318 0.0000000000
50569  -45.685  -9.950  -6.351 0.0000000000
50570  -46.123  -9.982  -6.315 0.0000000000
50571  -46.572  -9.891  -6.208 0.0000000000
51587  -44.778  -9.960  -5.863 0.0000000000
51588  -47.231  -9.379  -6.480 0.0000000000
51589  -47.697  -9.374  -6.395 0.0000000000
51590  -48.484  -9.147  -6.503 0.0000000000
51591  -49.542  -9.422  -6.496 0.0000000000
51610  -45.232  -9.792  -6.718 0.0000000000
51611  -45.944  -9.699  -6.897 0.0000000000
51612  -46.729  -9.341  -6.861 0.0000000000
51613  -47.480  -8.975  -6.772 0.0000000000
51614  -47.939  -8.926  -6.652 0.0000000000
51630  -44.855  -9.316  -7.776 0.0000000000
51631  -45.712  -9.326  -7.590 0.0000000000
51632  -46.238  -9.293  -7.365 0.0000000000
52684  -48.574  -8.683  -6.742 0.0000000000
52685  -49.085  -8.630  -6.755 0.0000000000
52686  -50.204  -8.633  -6.658 0.0000000000
52700  -46.857  -8.915  -7.409 0.0000000000
52701  -47.262  -8.711  -7.333 0.0000000000
52702  -48.287  -8.411  -7.069 0.0000000000
52703  -49.652  -7.800  -7.345 0.0000000000
52704  -50.919  -7.875  -7.029 0.0000000000
52722  -45.492  -8.865  -8.515 0.0000000000
52723  -46.654  -8.773  -8.078 0.0000000000
52724  -47.790  -8.171  -8.004 0.0000000000
52725  -48.816  -7.500  -8.070 0.0000000000
52726  -49.519  -7.329  -7.892 0.0000000000
52743  -46.111  -8.509  -9.263 0.0000000000
52744  -46.834  -8.352  -9.209 0.0000000000
52745  -47.598  -8.014  -9.049 0.0000000000
52746  -48.194  -7.744  -8.550 0.0000000000
53853  -49.992  -7.219  -7.891 0.0000000000
53854  -50.678  -7.316  -7.721 0.0000000000
53869  -49.230  -7.206  -8.720 0.0000000000
53870  -49.744  -7.087  -8.416 0.0000000000
53871  -50.532  -6.972  -8.302 0.0000000000
53888  -48.628  -7.412  -9.165 0.0000000000
53889  -49.717  -6.844  -9.334 0.0000000000
53890  -50.494  -6.697  -8.862 0.0000000000
