#!ascii label  , from subject FREESURFER vox2ras=TkReg 
191
30999  -52.154  -33.765  13.378 0.0000000000
31796  -54.021  -32.586  15.303 0.0000000000
31797  -54.642  -32.692  15.455 0.0000000000
31821  -51.926  -32.405  14.347 0.0000000000
31822  -52.381  -32.582  14.472 0.0000000000
31823  -53.609  -32.932  14.903 0.0000000000
31843  -51.593  -32.709  14.024 0.0000000000
31844  -52.690  -33.371  14.102 0.0000000000
31845  -53.512  -33.798  14.143 0.0000000000
32539  -56.731  -31.433  17.862 0.0000000000
32540  -57.017  -31.297  17.818 0.0000000000
32547  -55.420  -31.722  16.834 0.0000000000
32561  -53.038  -31.500  15.409 0.0000000000
32562  -53.956  -32.064  15.567 0.0000000000
32563  -55.091  -32.187  16.099 0.0000000000
32584  -49.930  -31.200  14.420 0.0000000000
32585  -50.901  -31.376  14.580 0.0000000000
32586  -51.818  -31.911  14.580 0.0000000000
32587  -52.720  -32.071  14.935 0.0000000000
32588  -53.300  -32.147  15.197 0.0000000000
32606  -50.635  -31.960  14.116 0.0000000000
32607  -51.242  -31.981  14.308 0.0000000000
33325  -56.188  -30.018  19.506 0.0000000000
33326  -56.429  -30.073  19.552 0.0000000000
33336  -55.446  -30.130  18.907 0.0000000000
33337  -55.897  -30.205  19.226 0.0000000000
33338  -56.697  -30.397  19.274 0.0000000000
33346  -55.279  -30.328  18.533 0.0000000000
33347  -56.015  -30.961  18.555 0.0000000000
33348  -56.895  -30.722  18.440 0.0000000000
33357  -52.768  -30.202  16.185 0.0000000000
33358  -53.269  -30.324  16.440 0.0000000000
33359  -54.600  -30.731  17.329 0.0000000000
33360  -55.874  -31.478  17.630 0.0000000000
33361  -57.008  -30.851  17.572 0.0000000000
33374  -50.608  -30.027  15.400 0.0000000000
33375  -51.113  -30.173  15.481 0.0000000000
33376  -52.397  -30.459  15.773 0.0000000000
33377  -53.641  -31.045  16.076 0.0000000000
33378  -54.525  -31.518  16.346 0.0000000000
33392  -49.224  -30.525  14.722 0.0000000000
33393  -50.303  -30.375  15.075 0.0000000000
33394  -51.461  -30.932  15.094 0.0000000000
33395  -52.278  -31.360  15.136 0.0000000000
34143  -56.166  -29.671  19.605 0.0000000000
34144  -56.954  -29.829  19.805 0.0000000000
34154  -55.155  -29.753  18.851 0.0000000000
34155  -55.665  -29.788  19.305 0.0000000000
34156  -57.382  -29.956  19.109 0.0000000000
34166  -53.924  -29.529  17.719 0.0000000000
34167  -54.502  -30.000  18.098 0.0000000000
34168  -56.990  -29.960  18.030 0.0000000000
34179  -51.143  -29.092  16.316 0.0000000000
34180  -52.023  -29.353  16.420 0.0000000000
34181  -52.699  -29.857  16.410 0.0000000000
34182  -53.537  -29.831  17.114 0.0000000000
34183  -54.101  -30.034  17.565 0.0000000000
34184  -56.263  -29.160  16.186 0.0000000000
34185  -56.637  -29.924  16.828 0.0000000000
34197  -49.355  -29.494  15.548 0.0000000000
34198  -50.434  -29.548  15.641 0.0000000000
34199  -51.534  -29.740  15.941 0.0000000000
34200  -52.144  -29.853  16.126 0.0000000000
34211  -49.292  -29.978  15.135 0.0000000000
34212  -49.836  -29.807  15.314 0.0000000000
34979  -55.143  -28.540  19.540 0.0000000000
34980  -55.672  -28.827  19.735 0.0000000000
34981  -56.706  -29.008  20.076 0.0000000000
34991  -54.016  -28.457  18.498 0.0000000000
34992  -54.662  -28.711  18.987 0.0000000000
34993  -55.460  -29.373  19.331 0.0000000000
34994  -57.256  -28.996  19.563 0.0000000000
35004  -48.738  -28.646  17.712 0.0000000000
35005  -49.253  -28.275  17.275 0.0000000000
35006  -51.847  -28.087  17.516 0.0000000000
35007  -52.563  -28.391  17.556 0.0000000000
35008  -53.628  -28.741  17.983 0.0000000000
35009  -54.377  -29.335  18.295 0.0000000000
35010  -56.111  -28.236  17.308 0.0000000000
35011  -56.795  -28.953  18.429 0.0000000000
35021  -48.799  -28.765  16.713 0.0000000000
35022  -49.794  -28.427  16.747 0.0000000000
35023  -50.744  -28.474  16.774 0.0000000000
35024  -51.768  -28.613  16.947 0.0000000000
35025  -52.828  -29.115  17.061 0.0000000000
35026  -53.461  -29.298  17.445 0.0000000000
35027  -55.136  -27.954  15.774 0.0000000000
35028  -55.883  -28.466  16.186 0.0000000000
35029  -56.442  -29.117  17.176 0.0000000000
35036  -48.778  -29.214  15.969 0.0000000000
35037  -49.559  -28.932  16.062 0.0000000000
35038  -50.344  -28.854  16.270 0.0000000000
35039  -54.210  -27.988  14.922 0.0000000000
35040  -54.911  -28.195  15.080 0.0000000000
35041  -55.486  -28.424  15.243 0.0000000000
35763  -55.813  -27.485  20.561 0.0000000000
35764  -56.722  -27.609  20.794 0.0000000000
35765  -57.218  -27.387  20.627 0.0000000000
35776  -54.087  -27.446  19.344 0.0000000000
35777  -55.111  -28.032  19.776 0.0000000000
35778  -56.279  -28.221  20.332 0.0000000000
35779  -57.091  -27.970  20.116 0.0000000000
35786  -49.133  -28.054  18.226 0.0000000000
35787  -49.760  -27.337  18.583 0.0000000000
35788  -50.353  -27.053  18.397 0.0000000000
35789  -51.921  -27.196  18.335 0.0000000000
35790  -52.769  -27.468  18.453 0.0000000000
35791  -53.747  -27.982  18.631 0.0000000000
35792  -54.402  -28.035  19.179 0.0000000000
35793  -56.262  -27.267  18.485 0.0000000000
35794  -56.879  -28.087  19.071 0.0000000000
35799  -49.130  -28.147  17.706 0.0000000000
35800  -49.633  -27.822  17.693 0.0000000000
35801  -50.548  -27.384  17.875 0.0000000000
35802  -51.498  -27.583  17.833 0.0000000000
35803  -52.267  -27.801  17.945 0.0000000000
35804  -53.010  -28.047  18.059 0.0000000000
35805  -54.708  -26.912  17.005 0.0000000000
35806  -55.445  -27.307  17.421 0.0000000000
35807  -56.324  -27.979  18.162 0.0000000000
35811  -49.710  -28.092  17.210 0.0000000000
35812  -50.246  -27.981  17.225 0.0000000000
35813  -51.121  -27.990  17.318 0.0000000000
35814  -53.861  -27.025  16.044 0.0000000000
35815  -54.483  -27.274  16.315 0.0000000000
35816  -55.440  -27.817  16.574 0.0000000000
35820  -52.417  -26.884  15.048 0.0000000000
35821  -53.536  -27.175  15.457 0.0000000000
35822  -54.445  -27.729  15.484 0.0000000000
35829  -52.745  -27.524  14.743 0.0000000000
35830  -53.546  -27.836  14.757 0.0000000000
36552  -55.560  -26.876  20.624 0.0000000000
36553  -56.206  -26.976  20.942 0.0000000000
36554  -56.979  -26.985  20.942 0.0000000000
36562  -50.406  -26.439  19.600 0.0000000000
36563  -50.876  -26.338  19.205 0.0000000000
36564  -52.744  -26.407  19.328 0.0000000000
36565  -53.345  -26.613  19.428 0.0000000000
36566  -54.681  -26.830  20.110 0.0000000000
36567  -56.527  -26.256  19.629 0.0000000000
36568  -57.172  -26.707  20.083 0.0000000000
36574  -49.972  -26.938  19.292 0.0000000000
36575  -50.455  -26.740  18.854 0.0000000000
36576  -51.355  -26.609  18.752 0.0000000000
36577  -52.412  -26.647  18.982 0.0000000000
36578  -53.270  -27.210  18.937 0.0000000000
36579  -55.094  -26.013  18.302 0.0000000000
36580  -55.923  -26.300  18.882 0.0000000000
36581  -56.878  -27.258  19.342 0.0000000000
36587  -50.771  -26.931  18.379 0.0000000000
36588  -51.221  -27.113  18.195 0.0000000000
36589  -53.945  -25.878  16.871 0.0000000000
36590  -54.657  -26.246  17.559 0.0000000000
36591  -55.540  -26.800  18.109 0.0000000000
36596  -53.114  -26.061  15.727 0.0000000000
36597  -53.773  -26.421  16.279 0.0000000000
36598  -54.363  -26.745  16.781 0.0000000000
36604  -52.767  -26.402  15.429 0.0000000000
36605  -53.292  -26.519  15.696 0.0000000000
37350  -50.839  -25.897  20.008 0.0000000000
37351  -51.765  -25.323  20.442 0.0000000000
37352  -53.039  -25.190  20.268 0.0000000000
37353  -54.163  -25.346  20.403 0.0000000000
37354  -55.340  -26.070  20.687 0.0000000000
37355  -56.460  -26.400  21.214 0.0000000000
37356  -57.307  -26.382  21.068 0.0000000000
37373  -50.863  -26.126  19.541 0.0000000000
37374  -51.477  -26.064  19.463 0.0000000000
37375  -52.539  -25.996  19.591 0.0000000000
37376  -53.698  -25.964  19.949 0.0000000000
37377  -54.467  -26.039  20.258 0.0000000000
37378  -56.393  -25.723  19.744 0.0000000000
37379  -57.061  -26.095  20.346 0.0000000000
37389  -51.802  -26.355  19.083 0.0000000000
37390  -52.034  -26.224  19.250 0.0000000000
37391  -54.859  -25.494  18.403 0.0000000000
37392  -55.457  -25.366  19.097 0.0000000000
37398  -53.946  -25.347  17.159 0.0000000000
37399  -54.284  -25.255  17.752 0.0000000000
37404  -53.189  -25.633  15.995 0.0000000000
37405  -53.535  -25.454  16.530 0.0000000000
38139  -56.297  -25.039  19.847 0.0000000000
38140  -57.005  -25.408  20.427 0.0000000000
38154  -54.960  -24.756  18.760 0.0000000000
38155  -55.631  -24.638  19.389 0.0000000000
38167  -53.975  -24.704  17.427 0.0000000000
38168  -54.363  -24.488  18.072 0.0000000000
38850  -56.367  -24.508  19.740 0.0000000000
38851  -57.220  -24.048  19.910 0.0000000000
38875  -54.988  -23.958  18.623 0.0000000000
38876  -55.992  -23.578  19.067 0.0000000000
