#!ascii label  , from subject FREESURFER vox2ras=TkReg 
168
71125  -20.633  12.269  41.979 0.0000000000
71132  -20.688  12.054  40.923 0.0000000000
71138  -20.634  11.858  39.853 0.0000000000
71139  -21.155  11.765  39.281 0.0000000000
71911  -15.616  12.606  44.849 0.0000000000
71913  -17.355  12.154  43.911 0.0000000000
71917  -18.304  12.053  43.590 0.0000000000
71918  -19.202  12.154  43.480 0.0000000000
71919  -19.982  12.210  43.193 0.0000000000
71922  -19.257  12.805  42.677 0.0000000000
71923  -19.935  12.559  42.283 0.0000000000
71925  -18.130  13.538  40.839 0.0000000000
71926  -18.904  13.226  41.402 0.0000000000
71927  -19.768  12.511  41.135 0.0000000000
71933  -18.268  13.339  40.461 0.0000000000
71934  -18.790  12.843  40.180 0.0000000000
71935  -19.770  12.209  39.986 0.0000000000
71942  -19.128  12.675  39.268 0.0000000000
71943  -20.117  12.226  38.781 0.0000000000
71944  -21.270  12.057  38.402 0.0000000000
71953  -20.664  12.567  37.923 0.0000000000
72733  -12.993  12.933  45.419 0.0000000000
72734  -13.651  12.856  45.603 0.0000000000
72735  -14.252  12.651  45.581 0.0000000000
72736  -12.754  13.406  44.607 0.0000000000
72737  -13.405  13.566  45.051 0.0000000000
72738  -14.623  13.236  44.918 0.0000000000
72739  -16.266  13.231  44.007 0.0000000000
72740  -16.983  12.602  43.955 0.0000000000
72741  -12.800  13.356  43.130 0.0000000000
72743  -17.113  13.982  43.168 0.0000000000
72744  -17.725  12.931  43.551 0.0000000000
72745  -18.513  12.479  43.417 0.0000000000
72748  -16.728  14.489  41.592 0.0000000000
72749  -17.164  14.206  42.042 0.0000000000
72750  -17.986  13.723  42.693 0.0000000000
72751  -18.598  12.942  43.071 0.0000000000
72754  -16.670  14.684  41.330 0.0000000000
72755  -17.003  14.322  41.029 0.0000000000
72756  -17.907  13.758  41.481 0.0000000000
72757  -18.607  13.406  42.295 0.0000000000
72759  -17.008  14.389  40.349 0.0000000000
72760  -17.463  13.746  40.141 0.0000000000
72761  -18.081  13.226  39.966 0.0000000000
72766  -17.619  13.956  39.293 0.0000000000
72767  -18.230  13.453  39.203 0.0000000000
72768  -19.159  13.196  38.445 0.0000000000
72774  -19.939  13.124  37.834 0.0000000000
73519  -13.159  14.035  44.568 0.0000000000
73520  -13.885  14.191  44.356 0.0000000000
73521  -15.164  14.128  43.861 0.0000000000
73522  -16.195  14.160  43.334 0.0000000000
73523  -13.061  14.534  43.642 0.0000000000
73524  -14.328  14.831  43.241 0.0000000000
73525  -15.584  14.588  42.835 0.0000000000
73526  -16.502  14.401  42.508 0.0000000000
73527  -12.398  14.724  42.680 0.0000000000
73528  -15.177  15.126  42.416 0.0000000000
73529  -16.133  14.868  41.766 0.0000000000
73530  -16.627  14.451  41.940 0.0000000000
73531  -12.646  14.874  41.380 0.0000000000
73533  -16.676  15.051  40.989 0.0000000000
73534  -16.837  14.752  40.510 0.0000000000
73537  -16.741  15.223  40.436 0.0000000000
73538  -16.861  14.846  39.807 0.0000000000
73539  -17.300  14.358  39.320 0.0000000000
73542  -17.107  14.938  38.877 0.0000000000
73543  -17.743  14.451  38.677 0.0000000000
73544  -18.590  14.234  38.151 0.0000000000
73545  -19.359  13.833  37.810 0.0000000000
73548  -19.268  14.578  37.576 0.0000000000
73549  -20.043  14.115  37.298 0.0000000000
74288  -11.714  16.612  42.932 0.0000000000
74289  -12.384  15.912  43.157 0.0000000000
74290  -13.474  15.783  43.178 0.0000000000
74291  -11.531  16.612  42.076 0.0000000000
74292  -11.815  15.731  42.354 0.0000000000
74293  -14.543  15.754  42.586 0.0000000000
74294  -15.441  15.823  41.979 0.0000000000
74295  -11.685  16.815  41.442 0.0000000000
74296  -12.173  16.178  41.003 0.0000000000
74297  -16.288  15.969  41.139 0.0000000000
74298  -16.474  16.464  40.617 0.0000000000
74300  -16.676  15.547  40.705 0.0000000000
74301  -16.737  15.944  40.196 0.0000000000
74304  -16.956  15.801  39.059 0.0000000000
74305  -17.658  15.497  38.215 0.0000000000
74306  -18.093  14.878  38.095 0.0000000000
74309  -18.087  15.830  37.864 0.0000000000
74310  -18.606  15.412  37.709 0.0000000000
74311  -19.820  15.291  37.097 0.0000000000
75087  -11.866  17.212  43.083 0.0000000000
75088  -12.135  16.912  43.315 0.0000000000
75089  -12.934  16.728  43.278 0.0000000000
75090  -11.710  17.254  42.464 0.0000000000
75091  -14.111  16.779  42.541 0.0000000000
75092  -14.865  16.304  42.192 0.0000000000
75093  -11.629  17.293  41.663 0.0000000000
75094  -11.836  17.235  40.906 0.0000000000
75095  -14.513  17.387  41.860 0.0000000000
75096  -15.205  16.882  41.587 0.0000000000
75097  -16.022  16.993  40.790 0.0000000000
75098  -12.502  17.136  39.974 0.0000000000
75099  -16.620  16.986  40.279 0.0000000000
75101  -17.097  16.764  39.532 0.0000000000
75102  -17.657  16.650  38.486 0.0000000000
75103  -18.688  17.101  38.233 0.0000000000
75104  -19.311  17.324  38.171 0.0000000000
75107  -17.847  16.101  37.962 0.0000000000
75108  -18.325  16.326  37.856 0.0000000000
75109  -19.148  16.718  37.462 0.0000000000
75862  -12.133  17.318  43.147 0.0000000000
75863  -12.549  17.341  43.027 0.0000000000
75864  -13.266  17.347  42.729 0.0000000000
75865  -12.370  17.713  42.470 0.0000000000
75866  -13.069  17.970  42.248 0.0000000000
75867  -13.880  17.849  41.875 0.0000000000
75868  -12.038  17.984  41.703 0.0000000000
75869  -11.767  17.847  41.135 0.0000000000
75870  -14.679  17.978  41.390 0.0000000000
75871  -15.454  17.940  41.013 0.0000000000
75872  -16.175  17.926  40.565 0.0000000000
75873  -12.031  18.391  41.043 0.0000000000
75874  -12.092  18.188  40.398 0.0000000000
75875  -16.969  17.879  39.918 0.0000000000
75876  -17.655  18.005  39.455 0.0000000000
75877  -12.709  18.207  39.237 0.0000000000
75879  -17.521  17.377  39.255 0.0000000000
75880  -18.179  17.671  38.883 0.0000000000
75881  -19.165  17.760  38.649 0.0000000000
75882  -19.712  17.653  38.189 0.0000000000
76599  -12.727  18.652  41.692 0.0000000000
76600  -13.119  18.729  41.918 0.0000000000
76601  -13.912  19.098  41.975 0.0000000000
76602  -14.296  19.733  41.885 0.0000000000
76603  -12.450  18.765  41.269 0.0000000000
76604  -14.412  18.630  41.711 0.0000000000
76605  -15.049  19.282  41.470 0.0000000000
76606  -15.753  18.613  40.944 0.0000000000
76607  -12.348  19.013  40.789 0.0000000000
76608  -12.467  19.225  40.040 0.0000000000
76609  -15.546  19.911  40.783 0.0000000000
76610  -16.145  19.097  40.538 0.0000000000
76611  -17.521  18.947  39.802 0.0000000000
76612  -18.776  19.112  39.633 0.0000000000
76613  -19.500  19.137  39.539 0.0000000000
76614  -13.050  19.328  39.290 0.0000000000
76616  -18.002  18.236  39.337 0.0000000000
76617  -18.625  18.351  39.245 0.0000000000
76618  -19.777  18.477  39.068 0.0000000000
77369  -12.912  19.055  41.590 0.0000000000
77370  -13.055  19.231  41.671 0.0000000000
77371  -13.447  19.566  41.827 0.0000000000
77372  -13.913  19.938  42.048 0.0000000000
77373  -12.828  19.197  41.419 0.0000000000
77374  -13.025  19.654  41.509 0.0000000000
77375  -13.511  20.088  41.593 0.0000000000
77376  -14.247  20.088  41.574 0.0000000000
77377  -12.711  19.334  41.168 0.0000000000
77378  -12.892  19.799  40.897 0.0000000000
77379  -13.716  20.273  40.850 0.0000000000
77380  -14.802  20.253  40.687 0.0000000000
77381  -16.186  20.514  40.173 0.0000000000
77382  -17.865  20.086  40.025 0.0000000000
77385  -13.121  19.899  40.146 0.0000000000
77386  -13.889  20.035  39.716 0.0000000000
77387  -14.873  20.461  39.458 0.0000000000
77388  -15.589  20.845  38.868 0.0000000000
