#!ascii label  , from subject FREESURFER vox2ras=TkReg 
158
84627  -22.999  33.076  18.356 0.0000000000
84628  -23.599  32.763  18.028 0.0000000000
84629  -24.261  32.454  17.777 0.0000000000
84638  -23.013  33.186  17.688 0.0000000000
84639  -23.577  33.028  17.267 0.0000000000
84640  -24.463  32.683  16.905 0.0000000000
85079  -21.330  34.127  18.766 0.0000000000
85080  -21.864  33.602  19.255 0.0000000000
85089  -21.048  34.339  17.954 0.0000000000
85090  -21.366  34.089  18.358 0.0000000000
85098  -20.950  34.563  17.392 0.0000000000
85099  -21.089  34.427  17.568 0.0000000000
85100  -23.673  33.549  16.437 0.0000000000
85101  -24.342  33.150  16.374 0.0000000000
85112  -23.867  33.930  15.969 0.0000000000
85569  -20.485  35.029  18.860 0.0000000000
85570  -21.066  34.446  19.256 0.0000000000
85579  -20.374  35.028  17.943 0.0000000000
85580  -20.818  34.545  18.354 0.0000000000
85587  -20.380  35.181  17.257 0.0000000000
85588  -20.696  34.740  17.460 0.0000000000
85596  -20.563  35.139  16.851 0.0000000000
85597  -20.880  34.983  16.710 0.0000000000
85598  -22.764  34.261  16.241 0.0000000000
85599  -23.417  34.171  15.961 0.0000000000
85610  -21.170  35.486  15.898 0.0000000000
85611  -23.006  34.715  15.667 0.0000000000
85612  -23.934  34.468  15.590 0.0000000000
86093  -19.915  36.316  19.054 0.0000000000
86094  -20.156  35.968  19.410 0.0000000000
86103  -19.871  36.255  18.647 0.0000000000
86104  -20.100  35.619  18.358 0.0000000000
86112  -19.813  36.149  17.824 0.0000000000
86113  -20.095  35.569  17.497 0.0000000000
86122  -19.857  36.085  17.089 0.0000000000
86123  -20.237  35.687  16.642 0.0000000000
86124  -20.655  35.427  16.347 0.0000000000
86133  -20.537  35.896  15.911 0.0000000000
86134  -21.010  35.651  15.720 0.0000000000
86135  -21.518  35.916  15.257 0.0000000000
86136  -23.412  35.286  15.060 0.0000000000
86149  -20.814  36.142  15.240 0.0000000000
86150  -21.437  36.205  14.854 0.0000000000
86151  -22.275  36.311  14.423 0.0000000000
86152  -23.369  36.373  14.050 0.0000000000
86153  -24.305  36.318  14.102 0.0000000000
86609  -19.776  36.811  19.124 0.0000000000
86610  -20.015  36.635  19.738 0.0000000000
86617  -19.642  36.857  18.152 0.0000000000
86627  -19.645  36.763  17.263 0.0000000000
86637  -19.847  36.564  16.344 0.0000000000
86638  -20.213  36.138  16.079 0.0000000000
86647  -19.890  36.868  15.794 0.0000000000
86648  -20.246  36.565  15.479 0.0000000000
86658  -20.912  36.738  14.370 0.0000000000
86659  -21.960  36.500  13.955 0.0000000000
86660  -22.962  36.432  13.750 0.0000000000
86661  -23.924  36.376  13.742 0.0000000000
86671  -21.047  37.262  13.778 0.0000000000
86672  -21.647  37.084  13.309 0.0000000000
86673  -22.631  36.651  13.125 0.0000000000
86674  -23.617  36.493  13.113 0.0000000000
86675  -24.520  36.430  13.292 0.0000000000
86682  -21.904  37.409  12.710 0.0000000000
86683  -22.411  37.175  12.614 0.0000000000
86684  -23.410  36.991  12.331 0.0000000000
86685  -24.329  36.643  12.577 0.0000000000
86691  -23.826  37.264  11.812 0.0000000000
87114  -19.586  37.812  19.483 0.0000000000
87124  -19.482  37.692  18.526 0.0000000000
87134  -19.474  37.610  17.581 0.0000000000
87142  -19.562  37.474  16.675 0.0000000000
87149  -19.712  37.318  15.950 0.0000000000
87150  -19.927  37.161  15.499 0.0000000000
87158  -19.800  37.708  15.487 0.0000000000
87159  -20.165  37.484  14.889 0.0000000000
87168  -20.646  37.669  14.076 0.0000000000
87169  -21.073  37.779  13.419 0.0000000000
87177  -21.556  37.837  12.816 0.0000000000
87178  -22.232  37.886  12.353 0.0000000000
87179  -22.861  37.549  12.152 0.0000000000
87187  -22.863  38.135  11.935 0.0000000000
87188  -23.443  37.740  11.597 0.0000000000
87655  -19.339  38.620  18.912 0.0000000000
87663  -19.337  38.532  17.942 0.0000000000
87670  -19.390  38.428  16.981 0.0000000000
87677  -19.543  38.263  16.002 0.0000000000
87686  -19.812  38.403  15.152 0.0000000000
87687  -20.246  38.459  14.428 0.0000000000
87695  -20.715  38.546  13.722 0.0000000000
87696  -21.214  38.608  13.077 0.0000000000
87703  -21.814  38.670  12.535 0.0000000000
87704  -22.538  38.776  12.117 0.0000000000
87713  -23.156  38.772  11.324 0.0000000000
87714  -23.573  38.222  11.036 0.0000000000
87721  -23.304  39.319  10.670 0.0000000000
88163  -19.314  39.552  19.310 0.0000000000
88169  -19.318  39.486  18.329 0.0000000000
88177  -19.330  39.419  17.348 0.0000000000
88184  -19.401  39.342  16.372 0.0000000000
88191  -19.599  39.274  15.502 0.0000000000
88199  -19.957  39.327  14.769 0.0000000000
88200  -20.467  39.417  14.092 0.0000000000
88208  -20.969  39.453  13.414 0.0000000000
88209  -21.497  39.500  12.802 0.0000000000
88217  -22.125  39.548  12.320 0.0000000000
88218  -22.680  39.622  11.790 0.0000000000
88226  -22.991  39.806  11.117 0.0000000000
88235  -23.147  39.972  10.437 0.0000000000
88677  -19.376  40.484  19.714 0.0000000000
88682  -19.332  40.436  18.725 0.0000000000
88689  -19.401  40.390  17.734 0.0000000000
88696  -19.503  40.366  16.733 0.0000000000
88704  -19.677  40.300  15.766 0.0000000000
88705  -20.105  40.596  15.230 0.0000000000
88712  -19.802  40.005  15.112 0.0000000000
88713  -20.345  40.355  14.583 0.0000000000
88719  -20.798  40.330  13.756 0.0000000000
88720  -21.235  40.315  13.105 0.0000000000
88728  -21.734  40.418  12.463 0.0000000000
88729  -22.323  40.231  12.056 0.0000000000
88735  -22.070  40.912  11.860 0.0000000000
88736  -22.563  40.421  11.480 0.0000000000
88745  -22.163  41.108  11.070 0.0000000000
88746  -22.701  40.532  10.720 0.0000000000
88754  -22.131  41.028  10.207 0.0000000000
89259  -19.405  41.431  20.134 0.0000000000
89266  -19.361  41.368  19.133 0.0000000000
89273  -19.450  41.355  18.111 0.0000000000
89280  -19.707  41.288  17.142 0.0000000000
89286  -20.111  41.341  16.126 0.0000000000
89287  -20.580  41.990  15.675 0.0000000000
89294  -20.131  40.913  15.563 0.0000000000
89295  -20.523  41.442  15.092 0.0000000000
89302  -20.767  41.272  14.061 0.0000000000
89308  -20.992  41.069  13.335 0.0000000000
89309  -21.242  41.017  12.786 0.0000000000
89316  -20.886  41.654  11.923 0.0000000000
89317  -21.467  41.237  12.218 0.0000000000
89324  -21.466  41.382  11.463 0.0000000000
89887  -19.413  42.272  19.548 0.0000000000
89892  -19.547  42.227  18.564 0.0000000000
89897  -19.998  42.332  17.429 0.0000000000
89898  -20.538  42.954  16.937 0.0000000000
89904  -20.106  41.871  16.752 0.0000000000
89905  -20.580  42.528  16.278 0.0000000000
89910  -20.809  42.630  15.215 0.0000000000
89917  -20.772  42.358  14.305 0.0000000000
89924  -20.754  41.937  13.313 0.0000000000
89925  -20.960  41.394  13.001 0.0000000000
89934  -20.931  41.525  12.611 0.0000000000
90545  -19.633  43.032  19.000 0.0000000000
90546  -20.237  43.611  18.475 0.0000000000
90551  -19.934  42.927  18.197 0.0000000000
90552  -20.498  43.402  17.494 0.0000000000
90558  -20.944  43.580  16.509 0.0000000000
91168  -20.813  44.231  17.838 0.0000000000
91173  -21.019  44.195  16.997 0.0000000000
