#!ascii label  , from subject FREESURFER vox2ras=TkReg 
97
38341  -47.464  -24.241  -2.206 0.0000000000
38342  -48.480  -24.234  -2.253 0.0000000000
38350  -45.076  -23.916  -2.834 0.0000000000
38351  -45.859  -23.957  -2.876 0.0000000000
38352  -46.732  -24.044  -2.974 0.0000000000
38353  -47.696  -24.119  -3.215 0.0000000000
38354  -48.782  -24.111  -3.088 0.0000000000
38363  -48.260  -24.052  -3.824 0.0000000000
38364  -49.042  -23.943  -3.806 0.0000000000
39038  -43.665  -23.832  -2.847 0.0000000000
39049  -43.308  -23.198  -3.443 0.0000000000
39050  -44.297  -23.602  -3.334 0.0000000000
39051  -45.221  -23.641  -3.577 0.0000000000
39052  -46.082  -23.729  -3.675 0.0000000000
39053  -46.844  -23.874  -3.739 0.0000000000
39065  -43.859  -22.981  -3.918 0.0000000000
39066  -44.564  -23.119  -4.174 0.0000000000
39067  -45.497  -23.269  -4.426 0.0000000000
39068  -46.398  -23.497  -4.400 0.0000000000
39069  -47.414  -23.775  -4.351 0.0000000000
39070  -48.457  -23.851  -4.561 0.0000000000
39071  -49.574  -23.791  -4.399 0.0000000000
39081  -45.962  -23.052  -4.962 0.0000000000
39082  -46.715  -23.156  -5.135 0.0000000000
39083  -47.773  -23.327  -5.342 0.0000000000
39084  -48.859  -23.564  -5.389 0.0000000000
39085  -50.042  -23.472  -5.518 0.0000000000
39104  -48.319  -23.055  -5.916 0.0000000000
39105  -49.257  -23.050  -6.193 0.0000000000
39106  -50.662  -22.915  -6.526 0.0000000000
39843  -42.716  -22.350  -3.905 0.0000000000
39844  -43.419  -22.673  -3.946 0.0000000000
39848  -43.015  -21.860  -4.439 0.0000000000
39849  -43.790  -22.211  -4.557 0.0000000000
39850  -44.942  -22.631  -4.875 0.0000000000
39851  -45.535  -22.821  -4.991 0.0000000000
39856  -44.090  -21.657  -5.037 0.0000000000
39857  -44.619  -21.910  -5.257 0.0000000000
39858  -45.831  -22.294  -5.626 0.0000000000
39859  -47.145  -22.655  -5.833 0.0000000000
39860  -47.803  -22.840  -5.930 0.0000000000
39874  -46.239  -21.692  -6.185 0.0000000000
39875  -46.799  -22.015  -6.335 0.0000000000
39876  -48.109  -22.341  -6.627 0.0000000000
39877  -49.807  -22.474  -6.912 0.0000000000
39893  -48.372  -21.786  -7.242 0.0000000000
39894  -49.152  -21.980  -7.306 0.0000000000
40647  -41.890  -21.808  -3.887 0.0000000000
40654  -42.456  -21.380  -4.416 0.0000000000
40655  -43.205  -21.360  -4.726 0.0000000000
40663  -43.734  -21.288  -4.997 0.0000000000
40664  -44.295  -21.152  -5.346 0.0000000000
40665  -45.067  -21.234  -5.750 0.0000000000
40680  -45.825  -21.220  -6.202 0.0000000000
40681  -46.552  -21.207  -6.592 0.0000000000
40682  -47.225  -21.617  -6.792 0.0000000000
40698  -47.109  -21.013  -6.983 0.0000000000
40699  -47.773  -21.353  -7.270 0.0000000000
40700  -48.676  -21.349  -7.670 0.0000000000
41483  -42.930  -20.458  -4.907 0.0000000000
41484  -43.401  -20.872  -4.969 0.0000000000
41493  -43.333  -19.914  -5.167 0.0000000000
41494  -43.802  -20.359  -5.220 0.0000000000
41495  -44.673  -20.338  -5.665 0.0000000000
41496  -45.440  -20.341  -6.100 0.0000000000
41511  -46.174  -20.352  -6.472 0.0000000000
41512  -46.817  -20.358  -6.839 0.0000000000
41525  -47.420  -20.426  -7.257 0.0000000000
41526  -48.126  -20.543  -7.672 0.0000000000
41527  -48.737  -20.707  -8.077 0.0000000000
42406  -42.936  -19.450  -5.214 0.0000000000
42407  -43.686  -19.415  -5.338 0.0000000000
42408  -44.421  -19.473  -5.544 0.0000000000
42409  -45.231  -19.458  -5.834 0.0000000000
42424  -46.004  -19.459  -6.221 0.0000000000
42425  -46.627  -19.528  -6.658 0.0000000000
42438  -47.166  -19.602  -7.107 0.0000000000
42439  -47.853  -19.636  -7.537 0.0000000000
42440  -48.618  -19.763  -8.242 0.0000000000
43348  -43.422  -18.665  -5.478 0.0000000000
43349  -44.196  -18.687  -5.540 0.0000000000
43350  -45.005  -18.629  -5.641 0.0000000000
43361  -45.892  -18.568  -5.885 0.0000000000
43362  -46.741  -18.555  -6.416 0.0000000000
43363  -47.509  -18.205  -6.915 0.0000000000
43364  -48.099  -18.157  -7.281 0.0000000000
43376  -47.010  -18.890  -6.962 0.0000000000
43377  -47.613  -18.837  -7.278 0.0000000000
43378  -48.390  -18.657  -7.821 0.0000000000
44355  -43.946  -17.958  -5.719 0.0000000000
44356  -44.660  -18.019  -5.663 0.0000000000
44376  -45.501  -17.613  -5.866 0.0000000000
44377  -46.560  -17.653  -6.168 0.0000000000
44378  -47.452  -17.552  -6.606 0.0000000000
44379  -48.390  -17.406  -6.993 0.0000000000
44396  -48.729  -17.723  -7.603 0.0000000000
44418  -49.017  -17.898  -8.259 0.0000000000
